timestamp,unix_time,instrument,price,direction,tick_size,session_id
2026-06-18 13:35:08,1781789708,R_10,4852.433,1,11.84900000000016,BACKFILL_AUTO
2026-06-18 13:35:10,1781789710,R_10,4852.174,-1,0.25900000000001455,BACKFILL_AUTO
2026-06-18 13:35:12,1781789712,R_10,4852.078,-1,0.09599999999954889,BACKFILL_AUTO
2026-06-18 13:35:14,1781789714,R_10,4852.077,-1,0.0010000000002037268,BACKFILL_AUTO
2026-06-18 13:35:16,1781789716,R_10,4852.221,1,0.14399999999932334,BACKFILL_AUTO
2026-06-18 13:35:18,1781789718,R_10,4852.226,1,0.005000000000109139,BACKFILL_AUTO
2026-06-18 13:35:20,1781789720,R_10,4852.115,-1,0.11099999999987631,BACKFILL_AUTO
2026-06-18 13:35:22,1781789722,R_10,4852.165,1,0.0500000000001819,BACKFILL_AUTO
2026-06-18 13:35:24,1781789724,R_10,4852.092,-1,0.07300000000032014,BACKFILL_AUTO
2026-06-18 13:35:26,1781789726,R_10,4852.229,1,0.13700000000062573,BACKFILL_AUTO
2026-06-18 13:35:28,1781789728,R_10,4852.366,1,12.148000000000138,BACKFILL_AUTO
2026-06-18 13:35:30,1781789730,R_10,4852.496,1,0.13000000000010914,BACKFILL_AUTO
2026-06-18 13:35:32,1781789732,R_10,4852.509,1,0.012999999999919964,BACKFILL_AUTO
2026-06-18 13:35:34,1781789734,R_10,4852.598,1,0.08899999999994179,BACKFILL_AUTO
2026-06-18 13:35:36,1781789736,R_10,4852.519,-1,0.07899999999972351,BACKFILL_AUTO
2026-06-18 13:35:38,1781789738,R_10,4852.397,-1,0.12200000000029831,BACKFILL_AUTO
2026-06-18 13:35:40,1781789740,R_10,4852.273,-1,0.12399999999979627,BACKFILL_AUTO
2026-06-18 13:35:42,1781789742,R_10,4852.249,-1,0.02400000000034197,BACKFILL_AUTO
2026-06-18 13:35:44,1781789744,R_10,4852.307,1,0.057999999999992724,BACKFILL_AUTO
2026-06-18 13:35:46,1781789746,R_10,4852.3,-1,0.006999999999607098,BACKFILL_AUTO
2026-06-18 13:35:48,1781789748,R_10,4852.258,1,12.224999999999454,BACKFILL_AUTO
2026-06-18 13:35:50,1781789750,R_10,4852.193,-1,0.06499999999959982,BACKFILL_AUTO
2026-06-18 13:35:52,1781789752,R_10,4852.102,-1,0.09100000000034925,BACKFILL_AUTO
2026-06-18 13:35:54,1781789754,R_10,4852.014,-1,0.08799999999973807,BACKFILL_AUTO
2026-06-18 13:35:56,1781789756,R_10,4851.897,-1,0.11700000000018917,BACKFILL_AUTO
2026-06-18 13:35:58,1781789758,R_10,4851.823,-1,0.07399999999961437,BACKFILL_AUTO
2026-06-18 13:36:00,1781789760,R_10,4851.782,-1,0.04100000000016735,BACKFILL_AUTO
2026-06-18 13:36:02,1781789762,R_10,4851.736,-1,0.046000000000276486,BACKFILL_AUTO
2026-06-18 13:36:04,1781789764,R_10,4851.831,1,0.09500000000025466,BACKFILL_AUTO
2026-06-18 13:36:06,1781789766,R_10,4851.68,-1,0.15099999999983993,BACKFILL_AUTO
2026-06-18 13:36:08,1781789768,R_10,4851.662,1,12.570999999999913,BACKFILL_AUTO
2026-06-18 13:36:10,1781789770,R_10,4851.785,1,0.12299999999959255,BACKFILL_AUTO
2026-06-18 13:36:12,1781789772,R_10,4851.901,1,0.11599999999998545,BACKFILL_AUTO
2026-06-18 13:36:14,1781789774,R_10,4851.853,-1,0.047999999999774445,BACKFILL_AUTO
2026-06-18 13:36:16,1781789776,R_10,4851.763,-1,0.09000000000014552,BACKFILL_AUTO
2026-06-18 13:36:18,1781789778,R_10,4851.85,1,0.08700000000044383,BACKFILL_AUTO
2026-06-18 13:36:20,1781789780,R_10,4851.772,-1,0.07800000000042928,BACKFILL_AUTO
2026-06-18 13:36:22,1781789782,R_10,4851.787,1,0.015000000000327418,BACKFILL_AUTO
2026-06-18 13:36:24,1781789784,R_10,4851.618,-1,0.16899999999986903,BACKFILL_AUTO
2026-06-18 13:36:26,1781789786,R_10,4851.782,1,0.1639999999997599,BACKFILL_AUTO
2026-06-18 13:36:28,1781789788,R_10,4851.994,1,12.527999999999338,BACKFILL_AUTO
2026-06-18 13:36:30,1781789790,R_10,4851.874,-1,0.11999999999989086,BACKFILL_AUTO
2026-06-18 13:36:32,1781789792,R_10,4851.955,1,0.08100000000013097,BACKFILL_AUTO
2026-06-18 13:36:34,1781789794,R_10,4851.983,1,0.028000000000247383,BACKFILL_AUTO
2026-06-18 13:36:36,1781789796,R_10,4851.988,1,0.005000000000109139,BACKFILL_AUTO
2026-06-18 13:36:38,1781789798,R_10,4851.909,-1,0.07900000000063301,BACKFILL_AUTO
2026-06-18 13:36:40,1781789800,R_10,4851.73,-1,0.1790000000000873,BACKFILL_AUTO
2026-06-18 13:36:42,1781789802,R_10,4851.872,1,0.14200000000073487,BACKFILL_AUTO
2026-06-18 13:36:44,1781789804,R_10,4851.852,-1,0.020000000000436557,BACKFILL_AUTO
2026-06-18 13:36:46,1781789806,R_10,4851.866,1,0.014000000000123691,BACKFILL_AUTO
2026-06-18 13:36:48,1781789808,R_10,4851.848,1,12.17699999999968,BACKFILL_AUTO
2026-06-18 13:36:50,1781789810,R_10,4851.889,1,0.04100000000016735,BACKFILL_AUTO
2026-06-18 13:36:52,1781789812,R_10,4851.794,-1,0.09500000000025466,BACKFILL_AUTO
2026-06-18 13:36:54,1781789814,R_10,4851.699,-1,0.09500000000025466,BACKFILL_AUTO
2026-06-18 13:36:56,1781789816,R_10,4851.749,1,0.0500000000001819,BACKFILL_AUTO
2026-06-18 13:36:58,1781789818,R_10,4851.829,1,0.07999999999992724,BACKFILL_AUTO
2026-06-18 13:37:00,1781789820,R_10,4851.62,-1,0.20899999999983265,BACKFILL_AUTO
2026-06-18 13:37:02,1781789822,R_10,4851.65,1,0.02999999999974534,BACKFILL_AUTO
2026-06-18 13:37:04,1781789824,R_10,4851.73,1,0.07999999999992724,BACKFILL_AUTO
2026-06-18 13:37:06,1781789826,R_10,4851.697,-1,0.03299999999944703,BACKFILL_AUTO
2026-06-18 13:37:08,1781789828,R_10,4851.788,1,12.29699999999957,BACKFILL_AUTO
2026-06-18 13:37:10,1781789830,R_10,4851.803,1,0.015000000000327418,BACKFILL_AUTO
2026-06-18 13:37:12,1781789832,R_10,4851.589,-1,0.2139999999999418,BACKFILL_AUTO
2026-06-18 13:37:14,1781789834,R_10,4851.585,-1,0.0039999999999054126,BACKFILL_AUTO
2026-06-18 13:37:16,1781789836,R_10,4851.787,1,0.20200000000022555,BACKFILL_AUTO
2026-06-18 13:37:18,1781789838,R_10,4851.847,1,0.05999999999949068,BACKFILL_AUTO
2026-06-18 13:37:20,1781789840,R_10,4851.76,-1,0.08699999999953434,BACKFILL_AUTO
2026-06-18 13:37:22,1781789842,R_10,4851.602,-1,0.15800000000035652,BACKFILL_AUTO
2026-06-18 13:37:24,1781789844,R_10,4851.731,1,0.1289999999999054,BACKFILL_AUTO
2026-06-18 13:37:26,1781789846,R_10,4851.751,1,0.020000000000436557,BACKFILL_AUTO
2026-06-18 13:37:28,1781789848,R_10,4851.668,1,12.385999999999513,BACKFILL_AUTO
2026-06-18 13:37:30,1781789850,R_10,4851.659,-1,0.009000000000014552,BACKFILL_AUTO
2026-06-18 13:37:32,1781789852,R_10,4851.426,-1,0.23299999999926513,BACKFILL_AUTO
2026-06-18 13:37:34,1781789854,R_10,4851.63,1,0.2039999999997235,BACKFILL_AUTO
2026-06-18 13:37:36,1781789856,R_10,4851.626,-1,0.0039999999999054126,BACKFILL_AUTO
2026-06-18 13:37:38,1781789858,R_10,4851.617,-1,0.009000000000014552,BACKFILL_AUTO
2026-06-18 13:37:40,1781789860,R_10,4851.488,-1,0.1289999999999054,BACKFILL_AUTO
2026-06-18 13:37:42,1781789862,R_10,4851.5,1,0.011999999999716238,BACKFILL_AUTO
2026-06-18 13:37:44,1781789864,R_10,4851.531,1,0.03099999999994907,BACKFILL_AUTO
2026-06-18 13:37:46,1781789866,R_10,4851.749,1,0.2179999999998472,BACKFILL_AUTO
2026-06-18 13:37:48,1781789868,R_10,4851.742,1,12.985999999999876,BACKFILL_AUTO
2026-06-18 13:37:50,1781789870,R_10,4851.753,1,0.01099999999951251,BACKFILL_AUTO
2026-06-18 13:37:52,1781789872,R_10,4851.816,1,0.06300000000010186,BACKFILL_AUTO
2026-06-18 13:37:54,1781789874,R_10,4851.895,1,0.07900000000063301,BACKFILL_AUTO
2026-06-18 13:37:56,1781789876,R_10,4851.971,1,0.07599999999911233,BACKFILL_AUTO
2026-06-18 13:37:58,1781789878,R_10,4852.027,1,0.056000000000494765,BACKFILL_AUTO
2026-06-18 13:38:00,1781789880,R_10,4852.036,1,0.009000000000014552,BACKFILL_AUTO
2026-06-18 13:38:02,1781789882,R_10,4852.043,1,0.006999999999607098,BACKFILL_AUTO
2026-06-18 13:38:04,1781789884,R_10,4852.11,1,0.06700000000000728,BACKFILL_AUTO
2026-06-18 13:38:06,1781789886,R_10,4852.245,1,0.13500000000021828,BACKFILL_AUTO
2026-06-18 13:38:08,1781789888,R_10,4852.147,1,12.826000000000022,BACKFILL_AUTO
2026-06-18 13:38:10,1781789890,R_10,4852.282,1,0.13500000000021828,BACKFILL_AUTO
2026-06-18 13:38:12,1781789892,R_10,4852.245,-1,0.037000000000261934,BACKFILL_AUTO
2026-06-18 13:38:14,1781789894,R_10,4852.304,1,0.05900000000019645,BACKFILL_AUTO
2026-06-18 13:38:16,1781789896,R_10,4852.323,1,0.01900000000023283,BACKFILL_AUTO
2026-06-18 13:38:18,1781789898,R_10,4852.262,-1,0.061000000000603904,BACKFILL_AUTO
2026-06-18 13:38:20,1781789900,R_10,4852.296,1,0.03400000000056025,BACKFILL_AUTO
2026-06-18 13:38:22,1781789902,R_10,4852.29,-1,0.006000000000312866,BACKFILL_AUTO
2026-06-18 13:38:24,1781789904,R_10,4852.251,-1,0.03899999999975989,BACKFILL_AUTO
2026-06-18 13:38:26,1781789906,R_10,4852.275,1,12.771999999999935,BACKFILL_AUTO
2026-06-18 13:38:28,1781789908,R_10,4852.097,-1,0.17799999999988358,BACKFILL_AUTO
2026-06-18 13:38:30,1781789910,R_10,4852.001,-1,0.09599999999954889,BACKFILL_AUTO
2026-06-18 13:38:32,1781789912,R_10,4852.012,1,0.01099999999951251,BACKFILL_AUTO
2026-06-18 13:38:34,1781789914,R_10,4851.783,-1,0.22899999999935972,BACKFILL_AUTO
2026-06-18 13:38:36,1781789916,R_10,4851.738,-1,0.04500000000007276,BACKFILL_AUTO
2026-06-18 13:38:38,1781789918,R_10,4851.683,-1,0.05500000000029104,BACKFILL_AUTO
2026-06-18 13:38:40,1781789920,R_10,4851.578,-1,0.10499999999956344,BACKFILL_AUTO
2026-06-18 13:38:42,1781789922,R_10,4851.666,1,0.08799999999973807,BACKFILL_AUTO
2026-06-18 13:38:44,1781789924,R_10,4851.574,-1,0.09200000000055297,BACKFILL_AUTO
2026-06-18 13:38:46,1781789926,R_10,4851.525,1,13.036000000000058,BACKFILL_AUTO
2026-06-18 13:38:48,1781789928,R_10,4851.536,1,0.011000000000422006,BACKFILL_AUTO
2026-06-18 13:38:50,1781789930,R_10,4851.675,1,0.1390000000001237,BACKFILL_AUTO
2026-06-18 13:38:52,1781789932,R_10,4851.723,1,0.047999999999774445,BACKFILL_AUTO
2026-06-18 13:38:54,1781789934,R_10,4851.86,1,0.13699999999971624,BACKFILL_AUTO
2026-06-18 13:38:56,1781789936,R_10,4851.978,1,0.1180000000003929,BACKFILL_AUTO
2026-06-18 13:38:58,1781789938,R_10,4851.959,-1,0.01900000000023283,BACKFILL_AUTO
2026-06-18 13:39:00,1781789940,R_10,4852.078,1,0.11900000000059663,BACKFILL_AUTO
2026-06-18 13:39:02,1781789942,R_10,4852.257,1,0.17899999999917782,BACKFILL_AUTO
2026-06-18 13:39:04,1781789944,R_10,4852.071,-1,0.1859999999996944,BACKFILL_AUTO
2026-06-18 13:39:06,1781789946,R_10,4852.02,-1,0.05099999999947613,BACKFILL_AUTO
2026-06-18 13:39:08,1781789948,R_10,4852.028,1,12.878999999999905,BACKFILL_AUTO
2026-06-18 13:39:10,1781789950,R_10,4852.021,-1,0.007000000000516593,BACKFILL_AUTO
2026-06-18 13:39:12,1781789952,R_10,4851.79,-1,0.23099999999976717,BACKFILL_AUTO
2026-06-18 13:39:14,1781789954,R_10,4851.765,-1,0.024999999999636202,BACKFILL_AUTO
2026-06-18 13:39:16,1781789956,R_10,4851.729,-1,0.03600000000005821,BACKFILL_AUTO
2026-06-18 13:39:18,1781789958,R_10,4851.654,-1,0.0749999999998181,BACKFILL_AUTO
2026-06-18 13:39:20,1781789960,R_10,4851.53,-1,0.12400000000070577,BACKFILL_AUTO
2026-06-18 13:39:22,1781789962,R_10,4851.52,-1,0.009999999999308784,BACKFILL_AUTO
2026-06-18 13:39:24,1781789964,R_10,4851.398,-1,0.12200000000029831,BACKFILL_AUTO
2026-06-18 13:39:26,1781789966,R_10,4851.163,-1,0.23500000000058208,BACKFILL_AUTO
2026-06-18 13:39:28,1781789968,R_10,4851.109,1,12.201000000000022,BACKFILL_AUTO
2026-06-18 13:39:30,1781789970,R_10,4851.295,1,0.1859999999996944,BACKFILL_AUTO
2026-06-18 13:39:32,1781789972,R_10,4851.32,1,0.024999999999636202,BACKFILL_AUTO
2026-06-18 13:39:34,1781789974,R_10,4851.23,-1,0.09000000000014552,BACKFILL_AUTO
2026-06-18 13:39:36,1781789976,R_10,4851.188,-1,0.04199999999946158,BACKFILL_AUTO
2026-06-18 13:39:38,1781789978,R_10,4851.31,1,0.12200000000029831,BACKFILL_AUTO
2026-06-18 13:39:40,1781789980,R_10,4851.122,-1,0.18800000000010186,BACKFILL_AUTO
2026-06-18 13:39:42,1781789982,R_10,4851.351,1,0.22899999999935972,BACKFILL_AUTO
2026-06-18 13:39:44,1781789984,R_10,4851.223,-1,0.12799999999970169,BACKFILL_AUTO
2026-06-18 13:39:46,1781789986,R_10,4851.225,1,12.338999999999942,BACKFILL_AUTO
2026-06-18 13:39:48,1781789988,R_10,4851.052,-1,0.17300000000068394,BACKFILL_AUTO
2026-06-18 13:39:50,1781789990,R_10,4851.098,1,0.046000000000276486,BACKFILL_AUTO
2026-06-18 13:39:52,1781789992,R_10,4850.903,-1,0.19499999999970896,BACKFILL_AUTO
2026-06-18 13:39:54,1781789994,R_10,4850.951,1,0.047999999999774445,BACKFILL_AUTO
2026-06-18 13:39:56,1781789996,R_10,4851.037,1,0.0860000000002401,BACKFILL_AUTO
2026-06-18 13:39:58,1781789998,R_10,4851.015,-1,0.021999999999934516,BACKFILL_AUTO
2026-06-18 13:40:00,1781790000,R_10,4850.954,-1,0.061000000000603904,BACKFILL_AUTO
2026-06-18 13:40:02,1781790002,R_10,4851.114,1,0.15999999999985448,BACKFILL_AUTO
2026-06-18 13:40:04,1781790004,R_10,4851.096,-1,0.018000000000029104,BACKFILL_AUTO
2026-06-18 13:40:06,1781790006,R_10,4851.163,1,0.06700000000000728,BACKFILL_AUTO
2026-06-18 13:40:08,1781790008,R_10,4851.297,1,12.074999999999818,BACKFILL_AUTO
2026-06-18 13:40:10,1781790010,R_10,4851.268,-1,0.028999999999541615,BACKFILL_AUTO
2026-06-18 13:40:12,1781790012,R_10,4851.36,1,0.09199999999964348,BACKFILL_AUTO
2026-06-18 13:40:14,1781790014,R_10,4851.534,1,0.17399999999997817,BACKFILL_AUTO
2026-06-18 13:40:16,1781790016,R_10,4851.391,-1,0.1430000000000291,BACKFILL_AUTO
2026-06-18 13:40:18,1781790018,R_10,4851.447,1,0.056000000000494765,BACKFILL_AUTO
2026-06-18 13:40:20,1781790020,R_10,4851.533,1,0.0860000000002401,BACKFILL_AUTO
2026-06-18 13:40:22,1781790022,R_10,4851.712,1,0.1790000000000873,BACKFILL_AUTO
2026-06-18 13:40:24,1781790024,R_10,4851.875,1,0.16299999999955617,BACKFILL_AUTO
2026-06-18 13:40:26,1781790026,R_10,4851.972,1,0.09699999999975262,BACKFILL_AUTO
2026-06-18 13:40:28,1781790028,R_10,4852.118,1,13.217000000000553,BACKFILL_AUTO
2026-06-18 13:40:30,1781790030,R_10,4852.004,-1,0.11400000000048749,BACKFILL_AUTO
2026-06-18 13:40:32,1781790032,R_10,4851.925,-1,0.07899999999972351,BACKFILL_AUTO
2026-06-18 13:40:34,1781790034,R_10,4851.868,-1,0.056999999999789,BACKFILL_AUTO
2026-06-18 13:40:36,1781790036,R_10,4851.673,-1,0.19500000000061846,BACKFILL_AUTO
2026-06-18 13:40:38,1781790038,R_10,4851.595,-1,0.07799999999951979,BACKFILL_AUTO
2026-06-18 13:40:40,1781790040,R_10,4851.571,-1,0.02400000000034197,BACKFILL_AUTO
2026-06-18 13:40:42,1781790042,R_10,4851.498,-1,0.07300000000032014,BACKFILL_AUTO
2026-06-18 13:40:44,1781790044,R_10,4851.469,-1,0.028999999999541615,BACKFILL_AUTO
2026-06-18 13:40:46,1781790046,R_10,4851.666,1,0.19700000000011642,BACKFILL_AUTO
2026-06-18 13:40:48,1781790048,R_10,4851.713,1,13.078999999999724,BACKFILL_AUTO
2026-06-18 13:40:50,1781790050,R_10,4851.395,-1,0.3179999999993015,BACKFILL_AUTO
2026-06-18 13:40:52,1781790052,R_10,4851.608,1,0.21299999999973807,BACKFILL_AUTO
2026-06-18 13:40:54,1781790054,R_10,4851.564,-1,0.04399999999986903,BACKFILL_AUTO
2026-06-18 13:40:56,1781790056,R_10,4851.579,1,0.014999999999417923,BACKFILL_AUTO
2026-06-18 13:40:58,1781790058,R_10,4851.828,1,0.24900000000070577,BACKFILL_AUTO
2026-06-18 13:41:00,1781790060,R_10,4851.931,1,0.10299999999915599,BACKFILL_AUTO
2026-06-18 13:41:02,1781790062,R_10,4852.223,1,0.2920000000003711,BACKFILL_AUTO
2026-06-18 13:41:04,1781790064,R_10,4852.122,-1,0.10099999999965803,BACKFILL_AUTO
2026-06-18 13:41:06,1781790066,R_10,4852.199,1,0.07699999999931606,BACKFILL_AUTO
2026-06-18 13:41:08,1781790068,R_10,4852.105,1,13.375999999999294,BACKFILL_AUTO
2026-06-18 13:41:10,1781790070,R_10,4852.203,1,0.09800000000086584,BACKFILL_AUTO
2026-06-18 13:41:12,1781790072,R_10,4851.91,-1,0.2930000000005748,BACKFILL_AUTO
2026-06-18 13:41:14,1781790074,R_10,4851.898,-1,0.011999999999716238,BACKFILL_AUTO
2026-06-18 13:41:16,1781790076,R_10,4851.989,1,0.09099999999943975,BACKFILL_AUTO
2026-06-18 13:41:18,1781790078,R_10,4852.059,1,0.07000000000061846,BACKFILL_AUTO
2026-06-18 13:41:20,1781790080,R_10,4852.084,1,0.024999999999636202,BACKFILL_AUTO
2026-06-18 13:41:22,1781790082,R_10,4851.865,-1,0.21900000000005093,BACKFILL_AUTO
2026-06-18 13:41:24,1781790084,R_10,4851.727,-1,0.13799999999991996,BACKFILL_AUTO
2026-06-18 13:41:26,1781790086,R_10,4851.783,1,0.056000000000494765,BACKFILL_AUTO
2026-06-18 13:41:28,1781790088,R_10,4851.502,1,12.65100000000075,BACKFILL_AUTO
2026-06-18 13:41:30,1781790090,R_10,4851.622,1,0.11999999999989086,BACKFILL_AUTO
2026-06-18 13:41:32,1781790092,R_10,4851.682,1,0.05999999999949068,BACKFILL_AUTO
2026-06-18 13:41:34,1781790094,R_10,4851.602,-1,0.07999999999992724,BACKFILL_AUTO
2026-06-18 13:41:36,1781790096,R_10,4851.568,-1,0.033999999999650754,BACKFILL_AUTO
2026-06-18 13:41:38,1781790098,R_10,4851.735,1,0.16699999999946158,BACKFILL_AUTO
2026-06-18 13:41:40,1781790100,R_10,4851.591,-1,0.14399999999932334,BACKFILL_AUTO
2026-06-18 13:41:42,1781790102,R_10,4851.559,-1,0.032000000000152795,BACKFILL_AUTO
2026-06-18 13:41:44,1781790104,R_10,4851.581,1,0.021999999999934516,BACKFILL_AUTO
2026-06-18 13:41:46,1781790106,R_10,4851.593,1,0.011999999999716238,BACKFILL_AUTO
2026-06-18 13:41:48,1781790108,R_10,4851.442,-1,0.15099999999983993,BACKFILL_AUTO
2026-06-18 13:41:50,1781790110,R_10,4851.397,1,12.818999999999505,BACKFILL_AUTO
2026-06-18 13:41:52,1781790112,R_10,4851.33,-1,0.06700000000000728,BACKFILL_AUTO
2026-06-18 13:41:54,1781790114,R_10,4851.503,1,0.17299999999977445,BACKFILL_AUTO
2026-06-18 13:41:56,1781790116,R_10,4851.755,1,0.25200000000040745,BACKFILL_AUTO
2026-06-18 13:41:58,1781790118,R_10,4851.719,-1,0.03600000000005821,BACKFILL_AUTO
2026-06-18 13:42:00,1781790120,R_10,4851.649,-1,0.06999999999970896,BACKFILL_AUTO
2026-06-18 13:42:02,1781790122,R_10,4851.857,1,0.20799999999962893,BACKFILL_AUTO
2026-06-18 13:42:04,1781790124,R_10,4851.906,1,0.04899999999997817,BACKFILL_AUTO
2026-06-18 13:42:06,1781790126,R_10,4851.934,1,0.028000000000247383,BACKFILL_AUTO
2026-06-18 13:42:08,1781790128,R_10,4851.911,-1,0.023000000000138243,BACKFILL_AUTO
2026-06-18 13:42:10,1781790130,R_10,4851.837,1,13.001000000000204,BACKFILL_AUTO
2026-06-18 13:42:12,1781790132,R_10,4851.877,1,0.03999999999996362,BACKFILL_AUTO
2026-06-18 13:42:14,1781790134,R_10,4851.635,-1,0.24200000000018917,BACKFILL_AUTO
2026-06-18 13:42:16,1781790136,R_10,4851.569,-1,0.06599999999980355,BACKFILL_AUTO
2026-06-18 13:42:18,1781790138,R_10,4851.693,1,0.12399999999979627,BACKFILL_AUTO
2026-06-18 13:42:20,1781790140,R_10,4851.994,1,0.30099999999947613,BACKFILL_AUTO
2026-06-18 13:42:22,1781790142,R_10,4852.019,1,0.025000000000545697,BACKFILL_AUTO
2026-06-18 13:42:24,1781790144,R_10,4851.984,-1,0.03499999999985448,BACKFILL_AUTO
2026-06-18 13:42:26,1781790146,R_10,4851.979,-1,0.005000000000109139,BACKFILL_AUTO
2026-06-18 13:42:28,1781790148,R_10,4851.702,-1,0.27700000000004366,BACKFILL_AUTO
2026-06-18 13:42:30,1781790150,R_10,4851.712,1,0.010000000000218279,BACKFILL_AUTO
2026-06-18 13:42:32,1781790152,R_10,4851.686,-1,0.026000000000749424,BACKFILL_AUTO
2026-06-18 13:42:34,1781790154,R_10,4851.51,-1,0.17599999999947613,BACKFILL_AUTO
2026-06-18 13:42:36,1781790156,R_10,4851.457,-1,0.052999999999883585,BACKFILL_AUTO
2026-06-18 13:42:38,1781790158,R_10,4851.557,1,0.0999999999994543,BACKFILL_AUTO
2026-06-18 13:42:40,1781790160,R_10,4851.316,-1,0.24099999999998545,BACKFILL_AUTO
2026-06-18 13:42:42,1781790162,R_10,4851.339,1,0.023000000000138243,BACKFILL_AUTO
2026-06-18 13:42:44,1781790164,R_10,4851.521,1,0.181999999999789,BACKFILL_AUTO
2026-06-18 13:42:46,1781790166,R_10,4851.656,1,0.13500000000021828,BACKFILL_AUTO
2026-06-18 13:42:48,1781790168,R_10,4851.73,1,0.07399999999961437,BACKFILL_AUTO
2026-06-18 13:42:50,1781790170,R_10,4851.698,-1,0.0319999999992433,BACKFILL_AUTO
2026-06-18 13:42:52,1781790172,R_10,4851.559,-1,0.1390000000001237,BACKFILL_AUTO
2026-06-18 13:42:54,1781790174,R_10,4851.565,1,0.0059999999994033715,BACKFILL_AUTO
2026-06-18 13:42:56,1781790176,R_10,4851.682,1,0.11700000000018917,BACKFILL_AUTO
2026-06-18 13:42:58,1781790178,R_10,4851.824,1,0.14199999999982538,BACKFILL_AUTO
2026-06-18 13:43:00,1781790180,R_10,4851.794,-1,0.02999999999974534,BACKFILL_AUTO
2026-06-18 13:43:02,1781790182,R_10,4851.767,-1,0.027000000000043656,BACKFILL_AUTO
2026-06-18 13:43:04,1781790184,R_10,4851.798,1,0.03099999999994907,BACKFILL_AUTO
2026-06-18 13:43:06,1781790186,R_10,4851.698,-1,0.0999999999994543,BACKFILL_AUTO
2026-06-18 13:43:08,1781790188,R_10,4851.648,-1,0.0500000000001819,BACKFILL_AUTO
2026-06-18 13:43:10,1781790190,R_10,4851.654,1,0.006000000000312866,BACKFILL_AUTO
2026-06-18 13:43:12,1781790192,R_10,4851.509,-1,0.14500000000043656,BACKFILL_AUTO
2026-06-18 13:43:14,1781790194,R_10,4851.511,1,0.0020000000004074536,BACKFILL_AUTO
2026-06-18 13:43:16,1781790196,R_10,4851.512,1,0.0009999999992942321,BACKFILL_AUTO
2026-06-18 13:43:18,1781790198,R_10,4851.336,-1,0.17599999999947613,BACKFILL_AUTO
2026-06-18 13:43:20,1781790200,R_10,4851.511,1,0.1750000000001819,BACKFILL_AUTO
2026-06-18 13:43:22,1781790202,R_10,4851.603,1,0.09199999999964348,BACKFILL_AUTO
2026-06-18 13:43:24,1781790204,R_10,4851.689,1,0.0860000000002401,BACKFILL_AUTO
2026-06-18 13:43:26,1781790206,R_10,4851.564,-1,0.125,BACKFILL_AUTO
2026-06-18 13:43:28,1781790208,R_10,4851.455,-1,0.10900000000037835,BACKFILL_AUTO
2026-06-18 13:43:30,1781790210,R_10,4851.493,1,0.03800000000046566,BACKFILL_AUTO
2026-06-18 13:43:32,1781790212,R_10,4851.654,1,0.1610000000000582,BACKFILL_AUTO
2026-06-18 13:43:34,1781790214,R_10,4851.537,-1,0.11700000000018917,BACKFILL_AUTO
2026-06-18 13:43:36,1781790216,R_10,4851.472,-1,0.06500000000050932,BACKFILL_AUTO
2026-06-18 13:43:38,1781790218,R_10,4851.529,1,0.05700000000069849,BACKFILL_AUTO
2026-06-18 13:43:40,1781790220,R_10,4851.474,-1,0.05500000000029104,BACKFILL_AUTO
2026-06-18 13:43:42,1781790222,R_10,4851.53,1,0.05599999999958527,BACKFILL_AUTO
2026-06-18 13:43:44,1781790224,R_10,4851.553,1,0.023000000000138243,BACKFILL_AUTO
2026-06-18 13:43:46,1781790226,R_10,4851.703,1,0.1500000000005457,BACKFILL_AUTO
2026-06-18 13:43:48,1781790228,R_10,4851.589,-1,0.11400000000048749,BACKFILL_AUTO
2026-06-18 13:43:50,1781790230,R_10,4851.592,1,0.0029999999997016857,BACKFILL_AUTO
2026-06-18 13:43:52,1781790232,R_10,4851.554,-1,0.03799999999955617,BACKFILL_AUTO
2026-06-18 13:43:54,1781790234,R_10,4851.662,1,0.10800000000017462,BACKFILL_AUTO
2026-06-18 13:43:56,1781790236,R_10,4851.882,1,0.21999999999934516,BACKFILL_AUTO
2026-06-18 13:43:58,1781790238,R_10,4851.878,-1,0.0039999999999054126,BACKFILL_AUTO
2026-06-18 13:44:00,1781790240,R_10,4851.778,-1,0.0999999999994543,BACKFILL_AUTO
2026-06-18 13:44:02,1781790242,R_10,4851.959,1,0.18099999999958527,BACKFILL_AUTO
2026-06-18 13:44:04,1781790244,R_10,4852.043,1,0.08399999999983265,BACKFILL_AUTO
2026-06-18 13:44:06,1781790246,R_10,4851.954,-1,0.08899999999994179,BACKFILL_AUTO
2026-06-18 13:44:08,1781790248,R_10,4852.006,1,0.05200000000058935,BACKFILL_AUTO
2026-06-18 13:44:10,1781790250,R_10,4852.206,1,0.1999999999998181,BACKFILL_AUTO
2026-06-18 13:44:12,1781790252,R_10,4852.065,-1,0.14100000000053114,BACKFILL_AUTO
2026-06-18 13:44:14,1781790254,R_10,4852.122,1,0.05700000000069849,BACKFILL_AUTO
2026-06-18 13:44:16,1781790256,R_10,4852.091,-1,0.03099999999994907,BACKFILL_AUTO
2026-06-18 13:44:18,1781790258,R_10,4852.098,1,0.006999999999607098,BACKFILL_AUTO
2026-06-18 13:44:20,1781790260,R_10,4852.031,-1,0.06700000000000728,BACKFILL_AUTO
2026-06-18 13:44:22,1781790262,R_10,4851.942,-1,0.08899999999994179,BACKFILL_AUTO
2026-06-18 13:44:24,1781790264,R_10,4851.885,-1,0.056999999999789,BACKFILL_AUTO
2026-06-18 13:44:26,1781790266,R_10,4852.125,1,0.23999999999978172,BACKFILL_AUTO
2026-06-18 13:44:28,1781790268,R_10,4852.173,1,0.047999999999774445,BACKFILL_AUTO
2026-06-18 13:44:30,1781790270,R_10,4851.99,-1,0.18299999999999272,BACKFILL_AUTO
2026-06-18 13:44:32,1781790272,R_10,4852.143,1,0.15300000000024738,BACKFILL_AUTO
2026-06-18 13:44:34,1781790274,R_10,4852.202,1,0.05900000000019645,BACKFILL_AUTO
2026-06-18 13:44:36,1781790276,R_10,4852.262,1,0.05999999999949068,BACKFILL_AUTO
2026-06-18 13:44:38,1781790278,R_10,4852.198,-1,0.0639999999993961,BACKFILL_AUTO
2026-06-18 13:44:40,1781790280,R_10,4852.214,1,0.01599999999962165,BACKFILL_AUTO
2026-06-18 13:44:42,1781790282,R_10,4852.141,-1,0.07300000000032014,BACKFILL_AUTO
2026-06-18 13:44:44,1781790284,R_10,4852.116,-1,0.024999999999636202,BACKFILL_AUTO
2026-06-18 13:44:46,1781790286,R_10,4852.053,-1,0.06300000000010186,BACKFILL_AUTO
2026-06-18 13:44:48,1781790288,R_10,4851.967,-1,0.0860000000002401,BACKFILL_AUTO
2026-06-18 13:44:50,1781790290,R_10,4852.055,1,0.08800000000064756,BACKFILL_AUTO
2026-06-18 13:44:52,1781790292,R_10,4851.901,-1,0.1540000000004511,BACKFILL_AUTO
2026-06-18 13:44:54,1781790294,R_10,4851.802,-1,0.09900000000016007,BACKFILL_AUTO
2026-06-18 13:44:56,1781790296,R_10,4851.711,-1,0.09099999999943975,BACKFILL_AUTO
2026-06-18 13:44:58,1781790298,R_10,4851.654,-1,0.056999999999789,BACKFILL_AUTO
2026-06-18 13:45:00,1781790300,R_10,4851.606,-1,0.04800000000068394,BACKFILL_AUTO
2026-06-18 13:45:02,1781790302,R_10,4851.535,-1,0.07099999999991269,BACKFILL_AUTO
2026-06-18 13:45:04,1781790304,R_10,4851.583,1,0.047999999999774445,BACKFILL_AUTO
2026-06-18 13:45:06,1781790306,R_10,4851.711,1,0.12800000000061118,BACKFILL_AUTO
2026-06-18 13:45:08,1781790308,R_10,4851.639,-1,0.07200000000011642,BACKFILL_AUTO
2026-06-18 13:45:10,1781790310,R_10,4851.474,-1,0.16499999999996362,BACKFILL_AUTO
2026-06-18 13:45:12,1781790312,R_10,4851.381,-1,0.0929999999998472,BACKFILL_AUTO
2026-06-18 13:45:14,1781790314,R_10,4851.5,1,0.11899999999968713,BACKFILL_AUTO
2026-06-18 13:45:16,1781790316,R_10,4851.4,-1,0.1000000000003638,BACKFILL_AUTO
2026-06-18 13:45:18,1781790318,R_10,4851.611,1,0.2110000000002401,BACKFILL_AUTO
2026-06-18 13:45:20,1781790320,R_10,4851.805,1,0.19400000000041473,BACKFILL_AUTO
2026-06-18 13:45:22,1781790322,R_10,4851.845,1,0.03999999999996362,BACKFILL_AUTO
2026-06-18 13:45:24,1781790324,R_10,4851.66,-1,0.18500000000040018,BACKFILL_AUTO
2026-06-18 13:45:26,1781790326,R_10,4851.812,1,0.15200000000004366,BACKFILL_AUTO
2026-06-18 13:45:28,1781790328,R_10,4851.923,1,0.11099999999987631,BACKFILL_AUTO
2026-06-18 13:45:30,1781790330,R_10,4851.889,-1,0.033999999999650754,BACKFILL_AUTO
2026-06-18 13:45:32,1781790332,R_10,4851.67,-1,0.21900000000005093,BACKFILL_AUTO
2026-06-18 13:45:34,1781790334,R_10,4851.629,-1,0.04100000000016735,BACKFILL_AUTO
2026-06-18 13:45:36,1781790336,R_10,4851.656,1,0.027000000000043656,BACKFILL_AUTO
2026-06-18 13:45:38,1781790338,R_10,4851.621,-1,0.03499999999985448,BACKFILL_AUTO
2026-06-18 13:45:40,1781790340,R_10,4851.769,1,0.14800000000013824,BACKFILL_AUTO
2026-06-18 13:45:42,1781790342,R_10,4851.646,-1,0.12300000000050204,BACKFILL_AUTO
2026-06-18 13:45:44,1781790344,R_10,4851.641,-1,0.005000000000109139,BACKFILL_AUTO
2026-06-18 13:45:46,1781790346,R_10,4851.678,1,0.037000000000261934,BACKFILL_AUTO
2026-06-18 13:45:48,1781790348,R_10,4851.51,-1,0.1679999999996653,BACKFILL_AUTO
2026-06-18 13:45:50,1781790350,R_10,4851.645,1,0.13500000000021828,BACKFILL_AUTO
2026-06-18 13:45:52,1781790352,R_10,4851.619,-1,0.026000000000749424,BACKFILL_AUTO
2026-06-18 13:45:54,1781790354,R_10,4851.576,-1,0.042999999999665306,BACKFILL_AUTO
2026-06-18 13:45:56,1781790356,R_10,4851.61,1,0.033999999999650754,BACKFILL_AUTO
2026-06-18 13:45:58,1781790358,R_10,4851.541,-1,0.06899999999950523,BACKFILL_AUTO
2026-06-18 13:46:00,1781790360,R_10,4851.746,1,0.20499999999992724,BACKFILL_AUTO
2026-06-18 13:46:02,1781790362,R_10,4851.667,-1,0.07899999999972351,BACKFILL_AUTO
2026-06-18 13:46:04,1781790364,R_10,4851.697,1,0.02999999999974534,BACKFILL_AUTO
2026-06-18 13:46:06,1781790366,R_10,4851.479,-1,0.2179999999998472,BACKFILL_AUTO
2026-06-18 13:46:08,1781790368,R_10,4851.474,-1,0.005000000000109139,BACKFILL_AUTO
2026-06-18 13:46:10,1781790370,R_10,4851.508,1,0.033999999999650754,BACKFILL_AUTO
2026-06-18 13:46:12,1781790372,R_10,4851.539,1,0.03099999999994907,BACKFILL_AUTO
2026-06-18 13:46:14,1781790374,R_10,4851.397,-1,0.14199999999982538,BACKFILL_AUTO
2026-06-18 13:46:16,1781790376,R_10,4851.767,1,0.36999999999989086,BACKFILL_AUTO
2026-06-18 13:46:18,1781790378,R_10,4851.693,-1,0.07399999999961437,BACKFILL_AUTO
2026-06-18 13:46:20,1781790380,R_10,4851.67,-1,0.023000000000138243,BACKFILL_AUTO
2026-06-18 13:46:22,1781790382,R_10,4851.717,1,0.04699999999957072,BACKFILL_AUTO
2026-06-18 13:46:24,1781790384,R_10,4851.648,-1,0.06899999999950523,BACKFILL_AUTO
2026-06-18 13:46:26,1781790386,R_10,4851.762,1,0.113999999999578,BACKFILL_AUTO
2026-06-18 13:46:28,1781790388,R_10,4851.59,-1,0.17199999999957072,BACKFILL_AUTO
2026-06-18 13:46:30,1781790390,R_10,4851.617,1,0.027000000000043656,BACKFILL_AUTO
2026-06-18 13:46:32,1781790392,R_10,4851.634,1,0.016999999999825377,BACKFILL_AUTO
2026-06-18 13:46:34,1781790394,R_10,4851.518,-1,0.11599999999998545,BACKFILL_AUTO
2026-06-18 13:46:36,1781790396,R_10,4851.406,-1,0.11200000000008004,BACKFILL_AUTO
2026-06-18 13:46:38,1781790398,R_10,4851.377,-1,0.028999999999541615,BACKFILL_AUTO
2026-06-18 13:46:40,1781790400,R_10,4851.377,0,0.0,BACKFILL_AUTO
2026-06-18 13:46:42,1781790402,R_10,4851.208,-1,0.16900000000077853,BACKFILL_AUTO
2026-06-18 13:46:44,1781790404,R_10,4851.147,-1,0.06099999999969441,BACKFILL_AUTO
2026-06-18 13:46:46,1781790406,R_10,4850.973,-1,0.17399999999997817,BACKFILL_AUTO
2026-06-18 13:46:48,1781790408,R_10,4850.94,-1,0.03300000000035652,BACKFILL_AUTO
2026-06-18 13:46:50,1781790410,R_10,4850.921,-1,0.018999999999323336,BACKFILL_AUTO
2026-06-18 13:46:52,1781790412,R_10,4850.779,-1,0.14199999999982538,BACKFILL_AUTO
2026-06-18 13:46:54,1781790414,R_10,4850.789,1,0.009999999999308784,BACKFILL_AUTO
2026-06-18 13:46:56,1781790416,R_10,4850.584,-1,0.20499999999992724,BACKFILL_AUTO
2026-06-18 13:46:58,1781790418,R_10,4850.431,-1,0.15300000000024738,BACKFILL_AUTO
2026-06-18 13:47:00,1781790420,R_10,4850.415,-1,0.01599999999962165,BACKFILL_AUTO
2026-06-18 13:47:02,1781790422,R_10,4850.575,1,0.15999999999985448,BACKFILL_AUTO
2026-06-18 13:47:04,1781790424,R_10,4850.663,1,0.08799999999973807,BACKFILL_AUTO
2026-06-18 13:47:06,1781790426,R_10,4850.588,-1,0.0749999999998181,BACKFILL_AUTO
2026-06-18 13:47:08,1781790428,R_10,4850.642,1,0.05400000000008731,BACKFILL_AUTO
2026-06-18 13:47:10,1781790430,R_10,4850.615,-1,0.027000000000043656,BACKFILL_AUTO
2026-06-18 13:47:12,1781790432,R_10,4850.606,-1,0.009000000000014552,BACKFILL_AUTO
2026-06-18 13:47:14,1781790434,R_10,4850.624,1,0.018000000000029104,BACKFILL_AUTO
2026-06-18 13:47:16,1781790436,R_10,4850.75,1,0.12600000000020373,BACKFILL_AUTO
2026-06-18 13:47:18,1781790438,R_10,4850.78,1,0.02999999999974534,BACKFILL_AUTO
2026-06-18 13:47:20,1781790440,R_10,4850.64,-1,0.13999999999941792,BACKFILL_AUTO
2026-06-18 13:47:22,1781790442,R_10,4850.719,1,0.07899999999972351,BACKFILL_AUTO
2026-06-18 13:47:24,1781790444,R_10,4850.719,0,0.0,BACKFILL_AUTO
2026-06-18 13:47:26,1781790446,R_10,4850.577,-1,0.14199999999982538,BACKFILL_AUTO
2026-06-18 13:47:28,1781790448,R_10,4850.729,1,0.15200000000004366,BACKFILL_AUTO
2026-06-18 13:47:30,1781790450,R_10,4850.739,1,0.009999999999308784,BACKFILL_AUTO
2026-06-18 13:47:32,1781790452,R_10,4851.013,1,0.27400000000034197,BACKFILL_AUTO
2026-06-18 13:47:34,1781790454,R_10,4851.066,1,0.052999999999883585,BACKFILL_AUTO
2026-06-18 13:47:36,1781790456,R_10,4851.013,-1,0.052999999999883585,BACKFILL_AUTO
2026-06-18 13:47:38,1781790458,R_10,4851.006,-1,0.006999999999607098,BACKFILL_AUTO
2026-06-18 13:47:40,1781790460,R_10,4851.068,1,0.06199999999989814,BACKFILL_AUTO
2026-06-18 13:47:42,1781790462,R_10,4850.83,-1,0.23800000000028376,BACKFILL_AUTO
2026-06-18 13:47:44,1781790464,R_10,4850.925,1,0.09500000000025466,BACKFILL_AUTO
2026-06-18 13:47:46,1781790466,R_10,4850.826,-1,0.09900000000016007,BACKFILL_AUTO
2026-06-18 13:47:48,1781790468,R_10,4850.899,1,0.07300000000032014,BACKFILL_AUTO
2026-06-18 13:47:50,1781790470,R_10,4851.011,1,0.11200000000008004,BACKFILL_AUTO
2026-06-18 13:47:52,1781790472,R_10,4850.798,-1,0.21300000000064756,BACKFILL_AUTO
2026-06-18 13:47:54,1781790474,R_10,4850.757,-1,0.04100000000016735,BACKFILL_AUTO
2026-06-18 13:47:56,1781790476,R_10,4850.812,1,0.05500000000029104,BACKFILL_AUTO
2026-06-18 13:47:58,1781790478,R_10,4850.747,-1,0.06499999999959982,BACKFILL_AUTO
2026-06-18 13:48:00,1781790480,R_10,4850.577,-1,0.17000000000007276,BACKFILL_AUTO
2026-06-18 13:48:02,1781790482,R_10,4850.716,1,0.1390000000001237,BACKFILL_AUTO
2026-06-18 13:48:04,1781790484,R_10,4850.891,1,0.1749999999992724,BACKFILL_AUTO
2026-06-18 13:48:06,1781790486,R_10,4850.754,-1,0.13699999999971624,BACKFILL_AUTO
2026-06-18 13:48:08,1781790488,R_10,4850.775,1,0.02099999999973079,BACKFILL_AUTO
2026-06-18 13:48:10,1781790490,R_10,4850.672,-1,0.10300000000006548,BACKFILL_AUTO
2026-06-18 13:48:12,1781790492,R_10,4850.917,1,0.24500000000080036,BACKFILL_AUTO
2026-06-18 13:48:14,1781790494,R_10,4851.249,1,0.3319999999994252,BACKFILL_AUTO
2026-06-18 13:48:16,1781790496,R_10,4851.313,1,0.06400000000030559,BACKFILL_AUTO
2026-06-18 13:48:18,1781790498,R_10,4851.221,-1,0.09200000000055297,BACKFILL_AUTO
2026-06-18 13:48:20,1781790500,R_10,4851.186,-1,0.03499999999985448,BACKFILL_AUTO
2026-06-18 13:48:22,1781790502,R_10,4851.339,1,0.15300000000024738,BACKFILL_AUTO
2026-06-18 13:48:24,1781790504,R_10,4851.339,0,0.0,BACKFILL_AUTO
2026-06-18 13:48:26,1781790506,R_10,4851.438,1,0.09900000000016007,BACKFILL_AUTO
2026-06-18 13:48:28,1781790508,R_10,4851.539,1,0.10099999999965803,BACKFILL_AUTO
2026-06-18 13:48:30,1781790510,R_10,4851.545,1,0.006000000000312866,BACKFILL_AUTO
2026-06-18 13:48:32,1781790512,R_10,4851.635,1,0.09000000000014552,BACKFILL_AUTO
2026-06-18 13:48:34,1781790514,R_10,4851.714,1,0.07899999999972351,BACKFILL_AUTO
2026-06-18 13:48:36,1781790516,R_10,4851.728,1,0.014000000000123691,BACKFILL_AUTO
2026-06-18 13:48:38,1781790518,R_10,4851.633,-1,0.09500000000025466,BACKFILL_AUTO
2026-06-18 13:48:40,1781790520,R_10,4851.771,1,0.13799999999991996,BACKFILL_AUTO
2026-06-18 13:48:42,1781790522,R_10,4851.518,-1,0.2529999999997017,BACKFILL_AUTO
2026-06-18 13:48:44,1781790524,R_10,4851.534,1,0.01599999999962165,BACKFILL_AUTO
2026-06-18 13:48:46,1781790526,R_10,4851.649,1,0.11500000000069122,BACKFILL_AUTO
2026-06-18 13:48:48,1781790528,R_10,4851.486,-1,0.16300000000046566,BACKFILL_AUTO
2026-06-18 13:48:50,1781790530,R_10,4851.531,1,0.04500000000007276,BACKFILL_AUTO
2026-06-18 13:48:52,1781790532,R_10,4851.533,1,0.0020000000004074536,BACKFILL_AUTO
2026-06-18 13:48:54,1781790534,R_10,4851.528,-1,0.005000000000109139,BACKFILL_AUTO
2026-06-18 13:48:56,1781790536,R_10,4851.565,1,0.03699999999935244,BACKFILL_AUTO
2026-06-18 13:48:58,1781790538,R_10,4851.945,1,0.38000000000010914,BACKFILL_AUTO
2026-06-18 13:49:00,1781790540,R_10,4852.012,1,0.06700000000000728,BACKFILL_AUTO
2026-06-18 13:49:02,1781790542,R_10,4852.051,1,0.03900000000066939,BACKFILL_AUTO
2026-06-18 13:49:04,1781790544,R_10,4851.929,-1,0.12200000000029831,BACKFILL_AUTO
2026-06-18 13:49:06,1781790546,R_10,4851.992,1,0.06300000000010186,BACKFILL_AUTO
2026-06-18 13:49:08,1781790548,R_10,4851.889,-1,0.10300000000006548,BACKFILL_AUTO
2026-06-18 13:49:10,1781790550,R_10,4851.92,1,0.03099999999994907,BACKFILL_AUTO
2026-06-18 13:49:12,1781790552,R_10,4851.861,-1,0.05900000000019645,BACKFILL_AUTO
2026-06-18 13:49:14,1781790554,R_10,4851.812,-1,0.04899999999997817,BACKFILL_AUTO
2026-06-18 13:49:16,1781790556,R_10,4851.723,-1,0.08899999999994179,BACKFILL_AUTO
2026-06-18 13:49:18,1781790558,R_10,4851.634,-1,0.08899999999994179,BACKFILL_AUTO
2026-06-18 13:49:20,1781790560,R_10,4851.756,1,0.12200000000029831,BACKFILL_AUTO
2026-06-18 13:49:22,1781790562,R_10,4851.699,-1,0.05700000000069849,BACKFILL_AUTO
2026-06-18 13:49:24,1781790564,R_10,4851.755,1,0.056000000000494765,BACKFILL_AUTO
2026-06-18 13:49:26,1781790566,R_10,4851.694,-1,0.06099999999969441,BACKFILL_AUTO
2026-06-18 13:49:28,1781790568,R_10,4851.721,1,0.02699999999913416,BACKFILL_AUTO
2026-06-18 13:49:30,1781790570,R_10,4851.713,-1,0.007999999999810825,BACKFILL_AUTO
2026-06-18 13:49:32,1781790572,R_10,4851.663,-1,0.0500000000001819,BACKFILL_AUTO
2026-06-18 13:49:34,1781790574,R_10,4851.736,1,0.07300000000032014,BACKFILL_AUTO
2026-06-18 13:49:36,1781790576,R_10,4851.737,1,0.0010000000002037268,BACKFILL_AUTO
2026-06-18 13:49:38,1781790578,R_10,4851.768,1,0.03099999999994907,BACKFILL_AUTO
2026-06-18 13:49:40,1781790580,R_10,4851.911,1,0.1430000000000291,BACKFILL_AUTO
2026-06-18 13:49:42,1781790582,R_10,4851.841,-1,0.06999999999970896,BACKFILL_AUTO
2026-06-18 13:49:44,1781790584,R_10,4851.961,1,0.11999999999989086,BACKFILL_AUTO
2026-06-18 13:49:46,1781790586,R_10,4851.94,-1,0.021000000000640284,BACKFILL_AUTO
2026-06-18 13:49:48,1781790588,R_10,4851.927,-1,0.012999999999919964,BACKFILL_AUTO
2026-06-18 13:49:50,1781790590,R_10,4851.816,-1,0.11099999999987631,BACKFILL_AUTO
2026-06-18 13:49:52,1781790592,R_10,4851.824,1,0.007999999999810825,BACKFILL_AUTO
2026-06-18 13:49:54,1781790594,R_10,4851.871,1,0.04700000000048021,BACKFILL_AUTO
2026-06-18 13:49:56,1781790596,R_10,4852.09,1,0.21900000000005093,BACKFILL_AUTO
2026-06-18 13:49:58,1781790598,R_10,4852.084,-1,0.006000000000312866,BACKFILL_AUTO
2026-06-18 13:50:00,1781790600,R_10,4852.151,1,0.06700000000000728,BACKFILL_AUTO
2026-06-18 13:50:02,1781790602,R_10,4852.277,1,0.12600000000020373,BACKFILL_AUTO
2026-06-18 13:50:04,1781790604,R_10,4852.233,-1,0.04399999999986903,BACKFILL_AUTO
2026-06-18 13:50:06,1781790606,R_10,4852.204,-1,0.02900000000045111,BACKFILL_AUTO
2026-06-18 13:50:08,1781790608,R_10,4852.413,1,0.20899999999983265,BACKFILL_AUTO
2026-06-18 13:50:10,1781790610,R_10,4852.292,-1,0.12099999999918509,BACKFILL_AUTO
2026-06-18 13:50:12,1781790612,R_10,4852.326,1,0.033999999999650754,BACKFILL_AUTO
2026-06-18 13:50:14,1781790614,R_10,4852.385,1,0.05900000000019645,BACKFILL_AUTO
2026-06-18 13:50:16,1781790616,R_10,4852.386,1,0.0010000000002037268,BACKFILL_AUTO
2026-06-18 13:50:18,1781790618,R_10,4852.569,1,0.18299999999999272,BACKFILL_AUTO
2026-06-18 13:50:20,1781790620,R_10,4852.611,1,0.04199999999946158,BACKFILL_AUTO
2026-06-18 13:50:22,1781790622,R_10,4852.601,-1,0.010000000000218279,BACKFILL_AUTO
2026-06-18 13:50:24,1781790624,R_10,4852.477,-1,0.12399999999979627,BACKFILL_AUTO
2026-06-18 13:50:26,1781790626,R_10,4852.566,1,0.08899999999994179,BACKFILL_AUTO
2026-06-18 13:50:28,1781790628,R_10,4852.76,1,0.19400000000041473,BACKFILL_AUTO
2026-06-18 13:50:30,1781790630,R_10,4852.882,1,0.12199999999938882,BACKFILL_AUTO
2026-06-18 13:50:32,1781790632,R_10,4852.921,1,0.03900000000066939,BACKFILL_AUTO
2026-06-18 13:50:34,1781790634,R_10,4853.02,1,0.09900000000016007,BACKFILL_AUTO
2026-06-18 13:50:36,1781790636,R_10,4853.178,1,0.15799999999944703,BACKFILL_AUTO
2026-06-18 13:50:38,1781790638,R_10,4853.243,1,0.06500000000050932,BACKFILL_AUTO
2026-06-18 13:50:40,1781790640,R_10,4853.095,-1,0.14800000000013824,BACKFILL_AUTO
2026-06-18 13:50:42,1781790642,R_10,4853.011,-1,0.08399999999983265,BACKFILL_AUTO
2026-06-18 13:50:44,1781790644,R_10,4852.796,-1,0.21500000000014552,BACKFILL_AUTO
2026-06-18 13:50:46,1781790646,R_10,4852.974,1,0.17799999999988358,BACKFILL_AUTO
2026-06-18 13:50:48,1781790648,R_10,4852.938,-1,0.03600000000005821,BACKFILL_AUTO
2026-06-18 13:50:50,1781790650,R_10,4852.927,-1,0.011000000000422006,BACKFILL_AUTO
2026-06-18 13:50:52,1781790652,R_10,4852.956,1,0.02900000000045111,BACKFILL_AUTO
2026-06-18 13:50:54,1781790654,R_10,4853.032,1,0.07600000000002183,BACKFILL_AUTO
2026-06-18 13:50:56,1781790656,R_10,4852.967,-1,0.06500000000050932,BACKFILL_AUTO
2026-06-18 13:50:58,1781790658,R_10,4853.07,1,0.10300000000006548,BACKFILL_AUTO
2026-06-18 13:51:00,1781790660,R_10,4853.053,-1,0.016999999999825377,BACKFILL_AUTO
2026-06-18 13:51:02,1781790662,R_10,4852.918,-1,0.13500000000021828,BACKFILL_AUTO
2026-06-18 13:51:04,1781790664,R_10,4853.096,1,0.17799999999988358,BACKFILL_AUTO
2026-06-18 13:51:06,1781790666,R_10,4852.894,-1,0.20199999999931606,BACKFILL_AUTO
2026-06-18 13:51:08,1781790668,R_10,4852.92,1,0.02599999999983993,BACKFILL_AUTO
2026-06-18 13:51:10,1781790670,R_10,4852.894,-1,0.02599999999983993,BACKFILL_AUTO
2026-06-18 13:51:12,1781790672,R_10,4852.794,-1,0.1000000000003638,BACKFILL_AUTO
2026-06-18 13:51:14,1781790674,R_10,4852.915,1,0.12100000000009459,BACKFILL_AUTO
2026-06-18 13:51:16,1781790676,R_10,4852.948,1,0.03300000000035652,BACKFILL_AUTO
2026-06-18 13:51:18,1781790678,R_10,4852.968,1,0.019999999999527063,BACKFILL_AUTO
2026-06-18 13:51:20,1781790680,R_10,4852.899,-1,0.06899999999950523,BACKFILL_AUTO
2026-06-18 13:51:22,1781790682,R_10,4852.745,-1,0.1540000000004511,BACKFILL_AUTO
2026-06-18 13:51:24,1781790684,R_10,4852.625,-1,0.11999999999989086,BACKFILL_AUTO
2026-06-18 13:51:26,1781790686,R_10,4852.578,-1,0.04699999999957072,BACKFILL_AUTO
2026-06-18 13:51:28,1781790688,R_10,4852.808,1,0.22999999999956344,BACKFILL_AUTO
2026-06-18 13:51:30,1781790690,R_10,4852.615,-1,0.193000000000211,BACKFILL_AUTO
2026-06-18 13:51:32,1781790692,R_10,4852.721,1,0.10599999999976717,BACKFILL_AUTO
2026-06-18 13:51:34,1781790694,R_10,4852.592,-1,0.1289999999999054,BACKFILL_AUTO
2026-06-18 13:51:36,1781790696,R_10,4852.52,-1,0.07199999999920692,BACKFILL_AUTO
2026-06-18 13:51:38,1781790698,R_10,4852.463,-1,0.05700000000069849,BACKFILL_AUTO
2026-06-18 13:51:40,1781790700,R_10,4852.548,1,0.08500000000003638,BACKFILL_AUTO
2026-06-18 13:51:42,1781790702,R_10,4852.747,1,0.19900000000052387,BACKFILL_AUTO
2026-06-18 13:51:44,1781790704,R_10,4852.815,1,0.06799999999930151,BACKFILL_AUTO
2026-06-18 13:51:46,1781790706,R_10,4852.921,1,0.10600000000067666,BACKFILL_AUTO
2026-06-18 13:51:48,1781790708,R_10,4853.203,1,0.2820000000001528,BACKFILL_AUTO
2026-06-18 13:51:50,1781790710,R_10,4853.047,-1,0.15600000000085856,BACKFILL_AUTO
2026-06-18 13:51:52,1781790712,R_10,4853.091,1,0.04400000000077853,BACKFILL_AUTO
2026-06-18 13:51:54,1781790714,R_10,4853.001,-1,0.09000000000014552,BACKFILL_AUTO
2026-06-18 13:51:56,1781790716,R_10,4853.043,1,0.04199999999946158,BACKFILL_AUTO
2026-06-18 13:51:58,1781790718,R_10,4852.981,-1,0.06199999999989814,BACKFILL_AUTO
2026-06-18 13:52:00,1781790720,R_10,4853.243,1,0.26200000000062573,BACKFILL_AUTO
2026-06-18 13:52:02,1781790722,R_10,4853.509,1,0.26599999999962165,BACKFILL_AUTO
2026-06-18 13:52:04,1781790724,R_10,4853.529,1,0.020000000000436557,BACKFILL_AUTO
2026-06-18 13:52:06,1781790726,R_10,4853.337,-1,0.19200000000000728,BACKFILL_AUTO
2026-06-18 13:52:08,1781790728,R_10,4853.611,1,0.2739999999994325,BACKFILL_AUTO
2026-06-18 13:52:10,1781790730,R_10,4853.555,-1,0.05599999999958527,BACKFILL_AUTO
2026-06-18 13:52:12,1781790732,R_10,4853.745,1,0.18999999999959982,BACKFILL_AUTO
2026-06-18 13:52:14,1781790734,R_10,4853.591,-1,0.15399999999954161,BACKFILL_AUTO
2026-06-18 13:52:16,1781790736,R_10,4853.671,1,0.07999999999992724,BACKFILL_AUTO
2026-06-18 13:52:18,1781790738,R_10,4853.683,1,0.011999999999716238,BACKFILL_AUTO
2026-06-18 13:52:20,1781790740,R_10,4853.807,1,0.12399999999979627,BACKFILL_AUTO
2026-06-18 13:52:22,1781790742,R_10,4853.909,1,0.10199999999986176,BACKFILL_AUTO
2026-06-18 13:52:24,1781790744,R_10,4853.934,1,0.025000000000545697,BACKFILL_AUTO
2026-06-18 13:52:26,1781790746,R_10,4854.069,1,0.13500000000021828,BACKFILL_AUTO
2026-06-18 13:52:28,1781790748,R_10,4853.879,-1,0.19000000000050932,BACKFILL_AUTO
2026-06-18 13:52:30,1781790750,R_10,4853.929,1,0.0500000000001819,BACKFILL_AUTO
2026-06-18 13:52:32,1781790752,R_10,4853.838,-1,0.09100000000034925,BACKFILL_AUTO
2026-06-18 13:52:34,1781790754,R_10,4853.874,1,0.03600000000005821,BACKFILL_AUTO
2026-06-18 13:52:36,1781790756,R_10,4853.9,1,0.02599999999983993,BACKFILL_AUTO
2026-06-18 13:52:38,1781790758,R_10,4853.908,1,0.00800000000072032,BACKFILL_AUTO
2026-06-18 13:52:40,1781790760,R_10,4853.615,-1,0.2930000000005748,BACKFILL_AUTO
2026-06-18 13:52:42,1781790762,R_10,4853.554,-1,0.06099999999969441,BACKFILL_AUTO
2026-06-18 13:52:44,1781790764,R_10,4853.596,1,0.04199999999946158,BACKFILL_AUTO
2026-06-18 13:52:46,1781790766,R_10,4853.472,-1,0.12399999999979627,BACKFILL_AUTO
2026-06-18 13:52:48,1781790768,R_10,4853.408,-1,0.0639999999993961,BACKFILL_AUTO
2026-06-18 13:52:50,1781790770,R_10,4853.334,-1,0.07400000000052387,BACKFILL_AUTO
2026-06-18 13:52:52,1781790772,R_10,4853.509,1,0.1750000000001819,BACKFILL_AUTO
2026-06-18 13:52:54,1781790774,R_10,4853.323,-1,0.1859999999996944,BACKFILL_AUTO
2026-06-18 13:52:56,1781790776,R_10,4853.349,1,0.02599999999983993,BACKFILL_AUTO
2026-06-18 13:52:58,1781790778,R_10,4853.488,1,0.1390000000001237,BACKFILL_AUTO
2026-06-18 13:53:00,1781790780,R_10,4853.393,-1,0.09500000000025466,BACKFILL_AUTO
2026-06-18 13:53:02,1781790782,R_10,4853.494,1,0.10099999999965803,BACKFILL_AUTO
2026-06-18 13:53:04,1781790784,R_10,4853.308,-1,0.1859999999996944,BACKFILL_AUTO
2026-06-18 13:53:06,1781790786,R_10,4853.487,1,0.1790000000000873,BACKFILL_AUTO
2026-06-18 13:53:08,1781790788,R_10,4853.445,-1,0.042000000000371074,BACKFILL_AUTO
2026-06-18 13:53:10,1781790790,R_10,4853.553,1,0.10800000000017462,BACKFILL_AUTO
2026-06-18 13:53:12,1781790792,R_10,4853.461,-1,0.09199999999964348,BACKFILL_AUTO
2026-06-18 13:53:14,1781790794,R_10,4853.663,1,0.20199999999931606,BACKFILL_AUTO
2026-06-18 13:53:16,1781790796,R_10,4853.639,-1,0.023999999999432475,BACKFILL_AUTO
2026-06-18 13:53:18,1781790798,R_10,4853.739,1,0.0999999999994543,BACKFILL_AUTO
2026-06-18 13:53:20,1781790800,R_10,4853.726,-1,0.012999999999919964,BACKFILL_AUTO
2026-06-18 13:53:22,1781790802,R_10,4853.65,-1,0.07600000000002183,BACKFILL_AUTO
2026-06-18 13:53:24,1781790804,R_10,4853.437,-1,0.21299999999973807,BACKFILL_AUTO
2026-06-18 13:53:26,1781790806,R_10,4853.506,1,0.06900000000041473,BACKFILL_AUTO
2026-06-18 13:53:28,1781790808,R_10,4853.526,1,0.019999999999527063,BACKFILL_AUTO
2026-06-18 13:53:30,1781790810,R_10,4853.487,-1,0.03899999999975989,BACKFILL_AUTO
2026-06-18 13:53:32,1781790812,R_10,4853.59,1,0.10300000000006548,BACKFILL_AUTO
2026-06-18 13:53:34,1781790814,R_10,4853.352,-1,0.23800000000028376,BACKFILL_AUTO
2026-06-18 13:53:36,1781790816,R_10,4853.597,1,0.24499999999989086,BACKFILL_AUTO
2026-06-18 13:53:38,1781790818,R_10,4853.418,-1,0.1790000000000873,BACKFILL_AUTO
2026-06-18 13:53:40,1781790820,R_10,4853.258,-1,0.15999999999985448,BACKFILL_AUTO
2026-06-18 13:53:42,1781790822,R_10,4853.308,1,0.0500000000001819,BACKFILL_AUTO
2026-06-18 13:53:44,1781790824,R_10,4853.377,1,0.06900000000041473,BACKFILL_AUTO
2026-06-18 13:53:46,1781790826,R_10,4853.466,1,0.08899999999994179,BACKFILL_AUTO
2026-06-18 13:53:48,1781790828,R_10,4853.491,1,0.024999999999636202,BACKFILL_AUTO
2026-06-18 13:53:50,1781790830,R_10,4853.529,1,0.03800000000046566,BACKFILL_AUTO
2026-06-18 13:53:52,1781790832,R_10,4853.633,1,0.10399999999935972,BACKFILL_AUTO
2026-06-18 13:53:54,1781790834,R_10,4853.757,1,0.12399999999979627,BACKFILL_AUTO
2026-06-18 13:53:56,1781790836,R_10,4853.59,-1,0.16699999999946158,BACKFILL_AUTO
2026-06-18 13:53:58,1781790838,R_10,4853.511,-1,0.07899999999972351,BACKFILL_AUTO
2026-06-18 13:54:00,1781790840,R_10,4853.564,1,0.052999999999883585,BACKFILL_AUTO
2026-06-18 13:54:02,1781790842,R_10,4853.603,1,0.03899999999975989,BACKFILL_AUTO
2026-06-18 13:54:04,1781790844,R_10,4853.693,1,0.09000000000014552,BACKFILL_AUTO
2026-06-18 13:54:06,1781790846,R_10,4853.544,-1,0.14900000000034197,BACKFILL_AUTO
2026-06-18 13:54:08,1781790848,R_10,4853.584,1,0.03999999999996362,BACKFILL_AUTO
2026-06-18 13:54:10,1781790850,R_10,4853.516,-1,0.068000000000211,BACKFILL_AUTO
2026-06-18 13:54:12,1781790852,R_10,4853.515,-1,0.0009999999992942321,BACKFILL_AUTO
2026-06-18 13:54:14,1781790854,R_10,4853.45,-1,0.06500000000050932,BACKFILL_AUTO
2026-06-18 13:54:16,1781790856,R_10,4853.533,1,0.08300000000053842,BACKFILL_AUTO
2026-06-18 13:54:18,1781790858,R_10,4853.651,1,0.11799999999948341,BACKFILL_AUTO
2026-06-18 13:54:20,1781790860,R_10,4853.624,-1,0.027000000000043656,BACKFILL_AUTO
2026-06-18 13:54:22,1781790862,R_10,4853.507,-1,0.11700000000018917,BACKFILL_AUTO
2026-06-18 13:54:24,1781790864,R_10,4853.563,1,0.056000000000494765,BACKFILL_AUTO
2026-06-18 13:54:26,1781790866,R_10,4853.653,1,0.09000000000014552,BACKFILL_AUTO
2026-06-18 13:54:28,1781790868,R_10,4853.707,1,0.05400000000008731,BACKFILL_AUTO
2026-06-18 13:54:30,1781790870,R_10,4853.842,1,0.13499999999930878,BACKFILL_AUTO
2026-06-18 13:54:32,1781790872,R_10,4853.828,-1,0.013999999999214197,BACKFILL_AUTO
2026-06-18 13:54:34,1781790874,R_10,4853.861,1,0.03299999999944703,BACKFILL_AUTO
2026-06-18 13:54:36,1781790876,R_10,4853.758,-1,0.10300000000006548,BACKFILL_AUTO
2026-06-18 13:54:38,1781790878,R_10,4853.793,1,0.03499999999985448,BACKFILL_AUTO
2026-06-18 13:54:40,1781790880,R_10,4853.713,-1,0.07999999999992724,BACKFILL_AUTO
2026-06-18 13:54:42,1781790882,R_10,4853.84,1,0.12700000000040745,BACKFILL_AUTO
2026-06-18 13:54:44,1781790884,R_10,4853.862,1,0.021999999999934516,BACKFILL_AUTO
2026-06-18 13:54:46,1781790886,R_10,4853.842,-1,0.020000000000436557,BACKFILL_AUTO
2026-06-18 13:54:48,1781790888,R_10,4854.151,1,0.30900000000019645,BACKFILL_AUTO
2026-06-18 13:54:50,1781790890,R_10,4854.199,1,0.047999999999774445,BACKFILL_AUTO
2026-06-18 13:54:52,1781790892,R_10,4854.113,-1,0.08599999999933061,BACKFILL_AUTO
2026-06-18 13:54:54,1781790894,R_10,4854.067,-1,0.046000000000276486,BACKFILL_AUTO
2026-06-18 13:54:56,1781790896,R_10,4853.961,-1,0.10599999999976717,BACKFILL_AUTO
2026-06-18 13:54:58,1781790898,R_10,4853.887,-1,0.07400000000052387,BACKFILL_AUTO
2026-06-18 13:55:00,1781790900,R_10,4853.701,-1,0.1859999999996944,BACKFILL_AUTO
2026-06-18 13:55:02,1781790902,R_10,4853.8,1,0.09900000000016007,BACKFILL_AUTO
2026-06-18 13:55:04,1781790904,R_10,4853.881,1,0.08100000000013097,BACKFILL_AUTO
2026-06-18 13:55:06,1781790906,R_10,4853.881,0,0.0,BACKFILL_AUTO
2026-06-18 13:55:08,1781790908,R_10,4853.817,-1,0.06400000000030559,BACKFILL_AUTO
2026-06-18 13:55:10,1781790910,R_10,4853.742,-1,0.0749999999998181,BACKFILL_AUTO
2026-06-18 13:55:12,1781790912,R_10,4854.091,1,0.34900000000016007,BACKFILL_AUTO
2026-06-18 13:55:14,1781790914,R_10,4854.138,1,0.04699999999957072,BACKFILL_AUTO
2026-06-18 13:55:16,1781790916,R_10,4854.273,1,0.13500000000021828,BACKFILL_AUTO
2026-06-18 13:55:18,1781790918,R_10,4854.299,1,0.02599999999983993,BACKFILL_AUTO
2026-06-18 13:55:20,1781790920,R_10,4854.132,-1,0.16700000000037107,BACKFILL_AUTO
2026-06-18 13:55:22,1781790922,R_10,4854.172,1,0.03999999999996362,BACKFILL_AUTO
2026-06-18 13:55:24,1781790924,R_10,4854.048,-1,0.12399999999979627,BACKFILL_AUTO
2026-06-18 13:55:26,1781790926,R_10,4854.034,-1,0.014000000000123691,BACKFILL_AUTO
2026-06-18 13:55:28,1781790928,R_10,4854.047,1,0.012999999999919964,BACKFILL_AUTO
2026-06-18 13:55:30,1781790930,R_10,4854.108,1,0.061000000000603904,BACKFILL_AUTO
2026-06-18 13:55:32,1781790932,R_10,4854.118,1,0.010000000000218279,BACKFILL_AUTO
2026-06-18 13:55:34,1781790934,R_10,4854.186,1,0.06799999999930151,BACKFILL_AUTO
2026-06-18 13:55:36,1781790936,R_10,4854.177,-1,0.009000000000014552,BACKFILL_AUTO
2026-06-18 13:55:38,1781790938,R_10,4854.138,-1,0.03899999999975989,BACKFILL_AUTO
2026-06-18 13:55:40,1781790940,R_10,4853.934,-1,0.2039999999997235,BACKFILL_AUTO
2026-06-18 13:55:42,1781790942,R_10,4854.056,1,0.12199999999938882,BACKFILL_AUTO
2026-06-18 13:55:44,1781790944,R_10,4854.023,-1,0.03299999999944703,BACKFILL_AUTO
2026-06-18 13:55:46,1781790946,R_10,4854.125,1,0.10199999999986176,BACKFILL_AUTO
2026-06-18 13:55:48,1781790948,R_10,4854.124,-1,0.0010000000002037268,BACKFILL_AUTO
2026-06-18 13:55:50,1781790950,R_10,4854.383,1,0.25900000000001455,BACKFILL_AUTO
2026-06-18 13:55:52,1781790952,R_10,4854.316,-1,0.06700000000000728,BACKFILL_AUTO
2026-06-18 13:55:54,1781790954,R_10,4854.51,1,0.19400000000041473,BACKFILL_AUTO
2026-06-18 13:55:56,1781790956,R_10,4854.49,-1,0.020000000000436557,BACKFILL_AUTO
2026-06-18 13:55:58,1781790958,R_10,4854.591,1,0.10100000000056752,BACKFILL_AUTO
2026-06-18 13:56:00,1781790960,R_10,4854.451,-1,0.14000000000032742,BACKFILL_AUTO
2026-06-18 13:56:02,1781790962,R_10,4854.495,1,0.04399999999986903,BACKFILL_AUTO
2026-06-18 13:56:04,1781790964,R_10,4854.82,1,0.3249999999998181,BACKFILL_AUTO
2026-06-18 13:56:06,1781790966,R_10,4854.858,1,0.03800000000046566,BACKFILL_AUTO
2026-06-18 13:56:08,1781790968,R_10,4855.048,1,0.18999999999959982,BACKFILL_AUTO
2026-06-18 13:56:10,1781790970,R_10,4855.014,-1,0.033999999999650754,BACKFILL_AUTO
2026-06-18 13:56:12,1781790972,R_10,4854.72,-1,0.29399999999986903,BACKFILL_AUTO
2026-06-18 13:56:14,1781790974,R_10,4854.797,1,0.07699999999931606,BACKFILL_AUTO
2026-06-18 13:56:16,1781790976,R_10,4854.913,1,0.11599999999998545,BACKFILL_AUTO
2026-06-18 13:56:18,1781790978,R_10,4855.067,1,0.1540000000004511,BACKFILL_AUTO
2026-06-18 13:56:20,1781790980,R_10,4855.012,-1,0.05500000000029104,BACKFILL_AUTO
2026-06-18 13:56:22,1781790982,R_10,4855.053,1,0.04100000000016735,BACKFILL_AUTO
2026-06-18 13:56:24,1781790984,R_10,4854.975,-1,0.07799999999951979,BACKFILL_AUTO
2026-06-18 13:56:26,1781790986,R_10,4855.234,1,0.25900000000001455,BACKFILL_AUTO
2026-06-18 13:56:28,1781790988,R_10,4855.06,-1,0.17399999999997817,BACKFILL_AUTO
2026-06-18 13:56:30,1781790990,R_10,4854.819,-1,0.24099999999998545,BACKFILL_AUTO
2026-06-18 13:56:32,1781790992,R_10,4854.899,1,0.07999999999992724,BACKFILL_AUTO
2026-06-18 13:56:34,1781790994,R_10,4854.772,-1,0.12700000000040745,BACKFILL_AUTO
2026-06-18 13:56:36,1781790996,R_10,4854.644,-1,0.12799999999970169,BACKFILL_AUTO
2026-06-18 13:56:38,1781790998,R_10,4854.54,-1,0.10400000000026921,BACKFILL_AUTO
2026-06-18 13:56:40,1781791000,R_10,4854.562,1,0.021999999999934516,BACKFILL_AUTO
2026-06-18 13:56:42,1781791002,R_10,4854.811,1,0.24899999999979627,BACKFILL_AUTO
2026-06-18 13:56:44,1781791004,R_10,4854.861,1,0.0500000000001819,BACKFILL_AUTO
2026-06-18 13:56:46,1781791006,R_10,4854.931,1,0.06999999999970896,BACKFILL_AUTO
2026-06-18 13:56:48,1781791008,R_10,4854.658,-1,0.27299999999922875,BACKFILL_AUTO
2026-06-18 13:56:50,1781791010,R_10,4854.807,1,0.14899999999943248,BACKFILL_AUTO
2026-06-18 13:56:52,1781791012,R_10,4854.851,1,0.04399999999986903,BACKFILL_AUTO
2026-06-18 13:56:54,1781791014,R_10,4855.088,1,0.23700000000008004,BACKFILL_AUTO
2026-06-18 13:56:56,1781791016,R_10,4855.072,-1,0.01599999999962165,BACKFILL_AUTO
2026-06-18 13:56:58,1781791018,R_10,4854.876,-1,0.1959999999999127,BACKFILL_AUTO
2026-06-18 13:57:00,1781791020,R_10,4854.946,1,0.06999999999970896,BACKFILL_AUTO
2026-06-18 13:57:02,1781791022,R_10,4855.024,1,0.07800000000042928,BACKFILL_AUTO
2026-06-18 13:57:04,1781791024,R_10,4854.933,-1,0.09100000000034925,BACKFILL_AUTO
2026-06-18 13:57:06,1781791026,R_10,4854.745,-1,0.18800000000010186,BACKFILL_AUTO
2026-06-18 13:57:08,1781791028,R_10,4854.659,-1,0.0860000000002401,BACKFILL_AUTO
2026-06-18 13:57:10,1781791030,R_10,4854.588,-1,0.07099999999991269,BACKFILL_AUTO
2026-06-18 13:57:12,1781791032,R_10,4854.504,-1,0.08399999999983265,BACKFILL_AUTO
2026-06-18 13:57:14,1781791034,R_10,4854.583,1,0.07899999999972351,BACKFILL_AUTO
2026-06-18 13:57:16,1781791036,R_10,4854.679,1,0.09600000000045839,BACKFILL_AUTO
2026-06-18 13:57:18,1781791038,R_10,4854.587,-1,0.09199999999964348,BACKFILL_AUTO
2026-06-18 13:57:20,1781791040,R_10,4854.594,1,0.006999999999607098,BACKFILL_AUTO
2026-06-18 13:57:22,1781791042,R_10,4854.575,-1,0.01900000000023283,BACKFILL_AUTO
2026-06-18 13:57:24,1781791044,R_10,4854.592,1,0.016999999999825377,BACKFILL_AUTO
2026-06-18 13:57:26,1781791046,R_10,4854.587,-1,0.004999999999199645,BACKFILL_AUTO
2026-06-18 13:57:28,1781791048,R_10,4854.816,1,0.22899999999935972,BACKFILL_AUTO
2026-06-18 13:57:30,1781791050,R_10,4855.033,1,0.21700000000055297,BACKFILL_AUTO
2026-06-18 13:57:32,1781791052,R_10,4855.106,1,0.07299999999941065,BACKFILL_AUTO
2026-06-18 13:57:34,1781791054,R_10,4855.157,1,0.051000000000385626,BACKFILL_AUTO
2026-06-18 13:57:36,1781791056,R_10,4855.21,1,0.052999999999883585,BACKFILL_AUTO
2026-06-18 13:57:38,1781791058,R_10,4855.137,-1,0.07300000000032014,BACKFILL_AUTO
2026-06-18 13:57:40,1781791060,R_10,4855.304,1,0.16700000000037107,BACKFILL_AUTO
2026-06-18 13:57:42,1781791062,R_10,4855.388,1,0.08399999999983265,BACKFILL_AUTO
2026-06-18 13:57:44,1781791064,R_10,4855.226,-1,0.16200000000026193,BACKFILL_AUTO
2026-06-18 13:57:46,1781791066,R_10,4855.049,-1,0.17699999999967986,BACKFILL_AUTO
2026-06-18 13:57:48,1781791068,R_10,4855.055,1,0.006000000000312866,BACKFILL_AUTO
2026-06-18 13:57:50,1781791070,R_10,4855.145,1,0.09000000000014552,BACKFILL_AUTO
2026-06-18 13:57:52,1781791072,R_10,4855.19,1,0.044999999999163265,BACKFILL_AUTO
2026-06-18 13:57:54,1781791074,R_10,4855.096,-1,0.09400000000005093,BACKFILL_AUTO
2026-06-18 13:57:56,1781791076,R_10,4855.076,-1,0.019999999999527063,BACKFILL_AUTO
2026-06-18 13:57:58,1781791078,R_10,4855.029,-1,0.04699999999957072,BACKFILL_AUTO
2026-06-18 13:58:00,1781791080,R_10,4855.161,1,0.1319999999996071,BACKFILL_AUTO
2026-06-18 13:58:02,1781791082,R_10,4855.241,1,0.07999999999992724,BACKFILL_AUTO
2026-06-18 13:58:04,1781791084,R_10,4855.316,1,0.0749999999998181,BACKFILL_AUTO
2026-06-18 13:58:06,1781791086,R_10,4855.298,-1,0.018000000000029104,BACKFILL_AUTO
2026-06-18 13:58:08,1781791088,R_10,4855.332,1,0.03400000000056025,BACKFILL_AUTO
2026-06-18 13:58:10,1781791090,R_10,4855.482,1,0.1499999999996362,BACKFILL_AUTO
2026-06-18 13:58:12,1781791092,R_10,4855.326,-1,0.15599999999994907,BACKFILL_AUTO
2026-06-18 13:58:14,1781791094,R_10,4855.097,-1,0.2290000000002692,BACKFILL_AUTO
2026-06-18 13:58:16,1781791096,R_10,4854.934,-1,0.16299999999955617,BACKFILL_AUTO
2026-06-18 13:58:18,1781791098,R_10,4854.924,-1,0.010000000000218279,BACKFILL_AUTO
2026-06-18 13:58:20,1781791100,R_10,4855.011,1,0.08700000000044383,BACKFILL_AUTO
2026-06-18 13:58:22,1781791102,R_10,4855.123,1,0.11199999999917054,BACKFILL_AUTO
2026-06-18 13:58:24,1781791104,R_10,4855.106,-1,0.016999999999825377,BACKFILL_AUTO
2026-06-18 13:58:26,1781791106,R_10,4855.149,1,0.0430000000005748,BACKFILL_AUTO
2026-06-18 13:58:28,1781791108,R_10,4855.186,1,0.03699999999935244,BACKFILL_AUTO
2026-06-18 13:58:30,1781791110,R_10,4855.235,1,0.04899999999997817,BACKFILL_AUTO
2026-06-18 13:58:32,1781791112,R_10,4855.26,1,0.025000000000545697,BACKFILL_AUTO
2026-06-18 13:58:34,1781791114,R_10,4855.35,1,0.09000000000014552,BACKFILL_AUTO
2026-06-18 13:58:36,1781791116,R_10,4855.308,-1,0.042000000000371074,BACKFILL_AUTO
2026-06-18 13:58:38,1781791118,R_10,4855.29,-1,0.018000000000029104,BACKFILL_AUTO
2026-06-18 13:58:40,1781791120,R_10,4855.392,1,0.10199999999986176,BACKFILL_AUTO
2026-06-18 13:58:42,1781791122,R_10,4855.363,-1,0.028999999999541615,BACKFILL_AUTO
2026-06-18 13:58:44,1781791124,R_10,4855.538,1,0.1749999999992724,BACKFILL_AUTO
2026-06-18 13:58:46,1781791126,R_10,4855.817,1,0.2790000000004511,BACKFILL_AUTO
2026-06-18 13:58:48,1781791128,R_10,4855.803,-1,0.014000000000123691,BACKFILL_AUTO
2026-06-18 13:58:50,1781791130,R_10,4856.115,1,0.31199999999989814,BACKFILL_AUTO
2026-06-18 13:58:52,1781791132,R_10,4856.105,-1,0.010000000000218279,BACKFILL_AUTO
2026-06-18 13:58:54,1781791134,R_10,4855.918,-1,0.18699999999989814,BACKFILL_AUTO
2026-06-18 13:58:56,1781791136,R_10,4855.978,1,0.06000000000040018,BACKFILL_AUTO
2026-06-18 13:58:58,1781791138,R_10,4856.177,1,0.19899999999961437,BACKFILL_AUTO
2026-06-18 13:59:00,1781791140,R_10,4856.142,-1,0.03499999999985448,BACKFILL_AUTO
2026-06-18 13:59:02,1781791142,R_10,4856.193,1,0.051000000000385626,BACKFILL_AUTO
2026-06-18 13:59:04,1781791144,R_10,4856.167,-1,0.02599999999983993,BACKFILL_AUTO
2026-06-18 13:59:06,1781791146,R_10,4856.201,1,0.033999999999650754,BACKFILL_AUTO
2026-06-18 13:59:08,1781791148,R_10,4856.267,1,0.06599999999980355,BACKFILL_AUTO
2026-06-18 13:59:10,1781791150,R_10,4856.279,1,0.012000000000625732,BACKFILL_AUTO
2026-06-18 13:59:12,1781791152,R_10,4856.033,-1,0.2460000000000946,BACKFILL_AUTO
2026-06-18 13:59:14,1781791154,R_10,4855.913,-1,0.12000000000080036,BACKFILL_AUTO
2026-06-18 13:59:16,1781791156,R_10,4855.96,1,0.04700000000048021,BACKFILL_AUTO
2026-06-18 13:59:18,1781791158,R_10,4855.754,-1,0.20600000000013097,BACKFILL_AUTO
2026-06-18 13:59:20,1781791160,R_10,4855.96,1,0.20600000000013097,BACKFILL_AUTO
2026-06-18 13:59:22,1781791162,R_10,4856.21,1,0.25,BACKFILL_AUTO
2026-06-18 13:59:24,1781791164,R_10,4856.041,-1,0.16899999999986903,BACKFILL_AUTO
2026-06-18 13:59:26,1781791166,R_10,4856.014,-1,0.027000000000043656,BACKFILL_AUTO
2026-06-18 13:59:28,1781791168,R_10,4855.941,-1,0.07300000000032014,BACKFILL_AUTO
2026-06-18 13:59:30,1781791170,R_10,4855.773,-1,0.1679999999996653,BACKFILL_AUTO
2026-06-18 13:59:32,1781791172,R_10,4855.886,1,0.11300000000028376,BACKFILL_AUTO
2026-06-18 13:59:34,1781791174,R_10,4856.127,1,0.24099999999998545,BACKFILL_AUTO
2026-06-18 13:59:36,1781791176,R_10,4856.24,1,0.11299999999937427,BACKFILL_AUTO
2026-06-18 13:59:38,1781791178,R_10,4855.954,-1,0.2860000000000582,BACKFILL_AUTO
2026-06-18 13:59:40,1781791180,R_10,4855.728,-1,0.22599999999965803,BACKFILL_AUTO
2026-06-18 13:59:42,1781791182,R_10,4855.646,-1,0.0820000000003347,BACKFILL_AUTO
2026-06-18 13:59:44,1781791184,R_10,4855.755,1,0.10900000000037835,BACKFILL_AUTO
2026-06-18 13:59:46,1781791186,R_10,4855.845,1,0.09000000000014552,BACKFILL_AUTO
2026-06-18 13:59:48,1781791188,R_10,4855.849,1,0.0039999999999054126,BACKFILL_AUTO
2026-06-18 13:59:50,1781791190,R_10,4856.068,1,0.21900000000005093,BACKFILL_AUTO
2026-06-18 13:59:52,1781791192,R_10,4856.02,-1,0.047999999999774445,BACKFILL_AUTO
2026-06-18 13:59:54,1781791194,R_10,4856.146,1,0.12599999999929423,BACKFILL_AUTO
2026-06-18 13:59:56,1781791196,R_10,4856.135,-1,0.01099999999951251,BACKFILL_AUTO
2026-06-18 13:59:58,1781791198,R_10,4856.366,1,0.23099999999976717,BACKFILL_AUTO
2026-06-18 14:00:00,1781791200,R_10,4856.42,1,0.05400000000008731,BACKFILL_AUTO
2026-06-18 14:00:02,1781791202,R_10,4856.393,-1,0.027000000000043656,BACKFILL_AUTO
2026-06-18 14:00:04,1781791204,R_10,4856.258,-1,0.13500000000021828,BACKFILL_AUTO
2026-06-18 14:00:06,1781791206,R_10,4856.328,1,0.07000000000061846,BACKFILL_AUTO
2026-06-18 14:00:08,1781791208,R_10,4856.525,1,0.19699999999920692,BACKFILL_AUTO
2026-06-18 14:00:10,1781791210,R_10,4856.465,-1,0.05999999999949068,BACKFILL_AUTO
2026-06-18 14:00:12,1781791212,R_10,4856.351,-1,0.11400000000048749,BACKFILL_AUTO
2026-06-18 14:00:14,1781791214,R_10,4856.312,-1,0.03899999999975989,BACKFILL_AUTO
2026-06-18 14:00:16,1781791216,R_10,4856.27,-1,0.04199999999946158,BACKFILL_AUTO
2026-06-18 14:00:18,1781791218,R_10,4856.596,1,0.32599999999911233,BACKFILL_AUTO
2026-06-18 14:00:20,1781791220,R_10,4856.824,1,0.22800000000006548,BACKFILL_AUTO
2026-06-18 14:00:22,1781791222,R_10,4856.845,1,0.021000000000640284,BACKFILL_AUTO
2026-06-18 14:00:24,1781791224,R_10,4856.811,-1,0.03400000000056025,BACKFILL_AUTO
2026-06-18 14:00:26,1781791226,R_10,4856.863,1,0.05200000000058935,BACKFILL_AUTO
2026-06-18 14:00:28,1781791228,R_10,4856.947,1,0.08399999999983265,BACKFILL_AUTO
2026-06-18 14:00:30,1781791230,R_10,4856.712,-1,0.23499999999967258,BACKFILL_AUTO
2026-06-18 14:00:32,1781791232,R_10,4856.741,1,0.028999999999541615,BACKFILL_AUTO
2026-06-18 14:00:34,1781791234,R_10,4856.871,1,0.13000000000010914,BACKFILL_AUTO
2026-06-18 14:00:36,1781791236,R_10,4856.983,1,0.11200000000008004,BACKFILL_AUTO
2026-06-18 14:00:38,1781791238,R_10,4857.094,1,0.11099999999987631,BACKFILL_AUTO
2026-06-18 14:00:40,1781791240,R_10,4857.12,1,0.02599999999983993,BACKFILL_AUTO
2026-06-18 14:00:42,1781791242,R_10,4857.137,1,0.016999999999825377,BACKFILL_AUTO
2026-06-18 14:00:44,1781791244,R_10,4857.206,1,0.06900000000041473,BACKFILL_AUTO
2026-06-18 14:00:46,1781791246,R_10,4857.1,-1,0.10599999999976717,BACKFILL_AUTO
2026-06-18 14:00:48,1781791248,R_10,4857.094,-1,0.006000000000312866,BACKFILL_AUTO
2026-06-18 14:00:50,1781791250,R_10,4856.979,-1,0.11499999999978172,BACKFILL_AUTO
2026-06-18 14:00:52,1781791252,R_10,4856.811,-1,0.1680000000005748,BACKFILL_AUTO
2026-06-18 14:00:54,1781791254,R_10,4856.694,-1,0.11699999999927968,BACKFILL_AUTO
2026-06-18 14:00:56,1781791256,R_10,4856.528,-1,0.16600000000016735,BACKFILL_AUTO
2026-06-18 14:00:58,1781791258,R_10,4856.401,-1,0.12700000000040745,BACKFILL_AUTO
2026-06-18 14:01:00,1781791260,R_10,4856.285,-1,0.11599999999998545,BACKFILL_AUTO
2026-06-18 14:01:02,1781791262,R_10,4856.161,-1,0.12399999999979627,BACKFILL_AUTO
2026-06-18 14:01:04,1781791264,R_10,4856.013,-1,0.14800000000013824,BACKFILL_AUTO
2026-06-18 14:01:06,1781791266,R_10,4855.861,-1,0.15200000000004366,BACKFILL_AUTO
2026-06-18 14:01:08,1781791268,R_10,4855.956,1,0.09500000000025466,BACKFILL_AUTO
2026-06-18 14:01:10,1781791270,R_10,4855.895,-1,0.06099999999969441,BACKFILL_AUTO
2026-06-18 14:01:12,1781791272,R_10,4855.874,-1,0.021000000000640284,BACKFILL_AUTO
2026-06-18 14:01:14,1781791274,R_10,4855.826,-1,0.047999999999774445,BACKFILL_AUTO
2026-06-18 14:01:16,1781791276,R_10,4855.914,1,0.08799999999973807,BACKFILL_AUTO
2026-06-18 14:01:18,1781791278,R_10,4855.81,-1,0.10399999999935972,BACKFILL_AUTO
2026-06-18 14:01:20,1781791280,R_10,4855.76,-1,0.0500000000001819,BACKFILL_AUTO
2026-06-18 14:01:22,1781791282,R_10,4855.724,-1,0.03600000000005821,BACKFILL_AUTO
2026-06-18 14:01:24,1781791284,R_10,4855.779,1,0.05500000000029104,BACKFILL_AUTO
2026-06-18 14:01:26,1781791286,R_10,4855.986,1,0.2069999999994252,BACKFILL_AUTO
2026-06-18 14:01:28,1781791288,R_10,4856.041,1,0.05500000000029104,BACKFILL_AUTO
2026-06-18 14:01:30,1781791290,R_10,4856.061,1,0.019999999999527063,BACKFILL_AUTO
2026-06-18 14:01:32,1781791292,R_10,4856.11,1,0.04899999999997817,BACKFILL_AUTO
2026-06-18 14:01:34,1781791294,R_10,4856.07,-1,0.03999999999996362,BACKFILL_AUTO
2026-06-18 14:01:36,1781791296,R_10,4855.849,-1,0.2209999999995489,BACKFILL_AUTO
2026-06-18 14:01:38,1781791298,R_10,4855.816,-1,0.03300000000035652,BACKFILL_AUTO
2026-06-18 14:01:40,1781791300,R_10,4855.917,1,0.10100000000056752,BACKFILL_AUTO
2026-06-18 14:01:42,1781791302,R_10,4855.964,1,0.04699999999957072,BACKFILL_AUTO
2026-06-18 14:01:44,1781791304,R_10,4856.29,1,0.32600000000002183,BACKFILL_AUTO
2026-06-18 14:01:46,1781791306,R_10,4856.362,1,0.07200000000011642,BACKFILL_AUTO
2026-06-18 14:01:48,1781791308,R_10,4856.239,-1,0.12300000000050204,BACKFILL_AUTO
2026-06-18 14:01:50,1781791310,R_10,4856.333,1,0.09400000000005093,BACKFILL_AUTO
2026-06-18 14:01:52,1781791312,R_10,4856.447,1,0.11400000000048749,BACKFILL_AUTO
2026-06-18 14:01:54,1781791314,R_10,4856.363,-1,0.08399999999983265,BACKFILL_AUTO
2026-06-18 14:01:56,1781791316,R_10,4856.209,-1,0.1540000000004511,BACKFILL_AUTO
2026-06-18 14:01:58,1781791318,R_10,4856.405,1,0.1959999999999127,BACKFILL_AUTO
2026-06-18 14:02:00,1781791320,R_10,4856.355,-1,0.0500000000001819,BACKFILL_AUTO
2026-06-18 14:02:02,1781791322,R_10,4856.35,-1,0.004999999999199645,BACKFILL_AUTO
2026-06-18 14:02:04,1781791324,R_10,4856.57,1,0.21999999999934516,BACKFILL_AUTO
2026-06-18 14:02:06,1781791326,R_10,4856.573,1,0.0030000000006111804,BACKFILL_AUTO
2026-06-18 14:02:08,1781791328,R_10,4856.388,-1,0.18500000000040018,BACKFILL_AUTO
2026-06-18 14:02:10,1781791330,R_10,4856.478,1,0.09000000000014552,BACKFILL_AUTO
2026-06-18 14:02:12,1781791332,R_10,4856.344,-1,0.13400000000001455,BACKFILL_AUTO
2026-06-18 14:02:14,1781791334,R_10,4856.406,1,0.06199999999989814,BACKFILL_AUTO
2026-06-18 14:02:16,1781791336,R_10,4856.351,-1,0.05500000000029104,BACKFILL_AUTO
2026-06-18 14:02:18,1781791338,R_10,4856.395,1,0.04400000000077853,BACKFILL_AUTO
2026-06-18 14:02:20,1781791340,R_10,4856.584,1,0.1889999999993961,BACKFILL_AUTO
2026-06-18 14:02:22,1781791342,R_10,4856.766,1,0.181999999999789,BACKFILL_AUTO
2026-06-18 14:02:24,1781791344,R_10,4856.804,1,0.03800000000046566,BACKFILL_AUTO
2026-06-18 14:02:26,1781791346,R_10,4857.002,1,0.19800000000032014,BACKFILL_AUTO
2026-06-18 14:02:28,1781791348,R_10,4857.01,1,0.007999999999810825,BACKFILL_AUTO
2026-06-18 14:02:30,1781791350,R_10,4857.104,1,0.09400000000005093,BACKFILL_AUTO
2026-06-18 14:02:32,1781791352,R_10,4857.135,1,0.03099999999994907,BACKFILL_AUTO
2026-06-18 14:02:34,1781791354,R_10,4857.127,-1,0.007999999999810825,BACKFILL_AUTO
2026-06-18 14:02:36,1781791356,R_10,4857.115,-1,0.012000000000625732,BACKFILL_AUTO
2026-06-18 14:02:38,1781791358,R_10,4856.9,-1,0.21500000000014552,BACKFILL_AUTO
2026-06-18 14:02:40,1781791360,R_10,4856.888,-1,0.011999999999716238,BACKFILL_AUTO
2026-06-18 14:02:42,1781791362,R_10,4857.305,1,0.4170000000003711,BACKFILL_AUTO
2026-06-18 14:02:44,1781791364,R_10,4857.246,-1,0.05900000000019645,BACKFILL_AUTO
2026-06-18 14:02:46,1781791366,R_10,4857.307,1,0.06099999999969441,BACKFILL_AUTO
2026-06-18 14:02:48,1781791368,R_10,4857.144,-1,0.16299999999955617,BACKFILL_AUTO
2026-06-18 14:02:50,1781791370,R_10,4856.912,-1,0.2319999999999709,BACKFILL_AUTO
2026-06-18 14:02:52,1781791372,R_10,4856.644,-1,0.2680000000000291,BACKFILL_AUTO
2026-06-18 14:02:54,1781791374,R_10,4856.71,1,0.06599999999980355,BACKFILL_AUTO
2026-06-18 14:02:56,1781791376,R_10,4856.673,-1,0.037000000000261934,BACKFILL_AUTO
2026-06-18 14:02:58,1781791378,R_10,4856.583,-1,0.09000000000014552,BACKFILL_AUTO
2026-06-18 14:03:00,1781791380,R_10,4856.598,1,0.015000000000327418,BACKFILL_AUTO
2026-06-18 14:03:02,1781791382,R_10,4856.604,1,0.006000000000312866,BACKFILL_AUTO
2026-06-18 14:03:04,1781791384,R_10,4856.49,-1,0.11400000000048749,BACKFILL_AUTO
2026-06-18 14:03:06,1781791386,R_10,4856.315,-1,0.1750000000001819,BACKFILL_AUTO
2026-06-18 14:03:08,1781791388,R_10,4856.333,1,0.018000000000029104,BACKFILL_AUTO
2026-06-18 14:03:10,1781791390,R_10,4856.329,-1,0.0039999999999054126,BACKFILL_AUTO
2026-06-18 14:03:12,1781791392,R_10,4856.322,-1,0.006999999999607098,BACKFILL_AUTO
2026-06-18 14:03:14,1781791394,R_10,4856.315,-1,0.007000000000516593,BACKFILL_AUTO
2026-06-18 14:03:16,1781791396,R_10,4856.384,1,0.06900000000041473,BACKFILL_AUTO
2026-06-18 14:03:18,1781791398,R_10,4856.235,-1,0.14900000000034197,BACKFILL_AUTO
2026-06-18 14:03:20,1781791400,R_10,4856.461,1,0.22600000000056752,BACKFILL_AUTO
2026-06-18 14:03:22,1781791402,R_10,4856.512,1,0.05099999999947613,BACKFILL_AUTO
2026-06-18 14:03:24,1781791404,R_10,4856.525,1,0.012999999999919964,BACKFILL_AUTO
2026-06-18 14:03:26,1781791406,R_10,4856.369,-1,0.15599999999994907,BACKFILL_AUTO
2026-06-18 14:03:28,1781791408,R_10,4856.595,1,0.22600000000056752,BACKFILL_AUTO
2026-06-18 14:03:30,1781791410,R_10,4856.374,-1,0.22100000000045839,BACKFILL_AUTO
2026-06-18 14:03:32,1781791412,R_10,4856.278,-1,0.09599999999954889,BACKFILL_AUTO
2026-06-18 14:03:34,1781791414,R_10,4856.066,-1,0.21200000000044383,BACKFILL_AUTO
2026-06-18 14:03:36,1781791416,R_10,4856.17,1,0.10400000000026921,BACKFILL_AUTO
2026-06-18 14:03:38,1781791418,R_10,4856.034,-1,0.136000000000422,BACKFILL_AUTO
2026-06-18 14:03:40,1781791420,R_10,4856.186,1,0.15200000000004366,BACKFILL_AUTO
2026-06-18 14:03:42,1781791422,R_10,4856.185,-1,0.0009999999992942321,BACKFILL_AUTO
2026-06-18 14:03:44,1781791424,R_10,4856.361,1,0.17599999999947613,BACKFILL_AUTO
2026-06-18 14:03:46,1781791426,R_10,4856.296,-1,0.06499999999959982,BACKFILL_AUTO
2026-06-18 14:03:48,1781791428,R_10,4856.288,-1,0.00800000000072032,BACKFILL_AUTO
2026-06-18 14:03:50,1781791430,R_10,4856.508,1,0.22000000000025466,BACKFILL_AUTO
2026-06-18 14:03:52,1781791432,R_10,4856.717,1,0.20899999999983265,BACKFILL_AUTO
2026-06-18 14:03:54,1781791434,R_10,4856.642,-1,0.0749999999998181,BACKFILL_AUTO
2026-06-18 14:03:56,1781791436,R_10,4856.653,1,0.011000000000422006,BACKFILL_AUTO
2026-06-18 14:03:58,1781791438,R_10,4856.697,1,0.04399999999986903,BACKFILL_AUTO
2026-06-18 14:04:00,1781791440,R_10,4856.896,1,0.19899999999961437,BACKFILL_AUTO
2026-06-18 14:04:02,1781791442,R_10,4856.957,1,0.061000000000603904,BACKFILL_AUTO
2026-06-18 14:04:04,1781791444,R_10,4857.084,1,0.12699999999949796,BACKFILL_AUTO
2026-06-18 14:04:06,1781791446,R_10,4857.184,1,0.1000000000003638,BACKFILL_AUTO
2026-06-18 14:04:08,1781791448,R_10,4857.438,1,0.2539999999999054,BACKFILL_AUTO
2026-06-18 14:04:10,1781791450,R_10,4857.329,-1,0.10900000000037835,BACKFILL_AUTO
2026-06-18 14:04:12,1781791452,R_10,4857.357,1,0.028000000000247383,BACKFILL_AUTO
2026-06-18 14:04:14,1781791454,R_10,4857.289,-1,0.068000000000211,BACKFILL_AUTO
2026-06-18 14:04:16,1781791456,R_10,4857.439,1,0.1500000000005457,BACKFILL_AUTO
2026-06-18 14:04:18,1781791458,R_10,4857.231,-1,0.20800000000053842,BACKFILL_AUTO
2026-06-18 14:04:20,1781791460,R_10,4857.278,1,0.04700000000048021,BACKFILL_AUTO
2026-06-18 14:04:22,1781791462,R_10,4857.28,1,0.001999999999497959,BACKFILL_AUTO
2026-06-18 14:04:24,1781791464,R_10,4857.464,1,0.18400000000019645,BACKFILL_AUTO
2026-06-18 14:04:26,1781791466,R_10,4857.37,-1,0.09400000000005093,BACKFILL_AUTO
2026-06-18 14:04:28,1781791468,R_10,4857.396,1,0.02599999999983993,BACKFILL_AUTO
2026-06-18 14:04:30,1781791470,R_10,4857.396,0,0.0,BACKFILL_AUTO
2026-06-18 14:04:32,1781791472,R_10,4857.512,1,0.11599999999998545,BACKFILL_AUTO
2026-06-18 14:04:34,1781791474,R_10,4857.427,-1,0.08500000000003638,BACKFILL_AUTO
2026-06-18 14:04:36,1781791476,R_10,4857.496,1,0.06900000000041473,BACKFILL_AUTO
2026-06-18 14:04:38,1781791478,R_10,4857.564,1,0.068000000000211,BACKFILL_AUTO
2026-06-18 14:04:40,1781791480,R_10,4857.478,-1,0.0860000000002401,BACKFILL_AUTO
2026-06-18 14:04:42,1781791482,R_10,4857.463,-1,0.015000000000327418,BACKFILL_AUTO
2026-06-18 14:04:44,1781791484,R_10,4857.455,-1,0.007999999999810825,BACKFILL_AUTO
2026-06-18 14:04:46,1781791486,R_10,4857.491,1,0.03600000000005821,BACKFILL_AUTO
2026-06-18 14:04:48,1781791488,R_10,4857.398,-1,0.0929999999998472,BACKFILL_AUTO
2026-06-18 14:04:50,1781791490,R_10,4857.314,-1,0.08399999999983265,BACKFILL_AUTO
2026-06-18 14:04:52,1781791492,R_10,4857.504,1,0.18999999999959982,BACKFILL_AUTO
2026-06-18 14:04:54,1781791494,R_10,4857.375,-1,0.1289999999999054,BACKFILL_AUTO
2026-06-18 14:04:56,1781791496,R_10,4857.302,-1,0.07300000000032014,BACKFILL_AUTO
2026-06-18 14:04:58,1781791498,R_10,4857.392,1,0.09000000000014552,BACKFILL_AUTO
2026-06-18 14:05:00,1781791500,R_10,4857.238,-1,0.15399999999954161,BACKFILL_AUTO
2026-06-18 14:05:02,1781791502,R_10,4857.366,1,0.12799999999970169,BACKFILL_AUTO
2026-06-18 14:05:04,1781791504,R_10,4857.496,1,0.13000000000010914,BACKFILL_AUTO
2026-06-18 14:05:06,1781791506,R_10,4857.258,-1,0.23800000000028376,BACKFILL_AUTO
2026-06-18 14:05:08,1781791508,R_10,4857.404,1,0.14600000000064028,BACKFILL_AUTO
2026-06-18 14:05:10,1781791510,R_10,4857.498,1,0.09399999999914144,BACKFILL_AUTO
2026-06-18 14:05:12,1781791512,R_10,4857.716,1,0.2180000000007567,BACKFILL_AUTO
2026-06-18 14:05:14,1781791514,R_10,4857.657,-1,0.05900000000019645,BACKFILL_AUTO
2026-06-18 14:05:16,1781791516,R_10,4857.736,1,0.07899999999972351,BACKFILL_AUTO
2026-06-18 14:05:18,1781791518,R_10,4857.604,-1,0.1319999999996071,BACKFILL_AUTO
2026-06-18 14:05:20,1781791520,R_10,4857.564,-1,0.03999999999996362,BACKFILL_AUTO
2026-06-18 14:05:22,1781791522,R_10,4857.871,1,0.306999999999789,BACKFILL_AUTO
2026-06-18 14:05:24,1781791524,R_10,4857.954,1,0.08299999999962893,BACKFILL_AUTO
2026-06-18 14:05:26,1781791526,R_10,4858.117,1,0.16300000000046566,BACKFILL_AUTO
2026-06-18 14:05:28,1781791528,R_10,4858.147,1,0.02999999999974534,BACKFILL_AUTO
2026-06-18 14:05:30,1781791530,R_10,4858.049,-1,0.09799999999995634,BACKFILL_AUTO
2026-06-18 14:05:32,1781791532,R_10,4858.078,1,0.02900000000045111,BACKFILL_AUTO
2026-06-18 14:05:34,1781791534,R_10,4858.291,1,0.21299999999973807,BACKFILL_AUTO
2026-06-18 14:05:36,1781791536,R_10,4858.089,-1,0.20200000000022555,BACKFILL_AUTO
2026-06-18 14:05:38,1781791538,R_10,4858.046,-1,0.042999999999665306,BACKFILL_AUTO
2026-06-18 14:05:40,1781791540,R_10,4857.901,-1,0.14500000000043656,BACKFILL_AUTO
2026-06-18 14:05:42,1781791542,R_10,4857.831,-1,0.06999999999970896,BACKFILL_AUTO
2026-06-18 14:05:44,1781791544,R_10,4857.915,1,0.08399999999983265,BACKFILL_AUTO
2026-06-18 14:05:46,1781791546,R_10,4857.803,-1,0.11200000000008004,BACKFILL_AUTO
2026-06-18 14:05:48,1781791548,R_10,4857.798,-1,0.005000000000109139,BACKFILL_AUTO
2026-06-18 14:05:50,1781791550,R_10,4857.828,1,0.030000000000654836,BACKFILL_AUTO
2026-06-18 14:05:52,1781791552,R_10,4857.887,1,0.058999999999286956,BACKFILL_AUTO
2026-06-18 14:05:54,1781791554,R_10,4857.758,-1,0.1289999999999054,BACKFILL_AUTO
2026-06-18 14:05:56,1781791556,R_10,4857.85,1,0.09200000000055297,BACKFILL_AUTO
2026-06-18 14:05:58,1781791558,R_10,4858.074,1,0.22399999999925058,BACKFILL_AUTO
2026-06-18 14:06:00,1781791560,R_10,4858.046,-1,0.027999999999337888,BACKFILL_AUTO
2026-06-18 14:06:02,1781791562,R_10,4858.111,1,0.06499999999959982,BACKFILL_AUTO
2026-06-18 14:06:04,1781791564,R_10,4858.377,1,0.26600000000053114,BACKFILL_AUTO
2026-06-18 14:06:06,1781791566,R_10,4858.153,-1,0.22400000000016007,BACKFILL_AUTO
2026-06-18 14:06:08,1781791568,R_10,4858.157,1,0.0039999999999054126,BACKFILL_AUTO
2026-06-18 14:06:10,1781791570,R_10,4858.289,1,0.1319999999996071,BACKFILL_AUTO
2026-06-18 14:06:12,1781791572,R_10,4858.126,-1,0.16299999999955617,BACKFILL_AUTO
2026-06-18 14:06:14,1781791574,R_10,4858.329,1,0.2029999999995198,BACKFILL_AUTO
2026-06-18 14:06:16,1781791576,R_10,4858.319,-1,0.009999999999308784,BACKFILL_AUTO
2026-06-18 14:06:18,1781791578,R_10,4858.293,-1,0.026000000000749424,BACKFILL_AUTO
2026-06-18 14:06:20,1781791580,R_10,4858.403,1,0.11000000000058208,BACKFILL_AUTO
2026-06-18 14:06:22,1781791582,R_10,4858.512,1,0.10899999999946886,BACKFILL_AUTO
2026-06-18 14:06:24,1781791584,R_10,4858.386,-1,0.12599999999929423,BACKFILL_AUTO
2026-06-18 14:06:26,1781791586,R_10,4858.476,1,0.08999999999923602,BACKFILL_AUTO
2026-06-18 14:06:28,1781791588,R_10,4858.525,1,0.04899999999997817,BACKFILL_AUTO
2026-06-18 14:06:30,1781791590,R_10,4858.387,-1,0.13799999999991996,BACKFILL_AUTO
2026-06-18 14:06:32,1781791592,R_10,4858.274,-1,0.11299999999937427,BACKFILL_AUTO
2026-06-18 14:06:34,1781791594,R_10,4858.155,-1,0.11900000000059663,BACKFILL_AUTO
2026-06-18 14:06:36,1781791596,R_10,4858.131,-1,0.023999999999432475,BACKFILL_AUTO
2026-06-18 14:06:38,1781791598,R_10,4858.241,1,0.10999999999967258,BACKFILL_AUTO
2026-06-18 14:06:40,1781791600,R_10,4858.216,-1,0.024999999999636202,BACKFILL_AUTO
2026-06-18 14:06:42,1781791602,R_10,4858.147,-1,0.06900000000041473,BACKFILL_AUTO
2026-06-18 14:06:44,1781791604,R_10,4858.234,1,0.08700000000044383,BACKFILL_AUTO
2026-06-18 14:06:46,1781791606,R_10,4858.204,-1,0.030000000000654836,BACKFILL_AUTO
2026-06-18 14:06:48,1781791608,R_10,4858.283,1,0.07900000000063301,BACKFILL_AUTO
2026-06-18 14:06:50,1781791610,R_10,4858.366,1,0.08299999999962893,BACKFILL_AUTO
2026-06-18 14:06:52,1781791612,R_10,4858.193,-1,0.17299999999977445,BACKFILL_AUTO
2026-06-18 14:06:54,1781791614,R_10,4858.256,1,0.06300000000010186,BACKFILL_AUTO
2026-06-18 14:06:56,1781791616,R_10,4858.077,-1,0.1790000000000873,BACKFILL_AUTO
2026-06-18 14:06:58,1781791618,R_10,4857.979,-1,0.09799999999995634,BACKFILL_AUTO
2026-06-18 14:07:00,1781791620,R_10,4857.886,-1,0.0929999999998472,BACKFILL_AUTO
2026-06-18 14:07:02,1781791622,R_10,4857.738,-1,0.14800000000013824,BACKFILL_AUTO
2026-06-18 14:07:04,1781791624,R_10,4857.989,1,0.25099999999929423,BACKFILL_AUTO
2026-06-18 14:07:06,1781791626,R_10,4858.0,1,0.011000000000422006,BACKFILL_AUTO
2026-06-18 14:07:08,1781791628,R_10,4858.03,1,0.02999999999974534,BACKFILL_AUTO
2026-06-18 14:07:10,1781791630,R_10,4857.79,-1,0.23999999999978172,BACKFILL_AUTO
2026-06-18 14:07:12,1781791632,R_10,4857.953,1,0.16300000000046566,BACKFILL_AUTO
2026-06-18 14:07:14,1781791634,R_10,4857.974,1,0.02099999999973079,BACKFILL_AUTO
2026-06-18 14:07:16,1781791636,R_10,4857.87,-1,0.10400000000026921,BACKFILL_AUTO
2026-06-18 14:07:18,1781791638,R_10,4857.906,1,0.03600000000005821,BACKFILL_AUTO
2026-06-18 14:07:20,1781791640,R_10,4857.927,1,0.02099999999973079,BACKFILL_AUTO
2026-06-18 14:07:22,1781791642,R_10,4857.869,-1,0.057999999999992724,BACKFILL_AUTO
2026-06-18 14:07:24,1781791644,R_10,4857.733,-1,0.1359999999995125,BACKFILL_AUTO
2026-06-18 14:07:26,1781791646,R_10,4857.551,-1,0.181999999999789,BACKFILL_AUTO
2026-06-18 14:07:28,1781791648,R_10,4857.535,-1,0.016000000000531145,BACKFILL_AUTO
2026-06-18 14:07:30,1781791650,R_10,4857.485,-1,0.0500000000001819,BACKFILL_AUTO
2026-06-18 14:07:32,1781791652,R_10,4857.315,-1,0.17000000000007276,BACKFILL_AUTO
2026-06-18 14:07:34,1781791654,R_10,4857.514,1,0.19900000000052387,BACKFILL_AUTO
2026-06-18 14:07:36,1781791656,R_10,4857.544,1,0.02999999999974534,BACKFILL_AUTO
2026-06-18 14:07:38,1781791658,R_10,4857.823,1,0.2790000000004511,BACKFILL_AUTO
2026-06-18 14:07:40,1781791660,R_10,4857.845,1,0.021999999999934516,BACKFILL_AUTO
2026-06-18 14:07:42,1781791662,R_10,4857.901,1,0.05599999999958527,BACKFILL_AUTO
2026-06-18 14:07:44,1781791664,R_10,4858.081,1,0.18000000000029104,BACKFILL_AUTO
2026-06-18 14:07:46,1781791666,R_10,4858.349,1,0.2680000000000291,BACKFILL_AUTO
2026-06-18 14:07:48,1781791668,R_10,4858.426,1,0.07700000000022555,BACKFILL_AUTO
2026-06-18 14:07:50,1781791670,R_10,4858.483,1,0.056999999999789,BACKFILL_AUTO
2026-06-18 14:07:52,1781791672,R_10,4858.502,1,0.01900000000023283,BACKFILL_AUTO
2026-06-18 14:07:54,1781791674,R_10,4858.508,1,0.0059999999994033715,BACKFILL_AUTO
2026-06-18 14:07:56,1781791676,R_10,4858.415,-1,0.0929999999998472,BACKFILL_AUTO
2026-06-18 14:07:58,1781791678,R_10,4858.501,1,0.0860000000002401,BACKFILL_AUTO
2026-06-18 14:08:00,1781791680,R_10,4858.296,-1,0.20499999999992724,BACKFILL_AUTO
2026-06-18 14:08:02,1781791682,R_10,4858.298,1,0.001999999999497959,BACKFILL_AUTO
2026-06-18 14:08:04,1781791684,R_10,4858.264,-1,0.033999999999650754,BACKFILL_AUTO
2026-06-18 14:08:06,1781791686,R_10,4858.232,-1,0.032000000000152795,BACKFILL_AUTO
2026-06-18 14:08:08,1781791688,R_10,4858.242,1,0.010000000000218279,BACKFILL_AUTO
2026-06-18 14:08:10,1781791690,R_10,4858.388,1,0.1459999999997308,BACKFILL_AUTO
2026-06-18 14:08:12,1781791692,R_10,4858.082,-1,0.30599999999958527,BACKFILL_AUTO
2026-06-18 14:08:14,1781791694,R_10,4857.963,-1,0.11900000000059663,BACKFILL_AUTO
2026-06-18 14:08:16,1781791696,R_10,4857.953,-1,0.009999999999308784,BACKFILL_AUTO
2026-06-18 14:08:18,1781791698,R_10,4857.992,1,0.03899999999975989,BACKFILL_AUTO
2026-06-18 14:08:20,1781791700,R_10,4857.954,-1,0.03800000000046566,BACKFILL_AUTO
2026-06-18 14:08:22,1781791702,R_10,4857.939,-1,0.014999999999417923,BACKFILL_AUTO
2026-06-18 14:08:24,1781791704,R_10,4857.832,-1,0.1069999999999709,BACKFILL_AUTO
2026-06-18 14:08:26,1781791706,R_10,4857.936,1,0.10399999999935972,BACKFILL_AUTO
2026-06-18 14:08:28,1781791708,R_10,4858.131,1,0.19500000000061846,BACKFILL_AUTO
2026-06-18 14:08:30,1781791710,R_10,4858.057,-1,0.07400000000052387,BACKFILL_AUTO
2026-06-18 14:08:32,1781791712,R_10,4857.989,-1,0.068000000000211,BACKFILL_AUTO
2026-06-18 14:08:34,1781791714,R_10,4858.02,1,0.031000000000858563,BACKFILL_AUTO
2026-06-18 14:08:36,1781791716,R_10,4857.775,-1,0.24500000000080036,BACKFILL_AUTO
2026-06-18 14:08:38,1781791718,R_10,4858.015,1,0.24000000000069122,BACKFILL_AUTO
2026-06-18 14:08:40,1781791720,R_10,4857.887,-1,0.12800000000061118,BACKFILL_AUTO
2026-06-18 14:08:42,1781791722,R_10,4857.971,1,0.08399999999983265,BACKFILL_AUTO
2026-06-18 14:08:44,1781791724,R_10,4858.052,1,0.08100000000013097,BACKFILL_AUTO
2026-06-18 14:08:46,1781791726,R_10,4857.887,-1,0.16499999999996362,BACKFILL_AUTO
2026-06-18 14:08:48,1781791728,R_10,4857.921,1,0.03400000000056025,BACKFILL_AUTO
2026-06-18 14:08:50,1781791730,R_10,4858.182,1,0.2609999999995125,BACKFILL_AUTO
2026-06-18 14:08:52,1781791732,R_10,4858.337,1,0.15500000000065484,BACKFILL_AUTO
2026-06-18 14:08:54,1781791734,R_10,4858.32,-1,0.01700000000073487,BACKFILL_AUTO
2026-06-18 14:08:56,1781791736,R_10,4858.265,-1,0.054999999999381544,BACKFILL_AUTO
2026-06-18 14:08:58,1781791738,R_10,4858.219,-1,0.046000000000276486,BACKFILL_AUTO
2026-06-18 14:09:00,1781791740,R_10,4858.163,-1,0.056000000000494765,BACKFILL_AUTO
2026-06-18 14:09:02,1781791742,R_10,4858.08,-1,0.08299999999962893,BACKFILL_AUTO
2026-06-18 14:09:04,1781791744,R_10,4857.861,-1,0.21900000000005093,BACKFILL_AUTO
2026-06-18 14:09:06,1781791746,R_10,4857.925,1,0.06400000000030559,BACKFILL_AUTO
2026-06-18 14:09:08,1781791748,R_10,4857.913,-1,0.012000000000625732,BACKFILL_AUTO
2026-06-18 14:09:10,1781791750,R_10,4858.009,1,0.09600000000045839,BACKFILL_AUTO
2026-06-18 14:09:12,1781791752,R_10,4858.091,1,0.0820000000003347,BACKFILL_AUTO
2026-06-18 14:09:14,1781791754,R_10,4858.042,-1,0.04899999999997817,BACKFILL_AUTO
2026-06-18 14:09:16,1781791756,R_10,4858.044,1,0.001999999999497959,BACKFILL_AUTO
2026-06-18 14:09:18,1781791758,R_10,4858.188,1,0.14400000000023283,BACKFILL_AUTO
2026-06-18 14:09:20,1781791760,R_10,4858.197,1,0.009000000000014552,BACKFILL_AUTO
2026-06-18 14:09:22,1781791762,R_10,4858.2,1,0.0029999999997016857,BACKFILL_AUTO
2026-06-18 14:09:24,1781791764,R_10,4858.305,1,0.10500000000047294,BACKFILL_AUTO
2026-06-18 14:09:26,1781791766,R_10,4858.249,-1,0.056000000000494765,BACKFILL_AUTO
2026-06-18 14:09:28,1781791768,R_10,4858.173,-1,0.07600000000002183,BACKFILL_AUTO
2026-06-18 14:09:30,1781791770,R_10,4858.105,-1,0.068000000000211,BACKFILL_AUTO
2026-06-18 14:09:32,1781791772,R_10,4857.997,-1,0.10799999999926513,BACKFILL_AUTO
2026-06-18 14:09:34,1781791774,R_10,4858.006,1,0.009000000000014552,BACKFILL_AUTO
2026-06-18 14:09:36,1781791776,R_10,4857.936,-1,0.07000000000061846,BACKFILL_AUTO
2026-06-18 14:09:38,1781791778,R_10,4858.151,1,0.21500000000014552,BACKFILL_AUTO
2026-06-18 14:09:40,1781791780,R_10,4857.99,-1,0.1610000000000582,BACKFILL_AUTO
2026-06-18 14:09:42,1781791782,R_10,4858.073,1,0.08300000000053842,BACKFILL_AUTO
2026-06-18 14:09:44,1781791784,R_10,4858.068,-1,0.005000000000109139,BACKFILL_AUTO
2026-06-18 14:09:46,1781791786,R_10,4858.245,1,0.17699999999967986,BACKFILL_AUTO
2026-06-18 14:09:48,1781791788,R_10,4858.467,1,0.22199999999975262,BACKFILL_AUTO
2026-06-18 14:09:50,1781791790,R_10,4858.464,-1,0.0029999999997016857,BACKFILL_AUTO
2026-06-18 14:09:52,1781791792,R_10,4858.235,-1,0.2290000000002692,BACKFILL_AUTO
2026-06-18 14:09:54,1781791794,R_10,4858.306,1,0.07099999999991269,BACKFILL_AUTO
2026-06-18 14:09:56,1781791796,R_10,4858.259,-1,0.04699999999957072,BACKFILL_AUTO
2026-06-18 14:09:58,1781791798,R_10,4858.375,1,0.11599999999998545,BACKFILL_AUTO
2026-06-18 14:10:00,1781791800,R_10,4858.383,1,0.007999999999810825,BACKFILL_AUTO
2026-06-18 14:10:02,1781791802,R_10,4858.401,1,0.018000000000029104,BACKFILL_AUTO
2026-06-18 14:10:04,1781791804,R_10,4858.525,1,0.12399999999979627,BACKFILL_AUTO
2026-06-18 14:10:06,1781791806,R_10,4858.369,-1,0.15599999999994907,BACKFILL_AUTO
2026-06-18 14:10:08,1781791808,R_10,4858.237,-1,0.1319999999996071,BACKFILL_AUTO
2026-06-18 14:10:10,1781791810,R_10,4858.004,-1,0.23300000000017462,BACKFILL_AUTO
2026-06-18 14:10:12,1781791812,R_10,4857.861,-1,0.1430000000000291,BACKFILL_AUTO
2026-06-18 14:10:14,1781791814,R_10,4857.976,1,0.11499999999978172,BACKFILL_AUTO
2026-06-18 14:10:16,1781791816,R_10,4858.008,1,0.032000000000152795,BACKFILL_AUTO
2026-06-18 14:10:18,1781791818,R_10,4857.923,-1,0.08500000000003638,BACKFILL_AUTO
2026-06-18 14:10:20,1781791820,R_10,4857.908,-1,0.014999999999417923,BACKFILL_AUTO
2026-06-18 14:10:22,1781791822,R_10,4857.77,-1,0.13799999999991996,BACKFILL_AUTO
2026-06-18 14:10:24,1781791824,R_10,4857.883,1,0.11299999999937427,BACKFILL_AUTO
2026-06-18 14:10:26,1781791826,R_10,4857.787,-1,0.09599999999954889,BACKFILL_AUTO
2026-06-18 14:10:28,1781791828,R_10,4857.893,1,0.10599999999976717,BACKFILL_AUTO
2026-06-18 14:10:30,1781791830,R_10,4857.993,1,0.1000000000003638,BACKFILL_AUTO
2026-06-18 14:10:32,1781791832,R_10,4857.82,-1,0.17300000000068394,BACKFILL_AUTO
2026-06-18 14:10:34,1781791834,R_10,4858.036,1,0.21600000000034925,BACKFILL_AUTO
2026-06-18 14:10:36,1781791836,R_10,4857.859,-1,0.17699999999967986,BACKFILL_AUTO
2026-06-18 14:10:38,1781791838,R_10,4858.007,1,0.14799999999922875,BACKFILL_AUTO
2026-06-18 14:10:40,1781791840,R_10,4857.989,-1,0.018000000000029104,BACKFILL_AUTO
2026-06-18 14:10:42,1781791842,R_10,4857.938,-1,0.05099999999947613,BACKFILL_AUTO
2026-06-18 14:10:44,1781791844,R_10,4858.076,1,0.13799999999991996,BACKFILL_AUTO
2026-06-18 14:10:46,1781791846,R_10,4858.01,-1,0.06599999999980355,BACKFILL_AUTO
2026-06-18 14:10:48,1781791848,R_10,4857.964,-1,0.046000000000276486,BACKFILL_AUTO
2026-06-18 14:10:50,1781791850,R_10,4857.942,-1,0.021999999999934516,BACKFILL_AUTO
2026-06-18 14:10:52,1781791852,R_10,4857.726,-1,0.21600000000034925,BACKFILL_AUTO
2026-06-18 14:10:54,1781791854,R_10,4857.839,1,0.11300000000028376,BACKFILL_AUTO
2026-06-18 14:10:56,1781791856,R_10,4857.85,1,0.011000000000422006,BACKFILL_AUTO
2026-06-18 14:10:58,1781791858,R_10,4857.928,1,0.07799999999951979,BACKFILL_AUTO
2026-06-18 14:11:00,1781791860,R_10,4857.897,-1,0.03099999999994907,BACKFILL_AUTO
2026-06-18 14:11:02,1781791862,R_10,4857.968,1,0.07099999999991269,BACKFILL_AUTO
2026-06-18 14:11:04,1781791864,R_10,4857.935,-1,0.03299999999944703,BACKFILL_AUTO
2026-06-18 14:11:06,1781791866,R_10,4858.004,1,0.06899999999950523,BACKFILL_AUTO
2026-06-18 14:11:08,1781791868,R_10,4858.005,1,0.0010000000002037268,BACKFILL_AUTO
2026-06-18 14:11:10,1781791870,R_10,4858.184,1,0.1790000000000873,BACKFILL_AUTO
2026-06-18 14:11:12,1781791872,R_10,4858.299,1,0.11499999999978172,BACKFILL_AUTO
2026-06-18 14:11:14,1781791874,R_10,4858.372,1,0.07300000000032014,BACKFILL_AUTO
2026-06-18 14:11:16,1781791876,R_10,4858.291,-1,0.08100000000013097,BACKFILL_AUTO
2026-06-18 14:11:18,1781791878,R_10,4858.062,-1,0.2290000000002692,BACKFILL_AUTO
2026-06-18 14:11:20,1781791880,R_10,4858.039,-1,0.023000000000138243,BACKFILL_AUTO
2026-06-18 14:11:22,1781791882,R_10,4857.988,-1,0.05099999999947613,BACKFILL_AUTO
2026-06-18 14:11:24,1781791884,R_10,4857.972,-1,0.016000000000531145,BACKFILL_AUTO
2026-06-18 14:11:26,1781791886,R_10,4857.809,-1,0.16299999999955617,BACKFILL_AUTO
2026-06-18 14:11:28,1781791888,R_10,4857.929,1,0.11999999999989086,BACKFILL_AUTO
2026-06-18 14:11:30,1781791890,R_10,4857.93,1,0.0010000000002037268,BACKFILL_AUTO
2026-06-18 14:11:32,1781791892,R_10,4858.098,1,0.1679999999996653,BACKFILL_AUTO
2026-06-18 14:11:34,1781791894,R_10,4858.116,1,0.018000000000029104,BACKFILL_AUTO
2026-06-18 14:11:36,1781791896,R_10,4858.366,1,0.25,BACKFILL_AUTO
2026-06-18 14:11:38,1781791898,R_10,4858.502,1,0.136000000000422,BACKFILL_AUTO
2026-06-18 14:11:40,1781791900,R_10,4858.637,1,0.13499999999930878,BACKFILL_AUTO
2026-06-18 14:11:42,1781791902,R_10,4858.615,-1,0.021999999999934516,BACKFILL_AUTO
2026-06-18 14:11:44,1781791904,R_10,4858.667,1,0.05200000000058935,BACKFILL_AUTO
2026-06-18 14:11:46,1781791906,R_10,4858.997,1,0.32999999999992724,BACKFILL_AUTO
2026-06-18 14:11:48,1781791908,R_10,4859.12,1,0.12299999999959255,BACKFILL_AUTO
2026-06-18 14:11:50,1781791910,R_10,4859.103,-1,0.016999999999825377,BACKFILL_AUTO
2026-06-18 14:11:52,1781791912,R_10,4859.09,-1,0.012999999999919964,BACKFILL_AUTO
2026-06-18 14:11:54,1781791914,R_10,4859.264,1,0.17399999999997817,BACKFILL_AUTO
2026-06-18 14:11:56,1781791916,R_10,4859.142,-1,0.12200000000029831,BACKFILL_AUTO
2026-06-18 14:11:58,1781791918,R_10,4859.248,1,0.10599999999976717,BACKFILL_AUTO
2026-06-18 14:12:00,1781791920,R_10,4859.319,1,0.07100000000082218,BACKFILL_AUTO
2026-06-18 14:12:02,1781791922,R_10,4859.298,-1,0.021000000000640284,BACKFILL_AUTO
2026-06-18 14:12:04,1781791924,R_10,4859.383,1,0.08500000000003638,BACKFILL_AUTO
2026-06-18 14:12:06,1781791926,R_10,4859.25,-1,0.13299999999981083,BACKFILL_AUTO
2026-06-18 14:12:08,1781791928,R_10,4859.4,1,0.1499999999996362,BACKFILL_AUTO
2026-06-18 14:12:10,1781791930,R_10,4859.579,1,0.1790000000000873,BACKFILL_AUTO
2026-06-18 14:12:12,1781791932,R_10,4859.788,1,0.20899999999983265,BACKFILL_AUTO
2026-06-18 14:12:14,1781791934,R_10,4859.742,-1,0.04599999999936699,BACKFILL_AUTO
2026-06-18 14:12:16,1781791936,R_10,4859.83,1,0.08799999999973807,BACKFILL_AUTO
2026-06-18 14:12:18,1781791938,R_10,4859.727,-1,0.10300000000006548,BACKFILL_AUTO
2026-06-18 14:12:20,1781791940,R_10,4859.732,1,0.005000000000109139,BACKFILL_AUTO
2026-06-18 14:12:22,1781791942,R_10,4859.929,1,0.19700000000011642,BACKFILL_AUTO
2026-06-18 14:12:24,1781791944,R_10,4859.991,1,0.06199999999989814,BACKFILL_AUTO
2026-06-18 14:12:26,1781791946,R_10,4860.133,1,0.14199999999982538,BACKFILL_AUTO
2026-06-18 14:12:28,1781791948,R_10,4860.037,-1,0.09599999999954889,BACKFILL_AUTO
2026-06-18 14:12:30,1781791950,R_10,4859.967,-1,0.07000000000061846,BACKFILL_AUTO
2026-06-18 14:12:32,1781791952,R_10,4859.732,-1,0.23499999999967258,BACKFILL_AUTO
2026-06-18 14:12:34,1781791954,R_10,4859.752,1,0.020000000000436557,BACKFILL_AUTO
2026-06-18 14:12:36,1781791956,R_10,4859.654,-1,0.09799999999995634,BACKFILL_AUTO
2026-06-18 14:12:38,1781791958,R_10,4859.48,-1,0.17400000000088767,BACKFILL_AUTO
2026-06-18 14:12:40,1781791960,R_10,4859.36,-1,0.11999999999989086,BACKFILL_AUTO
2026-06-18 14:12:42,1781791962,R_10,4859.256,-1,0.10399999999935972,BACKFILL_AUTO
2026-06-18 14:12:44,1781791964,R_10,4859.176,-1,0.07999999999992724,BACKFILL_AUTO
2026-06-18 14:12:46,1781791966,R_10,4859.247,1,0.07099999999991269,BACKFILL_AUTO
2026-06-18 14:12:48,1781791968,R_10,4859.171,-1,0.07600000000002183,BACKFILL_AUTO
2026-06-18 14:12:50,1781791970,R_10,4859.051,-1,0.11999999999989086,BACKFILL_AUTO
2026-06-18 14:12:52,1781791972,R_10,4859.074,1,0.02299999999922875,BACKFILL_AUTO
2026-06-18 14:12:54,1781791974,R_10,4859.148,1,0.07400000000052387,BACKFILL_AUTO
2026-06-18 14:12:56,1781791976,R_10,4859.113,-1,0.03499999999985448,BACKFILL_AUTO
2026-06-18 14:12:58,1781791978,R_10,4859.198,1,0.08500000000003638,BACKFILL_AUTO
2026-06-18 14:13:00,1781791980,R_10,4859.05,-1,0.14800000000013824,BACKFILL_AUTO
2026-06-18 14:13:02,1781791982,R_10,4858.82,-1,0.23000000000047294,BACKFILL_AUTO
2026-06-18 14:13:04,1781791984,R_10,4858.522,-1,0.29799999999977445,BACKFILL_AUTO
2026-06-18 14:13:06,1781791986,R_10,4858.625,1,0.10300000000006548,BACKFILL_AUTO
2026-06-18 14:13:08,1781791988,R_10,4858.693,1,0.068000000000211,BACKFILL_AUTO
2026-06-18 14:13:10,1781791990,R_10,4858.95,1,0.2569999999996071,BACKFILL_AUTO
2026-06-18 14:13:12,1781791992,R_10,4859.175,1,0.2250000000003638,BACKFILL_AUTO
2026-06-18 14:13:14,1781791994,R_10,4859.303,1,0.12799999999970169,BACKFILL_AUTO
2026-06-18 14:13:16,1781791996,R_10,4859.481,1,0.17799999999988358,BACKFILL_AUTO
2026-06-18 14:13:18,1781791998,R_10,4859.684,1,0.20300000000042928,BACKFILL_AUTO
2026-06-18 14:13:20,1781792000,R_10,4859.913,1,0.22899999999935972,BACKFILL_AUTO
2026-06-18 14:13:22,1781792002,R_10,4859.918,1,0.005000000000109139,BACKFILL_AUTO
2026-06-18 14:13:24,1781792004,R_10,4859.753,-1,0.16499999999996362,BACKFILL_AUTO
2026-06-18 14:13:26,1781792006,R_10,4859.834,1,0.08100000000013097,BACKFILL_AUTO
2026-06-18 14:13:28,1781792008,R_10,4859.837,1,0.0030000000006111804,BACKFILL_AUTO
2026-06-18 14:13:30,1781792010,R_10,4859.913,1,0.07599999999911233,BACKFILL_AUTO
2026-06-18 14:13:32,1781792012,R_10,4859.871,-1,0.04199999999946158,BACKFILL_AUTO
2026-06-18 14:13:34,1781792014,R_10,4859.718,-1,0.15300000000024738,BACKFILL_AUTO
2026-06-18 14:13:36,1781792016,R_10,4859.869,1,0.15099999999983993,BACKFILL_AUTO
2026-06-18 14:13:38,1781792018,R_10,4859.957,1,0.08800000000064756,BACKFILL_AUTO
2026-06-18 14:13:40,1781792020,R_10,4860.043,1,0.08599999999933061,BACKFILL_AUTO
2026-06-18 14:13:42,1781792022,R_10,4859.985,-1,0.057999999999992724,BACKFILL_AUTO
2026-06-18 14:13:44,1781792024,R_10,4860.112,1,0.12700000000040745,BACKFILL_AUTO
2026-06-18 14:13:46,1781792026,R_10,4859.927,-1,0.18500000000040018,BACKFILL_AUTO
2026-06-18 14:13:48,1781792028,R_10,4859.962,1,0.035000000000763976,BACKFILL_AUTO
2026-06-18 14:13:50,1781792030,R_10,4859.943,-1,0.01900000000023283,BACKFILL_AUTO
2026-06-18 14:13:52,1781792032,R_10,4859.908,-1,0.03499999999985448,BACKFILL_AUTO
2026-06-18 14:13:54,1781792034,R_10,4859.762,-1,0.14600000000064028,BACKFILL_AUTO
2026-06-18 14:13:56,1781792036,R_10,4859.776,1,0.014000000000123691,BACKFILL_AUTO
2026-06-18 14:13:58,1781792038,R_10,4859.816,1,0.03999999999996362,BACKFILL_AUTO
2026-06-18 14:14:00,1781792040,R_10,4859.75,-1,0.06599999999980355,BACKFILL_AUTO
2026-06-18 14:14:02,1781792042,R_10,4859.858,1,0.10800000000017462,BACKFILL_AUTO
2026-06-18 14:14:04,1781792044,R_10,4859.837,-1,0.02099999999973079,BACKFILL_AUTO
2026-06-18 14:14:06,1781792046,R_10,4859.707,-1,0.13000000000010914,BACKFILL_AUTO
2026-06-18 14:14:08,1781792048,R_10,4859.485,-1,0.2220000000006621,BACKFILL_AUTO
2026-06-18 14:14:10,1781792050,R_10,4859.489,1,0.0039999999999054126,BACKFILL_AUTO
2026-06-18 14:14:12,1781792052,R_10,4859.491,1,0.0020000000004074536,BACKFILL_AUTO
2026-06-18 14:14:14,1781792054,R_10,4859.496,1,0.005000000000109139,BACKFILL_AUTO
2026-06-18 14:14:16,1781792056,R_10,4859.7,1,0.2039999999997235,BACKFILL_AUTO
2026-06-18 14:14:18,1781792058,R_10,4859.631,-1,0.06899999999950523,BACKFILL_AUTO
2026-06-18 14:14:20,1781792060,R_10,4859.696,1,0.06499999999959982,BACKFILL_AUTO
2026-06-18 14:14:22,1781792062,R_10,4859.753,1,0.056999999999789,BACKFILL_AUTO
2026-06-18 14:14:24,1781792064,R_10,4859.719,-1,0.033999999999650754,BACKFILL_AUTO
2026-06-18 14:14:26,1781792066,R_10,4859.724,1,0.005000000000109139,BACKFILL_AUTO
2026-06-18 14:14:28,1781792068,R_10,4859.735,1,0.01099999999951251,BACKFILL_AUTO
2026-06-18 14:14:30,1781792070,R_10,4859.702,-1,0.03299999999944703,BACKFILL_AUTO
2026-06-18 14:14:32,1781792072,R_10,4859.844,1,0.14199999999982538,BACKFILL_AUTO
2026-06-18 14:14:34,1781792074,R_10,4859.904,1,0.06000000000040018,BACKFILL_AUTO
2026-06-18 14:14:36,1781792076,R_10,4859.962,1,0.057999999999992724,BACKFILL_AUTO
2026-06-18 14:14:38,1781792078,R_10,4860.02,1,0.057999999999992724,BACKFILL_AUTO
2026-06-18 14:14:40,1781792080,R_10,4860.178,1,0.15799999999944703,BACKFILL_AUTO
2026-06-18 14:14:42,1781792082,R_10,4860.232,1,0.05400000000008731,BACKFILL_AUTO
2026-06-18 14:14:44,1781792084,R_10,4860.42,1,0.18800000000010186,BACKFILL_AUTO
2026-06-18 14:14:46,1781792086,R_10,4860.662,1,0.24200000000018917,BACKFILL_AUTO
2026-06-18 14:14:48,1781792088,R_10,4860.732,1,0.06999999999970896,BACKFILL_AUTO
2026-06-18 14:14:50,1781792090,R_10,4860.854,1,0.12200000000029831,BACKFILL_AUTO
2026-06-18 14:14:52,1781792092,R_10,4860.893,1,0.03899999999975989,BACKFILL_AUTO
2026-06-18 14:14:54,1781792094,R_10,4860.773,-1,0.11999999999989086,BACKFILL_AUTO
2026-06-18 14:14:56,1781792096,R_10,4860.708,-1,0.06500000000050932,BACKFILL_AUTO
2026-06-18 14:14:58,1781792098,R_10,4860.76,1,0.05200000000058935,BACKFILL_AUTO
2026-06-18 14:15:00,1781792100,R_10,4860.811,1,0.05099999999947613,BACKFILL_AUTO
2026-06-18 14:15:02,1781792102,R_10,4860.659,-1,0.15200000000004366,BACKFILL_AUTO
2026-06-18 14:15:04,1781792104,R_10,4860.769,1,0.11000000000058208,BACKFILL_AUTO
2026-06-18 14:15:06,1781792106,R_10,4860.642,-1,0.12700000000040745,BACKFILL_AUTO
2026-06-18 14:15:08,1781792108,R_10,4860.693,1,0.051000000000385626,BACKFILL_AUTO
2026-06-18 14:15:10,1781792110,R_10,4860.685,-1,0.007999999999810825,BACKFILL_AUTO
2026-06-18 14:15:12,1781792112,R_10,4860.548,-1,0.13700000000062573,BACKFILL_AUTO
2026-06-18 14:15:14,1781792114,R_10,4860.403,-1,0.14499999999952706,BACKFILL_AUTO
2026-06-18 14:15:16,1781792116,R_10,4860.292,-1,0.11099999999987631,BACKFILL_AUTO
2026-06-18 14:15:18,1781792118,R_10,4860.389,1,0.09699999999975262,BACKFILL_AUTO
2026-06-18 14:15:20,1781792120,R_10,4860.608,1,0.21900000000005093,BACKFILL_AUTO
2026-06-18 14:15:22,1781792122,R_10,4860.504,-1,0.10400000000026921,BACKFILL_AUTO
2026-06-18 14:15:24,1781792124,R_10,4860.514,1,0.010000000000218279,BACKFILL_AUTO
2026-06-18 14:15:26,1781792126,R_10,4860.486,-1,0.028000000000247383,BACKFILL_AUTO
2026-06-18 14:15:28,1781792128,R_10,4860.269,-1,0.21699999999964348,BACKFILL_AUTO
2026-06-18 14:15:30,1781792130,R_10,4860.183,-1,0.0860000000002401,BACKFILL_AUTO
2026-06-18 14:15:32,1781792132,R_10,4860.293,1,0.10999999999967258,BACKFILL_AUTO
2026-06-18 14:15:34,1781792134,R_10,4860.256,-1,0.03699999999935244,BACKFILL_AUTO
2026-06-18 14:15:36,1781792136,R_10,4860.241,-1,0.015000000000327418,BACKFILL_AUTO
2026-06-18 14:15:38,1781792138,R_10,4860.158,-1,0.08299999999962893,BACKFILL_AUTO
2026-06-18 14:15:40,1781792140,R_10,4860.25,1,0.09199999999964348,BACKFILL_AUTO
2026-06-18 14:15:42,1781792142,R_10,4860.346,1,0.09599999999954889,BACKFILL_AUTO
2026-06-18 14:15:44,1781792144,R_10,4860.406,1,0.06000000000040018,BACKFILL_AUTO
2026-06-18 14:15:46,1781792146,R_10,4860.364,-1,0.042000000000371074,BACKFILL_AUTO
2026-06-18 14:15:48,1781792148,R_10,4860.272,-1,0.09199999999964348,BACKFILL_AUTO
2026-06-18 14:15:50,1781792150,R_10,4860.217,-1,0.05500000000029104,BACKFILL_AUTO
2026-06-18 14:15:52,1781792152,R_10,4860.402,1,0.18500000000040018,BACKFILL_AUTO
2026-06-18 14:15:54,1781792154,R_10,4860.443,1,0.04100000000016735,BACKFILL_AUTO
2026-06-18 14:15:56,1781792156,R_10,4860.426,-1,0.016999999999825377,BACKFILL_AUTO
2026-06-18 14:15:58,1781792158,R_10,4860.406,-1,0.020000000000436557,BACKFILL_AUTO
2026-06-18 14:16:00,1781792160,R_10,4860.455,1,0.04899999999997817,BACKFILL_AUTO
2026-06-18 14:16:02,1781792162,R_10,4860.641,1,0.1859999999996944,BACKFILL_AUTO
2026-06-18 14:16:04,1781792164,R_10,4860.703,1,0.06200000000080763,BACKFILL_AUTO
2026-06-18 14:16:06,1781792166,R_10,4860.78,1,0.07699999999931606,BACKFILL_AUTO
2026-06-18 14:16:08,1781792168,R_10,4860.715,-1,0.06499999999959982,BACKFILL_AUTO
2026-06-18 14:16:10,1781792170,R_10,4860.792,1,0.07700000000022555,BACKFILL_AUTO
2026-06-18 14:16:12,1781792172,R_10,4860.747,-1,0.04500000000007276,BACKFILL_AUTO
2026-06-18 14:16:14,1781792174,R_10,4860.793,1,0.04599999999936699,BACKFILL_AUTO
2026-06-18 14:16:16,1781792176,R_10,4860.614,-1,0.1790000000000873,BACKFILL_AUTO
2026-06-18 14:16:18,1781792178,R_10,4860.743,1,0.1290000000008149,BACKFILL_AUTO
2026-06-18 14:16:20,1781792180,R_10,4860.891,1,0.14799999999922875,BACKFILL_AUTO
2026-06-18 14:16:22,1781792182,R_10,4860.979,1,0.08800000000064756,BACKFILL_AUTO
2026-06-18 14:16:24,1781792184,R_10,4861.169,1,0.18999999999959982,BACKFILL_AUTO
2026-06-18 14:16:26,1781792186,R_10,4861.457,1,0.28800000000046566,BACKFILL_AUTO
2026-06-18 14:16:28,1781792188,R_10,4861.459,1,0.001999999999497959,BACKFILL_AUTO
2026-06-18 14:16:30,1781792190,R_10,4861.386,-1,0.07299999999941065,BACKFILL_AUTO
2026-06-18 14:16:32,1781792192,R_10,4861.434,1,0.047999999999774445,BACKFILL_AUTO
2026-06-18 14:16:34,1781792194,R_10,4861.15,-1,0.28400000000056025,BACKFILL_AUTO
2026-06-18 14:16:36,1781792196,R_10,4861.149,-1,0.0009999999992942321,BACKFILL_AUTO
2026-06-18 14:16:38,1781792198,R_10,4861.058,-1,0.09100000000034925,BACKFILL_AUTO
2026-06-18 14:16:40,1781792200,R_10,4861.154,1,0.09600000000045839,BACKFILL_AUTO
2026-06-18 14:16:42,1781792202,R_10,4861.302,1,0.14799999999922875,BACKFILL_AUTO
2026-06-18 14:16:44,1781792204,R_10,4861.156,-1,0.1459999999997308,BACKFILL_AUTO
2026-06-18 14:16:46,1781792206,R_10,4861.034,-1,0.12200000000029831,BACKFILL_AUTO
2026-06-18 14:16:48,1781792208,R_10,4861.013,-1,0.02099999999973079,BACKFILL_AUTO
2026-06-18 14:16:50,1781792210,R_10,4860.846,-1,0.16700000000037107,BACKFILL_AUTO
2026-06-18 14:16:52,1781792212,R_10,4860.79,-1,0.05599999999958527,BACKFILL_AUTO
2026-06-18 14:16:54,1781792214,R_10,4860.908,1,0.1180000000003929,BACKFILL_AUTO
2026-06-18 14:16:56,1781792216,R_10,4860.73,-1,0.17800000000079308,BACKFILL_AUTO
2026-06-18 14:16:58,1781792218,R_10,4860.816,1,0.0860000000002401,BACKFILL_AUTO
2026-06-18 14:17:00,1781792220,R_10,4861.002,1,0.1860000000006039,BACKFILL_AUTO
2026-06-18 14:17:02,1781792222,R_10,4860.916,-1,0.0860000000002401,BACKFILL_AUTO
2026-06-18 14:17:04,1781792224,R_10,4860.801,-1,0.11499999999978172,BACKFILL_AUTO
2026-06-18 14:17:06,1781792226,R_10,4860.751,-1,0.0500000000001819,BACKFILL_AUTO
2026-06-18 14:17:08,1781792228,R_10,4860.552,-1,0.19900000000052387,BACKFILL_AUTO
2026-06-18 14:17:10,1781792230,R_10,4860.638,1,0.0860000000002401,BACKFILL_AUTO
2026-06-18 14:17:12,1781792232,R_10,4860.635,-1,0.0029999999997016857,BACKFILL_AUTO
2026-06-18 14:17:14,1781792234,R_10,4860.512,-1,0.12300000000050204,BACKFILL_AUTO
2026-06-18 14:17:16,1781792236,R_10,4860.671,1,0.15900000000056025,BACKFILL_AUTO
2026-06-18 14:17:18,1781792238,R_10,4860.759,1,0.08799999999973807,BACKFILL_AUTO
2026-06-18 14:17:20,1781792240,R_10,4860.923,1,0.1639999999997599,BACKFILL_AUTO
2026-06-18 14:17:22,1781792242,R_10,4860.935,1,0.012000000000625732,BACKFILL_AUTO
2026-06-18 14:17:24,1781792244,R_10,4860.836,-1,0.09900000000016007,BACKFILL_AUTO
2026-06-18 14:17:26,1781792246,R_10,4860.728,-1,0.10800000000017462,BACKFILL_AUTO
2026-06-18 14:17:28,1781792248,R_10,4860.775,1,0.04699999999957072,BACKFILL_AUTO
2026-06-18 14:17:30,1781792250,R_10,4860.849,1,0.07400000000052387,BACKFILL_AUTO
2026-06-18 14:17:32,1781792252,R_10,4860.89,1,0.04100000000016735,BACKFILL_AUTO
2026-06-18 14:17:34,1781792254,R_10,4860.885,-1,0.005000000000109139,BACKFILL_AUTO
2026-06-18 14:17:36,1781792256,R_10,4860.8,-1,0.08500000000003638,BACKFILL_AUTO
2026-06-18 14:17:38,1781792258,R_10,4860.84,1,0.03999999999996362,BACKFILL_AUTO
2026-06-18 14:17:40,1781792260,R_10,4860.817,-1,0.023000000000138243,BACKFILL_AUTO
2026-06-18 14:17:42,1781792262,R_10,4860.88,1,0.06300000000010186,BACKFILL_AUTO
2026-06-18 14:17:44,1781792264,R_10,4861.135,1,0.25500000000010914,BACKFILL_AUTO
2026-06-18 14:17:46,1781792266,R_10,4861.217,1,0.0819999999994252,BACKFILL_AUTO
2026-06-18 14:17:48,1781792268,R_10,4861.254,1,0.037000000000261934,BACKFILL_AUTO
2026-06-18 14:17:50,1781792270,R_10,4861.419,1,0.16499999999996362,BACKFILL_AUTO
2026-06-18 14:17:52,1781792272,R_10,4861.414,-1,0.005000000000109139,BACKFILL_AUTO
2026-06-18 14:17:54,1781792274,R_10,4861.401,-1,0.012999999999919964,BACKFILL_AUTO
2026-06-18 14:17:56,1781792276,R_10,4861.244,-1,0.1570000000001528,BACKFILL_AUTO
2026-06-18 14:17:58,1781792278,R_10,4861.237,-1,0.006999999999607098,BACKFILL_AUTO
2026-06-18 14:18:00,1781792280,R_10,4861.166,-1,0.07099999999991269,BACKFILL_AUTO
2026-06-18 14:18:02,1781792282,R_10,4861.155,-1,0.011000000000422006,BACKFILL_AUTO
2026-06-18 14:18:04,1781792284,R_10,4861.127,-1,0.027999999999337888,BACKFILL_AUTO
2026-06-18 14:18:06,1781792286,R_10,4861.18,1,0.052999999999883585,BACKFILL_AUTO
2026-06-18 14:18:08,1781792288,R_10,4861.158,-1,0.021999999999934516,BACKFILL_AUTO
2026-06-18 14:18:10,1781792290,R_10,4861.212,1,0.05400000000008731,BACKFILL_AUTO
2026-06-18 14:18:12,1781792292,R_10,4861.241,1,0.028999999999541615,BACKFILL_AUTO
2026-06-18 14:18:14,1781792294,R_10,4861.175,-1,0.06599999999980355,BACKFILL_AUTO
2026-06-18 14:18:16,1781792296,R_10,4861.155,-1,0.020000000000436557,BACKFILL_AUTO
2026-06-18 14:18:18,1781792298,R_10,4861.261,1,0.10600000000067666,BACKFILL_AUTO
2026-06-18 14:18:20,1781792300,R_10,4861.352,1,0.09099999999943975,BACKFILL_AUTO
2026-06-18 14:18:22,1781792302,R_10,4861.229,-1,0.12299999999959255,BACKFILL_AUTO
2026-06-18 14:18:24,1781792304,R_10,4861.029,-1,0.1999999999998181,BACKFILL_AUTO
2026-06-18 14:18:26,1781792306,R_10,4860.966,-1,0.06300000000010186,BACKFILL_AUTO
2026-06-18 14:18:28,1781792308,R_10,4860.912,-1,0.05400000000008731,BACKFILL_AUTO
2026-06-18 14:18:30,1781792310,R_10,4860.93,1,0.018000000000029104,BACKFILL_AUTO
2026-06-18 14:18:32,1781792312,R_10,4860.974,1,0.04399999999986903,BACKFILL_AUTO
2026-06-18 14:18:34,1781792314,R_10,4860.915,-1,0.05900000000019645,BACKFILL_AUTO
2026-06-18 14:18:36,1781792316,R_10,4860.928,1,0.012999999999919964,BACKFILL_AUTO
2026-06-18 14:18:38,1781792318,R_10,4861.037,1,0.10900000000037835,BACKFILL_AUTO
2026-06-18 14:18:40,1781792320,R_10,4860.821,-1,0.21600000000034925,BACKFILL_AUTO
2026-06-18 14:18:42,1781792322,R_10,4860.609,-1,0.21199999999953434,BACKFILL_AUTO
2026-06-18 14:18:44,1781792324,R_10,4860.578,-1,0.03099999999994907,BACKFILL_AUTO
2026-06-18 14:18:46,1781792326,R_10,4860.669,1,0.09099999999943975,BACKFILL_AUTO
2026-06-18 14:18:48,1781792328,R_10,4860.628,-1,0.04100000000016735,BACKFILL_AUTO
2026-06-18 14:18:50,1781792330,R_10,4860.796,1,0.1680000000005748,BACKFILL_AUTO
2026-06-18 14:18:52,1781792332,R_10,4860.787,-1,0.009000000000014552,BACKFILL_AUTO
2026-06-18 14:18:54,1781792334,R_10,4860.895,1,0.10800000000017462,BACKFILL_AUTO
2026-06-18 14:18:56,1781792336,R_10,4860.976,1,0.08099999999922147,BACKFILL_AUTO
2026-06-18 14:18:58,1781792338,R_10,4861.016,1,0.03999999999996362,BACKFILL_AUTO
2026-06-18 14:19:00,1781792340,R_10,4861.276,1,0.2600000000002183,BACKFILL_AUTO
2026-06-18 14:19:02,1781792342,R_10,4861.077,-1,0.19899999999961437,BACKFILL_AUTO
2026-06-18 14:19:04,1781792344,R_10,4861.235,1,0.15799999999944703,BACKFILL_AUTO
2026-06-18 14:19:06,1781792346,R_10,4861.276,1,0.04100000000016735,BACKFILL_AUTO
2026-06-18 14:19:08,1781792348,R_10,4861.292,1,0.016000000000531145,BACKFILL_AUTO
2026-06-18 14:19:10,1781792350,R_10,4861.167,-1,0.125,BACKFILL_AUTO
2026-06-18 14:19:12,1781792352,R_10,4861.261,1,0.09400000000005093,BACKFILL_AUTO
2026-06-18 14:19:14,1781792354,R_10,4861.234,-1,0.027000000000043656,BACKFILL_AUTO
2026-06-18 14:19:16,1781792356,R_10,4861.276,1,0.04199999999946158,BACKFILL_AUTO
2026-06-18 14:19:18,1781792358,R_10,4861.244,-1,0.032000000000152795,BACKFILL_AUTO
2026-06-18 14:19:20,1781792360,R_10,4861.221,-1,0.023000000000138243,BACKFILL_AUTO
2026-06-18 14:19:22,1781792362,R_10,4861.196,-1,0.024999999999636202,BACKFILL_AUTO
2026-06-18 14:19:24,1781792364,R_10,4861.044,-1,0.15200000000004366,BACKFILL_AUTO
2026-06-18 14:19:26,1781792366,R_10,4860.988,-1,0.05599999999958527,BACKFILL_AUTO
2026-06-18 14:19:28,1781792368,R_10,4861.177,1,0.1889999999993961,BACKFILL_AUTO
2026-06-18 14:19:30,1781792370,R_10,4860.993,-1,0.18399999999928696,BACKFILL_AUTO
2026-06-18 14:19:32,1781792372,R_10,4860.874,-1,0.11900000000059663,BACKFILL_AUTO
2026-06-18 14:19:34,1781792374,R_10,4860.888,1,0.014000000000123691,BACKFILL_AUTO
2026-06-18 14:19:36,1781792376,R_10,4860.804,-1,0.08399999999983265,BACKFILL_AUTO
2026-06-18 14:19:38,1781792378,R_10,4860.749,-1,0.05500000000029104,BACKFILL_AUTO
2026-06-18 14:19:40,1781792380,R_10,4860.74,-1,0.009000000000014552,BACKFILL_AUTO
2026-06-18 14:19:42,1781792382,R_10,4860.764,1,0.02400000000034197,BACKFILL_AUTO
2026-06-18 14:19:44,1781792384,R_10,4860.843,1,0.07899999999972351,BACKFILL_AUTO
2026-06-18 14:19:46,1781792386,R_10,4860.864,1,0.02099999999973079,BACKFILL_AUTO
2026-06-18 14:19:48,1781792388,R_10,4860.834,-1,0.02999999999974534,BACKFILL_AUTO
2026-06-18 14:19:50,1781792390,R_10,4860.939,1,0.10500000000047294,BACKFILL_AUTO
2026-06-18 14:19:52,1781792392,R_10,4860.85,-1,0.08899999999994179,BACKFILL_AUTO
2026-06-18 14:19:54,1781792394,R_10,4860.908,1,0.057999999999992724,BACKFILL_AUTO
2026-06-18 14:19:56,1781792396,R_10,4860.931,1,0.02299999999922875,BACKFILL_AUTO
2026-06-18 14:19:58,1781792398,R_10,4860.82,-1,0.11099999999987631,BACKFILL_AUTO
2026-06-18 14:20:00,1781792400,R_10,4860.758,-1,0.06199999999989814,BACKFILL_AUTO
2026-06-18 14:20:02,1781792402,R_10,4860.679,-1,0.07899999999972351,BACKFILL_AUTO
2026-06-18 14:20:04,1781792404,R_10,4860.751,1,0.07200000000011642,BACKFILL_AUTO
2026-06-18 14:20:06,1781792406,R_10,4860.727,-1,0.02400000000034197,BACKFILL_AUTO
2026-06-18 14:20:08,1781792408,R_10,4860.7,-1,0.027000000000043656,BACKFILL_AUTO
2026-06-18 14:20:10,1781792410,R_10,4860.772,1,0.07200000000011642,BACKFILL_AUTO
2026-06-18 14:20:12,1781792412,R_10,4860.777,1,0.005000000000109139,BACKFILL_AUTO
2026-06-18 14:20:14,1781792414,R_10,4860.683,-1,0.09400000000005093,BACKFILL_AUTO
2026-06-18 14:20:16,1781792416,R_10,4860.526,-1,0.1570000000001528,BACKFILL_AUTO
2026-06-18 14:20:18,1781792418,R_10,4860.547,1,0.02099999999973079,BACKFILL_AUTO
2026-06-18 14:20:20,1781792420,R_10,4860.415,-1,0.1319999999996071,BACKFILL_AUTO
2026-06-18 14:20:22,1781792422,R_10,4860.389,-1,0.02599999999983993,BACKFILL_AUTO
2026-06-18 14:20:24,1781792424,R_10,4860.543,1,0.15399999999954161,BACKFILL_AUTO
2026-06-18 14:20:26,1781792426,R_10,4860.68,1,0.13700000000062573,BACKFILL_AUTO
2026-06-18 14:20:28,1781792428,R_10,4860.663,-1,0.01700000000073487,BACKFILL_AUTO
2026-06-18 14:20:30,1781792430,R_10,4860.495,-1,0.1679999999996653,BACKFILL_AUTO
2026-06-18 14:20:32,1781792432,R_10,4860.533,1,0.03800000000046566,BACKFILL_AUTO
2026-06-18 14:20:34,1781792434,R_10,4860.71,1,0.17699999999967986,BACKFILL_AUTO
2026-06-18 14:20:36,1781792436,R_10,4860.713,1,0.0029999999997016857,BACKFILL_AUTO
2026-06-18 14:20:38,1781792438,R_10,4860.739,1,0.02599999999983993,BACKFILL_AUTO
2026-06-18 14:20:40,1781792440,R_10,4860.596,-1,0.1430000000000291,BACKFILL_AUTO
2026-06-18 14:20:42,1781792442,R_10,4860.425,-1,0.170999999999367,BACKFILL_AUTO
2026-06-18 14:20:44,1781792444,R_10,4860.355,-1,0.07000000000061846,BACKFILL_AUTO
2026-06-18 14:20:46,1781792446,R_10,4860.347,-1,0.007999999999810825,BACKFILL_AUTO
2026-06-18 14:20:48,1781792448,R_10,4860.312,-1,0.03499999999985448,BACKFILL_AUTO
2026-06-18 14:20:50,1781792450,R_10,4860.258,-1,0.05400000000008731,BACKFILL_AUTO
2026-06-18 14:20:52,1781792452,R_10,4860.339,1,0.08100000000013097,BACKFILL_AUTO
2026-06-18 14:20:54,1781792454,R_10,4860.421,1,0.0820000000003347,BACKFILL_AUTO
2026-06-18 14:20:56,1781792456,R_10,4860.457,1,0.03600000000005821,BACKFILL_AUTO
2026-06-18 14:20:58,1781792458,R_10,4860.403,-1,0.05400000000008731,BACKFILL_AUTO
2026-06-18 14:21:00,1781792460,R_10,4860.409,1,0.0059999999994033715,BACKFILL_AUTO
2026-06-18 14:21:02,1781792462,R_10,4860.506,1,0.09700000000066211,BACKFILL_AUTO
2026-06-18 14:21:04,1781792464,R_10,4860.627,1,0.12100000000009459,BACKFILL_AUTO
2026-06-18 14:21:06,1781792466,R_10,4860.679,1,0.05199999999967986,BACKFILL_AUTO
2026-06-18 14:21:08,1781792468,R_10,4860.777,1,0.09799999999995634,BACKFILL_AUTO
2026-06-18 14:21:10,1781792470,R_10,4860.761,-1,0.01599999999962165,BACKFILL_AUTO
2026-06-18 14:21:12,1781792472,R_10,4860.933,1,0.17199999999957072,BACKFILL_AUTO
2026-06-18 14:21:14,1781792474,R_10,4860.829,-1,0.10400000000026921,BACKFILL_AUTO
2026-06-18 14:21:16,1781792476,R_10,4860.967,1,0.13799999999991996,BACKFILL_AUTO
2026-06-18 14:21:18,1781792478,R_10,4861.098,1,0.13100000000031287,BACKFILL_AUTO
2026-06-18 14:21:20,1781792480,R_10,4861.154,1,0.056000000000494765,BACKFILL_AUTO
2026-06-18 14:21:22,1781792482,R_10,4861.033,-1,0.12100000000009459,BACKFILL_AUTO
2026-06-18 14:21:24,1781792484,R_10,4860.927,-1,0.10600000000067666,BACKFILL_AUTO
2026-06-18 14:21:26,1781792486,R_10,4860.872,-1,0.054999999999381544,BACKFILL_AUTO
2026-06-18 14:21:28,1781792488,R_10,4860.797,-1,0.0750000000007276,BACKFILL_AUTO
2026-06-18 14:21:30,1781792490,R_10,4860.818,1,0.021000000000640284,BACKFILL_AUTO
2026-06-18 14:21:32,1781792492,R_10,4860.743,-1,0.0749999999998181,BACKFILL_AUTO
2026-06-18 14:21:34,1781792494,R_10,4860.731,-1,0.012000000000625732,BACKFILL_AUTO
2026-06-18 14:21:36,1781792496,R_10,4860.577,-1,0.15399999999954161,BACKFILL_AUTO
2026-06-18 14:21:38,1781792498,R_10,4860.667,1,0.09000000000014552,BACKFILL_AUTO
2026-06-18 14:21:40,1781792500,R_10,4860.467,-1,0.2000000000007276,BACKFILL_AUTO
2026-06-18 14:21:42,1781792502,R_10,4860.618,1,0.15100000000074942,BACKFILL_AUTO
2026-06-18 14:21:44,1781792504,R_10,4860.867,1,0.24899999999979627,BACKFILL_AUTO
2026-06-18 14:21:46,1781792506,R_10,4860.712,-1,0.15499999999974534,BACKFILL_AUTO
2026-06-18 14:21:48,1781792508,R_10,4860.63,-1,0.0820000000003347,BACKFILL_AUTO
2026-06-18 14:21:50,1781792510,R_10,4860.671,1,0.04100000000016735,BACKFILL_AUTO
2026-06-18 14:21:52,1781792512,R_10,4860.889,1,0.2179999999998472,BACKFILL_AUTO
2026-06-18 14:21:54,1781792514,R_10,4860.706,-1,0.18299999999999272,BACKFILL_AUTO
2026-06-18 14:21:56,1781792516,R_10,4860.767,1,0.06099999999969441,BACKFILL_AUTO
2026-06-18 14:21:58,1781792518,R_10,4860.686,-1,0.08100000000013097,BACKFILL_AUTO
2026-06-18 14:22:00,1781792520,R_10,4860.629,-1,0.056999999999789,BACKFILL_AUTO
2026-06-18 14:22:02,1781792522,R_10,4860.731,1,0.10199999999986176,BACKFILL_AUTO
2026-06-18 14:22:04,1781792524,R_10,4860.695,-1,0.03600000000005821,BACKFILL_AUTO
2026-06-18 14:22:06,1781792526,R_10,4860.806,1,0.11099999999987631,BACKFILL_AUTO
2026-06-18 14:22:08,1781792528,R_10,4860.653,-1,0.1529999999993379,BACKFILL_AUTO
2026-06-18 14:22:10,1781792530,R_10,4860.697,1,0.04399999999986903,BACKFILL_AUTO
2026-06-18 14:22:12,1781792532,R_10,4860.77,1,0.07300000000032014,BACKFILL_AUTO
2026-06-18 14:22:14,1781792534,R_10,4860.696,-1,0.07400000000052387,BACKFILL_AUTO
2026-06-18 14:22:16,1781792536,R_10,4860.642,-1,0.05400000000008731,BACKFILL_AUTO
2026-06-18 14:22:18,1781792538,R_10,4860.581,-1,0.06099999999969441,BACKFILL_AUTO
2026-06-18 14:22:20,1781792540,R_10,4860.82,1,0.238999999999578,BACKFILL_AUTO
2026-06-18 14:22:22,1781792542,R_10,4860.831,1,0.011000000000422006,BACKFILL_AUTO
2026-06-18 14:22:24,1781792544,R_10,4860.8,-1,0.03099999999994907,BACKFILL_AUTO
2026-06-18 14:22:26,1781792546,R_10,4860.805,1,0.005000000000109139,BACKFILL_AUTO
2026-06-18 14:22:28,1781792548,R_10,4860.619,-1,0.1860000000006039,BACKFILL_AUTO
2026-06-18 14:22:30,1781792550,R_10,4860.572,-1,0.04699999999957072,BACKFILL_AUTO
2026-06-18 14:22:32,1781792552,R_10,4860.578,1,0.006000000000312866,BACKFILL_AUTO
2026-06-18 14:22:34,1781792554,R_10,4860.488,-1,0.09000000000014552,BACKFILL_AUTO
2026-06-18 14:22:36,1781792556,R_10,4860.369,-1,0.11900000000059663,BACKFILL_AUTO
2026-06-18 14:22:38,1781792558,R_10,4860.472,1,0.10300000000006548,BACKFILL_AUTO
2026-06-18 14:22:40,1781792560,R_10,4860.456,-1,0.01599999999962165,BACKFILL_AUTO
2026-06-18 14:22:42,1781792562,R_10,4860.424,-1,0.032000000000152795,BACKFILL_AUTO
2026-06-18 14:22:44,1781792564,R_10,4860.552,1,0.12799999999970169,BACKFILL_AUTO
2026-06-18 14:22:46,1781792566,R_10,4860.418,-1,0.13400000000001455,BACKFILL_AUTO
2026-06-18 14:22:48,1781792568,R_10,4860.451,1,0.03300000000035652,BACKFILL_AUTO
2026-06-18 14:22:50,1781792570,R_10,4860.441,-1,0.010000000000218279,BACKFILL_AUTO
2026-06-18 14:22:52,1781792572,R_10,4860.346,-1,0.09500000000025466,BACKFILL_AUTO
2026-06-18 14:22:54,1781792574,R_10,4860.43,1,0.08400000000074215,BACKFILL_AUTO
2026-06-18 14:22:56,1781792576,R_10,4860.212,-1,0.2179999999998472,BACKFILL_AUTO
2026-06-18 14:22:58,1781792578,R_10,4859.996,-1,0.21600000000034925,BACKFILL_AUTO
2026-06-18 14:23:00,1781792580,R_10,4859.895,-1,0.10099999999965803,BACKFILL_AUTO
2026-06-18 14:23:02,1781792582,R_10,4859.89,-1,0.005000000000109139,BACKFILL_AUTO
2026-06-18 14:23:04,1781792584,R_10,4859.812,-1,0.07800000000042928,BACKFILL_AUTO
2026-06-18 14:23:06,1781792586,R_10,4859.566,-1,0.2460000000000946,BACKFILL_AUTO
2026-06-18 14:23:08,1781792588,R_10,4859.544,-1,0.021999999999934516,BACKFILL_AUTO
2026-06-18 14:23:10,1781792590,R_10,4859.681,1,0.13699999999971624,BACKFILL_AUTO
2026-06-18 14:23:12,1781792592,R_10,4859.733,1,0.05200000000058935,BACKFILL_AUTO
2026-06-18 14:23:14,1781792594,R_10,4859.875,1,0.14199999999982538,BACKFILL_AUTO
2026-06-18 14:23:16,1781792596,R_10,4859.766,-1,0.10900000000037835,BACKFILL_AUTO
2026-06-18 14:23:18,1781792598,R_10,4859.881,1,0.11500000000069122,BACKFILL_AUTO
2026-06-18 14:23:20,1781792600,R_10,4859.956,1,0.0749999999998181,BACKFILL_AUTO
2026-06-18 14:23:22,1781792602,R_10,4860.06,1,0.10400000000026921,BACKFILL_AUTO
2026-06-18 14:23:24,1781792604,R_10,4860.3,1,0.23999999999978172,BACKFILL_AUTO
2026-06-18 14:23:26,1781792606,R_10,4860.431,1,0.13099999999940337,BACKFILL_AUTO
2026-06-18 14:23:28,1781792608,R_10,4860.515,1,0.08400000000074215,BACKFILL_AUTO
2026-06-18 14:23:30,1781792610,R_10,4860.663,1,0.14799999999922875,BACKFILL_AUTO
2026-06-18 14:23:32,1781792612,R_10,4860.416,-1,0.24699999999938882,BACKFILL_AUTO
2026-06-18 14:23:34,1781792614,R_10,4860.588,1,0.17199999999957072,BACKFILL_AUTO
2026-06-18 14:23:36,1781792616,R_10,4860.543,-1,0.04500000000007276,BACKFILL_AUTO
2026-06-18 14:23:38,1781792618,R_10,4860.576,1,0.03300000000035652,BACKFILL_AUTO
2026-06-18 14:23:40,1781792620,R_10,4860.651,1,0.0749999999998181,BACKFILL_AUTO
2026-06-18 14:23:42,1781792622,R_10,4860.707,1,0.056000000000494765,BACKFILL_AUTO
2026-06-18 14:23:44,1781792624,R_10,4860.704,-1,0.0030000000006111804,BACKFILL_AUTO
2026-06-18 14:23:46,1781792626,R_10,4860.733,1,0.02900000000045111,BACKFILL_AUTO
2026-06-18 14:23:48,1781792628,R_10,4860.779,1,0.046000000000276486,BACKFILL_AUTO
2026-06-18 14:23:50,1781792630,R_10,4860.708,-1,0.07100000000082218,BACKFILL_AUTO
2026-06-18 14:23:52,1781792632,R_10,4860.73,1,0.021999999999934516,BACKFILL_AUTO
2026-06-18 14:23:54,1781792634,R_10,4860.57,-1,0.15999999999985448,BACKFILL_AUTO
2026-06-18 14:23:56,1781792636,R_10,4860.454,-1,0.11599999999998545,BACKFILL_AUTO
2026-06-18 14:23:58,1781792638,R_10,4860.551,1,0.09700000000066211,BACKFILL_AUTO
2026-06-18 14:24:00,1781792640,R_10,4860.615,1,0.0639999999993961,BACKFILL_AUTO
2026-06-18 14:24:02,1781792642,R_10,4860.673,1,0.057999999999992724,BACKFILL_AUTO
2026-06-18 14:24:04,1781792644,R_10,4860.707,1,0.03400000000056025,BACKFILL_AUTO
2026-06-18 14:24:06,1781792646,R_10,4860.73,1,0.02299999999922875,BACKFILL_AUTO
2026-06-18 14:24:08,1781792648,R_10,4860.717,-1,0.012999999999919964,BACKFILL_AUTO
2026-06-18 14:24:10,1781792650,R_10,4860.748,1,0.03099999999994907,BACKFILL_AUTO
2026-06-18 14:24:12,1781792652,R_10,4860.57,-1,0.17799999999988358,BACKFILL_AUTO
2026-06-18 14:24:14,1781792654,R_10,4860.62,1,0.0500000000001819,BACKFILL_AUTO
2026-06-18 14:24:16,1781792656,R_10,4860.719,1,0.09900000000016007,BACKFILL_AUTO
2026-06-18 14:24:18,1781792658,R_10,4860.532,-1,0.18699999999989814,BACKFILL_AUTO
2026-06-18 14:24:20,1781792660,R_10,4860.544,1,0.011999999999716238,BACKFILL_AUTO
2026-06-18 14:24:22,1781792662,R_10,4860.435,-1,0.10899999999946886,BACKFILL_AUTO
2026-06-18 14:24:24,1781792664,R_10,4860.454,1,0.018999999999323336,BACKFILL_AUTO
2026-06-18 14:24:26,1781792666,R_10,4860.391,-1,0.06300000000010186,BACKFILL_AUTO
2026-06-18 14:24:28,1781792668,R_10,4860.439,1,0.04800000000068394,BACKFILL_AUTO
2026-06-18 14:24:30,1781792670,R_10,4860.67,1,0.23099999999976717,BACKFILL_AUTO
2026-06-18 14:24:32,1781792672,R_10,4860.447,-1,0.22299999999995634,BACKFILL_AUTO
2026-06-18 14:24:34,1781792674,R_10,4860.471,1,0.023999999999432475,BACKFILL_AUTO
2026-06-18 14:24:36,1781792676,R_10,4860.267,-1,0.2039999999997235,BACKFILL_AUTO
2026-06-18 14:24:38,1781792678,R_10,4860.168,-1,0.09900000000016007,BACKFILL_AUTO
2026-06-18 14:24:40,1781792680,R_10,4860.153,-1,0.014999999999417923,BACKFILL_AUTO
2026-06-18 14:24:42,1781792682,R_10,4860.096,-1,0.05700000000069849,BACKFILL_AUTO
2026-06-18 14:24:44,1781792684,R_10,4860.012,-1,0.08399999999983265,BACKFILL_AUTO
2026-06-18 14:24:46,1781792686,R_10,4860.186,1,0.17399999999997817,BACKFILL_AUTO
2026-06-18 14:24:48,1781792688,R_10,4859.886,-1,0.2999999999992724,BACKFILL_AUTO
2026-06-18 14:24:50,1781792690,R_10,4859.76,-1,0.12600000000020373,BACKFILL_AUTO
2026-06-18 14:24:52,1781792692,R_10,4859.524,-1,0.2359999999998763,BACKFILL_AUTO
2026-06-18 14:24:54,1781792694,R_10,4859.471,-1,0.05300000000079308,BACKFILL_AUTO
2026-06-18 14:24:56,1781792696,R_10,4859.446,-1,0.024999999999636202,BACKFILL_AUTO
2026-06-18 14:24:58,1781792698,R_10,4859.574,1,0.12799999999970169,BACKFILL_AUTO
2026-06-18 14:25:00,1781792700,R_10,4859.523,-1,0.05099999999947613,BACKFILL_AUTO
2026-06-18 14:25:02,1781792702,R_10,4859.453,-1,0.06999999999970896,BACKFILL_AUTO
2026-06-18 14:25:04,1781792704,R_10,4859.739,1,0.2859999999991487,BACKFILL_AUTO
2026-06-18 14:25:06,1781792706,R_10,4859.807,1,0.068000000000211,BACKFILL_AUTO
2026-06-18 14:25:08,1781792708,R_10,4860.052,1,0.24499999999989086,BACKFILL_AUTO
2026-06-18 14:25:10,1781792710,R_10,4859.976,-1,0.07600000000002183,BACKFILL_AUTO
2026-06-18 14:25:12,1781792712,R_10,4860.046,1,0.07000000000061846,BACKFILL_AUTO
2026-06-18 14:25:14,1781792714,R_10,4860.239,1,0.1929999999993015,BACKFILL_AUTO
2026-06-18 14:25:16,1781792716,R_10,4860.344,1,0.10500000000047294,BACKFILL_AUTO
2026-06-18 14:25:18,1781792718,R_10,4860.116,-1,0.22800000000006548,BACKFILL_AUTO
2026-06-18 14:25:20,1781792720,R_10,4860.188,1,0.07200000000011642,BACKFILL_AUTO
2026-06-18 14:25:22,1781792722,R_10,4860.249,1,0.06099999999969441,BACKFILL_AUTO
2026-06-18 14:25:24,1781792724,R_10,4860.247,-1,0.001999999999497959,BACKFILL_AUTO
2026-06-18 14:25:26,1781792726,R_10,4860.159,-1,0.08800000000064756,BACKFILL_AUTO
2026-06-18 14:25:28,1781792728,R_10,4860.17,1,0.011000000000422006,BACKFILL_AUTO
2026-06-18 14:25:30,1781792730,R_10,4860.153,-1,0.016999999999825377,BACKFILL_AUTO
2026-06-18 14:25:32,1781792732,R_10,4860.146,-1,0.007000000000516593,BACKFILL_AUTO
2026-06-18 14:25:34,1781792734,R_10,4860.152,1,0.006000000000312866,BACKFILL_AUTO
2026-06-18 14:25:36,1781792736,R_10,4859.931,-1,0.22100000000045839,BACKFILL_AUTO
2026-06-18 14:25:38,1781792738,R_10,4859.965,1,0.03400000000056025,BACKFILL_AUTO
2026-06-18 14:25:40,1781792740,R_10,4859.885,-1,0.07999999999992724,BACKFILL_AUTO
2026-06-18 14:25:42,1781792742,R_10,4859.972,1,0.08699999999953434,BACKFILL_AUTO
2026-06-18 14:25:44,1781792744,R_10,4860.163,1,0.19099999999980355,BACKFILL_AUTO
2026-06-18 14:25:46,1781792746,R_10,4860.044,-1,0.11899999999968713,BACKFILL_AUTO
2026-06-18 14:25:48,1781792748,R_10,4860.074,1,0.02999999999974534,BACKFILL_AUTO
2026-06-18 14:25:50,1781792750,R_10,4860.035,-1,0.03899999999975989,BACKFILL_AUTO
2026-06-18 14:25:52,1781792752,R_10,4860.052,1,0.016999999999825377,BACKFILL_AUTO
2026-06-18 14:25:54,1781792754,R_10,4860.132,1,0.07999999999992724,BACKFILL_AUTO
2026-06-18 14:25:56,1781792756,R_10,4860.124,-1,0.007999999999810825,BACKFILL_AUTO
2026-06-18 14:25:58,1781792758,R_10,4860.299,1,0.1750000000001819,BACKFILL_AUTO
2026-06-18 14:26:00,1781792760,R_10,4860.223,-1,0.07600000000002183,BACKFILL_AUTO
2026-06-18 14:26:02,1781792762,R_10,4860.124,-1,0.09900000000016007,BACKFILL_AUTO
2026-06-18 14:26:04,1781792764,R_10,4860.198,1,0.07400000000052387,BACKFILL_AUTO
2026-06-18 14:26:06,1781792766,R_10,4860.186,-1,0.012000000000625732,BACKFILL_AUTO
2026-06-18 14:26:08,1781792768,R_10,4860.148,-1,0.03799999999955617,BACKFILL_AUTO
2026-06-18 14:26:10,1781792770,R_10,4859.968,-1,0.18000000000029104,BACKFILL_AUTO
2026-06-18 14:26:12,1781792772,R_10,4859.823,-1,0.14499999999952706,BACKFILL_AUTO
2026-06-18 14:26:14,1781792774,R_10,4859.806,-1,0.01700000000073487,BACKFILL_AUTO
2026-06-18 14:26:16,1781792776,R_10,4859.934,1,0.12800000000061118,BACKFILL_AUTO
2026-06-18 14:26:18,1781792778,R_10,4859.942,1,0.007999999999810825,BACKFILL_AUTO
2026-06-18 14:26:20,1781792780,R_10,4859.9,-1,0.042000000000371074,BACKFILL_AUTO
2026-06-18 14:26:22,1781792782,R_10,4859.857,-1,0.042999999999665306,BACKFILL_AUTO
2026-06-18 14:26:24,1781792784,R_10,4859.753,-1,0.10400000000026921,BACKFILL_AUTO
2026-06-18 14:26:26,1781792786,R_10,4859.631,-1,0.12199999999938882,BACKFILL_AUTO
2026-06-18 14:26:28,1781792788,R_10,4859.592,-1,0.03900000000066939,BACKFILL_AUTO
2026-06-18 14:26:30,1781792790,R_10,4859.752,1,0.16000000000076398,BACKFILL_AUTO
2026-06-18 14:26:32,1781792792,R_10,4859.985,1,0.23299999999926513,BACKFILL_AUTO
2026-06-18 14:26:34,1781792794,R_10,4860.046,1,0.061000000000603904,BACKFILL_AUTO
2026-06-18 14:26:36,1781792796,R_10,4859.893,-1,0.15300000000024738,BACKFILL_AUTO
2026-06-18 14:26:38,1781792798,R_10,4859.956,1,0.06300000000010186,BACKFILL_AUTO
2026-06-18 14:26:40,1781792800,R_10,4859.853,-1,0.10300000000006548,BACKFILL_AUTO
2026-06-18 14:26:42,1781792802,R_10,4859.777,-1,0.07600000000002183,BACKFILL_AUTO
2026-06-18 14:26:44,1781792804,R_10,4859.953,1,0.17600000000038563,BACKFILL_AUTO
2026-06-18 14:26:46,1781792806,R_10,4860.04,1,0.08699999999953434,BACKFILL_AUTO
2026-06-18 14:26:48,1781792808,R_10,4860.215,1,0.1750000000001819,BACKFILL_AUTO
2026-06-18 14:26:50,1781792810,R_10,4860.409,1,0.19399999999950523,BACKFILL_AUTO
2026-06-18 14:26:52,1781792812,R_10,4860.269,-1,0.13999999999941792,BACKFILL_AUTO
2026-06-18 14:26:54,1781792814,R_10,4860.422,1,0.1529999999993379,BACKFILL_AUTO
2026-06-18 14:26:56,1781792816,R_10,4860.568,1,0.14600000000064028,BACKFILL_AUTO
2026-06-18 14:26:58,1781792818,R_10,4860.628,1,0.05999999999949068,BACKFILL_AUTO
2026-06-18 14:27:00,1781792820,R_10,4860.695,1,0.06700000000000728,BACKFILL_AUTO
2026-06-18 14:27:02,1781792822,R_10,4860.694,-1,0.0009999999992942321,BACKFILL_AUTO
2026-06-18 14:27:04,1781792824,R_10,4860.801,1,0.1069999999999709,BACKFILL_AUTO
2026-06-18 14:27:06,1781792826,R_10,4860.646,-1,0.15500000000065484,BACKFILL_AUTO
2026-06-18 14:27:08,1781792828,R_10,4860.502,-1,0.14399999999932334,BACKFILL_AUTO
2026-06-18 14:27:10,1781792830,R_10,4860.282,-1,0.22000000000025466,BACKFILL_AUTO
2026-06-18 14:27:12,1781792832,R_10,4860.325,1,0.042999999999665306,BACKFILL_AUTO
2026-06-18 14:27:14,1781792834,R_10,4860.135,-1,0.18999999999959982,BACKFILL_AUTO
2026-06-18 14:27:16,1781792836,R_10,4860.212,1,0.07700000000022555,BACKFILL_AUTO
2026-06-18 14:27:18,1781792838,R_10,4860.256,1,0.04399999999986903,BACKFILL_AUTO
2026-06-18 14:27:20,1781792840,R_10,4860.237,-1,0.01900000000023283,BACKFILL_AUTO
2026-06-18 14:27:22,1781792842,R_10,4860.217,-1,0.020000000000436557,BACKFILL_AUTO
2026-06-18 14:27:24,1781792844,R_10,4860.174,-1,0.042999999999665306,BACKFILL_AUTO
2026-06-18 14:27:26,1781792846,R_10,4860.24,1,0.06599999999980355,BACKFILL_AUTO
2026-06-18 14:27:28,1781792848,R_10,4860.437,1,0.19700000000011642,BACKFILL_AUTO
2026-06-18 14:27:30,1781792850,R_10,4860.704,1,0.2669999999998254,BACKFILL_AUTO
2026-06-18 14:27:32,1781792852,R_10,4860.905,1,0.20100000000002183,BACKFILL_AUTO
2026-06-18 14:27:34,1781792854,R_10,4860.906,1,0.0010000000002037268,BACKFILL_AUTO
2026-06-18 14:27:36,1781792856,R_10,4861.024,1,0.1180000000003929,BACKFILL_AUTO
2026-06-18 14:27:38,1781792858,R_10,4860.879,-1,0.14500000000043656,BACKFILL_AUTO
2026-06-18 14:27:40,1781792860,R_10,4860.898,1,0.01900000000023283,BACKFILL_AUTO
2026-06-18 14:27:42,1781792862,R_10,4860.667,-1,0.23099999999976717,BACKFILL_AUTO
2026-06-18 14:27:44,1781792864,R_10,4860.687,1,0.019999999999527063,BACKFILL_AUTO
2026-06-18 14:27:46,1781792866,R_10,4860.571,-1,0.11599999999998545,BACKFILL_AUTO
2026-06-18 14:27:48,1781792868,R_10,4860.324,-1,0.24700000000029831,BACKFILL_AUTO
2026-06-18 14:27:50,1781792870,R_10,4860.475,1,0.15100000000074942,BACKFILL_AUTO
2026-06-18 14:27:52,1781792872,R_10,4860.526,1,0.05099999999947613,BACKFILL_AUTO
2026-06-18 14:27:54,1781792874,R_10,4860.347,-1,0.1790000000000873,BACKFILL_AUTO
2026-06-18 14:27:56,1781792876,R_10,4860.48,1,0.13299999999981083,BACKFILL_AUTO
2026-06-18 14:27:58,1781792878,R_10,4860.574,1,0.09400000000005093,BACKFILL_AUTO
2026-06-18 14:28:00,1781792880,R_10,4860.744,1,0.17000000000007276,BACKFILL_AUTO
2026-06-18 14:28:02,1781792882,R_10,4860.669,-1,0.0749999999998181,BACKFILL_AUTO
2026-06-18 14:28:04,1781792884,R_10,4860.702,1,0.03300000000035652,BACKFILL_AUTO
2026-06-18 14:28:06,1781792886,R_10,4860.552,-1,0.1500000000005457,BACKFILL_AUTO
2026-06-18 14:28:08,1781792888,R_10,4860.425,-1,0.12699999999949796,BACKFILL_AUTO
2026-06-18 14:28:10,1781792890,R_10,4860.431,1,0.0059999999994033715,BACKFILL_AUTO
2026-06-18 14:28:12,1781792892,R_10,4860.611,1,0.18000000000029104,BACKFILL_AUTO
2026-06-18 14:28:14,1781792894,R_10,4860.82,1,0.20899999999983265,BACKFILL_AUTO
2026-06-18 14:28:16,1781792896,R_10,4860.908,1,0.08800000000064756,BACKFILL_AUTO
2026-06-18 14:28:18,1781792898,R_10,4861.015,1,0.1069999999999709,BACKFILL_AUTO
2026-06-18 14:28:20,1781792900,R_10,4861.076,1,0.06099999999969441,BACKFILL_AUTO
2026-06-18 14:28:22,1781792902,R_10,4860.983,-1,0.0929999999998472,BACKFILL_AUTO
2026-06-18 14:28:24,1781792904,R_10,4860.971,-1,0.012000000000625732,BACKFILL_AUTO
2026-06-18 14:28:26,1781792906,R_10,4860.779,-1,0.19199999999909778,BACKFILL_AUTO
2026-06-18 14:28:28,1781792908,R_10,4860.833,1,0.05399999999917782,BACKFILL_AUTO
2026-06-18 14:28:30,1781792910,R_10,4860.865,1,0.032000000000152795,BACKFILL_AUTO
2026-06-18 14:28:32,1781792912,R_10,4860.77,-1,0.09499999999934516,BACKFILL_AUTO
2026-06-18 14:28:34,1781792914,R_10,4860.759,-1,0.011000000000422006,BACKFILL_AUTO
2026-06-18 14:28:36,1781792916,R_10,4860.879,1,0.11999999999989086,BACKFILL_AUTO
2026-06-18 14:28:38,1781792918,R_10,4861.03,1,0.15099999999983993,BACKFILL_AUTO
2026-06-18 14:28:40,1781792920,R_10,4861.067,1,0.037000000000261934,BACKFILL_AUTO
2026-06-18 14:28:42,1781792922,R_10,4861.31,1,0.2430000000003929,BACKFILL_AUTO
2026-06-18 14:28:44,1781792924,R_10,4861.251,-1,0.05900000000019645,BACKFILL_AUTO
2026-06-18 14:28:46,1781792926,R_10,4861.156,-1,0.09500000000025466,BACKFILL_AUTO
2026-06-18 14:28:48,1781792928,R_10,4861.081,-1,0.0749999999998181,BACKFILL_AUTO
2026-06-18 14:28:50,1781792930,R_10,4860.942,-1,0.1390000000001237,BACKFILL_AUTO
2026-06-18 14:28:52,1781792932,R_10,4860.922,-1,0.020000000000436557,BACKFILL_AUTO
2026-06-18 14:28:54,1781792934,R_10,4861.1,1,0.17800000000079308,BACKFILL_AUTO
2026-06-18 14:28:56,1781792936,R_10,4861.266,1,0.16599999999925785,BACKFILL_AUTO
2026-06-18 14:28:58,1781792938,R_10,4861.485,1,0.21900000000005093,BACKFILL_AUTO
2026-06-18 14:29:00,1781792940,R_10,4861.451,-1,0.033999999999650754,BACKFILL_AUTO
2026-06-18 14:29:02,1781792942,R_10,4861.402,-1,0.04899999999997817,BACKFILL_AUTO
2026-06-18 14:29:04,1781792944,R_10,4861.262,-1,0.14000000000032742,BACKFILL_AUTO
2026-06-18 14:29:06,1781792946,R_10,4861.245,-1,0.016999999999825377,BACKFILL_AUTO
2026-06-18 14:29:08,1781792948,R_10,4861.368,1,0.12300000000050204,BACKFILL_AUTO
2026-06-18 14:29:10,1781792950,R_10,4861.196,-1,0.1720000000004802,BACKFILL_AUTO
2026-06-18 14:29:12,1781792952,R_10,4861.391,1,0.19499999999970896,BACKFILL_AUTO
2026-06-18 14:29:14,1781792954,R_10,4861.57,1,0.1790000000000873,BACKFILL_AUTO
2026-06-18 14:29:16,1781792956,R_10,4861.483,-1,0.08699999999953434,BACKFILL_AUTO
2026-06-18 14:29:18,1781792958,R_10,4861.53,1,0.04699999999957072,BACKFILL_AUTO
2026-06-18 14:29:20,1781792960,R_10,4861.5,-1,0.02999999999974534,BACKFILL_AUTO
2026-06-18 14:29:22,1781792962,R_10,4861.447,-1,0.052999999999883585,BACKFILL_AUTO
2026-06-18 14:29:24,1781792964,R_10,4861.578,1,0.13100000000031287,BACKFILL_AUTO
2026-06-18 14:29:26,1781792966,R_10,4861.683,1,0.10499999999956344,BACKFILL_AUTO
2026-06-18 14:29:28,1781792968,R_10,4861.774,1,0.09100000000034925,BACKFILL_AUTO
2026-06-18 14:29:30,1781792970,R_10,4861.668,-1,0.10600000000067666,BACKFILL_AUTO
2026-06-18 14:29:32,1781792972,R_10,4861.681,1,0.012999999999919964,BACKFILL_AUTO
2026-06-18 14:29:34,1781792974,R_10,4861.562,-1,0.11899999999968713,BACKFILL_AUTO
2026-06-18 14:29:36,1781792976,R_10,4861.515,-1,0.04699999999957072,BACKFILL_AUTO
2026-06-18 14:29:38,1781792978,R_10,4861.549,1,0.033999999999650754,BACKFILL_AUTO
2026-06-18 14:29:40,1781792980,R_10,4861.444,-1,0.10499999999956344,BACKFILL_AUTO
2026-06-18 14:29:42,1781792982,R_10,4861.682,1,0.23799999999937427,BACKFILL_AUTO
2026-06-18 14:29:44,1781792984,R_10,4861.73,1,0.047999999999774445,BACKFILL_AUTO
2026-06-18 14:29:46,1781792986,R_10,4861.877,1,0.147000000000844,BACKFILL_AUTO
2026-06-18 14:29:48,1781792988,R_10,4861.634,-1,0.2430000000003929,BACKFILL_AUTO
2026-06-18 14:29:50,1781792990,R_10,4861.545,-1,0.08899999999994179,BACKFILL_AUTO
2026-06-18 14:29:52,1781792992,R_10,4861.46,-1,0.08500000000003638,BACKFILL_AUTO
2026-06-18 14:29:54,1781792994,R_10,4861.467,1,0.006999999999607098,BACKFILL_AUTO
2026-06-18 14:29:56,1781792996,R_10,4861.555,1,0.08800000000064756,BACKFILL_AUTO
2026-06-18 14:29:58,1781792998,R_10,4861.487,-1,0.068000000000211,BACKFILL_AUTO
2026-06-18 14:30:00,1781793000,R_10,4861.491,1,0.0039999999999054126,BACKFILL_AUTO
2026-06-18 14:30:02,1781793002,R_10,4861.322,-1,0.16899999999986903,BACKFILL_AUTO
2026-06-18 14:30:04,1781793004,R_10,4861.245,-1,0.07700000000022555,BACKFILL_AUTO
2026-06-18 14:30:06,1781793006,R_10,4861.154,-1,0.09099999999943975,BACKFILL_AUTO
2026-06-18 14:30:08,1781793008,R_10,4861.206,1,0.05199999999967986,BACKFILL_AUTO
2026-06-18 14:30:10,1781793010,R_10,4861.132,-1,0.07400000000052387,BACKFILL_AUTO
2026-06-18 14:30:12,1781793012,R_10,4860.97,-1,0.16199999999935244,BACKFILL_AUTO
2026-06-18 14:30:14,1781793014,R_10,4860.882,-1,0.08800000000064756,BACKFILL_AUTO
2026-06-18 14:30:16,1781793016,R_10,4860.892,1,0.010000000000218279,BACKFILL_AUTO
2026-06-18 14:30:18,1781793018,R_10,4860.864,-1,0.028000000000247383,BACKFILL_AUTO
2026-06-18 14:30:20,1781793020,R_10,4860.604,-1,0.2599999999993088,BACKFILL_AUTO
2026-06-18 14:30:22,1781793022,R_10,4860.5,-1,0.10400000000026921,BACKFILL_AUTO
2026-06-18 14:30:24,1781793024,R_10,4860.439,-1,0.06099999999969441,BACKFILL_AUTO
2026-06-18 14:30:26,1781793026,R_10,4860.327,-1,0.11200000000008004,BACKFILL_AUTO
2026-06-18 14:30:28,1781793028,R_10,4860.686,1,0.35899999999946886,BACKFILL_AUTO
2026-06-18 14:30:30,1781793030,R_10,4860.869,1,0.18299999999999272,BACKFILL_AUTO
2026-06-18 14:30:32,1781793032,R_10,4860.83,-1,0.03899999999975989,BACKFILL_AUTO
2026-06-18 14:30:34,1781793034,R_10,4860.623,-1,0.2070000000003347,BACKFILL_AUTO
2026-06-18 14:30:36,1781793036,R_10,4860.621,-1,0.001999999999497959,BACKFILL_AUTO
2026-06-18 14:30:38,1781793038,R_10,4860.517,-1,0.10400000000026921,BACKFILL_AUTO
2026-06-18 14:30:40,1781793040,R_10,4860.532,1,0.015000000000327418,BACKFILL_AUTO
2026-06-18 14:30:42,1781793042,R_10,4860.447,-1,0.08500000000003638,BACKFILL_AUTO
2026-06-18 14:30:44,1781793044,R_10,4860.556,1,0.10899999999946886,BACKFILL_AUTO
2026-06-18 14:30:46,1781793046,R_10,4860.485,-1,0.07099999999991269,BACKFILL_AUTO
2026-06-18 14:30:48,1781793048,R_10,4860.501,1,0.016000000000531145,BACKFILL_AUTO
2026-06-18 14:30:50,1781793050,R_10,4860.608,1,0.1069999999999709,BACKFILL_AUTO
2026-06-18 14:30:52,1781793052,R_10,4860.621,1,0.012999999999919964,BACKFILL_AUTO
2026-06-18 14:30:54,1781793054,R_10,4860.399,-1,0.22199999999975262,BACKFILL_AUTO
2026-06-18 14:30:56,1781793056,R_10,4860.36,-1,0.03900000000066939,BACKFILL_AUTO
2026-06-18 14:30:58,1781793058,R_10,4860.281,-1,0.07899999999972351,BACKFILL_AUTO
2026-06-18 14:31:00,1781793060,R_10,4860.205,-1,0.07600000000002183,BACKFILL_AUTO
2026-06-18 14:31:02,1781793062,R_10,4860.21,1,0.005000000000109139,BACKFILL_AUTO
2026-06-18 14:31:04,1781793064,R_10,4860.175,-1,0.03499999999985448,BACKFILL_AUTO
2026-06-18 14:31:06,1781793066,R_10,4860.105,-1,0.07000000000061846,BACKFILL_AUTO
2026-06-18 14:31:08,1781793068,R_10,4860.323,1,0.2180000000007567,BACKFILL_AUTO
2026-06-18 14:31:10,1781793070,R_10,4860.314,-1,0.009000000000014552,BACKFILL_AUTO
2026-06-18 14:31:12,1781793072,R_10,4860.444,1,0.13000000000010914,BACKFILL_AUTO
2026-06-18 14:31:14,1781793074,R_10,4860.51,1,0.06599999999980355,BACKFILL_AUTO
2026-06-18 14:31:16,1781793076,R_10,4860.477,-1,0.03300000000035652,BACKFILL_AUTO
2026-06-18 14:31:18,1781793078,R_10,4860.485,1,0.007999999999810825,BACKFILL_AUTO
2026-06-18 14:31:20,1781793080,R_10,4860.424,-1,0.06099999999969441,BACKFILL_AUTO
2026-06-18 14:31:22,1781793082,R_10,4860.383,-1,0.04100000000016735,BACKFILL_AUTO
2026-06-18 14:31:24,1781793084,R_10,4860.262,-1,0.12100000000009459,BACKFILL_AUTO
2026-06-18 14:31:26,1781793086,R_10,4860.215,-1,0.04699999999957072,BACKFILL_AUTO
2026-06-18 14:31:28,1781793088,R_10,4860.004,-1,0.2110000000002401,BACKFILL_AUTO
2026-06-18 14:31:30,1781793090,R_10,4859.878,-1,0.12600000000020373,BACKFILL_AUTO
2026-06-18 14:31:32,1781793092,R_10,4860.072,1,0.19400000000041473,BACKFILL_AUTO
2026-06-18 14:31:34,1781793094,R_10,4860.204,1,0.1319999999996071,BACKFILL_AUTO
2026-06-18 14:31:36,1781793096,R_10,4860.122,-1,0.0819999999994252,BACKFILL_AUTO
2026-06-18 14:31:38,1781793098,R_10,4860.151,1,0.028999999999541615,BACKFILL_AUTO
2026-06-18 14:31:40,1781793100,R_10,4860.238,1,0.08700000000044383,BACKFILL_AUTO
2026-06-18 14:31:42,1781793102,R_10,4860.492,1,0.2539999999999054,BACKFILL_AUTO
2026-06-18 14:31:44,1781793104,R_10,4860.264,-1,0.22800000000006548,BACKFILL_AUTO
2026-06-18 14:31:46,1781793106,R_10,4860.228,-1,0.03600000000005821,BACKFILL_AUTO
2026-06-18 14:31:48,1781793108,R_10,4860.212,-1,0.01599999999962165,BACKFILL_AUTO
2026-06-18 14:31:50,1781793110,R_10,4860.284,1,0.07199999999920692,BACKFILL_AUTO
2026-06-18 14:31:52,1781793112,R_10,4860.482,1,0.19800000000032014,BACKFILL_AUTO
2026-06-18 14:31:54,1781793114,R_10,4860.665,1,0.18299999999999272,BACKFILL_AUTO
2026-06-18 14:31:56,1781793116,R_10,4860.789,1,0.12399999999979627,BACKFILL_AUTO
2026-06-18 14:31:58,1781793118,R_10,4861.025,1,0.2359999999998763,BACKFILL_AUTO
2026-06-18 14:32:00,1781793120,R_10,4861.046,1,0.021000000000640284,BACKFILL_AUTO
2026-06-18 14:32:02,1781793122,R_10,4861.024,-1,0.021999999999934516,BACKFILL_AUTO
2026-06-18 14:32:04,1781793124,R_10,4861.032,1,0.007999999999810825,BACKFILL_AUTO
2026-06-18 14:32:06,1781793126,R_10,4861.244,1,0.21199999999953434,BACKFILL_AUTO
2026-06-18 14:32:08,1781793128,R_10,4860.965,-1,0.2789999999995416,BACKFILL_AUTO
2026-06-18 14:32:10,1781793130,R_10,4860.716,-1,0.24899999999979627,BACKFILL_AUTO
2026-06-18 14:32:12,1781793132,R_10,4860.55,-1,0.16600000000016735,BACKFILL_AUTO
2026-06-18 14:32:14,1781793134,R_10,4860.614,1,0.0639999999993961,BACKFILL_AUTO
2026-06-18 14:32:16,1781793136,R_10,4860.488,-1,0.12599999999929423,BACKFILL_AUTO
2026-06-18 14:32:18,1781793138,R_10,4860.365,-1,0.12300000000050204,BACKFILL_AUTO
2026-06-18 14:32:20,1781793140,R_10,4860.256,-1,0.10899999999946886,BACKFILL_AUTO
2026-06-18 14:32:22,1781793142,R_10,4860.354,1,0.09799999999995634,BACKFILL_AUTO
2026-06-18 14:32:24,1781793144,R_10,4860.266,-1,0.08800000000064756,BACKFILL_AUTO
2026-06-18 14:32:26,1781793146,R_10,4860.082,-1,0.18399999999928696,BACKFILL_AUTO
2026-06-18 14:32:28,1781793148,R_10,4860.021,-1,0.061000000000603904,BACKFILL_AUTO
2026-06-18 14:32:30,1781793150,R_10,4860.119,1,0.09799999999995634,BACKFILL_AUTO
2026-06-18 14:32:32,1781793152,R_10,4860.072,-1,0.04699999999957072,BACKFILL_AUTO
2026-06-18 14:32:34,1781793154,R_10,4860.061,-1,0.011000000000422006,BACKFILL_AUTO
2026-06-18 14:32:36,1781793156,R_10,4860.092,1,0.03099999999994907,BACKFILL_AUTO
2026-06-18 14:32:38,1781793158,R_10,4859.887,-1,0.20499999999992724,BACKFILL_AUTO
2026-06-18 14:32:40,1781793160,R_10,4860.168,1,0.28099999999994907,BACKFILL_AUTO
2026-06-18 14:32:42,1781793162,R_10,4860.108,-1,0.05999999999949068,BACKFILL_AUTO
2026-06-18 14:32:44,1781793164,R_10,4859.976,-1,0.1320000000005166,BACKFILL_AUTO
2026-06-18 14:32:46,1781793166,R_10,4860.053,1,0.07700000000022555,BACKFILL_AUTO
2026-06-18 14:32:48,1781793168,R_10,4860.179,1,0.12600000000020373,BACKFILL_AUTO
2026-06-18 14:32:50,1781793170,R_10,4860.122,-1,0.056999999999789,BACKFILL_AUTO
2026-06-18 14:32:52,1781793172,R_10,4860.142,1,0.019999999999527063,BACKFILL_AUTO
2026-06-18 14:32:54,1781793174,R_10,4860.149,1,0.007000000000516593,BACKFILL_AUTO
2026-06-18 14:32:56,1781793176,R_10,4860.118,-1,0.03099999999994907,BACKFILL_AUTO
2026-06-18 14:32:58,1781793178,R_10,4859.997,-1,0.12100000000009459,BACKFILL_AUTO
2026-06-18 14:33:00,1781793180,R_10,4860.037,1,0.03999999999996362,BACKFILL_AUTO
2026-06-18 14:33:02,1781793182,R_10,4860.111,1,0.07399999999961437,BACKFILL_AUTO
2026-06-18 14:33:04,1781793184,R_10,4860.018,-1,0.0929999999998472,BACKFILL_AUTO
2026-06-18 14:33:06,1781793186,R_10,4860.058,1,0.03999999999996362,BACKFILL_AUTO
2026-06-18 14:33:08,1781793188,R_10,4860.045,-1,0.012999999999919964,BACKFILL_AUTO
2026-06-18 14:33:10,1781793190,R_10,4860.103,1,0.057999999999992724,BACKFILL_AUTO
2026-06-18 14:33:12,1781793192,R_10,4860.158,1,0.05500000000029104,BACKFILL_AUTO
2026-06-18 14:33:14,1781793194,R_10,4860.1,-1,0.057999999999992724,BACKFILL_AUTO
2026-06-18 14:33:16,1781793196,R_10,4860.145,1,0.04500000000007276,BACKFILL_AUTO
2026-06-18 14:33:18,1781793198,R_10,4860.072,-1,0.07300000000032014,BACKFILL_AUTO
2026-06-18 14:33:20,1781793200,R_10,4860.069,-1,0.0029999999997016857,BACKFILL_AUTO
2026-06-18 14:33:22,1781793202,R_10,4860.107,1,0.03799999999955617,BACKFILL_AUTO
2026-06-18 14:33:24,1781793204,R_10,4860.213,1,0.10599999999976717,BACKFILL_AUTO
2026-06-18 14:33:26,1781793206,R_10,4860.326,1,0.11300000000028376,BACKFILL_AUTO
2026-06-18 14:33:28,1781793208,R_10,4860.323,-1,0.0029999999997016857,BACKFILL_AUTO
2026-06-18 14:33:30,1781793210,R_10,4860.371,1,0.047999999999774445,BACKFILL_AUTO
2026-06-18 14:33:32,1781793212,R_10,4860.539,1,0.1679999999996653,BACKFILL_AUTO
2026-06-18 14:33:34,1781793214,R_10,4860.363,-1,0.17599999999947613,BACKFILL_AUTO
2026-06-18 14:33:36,1781793216,R_10,4860.284,-1,0.07900000000063301,BACKFILL_AUTO
2026-06-18 14:33:38,1781793218,R_10,4860.315,1,0.03099999999994907,BACKFILL_AUTO
2026-06-18 14:33:40,1781793220,R_10,4860.187,-1,0.12799999999970169,BACKFILL_AUTO
2026-06-18 14:33:42,1781793222,R_10,4860.302,1,0.11499999999978172,BACKFILL_AUTO
2026-06-18 14:33:44,1781793224,R_10,4860.232,-1,0.06999999999970896,BACKFILL_AUTO
2026-06-18 14:33:46,1781793226,R_10,4860.257,1,0.024999999999636202,BACKFILL_AUTO
2026-06-18 14:33:48,1781793228,R_10,4860.231,-1,0.02599999999983993,BACKFILL_AUTO
2026-06-18 14:33:50,1781793230,R_10,4860.273,1,0.042000000000371074,BACKFILL_AUTO
2026-06-18 14:33:52,1781793232,R_10,4860.395,1,0.12200000000029831,BACKFILL_AUTO
2026-06-18 14:33:54,1781793234,R_10,4860.275,-1,0.12000000000080036,BACKFILL_AUTO
2026-06-18 14:33:56,1781793236,R_10,4860.023,-1,0.25199999999949796,BACKFILL_AUTO
2026-06-18 14:33:58,1781793238,R_10,4860.137,1,0.113999999999578,BACKFILL_AUTO
2026-06-18 14:34:00,1781793240,R_10,4860.168,1,0.03099999999994907,BACKFILL_AUTO
2026-06-18 14:34:02,1781793242,R_10,4860.022,-1,0.1459999999997308,BACKFILL_AUTO
2026-06-18 14:34:04,1781793244,R_10,4859.982,-1,0.03999999999996362,BACKFILL_AUTO
2026-06-18 14:34:06,1781793246,R_10,4859.916,-1,0.06599999999980355,BACKFILL_AUTO
2026-06-18 14:34:08,1781793248,R_10,4859.936,1,0.019999999999527063,BACKFILL_AUTO
2026-06-18 14:34:10,1781793250,R_10,4859.779,-1,0.1569999999992433,BACKFILL_AUTO
2026-06-18 14:34:12,1781793252,R_10,4859.756,-1,0.023000000000138243,BACKFILL_AUTO
2026-06-18 14:34:14,1781793254,R_10,4860.031,1,0.2749999999996362,BACKFILL_AUTO
2026-06-18 14:34:16,1781793256,R_10,4859.7,-1,0.33100000000013097,BACKFILL_AUTO
2026-06-18 14:34:18,1781793258,R_10,4859.831,1,0.13100000000031287,BACKFILL_AUTO
2026-06-18 14:34:20,1781793260,R_10,4859.756,-1,0.0749999999998181,BACKFILL_AUTO
2026-06-18 14:34:22,1781793262,R_10,4859.696,-1,0.06000000000040018,BACKFILL_AUTO
2026-06-18 14:34:24,1781793264,R_10,4859.797,1,0.10099999999965803,BACKFILL_AUTO
2026-06-18 14:34:26,1781793266,R_10,4859.889,1,0.09200000000055297,BACKFILL_AUTO
2026-06-18 14:34:28,1781793268,R_10,4859.923,1,0.033999999999650754,BACKFILL_AUTO
2026-06-18 14:34:30,1781793270,R_10,4860.041,1,0.1180000000003929,BACKFILL_AUTO
2026-06-18 14:34:32,1781793272,R_10,4860.211,1,0.17000000000007276,BACKFILL_AUTO
2026-06-18 14:34:34,1781793274,R_10,4860.347,1,0.1359999999995125,BACKFILL_AUTO
2026-06-18 14:34:36,1781793276,R_10,4860.345,-1,0.001999999999497959,BACKFILL_AUTO
2026-06-18 14:34:38,1781793278,R_10,4860.233,-1,0.11200000000008004,BACKFILL_AUTO
2026-06-18 14:34:40,1781793280,R_10,4860.035,-1,0.19800000000032014,BACKFILL_AUTO
2026-06-18 14:34:42,1781793282,R_10,4860.103,1,0.068000000000211,BACKFILL_AUTO
2026-06-18 14:34:44,1781793284,R_10,4860.184,1,0.08100000000013097,BACKFILL_AUTO
2026-06-18 14:34:46,1781793286,R_10,4860.16,-1,0.02400000000034197,BACKFILL_AUTO
2026-06-18 14:34:48,1781793288,R_10,4860.2,1,0.03999999999996362,BACKFILL_AUTO
2026-06-18 14:34:50,1781793290,R_10,4860.236,1,0.03600000000005821,BACKFILL_AUTO
2026-06-18 14:34:52,1781793292,R_10,4860.156,-1,0.07999999999992724,BACKFILL_AUTO
2026-06-18 14:34:54,1781793294,R_10,4860.114,-1,0.042000000000371074,BACKFILL_AUTO
2026-06-18 14:34:56,1781793296,R_10,4860.193,1,0.07900000000063301,BACKFILL_AUTO
2026-06-18 14:34:58,1781793298,R_10,4859.96,-1,0.23300000000017462,BACKFILL_AUTO
2026-06-18 14:35:00,1781793300,R_10,4859.918,-1,0.042000000000371074,BACKFILL_AUTO
2026-06-18 14:35:02,1781793302,R_10,4859.962,1,0.04400000000077853,BACKFILL_AUTO
2026-06-18 14:35:04,1781793304,R_10,4860.027,1,0.06499999999959982,BACKFILL_AUTO
2026-06-18 14:35:06,1781793306,R_10,4860.074,1,0.04699999999957072,BACKFILL_AUTO
2026-06-18 14:35:08,1781793308,R_10,4860.214,1,0.14000000000032742,BACKFILL_AUTO
2026-06-18 14:35:10,1781793310,R_10,4860.13,-1,0.08399999999983265,BACKFILL_AUTO
2026-06-18 14:35:12,1781793312,R_10,4860.177,1,0.04699999999957072,BACKFILL_AUTO
2026-06-18 14:35:14,1781793314,R_10,4860.265,1,0.08800000000064756,BACKFILL_AUTO
2026-06-18 14:35:16,1781793316,R_10,4860.217,-1,0.04800000000068394,BACKFILL_AUTO
2026-06-18 14:35:18,1781793318,R_10,4860.165,-1,0.05199999999967986,BACKFILL_AUTO
2026-06-18 14:35:20,1781793320,R_10,4860.24,1,0.0749999999998181,BACKFILL_AUTO
2026-06-18 14:35:22,1781793322,R_10,4860.106,-1,0.13400000000001455,BACKFILL_AUTO
2026-06-18 14:35:24,1781793324,R_10,4860.113,1,0.007000000000516593,BACKFILL_AUTO
2026-06-18 14:35:26,1781793326,R_10,4860.126,1,0.012999999999919964,BACKFILL_AUTO
2026-06-18 14:35:28,1781793328,R_10,4860.075,-1,0.051000000000385626,BACKFILL_AUTO
2026-06-18 14:35:30,1781793330,R_10,4859.943,-1,0.1319999999996071,BACKFILL_AUTO
2026-06-18 14:35:32,1781793332,R_10,4859.841,-1,0.10199999999986176,BACKFILL_AUTO
2026-06-18 14:35:34,1781793334,R_10,4859.642,-1,0.19900000000052387,BACKFILL_AUTO
2026-06-18 14:35:36,1781793336,R_10,4859.591,-1,0.05099999999947613,BACKFILL_AUTO
2026-06-18 14:35:38,1781793338,R_10,4859.489,-1,0.10200000000077125,BACKFILL_AUTO
2026-06-18 14:35:40,1781793340,R_10,4859.256,-1,0.23299999999926513,BACKFILL_AUTO
2026-06-18 14:35:42,1781793342,R_10,4859.06,-1,0.1959999999999127,BACKFILL_AUTO
2026-06-18 14:35:44,1781793344,R_10,4859.001,-1,0.05900000000019645,BACKFILL_AUTO
2026-06-18 14:35:46,1781793346,R_10,4859.105,1,0.10399999999935972,BACKFILL_AUTO
2026-06-18 14:35:48,1781793348,R_10,4859.13,1,0.025000000000545697,BACKFILL_AUTO
2026-06-18 14:35:50,1781793350,R_10,4859.045,-1,0.08500000000003638,BACKFILL_AUTO
2026-06-18 14:35:52,1781793352,R_10,4859.184,1,0.1390000000001237,BACKFILL_AUTO
2026-06-18 14:35:54,1781793354,R_10,4859.258,1,0.07399999999961437,BACKFILL_AUTO
2026-06-18 14:35:56,1781793356,R_10,4859.067,-1,0.19099999999980355,BACKFILL_AUTO
2026-06-18 14:35:58,1781793358,R_10,4859.024,-1,0.042999999999665306,BACKFILL_AUTO
2026-06-18 14:36:00,1781793360,R_10,4859.107,1,0.08299999999962893,BACKFILL_AUTO
2026-06-18 14:36:02,1781793362,R_10,4859.378,1,0.2709999999997308,BACKFILL_AUTO
2026-06-18 14:36:04,1781793364,R_10,4859.348,-1,0.02999999999974534,BACKFILL_AUTO
2026-06-18 14:36:06,1781793366,R_10,4859.375,1,0.027000000000043656,BACKFILL_AUTO
2026-06-18 14:36:08,1781793368,R_10,4859.552,1,0.17699999999967986,BACKFILL_AUTO
2026-06-18 14:36:10,1781793370,R_10,4859.426,-1,0.12599999999929423,BACKFILL_AUTO
2026-06-18 14:36:12,1781793372,R_10,4859.606,1,0.17999999999938154,BACKFILL_AUTO
2026-06-18 14:36:14,1781793374,R_10,4859.798,1,0.19200000000000728,BACKFILL_AUTO
2026-06-18 14:36:16,1781793376,R_10,4860.016,1,0.2179999999998472,BACKFILL_AUTO
2026-06-18 14:36:18,1781793378,R_10,4859.975,-1,0.04099999999925785,BACKFILL_AUTO
2026-06-18 14:36:20,1781793380,R_10,4860.151,1,0.17599999999947613,BACKFILL_AUTO
2026-06-18 14:36:22,1781793382,R_10,4859.881,-1,0.26999999999952706,BACKFILL_AUTO
2026-06-18 14:36:24,1781793384,R_10,4859.563,-1,0.318000000000211,BACKFILL_AUTO
2026-06-18 14:36:26,1781793386,R_10,4859.719,1,0.15599999999994907,BACKFILL_AUTO
2026-06-18 14:36:28,1781793388,R_10,4859.74,1,0.02099999999973079,BACKFILL_AUTO
2026-06-18 14:36:30,1781793390,R_10,4859.553,-1,0.18699999999989814,BACKFILL_AUTO
2026-06-18 14:36:32,1781793392,R_10,4859.487,-1,0.06599999999980355,BACKFILL_AUTO
2026-06-18 14:36:34,1781793394,R_10,4859.588,1,0.10099999999965803,BACKFILL_AUTO
2026-06-18 14:36:36,1781793396,R_10,4859.579,-1,0.009000000000014552,BACKFILL_AUTO
2026-06-18 14:36:38,1781793398,R_10,4859.842,1,0.26299999999991996,BACKFILL_AUTO
2026-06-18 14:36:40,1781793400,R_10,4859.819,-1,0.02299999999922875,BACKFILL_AUTO
2026-06-18 14:36:42,1781793402,R_10,4859.665,-1,0.1540000000004511,BACKFILL_AUTO
2026-06-18 14:36:44,1781793404,R_10,4859.765,1,0.1000000000003638,BACKFILL_AUTO
2026-06-18 14:36:46,1781793406,R_10,4859.878,1,0.11299999999937427,BACKFILL_AUTO
2026-06-18 14:36:48,1781793408,R_10,4859.742,-1,0.1359999999995125,BACKFILL_AUTO
2026-06-18 14:36:50,1781793410,R_10,4859.752,1,0.010000000000218279,BACKFILL_AUTO
2026-06-18 14:36:52,1781793412,R_10,4859.723,-1,0.02900000000045111,BACKFILL_AUTO
2026-06-18 14:36:54,1781793414,R_10,4859.644,-1,0.07899999999972351,BACKFILL_AUTO
2026-06-18 14:36:56,1781793416,R_10,4859.609,-1,0.03499999999985448,BACKFILL_AUTO
2026-06-18 14:36:58,1781793418,R_10,4859.791,1,0.181999999999789,BACKFILL_AUTO
2026-06-18 14:37:00,1781793420,R_10,4859.81,1,0.01900000000023283,BACKFILL_AUTO
2026-06-18 14:37:02,1781793422,R_10,4859.75,-1,0.06000000000040018,BACKFILL_AUTO
2026-06-18 14:37:04,1781793424,R_10,4859.899,1,0.14900000000034197,BACKFILL_AUTO
2026-06-18 14:37:06,1781793426,R_10,4859.765,-1,0.13400000000001455,BACKFILL_AUTO
2026-06-18 14:37:08,1781793428,R_10,4859.649,-1,0.11599999999998545,BACKFILL_AUTO
2026-06-18 14:37:10,1781793430,R_10,4859.682,1,0.03299999999944703,BACKFILL_AUTO
2026-06-18 14:37:12,1781793432,R_10,4859.885,1,0.20300000000042928,BACKFILL_AUTO
2026-06-18 14:37:14,1781793434,R_10,4859.845,-1,0.03999999999996362,BACKFILL_AUTO
2026-06-18 14:37:16,1781793436,R_10,4859.943,1,0.09799999999995634,BACKFILL_AUTO
2026-06-18 14:37:18,1781793438,R_10,4859.863,-1,0.07999999999992724,BACKFILL_AUTO
2026-06-18 14:37:20,1781793440,R_10,4859.88,1,0.016999999999825377,BACKFILL_AUTO
2026-06-18 14:37:22,1781793442,R_10,4859.688,-1,0.19200000000000728,BACKFILL_AUTO
2026-06-18 14:37:24,1781793444,R_10,4859.476,-1,0.21200000000044383,BACKFILL_AUTO
2026-06-18 14:37:26,1781793446,R_10,4859.372,-1,0.10399999999935972,BACKFILL_AUTO
2026-06-18 14:37:28,1781793448,R_10,4859.464,1,0.09199999999964348,BACKFILL_AUTO
2026-06-18 14:37:30,1781793450,R_10,4859.584,1,0.11999999999989086,BACKFILL_AUTO
2026-06-18 14:37:32,1781793452,R_10,4859.642,1,0.057999999999992724,BACKFILL_AUTO
2026-06-18 14:37:34,1781793454,R_10,4859.673,1,0.03099999999994907,BACKFILL_AUTO
2026-06-18 14:37:36,1781793456,R_10,4859.775,1,0.10199999999986176,BACKFILL_AUTO
2026-06-18 14:37:38,1781793458,R_10,4859.574,-1,0.20100000000002183,BACKFILL_AUTO
2026-06-18 14:37:40,1781793460,R_10,4859.636,1,0.06200000000080763,BACKFILL_AUTO
2026-06-18 14:37:42,1781793462,R_10,4859.64,1,0.0039999999999054126,BACKFILL_AUTO
2026-06-18 14:37:44,1781793464,R_10,4859.562,-1,0.07800000000042928,BACKFILL_AUTO
2026-06-18 14:37:46,1781793466,R_10,4859.81,1,0.24800000000050204,BACKFILL_AUTO
2026-06-18 14:37:48,1781793468,R_10,4859.907,1,0.09699999999975262,BACKFILL_AUTO
2026-06-18 14:37:50,1781793470,R_10,4859.83,-1,0.07700000000022555,BACKFILL_AUTO
2026-06-18 14:37:52,1781793472,R_10,4859.61,-1,0.22000000000025466,BACKFILL_AUTO
2026-06-18 14:37:54,1781793474,R_10,4859.513,-1,0.09699999999975262,BACKFILL_AUTO
2026-06-18 14:37:56,1781793476,R_10,4859.621,1,0.10800000000017462,BACKFILL_AUTO
2026-06-18 14:37:58,1781793478,R_10,4859.7,1,0.07899999999972351,BACKFILL_AUTO
2026-06-18 14:38:00,1781793480,R_10,4859.698,-1,0.001999999999497959,BACKFILL_AUTO
2026-06-18 14:38:02,1781793482,R_10,4859.605,-1,0.0930000000007567,BACKFILL_AUTO
2026-06-18 14:38:04,1781793484,R_10,4859.52,-1,0.08499999999912689,BACKFILL_AUTO
2026-06-18 14:38:06,1781793486,R_10,4859.396,-1,0.12400000000070577,BACKFILL_AUTO
2026-06-18 14:38:08,1781793488,R_10,4859.68,1,0.28400000000056025,BACKFILL_AUTO
2026-06-18 14:38:10,1781793490,R_10,4859.667,-1,0.012999999999919964,BACKFILL_AUTO
2026-06-18 14:38:12,1781793492,R_10,4859.709,1,0.04199999999946158,BACKFILL_AUTO
2026-06-18 14:38:14,1781793494,R_10,4859.919,1,0.21000000000003638,BACKFILL_AUTO
2026-06-18 14:38:16,1781793496,R_10,4859.757,-1,0.16200000000026193,BACKFILL_AUTO
2026-06-18 14:38:18,1781793498,R_10,4859.668,-1,0.08899999999994179,BACKFILL_AUTO
2026-06-18 14:38:20,1781793500,R_10,4859.659,-1,0.009000000000014552,BACKFILL_AUTO
2026-06-18 14:38:22,1781793502,R_10,4859.767,1,0.10800000000017462,BACKFILL_AUTO
2026-06-18 14:38:24,1781793504,R_10,4859.964,1,0.19700000000011642,BACKFILL_AUTO
2026-06-18 14:38:26,1781793506,R_10,4859.968,1,0.0039999999999054126,BACKFILL_AUTO
2026-06-18 14:38:28,1781793508,R_10,4859.856,-1,0.11200000000008004,BACKFILL_AUTO
2026-06-18 14:38:30,1781793510,R_10,4860.001,1,0.14500000000043656,BACKFILL_AUTO
2026-06-18 14:38:32,1781793512,R_10,4859.931,-1,0.07000000000061846,BACKFILL_AUTO
2026-06-18 14:38:34,1781793514,R_10,4859.94,1,0.009000000000014552,BACKFILL_AUTO
2026-06-18 14:38:36,1781793516,R_10,4859.922,-1,0.018000000000029104,BACKFILL_AUTO
2026-06-18 14:38:38,1781793518,R_10,4859.765,-1,0.1569999999992433,BACKFILL_AUTO
2026-06-18 14:38:40,1781793520,R_10,4859.747,-1,0.018000000000029104,BACKFILL_AUTO
2026-06-18 14:38:42,1781793522,R_10,4859.632,-1,0.11500000000069122,BACKFILL_AUTO
2026-06-18 14:38:44,1781793524,R_10,4859.76,1,0.12800000000061118,BACKFILL_AUTO
2026-06-18 14:38:46,1781793526,R_10,4859.803,1,0.042999999999665306,BACKFILL_AUTO
2026-06-18 14:38:48,1781793528,R_10,4859.93,1,0.12700000000040745,BACKFILL_AUTO
2026-06-18 14:38:50,1781793530,R_10,4859.916,-1,0.014000000000123691,BACKFILL_AUTO
2026-06-18 14:38:52,1781793532,R_10,4859.982,1,0.06599999999980355,BACKFILL_AUTO
2026-06-18 14:38:54,1781793534,R_10,4859.899,-1,0.08299999999962893,BACKFILL_AUTO
2026-06-18 14:38:56,1781793536,R_10,4859.887,-1,0.012000000000625732,BACKFILL_AUTO
2026-06-18 14:38:58,1781793538,R_10,4859.805,-1,0.0819999999994252,BACKFILL_AUTO
2026-06-18 14:39:00,1781793540,R_10,4859.876,1,0.07099999999991269,BACKFILL_AUTO
2026-06-18 14:39:02,1781793542,R_10,4859.709,-1,0.16700000000037107,BACKFILL_AUTO
2026-06-18 14:39:04,1781793544,R_10,4859.848,1,0.1390000000001237,BACKFILL_AUTO
2026-06-18 14:39:06,1781793546,R_10,4859.742,-1,0.10599999999976717,BACKFILL_AUTO
2026-06-18 14:39:08,1781793548,R_10,4859.729,-1,0.012999999999919964,BACKFILL_AUTO
2026-06-18 14:39:10,1781793550,R_10,4859.745,1,0.01599999999962165,BACKFILL_AUTO
2026-06-18 14:39:12,1781793552,R_10,4859.619,-1,0.12600000000020373,BACKFILL_AUTO
2026-06-18 14:39:14,1781793554,R_10,4859.247,-1,0.3719999999993888,BACKFILL_AUTO
2026-06-18 14:39:16,1781793556,R_10,4859.308,1,0.06099999999969441,BACKFILL_AUTO
2026-06-18 14:39:18,1781793558,R_10,4859.372,1,0.06400000000030559,BACKFILL_AUTO
2026-06-18 14:39:20,1781793560,R_10,4859.398,1,0.02599999999983993,BACKFILL_AUTO
2026-06-18 14:39:22,1781793562,R_10,4859.389,-1,0.009000000000014552,BACKFILL_AUTO
2026-06-18 14:39:24,1781793564,R_10,4859.408,1,0.01900000000023283,BACKFILL_AUTO
2026-06-18 14:39:26,1781793566,R_10,4859.239,-1,0.16900000000077853,BACKFILL_AUTO
2026-06-18 14:39:28,1781793568,R_10,4859.363,1,0.12400000000070577,BACKFILL_AUTO
2026-06-18 14:39:30,1781793570,R_10,4859.515,1,0.15200000000004366,BACKFILL_AUTO
2026-06-18 14:39:32,1781793572,R_10,4859.461,-1,0.05400000000008731,BACKFILL_AUTO
2026-06-18 14:39:34,1781793574,R_10,4859.347,-1,0.11400000000048749,BACKFILL_AUTO
2026-06-18 14:39:36,1781793576,R_10,4859.255,-1,0.09199999999964348,BACKFILL_AUTO
2026-06-18 14:39:38,1781793578,R_10,4859.319,1,0.06400000000030559,BACKFILL_AUTO
2026-06-18 14:39:40,1781793580,R_10,4859.395,1,0.07600000000002183,BACKFILL_AUTO
2026-06-18 14:39:42,1781793582,R_10,4859.33,-1,0.06500000000050932,BACKFILL_AUTO
2026-06-18 14:39:44,1781793584,R_10,4859.154,-1,0.17599999999947613,BACKFILL_AUTO
2026-06-18 14:39:46,1781793586,R_10,4859.057,-1,0.09700000000066211,BACKFILL_AUTO
2026-06-18 14:39:48,1781793588,R_10,4859.123,1,0.06599999999980355,BACKFILL_AUTO
2026-06-18 14:39:50,1781793590,R_10,4859.114,-1,0.009000000000014552,BACKFILL_AUTO
2026-06-18 14:39:52,1781793592,R_10,4859.108,-1,0.0059999999994033715,BACKFILL_AUTO
2026-06-18 14:39:54,1781793594,R_10,4859.029,-1,0.07899999999972351,BACKFILL_AUTO
2026-06-18 14:39:56,1781793596,R_10,4859.174,1,0.14499999999952706,BACKFILL_AUTO
2026-06-18 14:39:58,1781793598,R_10,4859.241,1,0.06700000000000728,BACKFILL_AUTO
2026-06-18 14:40:00,1781793600,R_10,4859.182,-1,0.05900000000019645,BACKFILL_AUTO
2026-06-18 14:40:02,1781793602,R_10,4859.236,1,0.05400000000008731,BACKFILL_AUTO
2026-06-18 14:40:04,1781793604,R_10,4859.158,-1,0.07799999999951979,BACKFILL_AUTO
2026-06-18 14:40:06,1781793606,R_10,4859.027,-1,0.13100000000031287,BACKFILL_AUTO
2026-06-18 14:40:08,1781793608,R_10,4859.081,1,0.05400000000008731,BACKFILL_AUTO
2026-06-18 14:40:10,1781793610,R_10,4859.121,1,0.03999999999996362,BACKFILL_AUTO
2026-06-18 14:40:12,1781793612,R_10,4859.2,1,0.07899999999972351,BACKFILL_AUTO
2026-06-18 14:40:14,1781793614,R_10,4859.204,1,0.0039999999999054126,BACKFILL_AUTO
2026-06-18 14:40:16,1781793616,R_10,4859.223,1,0.01900000000023283,BACKFILL_AUTO
2026-06-18 14:40:18,1781793618,R_10,4859.248,1,0.024999999999636202,BACKFILL_AUTO
2026-06-18 14:40:20,1781793620,R_10,4859.139,-1,0.10899999999946886,BACKFILL_AUTO
2026-06-18 14:40:22,1781793622,R_10,4859.371,1,0.2319999999999709,BACKFILL_AUTO
2026-06-18 14:40:24,1781793624,R_10,4859.524,1,0.15300000000024738,BACKFILL_AUTO
2026-06-18 14:40:26,1781793626,R_10,4859.277,-1,0.24700000000029831,BACKFILL_AUTO
2026-06-18 14:40:28,1781793628,R_10,4859.479,1,0.20200000000022555,BACKFILL_AUTO
2026-06-18 14:40:30,1781793630,R_10,4859.33,-1,0.14900000000034197,BACKFILL_AUTO
2026-06-18 14:40:32,1781793632,R_10,4859.186,-1,0.14400000000023283,BACKFILL_AUTO
2026-06-18 14:40:34,1781793634,R_10,4859.069,-1,0.11699999999927968,BACKFILL_AUTO
2026-06-18 14:40:36,1781793636,R_10,4859.096,1,0.02699999999913416,BACKFILL_AUTO
2026-06-18 14:40:38,1781793638,R_10,4858.869,-1,0.22699999999986176,BACKFILL_AUTO
2026-06-18 14:40:40,1781793640,R_10,4859.118,1,0.24900000000070577,BACKFILL_AUTO
2026-06-18 14:40:42,1781793642,R_10,4859.232,1,0.113999999999578,BACKFILL_AUTO
2026-06-18 14:40:44,1781793644,R_10,4859.388,1,0.15599999999994907,BACKFILL_AUTO
2026-06-18 14:40:46,1781793646,R_10,4859.188,-1,0.1999999999998181,BACKFILL_AUTO
2026-06-18 14:40:48,1781793648,R_10,4859.142,-1,0.046000000000276486,BACKFILL_AUTO
2026-06-18 14:40:50,1781793650,R_10,4858.966,-1,0.17599999999947613,BACKFILL_AUTO
2026-06-18 14:40:52,1781793652,R_10,4858.837,-1,0.1289999999999054,BACKFILL_AUTO
2026-06-18 14:40:54,1781793654,R_10,4858.831,-1,0.006000000000312866,BACKFILL_AUTO
2026-06-18 14:40:56,1781793656,R_10,4858.714,-1,0.11700000000018917,BACKFILL_AUTO
2026-06-18 14:40:58,1781793658,R_10,4858.553,-1,0.1610000000000582,BACKFILL_AUTO
2026-06-18 14:41:00,1781793660,R_10,4858.561,1,0.007999999999810825,BACKFILL_AUTO
2026-06-18 14:41:02,1781793662,R_10,4858.526,-1,0.03499999999985448,BACKFILL_AUTO
2026-06-18 14:41:04,1781793664,R_10,4858.678,1,0.15200000000004366,BACKFILL_AUTO
2026-06-18 14:41:06,1781793666,R_10,4858.627,-1,0.05099999999947613,BACKFILL_AUTO
2026-06-18 14:41:08,1781793668,R_10,4858.587,-1,0.03999999999996362,BACKFILL_AUTO
2026-06-18 14:41:10,1781793670,R_10,4858.771,1,0.18399999999928696,BACKFILL_AUTO
2026-06-18 14:41:12,1781793672,R_10,4858.682,-1,0.08899999999994179,BACKFILL_AUTO
2026-06-18 14:41:14,1781793674,R_10,4858.639,-1,0.042999999999665306,BACKFILL_AUTO
2026-06-18 14:41:16,1781793676,R_10,4858.664,1,0.024999999999636202,BACKFILL_AUTO
2026-06-18 14:41:18,1781793678,R_10,4858.9,1,0.2359999999998763,BACKFILL_AUTO
2026-06-18 14:41:20,1781793680,R_10,4859.109,1,0.20900000000074215,BACKFILL_AUTO
2026-06-18 14:41:22,1781793682,R_10,4858.766,-1,0.3430000000007567,BACKFILL_AUTO
2026-06-18 14:41:24,1781793684,R_10,4858.916,1,0.1500000000005457,BACKFILL_AUTO
2026-06-18 14:41:26,1781793686,R_10,4858.837,-1,0.07899999999972351,BACKFILL_AUTO
2026-06-18 14:41:28,1781793688,R_10,4859.044,1,0.2069999999994252,BACKFILL_AUTO
2026-06-18 14:41:30,1781793690,R_10,4859.074,1,0.02999999999974534,BACKFILL_AUTO
2026-06-18 14:41:32,1781793692,R_10,4859.265,1,0.19100000000071304,BACKFILL_AUTO
2026-06-18 14:41:34,1781793694,R_10,4859.263,-1,0.0020000000004074536,BACKFILL_AUTO
2026-06-18 14:41:36,1781793696,R_10,4859.236,-1,0.027000000000043656,BACKFILL_AUTO
2026-06-18 14:41:38,1781793698,R_10,4859.305,1,0.06900000000041473,BACKFILL_AUTO
2026-06-18 14:41:40,1781793700,R_10,4859.46,1,0.15499999999974534,BACKFILL_AUTO
2026-06-18 14:41:42,1781793702,R_10,4859.51,1,0.0500000000001819,BACKFILL_AUTO
2026-06-18 14:41:44,1781793704,R_10,4859.616,1,0.10599999999976717,BACKFILL_AUTO
2026-06-18 14:41:46,1781793706,R_10,4859.61,-1,0.006000000000312866,BACKFILL_AUTO
2026-06-18 14:41:48,1781793708,R_10,4859.294,-1,0.31599999999980355,BACKFILL_AUTO
2026-06-18 14:41:50,1781793710,R_10,4859.288,-1,0.006000000000312866,BACKFILL_AUTO
2026-06-18 14:41:52,1781793712,R_10,4859.282,-1,0.0059999999994033715,BACKFILL_AUTO
2026-06-18 14:41:54,1781793714,R_10,4859.481,1,0.19899999999961437,BACKFILL_AUTO
2026-06-18 14:41:56,1781793716,R_10,4859.635,1,0.1540000000004511,BACKFILL_AUTO
2026-06-18 14:41:58,1781793718,R_10,4859.575,-1,0.06000000000040018,BACKFILL_AUTO
2026-06-18 14:42:00,1781793720,R_10,4859.472,-1,0.10300000000006548,BACKFILL_AUTO
2026-06-18 14:42:02,1781793722,R_10,4859.494,1,0.021999999999934516,BACKFILL_AUTO
2026-06-18 14:42:04,1781793724,R_10,4859.463,-1,0.03099999999994907,BACKFILL_AUTO
2026-06-18 14:42:06,1781793726,R_10,4859.415,-1,0.047999999999774445,BACKFILL_AUTO
2026-06-18 14:42:08,1781793728,R_10,4859.364,-1,0.051000000000385626,BACKFILL_AUTO
2026-06-18 14:42:10,1781793730,R_10,4859.257,-1,0.1069999999999709,BACKFILL_AUTO
2026-06-18 14:42:12,1781793732,R_10,4859.2,-1,0.056999999999789,BACKFILL_AUTO
2026-06-18 14:42:14,1781793734,R_10,4859.425,1,0.2250000000003638,BACKFILL_AUTO
2026-06-18 14:42:16,1781793736,R_10,4859.571,1,0.1459999999997308,BACKFILL_AUTO
2026-06-18 14:42:18,1781793738,R_10,4859.69,1,0.11899999999968713,BACKFILL_AUTO
2026-06-18 14:42:20,1781793740,R_10,4859.574,-1,0.11599999999998545,BACKFILL_AUTO
2026-06-18 14:42:22,1781793742,R_10,4859.618,1,0.04400000000077853,BACKFILL_AUTO
2026-06-18 14:42:24,1781793744,R_10,4859.391,-1,0.22700000000077125,BACKFILL_AUTO
2026-06-18 14:42:26,1781793746,R_10,4859.432,1,0.04100000000016735,BACKFILL_AUTO
2026-06-18 14:42:28,1781793748,R_10,4859.368,-1,0.0639999999993961,BACKFILL_AUTO
2026-06-18 14:42:30,1781793750,R_10,4859.37,1,0.001999999999497959,BACKFILL_AUTO
2026-06-18 14:42:32,1781793752,R_10,4859.513,1,0.1430000000000291,BACKFILL_AUTO
2026-06-18 14:42:34,1781793754,R_10,4859.431,-1,0.0820000000003347,BACKFILL_AUTO
2026-06-18 14:42:36,1781793756,R_10,4859.377,-1,0.05399999999917782,BACKFILL_AUTO
2026-06-18 14:42:38,1781793758,R_10,4859.44,1,0.06299999999919237,BACKFILL_AUTO
2026-06-18 14:42:40,1781793760,R_10,4859.159,-1,0.28099999999994907,BACKFILL_AUTO
2026-06-18 14:42:42,1781793762,R_10,4859.144,-1,0.014999999999417923,BACKFILL_AUTO
2026-06-18 14:42:44,1781793764,R_10,4859.203,1,0.05900000000019645,BACKFILL_AUTO
2026-06-18 14:42:46,1781793766,R_10,4859.43,1,0.22699999999986176,BACKFILL_AUTO
2026-06-18 14:42:48,1781793768,R_10,4859.502,1,0.07200000000011642,BACKFILL_AUTO
2026-06-18 14:42:50,1781793770,R_10,4859.247,-1,0.25500000000010914,BACKFILL_AUTO
2026-06-18 14:42:52,1781793772,R_10,4859.152,-1,0.09500000000025466,BACKFILL_AUTO
2026-06-18 14:42:54,1781793774,R_10,4859.095,-1,0.056999999999789,BACKFILL_AUTO
2026-06-18 14:42:56,1781793776,R_10,4858.905,-1,0.19000000000050932,BACKFILL_AUTO
2026-06-18 14:42:58,1781793778,R_10,4858.714,-1,0.19099999999980355,BACKFILL_AUTO
2026-06-18 14:43:00,1781793780,R_10,4858.637,-1,0.07700000000022555,BACKFILL_AUTO
2026-06-18 14:43:02,1781793782,R_10,4858.57,-1,0.06700000000000728,BACKFILL_AUTO
2026-06-18 14:43:04,1781793784,R_10,4858.533,-1,0.03699999999935244,BACKFILL_AUTO
2026-06-18 14:43:06,1781793786,R_10,4858.561,1,0.027999999999337888,BACKFILL_AUTO
2026-06-18 14:43:08,1781793788,R_10,4858.529,-1,0.0319999999992433,BACKFILL_AUTO
2026-06-18 14:43:10,1781793790,R_10,4858.725,1,0.1959999999999127,BACKFILL_AUTO
2026-06-18 14:43:12,1781793792,R_10,4858.758,1,0.03299999999944703,BACKFILL_AUTO
2026-06-18 14:43:14,1781793794,R_10,4858.539,-1,0.21900000000005093,BACKFILL_AUTO
2026-06-18 14:43:16,1781793796,R_10,4858.484,-1,0.054999999999381544,BACKFILL_AUTO
2026-06-18 14:43:18,1781793798,R_10,4858.276,-1,0.20800000000053842,BACKFILL_AUTO
2026-06-18 14:43:20,1781793800,R_10,4858.222,-1,0.05400000000008731,BACKFILL_AUTO
2026-06-18 14:43:22,1781793802,R_10,4858.098,-1,0.12399999999979627,BACKFILL_AUTO
2026-06-18 14:43:24,1781793804,R_10,4857.935,-1,0.16299999999955617,BACKFILL_AUTO
2026-06-18 14:43:26,1781793806,R_10,4857.811,-1,0.12400000000070577,BACKFILL_AUTO
2026-06-18 14:43:28,1781793808,R_10,4857.834,1,0.023000000000138243,BACKFILL_AUTO
2026-06-18 14:43:30,1781793810,R_10,4857.924,1,0.09000000000014552,BACKFILL_AUTO
2026-06-18 14:43:32,1781793812,R_10,4857.855,-1,0.06900000000041473,BACKFILL_AUTO
2026-06-18 14:43:34,1781793814,R_10,4857.727,-1,0.12799999999970169,BACKFILL_AUTO
2026-06-18 14:43:36,1781793816,R_10,4857.406,-1,0.3209999999999127,BACKFILL_AUTO
2026-06-18 14:43:38,1781793818,R_10,4857.471,1,0.06499999999959982,BACKFILL_AUTO
2026-06-18 14:43:40,1781793820,R_10,4857.405,-1,0.06599999999980355,BACKFILL_AUTO
2026-06-18 14:43:42,1781793822,R_10,4857.414,1,0.009000000000014552,BACKFILL_AUTO
2026-06-18 14:43:44,1781793824,R_10,4857.42,1,0.006000000000312866,BACKFILL_AUTO
2026-06-18 14:43:46,1781793826,R_10,4857.36,-1,0.06000000000040018,BACKFILL_AUTO
2026-06-18 14:43:48,1781793828,R_10,4857.386,1,0.026000000000749424,BACKFILL_AUTO
2026-06-18 14:43:50,1781793830,R_10,4857.234,-1,0.15200000000004366,BACKFILL_AUTO
2026-06-18 14:43:52,1781793832,R_10,4857.144,-1,0.09000000000014552,BACKFILL_AUTO
2026-06-18 14:43:54,1781793834,R_10,4857.29,1,0.1459999999997308,BACKFILL_AUTO
2026-06-18 14:43:56,1781793836,R_10,4857.19,-1,0.1000000000003638,BACKFILL_AUTO
2026-06-18 14:43:58,1781793838,R_10,4857.141,-1,0.04899999999997817,BACKFILL_AUTO
2026-06-18 14:44:00,1781793840,R_10,4857.064,-1,0.07699999999931606,BACKFILL_AUTO
2026-06-18 14:44:02,1781793842,R_10,4857.228,1,0.1639999999997599,BACKFILL_AUTO
2026-06-18 14:44:04,1781793844,R_10,4857.499,1,0.2709999999997308,BACKFILL_AUTO
2026-06-18 14:44:06,1781793846,R_10,4857.355,-1,0.14400000000023283,BACKFILL_AUTO
2026-06-18 14:44:08,1781793848,R_10,4857.179,-1,0.17599999999947613,BACKFILL_AUTO
2026-06-18 14:44:10,1781793850,R_10,4857.046,-1,0.13299999999981083,BACKFILL_AUTO
2026-06-18 14:44:12,1781793852,R_10,4857.115,1,0.06899999999950523,BACKFILL_AUTO
2026-06-18 14:44:14,1781793854,R_10,4857.255,1,0.14000000000032742,BACKFILL_AUTO
2026-06-18 14:44:16,1781793856,R_10,4857.368,1,0.11300000000028376,BACKFILL_AUTO
2026-06-18 14:44:18,1781793858,R_10,4857.066,-1,0.30200000000058935,BACKFILL_AUTO
2026-06-18 14:44:20,1781793860,R_10,4857.181,1,0.11499999999978172,BACKFILL_AUTO
2026-06-18 14:44:22,1781793862,R_10,4857.278,1,0.09700000000066211,BACKFILL_AUTO
2026-06-18 14:44:24,1781793864,R_10,4857.192,-1,0.0860000000002401,BACKFILL_AUTO
2026-06-18 14:44:26,1781793866,R_10,4856.913,-1,0.2790000000004511,BACKFILL_AUTO
2026-06-18 14:44:28,1781793868,R_10,4856.741,-1,0.17199999999957072,BACKFILL_AUTO
2026-06-18 14:44:30,1781793870,R_10,4856.796,1,0.05500000000029104,BACKFILL_AUTO
2026-06-18 14:44:32,1781793872,R_10,4856.879,1,0.08299999999962893,BACKFILL_AUTO
2026-06-18 14:44:34,1781793874,R_10,4856.882,1,0.0029999999997016857,BACKFILL_AUTO
2026-06-18 14:44:36,1781793876,R_10,4856.772,-1,0.10999999999967258,BACKFILL_AUTO
2026-06-18 14:44:38,1781793878,R_10,4856.592,-1,0.18000000000029104,BACKFILL_AUTO
2026-06-18 14:44:40,1781793880,R_10,4856.72,1,0.12800000000061118,BACKFILL_AUTO
2026-06-18 14:44:42,1781793882,R_10,4856.692,-1,0.028000000000247383,BACKFILL_AUTO
2026-06-18 14:44:44,1781793884,R_10,4856.367,-1,0.3249999999998181,BACKFILL_AUTO
2026-06-18 14:44:46,1781793886,R_10,4856.09,-1,0.27700000000004366,BACKFILL_AUTO
2026-06-18 14:44:48,1781793888,R_10,4855.995,-1,0.09500000000025466,BACKFILL_AUTO
2026-06-18 14:44:50,1781793890,R_10,4855.854,-1,0.14099999999962165,BACKFILL_AUTO
2026-06-18 14:44:52,1781793892,R_10,4855.711,-1,0.1430000000000291,BACKFILL_AUTO
2026-06-18 14:44:54,1781793894,R_10,4855.854,1,0.1430000000000291,BACKFILL_AUTO
2026-06-18 14:44:56,1781793896,R_10,4855.755,-1,0.09900000000016007,BACKFILL_AUTO
2026-06-18 14:44:58,1781793898,R_10,4855.727,-1,0.028000000000247383,BACKFILL_AUTO
2026-06-18 14:45:00,1781793900,R_10,4855.589,-1,0.13799999999991996,BACKFILL_AUTO
2026-06-18 14:45:02,1781793902,R_10,4855.714,1,0.125,BACKFILL_AUTO
2026-06-18 14:45:04,1781793904,R_10,4855.895,1,0.18100000000049477,BACKFILL_AUTO
2026-06-18 14:45:06,1781793906,R_10,4855.865,-1,0.030000000000654836,BACKFILL_AUTO
2026-06-18 14:45:08,1781793908,R_10,4855.767,-1,0.09799999999995634,BACKFILL_AUTO
2026-06-18 14:45:10,1781793910,R_10,4855.649,-1,0.11799999999948341,BACKFILL_AUTO
2026-06-18 14:45:12,1781793912,R_10,4855.67,1,0.02099999999973079,BACKFILL_AUTO
2026-06-18 14:45:14,1781793914,R_10,4855.902,1,0.2319999999999709,BACKFILL_AUTO
2026-06-18 14:45:16,1781793916,R_10,4856.053,1,0.15099999999983993,BACKFILL_AUTO
2026-06-18 14:45:18,1781793918,R_10,4856.293,1,0.23999999999978172,BACKFILL_AUTO
2026-06-18 14:45:20,1781793920,R_10,4856.239,-1,0.05400000000008731,BACKFILL_AUTO
2026-06-18 14:45:22,1781793922,R_10,4856.19,-1,0.04899999999997817,BACKFILL_AUTO
2026-06-18 14:45:24,1781793924,R_10,4856.168,-1,0.021999999999934516,BACKFILL_AUTO
2026-06-18 14:45:26,1781793926,R_10,4856.248,1,0.07999999999992724,BACKFILL_AUTO
2026-06-18 14:45:28,1781793928,R_10,4856.221,-1,0.027000000000043656,BACKFILL_AUTO
2026-06-18 14:45:30,1781793930,R_10,4856.271,1,0.0500000000001819,BACKFILL_AUTO
2026-06-18 14:45:32,1781793932,R_10,4856.175,-1,0.09599999999954889,BACKFILL_AUTO
2026-06-18 14:45:34,1781793934,R_10,4856.282,1,0.1069999999999709,BACKFILL_AUTO
2026-06-18 14:45:36,1781793936,R_10,4856.28,-1,0.0020000000004074536,BACKFILL_AUTO
2026-06-18 14:45:38,1781793938,R_10,4856.341,1,0.061000000000603904,BACKFILL_AUTO
2026-06-18 14:45:40,1781793940,R_10,4856.538,1,0.19699999999920692,BACKFILL_AUTO
2026-06-18 14:45:42,1781793942,R_10,4856.451,-1,0.08699999999953434,BACKFILL_AUTO
2026-06-18 14:45:44,1781793944,R_10,4856.384,-1,0.06700000000000728,BACKFILL_AUTO
2026-06-18 14:45:46,1781793946,R_10,4856.321,-1,0.06300000000010186,BACKFILL_AUTO
2026-06-18 14:45:48,1781793948,R_10,4856.093,-1,0.22800000000006548,BACKFILL_AUTO
2026-06-18 14:45:50,1781793950,R_10,4856.038,-1,0.05500000000029104,BACKFILL_AUTO
2026-06-18 14:45:52,1781793952,R_10,4856.068,1,0.030000000000654836,BACKFILL_AUTO
2026-06-18 14:45:54,1781793954,R_10,4855.959,-1,0.10900000000037835,BACKFILL_AUTO
2026-06-18 14:45:56,1781793956,R_10,4855.789,-1,0.17000000000007276,BACKFILL_AUTO
2026-06-18 14:45:58,1781793958,R_10,4855.924,1,0.13500000000021828,BACKFILL_AUTO
2026-06-18 14:46:00,1781793960,R_10,4855.858,-1,0.06599999999980355,BACKFILL_AUTO
2026-06-18 14:46:02,1781793962,R_10,4855.873,1,0.014999999999417923,BACKFILL_AUTO
2026-06-18 14:46:04,1781793964,R_10,4855.883,1,0.010000000000218279,BACKFILL_AUTO
2026-06-18 14:46:06,1781793966,R_10,4855.979,1,0.09600000000045839,BACKFILL_AUTO
2026-06-18 14:46:08,1781793968,R_10,4855.837,-1,0.14199999999982538,BACKFILL_AUTO
2026-06-18 14:46:10,1781793970,R_10,4855.7,-1,0.13700000000062573,BACKFILL_AUTO
2026-06-18 14:46:12,1781793972,R_10,4855.73,1,0.02999999999974534,BACKFILL_AUTO
2026-06-18 14:46:14,1781793974,R_10,4855.816,1,0.0860000000002401,BACKFILL_AUTO
2026-06-18 14:46:16,1781793976,R_10,4855.508,-1,0.3079999999999927,BACKFILL_AUTO
2026-06-18 14:46:18,1781793978,R_10,4855.348,-1,0.15999999999985448,BACKFILL_AUTO
2026-06-18 14:46:20,1781793980,R_10,4855.337,-1,0.01099999999951251,BACKFILL_AUTO
2026-06-18 14:46:22,1781793982,R_10,4855.196,-1,0.14100000000053114,BACKFILL_AUTO
2026-06-18 14:46:24,1781793984,R_10,4855.308,1,0.11200000000008004,BACKFILL_AUTO
2026-06-18 14:46:26,1781793986,R_10,4855.197,-1,0.11099999999987631,BACKFILL_AUTO
2026-06-18 14:46:28,1781793988,R_10,4855.269,1,0.07200000000011642,BACKFILL_AUTO
2026-06-18 14:46:30,1781793990,R_10,4855.056,-1,0.21300000000064756,BACKFILL_AUTO
2026-06-18 14:46:32,1781793992,R_10,4855.099,1,0.0430000000005748,BACKFILL_AUTO
2026-06-18 14:46:34,1781793994,R_10,4855.191,1,0.09199999999964348,BACKFILL_AUTO
2026-06-18 14:46:36,1781793996,R_10,4855.082,-1,0.10899999999946886,BACKFILL_AUTO
2026-06-18 14:46:38,1781793998,R_10,4855.091,1,0.009000000000014552,BACKFILL_AUTO
2026-06-18 14:46:40,1781794000,R_10,4855.204,1,0.11299999999937427,BACKFILL_AUTO
2026-06-18 14:46:42,1781794002,R_10,4855.153,-1,0.05099999999947613,BACKFILL_AUTO
2026-06-18 14:46:44,1781794004,R_10,4855.309,1,0.15599999999994907,BACKFILL_AUTO
2026-06-18 14:46:46,1781794006,R_10,4855.246,-1,0.06300000000010186,BACKFILL_AUTO
2026-06-18 14:46:48,1781794008,R_10,4855.258,1,0.011999999999716238,BACKFILL_AUTO
2026-06-18 14:46:50,1781794010,R_10,4855.336,1,0.07800000000042928,BACKFILL_AUTO
2026-06-18 14:46:52,1781794012,R_10,4855.464,1,0.12799999999970169,BACKFILL_AUTO
2026-06-18 14:46:54,1781794014,R_10,4855.418,-1,0.046000000000276486,BACKFILL_AUTO
2026-06-18 14:46:56,1781794016,R_10,4855.292,-1,0.12599999999929423,BACKFILL_AUTO
2026-06-18 14:46:58,1781794018,R_10,4855.294,1,0.001999999999497959,BACKFILL_AUTO
2026-06-18 14:47:00,1781794020,R_10,4855.609,1,0.3150000000005093,BACKFILL_AUTO
2026-06-18 14:47:02,1781794022,R_10,4855.752,1,0.1430000000000291,BACKFILL_AUTO
2026-06-18 14:47:04,1781794024,R_10,4855.85,1,0.09799999999995634,BACKFILL_AUTO
2026-06-18 14:47:06,1781794026,R_10,4855.929,1,0.07899999999972351,BACKFILL_AUTO
2026-06-18 14:47:08,1781794028,R_10,4855.969,1,0.03999999999996362,BACKFILL_AUTO
2026-06-18 14:47:10,1781794030,R_10,4856.064,1,0.09500000000025466,BACKFILL_AUTO
2026-06-18 14:47:12,1781794032,R_10,4856.094,1,0.02999999999974534,BACKFILL_AUTO
2026-06-18 14:47:14,1781794034,R_10,4856.146,1,0.05199999999967986,BACKFILL_AUTO
2026-06-18 14:47:16,1781794036,R_10,4855.942,-1,0.2039999999997235,BACKFILL_AUTO
2026-06-18 14:47:18,1781794038,R_10,4855.798,-1,0.14400000000023283,BACKFILL_AUTO
2026-06-18 14:47:20,1781794040,R_10,4855.685,-1,0.11299999999937427,BACKFILL_AUTO
2026-06-18 14:47:22,1781794042,R_10,4855.546,-1,0.1390000000001237,BACKFILL_AUTO
2026-06-18 14:47:24,1781794044,R_10,4855.559,1,0.012999999999919964,BACKFILL_AUTO
2026-06-18 14:47:26,1781794046,R_10,4855.675,1,0.11599999999998545,BACKFILL_AUTO
2026-06-18 14:47:28,1781794048,R_10,4855.657,-1,0.018000000000029104,BACKFILL_AUTO
2026-06-18 14:47:30,1781794050,R_10,4855.753,1,0.09599999999954889,BACKFILL_AUTO
2026-06-18 14:47:32,1781794052,R_10,4855.898,1,0.14500000000043656,BACKFILL_AUTO
2026-06-18 14:47:34,1781794054,R_10,4855.825,-1,0.07300000000032014,BACKFILL_AUTO
2026-06-18 14:47:36,1781794056,R_10,4855.779,-1,0.04599999999936699,BACKFILL_AUTO
2026-06-18 14:47:38,1781794058,R_10,4855.745,-1,0.03400000000056025,BACKFILL_AUTO
2026-06-18 14:47:40,1781794060,R_10,4855.757,1,0.011999999999716238,BACKFILL_AUTO
2026-06-18 14:47:42,1781794062,R_10,4855.816,1,0.05900000000019645,BACKFILL_AUTO
2026-06-18 14:47:44,1781794064,R_10,4856.03,1,0.2139999999999418,BACKFILL_AUTO
2026-06-18 14:47:46,1781794066,R_10,4855.921,-1,0.10899999999946886,BACKFILL_AUTO
2026-06-18 14:47:48,1781794068,R_10,4855.786,-1,0.13500000000021828,BACKFILL_AUTO
2026-06-18 14:47:50,1781794070,R_10,4855.867,1,0.08100000000013097,BACKFILL_AUTO
2026-06-18 14:47:52,1781794072,R_10,4855.969,1,0.10199999999986176,BACKFILL_AUTO
2026-06-18 14:47:54,1781794074,R_10,4855.848,-1,0.12100000000009459,BACKFILL_AUTO
2026-06-18 14:47:56,1781794076,R_10,4856.004,1,0.15599999999994907,BACKFILL_AUTO
2026-06-18 14:47:58,1781794078,R_10,4855.799,-1,0.20499999999992724,BACKFILL_AUTO
2026-06-18 14:48:00,1781794080,R_10,4855.72,-1,0.07899999999972351,BACKFILL_AUTO
2026-06-18 14:48:02,1781794082,R_10,4855.616,-1,0.10400000000026921,BACKFILL_AUTO
2026-06-18 14:48:04,1781794084,R_10,4855.766,1,0.1499999999996362,BACKFILL_AUTO
2026-06-18 14:48:06,1781794086,R_10,4855.931,1,0.16499999999996362,BACKFILL_AUTO
2026-06-18 14:48:08,1781794088,R_10,4856.016,1,0.08500000000003638,BACKFILL_AUTO
2026-06-18 14:48:10,1781794090,R_10,4855.839,-1,0.17699999999967986,BACKFILL_AUTO
2026-06-18 14:48:12,1781794092,R_10,4855.825,-1,0.014000000000123691,BACKFILL_AUTO
2026-06-18 14:48:14,1781794094,R_10,4855.836,1,0.011000000000422006,BACKFILL_AUTO
2026-06-18 14:48:16,1781794096,R_10,4855.953,1,0.11700000000018917,BACKFILL_AUTO
2026-06-18 14:48:18,1781794098,R_10,4856.044,1,0.09099999999943975,BACKFILL_AUTO
2026-06-18 14:48:20,1781794100,R_10,4856.129,1,0.08500000000003638,BACKFILL_AUTO
2026-06-18 14:48:22,1781794102,R_10,4856.017,-1,0.11200000000008004,BACKFILL_AUTO
2026-06-18 14:48:24,1781794104,R_10,4856.087,1,0.07000000000061846,BACKFILL_AUTO
2026-06-18 14:48:26,1781794106,R_10,4856.067,-1,0.020000000000436557,BACKFILL_AUTO
2026-06-18 14:48:28,1781794108,R_10,4856.116,1,0.04899999999997817,BACKFILL_AUTO
2026-06-18 14:48:30,1781794110,R_10,4856.136,1,0.020000000000436557,BACKFILL_AUTO
2026-06-18 14:48:32,1781794112,R_10,4856.455,1,0.31899999999950523,BACKFILL_AUTO
2026-06-18 14:48:34,1781794114,R_10,4856.572,1,0.11700000000018917,BACKFILL_AUTO
2026-06-18 14:48:36,1781794116,R_10,4856.565,-1,0.007000000000516593,BACKFILL_AUTO
2026-06-18 14:48:38,1781794118,R_10,4856.734,1,0.16900000000077853,BACKFILL_AUTO
2026-06-18 14:48:40,1781794120,R_10,4856.665,-1,0.06900000000041473,BACKFILL_AUTO
2026-06-18 14:48:42,1781794122,R_10,4856.762,1,0.09699999999975262,BACKFILL_AUTO
2026-06-18 14:48:44,1781794124,R_10,4856.951,1,0.1890000000003056,BACKFILL_AUTO
2026-06-18 14:48:46,1781794126,R_10,4856.837,-1,0.113999999999578,BACKFILL_AUTO
2026-06-18 14:48:48,1781794128,R_10,4856.789,-1,0.04800000000068394,BACKFILL_AUTO
2026-06-18 14:48:50,1781794130,R_10,4856.799,1,0.010000000000218279,BACKFILL_AUTO
2026-06-18 14:48:52,1781794132,R_10,4856.949,1,0.1499999999996362,BACKFILL_AUTO
2026-06-18 14:48:54,1781794134,R_10,4857.102,1,0.15300000000024738,BACKFILL_AUTO
2026-06-18 14:48:56,1781794136,R_10,4857.043,-1,0.05900000000019645,BACKFILL_AUTO
2026-06-18 14:48:58,1781794138,R_10,4857.176,1,0.13300000000072032,BACKFILL_AUTO
2026-06-18 14:49:00,1781794140,R_10,4857.19,1,0.013999999999214197,BACKFILL_AUTO
2026-06-18 14:49:02,1781794142,R_10,4857.125,-1,0.06499999999959982,BACKFILL_AUTO
2026-06-18 14:49:04,1781794144,R_10,4857.242,1,0.11700000000018917,BACKFILL_AUTO
2026-06-18 14:49:06,1781794146,R_10,4857.438,1,0.1959999999999127,BACKFILL_AUTO
2026-06-18 14:49:08,1781794148,R_10,4857.416,-1,0.021999999999934516,BACKFILL_AUTO
2026-06-18 14:49:10,1781794150,R_10,4857.317,-1,0.09900000000016007,BACKFILL_AUTO
2026-06-18 14:49:12,1781794152,R_10,4857.254,-1,0.06300000000010186,BACKFILL_AUTO
2026-06-18 14:49:14,1781794154,R_10,4857.188,-1,0.06599999999980355,BACKFILL_AUTO
2026-06-18 14:49:16,1781794156,R_10,4857.074,-1,0.11400000000048749,BACKFILL_AUTO
2026-06-18 14:49:18,1781794158,R_10,4857.284,1,0.21000000000003638,BACKFILL_AUTO
2026-06-18 14:49:20,1781794160,R_10,4857.269,-1,0.014999999999417923,BACKFILL_AUTO
2026-06-18 14:49:22,1781794162,R_10,4857.504,1,0.23499999999967258,BACKFILL_AUTO
2026-06-18 14:49:24,1781794164,R_10,4857.34,-1,0.1639999999997599,BACKFILL_AUTO
2026-06-18 14:49:26,1781794166,R_10,4857.126,-1,0.2139999999999418,BACKFILL_AUTO
2026-06-18 14:49:28,1781794168,R_10,4857.163,1,0.03699999999935244,BACKFILL_AUTO
2026-06-18 14:49:30,1781794170,R_10,4857.301,1,0.13800000000082946,BACKFILL_AUTO
2026-06-18 14:49:32,1781794172,R_10,4856.922,-1,0.3790000000008149,BACKFILL_AUTO
2026-06-18 14:49:34,1781794174,R_10,4856.742,-1,0.17999999999938154,BACKFILL_AUTO
2026-06-18 14:49:36,1781794176,R_10,4856.72,-1,0.021999999999934516,BACKFILL_AUTO
2026-06-18 14:49:38,1781794178,R_10,4856.609,-1,0.11099999999987631,BACKFILL_AUTO
2026-06-18 14:49:40,1781794180,R_10,4856.61,1,0.0009999999992942321,BACKFILL_AUTO
2026-06-18 14:49:42,1781794182,R_10,4856.548,-1,0.06199999999989814,BACKFILL_AUTO
2026-06-18 14:49:44,1781794184,R_10,4856.539,-1,0.009000000000014552,BACKFILL_AUTO
2026-06-18 14:49:46,1781794186,R_10,4856.673,1,0.13400000000001455,BACKFILL_AUTO
2026-06-18 14:49:48,1781794188,R_10,4856.797,1,0.12399999999979627,BACKFILL_AUTO
2026-06-18 14:49:50,1781794190,R_10,4856.804,1,0.007000000000516593,BACKFILL_AUTO
2026-06-18 14:49:52,1781794192,R_10,4856.729,-1,0.0749999999998181,BACKFILL_AUTO
2026-06-18 14:49:54,1781794194,R_10,4856.723,-1,0.006000000000312866,BACKFILL_AUTO
2026-06-18 14:49:56,1781794196,R_10,4856.488,-1,0.23499999999967258,BACKFILL_AUTO
2026-06-18 14:49:58,1781794198,R_10,4856.498,1,0.009999999999308784,BACKFILL_AUTO
2026-06-18 14:50:00,1781794200,R_10,4856.456,-1,0.04199999999946158,BACKFILL_AUTO
2026-06-18 14:50:02,1781794202,R_10,4856.507,1,0.05099999999947613,BACKFILL_AUTO
2026-06-18 14:50:04,1781794204,R_10,4856.504,-1,0.0029999999997016857,BACKFILL_AUTO
2026-06-18 14:50:06,1781794206,R_10,4856.458,-1,0.046000000000276486,BACKFILL_AUTO
2026-06-18 14:50:08,1781794208,R_10,4856.517,1,0.05900000000019645,BACKFILL_AUTO
2026-06-18 14:50:10,1781794210,R_10,4856.628,1,0.11099999999987631,BACKFILL_AUTO
2026-06-18 14:50:12,1781794212,R_10,4856.802,1,0.17399999999997817,BACKFILL_AUTO
2026-06-18 14:50:14,1781794214,R_10,4856.678,-1,0.12399999999979627,BACKFILL_AUTO
2026-06-18 14:50:16,1781794216,R_10,4856.94,1,0.26199999999971624,BACKFILL_AUTO
2026-06-18 14:50:18,1781794218,R_10,4856.925,-1,0.014999999999417923,BACKFILL_AUTO
2026-06-18 14:50:20,1781794220,R_10,4856.834,-1,0.09100000000034925,BACKFILL_AUTO
2026-06-18 14:50:22,1781794222,R_10,4856.878,1,0.04399999999986903,BACKFILL_AUTO
2026-06-18 14:50:24,1781794224,R_10,4857.065,1,0.18699999999989814,BACKFILL_AUTO
2026-06-18 14:50:26,1781794226,R_10,4856.895,-1,0.16999999999916326,BACKFILL_AUTO
2026-06-18 14:50:28,1781794228,R_10,4856.671,-1,0.22400000000016007,BACKFILL_AUTO
2026-06-18 14:50:30,1781794230,R_10,4856.752,1,0.08100000000013097,BACKFILL_AUTO
2026-06-18 14:50:32,1781794232,R_10,4856.834,1,0.0819999999994252,BACKFILL_AUTO
2026-06-18 14:50:34,1781794234,R_10,4857.157,1,0.32300000000032014,BACKFILL_AUTO
2026-06-18 14:50:36,1781794236,R_10,4857.147,-1,0.010000000000218279,BACKFILL_AUTO
2026-06-18 14:50:38,1781794238,R_10,4857.292,1,0.14500000000043656,BACKFILL_AUTO
2026-06-18 14:50:40,1781794240,R_10,4857.398,1,0.10599999999976717,BACKFILL_AUTO
2026-06-18 14:50:42,1781794242,R_10,4857.331,-1,0.06700000000000728,BACKFILL_AUTO
2026-06-18 14:50:44,1781794244,R_10,4857.31,-1,0.02099999999973079,BACKFILL_AUTO
2026-06-18 14:50:46,1781794246,R_10,4857.445,1,0.13499999999930878,BACKFILL_AUTO
2026-06-18 14:50:48,1781794248,R_10,4857.643,1,0.19800000000032014,BACKFILL_AUTO
2026-06-18 14:50:50,1781794250,R_10,4857.291,-1,0.35199999999986176,BACKFILL_AUTO
2026-06-18 14:50:52,1781794252,R_10,4857.362,1,0.07099999999991269,BACKFILL_AUTO
2026-06-18 14:50:54,1781794254,R_10,4857.218,-1,0.14400000000023283,BACKFILL_AUTO
2026-06-18 14:50:56,1781794256,R_10,4857.343,1,0.125,BACKFILL_AUTO
2026-06-18 14:50:58,1781794258,R_10,4857.174,-1,0.16899999999986903,BACKFILL_AUTO
2026-06-18 14:51:00,1781794260,R_10,4857.036,-1,0.13799999999991996,BACKFILL_AUTO
2026-06-18 14:51:02,1781794262,R_10,4857.162,1,0.12600000000020373,BACKFILL_AUTO
2026-06-18 14:51:04,1781794264,R_10,4857.097,-1,0.06500000000050932,BACKFILL_AUTO
2026-06-18 14:51:06,1781794266,R_10,4857.058,-1,0.03899999999975989,BACKFILL_AUTO
2026-06-18 14:51:08,1781794268,R_10,4857.067,1,0.009000000000014552,BACKFILL_AUTO
2026-06-18 14:51:10,1781794270,R_10,4857.035,-1,0.032000000000152795,BACKFILL_AUTO
2026-06-18 14:51:12,1781794272,R_10,4857.03,-1,0.005000000000109139,BACKFILL_AUTO
2026-06-18 14:51:14,1781794274,R_10,4856.939,-1,0.09099999999943975,BACKFILL_AUTO
2026-06-18 14:51:16,1781794276,R_10,4856.996,1,0.056999999999789,BACKFILL_AUTO
2026-06-18 14:51:18,1781794278,R_10,4856.936,-1,0.06000000000040018,BACKFILL_AUTO
2026-06-18 14:51:20,1781794280,R_10,4856.75,-1,0.1859999999996944,BACKFILL_AUTO
2026-06-18 14:51:22,1781794282,R_10,4856.732,-1,0.018000000000029104,BACKFILL_AUTO
2026-06-18 14:51:24,1781794284,R_10,4856.697,-1,0.03499999999985448,BACKFILL_AUTO
2026-06-18 14:51:26,1781794286,R_10,4856.791,1,0.09400000000005093,BACKFILL_AUTO
2026-06-18 14:51:28,1781794288,R_10,4856.875,1,0.08399999999983265,BACKFILL_AUTO
2026-06-18 14:51:30,1781794290,R_10,4856.954,1,0.07899999999972351,BACKFILL_AUTO
2026-06-18 14:51:32,1781794292,R_10,4856.788,-1,0.16600000000016735,BACKFILL_AUTO
2026-06-18 14:51:34,1781794294,R_10,4857.045,1,0.2570000000005166,BACKFILL_AUTO
2026-06-18 14:51:36,1781794296,R_10,4857.114,1,0.06899999999950523,BACKFILL_AUTO
2026-06-18 14:51:38,1781794298,R_10,4857.047,-1,0.06700000000000728,BACKFILL_AUTO
2026-06-18 14:51:40,1781794300,R_10,4857.124,1,0.07700000000022555,BACKFILL_AUTO
2026-06-18 14:51:42,1781794302,R_10,4856.917,-1,0.2069999999994252,BACKFILL_AUTO
2026-06-18 14:51:44,1781794304,R_10,4856.995,1,0.07799999999951979,BACKFILL_AUTO
2026-06-18 14:51:46,1781794306,R_10,4857.031,1,0.03600000000005821,BACKFILL_AUTO
2026-06-18 14:51:48,1781794308,R_10,4857.022,-1,0.009000000000014552,BACKFILL_AUTO
2026-06-18 14:51:50,1781794310,R_10,4857.025,1,0.0029999999997016857,BACKFILL_AUTO
2026-06-18 14:51:52,1781794312,R_10,4857.092,1,0.06700000000000728,BACKFILL_AUTO
2026-06-18 14:51:54,1781794314,R_10,4857.129,1,0.037000000000261934,BACKFILL_AUTO
2026-06-18 14:51:56,1781794316,R_10,4857.21,1,0.08100000000013097,BACKFILL_AUTO
2026-06-18 14:51:58,1781794318,R_10,4857.384,1,0.17399999999997817,BACKFILL_AUTO
2026-06-18 14:52:00,1781794320,R_10,4857.31,-1,0.07399999999961437,BACKFILL_AUTO
2026-06-18 14:52:02,1781794322,R_10,4857.312,1,0.001999999999497959,BACKFILL_AUTO
2026-06-18 14:52:04,1781794324,R_10,4857.486,1,0.17399999999997817,BACKFILL_AUTO
2026-06-18 14:52:06,1781794326,R_10,4857.546,1,0.06000000000040018,BACKFILL_AUTO
2026-06-18 14:52:08,1781794328,R_10,4857.27,-1,0.27599999999983993,BACKFILL_AUTO
2026-06-18 14:52:10,1781794330,R_10,4857.128,-1,0.14200000000073487,BACKFILL_AUTO
2026-06-18 14:52:12,1781794332,R_10,4857.106,-1,0.021999999999934516,BACKFILL_AUTO
2026-06-18 14:52:14,1781794334,R_10,4857.133,1,0.027000000000043656,BACKFILL_AUTO
2026-06-18 14:52:16,1781794336,R_10,4857.145,1,0.012000000000625732,BACKFILL_AUTO
2026-06-18 14:52:18,1781794338,R_10,4857.194,1,0.04899999999997817,BACKFILL_AUTO
2026-06-18 14:52:20,1781794340,R_10,4857.139,-1,0.05500000000029104,BACKFILL_AUTO
2026-06-18 14:52:22,1781794342,R_10,4856.977,-1,0.16200000000026193,BACKFILL_AUTO
2026-06-18 14:52:24,1781794344,R_10,4856.892,-1,0.08500000000003638,BACKFILL_AUTO
2026-06-18 14:52:26,1781794346,R_10,4856.929,1,0.037000000000261934,BACKFILL_AUTO
2026-06-18 14:52:28,1781794348,R_10,4856.906,-1,0.023000000000138243,BACKFILL_AUTO
2026-06-18 14:52:30,1781794350,R_10,4856.883,-1,0.023000000000138243,BACKFILL_AUTO
2026-06-18 14:52:32,1781794352,R_10,4856.818,-1,0.06499999999959982,BACKFILL_AUTO
2026-06-18 14:52:34,1781794354,R_10,4857.084,1,0.26599999999962165,BACKFILL_AUTO
2026-06-18 14:52:36,1781794356,R_10,4856.749,-1,0.3350000000000364,BACKFILL_AUTO
2026-06-18 14:52:38,1781794358,R_10,4856.552,-1,0.19700000000011642,BACKFILL_AUTO
2026-06-18 14:52:40,1781794360,R_10,4856.558,1,0.006000000000312866,BACKFILL_AUTO
2026-06-18 14:52:42,1781794362,R_10,4856.583,1,0.024999999999636202,BACKFILL_AUTO
2026-06-18 14:52:44,1781794364,R_10,4856.559,-1,0.023999999999432475,BACKFILL_AUTO
2026-06-18 14:52:46,1781794366,R_10,4856.486,-1,0.07300000000032014,BACKFILL_AUTO
2026-06-18 14:52:48,1781794368,R_10,4856.506,1,0.020000000000436557,BACKFILL_AUTO
2026-06-18 14:52:50,1781794370,R_10,4856.29,-1,0.21600000000034925,BACKFILL_AUTO
2026-06-18 14:52:52,1781794372,R_10,4856.053,-1,0.23700000000008004,BACKFILL_AUTO
2026-06-18 14:52:54,1781794374,R_10,4855.919,-1,0.13400000000001455,BACKFILL_AUTO
2026-06-18 14:52:56,1781794376,R_10,4855.872,-1,0.04699999999957072,BACKFILL_AUTO
2026-06-18 14:52:58,1781794378,R_10,4856.051,1,0.1790000000000873,BACKFILL_AUTO
2026-06-18 14:53:00,1781794380,R_10,4856.082,1,0.03099999999994907,BACKFILL_AUTO
2026-06-18 14:53:02,1781794382,R_10,4856.191,1,0.10899999999946886,BACKFILL_AUTO
2026-06-18 14:53:04,1781794384,R_10,4856.135,-1,0.05599999999958527,BACKFILL_AUTO
2026-06-18 14:53:06,1781794386,R_10,4856.172,1,0.03699999999935244,BACKFILL_AUTO
2026-06-18 14:53:08,1781794388,R_10,4856.167,-1,0.004999999999199645,BACKFILL_AUTO
2026-06-18 14:53:10,1781794390,R_10,4856.266,1,0.09899999999925058,BACKFILL_AUTO
2026-06-18 14:53:12,1781794392,R_10,4856.203,-1,0.06299999999919237,BACKFILL_AUTO
2026-06-18 14:53:14,1781794394,R_10,4855.98,-1,0.22300000000086584,BACKFILL_AUTO
2026-06-18 14:53:16,1781794396,R_10,4855.986,1,0.006000000000312866,BACKFILL_AUTO
2026-06-18 14:53:18,1781794398,R_10,4855.903,-1,0.08299999999962893,BACKFILL_AUTO
2026-06-18 14:53:20,1781794400,R_10,4855.89,-1,0.012999999999919964,BACKFILL_AUTO
2026-06-18 14:53:22,1781794402,R_10,4855.881,-1,0.009000000000014552,BACKFILL_AUTO
2026-06-18 14:53:24,1781794404,R_10,4855.756,-1,0.125,BACKFILL_AUTO
2026-06-18 14:53:26,1781794406,R_10,4855.661,-1,0.09500000000025466,BACKFILL_AUTO
2026-06-18 14:53:28,1781794408,R_10,4855.531,-1,0.13000000000010914,BACKFILL_AUTO
2026-06-18 14:53:30,1781794410,R_10,4855.513,-1,0.018000000000029104,BACKFILL_AUTO
2026-06-18 14:53:32,1781794412,R_10,4855.498,-1,0.015000000000327418,BACKFILL_AUTO
2026-06-18 14:53:34,1781794414,R_10,4855.473,-1,0.024999999999636202,BACKFILL_AUTO
2026-06-18 14:53:36,1781794416,R_10,4855.316,-1,0.1570000000001528,BACKFILL_AUTO
2026-06-18 14:53:38,1781794418,R_10,4855.425,1,0.10900000000037835,BACKFILL_AUTO
2026-06-18 14:53:40,1781794420,R_10,4855.228,-1,0.19700000000011642,BACKFILL_AUTO
2026-06-18 14:53:42,1781794422,R_10,4855.155,-1,0.07300000000032014,BACKFILL_AUTO
2026-06-18 14:53:44,1781794424,R_10,4855.033,-1,0.12199999999938882,BACKFILL_AUTO
2026-06-18 14:53:46,1781794426,R_10,4855.004,-1,0.02900000000045111,BACKFILL_AUTO
2026-06-18 14:53:48,1781794428,R_10,4855.094,1,0.09000000000014552,BACKFILL_AUTO
2026-06-18 14:53:50,1781794430,R_10,4855.179,1,0.08500000000003638,BACKFILL_AUTO
2026-06-18 14:53:52,1781794432,R_10,4855.142,-1,0.037000000000261934,BACKFILL_AUTO
2026-06-18 14:53:54,1781794434,R_10,4855.176,1,0.03400000000056025,BACKFILL_AUTO
2026-06-18 14:53:56,1781794436,R_10,4855.153,-1,0.023000000000138243,BACKFILL_AUTO
2026-06-18 14:53:58,1781794438,R_10,4855.004,-1,0.14900000000034197,BACKFILL_AUTO
2026-06-18 14:54:00,1781794440,R_10,4854.848,-1,0.15599999999994907,BACKFILL_AUTO
2026-06-18 14:54:02,1781794442,R_10,4854.797,-1,0.051000000000385626,BACKFILL_AUTO
2026-06-18 14:54:04,1781794444,R_10,4855.0,1,0.20300000000042928,BACKFILL_AUTO
2026-06-18 14:54:06,1781794446,R_10,4855.04,1,0.03999999999996362,BACKFILL_AUTO
2026-06-18 14:54:08,1781794448,R_10,4855.078,1,0.03800000000046566,BACKFILL_AUTO
2026-06-18 14:54:10,1781794450,R_10,4854.824,-1,0.2540000000008149,BACKFILL_AUTO
2026-06-18 14:54:12,1781794452,R_10,4854.766,-1,0.057999999999992724,BACKFILL_AUTO
2026-06-18 14:54:14,1781794454,R_10,4854.713,-1,0.052999999999883585,BACKFILL_AUTO
2026-06-18 14:54:16,1781794456,R_10,4854.727,1,0.014000000000123691,BACKFILL_AUTO
2026-06-18 14:54:18,1781794458,R_10,4854.761,1,0.03400000000056025,BACKFILL_AUTO
2026-06-18 14:54:20,1781794460,R_10,4854.732,-1,0.02900000000045111,BACKFILL_AUTO
2026-06-18 14:54:22,1781794462,R_10,4854.705,-1,0.027000000000043656,BACKFILL_AUTO
2026-06-18 14:54:24,1781794464,R_10,4854.729,1,0.02400000000034197,BACKFILL_AUTO
2026-06-18 14:54:26,1781794466,R_10,4854.564,-1,0.16499999999996362,BACKFILL_AUTO
2026-06-18 14:54:28,1781794468,R_10,4854.669,1,0.10499999999956344,BACKFILL_AUTO
2026-06-18 14:54:30,1781794470,R_10,4854.637,-1,0.032000000000152795,BACKFILL_AUTO
2026-06-18 14:54:32,1781794472,R_10,4854.713,1,0.07600000000002183,BACKFILL_AUTO
2026-06-18 14:54:34,1781794474,R_10,4854.69,-1,0.023000000000138243,BACKFILL_AUTO
2026-06-18 14:54:36,1781794476,R_10,4854.462,-1,0.227999999999156,BACKFILL_AUTO
2026-06-18 14:54:38,1781794478,R_10,4854.44,-1,0.02200000000084401,BACKFILL_AUTO
2026-06-18 14:54:40,1781794480,R_10,4854.407,-1,0.03299999999944703,BACKFILL_AUTO
2026-06-18 14:54:42,1781794482,R_10,4854.56,1,0.15300000000024738,BACKFILL_AUTO
2026-06-18 14:54:44,1781794484,R_10,4854.565,1,0.004999999999199645,BACKFILL_AUTO
2026-06-18 14:54:46,1781794486,R_10,4854.582,1,0.01700000000073487,BACKFILL_AUTO
2026-06-18 14:54:48,1781794488,R_10,4854.509,-1,0.07300000000032014,BACKFILL_AUTO
2026-06-18 14:54:50,1781794490,R_10,4854.498,-1,0.011000000000422006,BACKFILL_AUTO
2026-06-18 14:54:52,1781794492,R_10,4854.503,1,0.005000000000109139,BACKFILL_AUTO
2026-06-18 14:54:54,1781794494,R_10,4854.358,-1,0.14499999999952706,BACKFILL_AUTO
2026-06-18 14:54:56,1781794496,R_10,4854.452,1,0.09400000000005093,BACKFILL_AUTO
2026-06-18 14:54:58,1781794498,R_10,4854.49,1,0.03799999999955617,BACKFILL_AUTO
2026-06-18 14:55:00,1781794500,R_10,4854.472,-1,0.018000000000029104,BACKFILL_AUTO
2026-06-18 14:55:02,1781794502,R_10,4854.359,-1,0.11299999999937427,BACKFILL_AUTO
2026-06-18 14:55:04,1781794504,R_10,4854.238,-1,0.12100000000009459,BACKFILL_AUTO
2026-06-18 14:55:06,1781794506,R_10,4854.205,-1,0.03300000000035652,BACKFILL_AUTO
2026-06-18 14:55:08,1781794508,R_10,4854.037,-1,0.1679999999996653,BACKFILL_AUTO
2026-06-18 14:55:10,1781794510,R_10,4854.17,1,0.13299999999981083,BACKFILL_AUTO
2026-06-18 14:55:12,1781794512,R_10,4854.22,1,0.0500000000001819,BACKFILL_AUTO
2026-06-18 14:55:14,1781794514,R_10,4854.291,1,0.07099999999991269,BACKFILL_AUTO
2026-06-18 14:55:16,1781794516,R_10,4854.313,1,0.021999999999934516,BACKFILL_AUTO
2026-06-18 14:55:18,1781794518,R_10,4854.355,1,0.04199999999946158,BACKFILL_AUTO
2026-06-18 14:55:20,1781794520,R_10,4854.363,1,0.00800000000072032,BACKFILL_AUTO
2026-06-18 14:55:22,1781794522,R_10,4854.196,-1,0.16700000000037107,BACKFILL_AUTO
2026-06-18 14:55:24,1781794524,R_10,4854.231,1,0.03499999999985448,BACKFILL_AUTO
2026-06-18 14:55:26,1781794526,R_10,4854.227,-1,0.0039999999999054126,BACKFILL_AUTO
2026-06-18 14:55:28,1781794528,R_10,4854.274,1,0.04700000000048021,BACKFILL_AUTO
2026-06-18 14:55:30,1781794530,R_10,4854.457,1,0.18299999999999272,BACKFILL_AUTO
2026-06-18 14:55:32,1781794532,R_10,4854.702,1,0.24499999999989086,BACKFILL_AUTO
2026-06-18 14:55:34,1781794534,R_10,4854.898,1,0.1959999999999127,BACKFILL_AUTO
2026-06-18 14:55:36,1781794536,R_10,4854.84,-1,0.057999999999992724,BACKFILL_AUTO
2026-06-18 14:55:38,1781794538,R_10,4854.971,1,0.13099999999940337,BACKFILL_AUTO
2026-06-18 14:55:40,1781794540,R_10,4854.963,-1,0.007999999999810825,BACKFILL_AUTO
2026-06-18 14:55:42,1781794542,R_10,4854.991,1,0.028000000000247383,BACKFILL_AUTO
2026-06-18 14:55:44,1781794544,R_10,4855.167,1,0.17600000000038563,BACKFILL_AUTO
2026-06-18 14:55:46,1781794546,R_10,4855.065,-1,0.10200000000077125,BACKFILL_AUTO
2026-06-18 14:55:48,1781794548,R_10,4855.003,-1,0.06199999999989814,BACKFILL_AUTO
2026-06-18 14:55:50,1781794550,R_10,4855.126,1,0.12300000000050204,BACKFILL_AUTO
2026-06-18 14:55:52,1781794552,R_10,4855.112,-1,0.014000000000123691,BACKFILL_AUTO
2026-06-18 14:55:54,1781794554,R_10,4855.049,-1,0.06300000000010186,BACKFILL_AUTO
2026-06-18 14:55:56,1781794556,R_10,4855.147,1,0.09799999999995634,BACKFILL_AUTO
2026-06-18 14:55:58,1781794558,R_10,4855.019,-1,0.12799999999970169,BACKFILL_AUTO
2026-06-18 14:56:00,1781794560,R_10,4854.94,-1,0.07900000000063301,BACKFILL_AUTO
2026-06-18 14:56:02,1781794562,R_10,4855.207,1,0.26700000000073487,BACKFILL_AUTO
2026-06-18 14:56:04,1781794564,R_10,4855.185,-1,0.021999999999934516,BACKFILL_AUTO
2026-06-18 14:56:06,1781794566,R_10,4855.198,1,0.012999999999919964,BACKFILL_AUTO
2026-06-18 14:56:08,1781794568,R_10,4855.322,1,0.12399999999979627,BACKFILL_AUTO
2026-06-18 14:56:10,1781794570,R_10,4855.177,-1,0.14500000000043656,BACKFILL_AUTO
2026-06-18 14:56:12,1781794572,R_10,4855.295,1,0.1180000000003929,BACKFILL_AUTO
2026-06-18 14:56:14,1781794574,R_10,4855.217,-1,0.07800000000042928,BACKFILL_AUTO
2026-06-18 14:56:16,1781794576,R_10,4855.259,1,0.042000000000371074,BACKFILL_AUTO
2026-06-18 14:56:18,1781794578,R_10,4855.091,-1,0.1679999999996653,BACKFILL_AUTO
2026-06-18 14:56:20,1781794580,R_10,4854.775,-1,0.31600000000071304,BACKFILL_AUTO
2026-06-18 14:56:22,1781794582,R_10,4854.857,1,0.0820000000003347,BACKFILL_AUTO
2026-06-18 14:56:24,1781794584,R_10,4855.021,1,0.1639999999997599,BACKFILL_AUTO
2026-06-18 14:56:26,1781794586,R_10,4854.89,-1,0.13099999999940337,BACKFILL_AUTO
2026-06-18 14:56:28,1781794588,R_10,4854.869,-1,0.021000000000640284,BACKFILL_AUTO
2026-06-18 14:56:30,1781794590,R_10,4854.87,1,0.0010000000002037268,BACKFILL_AUTO
2026-06-18 14:56:32,1781794592,R_10,4855.065,1,0.19499999999970896,BACKFILL_AUTO
2026-06-18 14:56:34,1781794594,R_10,4855.014,-1,0.05099999999947613,BACKFILL_AUTO
2026-06-18 14:56:36,1781794596,R_10,4855.103,1,0.08899999999994179,BACKFILL_AUTO
2026-06-18 14:56:38,1781794598,R_10,4855.069,-1,0.033999999999650754,BACKFILL_AUTO
2026-06-18 14:56:40,1781794600,R_10,4855.135,1,0.06599999999980355,BACKFILL_AUTO
2026-06-18 14:56:42,1781794602,R_10,4855.129,-1,0.006000000000312866,BACKFILL_AUTO
2026-06-18 14:56:44,1781794604,R_10,4855.304,1,0.1750000000001819,BACKFILL_AUTO
2026-06-18 14:56:46,1781794606,R_10,4855.305,1,0.0010000000002037268,BACKFILL_AUTO
2026-06-18 14:56:48,1781794608,R_10,4855.189,-1,0.11599999999998545,BACKFILL_AUTO
2026-06-18 14:56:50,1781794610,R_10,4855.096,-1,0.0930000000007567,BACKFILL_AUTO
2026-06-18 14:56:52,1781794612,R_10,4855.1,1,0.004000000000814907,BACKFILL_AUTO
2026-06-18 14:56:54,1781794614,R_10,4854.956,-1,0.14400000000023283,BACKFILL_AUTO
2026-06-18 14:56:56,1781794616,R_10,4854.946,-1,0.010000000000218279,BACKFILL_AUTO
2026-06-18 14:56:58,1781794618,R_10,4855.026,1,0.07999999999992724,BACKFILL_AUTO
2026-06-18 14:57:00,1781794620,R_10,4855.15,1,0.12399999999979627,BACKFILL_AUTO
2026-06-18 14:57:02,1781794622,R_10,4855.131,-1,0.018999999999323336,BACKFILL_AUTO
2026-06-18 14:57:04,1781794624,R_10,4855.113,-1,0.018000000000029104,BACKFILL_AUTO
2026-06-18 14:57:06,1781794626,R_10,4855.153,1,0.03999999999996362,BACKFILL_AUTO
2026-06-18 14:57:08,1781794628,R_10,4854.932,-1,0.22100000000045839,BACKFILL_AUTO
2026-06-18 14:57:10,1781794630,R_10,4854.854,-1,0.07799999999951979,BACKFILL_AUTO
2026-06-18 14:57:12,1781794632,R_10,4854.839,-1,0.015000000000327418,BACKFILL_AUTO
2026-06-18 14:57:14,1781794634,R_10,4854.777,-1,0.06199999999989814,BACKFILL_AUTO
2026-06-18 14:57:16,1781794636,R_10,4854.559,-1,0.2179999999998472,BACKFILL_AUTO
2026-06-18 14:57:18,1781794638,R_10,4854.663,1,0.10399999999935972,BACKFILL_AUTO
2026-06-18 14:57:20,1781794640,R_10,4854.822,1,0.15900000000056025,BACKFILL_AUTO
2026-06-18 14:57:22,1781794642,R_10,4854.994,1,0.17199999999957072,BACKFILL_AUTO
2026-06-18 14:57:24,1781794644,R_10,4855.09,1,0.09600000000045839,BACKFILL_AUTO
2026-06-18 14:57:26,1781794646,R_10,4855.118,1,0.028000000000247383,BACKFILL_AUTO
2026-06-18 14:57:28,1781794648,R_10,4854.991,-1,0.12700000000040745,BACKFILL_AUTO
2026-06-18 14:57:30,1781794650,R_10,4855.093,1,0.10199999999986176,BACKFILL_AUTO
2026-06-18 14:57:32,1781794652,R_10,4854.958,-1,0.13500000000021828,BACKFILL_AUTO
2026-06-18 14:57:34,1781794654,R_10,4854.824,-1,0.13400000000001455,BACKFILL_AUTO
2026-06-18 14:57:36,1781794656,R_10,4854.831,1,0.007000000000516593,BACKFILL_AUTO
2026-06-18 14:57:38,1781794658,R_10,4854.786,-1,0.04500000000007276,BACKFILL_AUTO
2026-06-18 14:57:40,1781794660,R_10,4854.718,-1,0.068000000000211,BACKFILL_AUTO
2026-06-18 14:57:42,1781794662,R_10,4854.685,-1,0.03299999999944703,BACKFILL_AUTO
2026-06-18 14:57:44,1781794664,R_10,4854.794,1,0.10899999999946886,BACKFILL_AUTO
2026-06-18 14:57:46,1781794666,R_10,4854.915,1,0.12100000000009459,BACKFILL_AUTO
2026-06-18 14:57:48,1781794668,R_10,4854.853,-1,0.06199999999989814,BACKFILL_AUTO
2026-06-18 14:57:50,1781794670,R_10,4854.884,1,0.03099999999994907,BACKFILL_AUTO
2026-06-18 14:57:52,1781794672,R_10,4854.646,-1,0.23800000000028376,BACKFILL_AUTO
2026-06-18 14:57:54,1781794674,R_10,4854.694,1,0.04800000000068394,BACKFILL_AUTO
2026-06-18 14:57:56,1781794676,R_10,4854.714,1,0.019999999999527063,BACKFILL_AUTO
2026-06-18 14:57:58,1781794678,R_10,4854.804,1,0.09000000000014552,BACKFILL_AUTO
2026-06-18 14:58:00,1781794680,R_10,4855.077,1,0.27300000000013824,BACKFILL_AUTO
2026-06-18 14:58:02,1781794682,R_10,4855.25,1,0.17299999999977445,BACKFILL_AUTO
2026-06-18 14:58:04,1781794684,R_10,4855.034,-1,0.21600000000034925,BACKFILL_AUTO
2026-06-18 14:58:06,1781794686,R_10,4855.092,1,0.057999999999992724,BACKFILL_AUTO
2026-06-18 14:58:08,1781794688,R_10,4855.194,1,0.10200000000077125,BACKFILL_AUTO
2026-06-18 14:58:10,1781794690,R_10,4855.345,1,0.15099999999983993,BACKFILL_AUTO
2026-06-18 14:58:12,1781794692,R_10,4855.276,-1,0.06900000000041473,BACKFILL_AUTO
2026-06-18 14:58:14,1781794694,R_10,4855.343,1,0.06700000000000728,BACKFILL_AUTO
2026-06-18 14:58:16,1781794696,R_10,4855.463,1,0.11999999999989086,BACKFILL_AUTO
2026-06-18 14:58:18,1781794698,R_10,4855.581,1,0.1180000000003929,BACKFILL_AUTO
2026-06-18 14:58:20,1781794700,R_10,4855.83,1,0.24899999999979627,BACKFILL_AUTO
2026-06-18 14:58:22,1781794702,R_10,4856.002,1,0.1720000000004802,BACKFILL_AUTO
2026-06-18 14:58:24,1781794704,R_10,4856.006,1,0.0039999999999054126,BACKFILL_AUTO
2026-06-18 14:58:26,1781794706,R_10,4856.256,1,0.25,BACKFILL_AUTO
2026-06-18 14:58:28,1781794708,R_10,4856.31,1,0.05400000000008731,BACKFILL_AUTO
2026-06-18 14:58:30,1781794710,R_10,4856.128,-1,0.1820000000006985,BACKFILL_AUTO
2026-06-18 14:58:32,1781794712,R_10,4856.326,1,0.19800000000032014,BACKFILL_AUTO
2026-06-18 14:58:34,1781794714,R_10,4856.292,-1,0.033999999999650754,BACKFILL_AUTO
2026-06-18 14:58:36,1781794716,R_10,4856.244,-1,0.04800000000068394,BACKFILL_AUTO
2026-06-18 14:58:38,1781794718,R_10,4856.334,1,0.09000000000014552,BACKFILL_AUTO
2026-06-18 14:58:40,1781794720,R_10,4856.346,1,0.011999999999716238,BACKFILL_AUTO
2026-06-18 14:58:42,1781794722,R_10,4856.354,1,0.00800000000072032,BACKFILL_AUTO
2026-06-18 14:58:44,1781794724,R_10,4856.447,1,0.0929999999998472,BACKFILL_AUTO
2026-06-18 14:58:46,1781794726,R_10,4856.502,1,0.05500000000029104,BACKFILL_AUTO
2026-06-18 14:58:48,1781794728,R_10,4856.465,-1,0.037000000000261934,BACKFILL_AUTO
2026-06-18 14:58:50,1781794730,R_10,4856.526,1,0.06099999999969441,BACKFILL_AUTO
2026-06-18 14:58:52,1781794732,R_10,4856.661,1,0.13500000000021828,BACKFILL_AUTO
2026-06-18 14:58:54,1781794734,R_10,4856.656,-1,0.005000000000109139,BACKFILL_AUTO
2026-06-18 14:58:56,1781794736,R_10,4856.714,1,0.057999999999992724,BACKFILL_AUTO
2026-06-18 14:58:58,1781794738,R_10,4856.914,1,0.1999999999998181,BACKFILL_AUTO
2026-06-18 14:59:00,1781794740,R_10,4856.707,-1,0.2069999999994252,BACKFILL_AUTO
2026-06-18 14:59:02,1781794742,R_10,4856.849,1,0.14199999999982538,BACKFILL_AUTO
2026-06-18 14:59:04,1781794744,R_10,4856.723,-1,0.12600000000020373,BACKFILL_AUTO
2026-06-18 14:59:06,1781794746,R_10,4856.78,1,0.056999999999789,BACKFILL_AUTO
2026-06-18 14:59:08,1781794748,R_10,4856.663,-1,0.11700000000018917,BACKFILL_AUTO
2026-06-18 14:59:10,1781794750,R_10,4856.825,1,0.16200000000026193,BACKFILL_AUTO
2026-06-18 14:59:12,1781794752,R_10,4856.998,1,0.17299999999977445,BACKFILL_AUTO
2026-06-18 14:59:14,1781794754,R_10,4856.987,-1,0.01099999999951251,BACKFILL_AUTO
2026-06-18 14:59:16,1781794756,R_10,4857.062,1,0.0749999999998181,BACKFILL_AUTO
2026-06-18 14:59:18,1781794758,R_10,4857.078,1,0.016000000000531145,BACKFILL_AUTO
2026-06-18 14:59:20,1781794760,R_10,4857.238,1,0.15999999999985448,BACKFILL_AUTO
2026-06-18 14:59:22,1781794762,R_10,4857.302,1,0.0639999999993961,BACKFILL_AUTO
2026-06-18 14:59:24,1781794764,R_10,4857.237,-1,0.06499999999959982,BACKFILL_AUTO
2026-06-18 14:59:26,1781794766,R_10,4857.187,-1,0.0500000000001819,BACKFILL_AUTO
2026-06-18 14:59:28,1781794768,R_10,4857.223,1,0.03600000000005821,BACKFILL_AUTO
2026-06-18 14:59:30,1781794770,R_10,4857.244,1,0.02099999999973079,BACKFILL_AUTO
2026-06-18 14:59:32,1781794772,R_10,4857.359,1,0.11500000000069122,BACKFILL_AUTO
2026-06-18 14:59:34,1781794774,R_10,4857.498,1,0.1389999999992142,BACKFILL_AUTO
2026-06-18 14:59:36,1781794776,R_10,4857.595,1,0.09700000000066211,BACKFILL_AUTO
2026-06-18 14:59:38,1781794778,R_10,4857.715,1,0.11999999999989086,BACKFILL_AUTO
2026-06-18 14:59:40,1781794780,R_10,4857.803,1,0.08799999999973807,BACKFILL_AUTO
2026-06-18 14:59:42,1781794782,R_10,4857.849,1,0.046000000000276486,BACKFILL_AUTO
2026-06-18 14:59:44,1781794784,R_10,4858.015,1,0.16600000000016735,BACKFILL_AUTO
2026-06-18 14:59:46,1781794786,R_10,4857.943,-1,0.07200000000011642,BACKFILL_AUTO
2026-06-18 14:59:48,1781794788,R_10,4857.847,-1,0.09600000000045839,BACKFILL_AUTO
2026-06-18 14:59:50,1781794790,R_10,4858.033,1,0.1860000000006039,BACKFILL_AUTO
2026-06-18 14:59:52,1781794792,R_10,4858.181,1,0.14799999999922875,BACKFILL_AUTO
2026-06-18 14:59:54,1781794794,R_10,4858.308,1,0.12700000000040745,BACKFILL_AUTO
2026-06-18 14:59:56,1781794796,R_10,4858.576,1,0.2680000000000291,BACKFILL_AUTO
2026-06-18 14:59:58,1781794798,R_10,4858.698,1,0.12200000000029831,BACKFILL_AUTO
2026-06-18 15:00:00,1781794800,R_10,4858.823,1,0.125,BACKFILL_AUTO
2026-06-18 15:00:02,1781794802,R_10,4858.816,-1,0.007000000000516593,BACKFILL_AUTO
2026-06-18 15:00:04,1781794804,R_10,4858.929,1,0.11300000000028376,BACKFILL_AUTO
2026-06-18 15:00:06,1781794806,R_10,4858.917,-1,0.011999999999716238,BACKFILL_AUTO
2026-06-18 15:00:08,1781794808,R_10,4859.015,1,0.09799999999995634,BACKFILL_AUTO
2026-06-18 15:00:10,1781794810,R_10,4858.906,-1,0.10900000000037835,BACKFILL_AUTO
2026-06-18 15:00:12,1781794812,R_10,4858.939,1,0.03300000000035652,BACKFILL_AUTO
2026-06-18 15:00:14,1781794814,R_10,4858.997,1,0.057999999999992724,BACKFILL_AUTO
2026-06-18 15:00:16,1781794816,R_10,4859.107,1,0.10999999999967258,BACKFILL_AUTO
2026-06-18 15:00:18,1781794818,R_10,4859.04,-1,0.06700000000000728,BACKFILL_AUTO
2026-06-18 15:00:20,1781794820,R_10,4859.077,1,0.037000000000261934,BACKFILL_AUTO
2026-06-18 15:00:22,1781794822,R_10,4859.014,-1,0.06300000000010186,BACKFILL_AUTO
2026-06-18 15:00:24,1781794824,R_10,4859.087,1,0.07300000000032014,BACKFILL_AUTO
2026-06-18 15:00:26,1781794826,R_10,4859.097,1,0.009999999999308784,BACKFILL_AUTO
2026-06-18 15:00:28,1781794828,R_10,4859.068,-1,0.028999999999541615,BACKFILL_AUTO
2026-06-18 15:00:30,1781794830,R_10,4859.372,1,0.3040000000000873,BACKFILL_AUTO
2026-06-18 15:00:32,1781794832,R_10,4859.352,-1,0.020000000000436557,BACKFILL_AUTO
2026-06-18 15:00:34,1781794834,R_10,4859.53,1,0.17799999999988358,BACKFILL_AUTO
2026-06-18 15:00:36,1781794836,R_10,4859.59,1,0.06000000000040018,BACKFILL_AUTO
2026-06-18 15:00:38,1781794838,R_10,4859.301,-1,0.2889999999997599,BACKFILL_AUTO
2026-06-18 15:00:40,1781794840,R_10,4859.26,-1,0.04100000000016735,BACKFILL_AUTO
2026-06-18 15:00:42,1781794842,R_10,4859.297,1,0.03699999999935244,BACKFILL_AUTO
2026-06-18 15:00:44,1781794844,R_10,4859.353,1,0.056000000000494765,BACKFILL_AUTO
2026-06-18 15:00:46,1781794846,R_10,4859.507,1,0.15399999999954161,BACKFILL_AUTO
2026-06-18 15:00:48,1781794848,R_10,4859.561,1,0.05400000000008731,BACKFILL_AUTO
2026-06-18 15:00:50,1781794850,R_10,4859.411,-1,0.1499999999996362,BACKFILL_AUTO
2026-06-18 15:00:52,1781794852,R_10,4859.385,-1,0.02599999999983993,BACKFILL_AUTO
2026-06-18 15:00:54,1781794854,R_10,4859.465,1,0.07999999999992724,BACKFILL_AUTO
2026-06-18 15:00:56,1781794856,R_10,4859.478,1,0.012999999999919964,BACKFILL_AUTO
2026-06-18 15:00:58,1781794858,R_10,4859.694,1,0.21600000000034925,BACKFILL_AUTO
2026-06-18 15:01:00,1781794860,R_10,4859.729,1,0.03499999999985448,BACKFILL_AUTO
2026-06-18 15:01:02,1781794862,R_10,4859.644,-1,0.08500000000003638,BACKFILL_AUTO
2026-06-18 15:01:04,1781794864,R_10,4859.597,-1,0.04700000000048021,BACKFILL_AUTO
2026-06-18 15:01:06,1781794866,R_10,4859.431,-1,0.16600000000016735,BACKFILL_AUTO
2026-06-18 15:01:08,1781794868,R_10,4859.518,1,0.08700000000044383,BACKFILL_AUTO
2026-06-18 15:01:10,1781794870,R_10,4859.531,1,0.012999999999919964,BACKFILL_AUTO
2026-06-18 15:01:12,1781794872,R_10,4859.664,1,0.13299999999981083,BACKFILL_AUTO
2026-06-18 15:01:14,1781794874,R_10,4859.872,1,0.20800000000053842,BACKFILL_AUTO
2026-06-18 15:01:16,1781794876,R_10,4859.709,-1,0.16300000000046566,BACKFILL_AUTO
2026-06-18 15:01:18,1781794878,R_10,4859.45,-1,0.25900000000001455,BACKFILL_AUTO
2026-06-18 15:01:20,1781794880,R_10,4859.487,1,0.037000000000261934,BACKFILL_AUTO
2026-06-18 15:01:22,1781794882,R_10,4859.542,1,0.05500000000029104,BACKFILL_AUTO
2026-06-18 15:01:24,1781794884,R_10,4859.859,1,0.3170000000000073,BACKFILL_AUTO
2026-06-18 15:01:26,1781794886,R_10,4859.765,-1,0.09400000000005093,BACKFILL_AUTO
2026-06-18 15:01:28,1781794888,R_10,4859.715,-1,0.0500000000001819,BACKFILL_AUTO
2026-06-18 15:01:30,1781794890,R_10,4859.702,-1,0.012999999999919964,BACKFILL_AUTO
2026-06-18 15:01:32,1781794892,R_10,4859.613,-1,0.08899999999994179,BACKFILL_AUTO
2026-06-18 15:01:34,1781794894,R_10,4859.641,1,0.027999999999337888,BACKFILL_AUTO
2026-06-18 15:01:36,1781794896,R_10,4859.641,0,0.0,BACKFILL_AUTO
2026-06-18 15:01:38,1781794898,R_10,4859.544,-1,0.09699999999975262,BACKFILL_AUTO
2026-06-18 15:01:40,1781794900,R_10,4859.606,1,0.06199999999989814,BACKFILL_AUTO
2026-06-18 15:01:42,1781794902,R_10,4859.544,-1,0.06199999999989814,BACKFILL_AUTO
2026-06-18 15:01:44,1781794904,R_10,4859.433,-1,0.11099999999987631,BACKFILL_AUTO
2026-06-18 15:01:46,1781794906,R_10,4859.415,-1,0.018000000000029104,BACKFILL_AUTO
2026-06-18 15:01:48,1781794908,R_10,4859.262,-1,0.15300000000024738,BACKFILL_AUTO
2026-06-18 15:01:50,1781794910,R_10,4859.187,-1,0.0749999999998181,BACKFILL_AUTO
2026-06-18 15:01:52,1781794912,R_10,4859.145,-1,0.04199999999946158,BACKFILL_AUTO
2026-06-18 15:01:54,1781794914,R_10,4859.062,-1,0.08300000000053842,BACKFILL_AUTO
2026-06-18 15:01:56,1781794916,R_10,4859.154,1,0.09200000000055297,BACKFILL_AUTO
2026-06-18 15:01:58,1781794918,R_10,4859.206,1,0.05199999999967986,BACKFILL_AUTO
2026-06-18 15:02:00,1781794920,R_10,4859.102,-1,0.10400000000026921,BACKFILL_AUTO
2026-06-18 15:02:02,1781794922,R_10,4859.131,1,0.02900000000045111,BACKFILL_AUTO
2026-06-18 15:02:04,1781794924,R_10,4859.154,1,0.023000000000138243,BACKFILL_AUTO
2026-06-18 15:02:06,1781794926,R_10,4859.256,1,0.10199999999986176,BACKFILL_AUTO
2026-06-18 15:02:08,1781794928,R_10,4859.224,-1,0.032000000000152795,BACKFILL_AUTO
2026-06-18 15:02:10,1781794930,R_10,4859.074,-1,0.1500000000005457,BACKFILL_AUTO
2026-06-18 15:02:12,1781794932,R_10,4859.027,-1,0.04699999999957072,BACKFILL_AUTO
2026-06-18 15:02:14,1781794934,R_10,4858.933,-1,0.09400000000005093,BACKFILL_AUTO
2026-06-18 15:02:16,1781794936,R_10,4858.907,-1,0.02599999999983993,BACKFILL_AUTO
2026-06-18 15:02:18,1781794938,R_10,4858.833,-1,0.07400000000052387,BACKFILL_AUTO
2026-06-18 15:02:20,1781794940,R_10,4858.75,-1,0.08299999999962893,BACKFILL_AUTO
2026-06-18 15:02:22,1781794942,R_10,4858.633,-1,0.11700000000018917,BACKFILL_AUTO
2026-06-18 15:02:24,1781794944,R_10,4858.589,-1,0.04399999999986903,BACKFILL_AUTO
2026-06-18 15:02:26,1781794946,R_10,4858.614,1,0.024999999999636202,BACKFILL_AUTO
2026-06-18 15:02:28,1781794948,R_10,4858.599,-1,0.014999999999417923,BACKFILL_AUTO
2026-06-18 15:02:30,1781794950,R_10,4858.349,-1,0.25,BACKFILL_AUTO
2026-06-18 15:02:32,1781794952,R_10,4858.164,-1,0.18500000000040018,BACKFILL_AUTO
2026-06-18 15:02:34,1781794954,R_10,4858.305,1,0.14100000000053114,BACKFILL_AUTO
2026-06-18 15:02:36,1781794956,R_10,4858.264,-1,0.04100000000016735,BACKFILL_AUTO
2026-06-18 15:02:38,1781794958,R_10,4858.217,-1,0.04700000000048021,BACKFILL_AUTO
2026-06-18 15:02:40,1781794960,R_10,4858.209,-1,0.007999999999810825,BACKFILL_AUTO
2026-06-18 15:02:42,1781794962,R_10,4858.263,1,0.05400000000008731,BACKFILL_AUTO
2026-06-18 15:02:44,1781794964,R_10,4858.211,-1,0.05199999999967986,BACKFILL_AUTO
2026-06-18 15:02:46,1781794966,R_10,4858.261,1,0.0500000000001819,BACKFILL_AUTO
2026-06-18 15:02:48,1781794968,R_10,4858.364,1,0.10299999999915599,BACKFILL_AUTO
2026-06-18 15:02:50,1781794970,R_10,4858.385,1,0.021000000000640284,BACKFILL_AUTO
2026-06-18 15:02:52,1781794972,R_10,4858.476,1,0.09099999999943975,BACKFILL_AUTO
2026-06-18 15:02:54,1781794974,R_10,4858.511,1,0.035000000000763976,BACKFILL_AUTO
2026-06-18 15:02:56,1781794976,R_10,4858.54,1,0.028999999999541615,BACKFILL_AUTO
2026-06-18 15:02:58,1781794978,R_10,4858.699,1,0.15899999999965075,BACKFILL_AUTO
2026-06-18 15:03:00,1781794980,R_10,4858.846,1,0.14699999999993452,BACKFILL_AUTO
2026-06-18 15:03:02,1781794982,R_10,4858.728,-1,0.11799999999948341,BACKFILL_AUTO
2026-06-18 15:03:04,1781794984,R_10,4858.771,1,0.042999999999665306,BACKFILL_AUTO
2026-06-18 15:03:06,1781794986,R_10,4858.753,-1,0.018000000000029104,BACKFILL_AUTO
2026-06-18 15:03:08,1781794988,R_10,4858.692,-1,0.06099999999969441,BACKFILL_AUTO
2026-06-18 15:03:10,1781794990,R_10,4858.735,1,0.042999999999665306,BACKFILL_AUTO
2026-06-18 15:03:12,1781794992,R_10,4858.766,1,0.03099999999994907,BACKFILL_AUTO
2026-06-18 15:03:14,1781794994,R_10,4858.801,1,0.035000000000763976,BACKFILL_AUTO
2026-06-18 15:03:16,1781794996,R_10,4858.843,1,0.04199999999946158,BACKFILL_AUTO
2026-06-18 15:03:18,1781794998,R_10,4858.834,-1,0.009000000000014552,BACKFILL_AUTO
2026-06-18 15:03:20,1781795000,R_10,4858.901,1,0.06700000000000728,BACKFILL_AUTO
2026-06-18 15:03:22,1781795002,R_10,4858.793,-1,0.10800000000017462,BACKFILL_AUTO
2026-06-18 15:03:24,1781795004,R_10,4858.831,1,0.03800000000046566,BACKFILL_AUTO
2026-06-18 15:03:26,1781795006,R_10,4858.732,-1,0.09900000000016007,BACKFILL_AUTO
2026-06-18 15:03:28,1781795008,R_10,4858.864,1,0.1319999999996071,BACKFILL_AUTO
2026-06-18 15:03:30,1781795010,R_10,4858.724,-1,0.13999999999941792,BACKFILL_AUTO
2026-06-18 15:03:32,1781795012,R_10,4858.652,-1,0.07200000000011642,BACKFILL_AUTO
2026-06-18 15:03:34,1781795014,R_10,4858.608,-1,0.04399999999986903,BACKFILL_AUTO
2026-06-18 15:03:36,1781795016,R_10,4858.67,1,0.06199999999989814,BACKFILL_AUTO
2026-06-18 15:03:38,1781795018,R_10,4858.828,1,0.15800000000035652,BACKFILL_AUTO
2026-06-18 15:03:40,1781795020,R_10,4858.771,-1,0.05700000000069849,BACKFILL_AUTO
2026-06-18 15:03:42,1781795022,R_10,4858.718,-1,0.052999999999883585,BACKFILL_AUTO
2026-06-18 15:03:44,1781795024,R_10,4858.509,-1,0.20899999999983265,BACKFILL_AUTO
2026-06-18 15:03:46,1781795026,R_10,4858.579,1,0.06999999999970896,BACKFILL_AUTO
2026-06-18 15:03:48,1781795028,R_10,4858.587,1,0.00800000000072032,BACKFILL_AUTO
2026-06-18 15:03:50,1781795030,R_10,4858.699,1,0.11199999999917054,BACKFILL_AUTO
2026-06-18 15:03:52,1781795032,R_10,4858.761,1,0.06200000000080763,BACKFILL_AUTO
2026-06-18 15:03:54,1781795034,R_10,4858.869,1,0.10799999999926513,BACKFILL_AUTO
2026-06-18 15:03:56,1781795036,R_10,4858.919,1,0.0500000000001819,BACKFILL_AUTO
2026-06-18 15:03:58,1781795038,R_10,4858.792,-1,0.12699999999949796,BACKFILL_AUTO
2026-06-18 15:04:00,1781795040,R_10,4858.804,1,0.011999999999716238,BACKFILL_AUTO
2026-06-18 15:04:02,1781795042,R_10,4858.797,-1,0.007000000000516593,BACKFILL_AUTO
2026-06-18 15:04:04,1781795044,R_10,4858.574,-1,0.22299999999995634,BACKFILL_AUTO
2026-06-18 15:04:06,1781795046,R_10,4858.593,1,0.01900000000023283,BACKFILL_AUTO
2026-06-18 15:04:08,1781795048,R_10,4858.526,-1,0.06700000000000728,BACKFILL_AUTO
2026-06-18 15:04:10,1781795050,R_10,4858.739,1,0.21299999999973807,BACKFILL_AUTO
2026-06-18 15:04:12,1781795052,R_10,4858.849,1,0.11000000000058208,BACKFILL_AUTO
2026-06-18 15:04:14,1781795054,R_10,4858.587,-1,0.26199999999971624,BACKFILL_AUTO
2026-06-18 15:04:16,1781795056,R_10,4858.28,-1,0.3070000000006985,BACKFILL_AUTO
2026-06-18 15:04:18,1781795058,R_10,4858.173,-1,0.1069999999999709,BACKFILL_AUTO
2026-06-18 15:04:20,1781795060,R_10,4857.963,-1,0.21000000000003638,BACKFILL_AUTO
2026-06-18 15:04:22,1781795062,R_10,4858.076,1,0.11300000000028376,BACKFILL_AUTO
2026-06-18 15:04:24,1781795064,R_10,4857.781,-1,0.29500000000007276,BACKFILL_AUTO
2026-06-18 15:04:26,1781795066,R_10,4857.81,1,0.02900000000045111,BACKFILL_AUTO
2026-06-18 15:04:28,1781795068,R_10,4857.809,-1,0.0010000000002037268,BACKFILL_AUTO
2026-06-18 15:04:30,1781795070,R_10,4857.765,-1,0.04399999999986903,BACKFILL_AUTO
2026-06-18 15:04:32,1781795072,R_10,4858.015,1,0.25,BACKFILL_AUTO
2026-06-18 15:04:34,1781795074,R_10,4857.801,-1,0.2139999999999418,BACKFILL_AUTO
2026-06-18 15:04:36,1781795076,R_10,4857.866,1,0.06499999999959982,BACKFILL_AUTO
2026-06-18 15:04:38,1781795078,R_10,4857.757,-1,0.10900000000037835,BACKFILL_AUTO
2026-06-18 15:04:40,1781795080,R_10,4857.913,1,0.15599999999994907,BACKFILL_AUTO
2026-06-18 15:04:42,1781795082,R_10,4857.973,1,0.06000000000040018,BACKFILL_AUTO
2026-06-18 15:04:44,1781795084,R_10,4858.018,1,0.04500000000007276,BACKFILL_AUTO
2026-06-18 15:04:46,1781795086,R_10,4858.162,1,0.14400000000023283,BACKFILL_AUTO
2026-06-18 15:04:48,1781795088,R_10,4858.192,1,0.02999999999974534,BACKFILL_AUTO
2026-06-18 15:04:50,1781795090,R_10,4858.034,-1,0.15800000000035652,BACKFILL_AUTO
2026-06-18 15:04:52,1781795092,R_10,4858.148,1,0.11400000000048749,BACKFILL_AUTO
2026-06-18 15:04:54,1781795094,R_10,4858.139,-1,0.009000000000014552,BACKFILL_AUTO
2026-06-18 15:04:56,1781795096,R_10,4858.006,-1,0.13299999999981083,BACKFILL_AUTO
2026-06-18 15:04:58,1781795098,R_10,4857.943,-1,0.06300000000010186,BACKFILL_AUTO
2026-06-18 15:05:00,1781795100,R_10,4858.075,1,0.1319999999996071,BACKFILL_AUTO
2026-06-18 15:05:02,1781795102,R_10,4857.981,-1,0.09400000000005093,BACKFILL_AUTO
2026-06-18 15:05:04,1781795104,R_10,4858.153,1,0.1720000000004802,BACKFILL_AUTO
2026-06-18 15:05:06,1781795106,R_10,4858.074,-1,0.07900000000063301,BACKFILL_AUTO
2026-06-18 15:05:08,1781795108,R_10,4858.112,1,0.03800000000046566,BACKFILL_AUTO
2026-06-18 15:05:10,1781795110,R_10,4858.2,1,0.08799999999973807,BACKFILL_AUTO
2026-06-18 15:05:12,1781795112,R_10,4858.072,-1,0.12799999999970169,BACKFILL_AUTO
2026-06-18 15:05:14,1781795114,R_10,4858.028,-1,0.04399999999986903,BACKFILL_AUTO
2026-06-18 15:05:16,1781795116,R_10,4857.994,-1,0.03400000000056025,BACKFILL_AUTO
2026-06-18 15:05:18,1781795118,R_10,4857.945,-1,0.04899999999997817,BACKFILL_AUTO
2026-06-18 15:05:20,1781795120,R_10,4857.949,1,0.0039999999999054126,BACKFILL_AUTO
2026-06-18 15:05:22,1781795122,R_10,4857.711,-1,0.23799999999937427,BACKFILL_AUTO
2026-06-18 15:05:24,1781795124,R_10,4857.543,-1,0.1680000000005748,BACKFILL_AUTO
2026-06-18 15:05:26,1781795126,R_10,4857.47,-1,0.07299999999941065,BACKFILL_AUTO
2026-06-18 15:05:28,1781795128,R_10,4857.407,-1,0.06300000000010186,BACKFILL_AUTO
2026-06-18 15:05:30,1781795130,R_10,4857.404,-1,0.0029999999997016857,BACKFILL_AUTO
2026-06-18 15:05:32,1781795132,R_10,4857.359,-1,0.04500000000007276,BACKFILL_AUTO
2026-06-18 15:05:34,1781795134,R_10,4857.215,-1,0.14400000000023283,BACKFILL_AUTO
2026-06-18 15:05:36,1781795136,R_10,4856.864,-1,0.3510000000005675,BACKFILL_AUTO
2026-06-18 15:05:38,1781795138,R_10,4856.883,1,0.01900000000023283,BACKFILL_AUTO
2026-06-18 15:05:40,1781795140,R_10,4856.862,-1,0.02099999999973079,BACKFILL_AUTO
2026-06-18 15:05:42,1781795142,R_10,4856.648,-1,0.2139999999999418,BACKFILL_AUTO
2026-06-18 15:05:44,1781795144,R_10,4856.497,-1,0.15099999999983993,BACKFILL_AUTO
2026-06-18 15:05:46,1781795146,R_10,4856.729,1,0.2319999999999709,BACKFILL_AUTO
2026-06-18 15:05:48,1781795148,R_10,4856.586,-1,0.1430000000000291,BACKFILL_AUTO
2026-06-18 15:05:50,1781795150,R_10,4856.566,-1,0.020000000000436557,BACKFILL_AUTO
2026-06-18 15:05:52,1781795152,R_10,4856.451,-1,0.11499999999978172,BACKFILL_AUTO
2026-06-18 15:05:54,1781795154,R_10,4856.521,1,0.06999999999970896,BACKFILL_AUTO
2026-06-18 15:05:56,1781795156,R_10,4856.572,1,0.051000000000385626,BACKFILL_AUTO
2026-06-18 15:05:58,1781795158,R_10,4856.483,-1,0.08899999999994179,BACKFILL_AUTO
2026-06-18 15:06:00,1781795160,R_10,4856.353,-1,0.13000000000010914,BACKFILL_AUTO
2026-06-18 15:06:02,1781795162,R_10,4856.35,-1,0.0029999999997016857,BACKFILL_AUTO
2026-06-18 15:06:04,1781795164,R_10,4856.435,1,0.08500000000003638,BACKFILL_AUTO
2026-06-18 15:06:06,1781795166,R_10,4856.499,1,0.0639999999993961,BACKFILL_AUTO
2026-06-18 15:06:08,1781795168,R_10,4856.517,1,0.018000000000029104,BACKFILL_AUTO
2026-06-18 15:06:10,1781795170,R_10,4856.767,1,0.25,BACKFILL_AUTO
2026-06-18 15:06:12,1781795172,R_10,4856.804,1,0.037000000000261934,BACKFILL_AUTO
2026-06-18 15:06:14,1781795174,R_10,4857.025,1,0.2209999999995489,BACKFILL_AUTO
2026-06-18 15:06:16,1781795176,R_10,4857.055,1,0.030000000000654836,BACKFILL_AUTO
2026-06-18 15:06:18,1781795178,R_10,4857.051,-1,0.0039999999999054126,BACKFILL_AUTO
2026-06-18 15:06:20,1781795180,R_10,4857.055,1,0.0039999999999054126,BACKFILL_AUTO
2026-06-18 15:06:22,1781795182,R_10,4857.077,1,0.021999999999934516,BACKFILL_AUTO
2026-06-18 15:06:24,1781795184,R_10,4857.214,1,0.13699999999971624,BACKFILL_AUTO
2026-06-18 15:06:26,1781795186,R_10,4857.175,-1,0.03899999999975989,BACKFILL_AUTO
2026-06-18 15:06:28,1781795188,R_10,4857.247,1,0.07200000000011642,BACKFILL_AUTO
2026-06-18 15:06:30,1781795190,R_10,4857.254,1,0.006999999999607098,BACKFILL_AUTO
2026-06-18 15:06:32,1781795192,R_10,4857.224,-1,0.02999999999974534,BACKFILL_AUTO
2026-06-18 15:06:34,1781795194,R_10,4857.07,-1,0.1540000000004511,BACKFILL_AUTO
2026-06-18 15:06:36,1781795196,R_10,4857.011,-1,0.058999999999286956,BACKFILL_AUTO
2026-06-18 15:06:38,1781795198,R_10,4856.878,-1,0.13300000000072032,BACKFILL_AUTO
2026-06-18 15:06:40,1781795200,R_10,4856.844,-1,0.033999999999650754,BACKFILL_AUTO
2026-06-18 15:06:42,1781795202,R_10,4856.823,-1,0.02099999999973079,BACKFILL_AUTO
2026-06-18 15:06:44,1781795204,R_10,4856.675,-1,0.14800000000013824,BACKFILL_AUTO
2026-06-18 15:06:46,1781795206,R_10,4856.617,-1,0.057999999999992724,BACKFILL_AUTO
2026-06-18 15:06:48,1781795208,R_10,4856.508,-1,0.10900000000037835,BACKFILL_AUTO
2026-06-18 15:06:50,1781795210,R_10,4856.503,-1,0.005000000000109139,BACKFILL_AUTO
2026-06-18 15:06:52,1781795212,R_10,4856.335,-1,0.1679999999996653,BACKFILL_AUTO
2026-06-18 15:06:54,1781795214,R_10,4856.397,1,0.06199999999989814,BACKFILL_AUTO
2026-06-18 15:06:56,1781795216,R_10,4856.366,-1,0.03099999999994907,BACKFILL_AUTO
2026-06-18 15:06:58,1781795218,R_10,4856.368,1,0.0020000000004074536,BACKFILL_AUTO
2026-06-18 15:07:00,1781795220,R_10,4856.418,1,0.049999999999272404,BACKFILL_AUTO
2026-06-18 15:07:02,1781795222,R_10,4856.591,1,0.17300000000068394,BACKFILL_AUTO
2026-06-18 15:07:04,1781795224,R_10,4856.67,1,0.07899999999972351,BACKFILL_AUTO
2026-06-18 15:07:06,1781795226,R_10,4856.713,1,0.042999999999665306,BACKFILL_AUTO
2026-06-18 15:07:08,1781795228,R_10,4856.782,1,0.06900000000041473,BACKFILL_AUTO
2026-06-18 15:07:10,1781795230,R_10,4856.719,-1,0.06300000000010186,BACKFILL_AUTO
2026-06-18 15:07:12,1781795232,R_10,4856.547,-1,0.1720000000004802,BACKFILL_AUTO
2026-06-18 15:07:14,1781795234,R_10,4856.712,1,0.16500000000087311,BACKFILL_AUTO
2026-06-18 15:07:16,1781795236,R_10,4856.75,1,0.03799999999955617,BACKFILL_AUTO
2026-06-18 15:07:18,1781795238,R_10,4856.901,1,0.15099999999983993,BACKFILL_AUTO
2026-06-18 15:07:20,1781795240,R_10,4856.846,-1,0.05500000000029104,BACKFILL_AUTO
2026-06-18 15:07:22,1781795242,R_10,4856.853,1,0.007000000000516593,BACKFILL_AUTO
2026-06-18 15:07:24,1781795244,R_10,4856.659,-1,0.19400000000041473,BACKFILL_AUTO
2026-06-18 15:07:26,1781795246,R_10,4856.585,-1,0.07399999999961437,BACKFILL_AUTO
2026-06-18 15:07:28,1781795248,R_10,4856.608,1,0.023000000000138243,BACKFILL_AUTO
2026-06-18 15:07:30,1781795250,R_10,4856.378,-1,0.23000000000047294,BACKFILL_AUTO
2026-06-18 15:07:32,1781795252,R_10,4856.417,1,0.03900000000066939,BACKFILL_AUTO
2026-06-18 15:07:34,1781795254,R_10,4856.345,-1,0.07200000000011642,BACKFILL_AUTO
2026-06-18 15:07:36,1781795256,R_10,4856.458,1,0.11299999999937427,BACKFILL_AUTO
2026-06-18 15:07:38,1781795258,R_10,4856.5,1,0.042000000000371074,BACKFILL_AUTO
2026-06-18 15:07:40,1781795260,R_10,4856.551,1,0.051000000000385626,BACKFILL_AUTO
2026-06-18 15:07:42,1781795262,R_10,4856.513,-1,0.03800000000046566,BACKFILL_AUTO
2026-06-18 15:07:44,1781795264,R_10,4856.574,1,0.06099999999969441,BACKFILL_AUTO
2026-06-18 15:07:46,1781795266,R_10,4856.555,-1,0.018999999999323336,BACKFILL_AUTO
2026-06-18 15:07:48,1781795268,R_10,4856.451,-1,0.10400000000026921,BACKFILL_AUTO
2026-06-18 15:07:50,1781795270,R_10,4856.327,-1,0.12399999999979627,BACKFILL_AUTO
2026-06-18 15:07:52,1781795272,R_10,4856.329,1,0.001999999999497959,BACKFILL_AUTO
2026-06-18 15:07:54,1781795274,R_10,4856.247,-1,0.0819999999994252,BACKFILL_AUTO
2026-06-18 15:07:56,1781795276,R_10,4856.028,-1,0.21900000000005093,BACKFILL_AUTO
2026-06-18 15:07:58,1781795278,R_10,4855.801,-1,0.22699999999986176,BACKFILL_AUTO
2026-06-18 15:08:00,1781795280,R_10,4855.656,-1,0.14500000000043656,BACKFILL_AUTO
2026-06-18 15:08:02,1781795282,R_10,4855.648,-1,0.007999999999810825,BACKFILL_AUTO
2026-06-18 15:08:04,1781795284,R_10,4855.455,-1,0.193000000000211,BACKFILL_AUTO
2026-06-18 15:08:06,1781795286,R_10,4855.654,1,0.19900000000052387,BACKFILL_AUTO
2026-06-18 15:08:08,1781795288,R_10,4855.643,-1,0.011000000000422006,BACKFILL_AUTO
2026-06-18 15:08:10,1781795290,R_10,4855.831,1,0.18800000000010186,BACKFILL_AUTO
2026-06-18 15:08:12,1781795292,R_10,4855.674,-1,0.1570000000001528,BACKFILL_AUTO
2026-06-18 15:08:14,1781795294,R_10,4855.425,-1,0.24899999999979627,BACKFILL_AUTO
2026-06-18 15:08:16,1781795296,R_10,4855.307,-1,0.1180000000003929,BACKFILL_AUTO
2026-06-18 15:08:18,1781795298,R_10,4855.474,1,0.16700000000037107,BACKFILL_AUTO
2026-06-18 15:08:20,1781795300,R_10,4855.66,1,0.1859999999996944,BACKFILL_AUTO
2026-06-18 15:08:22,1781795302,R_10,4855.568,-1,0.09199999999964348,BACKFILL_AUTO
2026-06-18 15:08:24,1781795304,R_10,4855.651,1,0.08299999999962893,BACKFILL_AUTO
2026-06-18 15:08:26,1781795306,R_10,4855.491,-1,0.15999999999985448,BACKFILL_AUTO
2026-06-18 15:08:28,1781795308,R_10,4855.52,1,0.02900000000045111,BACKFILL_AUTO
2026-06-18 15:08:30,1781795310,R_10,4855.396,-1,0.12400000000070577,BACKFILL_AUTO
2026-06-18 15:08:32,1781795312,R_10,4855.349,-1,0.04699999999957072,BACKFILL_AUTO
2026-06-18 15:08:34,1781795314,R_10,4855.343,-1,0.006000000000312866,BACKFILL_AUTO
2026-06-18 15:08:36,1781795316,R_10,4855.356,1,0.012999999999919964,BACKFILL_AUTO
2026-06-18 15:08:38,1781795318,R_10,4855.414,1,0.057999999999992724,BACKFILL_AUTO
2026-06-18 15:08:40,1781795320,R_10,4855.477,1,0.06300000000010186,BACKFILL_AUTO
2026-06-18 15:08:42,1781795322,R_10,4855.424,-1,0.052999999999883585,BACKFILL_AUTO
2026-06-18 15:08:44,1781795324,R_10,4855.384,-1,0.03999999999996362,BACKFILL_AUTO
2026-06-18 15:08:46,1781795326,R_10,4855.349,-1,0.03499999999985448,BACKFILL_AUTO
2026-06-18 15:08:48,1781795328,R_10,4855.193,-1,0.15599999999994907,BACKFILL_AUTO
2026-06-18 15:08:50,1781795330,R_10,4855.46,1,0.2669999999998254,BACKFILL_AUTO
2026-06-18 15:08:52,1781795332,R_10,4855.511,1,0.051000000000385626,BACKFILL_AUTO
2026-06-18 15:08:54,1781795334,R_10,4855.5,-1,0.011000000000422006,BACKFILL_AUTO
2026-06-18 15:08:56,1781795336,R_10,4855.601,1,0.10099999999965803,BACKFILL_AUTO
2026-06-18 15:08:58,1781795338,R_10,4855.636,1,0.035000000000763976,BACKFILL_AUTO
2026-06-18 15:09:00,1781795340,R_10,4855.776,1,0.13999999999941792,BACKFILL_AUTO
2026-06-18 15:09:02,1781795342,R_10,4855.807,1,0.03099999999994907,BACKFILL_AUTO
2026-06-18 15:09:04,1781795344,R_10,4855.75,-1,0.056999999999789,BACKFILL_AUTO
2026-06-18 15:09:06,1781795346,R_10,4855.752,1,0.0020000000004074536,BACKFILL_AUTO
2026-06-18 15:09:08,1781795348,R_10,4855.7,-1,0.05200000000058935,BACKFILL_AUTO
2026-06-18 15:09:10,1781795350,R_10,4855.71,1,0.010000000000218279,BACKFILL_AUTO
2026-06-18 15:09:12,1781795352,R_10,4855.628,-1,0.0820000000003347,BACKFILL_AUTO
2026-06-18 15:09:14,1781795354,R_10,4855.653,1,0.025000000000545697,BACKFILL_AUTO
2026-06-18 15:09:16,1781795356,R_10,4855.668,1,0.014999999999417923,BACKFILL_AUTO
2026-06-18 15:09:18,1781795358,R_10,4855.946,1,0.2780000000002474,BACKFILL_AUTO
2026-06-18 15:09:20,1781795360,R_10,4856.034,1,0.08799999999973807,BACKFILL_AUTO
2026-06-18 15:09:22,1781795362,R_10,4856.12,1,0.0860000000002401,BACKFILL_AUTO
2026-06-18 15:09:24,1781795364,R_10,4856.197,1,0.07700000000022555,BACKFILL_AUTO
2026-06-18 15:09:26,1781795366,R_10,4855.932,-1,0.2650000000003274,BACKFILL_AUTO
2026-06-18 15:09:28,1781795368,R_10,4855.967,1,0.03499999999985448,BACKFILL_AUTO
2026-06-18 15:09:30,1781795370,R_10,4855.872,-1,0.09499999999934516,BACKFILL_AUTO
2026-06-18 15:09:32,1781795372,R_10,4855.714,-1,0.15800000000035652,BACKFILL_AUTO
2026-06-18 15:09:34,1781795374,R_10,4855.596,-1,0.1180000000003929,BACKFILL_AUTO
2026-06-18 15:09:36,1781795376,R_10,4855.445,-1,0.15099999999983993,BACKFILL_AUTO
2026-06-18 15:09:38,1781795378,R_10,4855.532,1,0.08700000000044383,BACKFILL_AUTO
2026-06-18 15:09:40,1781795380,R_10,4855.437,-1,0.09500000000025466,BACKFILL_AUTO
2026-06-18 15:09:42,1781795382,R_10,4855.3,-1,0.13699999999971624,BACKFILL_AUTO
2026-06-18 15:09:44,1781795384,R_10,4855.252,-1,0.047999999999774445,BACKFILL_AUTO
2026-06-18 15:09:46,1781795386,R_10,4855.27,1,0.018000000000029104,BACKFILL_AUTO
2026-06-18 15:09:48,1781795388,R_10,4855.209,-1,0.061000000000603904,BACKFILL_AUTO
2026-06-18 15:09:50,1781795390,R_10,4855.139,-1,0.06999999999970896,BACKFILL_AUTO
2026-06-18 15:09:52,1781795392,R_10,4854.954,-1,0.18500000000040018,BACKFILL_AUTO
2026-06-18 15:09:54,1781795394,R_10,4854.789,-1,0.16499999999996362,BACKFILL_AUTO
2026-06-18 15:09:56,1781795396,R_10,4854.759,-1,0.02999999999974534,BACKFILL_AUTO
2026-06-18 15:09:58,1781795398,R_10,4854.947,1,0.18800000000010186,BACKFILL_AUTO
2026-06-18 15:10:00,1781795400,R_10,4854.788,-1,0.15900000000056025,BACKFILL_AUTO
2026-06-18 15:10:02,1781795402,R_10,4854.76,-1,0.027999999999337888,BACKFILL_AUTO
2026-06-18 15:10:04,1781795404,R_10,4854.763,1,0.0029999999997016857,BACKFILL_AUTO
2026-06-18 15:10:06,1781795406,R_10,4854.775,1,0.011999999999716238,BACKFILL_AUTO
2026-06-18 15:10:08,1781795408,R_10,4854.679,-1,0.09599999999954889,BACKFILL_AUTO
2026-06-18 15:10:10,1781795410,R_10,4854.612,-1,0.06700000000000728,BACKFILL_AUTO
2026-06-18 15:10:12,1781795412,R_10,4854.71,1,0.09799999999995634,BACKFILL_AUTO
2026-06-18 15:10:14,1781795414,R_10,4854.532,-1,0.17799999999988358,BACKFILL_AUTO
2026-06-18 15:10:16,1781795416,R_10,4854.368,-1,0.1639999999997599,BACKFILL_AUTO
2026-06-18 15:10:18,1781795418,R_10,4854.295,-1,0.07300000000032014,BACKFILL_AUTO
2026-06-18 15:10:20,1781795420,R_10,4854.328,1,0.03300000000035652,BACKFILL_AUTO
2026-06-18 15:10:22,1781795422,R_10,4854.247,-1,0.08100000000013097,BACKFILL_AUTO
2026-06-18 15:10:24,1781795424,R_10,4854.126,-1,0.12100000000009459,BACKFILL_AUTO
2026-06-18 15:10:26,1781795426,R_10,4854.1,-1,0.02599999999983993,BACKFILL_AUTO
2026-06-18 15:10:28,1781795428,R_10,4854.147,1,0.04699999999957072,BACKFILL_AUTO
2026-06-18 15:10:30,1781795430,R_10,4854.224,1,0.07700000000022555,BACKFILL_AUTO
2026-06-18 15:10:32,1781795432,R_10,4854.161,-1,0.06300000000010186,BACKFILL_AUTO
2026-06-18 15:10:34,1781795434,R_10,4854.367,1,0.20600000000013097,BACKFILL_AUTO
2026-06-18 15:10:36,1781795436,R_10,4854.657,1,0.2899999999999636,BACKFILL_AUTO
2026-06-18 15:10:38,1781795438,R_10,4854.662,1,0.005000000000109139,BACKFILL_AUTO
2026-06-18 15:10:40,1781795440,R_10,4854.721,1,0.058999999999286956,BACKFILL_AUTO
2026-06-18 15:10:42,1781795442,R_10,4854.894,1,0.17300000000068394,BACKFILL_AUTO
2026-06-18 15:10:44,1781795444,R_10,4854.788,-1,0.10600000000067666,BACKFILL_AUTO
2026-06-18 15:10:46,1781795446,R_10,4855.0,1,0.21200000000044383,BACKFILL_AUTO
2026-06-18 15:10:48,1781795448,R_10,4855.072,1,0.07200000000011642,BACKFILL_AUTO
2026-06-18 15:10:50,1781795450,R_10,4855.037,-1,0.03499999999985448,BACKFILL_AUTO
2026-06-18 15:10:52,1781795452,R_10,4855.101,1,0.0639999999993961,BACKFILL_AUTO
2026-06-18 15:10:54,1781795454,R_10,4854.963,-1,0.13799999999991996,BACKFILL_AUTO
2026-06-18 15:10:56,1781795456,R_10,4855.129,1,0.16600000000016735,BACKFILL_AUTO
2026-06-18 15:10:58,1781795458,R_10,4855.101,-1,0.028000000000247383,BACKFILL_AUTO
2026-06-18 15:11:00,1781795460,R_10,4854.879,-1,0.22199999999975262,BACKFILL_AUTO
2026-06-18 15:11:02,1781795462,R_10,4855.02,1,0.14100000000053114,BACKFILL_AUTO
2026-06-18 15:11:04,1781795464,R_10,4854.936,-1,0.08400000000074215,BACKFILL_AUTO
2026-06-18 15:11:06,1781795466,R_10,4854.907,-1,0.028999999999541615,BACKFILL_AUTO
2026-06-18 15:11:08,1781795468,R_10,4854.89,-1,0.016999999999825377,BACKFILL_AUTO
2026-06-18 15:11:10,1781795470,R_10,4855.064,1,0.17399999999997817,BACKFILL_AUTO
2026-06-18 15:11:12,1781795472,R_10,4854.962,-1,0.10199999999986176,BACKFILL_AUTO
2026-06-18 15:11:14,1781795474,R_10,4855.306,1,0.34399999999914144,BACKFILL_AUTO
2026-06-18 15:11:16,1781795476,R_10,4855.508,1,0.20200000000022555,BACKFILL_AUTO
2026-06-18 15:11:18,1781795478,R_10,4855.534,1,0.02599999999983993,BACKFILL_AUTO
2026-06-18 15:11:20,1781795480,R_10,4855.591,1,0.05700000000069849,BACKFILL_AUTO
2026-06-18 15:11:22,1781795482,R_10,4855.548,-1,0.0430000000005748,BACKFILL_AUTO
2026-06-18 15:11:24,1781795484,R_10,4855.471,-1,0.07700000000022555,BACKFILL_AUTO
2026-06-18 15:11:26,1781795486,R_10,4855.571,1,0.1000000000003638,BACKFILL_AUTO
2026-06-18 15:11:28,1781795488,R_10,4855.495,-1,0.07600000000002183,BACKFILL_AUTO
2026-06-18 15:11:30,1781795490,R_10,4855.329,-1,0.16600000000016735,BACKFILL_AUTO
2026-06-18 15:11:32,1781795492,R_10,4855.381,1,0.05200000000058935,BACKFILL_AUTO
2026-06-18 15:11:34,1781795494,R_10,4855.297,-1,0.08400000000074215,BACKFILL_AUTO
2026-06-18 15:11:36,1781795496,R_10,4855.336,1,0.03900000000066939,BACKFILL_AUTO
2026-06-18 15:11:38,1781795498,R_10,4855.167,-1,0.16899999999986903,BACKFILL_AUTO
2026-06-18 15:11:40,1781795500,R_10,4855.022,-1,0.14500000000043656,BACKFILL_AUTO
2026-06-18 15:11:42,1781795502,R_10,4854.896,-1,0.12600000000020373,BACKFILL_AUTO
2026-06-18 15:11:44,1781795504,R_10,4854.732,-1,0.1639999999997599,BACKFILL_AUTO
2026-06-18 15:11:46,1781795506,R_10,4854.794,1,0.06199999999989814,BACKFILL_AUTO
2026-06-18 15:11:48,1781795508,R_10,4854.818,1,0.02400000000034197,BACKFILL_AUTO
2026-06-18 15:11:50,1781795510,R_10,4854.942,1,0.12399999999979627,BACKFILL_AUTO
2026-06-18 15:11:52,1781795512,R_10,4854.915,-1,0.027000000000043656,BACKFILL_AUTO
2026-06-18 15:11:54,1781795514,R_10,4855.056,1,0.14099999999962165,BACKFILL_AUTO
2026-06-18 15:11:56,1781795516,R_10,4855.016,-1,0.03999999999996362,BACKFILL_AUTO
2026-06-18 15:11:58,1781795518,R_10,4854.812,-1,0.2039999999997235,BACKFILL_AUTO
2026-06-18 15:12:00,1781795520,R_10,4854.838,1,0.02599999999983993,BACKFILL_AUTO
2026-06-18 15:12:02,1781795522,R_10,4854.736,-1,0.10199999999986176,BACKFILL_AUTO
2026-06-18 15:12:04,1781795524,R_10,4854.618,-1,0.11799999999948341,BACKFILL_AUTO
2026-06-18 15:12:06,1781795526,R_10,4854.797,1,0.17899999999917782,BACKFILL_AUTO
2026-06-18 15:12:08,1781795528,R_10,4854.837,1,0.040000000000873115,BACKFILL_AUTO
2026-06-18 15:12:10,1781795530,R_10,4854.809,-1,0.028000000000247383,BACKFILL_AUTO
2026-06-18 15:12:12,1781795532,R_10,4854.563,-1,0.2460000000000946,BACKFILL_AUTO
2026-06-18 15:12:14,1781795534,R_10,4854.422,-1,0.14100000000053114,BACKFILL_AUTO
2026-06-18 15:12:16,1781795536,R_10,4854.786,1,0.3640000000004875,BACKFILL_AUTO
2026-06-18 15:12:18,1781795538,R_10,4854.501,-1,0.2849999999998545,BACKFILL_AUTO
2026-06-18 15:12:20,1781795540,R_10,4854.519,1,0.018000000000029104,BACKFILL_AUTO
2026-06-18 15:12:22,1781795542,R_10,4854.305,-1,0.2139999999999418,BACKFILL_AUTO
2026-06-18 15:12:24,1781795544,R_10,4854.294,-1,0.011000000000422006,BACKFILL_AUTO
2026-06-18 15:12:26,1781795546,R_10,4854.186,-1,0.10800000000017462,BACKFILL_AUTO
2026-06-18 15:12:28,1781795548,R_10,4854.192,1,0.006000000000312866,BACKFILL_AUTO
2026-06-18 15:12:30,1781795550,R_10,4854.123,-1,0.06900000000041473,BACKFILL_AUTO
2026-06-18 15:12:32,1781795552,R_10,4854.275,1,0.15200000000004366,BACKFILL_AUTO
2026-06-18 15:12:34,1781795554,R_10,4854.148,-1,0.12699999999949796,BACKFILL_AUTO
2026-06-18 15:12:36,1781795556,R_10,4854.43,1,0.2820000000001528,BACKFILL_AUTO
2026-06-18 15:12:38,1781795558,R_10,4854.409,-1,0.021000000000640284,BACKFILL_AUTO
2026-06-18 15:12:40,1781795560,R_10,4854.476,1,0.06700000000000728,BACKFILL_AUTO
2026-06-18 15:12:42,1781795562,R_10,4854.414,-1,0.06199999999989814,BACKFILL_AUTO
2026-06-18 15:12:44,1781795564,R_10,4854.778,1,0.3640000000004875,BACKFILL_AUTO
2026-06-18 15:12:46,1781795566,R_10,4854.645,-1,0.13299999999981083,BACKFILL_AUTO
2026-06-18 15:12:48,1781795568,R_10,4854.617,-1,0.028000000000247383,BACKFILL_AUTO
2026-06-18 15:12:50,1781795570,R_10,4854.456,-1,0.1610000000000582,BACKFILL_AUTO
2026-06-18 15:12:52,1781795572,R_10,4854.527,1,0.07099999999991269,BACKFILL_AUTO
2026-06-18 15:12:54,1781795574,R_10,4854.387,-1,0.14000000000032742,BACKFILL_AUTO
2026-06-18 15:12:56,1781795576,R_10,4854.541,1,0.1540000000004511,BACKFILL_AUTO
2026-06-18 15:12:58,1781795578,R_10,4854.533,-1,0.007999999999810825,BACKFILL_AUTO
2026-06-18 15:13:00,1781795580,R_10,4854.549,1,0.01599999999962165,BACKFILL_AUTO
2026-06-18 15:13:02,1781795582,R_10,4854.631,1,0.0820000000003347,BACKFILL_AUTO
2026-06-18 15:13:04,1781795584,R_10,4854.641,1,0.009999999999308784,BACKFILL_AUTO
2026-06-18 15:13:06,1781795586,R_10,4854.827,1,0.1860000000006039,BACKFILL_AUTO
2026-06-18 15:13:08,1781795588,R_10,4854.895,1,0.068000000000211,BACKFILL_AUTO
2026-06-18 15:13:10,1781795590,R_10,4854.87,-1,0.025000000000545697,BACKFILL_AUTO
2026-06-18 15:13:12,1781795592,R_10,4854.928,1,0.057999999999992724,BACKFILL_AUTO
2026-06-18 15:13:14,1781795594,R_10,4855.138,1,0.21000000000003638,BACKFILL_AUTO
2026-06-18 15:13:16,1781795596,R_10,4855.425,1,0.28700000000026193,BACKFILL_AUTO
2026-06-18 15:13:18,1781795598,R_10,4855.317,-1,0.10800000000017462,BACKFILL_AUTO
2026-06-18 15:13:20,1781795600,R_10,4855.217,-1,0.1000000000003638,BACKFILL_AUTO
2026-06-18 15:13:22,1781795602,R_10,4855.296,1,0.07900000000063301,BACKFILL_AUTO
2026-06-18 15:13:24,1781795604,R_10,4855.141,-1,0.15500000000065484,BACKFILL_AUTO
2026-06-18 15:13:26,1781795606,R_10,4855.006,-1,0.13499999999930878,BACKFILL_AUTO
2026-06-18 15:13:28,1781795608,R_10,4854.867,-1,0.1390000000001237,BACKFILL_AUTO
2026-06-18 15:13:30,1781795610,R_10,4854.865,-1,0.0020000000004074536,BACKFILL_AUTO
2026-06-18 15:13:32,1781795612,R_10,4854.673,-1,0.19200000000000728,BACKFILL_AUTO
2026-06-18 15:13:34,1781795614,R_10,4854.805,1,0.1320000000005166,BACKFILL_AUTO
2026-06-18 15:13:36,1781795616,R_10,4854.898,1,0.0929999999998472,BACKFILL_AUTO
2026-06-18 15:13:38,1781795618,R_10,4854.775,-1,0.12300000000050204,BACKFILL_AUTO
2026-06-18 15:13:40,1781795620,R_10,4854.433,-1,0.3419999999996435,BACKFILL_AUTO
2026-06-18 15:13:42,1781795622,R_10,4854.201,-1,0.2319999999999709,BACKFILL_AUTO
2026-06-18 15:13:44,1781795624,R_10,4854.188,-1,0.012999999999919964,BACKFILL_AUTO
2026-06-18 15:13:46,1781795626,R_10,4854.373,1,0.18499999999949068,BACKFILL_AUTO
2026-06-18 15:13:48,1781795628,R_10,4854.314,-1,0.058999999999286956,BACKFILL_AUTO
2026-06-18 15:13:50,1781795630,R_10,4854.115,-1,0.19900000000052387,BACKFILL_AUTO
2026-06-18 15:13:52,1781795632,R_10,4854.241,1,0.12600000000020373,BACKFILL_AUTO
2026-06-18 15:13:54,1781795634,R_10,4854.261,1,0.020000000000436557,BACKFILL_AUTO
2026-06-18 15:13:56,1781795636,R_10,4854.293,1,0.0319999999992433,BACKFILL_AUTO
2026-06-18 15:13:58,1781795638,R_10,4854.477,1,0.18400000000019645,BACKFILL_AUTO
2026-06-18 15:14:00,1781795640,R_10,4854.435,-1,0.04199999999946158,BACKFILL_AUTO
2026-06-18 15:14:02,1781795642,R_10,4854.401,-1,0.03400000000056025,BACKFILL_AUTO
2026-06-18 15:14:04,1781795644,R_10,4854.39,-1,0.01099999999951251,BACKFILL_AUTO
2026-06-18 15:14:06,1781795646,R_10,4854.307,-1,0.08300000000053842,BACKFILL_AUTO
2026-06-18 15:14:08,1781795648,R_10,4854.626,1,0.31900000000041473,BACKFILL_AUTO
2026-06-18 15:14:10,1781795650,R_10,4854.4,-1,0.22600000000056752,BACKFILL_AUTO
2026-06-18 15:14:12,1781795652,R_10,4854.364,-1,0.03600000000005821,BACKFILL_AUTO
2026-06-18 15:14:14,1781795654,R_10,4854.416,1,0.05200000000058935,BACKFILL_AUTO
2026-06-18 15:14:16,1781795656,R_10,4854.559,1,0.1430000000000291,BACKFILL_AUTO
2026-06-18 15:14:18,1781795658,R_10,4854.51,-1,0.04899999999997817,BACKFILL_AUTO
2026-06-18 15:14:20,1781795660,R_10,4854.578,1,0.068000000000211,BACKFILL_AUTO
2026-06-18 15:14:22,1781795662,R_10,4854.736,1,0.15799999999944703,BACKFILL_AUTO
2026-06-18 15:14:24,1781795664,R_10,4854.587,-1,0.14899999999943248,BACKFILL_AUTO
2026-06-18 15:14:26,1781795666,R_10,4854.728,1,0.14099999999962165,BACKFILL_AUTO
2026-06-18 15:14:28,1781795668,R_10,4854.732,1,0.0039999999999054126,BACKFILL_AUTO
2026-06-18 15:14:30,1781795670,R_10,4854.928,1,0.1959999999999127,BACKFILL_AUTO
2026-06-18 15:14:32,1781795672,R_10,4854.928,0,0.0,BACKFILL_AUTO
2026-06-18 15:14:34,1781795674,R_10,4855.076,1,0.14800000000013824,BACKFILL_AUTO
2026-06-18 15:14:36,1781795676,R_10,4855.199,1,0.12299999999959255,BACKFILL_AUTO
2026-06-18 15:14:38,1781795678,R_10,4854.959,-1,0.23999999999978172,BACKFILL_AUTO
2026-06-18 15:14:40,1781795680,R_10,4854.805,-1,0.15399999999954161,BACKFILL_AUTO
2026-06-18 15:14:42,1781795682,R_10,4854.798,-1,0.007000000000516593,BACKFILL_AUTO
2026-06-18 15:14:44,1781795684,R_10,4854.713,-1,0.08500000000003638,BACKFILL_AUTO
2026-06-18 15:14:46,1781795686,R_10,4854.687,-1,0.02599999999983993,BACKFILL_AUTO
2026-06-18 15:14:48,1781795688,R_10,4854.516,-1,0.1710000000002765,BACKFILL_AUTO
2026-06-18 15:14:50,1781795690,R_10,4854.463,-1,0.052999999999883585,BACKFILL_AUTO
2026-06-18 15:14:52,1781795692,R_10,4854.563,1,0.1000000000003638,BACKFILL_AUTO
2026-06-18 15:14:54,1781795694,R_10,4854.512,-1,0.051000000000385626,BACKFILL_AUTO
2026-06-18 15:14:56,1781795696,R_10,4854.489,-1,0.023000000000138243,BACKFILL_AUTO
2026-06-18 15:14:58,1781795698,R_10,4854.787,1,0.29800000000068394,BACKFILL_AUTO
2026-06-18 15:15:00,1781795700,R_10,4854.919,1,0.1319999999996071,BACKFILL_AUTO
2026-06-18 15:15:02,1781795702,R_10,4855.137,1,0.2179999999998472,BACKFILL_AUTO
2026-06-18 15:15:04,1781795704,R_10,4855.005,-1,0.1319999999996071,BACKFILL_AUTO
2026-06-18 15:15:06,1781795706,R_10,4855.148,1,0.1430000000000291,BACKFILL_AUTO
2026-06-18 15:15:08,1781795708,R_10,4855.144,-1,0.0039999999999054126,BACKFILL_AUTO
2026-06-18 15:15:10,1781795710,R_10,4855.094,-1,0.0500000000001819,BACKFILL_AUTO
2026-06-18 15:15:12,1781795712,R_10,4855.204,1,0.10999999999967258,BACKFILL_AUTO
2026-06-18 15:15:14,1781795714,R_10,4855.195,-1,0.009000000000014552,BACKFILL_AUTO
2026-06-18 15:15:16,1781795716,R_10,4855.106,-1,0.08899999999994179,BACKFILL_AUTO
2026-06-18 15:15:18,1781795718,R_10,4855.285,1,0.1790000000000873,BACKFILL_AUTO
2026-06-18 15:15:20,1781795720,R_10,4855.307,1,0.021999999999934516,BACKFILL_AUTO
2026-06-18 15:15:22,1781795722,R_10,4855.464,1,0.1570000000001528,BACKFILL_AUTO
2026-06-18 15:15:24,1781795724,R_10,4855.518,1,0.05400000000008731,BACKFILL_AUTO
2026-06-18 15:15:26,1781795726,R_10,4855.442,-1,0.07600000000002183,BACKFILL_AUTO
2026-06-18 15:15:28,1781795728,R_10,4855.593,1,0.15099999999983993,BACKFILL_AUTO
2026-06-18 15:15:30,1781795730,R_10,4855.645,1,0.05200000000058935,BACKFILL_AUTO
2026-06-18 15:15:32,1781795732,R_10,4855.514,-1,0.13100000000031287,BACKFILL_AUTO
2026-06-18 15:15:34,1781795734,R_10,4855.487,-1,0.027000000000043656,BACKFILL_AUTO
2026-06-18 15:15:36,1781795736,R_10,4855.35,-1,0.13699999999971624,BACKFILL_AUTO
2026-06-18 15:15:38,1781795738,R_10,4855.257,-1,0.0930000000007567,BACKFILL_AUTO
2026-06-18 15:15:40,1781795740,R_10,4855.1,-1,0.1569999999992433,BACKFILL_AUTO
2026-06-18 15:15:42,1781795742,R_10,4855.013,-1,0.08700000000044383,BACKFILL_AUTO
2026-06-18 15:15:44,1781795744,R_10,4855.026,1,0.012999999999919964,BACKFILL_AUTO
2026-06-18 15:15:46,1781795746,R_10,4855.034,1,0.007999999999810825,BACKFILL_AUTO
2026-06-18 15:15:48,1781795748,R_10,4854.929,-1,0.10499999999956344,BACKFILL_AUTO
2026-06-18 15:15:50,1781795750,R_10,4854.906,-1,0.023000000000138243,BACKFILL_AUTO
2026-06-18 15:15:52,1781795752,R_10,4854.72,-1,0.1859999999996944,BACKFILL_AUTO
2026-06-18 15:15:54,1781795754,R_10,4854.623,-1,0.09700000000066211,BACKFILL_AUTO
2026-06-18 15:15:56,1781795756,R_10,4854.506,-1,0.11699999999927968,BACKFILL_AUTO
2026-06-18 15:15:58,1781795758,R_10,4854.409,-1,0.09700000000066211,BACKFILL_AUTO
2026-06-18 15:16:00,1781795760,R_10,4854.492,1,0.08300000000053842,BACKFILL_AUTO
2026-06-18 15:16:02,1781795762,R_10,4854.494,1,0.001999999999497959,BACKFILL_AUTO
2026-06-18 15:16:04,1781795764,R_10,4854.71,1,0.21600000000034925,BACKFILL_AUTO
2026-06-18 15:16:06,1781795766,R_10,4854.804,1,0.09400000000005093,BACKFILL_AUTO
2026-06-18 15:16:08,1781795768,R_10,4855.039,1,0.23499999999967258,BACKFILL_AUTO
2026-06-18 15:16:10,1781795770,R_10,4855.046,1,0.007000000000516593,BACKFILL_AUTO
2026-06-18 15:16:12,1781795772,R_10,4855.13,1,0.08399999999983265,BACKFILL_AUTO
2026-06-18 15:16:14,1781795774,R_10,4855.003,-1,0.12700000000040745,BACKFILL_AUTO
2026-06-18 15:16:16,1781795776,R_10,4855.123,1,0.11999999999989086,BACKFILL_AUTO
2026-06-18 15:16:18,1781795778,R_10,4855.059,-1,0.0639999999993961,BACKFILL_AUTO
2026-06-18 15:16:20,1781795780,R_10,4855.055,-1,0.0039999999999054126,BACKFILL_AUTO
2026-06-18 15:16:22,1781795782,R_10,4855.109,1,0.05400000000008731,BACKFILL_AUTO
2026-06-18 15:16:24,1781795784,R_10,4855.001,-1,0.10800000000017462,BACKFILL_AUTO
2026-06-18 15:16:26,1781795786,R_10,4854.957,-1,0.04399999999986903,BACKFILL_AUTO
2026-06-18 15:16:28,1781795788,R_10,4854.914,-1,0.0430000000005748,BACKFILL_AUTO
2026-06-18 15:16:30,1781795790,R_10,4855.0,1,0.0860000000002401,BACKFILL_AUTO
2026-06-18 15:16:32,1781795792,R_10,4854.879,-1,0.12100000000009459,BACKFILL_AUTO
2026-06-18 15:16:34,1781795794,R_10,4854.868,-1,0.01099999999951251,BACKFILL_AUTO
2026-06-18 15:16:36,1781795796,R_10,4854.939,1,0.07099999999991269,BACKFILL_AUTO
2026-06-18 15:16:38,1781795798,R_10,4854.899,-1,0.03999999999996362,BACKFILL_AUTO
2026-06-18 15:16:40,1781795800,R_10,4854.939,1,0.03999999999996362,BACKFILL_AUTO
2026-06-18 15:16:42,1781795802,R_10,4855.007,1,0.06799999999930151,BACKFILL_AUTO
2026-06-18 15:16:44,1781795804,R_10,4855.227,1,0.22000000000025466,BACKFILL_AUTO
2026-06-18 15:16:46,1781795806,R_10,4855.231,1,0.0039999999999054126,BACKFILL_AUTO
2026-06-18 15:16:48,1781795808,R_10,4855.322,1,0.09100000000034925,BACKFILL_AUTO
2026-06-18 15:16:50,1781795810,R_10,4855.309,-1,0.012999999999919964,BACKFILL_AUTO
2026-06-18 15:16:52,1781795812,R_10,4855.231,-1,0.07800000000042928,BACKFILL_AUTO
2026-06-18 15:16:54,1781795814,R_10,4855.015,-1,0.21599999999943975,BACKFILL_AUTO
2026-06-18 15:16:56,1781795816,R_10,4854.74,-1,0.2750000000005457,BACKFILL_AUTO
2026-06-18 15:16:58,1781795818,R_10,4854.681,-1,0.05900000000019645,BACKFILL_AUTO
2026-06-18 15:17:00,1781795820,R_10,4854.57,-1,0.11099999999987631,BACKFILL_AUTO
2026-06-18 15:17:02,1781795822,R_10,4854.556,-1,0.014000000000123691,BACKFILL_AUTO
2026-06-18 15:17:04,1781795824,R_10,4854.298,-1,0.2579999999998108,BACKFILL_AUTO
2026-06-18 15:17:06,1781795826,R_10,4854.378,1,0.07999999999992724,BACKFILL_AUTO
2026-06-18 15:17:08,1781795828,R_10,4854.376,-1,0.001999999999497959,BACKFILL_AUTO
2026-06-18 15:17:10,1781795830,R_10,4854.271,-1,0.10500000000047294,BACKFILL_AUTO
2026-06-18 15:17:12,1781795832,R_10,4854.284,1,0.012999999999919964,BACKFILL_AUTO
2026-06-18 15:17:14,1781795834,R_10,4854.375,1,0.09100000000034925,BACKFILL_AUTO
2026-06-18 15:17:16,1781795836,R_10,4854.603,1,0.22800000000006548,BACKFILL_AUTO
2026-06-18 15:17:18,1781795838,R_10,4854.784,1,0.18099999999958527,BACKFILL_AUTO
2026-06-18 15:17:20,1781795840,R_10,4854.717,-1,0.06700000000000728,BACKFILL_AUTO
2026-06-18 15:17:22,1781795842,R_10,4854.693,-1,0.023999999999432475,BACKFILL_AUTO
2026-06-18 15:17:24,1781795844,R_10,4854.695,1,0.001999999999497959,BACKFILL_AUTO
2026-06-18 15:17:26,1781795846,R_10,4854.51,-1,0.18499999999949068,BACKFILL_AUTO
2026-06-18 15:17:28,1781795848,R_10,4854.561,1,0.05099999999947613,BACKFILL_AUTO
2026-06-18 15:17:30,1781795850,R_10,4854.61,1,0.04899999999997817,BACKFILL_AUTO
2026-06-18 15:17:32,1781795852,R_10,4854.775,1,0.16499999999996362,BACKFILL_AUTO
2026-06-18 15:17:34,1781795854,R_10,4855.033,1,0.2580000000007203,BACKFILL_AUTO
2026-06-18 15:17:36,1781795856,R_10,4855.291,1,0.2579999999998108,BACKFILL_AUTO
2026-06-18 15:17:38,1781795858,R_10,4855.466,1,0.1750000000001819,BACKFILL_AUTO
2026-06-18 15:17:40,1781795860,R_10,4855.491,1,0.024999999999636202,BACKFILL_AUTO
2026-06-18 15:17:42,1781795862,R_10,4855.435,-1,0.05599999999958527,BACKFILL_AUTO
2026-06-18 15:17:44,1781795864,R_10,4855.151,-1,0.28400000000056025,BACKFILL_AUTO
2026-06-18 15:17:46,1781795866,R_10,4854.96,-1,0.19099999999980355,BACKFILL_AUTO
2026-06-18 15:17:48,1781795868,R_10,4854.858,-1,0.10199999999986176,BACKFILL_AUTO
2026-06-18 15:17:50,1781795870,R_10,4854.876,1,0.018000000000029104,BACKFILL_AUTO
2026-06-18 15:17:52,1781795872,R_10,4854.851,-1,0.025000000000545697,BACKFILL_AUTO
2026-06-18 15:17:54,1781795874,R_10,4854.785,-1,0.06599999999980355,BACKFILL_AUTO
2026-06-18 15:17:56,1781795876,R_10,4854.884,1,0.09900000000016007,BACKFILL_AUTO
2026-06-18 15:17:58,1781795878,R_10,4854.994,1,0.10999999999967258,BACKFILL_AUTO
2026-06-18 15:18:00,1781795880,R_10,4855.043,1,0.04899999999997817,BACKFILL_AUTO
2026-06-18 15:18:02,1781795882,R_10,4855.017,-1,0.02599999999983993,BACKFILL_AUTO
2026-06-18 15:18:04,1781795884,R_10,4854.905,-1,0.11200000000008004,BACKFILL_AUTO
2026-06-18 15:18:06,1781795886,R_10,4854.914,1,0.009000000000014552,BACKFILL_AUTO
2026-06-18 15:18:08,1781795888,R_10,4854.915,1,0.0010000000002037268,BACKFILL_AUTO
2026-06-18 15:18:10,1781795890,R_10,4854.966,1,0.051000000000385626,BACKFILL_AUTO
2026-06-18 15:18:12,1781795892,R_10,4854.744,-1,0.2220000000006621,BACKFILL_AUTO
2026-06-18 15:18:14,1781795894,R_10,4854.544,-1,0.1999999999998181,BACKFILL_AUTO
2026-06-18 15:18:16,1781795896,R_10,4854.515,-1,0.028999999999541615,BACKFILL_AUTO
2026-06-18 15:18:18,1781795898,R_10,4854.624,1,0.10899999999946886,BACKFILL_AUTO
2026-06-18 15:18:20,1781795900,R_10,4854.683,1,0.05900000000019645,BACKFILL_AUTO
2026-06-18 15:18:22,1781795902,R_10,4854.647,-1,0.03600000000005821,BACKFILL_AUTO
2026-06-18 15:18:24,1781795904,R_10,4854.595,-1,0.05199999999967986,BACKFILL_AUTO
2026-06-18 15:18:26,1781795906,R_10,4854.526,-1,0.06900000000041473,BACKFILL_AUTO
2026-06-18 15:18:28,1781795908,R_10,4854.636,1,0.11000000000058208,BACKFILL_AUTO
2026-06-18 15:18:30,1781795910,R_10,4854.669,1,0.03299999999944703,BACKFILL_AUTO
2026-06-18 15:18:32,1781795912,R_10,4854.641,-1,0.028000000000247383,BACKFILL_AUTO
2026-06-18 15:18:34,1781795914,R_10,4854.927,1,0.2860000000000582,BACKFILL_AUTO
2026-06-18 15:18:36,1781795916,R_10,4854.854,-1,0.07299999999941065,BACKFILL_AUTO
2026-06-18 15:18:38,1781795918,R_10,4854.794,-1,0.06000000000040018,BACKFILL_AUTO
2026-06-18 15:18:40,1781795920,R_10,4854.97,1,0.17600000000038563,BACKFILL_AUTO
2026-06-18 15:18:42,1781795922,R_10,4854.973,1,0.0029999999997016857,BACKFILL_AUTO
2026-06-18 15:18:44,1781795924,R_10,4854.99,1,0.016999999999825377,BACKFILL_AUTO
2026-06-18 15:18:46,1781795926,R_10,4855.029,1,0.03900000000066939,BACKFILL_AUTO
2026-06-18 15:18:48,1781795928,R_10,4855.075,1,0.04599999999936699,BACKFILL_AUTO
2026-06-18 15:18:50,1781795930,R_10,4855.072,-1,0.0029999999997016857,BACKFILL_AUTO
2026-06-18 15:18:52,1781795932,R_10,4855.05,-1,0.021999999999934516,BACKFILL_AUTO
2026-06-18 15:18:54,1781795934,R_10,4855.131,1,0.08100000000013097,BACKFILL_AUTO
2026-06-18 15:18:56,1781795936,R_10,4855.22,1,0.08899999999994179,BACKFILL_AUTO
2026-06-18 15:18:58,1781795938,R_10,4855.042,-1,0.17799999999988358,BACKFILL_AUTO
2026-06-18 15:19:00,1781795940,R_10,4855.099,1,0.056999999999789,BACKFILL_AUTO
2026-06-18 15:19:02,1781795942,R_10,4855.026,-1,0.07300000000032014,BACKFILL_AUTO
2026-06-18 15:19:04,1781795944,R_10,4855.162,1,0.136000000000422,BACKFILL_AUTO
2026-06-18 15:19:06,1781795946,R_10,4855.085,-1,0.07700000000022555,BACKFILL_AUTO
2026-06-18 15:19:08,1781795948,R_10,4854.959,-1,0.12600000000020373,BACKFILL_AUTO
2026-06-18 15:19:10,1781795950,R_10,4855.157,1,0.19800000000032014,BACKFILL_AUTO
2026-06-18 15:19:12,1781795952,R_10,4854.977,-1,0.18000000000029104,BACKFILL_AUTO
2026-06-18 15:19:14,1781795954,R_10,4854.876,-1,0.10099999999965803,BACKFILL_AUTO
2026-06-18 15:19:16,1781795956,R_10,4854.882,1,0.0059999999994033715,BACKFILL_AUTO
2026-06-18 15:19:18,1781795958,R_10,4854.715,-1,0.16699999999946158,BACKFILL_AUTO
2026-06-18 15:19:20,1781795960,R_10,4854.572,-1,0.1430000000000291,BACKFILL_AUTO
2026-06-18 15:19:22,1781795962,R_10,4854.48,-1,0.09200000000055297,BACKFILL_AUTO
2026-06-18 15:19:24,1781795964,R_10,4854.487,1,0.007000000000516593,BACKFILL_AUTO
2026-06-18 15:19:26,1781795966,R_10,4854.666,1,0.1790000000000873,BACKFILL_AUTO
2026-06-18 15:19:28,1781795968,R_10,4854.733,1,0.06700000000000728,BACKFILL_AUTO
2026-06-18 15:19:30,1781795970,R_10,4854.901,1,0.1679999999996653,BACKFILL_AUTO
2026-06-18 15:19:32,1781795972,R_10,4854.905,1,0.0039999999999054126,BACKFILL_AUTO
2026-06-18 15:19:34,1781795974,R_10,4854.908,1,0.0030000000006111804,BACKFILL_AUTO
2026-06-18 15:19:36,1781795976,R_10,4855.17,1,0.26199999999971624,BACKFILL_AUTO
2026-06-18 15:19:38,1781795978,R_10,4855.137,-1,0.03300000000035652,BACKFILL_AUTO
2026-06-18 15:19:40,1781795980,R_10,4855.078,-1,0.058999999999286956,BACKFILL_AUTO
2026-06-18 15:19:42,1781795982,R_10,4854.973,-1,0.10500000000047294,BACKFILL_AUTO
2026-06-18 15:19:44,1781795984,R_10,4854.961,-1,0.011999999999716238,BACKFILL_AUTO
2026-06-18 15:19:46,1781795986,R_10,4854.97,1,0.009000000000014552,BACKFILL_AUTO
2026-06-18 15:19:48,1781795988,R_10,4855.284,1,0.3139999999993961,BACKFILL_AUTO
2026-06-18 15:19:50,1781795990,R_10,4855.276,-1,0.007999999999810825,BACKFILL_AUTO
2026-06-18 15:19:52,1781795992,R_10,4855.276,0,0.0,BACKFILL_AUTO
2026-06-18 15:19:54,1781795994,R_10,4855.207,-1,0.06899999999950523,BACKFILL_AUTO
2026-06-18 15:19:56,1781795996,R_10,4855.16,-1,0.04700000000048021,BACKFILL_AUTO
2026-06-18 15:19:58,1781795998,R_10,4855.124,-1,0.03600000000005821,BACKFILL_AUTO
2026-06-18 15:20:00,1781796000,R_10,4855.146,1,0.021999999999934516,BACKFILL_AUTO
2026-06-18 15:20:02,1781796002,R_10,4855.132,-1,0.014000000000123691,BACKFILL_AUTO
2026-06-18 15:20:04,1781796004,R_10,4855.021,-1,0.11099999999987631,BACKFILL_AUTO
2026-06-18 15:20:06,1781796006,R_10,4855.004,-1,0.016999999999825377,BACKFILL_AUTO
2026-06-18 15:20:08,1781796008,R_10,4854.857,-1,0.14699999999993452,BACKFILL_AUTO
2026-06-18 15:20:10,1781796010,R_10,4854.841,-1,0.01599999999962165,BACKFILL_AUTO
2026-06-18 15:20:12,1781796012,R_10,4854.846,1,0.004999999999199645,BACKFILL_AUTO
2026-06-18 15:20:14,1781796014,R_10,4855.011,1,0.16500000000087311,BACKFILL_AUTO
2026-06-18 15:20:16,1781796016,R_10,4855.075,1,0.0639999999993961,BACKFILL_AUTO
2026-06-18 15:20:18,1781796018,R_10,4855.1,1,0.025000000000545697,BACKFILL_AUTO
2026-06-18 15:20:20,1781796020,R_10,4854.892,-1,0.20800000000053842,BACKFILL_AUTO
2026-06-18 15:20:22,1781796022,R_10,4854.768,-1,0.12399999999979627,BACKFILL_AUTO
2026-06-18 15:20:24,1781796024,R_10,4854.589,-1,0.1790000000000873,BACKFILL_AUTO
2026-06-18 15:20:26,1781796026,R_10,4854.484,-1,0.10499999999956344,BACKFILL_AUTO
2026-06-18 15:20:28,1781796028,R_10,4854.6,1,0.11599999999998545,BACKFILL_AUTO
2026-06-18 15:20:30,1781796030,R_10,4854.416,-1,0.18400000000019645,BACKFILL_AUTO
2026-06-18 15:20:32,1781796032,R_10,4854.461,1,0.04500000000007276,BACKFILL_AUTO
2026-06-18 15:20:34,1781796034,R_10,4854.34,-1,0.12100000000009459,BACKFILL_AUTO
2026-06-18 15:20:36,1781796036,R_10,4854.316,-1,0.02400000000034197,BACKFILL_AUTO
2026-06-18 15:20:38,1781796038,R_10,4854.394,1,0.07800000000042928,BACKFILL_AUTO
2026-06-18 15:20:40,1781796040,R_10,4854.331,-1,0.06300000000010186,BACKFILL_AUTO
2026-06-18 15:20:42,1781796042,R_10,4854.349,1,0.018000000000029104,BACKFILL_AUTO
2026-06-18 15:20:44,1781796044,R_10,4854.449,1,0.0999999999994543,BACKFILL_AUTO
2026-06-18 15:20:46,1781796046,R_10,4854.494,1,0.04500000000007276,BACKFILL_AUTO
2026-06-18 15:20:48,1781796048,R_10,4854.689,1,0.19500000000061846,BACKFILL_AUTO
2026-06-18 15:20:50,1781796050,R_10,4854.556,-1,0.13300000000072032,BACKFILL_AUTO
2026-06-18 15:20:52,1781796052,R_10,4854.522,-1,0.033999999999650754,BACKFILL_AUTO
2026-06-18 15:20:54,1781796054,R_10,4854.713,1,0.19099999999980355,BACKFILL_AUTO
2026-06-18 15:20:56,1781796056,R_10,4854.844,1,0.13100000000031287,BACKFILL_AUTO
2026-06-18 15:20:58,1781796058,R_10,4855.012,1,0.1679999999996653,BACKFILL_AUTO
2026-06-18 15:21:00,1781796060,R_10,4855.001,-1,0.01099999999951251,BACKFILL_AUTO
2026-06-18 15:21:02,1781796062,R_10,4854.829,-1,0.1720000000004802,BACKFILL_AUTO
2026-06-18 15:21:04,1781796064,R_10,4854.824,-1,0.005000000000109139,BACKFILL_AUTO
2026-06-18 15:21:06,1781796066,R_10,4854.817,-1,0.006999999999607098,BACKFILL_AUTO
2026-06-18 15:21:08,1781796068,R_10,4854.917,1,0.1000000000003638,BACKFILL_AUTO
2026-06-18 15:21:10,1781796070,R_10,4855.003,1,0.08599999999933061,BACKFILL_AUTO
2026-06-18 15:21:12,1781796072,R_10,4854.768,-1,0.23499999999967258,BACKFILL_AUTO
2026-06-18 15:21:14,1781796074,R_10,4854.69,-1,0.07800000000042928,BACKFILL_AUTO
2026-06-18 15:21:16,1781796076,R_10,4854.441,-1,0.24899999999979627,BACKFILL_AUTO
2026-06-18 15:21:18,1781796078,R_10,4854.435,-1,0.0059999999994033715,BACKFILL_AUTO
2026-06-18 15:21:20,1781796080,R_10,4854.567,1,0.1319999999996071,BACKFILL_AUTO
2026-06-18 15:21:22,1781796082,R_10,4854.53,-1,0.037000000000261934,BACKFILL_AUTO
2026-06-18 15:21:24,1781796084,R_10,4854.595,1,0.06500000000050932,BACKFILL_AUTO
2026-06-18 15:21:26,1781796086,R_10,4854.352,-1,0.2430000000003929,BACKFILL_AUTO
2026-06-18 15:21:28,1781796088,R_10,4854.226,-1,0.12600000000020373,BACKFILL_AUTO
2026-06-18 15:21:30,1781796090,R_10,4854.216,-1,0.009999999999308784,BACKFILL_AUTO
2026-06-18 15:21:32,1781796092,R_10,4854.074,-1,0.14200000000073487,BACKFILL_AUTO
2026-06-18 15:21:34,1781796094,R_10,4854.109,1,0.035000000000763976,BACKFILL_AUTO
2026-06-18 15:21:36,1781796096,R_10,4854.082,-1,0.027000000000043656,BACKFILL_AUTO
2026-06-18 15:21:38,1781796098,R_10,4854.195,1,0.11299999999937427,BACKFILL_AUTO
2026-06-18 15:21:40,1781796100,R_10,4854.168,-1,0.027000000000043656,BACKFILL_AUTO
2026-06-18 15:21:42,1781796102,R_10,4854.256,1,0.08800000000064756,BACKFILL_AUTO
2026-06-18 15:21:44,1781796104,R_10,4854.24,-1,0.016000000000531145,BACKFILL_AUTO
2026-06-18 15:21:46,1781796106,R_10,4854.466,1,0.22600000000056752,BACKFILL_AUTO
2026-06-18 15:21:48,1781796108,R_10,4854.421,-1,0.04500000000007276,BACKFILL_AUTO
2026-06-18 15:21:50,1781796110,R_10,4854.642,1,0.2209999999995489,BACKFILL_AUTO
2026-06-18 15:21:52,1781796112,R_10,4854.65,1,0.007999999999810825,BACKFILL_AUTO
2026-06-18 15:21:54,1781796114,R_10,4854.78,1,0.13000000000010914,BACKFILL_AUTO
2026-06-18 15:21:56,1781796116,R_10,4854.925,1,0.14500000000043656,BACKFILL_AUTO
2026-06-18 15:21:58,1781796118,R_10,4855.292,1,0.3670000000001892,BACKFILL_AUTO
2026-06-18 15:22:00,1781796120,R_10,4855.255,-1,0.037000000000261934,BACKFILL_AUTO
2026-06-18 15:22:02,1781796122,R_10,4855.188,-1,0.06700000000000728,BACKFILL_AUTO
2026-06-18 15:22:04,1781796124,R_10,4855.184,-1,0.0039999999999054126,BACKFILL_AUTO
2026-06-18 15:22:06,1781796126,R_10,4855.105,-1,0.07900000000063301,BACKFILL_AUTO
2026-06-18 15:22:08,1781796128,R_10,4855.169,1,0.06400000000030559,BACKFILL_AUTO
2026-06-18 15:22:10,1781796130,R_10,4855.244,1,0.0749999999998181,BACKFILL_AUTO
2026-06-18 15:22:12,1781796132,R_10,4855.407,1,0.16300000000046566,BACKFILL_AUTO
2026-06-18 15:22:14,1781796134,R_10,4855.529,1,0.12200000000029831,BACKFILL_AUTO
2026-06-18 15:22:16,1781796136,R_10,4855.634,1,0.10499999999956344,BACKFILL_AUTO
2026-06-18 15:22:18,1781796138,R_10,4855.573,-1,0.06099999999969441,BACKFILL_AUTO
2026-06-18 15:22:20,1781796140,R_10,4855.651,1,0.07799999999951979,BACKFILL_AUTO
2026-06-18 15:22:22,1781796142,R_10,4855.544,-1,0.1069999999999709,BACKFILL_AUTO
2026-06-18 15:22:24,1781796144,R_10,4855.696,1,0.15200000000004366,BACKFILL_AUTO
2026-06-18 15:22:26,1781796146,R_10,4855.599,-1,0.09699999999975262,BACKFILL_AUTO
2026-06-18 15:22:28,1781796148,R_10,4855.903,1,0.3040000000000873,BACKFILL_AUTO
2026-06-18 15:22:30,1781796150,R_10,4855.963,1,0.05999999999949068,BACKFILL_AUTO
2026-06-18 15:22:32,1781796152,R_10,4855.934,-1,0.028999999999541615,BACKFILL_AUTO
2026-06-18 15:22:34,1781796154,R_10,4856.045,1,0.11099999999987631,BACKFILL_AUTO
2026-06-18 15:22:36,1781796156,R_10,4855.901,-1,0.14400000000023283,BACKFILL_AUTO
2026-06-18 15:22:38,1781796158,R_10,4855.847,-1,0.05400000000008731,BACKFILL_AUTO
2026-06-18 15:22:40,1781796160,R_10,4855.801,-1,0.04599999999936699,BACKFILL_AUTO
2026-06-18 15:22:42,1781796162,R_10,4855.617,-1,0.18400000000019645,BACKFILL_AUTO
2026-06-18 15:22:44,1781796164,R_10,4855.551,-1,0.06599999999980355,BACKFILL_AUTO
2026-06-18 15:22:46,1781796166,R_10,4855.59,1,0.03899999999975989,BACKFILL_AUTO
2026-06-18 15:22:48,1781796168,R_10,4855.463,-1,0.12700000000040745,BACKFILL_AUTO
2026-06-18 15:22:50,1781796170,R_10,4855.384,-1,0.07899999999972351,BACKFILL_AUTO
2026-06-18 15:22:52,1781796172,R_10,4855.374,-1,0.010000000000218279,BACKFILL_AUTO
2026-06-18 15:22:54,1781796174,R_10,4855.223,-1,0.15099999999983993,BACKFILL_AUTO
2026-06-18 15:22:56,1781796176,R_10,4855.455,1,0.2319999999999709,BACKFILL_AUTO
2026-06-18 15:22:58,1781796178,R_10,4855.434,-1,0.02099999999973079,BACKFILL_AUTO
2026-06-18 15:23:00,1781796180,R_10,4855.361,-1,0.07300000000032014,BACKFILL_AUTO
2026-06-18 15:23:02,1781796182,R_10,4855.275,-1,0.0860000000002401,BACKFILL_AUTO
2026-06-18 15:23:04,1781796184,R_10,4855.412,1,0.13700000000062573,BACKFILL_AUTO
2026-06-18 15:23:06,1781796186,R_10,4855.535,1,0.12299999999959255,BACKFILL_AUTO
2026-06-18 15:23:08,1781796188,R_10,4855.542,1,0.007000000000516593,BACKFILL_AUTO
2026-06-18 15:23:10,1781796190,R_10,4855.543,1,0.0009999999992942321,BACKFILL_AUTO
2026-06-18 15:23:12,1781796192,R_10,4855.585,1,0.042000000000371074,BACKFILL_AUTO
2026-06-18 15:23:14,1781796194,R_10,4855.624,1,0.03899999999975989,BACKFILL_AUTO
2026-06-18 15:23:16,1781796196,R_10,4855.513,-1,0.11099999999987631,BACKFILL_AUTO
2026-06-18 15:23:18,1781796198,R_10,4855.497,-1,0.01599999999962165,BACKFILL_AUTO
2026-06-18 15:23:20,1781796200,R_10,4855.533,1,0.03600000000005821,BACKFILL_AUTO
2026-06-18 15:23:22,1781796202,R_10,4855.41,-1,0.12300000000050204,BACKFILL_AUTO
2026-06-18 15:23:24,1781796204,R_10,4855.445,1,0.03499999999985448,BACKFILL_AUTO
2026-06-18 15:23:26,1781796206,R_10,4855.393,-1,0.05199999999967986,BACKFILL_AUTO
2026-06-18 15:23:28,1781796208,R_10,4855.277,-1,0.11599999999998545,BACKFILL_AUTO
2026-06-18 15:23:30,1781796210,R_10,4855.041,-1,0.2359999999998763,BACKFILL_AUTO
2026-06-18 15:23:32,1781796212,R_10,4855.158,1,0.11700000000018917,BACKFILL_AUTO
2026-06-18 15:23:34,1781796214,R_10,4855.204,1,0.04599999999936699,BACKFILL_AUTO
2026-06-18 15:23:36,1781796216,R_10,4855.188,-1,0.01599999999962165,BACKFILL_AUTO
2026-06-18 15:23:38,1781796218,R_10,4855.013,-1,0.1750000000001819,BACKFILL_AUTO
2026-06-18 15:23:40,1781796220,R_10,4854.759,-1,0.2539999999999054,BACKFILL_AUTO
2026-06-18 15:23:42,1781796222,R_10,4854.782,1,0.023000000000138243,BACKFILL_AUTO
2026-06-18 15:23:44,1781796224,R_10,4854.712,-1,0.06999999999970896,BACKFILL_AUTO
2026-06-18 15:23:46,1781796226,R_10,4854.618,-1,0.09400000000005093,BACKFILL_AUTO
2026-06-18 15:23:48,1781796228,R_10,4854.651,1,0.03299999999944703,BACKFILL_AUTO
2026-06-18 15:23:50,1781796230,R_10,4854.503,-1,0.14800000000013824,BACKFILL_AUTO
2026-06-18 15:23:52,1781796232,R_10,4854.245,-1,0.2579999999998108,BACKFILL_AUTO
2026-06-18 15:23:54,1781796234,R_10,4854.213,-1,0.032000000000152795,BACKFILL_AUTO
2026-06-18 15:23:56,1781796236,R_10,4854.408,1,0.19500000000061846,BACKFILL_AUTO
2026-06-18 15:23:58,1781796238,R_10,4854.431,1,0.02299999999922875,BACKFILL_AUTO
2026-06-18 15:24:00,1781796240,R_10,4854.405,-1,0.02599999999983993,BACKFILL_AUTO
2026-06-18 15:24:02,1781796242,R_10,4854.144,-1,0.2609999999995125,BACKFILL_AUTO
2026-06-18 15:24:04,1781796244,R_10,4854.175,1,0.03099999999994907,BACKFILL_AUTO
2026-06-18 15:24:06,1781796246,R_10,4854.189,1,0.014000000000123691,BACKFILL_AUTO
2026-06-18 15:24:08,1781796248,R_10,4854.237,1,0.047999999999774445,BACKFILL_AUTO
2026-06-18 15:24:10,1781796250,R_10,4854.326,1,0.08899999999994179,BACKFILL_AUTO
2026-06-18 15:24:12,1781796252,R_10,4854.373,1,0.04699999999957072,BACKFILL_AUTO
2026-06-18 15:24:14,1781796254,R_10,4854.555,1,0.1820000000006985,BACKFILL_AUTO
2026-06-18 15:24:16,1781796256,R_10,4854.561,1,0.0059999999994033715,BACKFILL_AUTO
2026-06-18 15:24:18,1781796258,R_10,4854.761,1,0.2000000000007276,BACKFILL_AUTO
2026-06-18 15:24:20,1781796260,R_10,4854.676,-1,0.08500000000003638,BACKFILL_AUTO
2026-06-18 15:24:22,1781796262,R_10,4854.706,1,0.02999999999974534,BACKFILL_AUTO
2026-06-18 15:24:24,1781796264,R_10,4854.477,-1,0.2290000000002692,BACKFILL_AUTO
2026-06-18 15:24:26,1781796266,R_10,4854.401,-1,0.07600000000002183,BACKFILL_AUTO
2026-06-18 15:24:28,1781796268,R_10,4854.358,-1,0.042999999999665306,BACKFILL_AUTO
2026-06-18 15:24:30,1781796270,R_10,4854.43,1,0.07200000000011642,BACKFILL_AUTO
2026-06-18 15:24:32,1781796272,R_10,4854.454,1,0.023999999999432475,BACKFILL_AUTO
2026-06-18 15:24:34,1781796274,R_10,4854.537,1,0.08300000000053842,BACKFILL_AUTO
2026-06-18 15:24:36,1781796276,R_10,4854.395,-1,0.14199999999982538,BACKFILL_AUTO
2026-06-18 15:24:38,1781796278,R_10,4854.503,1,0.10799999999926513,BACKFILL_AUTO
2026-06-18 15:24:40,1781796280,R_10,4854.539,1,0.03600000000005821,BACKFILL_AUTO
2026-06-18 15:24:42,1781796282,R_10,4854.66,1,0.12100000000009459,BACKFILL_AUTO
2026-06-18 15:24:44,1781796284,R_10,4854.724,1,0.06400000000030559,BACKFILL_AUTO
2026-06-18 15:24:46,1781796286,R_10,4854.593,-1,0.13100000000031287,BACKFILL_AUTO
2026-06-18 15:24:48,1781796288,R_10,4854.576,-1,0.016999999999825377,BACKFILL_AUTO
2026-06-18 15:24:50,1781796290,R_10,4854.474,-1,0.10199999999986176,BACKFILL_AUTO
2026-06-18 15:24:52,1781796292,R_10,4854.611,1,0.13699999999971624,BACKFILL_AUTO
2026-06-18 15:24:54,1781796294,R_10,4854.57,-1,0.04100000000016735,BACKFILL_AUTO
2026-06-18 15:24:56,1781796296,R_10,4854.613,1,0.0430000000005748,BACKFILL_AUTO
2026-06-18 15:24:58,1781796298,R_10,4854.465,-1,0.14800000000013824,BACKFILL_AUTO
2026-06-18 15:25:00,1781796300,R_10,4854.234,-1,0.23099999999976717,BACKFILL_AUTO
2026-06-18 15:25:02,1781796302,R_10,4854.344,1,0.10999999999967258,BACKFILL_AUTO
2026-06-18 15:25:04,1781796304,R_10,4854.397,1,0.052999999999883585,BACKFILL_AUTO
2026-06-18 15:25:06,1781796306,R_10,4854.407,1,0.010000000000218279,BACKFILL_AUTO
2026-06-18 15:25:08,1781796308,R_10,4854.329,-1,0.07800000000042928,BACKFILL_AUTO
2026-06-18 15:25:10,1781796310,R_10,4854.306,-1,0.023000000000138243,BACKFILL_AUTO
2026-06-18 15:25:12,1781796312,R_10,4854.384,1,0.07800000000042928,BACKFILL_AUTO
2026-06-18 15:25:14,1781796314,R_10,4854.319,-1,0.06499999999959982,BACKFILL_AUTO
2026-06-18 15:25:16,1781796316,R_10,4854.4,1,0.08099999999922147,BACKFILL_AUTO
2026-06-18 15:25:18,1781796318,R_10,4854.513,1,0.11300000000028376,BACKFILL_AUTO
2026-06-18 15:25:20,1781796320,R_10,4854.287,-1,0.22599999999965803,BACKFILL_AUTO
2026-06-18 15:25:22,1781796322,R_10,4854.043,-1,0.24400000000059663,BACKFILL_AUTO
2026-06-18 15:25:24,1781796324,R_10,4853.96,-1,0.08299999999962893,BACKFILL_AUTO
2026-06-18 15:25:26,1781796326,R_10,4854.009,1,0.04899999999997817,BACKFILL_AUTO
2026-06-18 15:25:28,1781796328,R_10,4854.068,1,0.05900000000019645,BACKFILL_AUTO
2026-06-18 15:25:30,1781796330,R_10,4854.235,1,0.16699999999946158,BACKFILL_AUTO
2026-06-18 15:25:32,1781796332,R_10,4854.276,1,0.04100000000016735,BACKFILL_AUTO
2026-06-18 15:25:34,1781796334,R_10,4854.184,-1,0.09199999999964348,BACKFILL_AUTO
2026-06-18 15:25:36,1781796336,R_10,4854.098,-1,0.0860000000002401,BACKFILL_AUTO
2026-06-18 15:25:38,1781796338,R_10,4854.199,1,0.10099999999965803,BACKFILL_AUTO
2026-06-18 15:25:40,1781796340,R_10,4854.301,1,0.10200000000077125,BACKFILL_AUTO
2026-06-18 15:25:42,1781796342,R_10,4854.156,-1,0.14500000000043656,BACKFILL_AUTO
2026-06-18 15:25:44,1781796344,R_10,4854.092,-1,0.06400000000030559,BACKFILL_AUTO
2026-06-18 15:25:46,1781796346,R_10,4853.923,-1,0.16899999999986903,BACKFILL_AUTO
2026-06-18 15:25:48,1781796348,R_10,4853.773,-1,0.1499999999996362,BACKFILL_AUTO
2026-06-18 15:25:50,1781796350,R_10,4853.864,1,0.09099999999943975,BACKFILL_AUTO
2026-06-18 15:25:52,1781796352,R_10,4853.773,-1,0.09099999999943975,BACKFILL_AUTO
2026-06-18 15:25:54,1781796354,R_10,4853.835,1,0.06199999999989814,BACKFILL_AUTO
2026-06-18 15:25:56,1781796356,R_10,4853.702,-1,0.13299999999981083,BACKFILL_AUTO
2026-06-18 15:25:58,1781796358,R_10,4853.601,-1,0.10100000000056752,BACKFILL_AUTO
2026-06-18 15:26:00,1781796360,R_10,4853.569,-1,0.0319999999992433,BACKFILL_AUTO
2026-06-18 15:26:02,1781796362,R_10,4853.515,-1,0.05400000000008731,BACKFILL_AUTO
2026-06-18 15:26:04,1781796364,R_10,4853.607,1,0.09199999999964348,BACKFILL_AUTO
2026-06-18 15:26:06,1781796366,R_10,4853.536,-1,0.07099999999991269,BACKFILL_AUTO
2026-06-18 15:26:08,1781796368,R_10,4853.456,-1,0.07999999999992724,BACKFILL_AUTO
2026-06-18 15:26:10,1781796370,R_10,4853.439,-1,0.016999999999825377,BACKFILL_AUTO
2026-06-18 15:26:12,1781796372,R_10,4853.536,1,0.09699999999975262,BACKFILL_AUTO
2026-06-18 15:26:14,1781796374,R_10,4853.609,1,0.07300000000032014,BACKFILL_AUTO
2026-06-18 15:26:16,1781796376,R_10,4853.659,1,0.049999999999272404,BACKFILL_AUTO
2026-06-18 15:26:18,1781796378,R_10,4853.67,1,0.011000000000422006,BACKFILL_AUTO
2026-06-18 15:26:20,1781796380,R_10,4853.721,1,0.05099999999947613,BACKFILL_AUTO
2026-06-18 15:26:22,1781796382,R_10,4853.789,1,0.068000000000211,BACKFILL_AUTO
2026-06-18 15:26:24,1781796384,R_10,4853.705,-1,0.08399999999983265,BACKFILL_AUTO
2026-06-18 15:26:26,1781796386,R_10,4853.751,1,0.046000000000276486,BACKFILL_AUTO
2026-06-18 15:26:28,1781796388,R_10,4853.889,1,0.13799999999991996,BACKFILL_AUTO
2026-06-18 15:26:30,1781796390,R_10,4853.736,-1,0.15300000000024738,BACKFILL_AUTO
2026-06-18 15:26:32,1781796392,R_10,4853.759,1,0.023000000000138243,BACKFILL_AUTO
2026-06-18 15:26:34,1781796394,R_10,4853.653,-1,0.10599999999976717,BACKFILL_AUTO
2026-06-18 15:26:36,1781796396,R_10,4853.75,1,0.09699999999975262,BACKFILL_AUTO
2026-06-18 15:26:38,1781796398,R_10,4853.578,-1,0.17199999999957072,BACKFILL_AUTO
2026-06-18 15:26:40,1781796400,R_10,4853.398,-1,0.18000000000029104,BACKFILL_AUTO
2026-06-18 15:26:42,1781796402,R_10,4853.312,-1,0.0860000000002401,BACKFILL_AUTO
2026-06-18 15:26:44,1781796404,R_10,4853.419,1,0.1069999999999709,BACKFILL_AUTO
2026-06-18 15:26:46,1781796406,R_10,4853.195,-1,0.22400000000016007,BACKFILL_AUTO
2026-06-18 15:26:48,1781796408,R_10,4853.149,-1,0.04599999999936699,BACKFILL_AUTO
2026-06-18 15:26:50,1781796410,R_10,4852.991,-1,0.15800000000035652,BACKFILL_AUTO
2026-06-18 15:26:52,1781796412,R_10,4853.061,1,0.06999999999970896,BACKFILL_AUTO
2026-06-18 15:26:54,1781796414,R_10,4852.908,-1,0.1529999999993379,BACKFILL_AUTO
2026-06-18 15:26:56,1781796416,R_10,4852.727,-1,0.18100000000049477,BACKFILL_AUTO
2026-06-18 15:26:58,1781796418,R_10,4852.722,-1,0.005000000000109139,BACKFILL_AUTO
2026-06-18 15:27:00,1781796420,R_10,4852.639,-1,0.08299999999962893,BACKFILL_AUTO
2026-06-18 15:27:02,1781796422,R_10,4852.724,1,0.08500000000003638,BACKFILL_AUTO
2026-06-18 15:27:04,1781796424,R_10,4852.724,0,0.0,BACKFILL_AUTO
2026-06-18 15:27:06,1781796426,R_10,4852.693,-1,0.03099999999994907,BACKFILL_AUTO
2026-06-18 15:27:08,1781796428,R_10,4852.552,-1,0.14100000000053114,BACKFILL_AUTO
2026-06-18 15:27:10,1781796430,R_10,4852.486,-1,0.06599999999980355,BACKFILL_AUTO
2026-06-18 15:27:12,1781796432,R_10,4852.495,1,0.009000000000014552,BACKFILL_AUTO
2026-06-18 15:27:14,1781796434,R_10,4852.609,1,0.11400000000048749,BACKFILL_AUTO
2026-06-18 15:27:16,1781796436,R_10,4852.55,-1,0.05900000000019645,BACKFILL_AUTO
2026-06-18 15:27:18,1781796438,R_10,4852.686,1,0.1359999999995125,BACKFILL_AUTO
2026-06-18 15:27:20,1781796440,R_10,4852.775,1,0.08899999999994179,BACKFILL_AUTO
2026-06-18 15:27:22,1781796442,R_10,4852.766,-1,0.009000000000014552,BACKFILL_AUTO
2026-06-18 15:27:24,1781796444,R_10,4852.882,1,0.11599999999998545,BACKFILL_AUTO
2026-06-18 15:27:26,1781796446,R_10,4852.836,-1,0.04599999999936699,BACKFILL_AUTO
2026-06-18 15:27:28,1781796448,R_10,4852.679,-1,0.1570000000001528,BACKFILL_AUTO
2026-06-18 15:27:30,1781796450,R_10,4852.582,-1,0.09699999999975262,BACKFILL_AUTO
2026-06-18 15:27:32,1781796452,R_10,4852.533,-1,0.04899999999997817,BACKFILL_AUTO
2026-06-18 15:27:34,1781796454,R_10,4852.424,-1,0.10900000000037835,BACKFILL_AUTO
2026-06-18 15:27:36,1781796456,R_10,4852.381,-1,0.042999999999665306,BACKFILL_AUTO
2026-06-18 15:27:38,1781796458,R_10,4852.559,1,0.17799999999988358,BACKFILL_AUTO
2026-06-18 15:27:40,1781796460,R_10,4852.607,1,0.047999999999774445,BACKFILL_AUTO
2026-06-18 15:27:42,1781796462,R_10,4852.464,-1,0.1430000000000291,BACKFILL_AUTO
2026-06-18 15:27:44,1781796464,R_10,4852.548,1,0.08399999999983265,BACKFILL_AUTO
2026-06-18 15:27:46,1781796466,R_10,4852.667,1,0.11900000000059663,BACKFILL_AUTO
2026-06-18 15:27:48,1781796468,R_10,4852.559,-1,0.10800000000017462,BACKFILL_AUTO
2026-06-18 15:27:50,1781796470,R_10,4852.649,1,0.09000000000014552,BACKFILL_AUTO
2026-06-18 15:27:52,1781796472,R_10,4852.639,-1,0.010000000000218279,BACKFILL_AUTO
2026-06-18 15:27:54,1781796474,R_10,4852.716,1,0.07700000000022555,BACKFILL_AUTO
2026-06-18 15:27:56,1781796476,R_10,4852.411,-1,0.30500000000029104,BACKFILL_AUTO
2026-06-18 15:27:58,1781796478,R_10,4852.48,1,0.06899999999950523,BACKFILL_AUTO
2026-06-18 15:28:00,1781796480,R_10,4852.76,1,0.28000000000065484,BACKFILL_AUTO
2026-06-18 15:28:02,1781796482,R_10,4852.62,-1,0.14000000000032742,BACKFILL_AUTO
2026-06-18 15:28:04,1781796484,R_10,4852.673,1,0.052999999999883585,BACKFILL_AUTO
2026-06-18 15:28:06,1781796486,R_10,4852.507,-1,0.16600000000016735,BACKFILL_AUTO
2026-06-18 15:28:08,1781796488,R_10,4852.663,1,0.15599999999994907,BACKFILL_AUTO
2026-06-18 15:28:10,1781796490,R_10,4852.627,-1,0.03599999999914871,BACKFILL_AUTO
2026-06-18 15:28:12,1781796492,R_10,4852.756,1,0.1289999999999054,BACKFILL_AUTO
2026-06-18 15:28:14,1781796494,R_10,4852.68,-1,0.07600000000002183,BACKFILL_AUTO
2026-06-18 15:28:16,1781796496,R_10,4852.699,1,0.018999999999323336,BACKFILL_AUTO
2026-06-18 15:28:18,1781796498,R_10,4852.8,1,0.10100000000056752,BACKFILL_AUTO
2026-06-18 15:28:20,1781796500,R_10,4853.045,1,0.24499999999989086,BACKFILL_AUTO
2026-06-18 15:28:22,1781796502,R_10,4852.847,-1,0.19800000000032014,BACKFILL_AUTO
2026-06-18 15:28:24,1781796504,R_10,4852.895,1,0.04800000000068394,BACKFILL_AUTO
2026-06-18 15:28:26,1781796506,R_10,4853.072,1,0.17699999999967986,BACKFILL_AUTO
2026-06-18 15:28:28,1781796508,R_10,4853.098,1,0.02599999999983993,BACKFILL_AUTO
2026-06-18 15:28:30,1781796510,R_10,4853.136,1,0.03800000000046566,BACKFILL_AUTO
2026-06-18 15:28:32,1781796512,R_10,4853.414,1,0.2779999999993379,BACKFILL_AUTO
2026-06-18 15:28:34,1781796514,R_10,4853.294,-1,0.11999999999989086,BACKFILL_AUTO
2026-06-18 15:28:36,1781796516,R_10,4853.076,-1,0.2179999999998472,BACKFILL_AUTO
2026-06-18 15:28:38,1781796518,R_10,4853.058,-1,0.018000000000029104,BACKFILL_AUTO
2026-06-18 15:28:40,1781796520,R_10,4852.748,-1,0.3100000000004002,BACKFILL_AUTO
2026-06-18 15:28:42,1781796522,R_10,4852.822,1,0.07400000000052387,BACKFILL_AUTO
2026-06-18 15:28:44,1781796524,R_10,4852.885,1,0.06300000000010186,BACKFILL_AUTO
2026-06-18 15:28:46,1781796526,R_10,4852.819,-1,0.06599999999980355,BACKFILL_AUTO
2026-06-18 15:28:48,1781796528,R_10,4852.869,1,0.049999999999272404,BACKFILL_AUTO
2026-06-18 15:28:50,1781796530,R_10,4853.064,1,0.19500000000061846,BACKFILL_AUTO
2026-06-18 15:28:52,1781796532,R_10,4853.218,1,0.15399999999954161,BACKFILL_AUTO
2026-06-18 15:28:54,1781796534,R_10,4853.273,1,0.05500000000029104,BACKFILL_AUTO
2026-06-18 15:28:56,1781796536,R_10,4853.168,-1,0.10500000000047294,BACKFILL_AUTO
2026-06-18 15:28:58,1781796538,R_10,4853.318,1,0.1500000000005457,BACKFILL_AUTO
2026-06-18 15:29:00,1781796540,R_10,4853.454,1,0.1359999999995125,BACKFILL_AUTO
2026-06-18 15:29:02,1781796542,R_10,4853.433,-1,0.02099999999973079,BACKFILL_AUTO
2026-06-18 15:29:04,1781796544,R_10,4853.314,-1,0.11899999999968713,BACKFILL_AUTO
2026-06-18 15:29:06,1781796546,R_10,4853.261,-1,0.052999999999883585,BACKFILL_AUTO
2026-06-18 15:29:08,1781796548,R_10,4853.204,-1,0.05700000000069849,BACKFILL_AUTO
2026-06-18 15:29:10,1781796550,R_10,4853.186,-1,0.018000000000029104,BACKFILL_AUTO
2026-06-18 15:29:12,1781796552,R_10,4853.195,1,0.009000000000014552,BACKFILL_AUTO
2026-06-18 15:29:14,1781796554,R_10,4853.131,-1,0.0639999999993961,BACKFILL_AUTO
2026-06-18 15:29:16,1781796556,R_10,4853.111,-1,0.020000000000436557,BACKFILL_AUTO
2026-06-18 15:29:18,1781796558,R_10,4853.356,1,0.24499999999989086,BACKFILL_AUTO
2026-06-18 15:29:20,1781796560,R_10,4853.442,1,0.0860000000002401,BACKFILL_AUTO
2026-06-18 15:29:22,1781796562,R_10,4853.193,-1,0.24899999999979627,BACKFILL_AUTO
2026-06-18 15:29:24,1781796564,R_10,4853.218,1,0.024999999999636202,BACKFILL_AUTO
2026-06-18 15:29:26,1781796566,R_10,4853.289,1,0.07099999999991269,BACKFILL_AUTO
2026-06-18 15:29:28,1781796568,R_10,4853.351,1,0.06199999999989814,BACKFILL_AUTO
2026-06-18 15:29:30,1781796570,R_10,4853.318,-1,0.03299999999944703,BACKFILL_AUTO
2026-06-18 15:29:32,1781796572,R_10,4853.037,-1,0.28099999999994907,BACKFILL_AUTO
2026-06-18 15:29:34,1781796574,R_10,4853.023,-1,0.014000000000123691,BACKFILL_AUTO
2026-06-18 15:29:36,1781796576,R_10,4852.974,-1,0.04899999999997817,BACKFILL_AUTO
2026-06-18 15:29:38,1781796578,R_10,4852.917,-1,0.056999999999789,BACKFILL_AUTO
2026-06-18 15:29:40,1781796580,R_10,4853.01,1,0.0929999999998472,BACKFILL_AUTO
2026-06-18 15:29:42,1781796582,R_10,4852.965,-1,0.04500000000007276,BACKFILL_AUTO
2026-06-18 15:29:44,1781796584,R_10,4852.959,-1,0.006000000000312866,BACKFILL_AUTO
2026-06-18 15:29:46,1781796586,R_10,4852.97,1,0.011000000000422006,BACKFILL_AUTO
2026-06-18 15:29:48,1781796588,R_10,4852.922,-1,0.04800000000068394,BACKFILL_AUTO
2026-06-18 15:29:50,1781796590,R_10,4852.77,-1,0.15199999999913416,BACKFILL_AUTO
2026-06-18 15:29:52,1781796592,R_10,4852.73,-1,0.040000000000873115,BACKFILL_AUTO
2026-06-18 15:29:54,1781796594,R_10,4852.88,1,0.1500000000005457,BACKFILL_AUTO
2026-06-18 15:29:56,1781796596,R_10,4852.883,1,0.0029999999997016857,BACKFILL_AUTO
2026-06-18 15:29:58,1781796598,R_10,4852.996,1,0.11300000000028376,BACKFILL_AUTO
2026-06-18 15:30:00,1781796600,R_10,4852.953,-1,0.042999999999665306,BACKFILL_AUTO
2026-06-18 15:30:02,1781796602,R_10,4852.9,-1,0.05300000000079308,BACKFILL_AUTO
2026-06-18 15:30:04,1781796604,R_10,4852.91,1,0.010000000000218279,BACKFILL_AUTO
2026-06-18 15:30:06,1781796606,R_10,4852.972,1,0.06199999999989814,BACKFILL_AUTO
2026-06-18 15:30:08,1781796608,R_10,4852.962,-1,0.009999999999308784,BACKFILL_AUTO
2026-06-18 15:30:10,1781796610,R_10,4852.902,-1,0.06000000000040018,BACKFILL_AUTO
2026-06-18 15:30:12,1781796612,R_10,4852.842,-1,0.06000000000040018,BACKFILL_AUTO
2026-06-18 15:30:14,1781796614,R_10,4852.895,1,0.05300000000079308,BACKFILL_AUTO
2026-06-18 15:30:16,1781796616,R_10,4852.937,1,0.04199999999946158,BACKFILL_AUTO
2026-06-18 15:30:18,1781796618,R_10,4852.926,-1,0.01099999999951251,BACKFILL_AUTO
2026-06-18 15:30:20,1781796620,R_10,4852.963,1,0.03699999999935244,BACKFILL_AUTO
2026-06-18 15:30:22,1781796622,R_10,4852.906,-1,0.056999999999789,BACKFILL_AUTO
2026-06-18 15:30:24,1781796624,R_10,4852.964,1,0.057999999999992724,BACKFILL_AUTO
2026-06-18 15:30:26,1781796626,R_10,4852.98,1,0.01599999999962165,BACKFILL_AUTO
2026-06-18 15:30:28,1781796628,R_10,4852.868,-1,0.11199999999917054,BACKFILL_AUTO
2026-06-18 15:30:30,1781796630,R_10,4852.927,1,0.058999999999286956,BACKFILL_AUTO
2026-06-18 15:30:32,1781796632,R_10,4853.089,1,0.16200000000026193,BACKFILL_AUTO
2026-06-18 15:30:34,1781796634,R_10,4853.129,1,0.03999999999996362,BACKFILL_AUTO
2026-06-18 15:30:36,1781796636,R_10,4853.131,1,0.0020000000004074536,BACKFILL_AUTO
2026-06-18 15:30:38,1781796638,R_10,4853.122,-1,0.009000000000014552,BACKFILL_AUTO
2026-06-18 15:30:40,1781796640,R_10,4853.274,1,0.15200000000004366,BACKFILL_AUTO
2026-06-18 15:30:42,1781796642,R_10,4853.524,1,0.25,BACKFILL_AUTO
2026-06-18 15:30:44,1781796644,R_10,4853.305,-1,0.21900000000005093,BACKFILL_AUTO
2026-06-18 15:30:46,1781796646,R_10,4853.36,1,0.054999999999381544,BACKFILL_AUTO
2026-06-18 15:30:48,1781796648,R_10,4853.377,1,0.01700000000073487,BACKFILL_AUTO
2026-06-18 15:30:50,1781796650,R_10,4853.163,-1,0.2140000000008513,BACKFILL_AUTO
2026-06-18 15:30:52,1781796652,R_10,4853.088,-1,0.0749999999998181,BACKFILL_AUTO
2026-06-18 15:30:54,1781796654,R_10,4853.163,1,0.0749999999998181,BACKFILL_AUTO
2026-06-18 15:30:56,1781796656,R_10,4853.157,-1,0.0059999999994033715,BACKFILL_AUTO
2026-06-18 15:30:58,1781796658,R_10,4853.102,-1,0.05500000000029104,BACKFILL_AUTO
2026-06-18 15:31:00,1781796660,R_10,4853.217,1,0.11499999999978172,BACKFILL_AUTO
2026-06-18 15:31:02,1781796662,R_10,4853.01,-1,0.2069999999994252,BACKFILL_AUTO
2026-06-18 15:31:04,1781796664,R_10,4853.107,1,0.09699999999975262,BACKFILL_AUTO
2026-06-18 15:31:06,1781796666,R_10,4853.181,1,0.07399999999961437,BACKFILL_AUTO
2026-06-18 15:31:08,1781796668,R_10,4853.205,1,0.02400000000034197,BACKFILL_AUTO
2026-06-18 15:31:10,1781796670,R_10,4853.424,1,0.21900000000005093,BACKFILL_AUTO
2026-06-18 15:31:12,1781796672,R_10,4853.473,1,0.04899999999997817,BACKFILL_AUTO
2026-06-18 15:31:14,1781796674,R_10,4853.43,-1,0.042999999999665306,BACKFILL_AUTO
2026-06-18 15:31:16,1781796676,R_10,4853.457,1,0.027000000000043656,BACKFILL_AUTO
2026-06-18 15:31:18,1781796678,R_10,4853.417,-1,0.03999999999996362,BACKFILL_AUTO
2026-06-18 15:31:20,1781796680,R_10,4853.327,-1,0.09000000000014552,BACKFILL_AUTO
2026-06-18 15:31:22,1781796682,R_10,4853.132,-1,0.19500000000061846,BACKFILL_AUTO
2026-06-18 15:31:24,1781796684,R_10,4853.016,-1,0.11599999999998545,BACKFILL_AUTO
2026-06-18 15:31:26,1781796686,R_10,4852.942,-1,0.07399999999961437,BACKFILL_AUTO
2026-06-18 15:31:28,1781796688,R_10,4852.648,-1,0.29399999999986903,BACKFILL_AUTO
2026-06-18 15:31:30,1781796690,R_10,4852.478,-1,0.17000000000007276,BACKFILL_AUTO
2026-06-18 15:31:32,1781796692,R_10,4852.14,-1,0.33799999999973807,BACKFILL_AUTO
2026-06-18 15:31:34,1781796694,R_10,4852.257,1,0.11699999999927968,BACKFILL_AUTO
2026-06-18 15:31:36,1781796696,R_10,4852.278,1,0.021000000000640284,BACKFILL_AUTO
2026-06-18 15:31:38,1781796698,R_10,4852.354,1,0.07600000000002183,BACKFILL_AUTO
2026-06-18 15:31:40,1781796700,R_10,4852.404,1,0.0500000000001819,BACKFILL_AUTO
2026-06-18 15:31:42,1781796702,R_10,4852.358,-1,0.046000000000276486,BACKFILL_AUTO
2026-06-18 15:31:44,1781796704,R_10,4852.24,-1,0.1180000000003929,BACKFILL_AUTO
2026-06-18 15:31:46,1781796706,R_10,4852.209,-1,0.03099999999994907,BACKFILL_AUTO
2026-06-18 15:31:48,1781796708,R_10,4852.314,1,0.10500000000047294,BACKFILL_AUTO
2026-06-18 15:31:50,1781796710,R_10,4852.274,-1,0.03999999999996362,BACKFILL_AUTO
2026-06-18 15:31:52,1781796712,R_10,4852.435,1,0.1610000000000582,BACKFILL_AUTO
2026-06-18 15:31:54,1781796714,R_10,4852.485,1,0.049999999999272404,BACKFILL_AUTO
2026-06-18 15:31:56,1781796716,R_10,4852.331,-1,0.15399999999954161,BACKFILL_AUTO
2026-06-18 15:31:58,1781796718,R_10,4852.462,1,0.13100000000031287,BACKFILL_AUTO
2026-06-18 15:32:00,1781796720,R_10,4852.367,-1,0.09500000000025466,BACKFILL_AUTO
2026-06-18 15:32:02,1781796722,R_10,4852.457,1,0.09000000000014552,BACKFILL_AUTO
2026-06-18 15:32:04,1781796724,R_10,4852.591,1,0.13400000000001455,BACKFILL_AUTO
2026-06-18 15:32:06,1781796726,R_10,4852.616,1,0.024999999999636202,BACKFILL_AUTO
2026-06-18 15:32:08,1781796728,R_10,4852.592,-1,0.02400000000034197,BACKFILL_AUTO
2026-06-18 15:32:10,1781796730,R_10,4852.419,-1,0.17299999999977445,BACKFILL_AUTO
2026-06-18 15:32:12,1781796732,R_10,4852.536,1,0.11700000000018917,BACKFILL_AUTO
2026-06-18 15:32:14,1781796734,R_10,4852.565,1,0.028999999999541615,BACKFILL_AUTO
2026-06-18 15:32:16,1781796736,R_10,4852.358,-1,0.2069999999994252,BACKFILL_AUTO
2026-06-18 15:32:18,1781796738,R_10,4852.413,1,0.054999999999381544,BACKFILL_AUTO
2026-06-18 15:32:20,1781796740,R_10,4852.213,-1,0.1999999999998181,BACKFILL_AUTO
2026-06-18 15:32:22,1781796742,R_10,4852.273,1,0.06000000000040018,BACKFILL_AUTO
2026-06-18 15:32:24,1781796744,R_10,4852.34,1,0.06700000000000728,BACKFILL_AUTO
2026-06-18 15:32:26,1781796746,R_10,4852.35,1,0.010000000000218279,BACKFILL_AUTO
2026-06-18 15:32:28,1781796748,R_10,4852.484,1,0.13400000000001455,BACKFILL_AUTO
2026-06-18 15:32:30,1781796750,R_10,4852.61,1,0.12599999999929423,BACKFILL_AUTO
2026-06-18 15:32:32,1781796752,R_10,4852.752,1,0.14200000000073487,BACKFILL_AUTO
2026-06-18 15:32:34,1781796754,R_10,4852.839,1,0.08699999999953434,BACKFILL_AUTO
2026-06-18 15:32:36,1781796756,R_10,4852.941,1,0.10199999999986176,BACKFILL_AUTO
2026-06-18 15:32:38,1781796758,R_10,4852.822,-1,0.11899999999968713,BACKFILL_AUTO
2026-06-18 15:32:40,1781796760,R_10,4852.843,1,0.02099999999973079,BACKFILL_AUTO
2026-06-18 15:32:42,1781796762,R_10,4852.653,-1,0.18999999999959982,BACKFILL_AUTO
2026-06-18 15:32:44,1781796764,R_10,4852.516,-1,0.13700000000062573,BACKFILL_AUTO
2026-06-18 15:32:46,1781796766,R_10,4852.422,-1,0.09400000000005093,BACKFILL_AUTO
2026-06-18 15:32:48,1781796768,R_10,4852.474,1,0.05200000000058935,BACKFILL_AUTO
2026-06-18 15:32:50,1781796770,R_10,4852.684,1,0.21000000000003638,BACKFILL_AUTO
2026-06-18 15:32:52,1781796772,R_10,4852.742,1,0.057999999999992724,BACKFILL_AUTO
2026-06-18 15:32:54,1781796774,R_10,4852.666,-1,0.07600000000002183,BACKFILL_AUTO
2026-06-18 15:32:56,1781796776,R_10,4852.319,-1,0.3469999999997526,BACKFILL_AUTO
2026-06-18 15:32:58,1781796778,R_10,4852.021,-1,0.29800000000068394,BACKFILL_AUTO
2026-06-18 15:33:00,1781796780,R_10,4852.048,1,0.027000000000043656,BACKFILL_AUTO
2026-06-18 15:33:02,1781796782,R_10,4852.03,-1,0.018000000000029104,BACKFILL_AUTO
2026-06-18 15:33:04,1781796784,R_10,4852.136,1,0.10600000000067666,BACKFILL_AUTO
2026-06-18 15:33:06,1781796786,R_10,4852.053,-1,0.08300000000053842,BACKFILL_AUTO
2026-06-18 15:33:08,1781796788,R_10,4851.842,-1,0.2110000000002401,BACKFILL_AUTO
2026-06-18 15:33:10,1781796790,R_10,4851.679,-1,0.16299999999955617,BACKFILL_AUTO
2026-06-18 15:33:12,1781796792,R_10,4851.853,1,0.17399999999997817,BACKFILL_AUTO
2026-06-18 15:33:14,1781796794,R_10,4851.825,-1,0.028000000000247383,BACKFILL_AUTO
2026-06-18 15:33:16,1781796796,R_10,4851.812,-1,0.012999999999919964,BACKFILL_AUTO
2026-06-18 15:33:18,1781796798,R_10,4851.893,1,0.08100000000013097,BACKFILL_AUTO
2026-06-18 15:33:20,1781796800,R_10,4851.902,1,0.009000000000014552,BACKFILL_AUTO
2026-06-18 15:33:22,1781796802,R_10,4851.73,-1,0.1720000000004802,BACKFILL_AUTO
2026-06-18 15:33:24,1781796804,R_10,4851.891,1,0.1610000000000582,BACKFILL_AUTO
2026-06-18 15:33:26,1781796806,R_10,4851.996,1,0.10500000000047294,BACKFILL_AUTO
2026-06-18 15:33:28,1781796808,R_10,4851.994,-1,0.0020000000004074536,BACKFILL_AUTO
2026-06-18 15:33:30,1781796810,R_10,4852.244,1,0.25,BACKFILL_AUTO
2026-06-18 15:33:32,1781796812,R_10,4852.363,1,0.11900000000059663,BACKFILL_AUTO
2026-06-18 15:33:34,1781796814,R_10,4852.125,-1,0.23800000000028376,BACKFILL_AUTO
2026-06-18 15:33:36,1781796816,R_10,4852.206,1,0.08100000000013097,BACKFILL_AUTO
2026-06-18 15:33:38,1781796818,R_10,4852.166,-1,0.03999999999996362,BACKFILL_AUTO
2026-06-18 15:33:40,1781796820,R_10,4852.17,1,0.0039999999999054126,BACKFILL_AUTO
2026-06-18 15:33:42,1781796822,R_10,4852.373,1,0.2029999999995198,BACKFILL_AUTO
2026-06-18 15:33:44,1781796824,R_10,4852.423,1,0.0500000000001819,BACKFILL_AUTO
2026-06-18 15:33:46,1781796826,R_10,4852.444,1,0.021000000000640284,BACKFILL_AUTO
2026-06-18 15:33:48,1781796828,R_10,4852.706,1,0.26199999999971624,BACKFILL_AUTO
2026-06-18 15:33:50,1781796830,R_10,4852.667,-1,0.03899999999975989,BACKFILL_AUTO
2026-06-18 15:33:52,1781796832,R_10,4852.663,-1,0.004000000000814907,BACKFILL_AUTO
2026-06-18 15:33:54,1781796834,R_10,4852.648,-1,0.014999999999417923,BACKFILL_AUTO
2026-06-18 15:33:56,1781796836,R_10,4852.684,1,0.03600000000005821,BACKFILL_AUTO
2026-06-18 15:33:58,1781796838,R_10,4852.621,-1,0.06300000000010186,BACKFILL_AUTO
2026-06-18 15:34:00,1781796840,R_10,4852.65,1,0.028999999999541615,BACKFILL_AUTO
2026-06-18 15:34:02,1781796842,R_10,4852.702,1,0.05200000000058935,BACKFILL_AUTO
2026-06-18 15:34:04,1781796844,R_10,4852.622,-1,0.07999999999992724,BACKFILL_AUTO
2026-06-18 15:34:06,1781796846,R_10,4852.58,-1,0.042000000000371074,BACKFILL_AUTO
2026-06-18 15:34:08,1781796848,R_10,4852.625,1,0.04500000000007276,BACKFILL_AUTO
2026-06-18 15:34:10,1781796850,R_10,4852.38,-1,0.24499999999989086,BACKFILL_AUTO
2026-06-18 15:34:12,1781796852,R_10,4852.389,1,0.009000000000014552,BACKFILL_AUTO
2026-06-18 15:34:14,1781796854,R_10,4852.576,1,0.18699999999989814,BACKFILL_AUTO
2026-06-18 15:34:16,1781796856,R_10,4852.815,1,0.238999999999578,BACKFILL_AUTO
2026-06-18 15:34:18,1781796858,R_10,4852.644,-1,0.170999999999367,BACKFILL_AUTO
2026-06-18 15:34:20,1781796860,R_10,4852.809,1,0.16499999999996362,BACKFILL_AUTO
2026-06-18 15:34:22,1781796862,R_10,4853.12,1,0.3109999999996944,BACKFILL_AUTO
2026-06-18 15:34:24,1781796864,R_10,4853.093,-1,0.027000000000043656,BACKFILL_AUTO
2026-06-18 15:34:26,1781796866,R_10,4853.282,1,0.1890000000003056,BACKFILL_AUTO
2026-06-18 15:34:28,1781796868,R_10,4853.25,-1,0.032000000000152795,BACKFILL_AUTO
2026-06-18 15:34:30,1781796870,R_10,4853.322,1,0.07200000000011642,BACKFILL_AUTO
2026-06-18 15:34:32,1781796872,R_10,4853.205,-1,0.11700000000018917,BACKFILL_AUTO
2026-06-18 15:34:34,1781796874,R_10,4853.105,-1,0.1000000000003638,BACKFILL_AUTO
2026-06-18 15:34:36,1781796876,R_10,4853.231,1,0.12600000000020373,BACKFILL_AUTO
2026-06-18 15:34:38,1781796878,R_10,4853.342,1,0.11099999999987631,BACKFILL_AUTO
2026-06-18 15:34:40,1781796880,R_10,4853.523,1,0.18100000000049477,BACKFILL_AUTO
2026-06-18 15:34:42,1781796882,R_10,4853.454,-1,0.06900000000041473,BACKFILL_AUTO
2026-06-18 15:34:44,1781796884,R_10,4853.561,1,0.1069999999999709,BACKFILL_AUTO
2026-06-18 15:34:46,1781796886,R_10,4853.472,-1,0.08899999999994179,BACKFILL_AUTO
2026-06-18 15:34:48,1781796888,R_10,4853.517,1,0.04500000000007276,BACKFILL_AUTO
2026-06-18 15:34:50,1781796890,R_10,4853.273,-1,0.24399999999968713,BACKFILL_AUTO
2026-06-18 15:34:52,1781796892,R_10,4853.417,1,0.14400000000023283,BACKFILL_AUTO
2026-06-18 15:34:54,1781796894,R_10,4853.324,-1,0.0930000000007567,BACKFILL_AUTO
2026-06-18 15:34:56,1781796896,R_10,4853.313,-1,0.01099999999951251,BACKFILL_AUTO
2026-06-18 15:34:58,1781796898,R_10,4853.338,1,0.024999999999636202,BACKFILL_AUTO
2026-06-18 15:35:00,1781796900,R_10,4853.295,-1,0.042999999999665306,BACKFILL_AUTO
2026-06-18 15:35:02,1781796902,R_10,4853.358,1,0.06300000000010186,BACKFILL_AUTO
2026-06-18 15:35:04,1781796904,R_10,4853.435,1,0.07700000000022555,BACKFILL_AUTO
2026-06-18 15:35:06,1781796906,R_10,4853.549,1,0.113999999999578,BACKFILL_AUTO
2026-06-18 15:35:08,1781796908,R_10,4853.587,1,0.03800000000046566,BACKFILL_AUTO
2026-06-18 15:35:10,1781796910,R_10,4853.76,1,0.17299999999977445,BACKFILL_AUTO
2026-06-18 15:35:12,1781796912,R_10,4853.744,-1,0.016000000000531145,BACKFILL_AUTO
2026-06-18 15:35:14,1781796914,R_10,4853.651,-1,0.0929999999998472,BACKFILL_AUTO
2026-06-18 15:35:16,1781796916,R_10,4853.579,-1,0.07200000000011642,BACKFILL_AUTO
2026-06-18 15:35:18,1781796918,R_10,4853.408,-1,0.170999999999367,BACKFILL_AUTO
2026-06-18 15:35:20,1781796920,R_10,4853.285,-1,0.12300000000050204,BACKFILL_AUTO
2026-06-18 15:35:22,1781796922,R_10,4853.652,1,0.3670000000001892,BACKFILL_AUTO
2026-06-18 15:35:24,1781796924,R_10,4853.382,-1,0.27000000000043656,BACKFILL_AUTO
2026-06-18 15:35:26,1781796926,R_10,4853.387,1,0.005000000000109139,BACKFILL_AUTO
2026-06-18 15:35:28,1781796928,R_10,4853.39,1,0.0030000000006111804,BACKFILL_AUTO
2026-06-18 15:35:30,1781796930,R_10,4853.555,1,0.16499999999996362,BACKFILL_AUTO
2026-06-18 15:35:32,1781796932,R_10,4853.54,-1,0.015000000000327418,BACKFILL_AUTO
2026-06-18 15:35:34,1781796934,R_10,4853.53,-1,0.010000000000218279,BACKFILL_AUTO
2026-06-18 15:35:36,1781796936,R_10,4853.68,1,0.1500000000005457,BACKFILL_AUTO
2026-06-18 15:35:38,1781796938,R_10,4853.811,1,0.13099999999940337,BACKFILL_AUTO
2026-06-18 15:35:40,1781796940,R_10,4853.6,-1,0.2109999999993306,BACKFILL_AUTO
2026-06-18 15:35:42,1781796942,R_10,4853.505,-1,0.09500000000025466,BACKFILL_AUTO
2026-06-18 15:35:44,1781796944,R_10,4853.627,1,0.12200000000029831,BACKFILL_AUTO
2026-06-18 15:35:46,1781796946,R_10,4853.452,-1,0.1750000000001819,BACKFILL_AUTO
2026-06-18 15:35:48,1781796948,R_10,4853.783,1,0.33100000000013097,BACKFILL_AUTO
2026-06-18 15:35:50,1781796950,R_10,4853.736,-1,0.04700000000048021,BACKFILL_AUTO
2026-06-18 15:35:52,1781796952,R_10,4853.676,-1,0.05999999999949068,BACKFILL_AUTO
2026-06-18 15:35:54,1781796954,R_10,4853.624,-1,0.05200000000058935,BACKFILL_AUTO
2026-06-18 15:35:56,1781796956,R_10,4853.601,-1,0.023000000000138243,BACKFILL_AUTO
2026-06-18 15:35:58,1781796958,R_10,4853.881,1,0.28000000000065484,BACKFILL_AUTO
2026-06-18 15:36:00,1781796960,R_10,4853.915,1,0.033999999999650754,BACKFILL_AUTO
2026-06-18 15:36:02,1781796962,R_10,4853.804,-1,0.11099999999987631,BACKFILL_AUTO
2026-06-18 15:36:04,1781796964,R_10,4853.898,1,0.09400000000005093,BACKFILL_AUTO
2026-06-18 15:36:06,1781796966,R_10,4853.879,-1,0.01900000000023283,BACKFILL_AUTO
2026-06-18 15:36:08,1781796968,R_10,4854.076,1,0.19700000000011642,BACKFILL_AUTO
2026-06-18 15:36:10,1781796970,R_10,4854.067,-1,0.009000000000014552,BACKFILL_AUTO
2026-06-18 15:36:12,1781796972,R_10,4854.146,1,0.07899999999972351,BACKFILL_AUTO
2026-06-18 15:36:14,1781796974,R_10,4854.268,1,0.12200000000029831,BACKFILL_AUTO
2026-06-18 15:36:16,1781796976,R_10,4853.954,-1,0.3140000000003056,BACKFILL_AUTO
2026-06-18 15:36:18,1781796978,R_10,4854.047,1,0.0929999999998472,BACKFILL_AUTO
2026-06-18 15:36:20,1781796980,R_10,4854.182,1,0.13500000000021828,BACKFILL_AUTO
2026-06-18 15:36:22,1781796982,R_10,4854.1,-1,0.0819999999994252,BACKFILL_AUTO
2026-06-18 15:36:24,1781796984,R_10,4853.892,-1,0.20800000000053842,BACKFILL_AUTO
2026-06-18 15:36:26,1781796986,R_10,4853.819,-1,0.07299999999941065,BACKFILL_AUTO
2026-06-18 15:36:28,1781796988,R_10,4853.926,1,0.1069999999999709,BACKFILL_AUTO
2026-06-18 15:36:30,1781796990,R_10,4853.814,-1,0.11200000000008004,BACKFILL_AUTO
2026-06-18 15:36:32,1781796992,R_10,4853.736,-1,0.07800000000042928,BACKFILL_AUTO
2026-06-18 15:36:34,1781796994,R_10,4853.719,-1,0.016999999999825377,BACKFILL_AUTO
2026-06-18 15:36:36,1781796996,R_10,4853.699,-1,0.020000000000436557,BACKFILL_AUTO
2026-06-18 15:36:38,1781796998,R_10,4853.823,1,0.12400000000070577,BACKFILL_AUTO
2026-06-18 15:36:40,1781797000,R_10,4853.84,1,0.016999999999825377,BACKFILL_AUTO
2026-06-18 15:36:42,1781797002,R_10,4853.871,1,0.03099999999994907,BACKFILL_AUTO
2026-06-18 15:36:44,1781797004,R_10,4853.801,-1,0.06999999999970896,BACKFILL_AUTO
2026-06-18 15:36:46,1781797006,R_10,4853.686,-1,0.11500000000069122,BACKFILL_AUTO
2026-06-18 15:36:48,1781797008,R_10,4853.909,1,0.22299999999995634,BACKFILL_AUTO
2026-06-18 15:36:50,1781797010,R_10,4854.002,1,0.0930000000007567,BACKFILL_AUTO
2026-06-18 15:36:52,1781797012,R_10,4853.971,-1,0.031000000000858563,BACKFILL_AUTO
2026-06-18 15:36:54,1781797014,R_10,4854.042,1,0.07100000000082218,BACKFILL_AUTO
2026-06-18 15:36:56,1781797016,R_10,4854.088,1,0.04599999999936699,BACKFILL_AUTO
2026-06-18 15:36:58,1781797018,R_10,4854.149,1,0.061000000000603904,BACKFILL_AUTO
2026-06-18 15:37:00,1781797020,R_10,4854.177,1,0.027999999999337888,BACKFILL_AUTO
2026-06-18 15:37:02,1781797022,R_10,4854.215,1,0.03800000000046566,BACKFILL_AUTO
2026-06-18 15:37:04,1781797024,R_10,4854.167,-1,0.047999999999774445,BACKFILL_AUTO
2026-06-18 15:37:06,1781797026,R_10,4854.217,1,0.049999999999272404,BACKFILL_AUTO
2026-06-18 15:37:08,1781797028,R_10,4854.139,-1,0.07799999999951979,BACKFILL_AUTO
2026-06-18 15:37:10,1781797030,R_10,4854.279,1,0.14000000000032742,BACKFILL_AUTO
2026-06-18 15:37:12,1781797032,R_10,4854.389,1,0.10999999999967258,BACKFILL_AUTO
2026-06-18 15:37:14,1781797034,R_10,4854.299,-1,0.09000000000014552,BACKFILL_AUTO
2026-06-18 15:37:16,1781797036,R_10,4854.469,1,0.17000000000007276,BACKFILL_AUTO
2026-06-18 15:37:18,1781797038,R_10,4854.418,-1,0.051000000000385626,BACKFILL_AUTO
2026-06-18 15:37:20,1781797040,R_10,4854.423,1,0.005000000000109139,BACKFILL_AUTO
2026-06-18 15:37:22,1781797042,R_10,4854.361,-1,0.06199999999989814,BACKFILL_AUTO
2026-06-18 15:37:24,1781797044,R_10,4854.094,-1,0.2669999999998254,BACKFILL_AUTO
2026-06-18 15:37:26,1781797046,R_10,4853.949,-1,0.14500000000043656,BACKFILL_AUTO
2026-06-18 15:37:28,1781797048,R_10,4853.935,-1,0.013999999999214197,BACKFILL_AUTO
2026-06-18 15:37:30,1781797050,R_10,4853.936,1,0.0009999999992942321,BACKFILL_AUTO
2026-06-18 15:37:32,1781797052,R_10,4853.873,-1,0.06300000000010186,BACKFILL_AUTO
2026-06-18 15:37:34,1781797054,R_10,4853.801,-1,0.07199999999920692,BACKFILL_AUTO
2026-06-18 15:37:36,1781797056,R_10,4853.628,-1,0.17300000000068394,BACKFILL_AUTO
2026-06-18 15:37:38,1781797058,R_10,4853.556,-1,0.07200000000011642,BACKFILL_AUTO
2026-06-18 15:37:40,1781797060,R_10,4853.555,-1,0.0009999999992942321,BACKFILL_AUTO
2026-06-18 15:37:42,1781797062,R_10,4853.568,1,0.012999999999919964,BACKFILL_AUTO
2026-06-18 15:37:44,1781797064,R_10,4853.72,1,0.15200000000004366,BACKFILL_AUTO
2026-06-18 15:37:46,1781797066,R_10,4853.77,1,0.0500000000001819,BACKFILL_AUTO
2026-06-18 15:37:48,1781797068,R_10,4853.833,1,0.06299999999919237,BACKFILL_AUTO
2026-06-18 15:37:50,1781797070,R_10,4853.876,1,0.0430000000005748,BACKFILL_AUTO
2026-06-18 15:37:52,1781797072,R_10,4853.984,1,0.10800000000017462,BACKFILL_AUTO
2026-06-18 15:37:54,1781797074,R_10,4853.998,1,0.013999999999214197,BACKFILL_AUTO
2026-06-18 15:37:56,1781797076,R_10,4854.107,1,0.10900000000037835,BACKFILL_AUTO
2026-06-18 15:37:58,1781797078,R_10,4853.999,-1,0.10800000000017462,BACKFILL_AUTO
2026-06-18 15:38:00,1781797080,R_10,4853.981,-1,0.018000000000029104,BACKFILL_AUTO
2026-06-18 15:38:02,1781797082,R_10,4853.941,-1,0.03999999999996362,BACKFILL_AUTO
2026-06-18 15:38:04,1781797084,R_10,4853.898,-1,0.042999999999665306,BACKFILL_AUTO
2026-06-18 15:38:06,1781797086,R_10,4853.989,1,0.09099999999943975,BACKFILL_AUTO
2026-06-18 15:38:08,1781797088,R_10,4853.902,-1,0.08699999999953434,BACKFILL_AUTO
2026-06-18 15:38:10,1781797090,R_10,4853.956,1,0.05400000000008731,BACKFILL_AUTO
2026-06-18 15:38:12,1781797092,R_10,4854.104,1,0.14800000000013824,BACKFILL_AUTO
2026-06-18 15:38:14,1781797094,R_10,4854.079,-1,0.025000000000545697,BACKFILL_AUTO
2026-06-18 15:38:16,1781797096,R_10,4853.895,-1,0.18399999999928696,BACKFILL_AUTO
2026-06-18 15:38:18,1781797098,R_10,4854.059,1,0.1639999999997599,BACKFILL_AUTO
2026-06-18 15:38:20,1781797100,R_10,4853.903,-1,0.15599999999994907,BACKFILL_AUTO
2026-06-18 15:38:22,1781797102,R_10,4853.98,1,0.07699999999931606,BACKFILL_AUTO
2026-06-18 15:38:24,1781797104,R_10,4853.963,-1,0.016999999999825377,BACKFILL_AUTO
2026-06-18 15:38:26,1781797106,R_10,4854.007,1,0.04399999999986903,BACKFILL_AUTO
2026-06-18 15:38:28,1781797108,R_10,4854.032,1,0.025000000000545697,BACKFILL_AUTO
2026-06-18 15:38:30,1781797110,R_10,4853.846,-1,0.1860000000006039,BACKFILL_AUTO
2026-06-18 15:38:32,1781797112,R_10,4853.728,-1,0.11799999999948341,BACKFILL_AUTO
2026-06-18 15:38:34,1781797114,R_10,4853.451,-1,0.27700000000004366,BACKFILL_AUTO
2026-06-18 15:38:36,1781797116,R_10,4853.458,1,0.006999999999607098,BACKFILL_AUTO
2026-06-18 15:38:38,1781797118,R_10,4853.355,-1,0.10300000000006548,BACKFILL_AUTO
2026-06-18 15:38:40,1781797120,R_10,4853.388,1,0.03300000000035652,BACKFILL_AUTO
2026-06-18 15:38:42,1781797122,R_10,4853.472,1,0.08399999999983265,BACKFILL_AUTO
2026-06-18 15:38:44,1781797124,R_10,4853.489,1,0.016999999999825377,BACKFILL_AUTO
2026-06-18 15:38:46,1781797126,R_10,4853.421,-1,0.06799999999930151,BACKFILL_AUTO
2026-06-18 15:38:48,1781797128,R_10,4853.276,-1,0.14500000000043656,BACKFILL_AUTO
2026-06-18 15:38:50,1781797130,R_10,4853.206,-1,0.06999999999970896,BACKFILL_AUTO
2026-06-18 15:38:52,1781797132,R_10,4853.057,-1,0.14900000000034197,BACKFILL_AUTO
2026-06-18 15:38:54,1781797134,R_10,4853.159,1,0.10199999999986176,BACKFILL_AUTO
2026-06-18 15:38:56,1781797136,R_10,4853.166,1,0.007000000000516593,BACKFILL_AUTO
2026-06-18 15:38:58,1781797138,R_10,4853.131,-1,0.03499999999985448,BACKFILL_AUTO
2026-06-18 15:39:00,1781797140,R_10,4853.261,1,0.13000000000010914,BACKFILL_AUTO
2026-06-18 15:39:02,1781797142,R_10,4853.295,1,0.033999999999650754,BACKFILL_AUTO
2026-06-18 15:39:04,1781797144,R_10,4853.404,1,0.10900000000037835,BACKFILL_AUTO
2026-06-18 15:39:06,1781797146,R_10,4853.334,-1,0.07000000000061846,BACKFILL_AUTO
2026-06-18 15:39:08,1781797148,R_10,4853.372,1,0.03800000000046566,BACKFILL_AUTO
2026-06-18 15:39:10,1781797150,R_10,4853.462,1,0.09000000000014552,BACKFILL_AUTO
2026-06-18 15:39:12,1781797152,R_10,4853.511,1,0.04899999999997817,BACKFILL_AUTO
2026-06-18 15:39:14,1781797154,R_10,4853.195,-1,0.31600000000071304,BACKFILL_AUTO
2026-06-18 15:39:16,1781797156,R_10,4853.313,1,0.1180000000003929,BACKFILL_AUTO
2026-06-18 15:39:18,1781797158,R_10,4853.415,1,0.10199999999986176,BACKFILL_AUTO
2026-06-18 15:39:20,1781797160,R_10,4853.524,1,0.10900000000037835,BACKFILL_AUTO
2026-06-18 15:39:22,1781797162,R_10,4853.41,-1,0.11400000000048749,BACKFILL_AUTO
2026-06-18 15:39:24,1781797164,R_10,4853.541,1,0.13100000000031287,BACKFILL_AUTO
2026-06-18 15:39:26,1781797166,R_10,4853.635,1,0.09400000000005093,BACKFILL_AUTO
2026-06-18 15:39:28,1781797168,R_10,4853.735,1,0.0999999999994543,BACKFILL_AUTO
2026-06-18 15:39:30,1781797170,R_10,4853.714,-1,0.02099999999973079,BACKFILL_AUTO
2026-06-18 15:39:32,1781797172,R_10,4853.614,-1,0.1000000000003638,BACKFILL_AUTO
2026-06-18 15:39:34,1781797174,R_10,4853.876,1,0.26200000000062573,BACKFILL_AUTO
2026-06-18 15:39:36,1781797176,R_10,4853.9,1,0.023999999999432475,BACKFILL_AUTO
2026-06-18 15:39:38,1781797178,R_10,4853.64,-1,0.2599999999993088,BACKFILL_AUTO
2026-06-18 15:39:40,1781797180,R_10,4853.492,-1,0.14800000000013824,BACKFILL_AUTO
2026-06-18 15:39:42,1781797182,R_10,4853.503,1,0.01099999999951251,BACKFILL_AUTO
2026-06-18 15:39:44,1781797184,R_10,4853.562,1,0.05900000000019645,BACKFILL_AUTO
2026-06-18 15:39:46,1781797186,R_10,4853.538,-1,0.02400000000034197,BACKFILL_AUTO
2026-06-18 15:39:48,1781797188,R_10,4853.692,1,0.1540000000004511,BACKFILL_AUTO
2026-06-18 15:39:50,1781797190,R_10,4853.79,1,0.09799999999995634,BACKFILL_AUTO
2026-06-18 15:39:52,1781797192,R_10,4853.796,1,0.006000000000312866,BACKFILL_AUTO
2026-06-18 15:39:54,1781797194,R_10,4853.691,-1,0.10500000000047294,BACKFILL_AUTO
2026-06-18 15:39:56,1781797196,R_10,4853.753,1,0.06199999999989814,BACKFILL_AUTO
2026-06-18 15:39:58,1781797198,R_10,4853.864,1,0.11099999999987631,BACKFILL_AUTO
2026-06-18 15:40:00,1781797200,R_10,4853.635,-1,0.22899999999935972,BACKFILL_AUTO
2026-06-18 15:40:02,1781797202,R_10,4853.368,-1,0.2669999999998254,BACKFILL_AUTO
2026-06-18 15:40:04,1781797204,R_10,4853.469,1,0.10099999999965803,BACKFILL_AUTO
2026-06-18 15:40:06,1781797206,R_10,4853.343,-1,0.12600000000020373,BACKFILL_AUTO
2026-06-18 15:40:08,1781797208,R_10,4853.286,-1,0.056999999999789,BACKFILL_AUTO
2026-06-18 15:40:10,1781797210,R_10,4853.454,1,0.1679999999996653,BACKFILL_AUTO
2026-06-18 15:40:12,1781797212,R_10,4853.437,-1,0.016999999999825377,BACKFILL_AUTO
2026-06-18 15:40:14,1781797214,R_10,4853.595,1,0.15800000000035652,BACKFILL_AUTO
2026-06-18 15:40:16,1781797216,R_10,4853.636,1,0.04100000000016735,BACKFILL_AUTO
2026-06-18 15:40:18,1781797218,R_10,4853.594,-1,0.042000000000371074,BACKFILL_AUTO
2026-06-18 15:40:20,1781797220,R_10,4853.589,-1,0.005000000000109139,BACKFILL_AUTO
2026-06-18 15:40:22,1781797222,R_10,4853.346,-1,0.2430000000003929,BACKFILL_AUTO
2026-06-18 15:40:24,1781797224,R_10,4853.582,1,0.2360000000007858,BACKFILL_AUTO
2026-06-18 15:40:26,1781797226,R_10,4853.593,1,0.01099999999951251,BACKFILL_AUTO
2026-06-18 15:40:28,1781797228,R_10,4853.651,1,0.057999999999992724,BACKFILL_AUTO
2026-06-18 15:40:30,1781797230,R_10,4853.464,-1,0.18699999999989814,BACKFILL_AUTO
2026-06-18 15:40:32,1781797232,R_10,4853.359,-1,0.10499999999956344,BACKFILL_AUTO
2026-06-18 15:40:34,1781797234,R_10,4853.433,1,0.07399999999961437,BACKFILL_AUTO
2026-06-18 15:40:36,1781797236,R_10,4853.46,1,0.027000000000043656,BACKFILL_AUTO
2026-06-18 15:40:38,1781797238,R_10,4853.313,-1,0.14699999999993452,BACKFILL_AUTO
2026-06-18 15:40:40,1781797240,R_10,4853.081,-1,0.2319999999999709,BACKFILL_AUTO
2026-06-18 15:40:42,1781797242,R_10,4852.91,-1,0.1710000000002765,BACKFILL_AUTO
2026-06-18 15:40:44,1781797244,R_10,4852.739,-1,0.1710000000002765,BACKFILL_AUTO
2026-06-18 15:40:46,1781797246,R_10,4852.527,-1,0.21199999999953434,BACKFILL_AUTO
2026-06-18 15:40:48,1781797248,R_10,4852.374,-1,0.15300000000024738,BACKFILL_AUTO
2026-06-18 15:40:50,1781797250,R_10,4852.089,-1,0.2849999999998545,BACKFILL_AUTO
2026-06-18 15:40:52,1781797252,R_10,4852.038,-1,0.051000000000385626,BACKFILL_AUTO
2026-06-18 15:40:54,1781797254,R_10,4851.954,-1,0.08399999999983265,BACKFILL_AUTO
2026-06-18 15:40:56,1781797256,R_10,4851.959,1,0.005000000000109139,BACKFILL_AUTO
2026-06-18 15:40:58,1781797258,R_10,4851.903,-1,0.05599999999958527,BACKFILL_AUTO
2026-06-18 15:41:00,1781797260,R_10,4852.116,1,0.21299999999973807,BACKFILL_AUTO
2026-06-18 15:41:02,1781797262,R_10,4852.011,-1,0.10499999999956344,BACKFILL_AUTO
2026-06-18 15:41:04,1781797264,R_10,4851.984,-1,0.027000000000043656,BACKFILL_AUTO
2026-06-18 15:41:06,1781797266,R_10,4852.007,1,0.02299999999922875,BACKFILL_AUTO
2026-06-18 15:41:08,1781797268,R_10,4852.176,1,0.16900000000077853,BACKFILL_AUTO
2026-06-18 15:41:10,1781797270,R_10,4851.985,-1,0.19100000000071304,BACKFILL_AUTO
2026-06-18 15:41:12,1781797272,R_10,4851.896,-1,0.08899999999994179,BACKFILL_AUTO
2026-06-18 15:41:14,1781797274,R_10,4851.946,1,0.0500000000001819,BACKFILL_AUTO
2026-06-18 15:41:16,1781797276,R_10,4851.94,-1,0.006000000000312866,BACKFILL_AUTO
2026-06-18 15:41:18,1781797278,R_10,4851.898,-1,0.04199999999946158,BACKFILL_AUTO
2026-06-18 15:41:20,1781797280,R_10,4851.703,-1,0.19499999999970896,BACKFILL_AUTO
2026-06-18 15:41:22,1781797282,R_10,4851.685,-1,0.018000000000029104,BACKFILL_AUTO
2026-06-18 15:41:24,1781797284,R_10,4851.757,1,0.07199999999920692,BACKFILL_AUTO
2026-06-18 15:41:26,1781797286,R_10,4851.898,1,0.14100000000053114,BACKFILL_AUTO
2026-06-18 15:41:28,1781797288,R_10,4851.795,-1,0.10300000000006548,BACKFILL_AUTO
2026-06-18 15:41:30,1781797290,R_10,4852.012,1,0.21699999999964348,BACKFILL_AUTO
2026-06-18 15:41:32,1781797292,R_10,4852.098,1,0.0860000000002401,BACKFILL_AUTO
2026-06-18 15:41:34,1781797294,R_10,4852.048,-1,0.0500000000001819,BACKFILL_AUTO
2026-06-18 15:41:36,1781797296,R_10,4851.954,-1,0.09400000000005093,BACKFILL_AUTO
2026-06-18 15:41:38,1781797298,R_10,4851.78,-1,0.17399999999997817,BACKFILL_AUTO
2026-06-18 15:41:40,1781797300,R_10,4851.717,-1,0.06300000000010186,BACKFILL_AUTO
2026-06-18 15:41:42,1781797302,R_10,4851.893,1,0.17600000000038563,BACKFILL_AUTO
2026-06-18 15:41:44,1781797304,R_10,4852.08,1,0.18699999999989814,BACKFILL_AUTO
2026-06-18 15:41:46,1781797306,R_10,4852.061,-1,0.01900000000023283,BACKFILL_AUTO
2026-06-18 15:41:48,1781797308,R_10,4852.106,1,0.04500000000007276,BACKFILL_AUTO
2026-06-18 15:41:50,1781797310,R_10,4852.107,1,0.0010000000002037268,BACKFILL_AUTO
2026-06-18 15:41:52,1781797312,R_10,4852.038,-1,0.06900000000041473,BACKFILL_AUTO
2026-06-18 15:41:54,1781797314,R_10,4852.023,-1,0.014999999999417923,BACKFILL_AUTO
2026-06-18 15:41:56,1781797316,R_10,4852.161,1,0.13799999999991996,BACKFILL_AUTO
2026-06-18 15:41:58,1781797318,R_10,4852.149,-1,0.011999999999716238,BACKFILL_AUTO
2026-06-18 15:42:00,1781797320,R_10,4852.084,-1,0.06500000000050932,BACKFILL_AUTO
2026-06-18 15:42:02,1781797322,R_10,4852.107,1,0.023000000000138243,BACKFILL_AUTO
2026-06-18 15:42:04,1781797324,R_10,4851.934,-1,0.17299999999977445,BACKFILL_AUTO
2026-06-18 15:42:06,1781797326,R_10,4852.016,1,0.0819999999994252,BACKFILL_AUTO
2026-06-18 15:42:08,1781797328,R_10,4852.095,1,0.07900000000063301,BACKFILL_AUTO
2026-06-18 15:42:10,1781797330,R_10,4851.968,-1,0.12700000000040745,BACKFILL_AUTO
2026-06-18 15:42:12,1781797332,R_10,4852.039,1,0.07099999999991269,BACKFILL_AUTO
2026-06-18 15:42:14,1781797334,R_10,4852.173,1,0.13400000000001455,BACKFILL_AUTO
2026-06-18 15:42:16,1781797336,R_10,4851.971,-1,0.20200000000022555,BACKFILL_AUTO
2026-06-18 15:42:18,1781797338,R_10,4851.713,-1,0.2579999999998108,BACKFILL_AUTO
2026-06-18 15:42:20,1781797340,R_10,4851.938,1,0.2250000000003638,BACKFILL_AUTO
2026-06-18 15:42:22,1781797342,R_10,4851.596,-1,0.342000000000553,BACKFILL_AUTO
2026-06-18 15:42:24,1781797344,R_10,4851.532,-1,0.0639999999993961,BACKFILL_AUTO
2026-06-18 15:42:26,1781797346,R_10,4851.485,-1,0.04700000000048021,BACKFILL_AUTO
2026-06-18 15:42:28,1781797348,R_10,4851.493,1,0.00800000000072032,BACKFILL_AUTO
2026-06-18 15:42:30,1781797350,R_10,4851.438,-1,0.05500000000029104,BACKFILL_AUTO
2026-06-18 15:42:32,1781797352,R_10,4851.428,-1,0.010000000000218279,BACKFILL_AUTO
2026-06-18 15:42:34,1781797354,R_10,4851.575,1,0.14699999999993452,BACKFILL_AUTO
2026-06-18 15:42:36,1781797356,R_10,4851.568,-1,0.006999999999607098,BACKFILL_AUTO
2026-06-18 15:42:38,1781797358,R_10,4851.585,1,0.016999999999825377,BACKFILL_AUTO
2026-06-18 15:42:40,1781797360,R_10,4851.674,1,0.08899999999994179,BACKFILL_AUTO
2026-06-18 15:42:42,1781797362,R_10,4851.682,1,0.007999999999810825,BACKFILL_AUTO
2026-06-18 15:42:44,1781797364,R_10,4851.574,-1,0.10800000000017462,BACKFILL_AUTO
2026-06-18 15:42:46,1781797366,R_10,4851.424,-1,0.1499999999996362,BACKFILL_AUTO
2026-06-18 15:42:48,1781797368,R_10,4851.388,-1,0.03600000000005821,BACKFILL_AUTO
2026-06-18 15:42:50,1781797370,R_10,4851.365,-1,0.023000000000138243,BACKFILL_AUTO
2026-06-18 15:42:52,1781797372,R_10,4851.451,1,0.0860000000002401,BACKFILL_AUTO
2026-06-18 15:42:54,1781797374,R_10,4851.346,-1,0.10500000000047294,BACKFILL_AUTO
2026-06-18 15:42:56,1781797376,R_10,4851.5,1,0.1540000000004511,BACKFILL_AUTO
2026-06-18 15:42:58,1781797378,R_10,4851.155,-1,0.34500000000025466,BACKFILL_AUTO
2026-06-18 15:43:00,1781797380,R_10,4851.286,1,0.13100000000031287,BACKFILL_AUTO
2026-06-18 15:43:02,1781797382,R_10,4851.295,1,0.009000000000014552,BACKFILL_AUTO
2026-06-18 15:43:04,1781797384,R_10,4851.244,-1,0.051000000000385626,BACKFILL_AUTO
2026-06-18 15:43:06,1781797386,R_10,4851.291,1,0.04700000000048021,BACKFILL_AUTO
2026-06-18 15:43:08,1781797388,R_10,4851.124,-1,0.16700000000037107,BACKFILL_AUTO
2026-06-18 15:43:10,1781797390,R_10,4850.993,-1,0.13099999999940337,BACKFILL_AUTO
2026-06-18 15:43:12,1781797392,R_10,4850.861,-1,0.1320000000005166,BACKFILL_AUTO
2026-06-18 15:43:14,1781797394,R_10,4850.794,-1,0.06700000000000728,BACKFILL_AUTO
2026-06-18 15:43:16,1781797396,R_10,4850.832,1,0.03800000000046566,BACKFILL_AUTO
2026-06-18 15:43:18,1781797398,R_10,4850.919,1,0.08699999999953434,BACKFILL_AUTO
2026-06-18 15:43:20,1781797400,R_10,4851.005,1,0.0860000000002401,BACKFILL_AUTO
2026-06-18 15:43:22,1781797402,R_10,4850.922,-1,0.08300000000053842,BACKFILL_AUTO
2026-06-18 15:43:24,1781797404,R_10,4850.879,-1,0.042999999999665306,BACKFILL_AUTO
2026-06-18 15:43:26,1781797406,R_10,4851.143,1,0.2640000000001237,BACKFILL_AUTO
2026-06-18 15:43:28,1781797408,R_10,4851.405,1,0.26199999999971624,BACKFILL_AUTO
2026-06-18 15:43:30,1781797410,R_10,4851.471,1,0.06599999999980355,BACKFILL_AUTO
2026-06-18 15:43:32,1781797412,R_10,4851.644,1,0.17300000000068394,BACKFILL_AUTO
2026-06-18 15:43:34,1781797414,R_10,4851.479,-1,0.16499999999996362,BACKFILL_AUTO
2026-06-18 15:43:36,1781797416,R_10,4851.397,-1,0.0820000000003347,BACKFILL_AUTO
2026-06-18 15:43:38,1781797418,R_10,4851.282,-1,0.11499999999978172,BACKFILL_AUTO
2026-06-18 15:43:40,1781797420,R_10,4851.366,1,0.08399999999983265,BACKFILL_AUTO
2026-06-18 15:43:42,1781797422,R_10,4851.207,-1,0.15899999999965075,BACKFILL_AUTO
2026-06-18 15:43:44,1781797424,R_10,4850.993,-1,0.2139999999999418,BACKFILL_AUTO
2026-06-18 15:43:46,1781797426,R_10,4851.099,1,0.10599999999976717,BACKFILL_AUTO
2026-06-18 15:43:48,1781797428,R_10,4851.034,-1,0.06500000000050932,BACKFILL_AUTO
2026-06-18 15:43:50,1781797430,R_10,4850.958,-1,0.07600000000002183,BACKFILL_AUTO
2026-06-18 15:43:52,1781797432,R_10,4850.878,-1,0.07999999999992724,BACKFILL_AUTO
2026-06-18 15:43:54,1781797434,R_10,4850.86,-1,0.018000000000029104,BACKFILL_AUTO
2026-06-18 15:43:56,1781797436,R_10,4850.796,-1,0.0639999999993961,BACKFILL_AUTO
2026-06-18 15:43:58,1781797438,R_10,4850.966,1,0.17000000000007276,BACKFILL_AUTO
2026-06-18 15:44:00,1781797440,R_10,4851.083,1,0.11699999999927968,BACKFILL_AUTO
2026-06-18 15:44:02,1781797442,R_10,4851.238,1,0.15500000000065484,BACKFILL_AUTO
2026-06-18 15:44:04,1781797444,R_10,4851.139,-1,0.09900000000016007,BACKFILL_AUTO
2026-06-18 15:44:06,1781797446,R_10,4851.196,1,0.056999999999789,BACKFILL_AUTO
2026-06-18 15:44:08,1781797448,R_10,4851.21,1,0.014000000000123691,BACKFILL_AUTO
2026-06-18 15:44:10,1781797450,R_10,4851.075,-1,0.13500000000021828,BACKFILL_AUTO
2026-06-18 15:44:12,1781797452,R_10,4851.034,-1,0.04100000000016735,BACKFILL_AUTO
2026-06-18 15:44:14,1781797454,R_10,4851.056,1,0.021999999999934516,BACKFILL_AUTO
2026-06-18 15:44:16,1781797456,R_10,4850.931,-1,0.125,BACKFILL_AUTO
2026-06-18 15:44:18,1781797458,R_10,4851.023,1,0.09200000000055297,BACKFILL_AUTO
2026-06-18 15:44:20,1781797460,R_10,4850.933,-1,0.09000000000014552,BACKFILL_AUTO
2026-06-18 15:44:22,1781797462,R_10,4850.983,1,0.0500000000001819,BACKFILL_AUTO
2026-06-18 15:44:24,1781797464,R_10,4850.981,-1,0.0020000000004074536,BACKFILL_AUTO
2026-06-18 15:44:26,1781797466,R_10,4851.001,1,0.020000000000436557,BACKFILL_AUTO
2026-06-18 15:44:28,1781797468,R_10,4851.09,1,0.08899999999994179,BACKFILL_AUTO
2026-06-18 15:44:30,1781797470,R_10,4851.039,-1,0.051000000000385626,BACKFILL_AUTO
2026-06-18 15:44:32,1781797472,R_10,4851.022,-1,0.016999999999825377,BACKFILL_AUTO
2026-06-18 15:44:34,1781797474,R_10,4851.088,1,0.06599999999980355,BACKFILL_AUTO
2026-06-18 15:44:36,1781797476,R_10,4850.971,-1,0.11700000000018917,BACKFILL_AUTO
2026-06-18 15:44:38,1781797478,R_10,4850.91,-1,0.06099999999969441,BACKFILL_AUTO
2026-06-18 15:44:40,1781797480,R_10,4850.777,-1,0.13299999999981083,BACKFILL_AUTO
2026-06-18 15:44:42,1781797482,R_10,4850.836,1,0.05900000000019645,BACKFILL_AUTO
2026-06-18 15:44:44,1781797484,R_10,4850.836,0,0.0,BACKFILL_AUTO
2026-06-18 15:44:46,1781797486,R_10,4850.76,-1,0.07600000000002183,BACKFILL_AUTO
2026-06-18 15:44:48,1781797488,R_10,4850.786,1,0.02599999999983993,BACKFILL_AUTO
2026-06-18 15:44:50,1781797490,R_10,4850.899,1,0.11300000000028376,BACKFILL_AUTO
2026-06-18 15:44:52,1781797492,R_10,4850.793,-1,0.10600000000067666,BACKFILL_AUTO
2026-06-18 15:44:54,1781797494,R_10,4850.678,-1,0.11499999999978172,BACKFILL_AUTO
2026-06-18 15:44:56,1781797496,R_10,4850.629,-1,0.04899999999997817,BACKFILL_AUTO
2026-06-18 15:44:58,1781797498,R_10,4850.605,-1,0.02400000000034197,BACKFILL_AUTO
2026-06-18 15:45:00,1781797500,R_10,4850.56,-1,0.044999999999163265,BACKFILL_AUTO
2026-06-18 15:45:02,1781797502,R_10,4850.478,-1,0.0820000000003347,BACKFILL_AUTO
2026-06-18 15:45:04,1781797504,R_10,4850.496,1,0.018000000000029104,BACKFILL_AUTO
2026-06-18 15:45:06,1781797506,R_10,4850.44,-1,0.056000000000494765,BACKFILL_AUTO
2026-06-18 15:45:08,1781797508,R_10,4850.326,-1,0.113999999999578,BACKFILL_AUTO
2026-06-18 15:45:10,1781797510,R_10,4850.313,-1,0.012999999999919964,BACKFILL_AUTO
2026-06-18 15:45:12,1781797512,R_10,4850.26,-1,0.052999999999883585,BACKFILL_AUTO
2026-06-18 15:45:14,1781797514,R_10,4850.089,-1,0.1710000000002765,BACKFILL_AUTO
2026-06-18 15:45:16,1781797516,R_10,4849.906,-1,0.18299999999999272,BACKFILL_AUTO
2026-06-18 15:45:18,1781797518,R_10,4850.019,1,0.11300000000028376,BACKFILL_AUTO
2026-06-18 15:45:20,1781797520,R_10,4849.898,-1,0.12100000000009459,BACKFILL_AUTO
2026-06-18 15:45:22,1781797522,R_10,4850.021,1,0.12299999999959255,BACKFILL_AUTO
2026-06-18 15:45:24,1781797524,R_10,4850.223,1,0.20200000000022555,BACKFILL_AUTO
2026-06-18 15:45:26,1781797526,R_10,4850.159,-1,0.06400000000030559,BACKFILL_AUTO
2026-06-18 15:45:28,1781797528,R_10,4850.272,1,0.11300000000028376,BACKFILL_AUTO
2026-06-18 15:45:30,1781797530,R_10,4850.311,1,0.03899999999975989,BACKFILL_AUTO
2026-06-18 15:45:32,1781797532,R_10,4850.072,-1,0.238999999999578,BACKFILL_AUTO
2026-06-18 15:45:34,1781797534,R_10,4850.009,-1,0.06300000000010186,BACKFILL_AUTO
2026-06-18 15:45:36,1781797536,R_10,4849.939,-1,0.06999999999970896,BACKFILL_AUTO
2026-06-18 15:45:38,1781797538,R_10,4850.021,1,0.0819999999994252,BACKFILL_AUTO
2026-06-18 15:45:40,1781797540,R_10,4849.811,-1,0.21000000000003638,BACKFILL_AUTO
2026-06-18 15:45:42,1781797542,R_10,4849.83,1,0.01900000000023283,BACKFILL_AUTO
2026-06-18 15:45:44,1781797544,R_10,4849.69,-1,0.14000000000032742,BACKFILL_AUTO
2026-06-18 15:45:46,1781797546,R_10,4849.765,1,0.0750000000007276,BACKFILL_AUTO
2026-06-18 15:45:48,1781797548,R_10,4849.577,-1,0.18800000000010186,BACKFILL_AUTO
2026-06-18 15:45:50,1781797550,R_10,4849.507,-1,0.07000000000061846,BACKFILL_AUTO
2026-06-18 15:45:52,1781797552,R_10,4849.645,1,0.13800000000082946,BACKFILL_AUTO
2026-06-18 15:45:54,1781797554,R_10,4849.623,-1,0.02200000000084401,BACKFILL_AUTO
2026-06-18 15:45:56,1781797556,R_10,4849.568,-1,0.054999999999381544,BACKFILL_AUTO
2026-06-18 15:45:58,1781797558,R_10,4849.634,1,0.06599999999980355,BACKFILL_AUTO
2026-06-18 15:46:00,1781797560,R_10,4849.808,1,0.17399999999997817,BACKFILL_AUTO
2026-06-18 15:46:02,1781797562,R_10,4849.891,1,0.08299999999962893,BACKFILL_AUTO
2026-06-18 15:46:04,1781797564,R_10,4850.158,1,0.26700000000073487,BACKFILL_AUTO
2026-06-18 15:46:06,1781797566,R_10,4850.179,1,0.02099999999973079,BACKFILL_AUTO
2026-06-18 15:46:08,1781797568,R_10,4850.129,-1,0.0500000000001819,BACKFILL_AUTO
2026-06-18 15:46:10,1781797570,R_10,4850.511,1,0.3820000000005166,BACKFILL_AUTO
2026-06-18 15:46:12,1781797572,R_10,4850.766,1,0.25499999999919964,BACKFILL_AUTO
2026-06-18 15:46:14,1781797574,R_10,4851.006,1,0.24000000000069122,BACKFILL_AUTO
2026-06-18 15:46:16,1781797576,R_10,4851.104,1,0.09799999999995634,BACKFILL_AUTO
2026-06-18 15:46:18,1781797578,R_10,4851.058,-1,0.046000000000276486,BACKFILL_AUTO
2026-06-18 15:46:20,1781797580,R_10,4851.149,1,0.09100000000034925,BACKFILL_AUTO
2026-06-18 15:46:22,1781797582,R_10,4850.92,-1,0.2290000000002692,BACKFILL_AUTO
2026-06-18 15:46:24,1781797584,R_10,4850.911,-1,0.009000000000014552,BACKFILL_AUTO
2026-06-18 15:46:26,1781797586,R_10,4850.772,-1,0.1390000000001237,BACKFILL_AUTO
2026-06-18 15:46:28,1781797588,R_10,4850.668,-1,0.10400000000026921,BACKFILL_AUTO
2026-06-18 15:46:30,1781797590,R_10,4850.534,-1,0.13400000000001455,BACKFILL_AUTO
2026-06-18 15:46:32,1781797592,R_10,4850.24,-1,0.29399999999986903,BACKFILL_AUTO
2026-06-18 15:46:34,1781797594,R_10,4850.225,-1,0.014999999999417923,BACKFILL_AUTO
2026-06-18 15:46:36,1781797596,R_10,4850.128,-1,0.09700000000066211,BACKFILL_AUTO
2026-06-18 15:46:38,1781797598,R_10,4850.336,1,0.20800000000053842,BACKFILL_AUTO
2026-06-18 15:46:40,1781797600,R_10,4850.341,1,0.005000000000109139,BACKFILL_AUTO
2026-06-18 15:46:42,1781797602,R_10,4850.283,-1,0.057999999999992724,BACKFILL_AUTO
2026-06-18 15:46:44,1781797604,R_10,4850.412,1,0.1289999999999054,BACKFILL_AUTO
2026-06-18 15:46:46,1781797606,R_10,4850.17,-1,0.24200000000018917,BACKFILL_AUTO
2026-06-18 15:46:48,1781797608,R_10,4850.361,1,0.19099999999980355,BACKFILL_AUTO
2026-06-18 15:46:50,1781797610,R_10,4850.423,1,0.06199999999989814,BACKFILL_AUTO
2026-06-18 15:46:52,1781797612,R_10,4850.527,1,0.10400000000026921,BACKFILL_AUTO
2026-06-18 15:46:54,1781797614,R_10,4850.627,1,0.1000000000003638,BACKFILL_AUTO
2026-06-18 15:46:56,1781797616,R_10,4850.603,-1,0.02400000000034197,BACKFILL_AUTO
2026-06-18 15:46:58,1781797618,R_10,4850.604,1,0.0010000000002037268,BACKFILL_AUTO
2026-06-18 15:47:00,1781797620,R_10,4850.747,1,0.1430000000000291,BACKFILL_AUTO
2026-06-18 15:47:02,1781797622,R_10,4850.715,-1,0.032000000000152795,BACKFILL_AUTO
2026-06-18 15:47:04,1781797624,R_10,4850.765,1,0.0500000000001819,BACKFILL_AUTO
2026-06-18 15:47:06,1781797626,R_10,4850.965,1,0.1999999999998181,BACKFILL_AUTO
2026-06-18 15:47:08,1781797628,R_10,4851.008,1,0.042999999999665306,BACKFILL_AUTO
2026-06-18 15:47:10,1781797630,R_10,4850.971,-1,0.037000000000261934,BACKFILL_AUTO
2026-06-18 15:47:12,1781797632,R_10,4851.106,1,0.13500000000021828,BACKFILL_AUTO
2026-06-18 15:47:14,1781797634,R_10,4850.992,-1,0.113999999999578,BACKFILL_AUTO
2026-06-18 15:47:16,1781797636,R_10,4850.946,-1,0.046000000000276486,BACKFILL_AUTO
2026-06-18 15:47:18,1781797638,R_10,4850.994,1,0.047999999999774445,BACKFILL_AUTO
2026-06-18 15:47:20,1781797640,R_10,4850.951,-1,0.042999999999665306,BACKFILL_AUTO
2026-06-18 15:47:22,1781797642,R_10,4851.071,1,0.11999999999989086,BACKFILL_AUTO
2026-06-18 15:47:24,1781797644,R_10,4851.257,1,0.1859999999996944,BACKFILL_AUTO
2026-06-18 15:47:26,1781797646,R_10,4851.254,-1,0.0029999999997016857,BACKFILL_AUTO
2026-06-18 15:47:28,1781797648,R_10,4851.236,-1,0.018000000000029104,BACKFILL_AUTO
2026-06-18 15:47:30,1781797650,R_10,4851.202,-1,0.033999999999650754,BACKFILL_AUTO
2026-06-18 15:47:32,1781797652,R_10,4851.396,1,0.19399999999950523,BACKFILL_AUTO
2026-06-18 15:47:34,1781797654,R_10,4851.442,1,0.046000000000276486,BACKFILL_AUTO
2026-06-18 15:47:36,1781797656,R_10,4851.408,-1,0.033999999999650754,BACKFILL_AUTO
2026-06-18 15:47:38,1781797658,R_10,4851.372,-1,0.03600000000005821,BACKFILL_AUTO
2026-06-18 15:47:40,1781797660,R_10,4851.505,1,0.13299999999981083,BACKFILL_AUTO
2026-06-18 15:47:42,1781797662,R_10,4851.66,1,0.15499999999974534,BACKFILL_AUTO
2026-06-18 15:47:44,1781797664,R_10,4851.715,1,0.05500000000029104,BACKFILL_AUTO
2026-06-18 15:47:46,1781797666,R_10,4851.491,-1,0.22400000000016007,BACKFILL_AUTO
2026-06-18 15:47:48,1781797668,R_10,4851.673,1,0.181999999999789,BACKFILL_AUTO
2026-06-18 15:47:50,1781797670,R_10,4851.804,1,0.13100000000031287,BACKFILL_AUTO
2026-06-18 15:47:52,1781797672,R_10,4851.76,-1,0.04399999999986903,BACKFILL_AUTO
2026-06-18 15:47:54,1781797674,R_10,4851.738,-1,0.021999999999934516,BACKFILL_AUTO
2026-06-18 15:47:56,1781797676,R_10,4852.081,1,0.3429999999998472,BACKFILL_AUTO
2026-06-18 15:47:58,1781797678,R_10,4852.028,-1,0.052999999999883585,BACKFILL_AUTO
2026-06-18 15:48:00,1781797680,R_10,4851.936,-1,0.09200000000055297,BACKFILL_AUTO
2026-06-18 15:48:02,1781797682,R_10,4851.991,1,0.05500000000029104,BACKFILL_AUTO
2026-06-18 15:48:04,1781797684,R_10,4851.913,-1,0.07800000000042928,BACKFILL_AUTO
2026-06-18 15:48:06,1781797686,R_10,4851.748,-1,0.16499999999996362,BACKFILL_AUTO
2026-06-18 15:48:08,1781797688,R_10,4851.795,1,0.04700000000048021,BACKFILL_AUTO
2026-06-18 15:48:10,1781797690,R_10,4851.849,1,0.05400000000008731,BACKFILL_AUTO
2026-06-18 15:48:12,1781797692,R_10,4851.876,1,0.027000000000043656,BACKFILL_AUTO
2026-06-18 15:48:14,1781797694,R_10,4851.841,-1,0.03499999999985448,BACKFILL_AUTO
2026-06-18 15:48:16,1781797696,R_10,4851.922,1,0.08099999999922147,BACKFILL_AUTO
2026-06-18 15:48:18,1781797698,R_10,4852.116,1,0.19400000000041473,BACKFILL_AUTO
2026-06-18 15:48:20,1781797700,R_10,4852.117,1,0.0010000000002037268,BACKFILL_AUTO
2026-06-18 15:48:22,1781797702,R_10,4852.12,1,0.0029999999997016857,BACKFILL_AUTO
2026-06-18 15:48:24,1781797704,R_10,4851.904,-1,0.21599999999943975,BACKFILL_AUTO
2026-06-18 15:48:26,1781797706,R_10,4851.786,-1,0.1180000000003929,BACKFILL_AUTO
2026-06-18 15:48:28,1781797708,R_10,4851.764,-1,0.021999999999934516,BACKFILL_AUTO
2026-06-18 15:48:30,1781797710,R_10,4851.589,-1,0.1750000000001819,BACKFILL_AUTO
2026-06-18 15:48:32,1781797712,R_10,4851.628,1,0.03899999999975989,BACKFILL_AUTO
2026-06-18 15:48:34,1781797714,R_10,4851.671,1,0.0430000000005748,BACKFILL_AUTO
2026-06-18 15:48:36,1781797716,R_10,4851.571,-1,0.1000000000003638,BACKFILL_AUTO
2026-06-18 15:48:38,1781797718,R_10,4851.664,1,0.0929999999998472,BACKFILL_AUTO
2026-06-18 15:48:40,1781797720,R_10,4851.729,1,0.06500000000050932,BACKFILL_AUTO
2026-06-18 15:48:42,1781797722,R_10,4851.652,-1,0.07700000000022555,BACKFILL_AUTO
2026-06-18 15:48:44,1781797724,R_10,4851.577,-1,0.0749999999998181,BACKFILL_AUTO
2026-06-18 15:48:46,1781797726,R_10,4851.626,1,0.04899999999997817,BACKFILL_AUTO
2026-06-18 15:48:48,1781797728,R_10,4851.766,1,0.13999999999941792,BACKFILL_AUTO
2026-06-18 15:48:50,1781797730,R_10,4851.696,-1,0.06999999999970896,BACKFILL_AUTO
2026-06-18 15:48:52,1781797732,R_10,4851.746,1,0.0500000000001819,BACKFILL_AUTO
2026-06-18 15:48:54,1781797734,R_10,4851.822,1,0.07600000000002183,BACKFILL_AUTO
2026-06-18 15:48:56,1781797736,R_10,4851.673,-1,0.14900000000034197,BACKFILL_AUTO
2026-06-18 15:48:58,1781797738,R_10,4851.897,1,0.22400000000016007,BACKFILL_AUTO
2026-06-18 15:49:00,1781797740,R_10,4851.711,-1,0.1859999999996944,BACKFILL_AUTO
2026-06-18 15:49:02,1781797742,R_10,4851.64,-1,0.07099999999991269,BACKFILL_AUTO
2026-06-18 15:49:04,1781797744,R_10,4851.469,-1,0.1710000000002765,BACKFILL_AUTO
2026-06-18 15:49:06,1781797746,R_10,4851.245,-1,0.22400000000016007,BACKFILL_AUTO
2026-06-18 15:49:08,1781797748,R_10,4851.032,-1,0.21299999999973807,BACKFILL_AUTO
2026-06-18 15:49:10,1781797750,R_10,4851.007,-1,0.025000000000545697,BACKFILL_AUTO
2026-06-18 15:49:12,1781797752,R_10,4850.936,-1,0.07099999999991269,BACKFILL_AUTO
2026-06-18 15:49:14,1781797754,R_10,4850.749,-1,0.18699999999989814,BACKFILL_AUTO
2026-06-18 15:49:16,1781797756,R_10,4850.483,-1,0.26599999999962165,BACKFILL_AUTO
2026-06-18 15:49:18,1781797758,R_10,4850.409,-1,0.07400000000052387,BACKFILL_AUTO
2026-06-18 15:49:20,1781797760,R_10,4850.562,1,0.15300000000024738,BACKFILL_AUTO
2026-06-18 15:49:22,1781797762,R_10,4850.517,-1,0.04500000000007276,BACKFILL_AUTO
2026-06-18 15:49:24,1781797764,R_10,4850.516,-1,0.0010000000002037268,BACKFILL_AUTO
2026-06-18 15:49:26,1781797766,R_10,4850.469,-1,0.04699999999957072,BACKFILL_AUTO
2026-06-18 15:49:28,1781797768,R_10,4850.508,1,0.03899999999975989,BACKFILL_AUTO
2026-06-18 15:49:30,1781797770,R_10,4850.377,-1,0.13099999999940337,BACKFILL_AUTO
2026-06-18 15:49:32,1781797772,R_10,4850.542,1,0.16499999999996362,BACKFILL_AUTO
2026-06-18 15:49:34,1781797774,R_10,4850.55,1,0.007999999999810825,BACKFILL_AUTO
2026-06-18 15:49:36,1781797776,R_10,4850.599,1,0.04899999999997817,BACKFILL_AUTO
2026-06-18 15:49:38,1781797778,R_10,4850.517,-1,0.0820000000003347,BACKFILL_AUTO
2026-06-18 15:49:40,1781797780,R_10,4850.637,1,0.11999999999989086,BACKFILL_AUTO
2026-06-18 15:49:42,1781797782,R_10,4850.643,1,0.006000000000312866,BACKFILL_AUTO
2026-06-18 15:49:44,1781797784,R_10,4850.636,-1,0.006999999999607098,BACKFILL_AUTO
2026-06-18 15:49:46,1781797786,R_10,4850.662,1,0.02599999999983993,BACKFILL_AUTO
2026-06-18 15:49:48,1781797788,R_10,4850.666,1,0.0039999999999054126,BACKFILL_AUTO
2026-06-18 15:49:50,1781797790,R_10,4850.798,1,0.1319999999996071,BACKFILL_AUTO
2026-06-18 15:49:52,1781797792,R_10,4850.831,1,0.03300000000035652,BACKFILL_AUTO
2026-06-18 15:49:54,1781797794,R_10,4850.685,-1,0.1459999999997308,BACKFILL_AUTO
2026-06-18 15:49:56,1781797796,R_10,4850.843,1,0.15799999999944703,BACKFILL_AUTO
2026-06-18 15:49:58,1781797798,R_10,4851.051,1,0.20800000000053842,BACKFILL_AUTO
2026-06-18 15:50:00,1781797800,R_10,4851.054,1,0.0029999999997016857,BACKFILL_AUTO
2026-06-18 15:50:02,1781797802,R_10,4851.017,-1,0.037000000000261934,BACKFILL_AUTO
2026-06-18 15:50:04,1781797804,R_10,4851.291,1,0.27400000000034197,BACKFILL_AUTO
2026-06-18 15:50:06,1781797806,R_10,4851.324,1,0.03299999999944703,BACKFILL_AUTO
2026-06-18 15:50:08,1781797808,R_10,4851.405,1,0.08100000000013097,BACKFILL_AUTO
2026-06-18 15:50:10,1781797810,R_10,4851.428,1,0.023000000000138243,BACKFILL_AUTO
2026-06-18 15:50:12,1781797812,R_10,4851.41,-1,0.018000000000029104,BACKFILL_AUTO
2026-06-18 15:50:14,1781797814,R_10,4851.432,1,0.021999999999934516,BACKFILL_AUTO
2026-06-18 15:50:16,1781797816,R_10,4851.469,1,0.037000000000261934,BACKFILL_AUTO
2026-06-18 15:50:18,1781797818,R_10,4851.377,-1,0.09199999999964348,BACKFILL_AUTO
2026-06-18 15:50:20,1781797820,R_10,4851.399,1,0.021999999999934516,BACKFILL_AUTO
2026-06-18 15:50:22,1781797822,R_10,4851.33,-1,0.06900000000041473,BACKFILL_AUTO
2026-06-18 15:50:24,1781797824,R_10,4851.326,-1,0.0039999999999054126,BACKFILL_AUTO
2026-06-18 15:50:26,1781797826,R_10,4851.326,0,0.0,BACKFILL_AUTO
2026-06-18 15:50:28,1781797828,R_10,4851.246,-1,0.07999999999992724,BACKFILL_AUTO
2026-06-18 15:50:30,1781797830,R_10,4851.39,1,0.14400000000023283,BACKFILL_AUTO
2026-06-18 15:50:32,1781797832,R_10,4851.25,-1,0.14000000000032742,BACKFILL_AUTO
2026-06-18 15:50:34,1781797834,R_10,4851.504,1,0.2539999999999054,BACKFILL_AUTO
2026-06-18 15:50:36,1781797836,R_10,4851.351,-1,0.15300000000024738,BACKFILL_AUTO
2026-06-18 15:50:38,1781797838,R_10,4851.234,-1,0.11699999999927968,BACKFILL_AUTO
2026-06-18 15:50:40,1781797840,R_10,4851.102,-1,0.1320000000005166,BACKFILL_AUTO
2026-06-18 15:50:42,1781797842,R_10,4851.004,-1,0.09799999999995634,BACKFILL_AUTO
2026-06-18 15:50:44,1781797844,R_10,4851.138,1,0.13400000000001455,BACKFILL_AUTO
2026-06-18 15:50:46,1781797846,R_10,4851.315,1,0.17699999999967986,BACKFILL_AUTO
2026-06-18 15:50:48,1781797848,R_10,4851.296,-1,0.018999999999323336,BACKFILL_AUTO
2026-06-18 15:50:50,1781797850,R_10,4851.304,1,0.007999999999810825,BACKFILL_AUTO
2026-06-18 15:50:52,1781797852,R_10,4851.462,1,0.15800000000035652,BACKFILL_AUTO
2026-06-18 15:50:54,1781797854,R_10,4851.397,-1,0.06500000000050932,BACKFILL_AUTO
2026-06-18 15:50:56,1781797856,R_10,4851.403,1,0.006000000000312866,BACKFILL_AUTO
2026-06-18 15:50:58,1781797858,R_10,4851.465,1,0.06199999999989814,BACKFILL_AUTO
2026-06-18 15:51:00,1781797860,R_10,4851.467,1,0.001999999999497959,BACKFILL_AUTO
2026-06-18 15:51:02,1781797862,R_10,4851.427,-1,0.03999999999996362,BACKFILL_AUTO
2026-06-18 15:51:04,1781797864,R_10,4851.3,-1,0.12699999999949796,BACKFILL_AUTO
2026-06-18 15:51:06,1781797866,R_10,4851.129,-1,0.1710000000002765,BACKFILL_AUTO
2026-06-18 15:51:08,1781797868,R_10,4851.07,-1,0.05900000000019645,BACKFILL_AUTO
2026-06-18 15:51:10,1781797870,R_10,4851.222,1,0.15200000000004366,BACKFILL_AUTO
2026-06-18 15:51:12,1781797872,R_10,4851.293,1,0.07099999999991269,BACKFILL_AUTO
2026-06-18 15:51:14,1781797874,R_10,4851.308,1,0.015000000000327418,BACKFILL_AUTO
2026-06-18 15:51:16,1781797876,R_10,4851.451,1,0.1430000000000291,BACKFILL_AUTO
2026-06-18 15:51:18,1781797878,R_10,4851.588,1,0.13699999999971624,BACKFILL_AUTO
2026-06-18 15:51:20,1781797880,R_10,4851.657,1,0.06900000000041473,BACKFILL_AUTO
2026-06-18 15:51:22,1781797882,R_10,4851.795,1,0.13799999999991996,BACKFILL_AUTO
2026-06-18 15:51:24,1781797884,R_10,4851.853,1,0.057999999999992724,BACKFILL_AUTO
2026-06-18 15:51:26,1781797886,R_10,4851.936,1,0.08299999999962893,BACKFILL_AUTO
2026-06-18 15:51:28,1781797888,R_10,4852.211,1,0.2750000000005457,BACKFILL_AUTO
2026-06-18 15:51:30,1781797890,R_10,4852.062,-1,0.14900000000034197,BACKFILL_AUTO
2026-06-18 15:51:32,1781797892,R_10,4851.918,-1,0.14400000000023283,BACKFILL_AUTO
2026-06-18 15:51:34,1781797894,R_10,4851.868,-1,0.049999999999272404,BACKFILL_AUTO
2026-06-18 15:51:36,1781797896,R_10,4851.825,-1,0.0430000000005748,BACKFILL_AUTO
2026-06-18 15:51:38,1781797898,R_10,4851.768,-1,0.056999999999789,BACKFILL_AUTO
2026-06-18 15:51:40,1781797900,R_10,4851.871,1,0.10300000000006548,BACKFILL_AUTO
2026-06-18 15:51:42,1781797902,R_10,4851.905,1,0.033999999999650754,BACKFILL_AUTO
2026-06-18 15:51:44,1781797904,R_10,4851.71,-1,0.19499999999970896,BACKFILL_AUTO
2026-06-18 15:51:46,1781797906,R_10,4851.778,1,0.068000000000211,BACKFILL_AUTO
2026-06-18 15:51:48,1781797908,R_10,4851.741,-1,0.037000000000261934,BACKFILL_AUTO
2026-06-18 15:51:50,1781797910,R_10,4851.692,-1,0.04899999999997817,BACKFILL_AUTO
2026-06-18 15:51:52,1781797912,R_10,4851.743,1,0.051000000000385626,BACKFILL_AUTO
2026-06-18 15:51:54,1781797914,R_10,4851.747,1,0.0039999999999054126,BACKFILL_AUTO
2026-06-18 15:51:56,1781797916,R_10,4851.685,-1,0.06199999999989814,BACKFILL_AUTO
2026-06-18 15:51:58,1781797918,R_10,4851.736,1,0.05099999999947613,BACKFILL_AUTO
2026-06-18 15:52:00,1781797920,R_10,4851.693,-1,0.042999999999665306,BACKFILL_AUTO
2026-06-18 15:52:02,1781797922,R_10,4851.688,-1,0.005000000000109139,BACKFILL_AUTO
2026-06-18 15:52:04,1781797924,R_10,4851.912,1,0.22400000000016007,BACKFILL_AUTO
2026-06-18 15:52:06,1781797926,R_10,4851.87,-1,0.042000000000371074,BACKFILL_AUTO
2026-06-18 15:52:08,1781797928,R_10,4851.799,-1,0.07099999999991269,BACKFILL_AUTO
2026-06-18 15:52:10,1781797930,R_10,4851.514,-1,0.2849999999998545,BACKFILL_AUTO
2026-06-18 15:52:12,1781797932,R_10,4851.415,-1,0.09900000000016007,BACKFILL_AUTO
2026-06-18 15:52:14,1781797934,R_10,4851.489,1,0.07399999999961437,BACKFILL_AUTO
2026-06-18 15:52:16,1781797936,R_10,4851.537,1,0.04800000000068394,BACKFILL_AUTO
2026-06-18 15:52:18,1781797938,R_10,4851.352,-1,0.18500000000040018,BACKFILL_AUTO
2026-06-18 15:52:20,1781797940,R_10,4851.262,-1,0.09000000000014552,BACKFILL_AUTO
2026-06-18 15:52:22,1781797942,R_10,4851.365,1,0.10300000000006548,BACKFILL_AUTO
2026-06-18 15:52:24,1781797944,R_10,4851.325,-1,0.03999999999996362,BACKFILL_AUTO
2026-06-18 15:52:26,1781797946,R_10,4851.238,-1,0.08699999999953434,BACKFILL_AUTO
2026-06-18 15:52:28,1781797948,R_10,4851.036,-1,0.20200000000022555,BACKFILL_AUTO
2026-06-18 15:52:30,1781797950,R_10,4851.103,1,0.06700000000000728,BACKFILL_AUTO
2026-06-18 15:52:32,1781797952,R_10,4851.119,1,0.01599999999962165,BACKFILL_AUTO
2026-06-18 15:52:34,1781797954,R_10,4851.113,-1,0.0059999999994033715,BACKFILL_AUTO
2026-06-18 15:52:36,1781797956,R_10,4851.103,-1,0.010000000000218279,BACKFILL_AUTO
2026-06-18 15:52:38,1781797958,R_10,4851.147,1,0.04399999999986903,BACKFILL_AUTO
2026-06-18 15:52:40,1781797960,R_10,4851.239,1,0.09199999999964348,BACKFILL_AUTO
2026-06-18 15:52:42,1781797962,R_10,4851.264,1,0.025000000000545697,BACKFILL_AUTO
2026-06-18 15:52:44,1781797964,R_10,4851.369,1,0.10499999999956344,BACKFILL_AUTO
2026-06-18 15:52:46,1781797966,R_10,4851.285,-1,0.08399999999983265,BACKFILL_AUTO
2026-06-18 15:52:48,1781797968,R_10,4851.301,1,0.016000000000531145,BACKFILL_AUTO
2026-06-18 15:52:50,1781797970,R_10,4851.284,-1,0.01700000000073487,BACKFILL_AUTO
2026-06-18 15:52:52,1781797972,R_10,4851.503,1,0.21900000000005093,BACKFILL_AUTO
2026-06-18 15:52:54,1781797974,R_10,4851.408,-1,0.09499999999934516,BACKFILL_AUTO
2026-06-18 15:52:56,1781797976,R_10,4851.298,-1,0.11000000000058208,BACKFILL_AUTO
2026-06-18 15:52:58,1781797978,R_10,4851.256,-1,0.04199999999946158,BACKFILL_AUTO
2026-06-18 15:53:00,1781797980,R_10,4851.314,1,0.057999999999992724,BACKFILL_AUTO
2026-06-18 15:53:02,1781797982,R_10,4851.294,-1,0.020000000000436557,BACKFILL_AUTO
2026-06-18 15:53:04,1781797984,R_10,4851.119,-1,0.1750000000001819,BACKFILL_AUTO
2026-06-18 15:53:06,1781797986,R_10,4850.895,-1,0.22399999999925058,BACKFILL_AUTO
2026-06-18 15:53:08,1781797988,R_10,4850.758,-1,0.13700000000062573,BACKFILL_AUTO
2026-06-18 15:53:10,1781797990,R_10,4850.916,1,0.15800000000035652,BACKFILL_AUTO
2026-06-18 15:53:12,1781797992,R_10,4850.976,1,0.05999999999949068,BACKFILL_AUTO
2026-06-18 15:53:14,1781797994,R_10,4851.129,1,0.15300000000024738,BACKFILL_AUTO
2026-06-18 15:53:16,1781797996,R_10,4851.432,1,0.3029999999998836,BACKFILL_AUTO
2026-06-18 15:53:18,1781797998,R_10,4851.387,-1,0.04500000000007276,BACKFILL_AUTO
2026-06-18 15:53:20,1781798000,R_10,4851.425,1,0.03800000000046566,BACKFILL_AUTO
2026-06-18 15:53:22,1781798002,R_10,4851.45,1,0.024999999999636202,BACKFILL_AUTO
2026-06-18 15:53:24,1781798004,R_10,4851.396,-1,0.05400000000008731,BACKFILL_AUTO
2026-06-18 15:53:26,1781798006,R_10,4851.333,-1,0.06300000000010186,BACKFILL_AUTO
2026-06-18 15:53:28,1781798008,R_10,4851.504,1,0.1710000000002765,BACKFILL_AUTO
2026-06-18 15:53:30,1781798010,R_10,4851.536,1,0.032000000000152795,BACKFILL_AUTO
2026-06-18 15:53:32,1781798012,R_10,4851.811,1,0.2749999999996362,BACKFILL_AUTO
2026-06-18 15:53:34,1781798014,R_10,4851.962,1,0.15100000000074942,BACKFILL_AUTO
2026-06-18 15:53:36,1781798016,R_10,4851.958,-1,0.004000000000814907,BACKFILL_AUTO
2026-06-18 15:53:38,1781798018,R_10,4851.899,-1,0.058999999999286956,BACKFILL_AUTO
2026-06-18 15:53:40,1781798020,R_10,4851.909,1,0.009999999999308784,BACKFILL_AUTO
2026-06-18 15:53:42,1781798022,R_10,4851.726,-1,0.18299999999999272,BACKFILL_AUTO
2026-06-18 15:53:44,1781798024,R_10,4851.768,1,0.042000000000371074,BACKFILL_AUTO
2026-06-18 15:53:46,1781798026,R_10,4851.697,-1,0.07099999999991269,BACKFILL_AUTO
2026-06-18 15:53:48,1781798028,R_10,4851.794,1,0.09699999999975262,BACKFILL_AUTO
2026-06-18 15:53:50,1781798030,R_10,4851.678,-1,0.11599999999998545,BACKFILL_AUTO
2026-06-18 15:53:52,1781798032,R_10,4851.511,-1,0.16699999999946158,BACKFILL_AUTO
2026-06-18 15:53:54,1781798034,R_10,4851.675,1,0.1639999999997599,BACKFILL_AUTO
2026-06-18 15:53:56,1781798036,R_10,4851.643,-1,0.032000000000152795,BACKFILL_AUTO
2026-06-18 15:53:58,1781798038,R_10,4851.534,-1,0.10900000000037835,BACKFILL_AUTO
2026-06-18 15:54:00,1781798040,R_10,4851.679,1,0.14500000000043656,BACKFILL_AUTO
2026-06-18 15:54:02,1781798042,R_10,4851.617,-1,0.06199999999989814,BACKFILL_AUTO
2026-06-18 15:54:04,1781798044,R_10,4851.837,1,0.22000000000025466,BACKFILL_AUTO
2026-06-18 15:54:06,1781798046,R_10,4851.851,1,0.013999999999214197,BACKFILL_AUTO
2026-06-18 15:54:08,1781798048,R_10,4851.749,-1,0.10199999999986176,BACKFILL_AUTO
2026-06-18 15:54:10,1781798050,R_10,4851.743,-1,0.0059999999994033715,BACKFILL_AUTO
2026-06-18 15:54:12,1781798052,R_10,4851.842,1,0.09899999999925058,BACKFILL_AUTO
2026-06-18 15:54:14,1781798054,R_10,4851.708,-1,0.13400000000001455,BACKFILL_AUTO
2026-06-18 15:54:16,1781798056,R_10,4851.678,-1,0.02999999999974534,BACKFILL_AUTO
2026-06-18 15:54:18,1781798058,R_10,4851.507,-1,0.1710000000002765,BACKFILL_AUTO
2026-06-18 15:54:20,1781798060,R_10,4851.455,-1,0.05199999999967986,BACKFILL_AUTO
2026-06-18 15:54:22,1781798062,R_10,4851.492,1,0.037000000000261934,BACKFILL_AUTO
2026-06-18 15:54:24,1781798064,R_10,4851.504,1,0.011999999999716238,BACKFILL_AUTO
2026-06-18 15:54:26,1781798066,R_10,4851.723,1,0.21900000000005093,BACKFILL_AUTO
2026-06-18 15:54:28,1781798068,R_10,4851.774,1,0.051000000000385626,BACKFILL_AUTO
2026-06-18 15:54:30,1781798070,R_10,4851.826,1,0.05199999999967986,BACKFILL_AUTO
2026-06-18 15:54:32,1781798072,R_10,4851.862,1,0.03600000000005821,BACKFILL_AUTO
2026-06-18 15:54:34,1781798074,R_10,4851.886,1,0.02400000000034197,BACKFILL_AUTO
2026-06-18 15:54:36,1781798076,R_10,4852.095,1,0.20899999999983265,BACKFILL_AUTO
2026-06-18 15:54:38,1781798078,R_10,4852.217,1,0.12199999999938882,BACKFILL_AUTO
2026-06-18 15:54:40,1781798080,R_10,4852.276,1,0.05900000000019645,BACKFILL_AUTO
2026-06-18 15:54:42,1781798082,R_10,4852.113,-1,0.16299999999955617,BACKFILL_AUTO
2026-06-18 15:54:44,1781798084,R_10,4852.052,-1,0.061000000000603904,BACKFILL_AUTO
2026-06-18 15:54:46,1781798086,R_10,4851.936,-1,0.11599999999998545,BACKFILL_AUTO
2026-06-18 15:54:48,1781798088,R_10,4851.864,-1,0.07200000000011642,BACKFILL_AUTO
2026-06-18 15:54:50,1781798090,R_10,4851.777,-1,0.08699999999953434,BACKFILL_AUTO
2026-06-18 15:54:52,1781798092,R_10,4851.899,1,0.12200000000029831,BACKFILL_AUTO
2026-06-18 15:54:54,1781798094,R_10,4852.04,1,0.14099999999962165,BACKFILL_AUTO
2026-06-18 15:54:56,1781798096,R_10,4852.097,1,0.056999999999789,BACKFILL_AUTO
2026-06-18 15:54:58,1781798098,R_10,4852.138,1,0.04100000000016735,BACKFILL_AUTO
2026-06-18 15:55:00,1781798100,R_10,4852.154,1,0.016000000000531145,BACKFILL_AUTO
2026-06-18 15:55:02,1781798102,R_10,4852.307,1,0.1529999999993379,BACKFILL_AUTO
2026-06-18 15:55:04,1781798104,R_10,4852.29,-1,0.016999999999825377,BACKFILL_AUTO
2026-06-18 15:55:06,1781798106,R_10,4852.196,-1,0.09400000000005093,BACKFILL_AUTO
2026-06-18 15:55:08,1781798108,R_10,4852.191,-1,0.005000000000109139,BACKFILL_AUTO
2026-06-18 15:55:10,1781798110,R_10,4852.087,-1,0.10399999999935972,BACKFILL_AUTO
2026-06-18 15:55:12,1781798112,R_10,4851.875,-1,0.21200000000044383,BACKFILL_AUTO
2026-06-18 15:55:14,1781798114,R_10,4851.993,1,0.1180000000003929,BACKFILL_AUTO
2026-06-18 15:55:16,1781798116,R_10,4851.98,-1,0.01300000000082946,BACKFILL_AUTO
2026-06-18 15:55:18,1781798118,R_10,4852.101,1,0.12100000000009459,BACKFILL_AUTO
2026-06-18 15:55:20,1781798120,R_10,4852.29,1,0.1890000000003056,BACKFILL_AUTO
2026-06-18 15:55:22,1781798122,R_10,4852.206,-1,0.08399999999983265,BACKFILL_AUTO
2026-06-18 15:55:24,1781798124,R_10,4852.222,1,0.01599999999962165,BACKFILL_AUTO
2026-06-18 15:55:26,1781798126,R_10,4852.268,1,0.046000000000276486,BACKFILL_AUTO
2026-06-18 15:55:28,1781798128,R_10,4852.148,-1,0.11999999999989086,BACKFILL_AUTO
2026-06-18 15:55:30,1781798130,R_10,4852.123,-1,0.025000000000545697,BACKFILL_AUTO
2026-06-18 15:55:32,1781798132,R_10,4852.256,1,0.13300000000072032,BACKFILL_AUTO
2026-06-18 15:55:34,1781798134,R_10,4852.315,1,0.058999999999286956,BACKFILL_AUTO
2026-06-18 15:55:36,1781798136,R_10,4852.475,1,0.16000000000076398,BACKFILL_AUTO
2026-06-18 15:55:38,1781798138,R_10,4852.571,1,0.09599999999954889,BACKFILL_AUTO
2026-06-18 15:55:40,1781798140,R_10,4852.661,1,0.09000000000014552,BACKFILL_AUTO
2026-06-18 15:55:42,1781798142,R_10,4852.524,-1,0.13699999999971624,BACKFILL_AUTO
2026-06-18 15:55:44,1781798144,R_10,4852.56,1,0.03600000000005821,BACKFILL_AUTO
2026-06-18 15:55:46,1781798146,R_10,4852.412,-1,0.14800000000013824,BACKFILL_AUTO
2026-06-18 15:55:48,1781798148,R_10,4852.454,1,0.04199999999946158,BACKFILL_AUTO
2026-06-18 15:55:50,1781798150,R_10,4852.214,-1,0.23999999999978172,BACKFILL_AUTO
2026-06-18 15:55:52,1781798152,R_10,4852.175,-1,0.03899999999975989,BACKFILL_AUTO
2026-06-18 15:55:54,1781798154,R_10,4852.19,1,0.014999999999417923,BACKFILL_AUTO
2026-06-18 15:55:56,1781798156,R_10,4852.135,-1,0.054999999999381544,BACKFILL_AUTO
2026-06-18 15:55:58,1781798158,R_10,4852.28,1,0.14499999999952706,BACKFILL_AUTO
2026-06-18 15:56:00,1781798160,R_10,4852.323,1,0.0430000000005748,BACKFILL_AUTO
2026-06-18 15:56:02,1781798162,R_10,4852.311,-1,0.012000000000625732,BACKFILL_AUTO
2026-06-18 15:56:04,1781798164,R_10,4852.435,1,0.12400000000070577,BACKFILL_AUTO
2026-06-18 15:56:06,1781798166,R_10,4852.19,-1,0.24500000000080036,BACKFILL_AUTO
2026-06-18 15:56:08,1781798168,R_10,4852.217,1,0.027000000000043656,BACKFILL_AUTO
2026-06-18 15:56:10,1781798170,R_10,4852.175,-1,0.04199999999946158,BACKFILL_AUTO
2026-06-18 15:56:12,1781798172,R_10,4852.107,-1,0.068000000000211,BACKFILL_AUTO
2026-06-18 15:56:14,1781798174,R_10,4851.928,-1,0.1790000000000873,BACKFILL_AUTO
2026-06-18 15:56:16,1781798176,R_10,4851.767,-1,0.1610000000000582,BACKFILL_AUTO
2026-06-18 15:56:18,1781798178,R_10,4851.889,1,0.12200000000029831,BACKFILL_AUTO
2026-06-18 15:56:20,1781798180,R_10,4851.636,-1,0.2529999999997017,BACKFILL_AUTO
2026-06-18 15:56:22,1781798182,R_10,4851.85,1,0.2139999999999418,BACKFILL_AUTO
2026-06-18 15:56:24,1781798184,R_10,4851.941,1,0.09099999999943975,BACKFILL_AUTO
2026-06-18 15:56:26,1781798186,R_10,4852.13,1,0.1890000000003056,BACKFILL_AUTO
2026-06-18 15:56:28,1781798188,R_10,4852.071,-1,0.05900000000019645,BACKFILL_AUTO
2026-06-18 15:56:30,1781798190,R_10,4851.922,-1,0.14900000000034197,BACKFILL_AUTO
2026-06-18 15:56:32,1781798192,R_10,4851.979,1,0.05700000000069849,BACKFILL_AUTO
2026-06-18 15:56:34,1781798194,R_10,4851.781,-1,0.19800000000032014,BACKFILL_AUTO
2026-06-18 15:56:36,1781798196,R_10,4851.945,1,0.1639999999997599,BACKFILL_AUTO
2026-06-18 15:56:38,1781798198,R_10,4852.04,1,0.09500000000025466,BACKFILL_AUTO
2026-06-18 15:56:40,1781798200,R_10,4852.151,1,0.11099999999987631,BACKFILL_AUTO
2026-06-18 15:56:42,1781798202,R_10,4851.981,-1,0.17000000000007276,BACKFILL_AUTO
2026-06-18 15:56:44,1781798204,R_10,4852.096,1,0.11499999999978172,BACKFILL_AUTO
2026-06-18 15:56:46,1781798206,R_10,4852.391,1,0.29500000000007276,BACKFILL_AUTO
2026-06-18 15:56:48,1781798208,R_10,4852.446,1,0.05500000000029104,BACKFILL_AUTO
2026-06-18 15:56:50,1781798210,R_10,4852.507,1,0.06099999999969441,BACKFILL_AUTO
2026-06-18 15:56:52,1781798212,R_10,4852.561,1,0.05400000000008731,BACKFILL_AUTO
2026-06-18 15:56:54,1781798214,R_10,4852.725,1,0.1640000000006694,BACKFILL_AUTO
2026-06-18 15:56:56,1781798216,R_10,4852.667,-1,0.057999999999992724,BACKFILL_AUTO
2026-06-18 15:56:58,1781798218,R_10,4852.434,-1,0.23300000000017462,BACKFILL_AUTO
2026-06-18 15:57:00,1781798220,R_10,4852.31,-1,0.12399999999979627,BACKFILL_AUTO
2026-06-18 15:57:02,1781798222,R_10,4852.479,1,0.16899999999986903,BACKFILL_AUTO
2026-06-18 15:57:04,1781798224,R_10,4852.414,-1,0.06500000000050932,BACKFILL_AUTO
2026-06-18 15:57:06,1781798226,R_10,4852.462,1,0.04800000000068394,BACKFILL_AUTO
2026-06-18 15:57:08,1781798228,R_10,4852.254,-1,0.20800000000053842,BACKFILL_AUTO
2026-06-18 15:57:10,1781798230,R_10,4852.212,-1,0.04199999999946158,BACKFILL_AUTO
2026-06-18 15:57:12,1781798232,R_10,4852.215,1,0.0029999999997016857,BACKFILL_AUTO
2026-06-18 15:57:14,1781798234,R_10,4852.243,1,0.028000000000247383,BACKFILL_AUTO
2026-06-18 15:57:16,1781798236,R_10,4852.283,1,0.03999999999996362,BACKFILL_AUTO
2026-06-18 15:57:18,1781798238,R_10,4852.377,1,0.09400000000005093,BACKFILL_AUTO
2026-06-18 15:57:20,1781798240,R_10,4852.346,-1,0.031000000000858563,BACKFILL_AUTO
2026-06-18 15:57:22,1781798242,R_10,4852.307,-1,0.03899999999975989,BACKFILL_AUTO
2026-06-18 15:57:24,1781798244,R_10,4852.393,1,0.0860000000002401,BACKFILL_AUTO
2026-06-18 15:57:26,1781798246,R_10,4852.203,-1,0.18999999999959982,BACKFILL_AUTO
2026-06-18 15:57:28,1781798248,R_10,4852.228,1,0.024999999999636202,BACKFILL_AUTO
2026-06-18 15:57:30,1781798250,R_10,4852.417,1,0.1890000000003056,BACKFILL_AUTO
2026-06-18 15:57:32,1781798252,R_10,4852.444,1,0.027000000000043656,BACKFILL_AUTO
2026-06-18 15:57:34,1781798254,R_10,4852.358,-1,0.0860000000002401,BACKFILL_AUTO
2026-06-18 15:57:36,1781798256,R_10,4852.2,-1,0.15800000000035652,BACKFILL_AUTO
2026-06-18 15:57:38,1781798258,R_10,4852.224,1,0.02400000000034197,BACKFILL_AUTO
2026-06-18 15:57:40,1781798260,R_10,4852.122,-1,0.10199999999986176,BACKFILL_AUTO
2026-06-18 15:57:42,1781798262,R_10,4852.211,1,0.08899999999994179,BACKFILL_AUTO
2026-06-18 15:57:44,1781798264,R_10,4852.274,1,0.06300000000010186,BACKFILL_AUTO
2026-06-18 15:57:46,1781798266,R_10,4852.531,1,0.2569999999996071,BACKFILL_AUTO
2026-06-18 15:57:48,1781798268,R_10,4852.487,-1,0.04399999999986903,BACKFILL_AUTO
2026-06-18 15:57:50,1781798270,R_10,4852.459,-1,0.028000000000247383,BACKFILL_AUTO
2026-06-18 15:57:52,1781798272,R_10,4852.565,1,0.10599999999976717,BACKFILL_AUTO
2026-06-18 15:57:54,1781798274,R_10,4852.314,-1,0.25099999999929423,BACKFILL_AUTO
2026-06-18 15:57:56,1781798276,R_10,4852.308,-1,0.006000000000312866,BACKFILL_AUTO
2026-06-18 15:57:58,1781798278,R_10,4852.4,1,0.09199999999964348,BACKFILL_AUTO
2026-06-18 15:58:00,1781798280,R_10,4852.355,-1,0.04500000000007276,BACKFILL_AUTO
2026-06-18 15:58:02,1781798282,R_10,4852.264,-1,0.09099999999943975,BACKFILL_AUTO
2026-06-18 15:58:04,1781798284,R_10,4852.242,-1,0.021999999999934516,BACKFILL_AUTO
2026-06-18 15:58:06,1781798286,R_10,4852.215,-1,0.027000000000043656,BACKFILL_AUTO
2026-06-18 15:58:08,1781798288,R_10,4852.432,1,0.21699999999964348,BACKFILL_AUTO
2026-06-18 15:58:10,1781798290,R_10,4852.277,-1,0.15499999999974534,BACKFILL_AUTO
2026-06-18 15:58:12,1781798292,R_10,4852.306,1,0.028999999999541615,BACKFILL_AUTO
2026-06-18 15:58:14,1781798294,R_10,4852.427,1,0.12100000000009459,BACKFILL_AUTO
2026-06-18 15:58:16,1781798296,R_10,4852.321,-1,0.10599999999976717,BACKFILL_AUTO
2026-06-18 15:58:18,1781798298,R_10,4852.538,1,0.21699999999964348,BACKFILL_AUTO
2026-06-18 15:58:20,1781798300,R_10,4852.548,1,0.010000000000218279,BACKFILL_AUTO
2026-06-18 15:58:22,1781798302,R_10,4852.438,-1,0.10999999999967258,BACKFILL_AUTO
2026-06-18 15:58:24,1781798304,R_10,4852.363,-1,0.0749999999998181,BACKFILL_AUTO
2026-06-18 15:58:26,1781798306,R_10,4852.444,1,0.08100000000013097,BACKFILL_AUTO
2026-06-18 15:58:28,1781798308,R_10,4852.348,-1,0.09600000000045839,BACKFILL_AUTO
2026-06-18 15:58:30,1781798310,R_10,4852.43,1,0.0820000000003347,BACKFILL_AUTO
2026-06-18 15:58:32,1781798312,R_10,4852.549,1,0.11899999999968713,BACKFILL_AUTO
2026-06-18 15:58:34,1781798314,R_10,4852.555,1,0.006000000000312866,BACKFILL_AUTO
2026-06-18 15:58:36,1781798316,R_10,4852.491,-1,0.06400000000030559,BACKFILL_AUTO
2026-06-18 15:58:38,1781798318,R_10,4852.403,-1,0.08799999999973807,BACKFILL_AUTO
2026-06-18 15:58:40,1781798320,R_10,4852.322,-1,0.08100000000013097,BACKFILL_AUTO
2026-06-18 15:58:42,1781798322,R_10,4852.154,-1,0.1679999999996653,BACKFILL_AUTO
2026-06-18 15:58:44,1781798324,R_10,4851.996,-1,0.15800000000035652,BACKFILL_AUTO
2026-06-18 15:58:46,1781798326,R_10,4852.078,1,0.0820000000003347,BACKFILL_AUTO
2026-06-18 15:58:48,1781798328,R_10,4852.017,-1,0.061000000000603904,BACKFILL_AUTO
2026-06-18 15:58:50,1781798330,R_10,4852.108,1,0.09100000000034925,BACKFILL_AUTO
2026-06-18 15:58:52,1781798332,R_10,4852.261,1,0.15300000000024738,BACKFILL_AUTO
2026-06-18 15:58:54,1781798334,R_10,4852.305,1,0.04399999999986903,BACKFILL_AUTO
2026-06-18 15:58:56,1781798336,R_10,4852.421,1,0.11599999999998545,BACKFILL_AUTO
2026-06-18 15:58:58,1781798338,R_10,4852.54,1,0.11899999999968713,BACKFILL_AUTO
2026-06-18 15:59:00,1781798340,R_10,4852.302,-1,0.23800000000028376,BACKFILL_AUTO
2026-06-18 15:59:02,1781798342,R_10,4852.376,1,0.07400000000052387,BACKFILL_AUTO
2026-06-18 15:59:04,1781798344,R_10,4852.404,1,0.028000000000247383,BACKFILL_AUTO
2026-06-18 15:59:06,1781798346,R_10,4852.441,1,0.03699999999935244,BACKFILL_AUTO
2026-06-18 15:59:08,1781798348,R_10,4852.536,1,0.09500000000025466,BACKFILL_AUTO
2026-06-18 15:59:10,1781798350,R_10,4852.769,1,0.23300000000017462,BACKFILL_AUTO
2026-06-18 15:59:12,1781798352,R_10,4852.792,1,0.023000000000138243,BACKFILL_AUTO
2026-06-18 15:59:14,1781798354,R_10,4852.723,-1,0.06900000000041473,BACKFILL_AUTO
2026-06-18 15:59:16,1781798356,R_10,4852.914,1,0.19099999999980355,BACKFILL_AUTO
2026-06-18 15:59:18,1781798358,R_10,4852.705,-1,0.20899999999983265,BACKFILL_AUTO
2026-06-18 15:59:20,1781798360,R_10,4852.695,-1,0.010000000000218279,BACKFILL_AUTO
2026-06-18 15:59:22,1781798362,R_10,4852.775,1,0.07999999999992724,BACKFILL_AUTO
2026-06-18 15:59:24,1781798364,R_10,4852.589,-1,0.1859999999996944,BACKFILL_AUTO
2026-06-18 15:59:26,1781798366,R_10,4852.647,1,0.057999999999992724,BACKFILL_AUTO
2026-06-18 15:59:28,1781798368,R_10,4852.567,-1,0.07999999999992724,BACKFILL_AUTO
2026-06-18 15:59:30,1781798370,R_10,4852.651,1,0.08399999999983265,BACKFILL_AUTO
2026-06-18 15:59:32,1781798372,R_10,4852.767,1,0.11599999999998545,BACKFILL_AUTO
2026-06-18 15:59:34,1781798374,R_10,4852.699,-1,0.068000000000211,BACKFILL_AUTO
2026-06-18 15:59:36,1781798376,R_10,4852.771,1,0.07200000000011642,BACKFILL_AUTO
2026-06-18 15:59:38,1781798378,R_10,4852.733,-1,0.03799999999955617,BACKFILL_AUTO
2026-06-18 15:59:40,1781798380,R_10,4852.898,1,0.16499999999996362,BACKFILL_AUTO
2026-06-18 15:59:42,1781798382,R_10,4852.881,-1,0.016999999999825377,BACKFILL_AUTO
2026-06-18 15:59:44,1781798384,R_10,4852.957,1,0.07600000000002183,BACKFILL_AUTO
2026-06-18 15:59:46,1781798386,R_10,4853.142,1,0.18499999999949068,BACKFILL_AUTO
2026-06-18 15:59:48,1781798388,R_10,4853.035,-1,0.1069999999999709,BACKFILL_AUTO
2026-06-18 15:59:50,1781798390,R_10,4852.687,-1,0.34799999999995634,BACKFILL_AUTO
2026-06-18 15:59:52,1781798392,R_10,4852.622,-1,0.06499999999959982,BACKFILL_AUTO
2026-06-18 15:59:54,1781798394,R_10,4852.59,-1,0.032000000000152795,BACKFILL_AUTO
2026-06-18 15:59:56,1781798396,R_10,4852.715,1,0.125,BACKFILL_AUTO
2026-06-18 15:59:58,1781798398,R_10,4852.732,1,0.016999999999825377,BACKFILL_AUTO
2026-06-18 16:00:00,1781798400,R_10,4852.761,1,0.02900000000045111,BACKFILL_AUTO
2026-06-18 16:00:02,1781798402,R_10,4852.995,1,0.23399999999946886,BACKFILL_AUTO
2026-06-18 16:00:04,1781798404,R_10,4852.928,-1,0.06700000000000728,BACKFILL_AUTO
2026-06-18 16:00:06,1781798406,R_10,4852.844,-1,0.08399999999983265,BACKFILL_AUTO
2026-06-18 16:00:08,1781798408,R_10,4852.673,-1,0.1710000000002765,BACKFILL_AUTO
2026-06-18 16:00:10,1781798410,R_10,4852.78,1,0.1069999999999709,BACKFILL_AUTO
2026-06-18 16:00:12,1781798412,R_10,4852.82,1,0.03999999999996362,BACKFILL_AUTO
2026-06-18 16:00:14,1781798414,R_10,4852.705,-1,0.11499999999978172,BACKFILL_AUTO
2026-06-18 16:00:16,1781798416,R_10,4852.737,1,0.032000000000152795,BACKFILL_AUTO
2026-06-18 16:00:18,1781798418,R_10,4852.637,-1,0.1000000000003638,BACKFILL_AUTO
2026-06-18 16:00:20,1781798420,R_10,4852.643,1,0.006000000000312866,BACKFILL_AUTO
2026-06-18 16:00:22,1781798422,R_10,4852.65,1,0.006999999999607098,BACKFILL_AUTO
2026-06-18 16:00:24,1781798424,R_10,4852.501,-1,0.14899999999943248,BACKFILL_AUTO
2026-06-18 16:00:26,1781798426,R_10,4852.595,1,0.09400000000005093,BACKFILL_AUTO
2026-06-18 16:00:28,1781798428,R_10,4852.67,1,0.0749999999998181,BACKFILL_AUTO
2026-06-18 16:00:30,1781798430,R_10,4852.724,1,0.05400000000008731,BACKFILL_AUTO
2026-06-18 16:00:32,1781798432,R_10,4852.801,1,0.07700000000022555,BACKFILL_AUTO
2026-06-18 16:00:34,1781798434,R_10,4852.82,1,0.018999999999323336,BACKFILL_AUTO
2026-06-18 16:00:36,1781798436,R_10,4852.736,-1,0.08399999999983265,BACKFILL_AUTO
2026-06-18 16:00:38,1781798438,R_10,4852.7,-1,0.03600000000005821,BACKFILL_AUTO
2026-06-18 16:00:40,1781798440,R_10,4852.728,1,0.028000000000247383,BACKFILL_AUTO
2026-06-18 16:00:42,1781798442,R_10,4852.792,1,0.06400000000030559,BACKFILL_AUTO
2026-06-18 16:00:44,1781798444,R_10,4852.748,-1,0.04400000000077853,BACKFILL_AUTO
2026-06-18 16:00:46,1781798446,R_10,4852.687,-1,0.06099999999969441,BACKFILL_AUTO
2026-06-18 16:00:48,1781798448,R_10,4852.634,-1,0.052999999999883585,BACKFILL_AUTO
2026-06-18 16:00:50,1781798450,R_10,4852.596,-1,0.03800000000046566,BACKFILL_AUTO
2026-06-18 16:00:52,1781798452,R_10,4852.583,-1,0.012999999999919964,BACKFILL_AUTO
2026-06-18 16:00:54,1781798454,R_10,4852.498,-1,0.08500000000003638,BACKFILL_AUTO
2026-06-18 16:00:56,1781798456,R_10,4852.633,1,0.13500000000021828,BACKFILL_AUTO
2026-06-18 16:00:58,1781798458,R_10,4852.711,1,0.07800000000042928,BACKFILL_AUTO
2026-06-18 16:01:00,1781798460,R_10,4852.537,-1,0.17399999999997817,BACKFILL_AUTO
2026-06-18 16:01:02,1781798462,R_10,4852.773,1,0.2359999999998763,BACKFILL_AUTO
2026-06-18 16:01:04,1781798464,R_10,4852.567,-1,0.20600000000013097,BACKFILL_AUTO
2026-06-18 16:01:06,1781798466,R_10,4852.504,-1,0.06300000000010186,BACKFILL_AUTO
2026-06-18 16:01:08,1781798468,R_10,4852.585,1,0.08100000000013097,BACKFILL_AUTO
2026-06-18 16:01:10,1781798470,R_10,4852.491,-1,0.09400000000005093,BACKFILL_AUTO
2026-06-18 16:01:12,1781798472,R_10,4852.377,-1,0.113999999999578,BACKFILL_AUTO
2026-06-18 16:01:14,1781798474,R_10,4852.463,1,0.08599999999933061,BACKFILL_AUTO
2026-06-18 16:01:16,1781798476,R_10,4852.508,1,0.04500000000007276,BACKFILL_AUTO
2026-06-18 16:01:18,1781798478,R_10,4852.412,-1,0.09599999999954889,BACKFILL_AUTO
2026-06-18 16:01:20,1781798480,R_10,4852.24,-1,0.1720000000004802,BACKFILL_AUTO
2026-06-18 16:01:22,1781798482,R_10,4852.124,-1,0.11599999999998545,BACKFILL_AUTO
2026-06-18 16:01:24,1781798484,R_10,4852.105,-1,0.01900000000023283,BACKFILL_AUTO
2026-06-18 16:01:26,1781798486,R_10,4852.399,1,0.2940000000007785,BACKFILL_AUTO
2026-06-18 16:01:28,1781798488,R_10,4852.361,-1,0.03800000000046566,BACKFILL_AUTO
2026-06-18 16:01:30,1781798490,R_10,4852.545,1,0.18400000000019645,BACKFILL_AUTO
2026-06-18 16:01:32,1781798492,R_10,4852.514,-1,0.03099999999994907,BACKFILL_AUTO
2026-06-18 16:01:34,1781798494,R_10,4852.477,-1,0.037000000000261934,BACKFILL_AUTO
2026-06-18 16:01:36,1781798496,R_10,4852.553,1,0.07600000000002183,BACKFILL_AUTO
2026-06-18 16:01:38,1781798498,R_10,4852.6,1,0.04700000000048021,BACKFILL_AUTO
2026-06-18 16:01:40,1781798500,R_10,4852.634,1,0.033999999999650754,BACKFILL_AUTO
2026-06-18 16:01:42,1781798502,R_10,4852.406,-1,0.22800000000006548,BACKFILL_AUTO
2026-06-18 16:01:44,1781798504,R_10,4852.488,1,0.0820000000003347,BACKFILL_AUTO
2026-06-18 16:01:46,1781798506,R_10,4852.455,-1,0.03300000000035652,BACKFILL_AUTO
2026-06-18 16:01:48,1781798508,R_10,4852.583,1,0.12799999999970169,BACKFILL_AUTO
2026-06-18 16:01:50,1781798510,R_10,4852.713,1,0.13000000000010914,BACKFILL_AUTO
2026-06-18 16:01:52,1781798512,R_10,4852.801,1,0.08800000000064756,BACKFILL_AUTO
2026-06-18 16:01:54,1781798514,R_10,4852.784,-1,0.01700000000073487,BACKFILL_AUTO
2026-06-18 16:01:56,1781798516,R_10,4852.756,-1,0.027999999999337888,BACKFILL_AUTO
2026-06-18 16:01:58,1781798518,R_10,4852.84,1,0.08399999999983265,BACKFILL_AUTO
2026-06-18 16:02:00,1781798520,R_10,4852.837,-1,0.0029999999997016857,BACKFILL_AUTO
2026-06-18 16:02:02,1781798522,R_10,4852.82,-1,0.01700000000073487,BACKFILL_AUTO
2026-06-18 16:02:04,1781798524,R_10,4852.702,-1,0.11799999999948341,BACKFILL_AUTO
2026-06-18 16:02:06,1781798526,R_10,4852.77,1,0.068000000000211,BACKFILL_AUTO
2026-06-18 16:02:08,1781798528,R_10,4852.943,1,0.17299999999977445,BACKFILL_AUTO
2026-06-18 16:02:10,1781798530,R_10,4853.005,1,0.06199999999989814,BACKFILL_AUTO
2026-06-18 16:02:12,1781798532,R_10,4852.974,-1,0.03099999999994907,BACKFILL_AUTO
2026-06-18 16:02:14,1781798534,R_10,4852.882,-1,0.09200000000055297,BACKFILL_AUTO
2026-06-18 16:02:16,1781798536,R_10,4852.914,1,0.032000000000152795,BACKFILL_AUTO
2026-06-18 16:02:18,1781798538,R_10,4853.194,1,0.28000000000065484,BACKFILL_AUTO
2026-06-18 16:02:20,1781798540,R_10,4853.096,-1,0.09800000000086584,BACKFILL_AUTO
2026-06-18 16:02:22,1781798542,R_10,4852.999,-1,0.09699999999975262,BACKFILL_AUTO
2026-06-18 16:02:24,1781798544,R_10,4853.036,1,0.037000000000261934,BACKFILL_AUTO
2026-06-18 16:02:26,1781798546,R_10,4853.043,1,0.006999999999607098,BACKFILL_AUTO
2026-06-18 16:02:28,1781798548,R_10,4853.009,-1,0.033999999999650754,BACKFILL_AUTO
2026-06-18 16:02:30,1781798550,R_10,4852.9,-1,0.10900000000037835,BACKFILL_AUTO
2026-06-18 16:02:32,1781798552,R_10,4852.675,-1,0.2249999999994543,BACKFILL_AUTO
2026-06-18 16:02:34,1781798554,R_10,4852.738,1,0.06300000000010186,BACKFILL_AUTO
2026-06-18 16:02:36,1781798556,R_10,4852.753,1,0.014999999999417923,BACKFILL_AUTO
2026-06-18 16:02:38,1781798558,R_10,4852.641,-1,0.11200000000008004,BACKFILL_AUTO
2026-06-18 16:02:40,1781798560,R_10,4852.586,-1,0.054999999999381544,BACKFILL_AUTO
2026-06-18 16:02:42,1781798562,R_10,4852.79,1,0.2039999999997235,BACKFILL_AUTO
2026-06-18 16:02:44,1781798564,R_10,4852.965,1,0.1750000000001819,BACKFILL_AUTO
2026-06-18 16:02:46,1781798566,R_10,4853.016,1,0.05099999999947613,BACKFILL_AUTO
2026-06-18 16:02:48,1781798568,R_10,4852.953,-1,0.06299999999919237,BACKFILL_AUTO
2026-06-18 16:02:50,1781798570,R_10,4852.959,1,0.0059999999994033715,BACKFILL_AUTO
2026-06-18 16:02:52,1781798572,R_10,4852.899,-1,0.05999999999949068,BACKFILL_AUTO
2026-06-18 16:02:54,1781798574,R_10,4852.78,-1,0.11900000000059663,BACKFILL_AUTO
2026-06-18 16:02:56,1781798576,R_10,4852.915,1,0.13500000000021828,BACKFILL_AUTO
2026-06-18 16:02:58,1781798578,R_10,4852.835,-1,0.07999999999992724,BACKFILL_AUTO
2026-06-18 16:03:00,1781798580,R_10,4852.745,-1,0.09000000000014552,BACKFILL_AUTO
2026-06-18 16:03:02,1781798582,R_10,4852.834,1,0.08899999999994179,BACKFILL_AUTO
2026-06-18 16:03:04,1781798584,R_10,4852.912,1,0.07800000000042928,BACKFILL_AUTO
2026-06-18 16:03:06,1781798586,R_10,4852.856,-1,0.056000000000494765,BACKFILL_AUTO
2026-06-18 16:03:08,1781798588,R_10,4852.849,-1,0.006999999999607098,BACKFILL_AUTO
2026-06-18 16:03:10,1781798590,R_10,4852.689,-1,0.15999999999985448,BACKFILL_AUTO
2026-06-18 16:03:12,1781798592,R_10,4852.853,1,0.1639999999997599,BACKFILL_AUTO
2026-06-18 16:03:14,1781798594,R_10,4852.89,1,0.037000000000261934,BACKFILL_AUTO
2026-06-18 16:03:16,1781798596,R_10,4853.095,1,0.20499999999992724,BACKFILL_AUTO
2026-06-18 16:03:18,1781798598,R_10,4853.193,1,0.09799999999995634,BACKFILL_AUTO
2026-06-18 16:03:20,1781798600,R_10,4853.015,-1,0.17799999999988358,BACKFILL_AUTO
2026-06-18 16:03:22,1781798602,R_10,4853.074,1,0.058999999999286956,BACKFILL_AUTO
2026-06-18 16:03:24,1781798604,R_10,4853.053,-1,0.02099999999973079,BACKFILL_AUTO
2026-06-18 16:03:26,1781798606,R_10,4853.148,1,0.09500000000025466,BACKFILL_AUTO
2026-06-18 16:03:28,1781798608,R_10,4853.152,1,0.0039999999999054126,BACKFILL_AUTO
2026-06-18 16:03:30,1781798610,R_10,4853.262,1,0.10999999999967258,BACKFILL_AUTO
2026-06-18 16:03:32,1781798612,R_10,4853.035,-1,0.22699999999986176,BACKFILL_AUTO
2026-06-18 16:03:34,1781798614,R_10,4852.985,-1,0.0500000000001819,BACKFILL_AUTO
2026-06-18 16:03:36,1781798616,R_10,4853.125,1,0.14000000000032742,BACKFILL_AUTO
2026-06-18 16:03:38,1781798618,R_10,4853.138,1,0.012999999999919964,BACKFILL_AUTO
2026-06-18 16:03:40,1781798620,R_10,4853.122,-1,0.01599999999962165,BACKFILL_AUTO
2026-06-18 16:03:42,1781798622,R_10,4853.002,-1,0.11999999999989086,BACKFILL_AUTO
2026-06-18 16:03:44,1781798624,R_10,4853.004,1,0.001999999999497959,BACKFILL_AUTO
2026-06-18 16:03:46,1781798626,R_10,4852.947,-1,0.056999999999789,BACKFILL_AUTO
2026-06-18 16:03:48,1781798628,R_10,4852.949,1,0.001999999999497959,BACKFILL_AUTO
2026-06-18 16:03:50,1781798630,R_10,4852.853,-1,0.09599999999954889,BACKFILL_AUTO
2026-06-18 16:03:52,1781798632,R_10,4852.841,-1,0.011999999999716238,BACKFILL_AUTO
2026-06-18 16:03:54,1781798634,R_10,4852.96,1,0.11899999999968713,BACKFILL_AUTO
2026-06-18 16:03:56,1781798636,R_10,4852.975,1,0.015000000000327418,BACKFILL_AUTO
2026-06-18 16:03:58,1781798638,R_10,4852.889,-1,0.0860000000002401,BACKFILL_AUTO
2026-06-18 16:04:00,1781798640,R_10,4852.722,-1,0.16700000000037107,BACKFILL_AUTO
2026-06-18 16:04:02,1781798642,R_10,4852.678,-1,0.04399999999986903,BACKFILL_AUTO
2026-06-18 16:04:04,1781798644,R_10,4852.903,1,0.2250000000003638,BACKFILL_AUTO
2026-06-18 16:04:06,1781798646,R_10,4853.039,1,0.1359999999995125,BACKFILL_AUTO
2026-06-18 16:04:08,1781798648,R_10,4853.097,1,0.057999999999992724,BACKFILL_AUTO
2026-06-18 16:04:10,1781798650,R_10,4853.137,1,0.03999999999996362,BACKFILL_AUTO
2026-06-18 16:04:12,1781798652,R_10,4852.898,-1,0.238999999999578,BACKFILL_AUTO
2026-06-18 16:04:14,1781798654,R_10,4852.991,1,0.0929999999998472,BACKFILL_AUTO
2026-06-18 16:04:16,1781798656,R_10,4853.122,1,0.13100000000031287,BACKFILL_AUTO
2026-06-18 16:04:18,1781798658,R_10,4853.182,1,0.05999999999949068,BACKFILL_AUTO
2026-06-18 16:04:20,1781798660,R_10,4853.184,1,0.0020000000004074536,BACKFILL_AUTO
2026-06-18 16:04:22,1781798662,R_10,4853.363,1,0.1790000000000873,BACKFILL_AUTO
2026-06-18 16:04:24,1781798664,R_10,4853.622,1,0.25900000000001455,BACKFILL_AUTO
2026-06-18 16:04:26,1781798666,R_10,4853.632,1,0.009999999999308784,BACKFILL_AUTO
2026-06-18 16:04:28,1781798668,R_10,4853.667,1,0.035000000000763976,BACKFILL_AUTO
2026-06-18 16:04:30,1781798670,R_10,4853.531,-1,0.136000000000422,BACKFILL_AUTO
2026-06-18 16:04:32,1781798672,R_10,4853.483,-1,0.047999999999774445,BACKFILL_AUTO
2026-06-18 16:04:34,1781798674,R_10,4853.43,-1,0.052999999999883585,BACKFILL_AUTO
2026-06-18 16:04:36,1781798676,R_10,4853.351,-1,0.07900000000063301,BACKFILL_AUTO
2026-06-18 16:04:38,1781798678,R_10,4853.346,-1,0.005000000000109139,BACKFILL_AUTO
2026-06-18 16:04:40,1781798680,R_10,4853.345,-1,0.0009999999992942321,BACKFILL_AUTO
2026-06-18 16:04:42,1781798682,R_10,4853.293,-1,0.05200000000058935,BACKFILL_AUTO
2026-06-18 16:04:44,1781798684,R_10,4853.471,1,0.17799999999988358,BACKFILL_AUTO
2026-06-18 16:04:46,1781798686,R_10,4853.311,-1,0.15999999999985448,BACKFILL_AUTO
2026-06-18 16:04:48,1781798688,R_10,4853.224,-1,0.08699999999953434,BACKFILL_AUTO
2026-06-18 16:04:50,1781798690,R_10,4853.3,1,0.07600000000002183,BACKFILL_AUTO
2026-06-18 16:04:52,1781798692,R_10,4853.27,-1,0.02999999999974534,BACKFILL_AUTO
2026-06-18 16:04:54,1781798694,R_10,4853.224,-1,0.046000000000276486,BACKFILL_AUTO
2026-06-18 16:04:56,1781798696,R_10,4853.291,1,0.06700000000000728,BACKFILL_AUTO
2026-06-18 16:04:58,1781798698,R_10,4853.279,-1,0.011999999999716238,BACKFILL_AUTO
2026-06-18 16:05:00,1781798700,R_10,4853.173,-1,0.10600000000067666,BACKFILL_AUTO
2026-06-18 16:05:02,1781798702,R_10,4853.046,-1,0.12699999999949796,BACKFILL_AUTO
2026-06-18 16:05:04,1781798704,R_10,4853.097,1,0.05099999999947613,BACKFILL_AUTO
2026-06-18 16:05:06,1781798706,R_10,4852.956,-1,0.14099999999962165,BACKFILL_AUTO
2026-06-18 16:05:08,1781798708,R_10,4852.785,-1,0.1710000000002765,BACKFILL_AUTO
2026-06-18 16:05:10,1781798710,R_10,4852.786,1,0.0010000000002037268,BACKFILL_AUTO
2026-06-18 16:05:12,1781798712,R_10,4852.818,1,0.032000000000152795,BACKFILL_AUTO
2026-06-18 16:05:14,1781798714,R_10,4852.875,1,0.056999999999789,BACKFILL_AUTO
2026-06-18 16:05:16,1781798716,R_10,4852.906,1,0.03099999999994907,BACKFILL_AUTO
2026-06-18 16:05:18,1781798718,R_10,4852.985,1,0.07899999999972351,BACKFILL_AUTO
2026-06-18 16:05:20,1781798720,R_10,4852.876,-1,0.10899999999946886,BACKFILL_AUTO
2026-06-18 16:05:22,1781798722,R_10,4852.948,1,0.07200000000011642,BACKFILL_AUTO
2026-06-18 16:05:24,1781798724,R_10,4852.804,-1,0.14400000000023283,BACKFILL_AUTO
2026-06-18 16:05:26,1781798726,R_10,4852.917,1,0.11300000000028376,BACKFILL_AUTO
2026-06-18 16:05:28,1781798728,R_10,4852.839,-1,0.07800000000042928,BACKFILL_AUTO
2026-06-18 16:05:30,1781798730,R_10,4852.967,1,0.12799999999970169,BACKFILL_AUTO
2026-06-18 16:05:32,1781798732,R_10,4852.946,-1,0.02099999999973079,BACKFILL_AUTO
2026-06-18 16:05:34,1781798734,R_10,4853.06,1,0.11400000000048749,BACKFILL_AUTO
2026-06-18 16:05:36,1781798736,R_10,4853.006,-1,0.05400000000008731,BACKFILL_AUTO
2026-06-18 16:05:38,1781798738,R_10,4853.154,1,0.14800000000013824,BACKFILL_AUTO
2026-06-18 16:05:40,1781798740,R_10,4853.177,1,0.02299999999922875,BACKFILL_AUTO
2026-06-18 16:05:42,1781798742,R_10,4853.018,-1,0.15899999999965075,BACKFILL_AUTO
2026-06-18 16:05:44,1781798744,R_10,4853.021,1,0.0029999999997016857,BACKFILL_AUTO
2026-06-18 16:05:46,1781798746,R_10,4853.035,1,0.014000000000123691,BACKFILL_AUTO
2026-06-18 16:05:48,1781798748,R_10,4853.047,1,0.011999999999716238,BACKFILL_AUTO
2026-06-18 16:05:50,1781798750,R_10,4852.864,-1,0.18299999999999272,BACKFILL_AUTO
2026-06-18 16:05:52,1781798752,R_10,4852.746,-1,0.11799999999948341,BACKFILL_AUTO
2026-06-18 16:05:54,1781798754,R_10,4852.547,-1,0.19900000000052387,BACKFILL_AUTO
2026-06-18 16:05:56,1781798756,R_10,4852.418,-1,0.1289999999999054,BACKFILL_AUTO
2026-06-18 16:05:58,1781798758,R_10,4852.301,-1,0.11699999999927968,BACKFILL_AUTO
2026-06-18 16:06:00,1781798760,R_10,4852.131,-1,0.17000000000007276,BACKFILL_AUTO
2026-06-18 16:06:02,1781798762,R_10,4851.999,-1,0.1320000000005166,BACKFILL_AUTO
2026-06-18 16:06:04,1781798764,R_10,4852.085,1,0.0860000000002401,BACKFILL_AUTO
2026-06-18 16:06:06,1781798766,R_10,4852.027,-1,0.057999999999992724,BACKFILL_AUTO
2026-06-18 16:06:08,1781798768,R_10,4851.976,-1,0.051000000000385626,BACKFILL_AUTO
2026-06-18 16:06:10,1781798770,R_10,4852.016,1,0.03999999999996362,BACKFILL_AUTO
2026-06-18 16:06:12,1781798772,R_10,4852.197,1,0.18100000000049477,BACKFILL_AUTO
2026-06-18 16:06:14,1781798774,R_10,4852.26,1,0.06300000000010186,BACKFILL_AUTO
2026-06-18 16:06:16,1781798776,R_10,4852.28,1,0.019999999999527063,BACKFILL_AUTO
2026-06-18 16:06:18,1781798778,R_10,4852.399,1,0.11900000000059663,BACKFILL_AUTO
2026-06-18 16:06:20,1781798780,R_10,4852.264,-1,0.13500000000021828,BACKFILL_AUTO
2026-06-18 16:06:22,1781798782,R_10,4852.322,1,0.057999999999992724,BACKFILL_AUTO
2026-06-18 16:06:24,1781798784,R_10,4852.355,1,0.03299999999944703,BACKFILL_AUTO
2026-06-18 16:06:26,1781798786,R_10,4852.288,-1,0.06700000000000728,BACKFILL_AUTO
2026-06-18 16:06:28,1781798788,R_10,4852.367,1,0.07900000000063301,BACKFILL_AUTO
2026-06-18 16:06:30,1781798790,R_10,4852.291,-1,0.07600000000002183,BACKFILL_AUTO
2026-06-18 16:06:32,1781798792,R_10,4852.268,-1,0.023000000000138243,BACKFILL_AUTO
2026-06-18 16:06:34,1781798794,R_10,4852.385,1,0.11700000000018917,BACKFILL_AUTO
2026-06-18 16:06:36,1781798796,R_10,4852.283,-1,0.10199999999986176,BACKFILL_AUTO
2026-06-18 16:06:38,1781798798,R_10,4852.241,-1,0.042000000000371074,BACKFILL_AUTO
2026-06-18 16:06:40,1781798800,R_10,4852.406,1,0.16499999999996362,BACKFILL_AUTO
2026-06-18 16:06:42,1781798802,R_10,4852.471,1,0.06499999999959982,BACKFILL_AUTO
2026-06-18 16:06:44,1781798804,R_10,4852.322,-1,0.14899999999943248,BACKFILL_AUTO
2026-06-18 16:06:46,1781798806,R_10,4852.455,1,0.13299999999981083,BACKFILL_AUTO
2026-06-18 16:06:48,1781798808,R_10,4852.48,1,0.024999999999636202,BACKFILL_AUTO
2026-06-18 16:06:50,1781798810,R_10,4852.69,1,0.21000000000003638,BACKFILL_AUTO
2026-06-18 16:06:52,1781798812,R_10,4852.408,-1,0.2819999999992433,BACKFILL_AUTO
2026-06-18 16:06:54,1781798814,R_10,4852.282,-1,0.12600000000020373,BACKFILL_AUTO
2026-06-18 16:06:56,1781798816,R_10,4852.174,-1,0.10800000000017462,BACKFILL_AUTO
2026-06-18 16:06:58,1781798818,R_10,4852.207,1,0.03300000000035652,BACKFILL_AUTO
2026-06-18 16:07:00,1781798820,R_10,4852.185,-1,0.021999999999934516,BACKFILL_AUTO
2026-06-18 16:07:02,1781798822,R_10,4852.415,1,0.22999999999956344,BACKFILL_AUTO
2026-06-18 16:07:04,1781798824,R_10,4852.276,-1,0.1390000000001237,BACKFILL_AUTO
2026-06-18 16:07:06,1781798826,R_10,4852.258,-1,0.018000000000029104,BACKFILL_AUTO
2026-06-18 16:07:08,1781798828,R_10,4852.066,-1,0.19200000000000728,BACKFILL_AUTO
2026-06-18 16:07:10,1781798830,R_10,4851.955,-1,0.11099999999987631,BACKFILL_AUTO
2026-06-18 16:07:12,1781798832,R_10,4852.17,1,0.21500000000014552,BACKFILL_AUTO
2026-06-18 16:07:14,1781798834,R_10,4852.058,-1,0.11200000000008004,BACKFILL_AUTO
2026-06-18 16:07:16,1781798836,R_10,4852.039,-1,0.01900000000023283,BACKFILL_AUTO
2026-06-18 16:07:18,1781798838,R_10,4852.347,1,0.3079999999999927,BACKFILL_AUTO
2026-06-18 16:07:20,1781798840,R_10,4852.421,1,0.07400000000052387,BACKFILL_AUTO
2026-06-18 16:07:22,1781798842,R_10,4852.454,1,0.03299999999944703,BACKFILL_AUTO
2026-06-18 16:07:24,1781798844,R_10,4852.604,1,0.1500000000005457,BACKFILL_AUTO
2026-06-18 16:07:26,1781798846,R_10,4852.561,-1,0.0430000000005748,BACKFILL_AUTO
2026-06-18 16:07:28,1781798848,R_10,4852.656,1,0.09500000000025466,BACKFILL_AUTO
2026-06-18 16:07:30,1781798850,R_10,4852.748,1,0.09199999999964348,BACKFILL_AUTO
2026-06-18 16:07:32,1781798852,R_10,4852.518,-1,0.22999999999956344,BACKFILL_AUTO
2026-06-18 16:07:34,1781798854,R_10,4852.459,-1,0.05900000000019645,BACKFILL_AUTO
2026-06-18 16:07:36,1781798856,R_10,4852.514,1,0.05500000000029104,BACKFILL_AUTO
2026-06-18 16:07:38,1781798858,R_10,4852.628,1,0.113999999999578,BACKFILL_AUTO
2026-06-18 16:07:40,1781798860,R_10,4852.435,-1,0.1929999999993015,BACKFILL_AUTO
2026-06-18 16:07:42,1781798862,R_10,4852.479,1,0.04399999999986903,BACKFILL_AUTO
2026-06-18 16:07:44,1781798864,R_10,4852.452,-1,0.027000000000043656,BACKFILL_AUTO
2026-06-18 16:07:46,1781798866,R_10,4852.308,-1,0.14400000000023283,BACKFILL_AUTO
2026-06-18 16:07:48,1781798868,R_10,4852.432,1,0.12399999999979627,BACKFILL_AUTO
2026-06-18 16:07:50,1781798870,R_10,4852.463,1,0.03099999999994907,BACKFILL_AUTO
2026-06-18 16:07:52,1781798872,R_10,4852.565,1,0.10199999999986176,BACKFILL_AUTO
2026-06-18 16:07:54,1781798874,R_10,4852.373,-1,0.19200000000000728,BACKFILL_AUTO
2026-06-18 16:07:56,1781798876,R_10,4852.585,1,0.21200000000044383,BACKFILL_AUTO
2026-06-18 16:07:58,1781798878,R_10,4852.621,1,0.03600000000005821,BACKFILL_AUTO
2026-06-18 16:08:00,1781798880,R_10,4852.674,1,0.052999999999883585,BACKFILL_AUTO
2026-06-18 16:08:02,1781798882,R_10,4852.794,1,0.11999999999989086,BACKFILL_AUTO
2026-06-18 16:08:04,1781798884,R_10,4853.074,1,0.27999999999974534,BACKFILL_AUTO
2026-06-18 16:08:06,1781798886,R_10,4853.135,1,0.061000000000603904,BACKFILL_AUTO
2026-06-18 16:08:08,1781798888,R_10,4853.284,1,0.14899999999943248,BACKFILL_AUTO
2026-06-18 16:08:10,1781798890,R_10,4853.249,-1,0.03499999999985448,BACKFILL_AUTO
2026-06-18 16:08:12,1781798892,R_10,4853.256,1,0.007000000000516593,BACKFILL_AUTO
2026-06-18 16:08:14,1781798894,R_10,4853.195,-1,0.061000000000603904,BACKFILL_AUTO
2026-06-18 16:08:16,1781798896,R_10,4853.294,1,0.09900000000016007,BACKFILL_AUTO
2026-06-18 16:08:18,1781798898,R_10,4853.384,1,0.09000000000014552,BACKFILL_AUTO
2026-06-18 16:08:20,1781798900,R_10,4853.047,-1,0.33700000000044383,BACKFILL_AUTO
2026-06-18 16:08:22,1781798902,R_10,4853.161,1,0.11400000000048749,BACKFILL_AUTO
2026-06-18 16:08:24,1781798904,R_10,4853.233,1,0.07200000000011642,BACKFILL_AUTO
2026-06-18 16:08:26,1781798906,R_10,4852.886,-1,0.3469999999997526,BACKFILL_AUTO
2026-06-18 16:08:28,1781798908,R_10,4853.03,1,0.14399999999932334,BACKFILL_AUTO
2026-06-18 16:08:30,1781798910,R_10,4852.873,-1,0.1570000000001528,BACKFILL_AUTO
2026-06-18 16:08:32,1781798912,R_10,4852.857,-1,0.01599999999962165,BACKFILL_AUTO
2026-06-18 16:08:34,1781798914,R_10,4852.66,-1,0.19700000000011642,BACKFILL_AUTO
2026-06-18 16:08:36,1781798916,R_10,4852.654,-1,0.0059999999994033715,BACKFILL_AUTO
2026-06-18 16:08:38,1781798918,R_10,4852.795,1,0.14099999999962165,BACKFILL_AUTO
2026-06-18 16:08:40,1781798920,R_10,4852.793,-1,0.0020000000004074536,BACKFILL_AUTO
2026-06-18 16:08:42,1781798922,R_10,4852.626,-1,0.16699999999946158,BACKFILL_AUTO
2026-06-18 16:08:44,1781798924,R_10,4852.586,-1,0.03999999999996362,BACKFILL_AUTO
2026-06-18 16:08:46,1781798926,R_10,4852.672,1,0.08599999999933061,BACKFILL_AUTO
2026-06-18 16:08:48,1781798928,R_10,4852.881,1,0.20900000000074215,BACKFILL_AUTO
2026-06-18 16:08:50,1781798930,R_10,4853.109,1,0.22800000000006548,BACKFILL_AUTO
2026-06-18 16:08:52,1781798932,R_10,4853.217,1,0.10799999999926513,BACKFILL_AUTO
2026-06-18 16:08:54,1781798934,R_10,4853.233,1,0.016000000000531145,BACKFILL_AUTO
2026-06-18 16:08:56,1781798936,R_10,4853.159,-1,0.07400000000052387,BACKFILL_AUTO
2026-06-18 16:08:58,1781798938,R_10,4853.106,-1,0.052999999999883585,BACKFILL_AUTO
2026-06-18 16:09:00,1781798940,R_10,4852.821,-1,0.2849999999998545,BACKFILL_AUTO
2026-06-18 16:09:02,1781798942,R_10,4852.869,1,0.047999999999774445,BACKFILL_AUTO
2026-06-18 16:09:04,1781798944,R_10,4852.622,-1,0.24699999999938882,BACKFILL_AUTO
2026-06-18 16:09:06,1781798946,R_10,4852.53,-1,0.09200000000055297,BACKFILL_AUTO
2026-06-18 16:09:08,1781798948,R_10,4852.519,-1,0.01099999999951251,BACKFILL_AUTO
2026-06-18 16:09:10,1781798950,R_10,4852.66,1,0.14099999999962165,BACKFILL_AUTO
2026-06-18 16:09:12,1781798952,R_10,4852.746,1,0.0860000000002401,BACKFILL_AUTO
2026-06-18 16:09:14,1781798954,R_10,4853.007,1,0.2609999999995125,BACKFILL_AUTO
2026-06-18 16:09:16,1781798956,R_10,4853.017,1,0.010000000000218279,BACKFILL_AUTO
2026-06-18 16:09:18,1781798958,R_10,4852.931,-1,0.0860000000002401,BACKFILL_AUTO
2026-06-18 16:09:20,1781798960,R_10,4852.95,1,0.01900000000023283,BACKFILL_AUTO
2026-06-18 16:09:22,1781798962,R_10,4852.913,-1,0.037000000000261934,BACKFILL_AUTO
2026-06-18 16:09:24,1781798964,R_10,4853.029,1,0.11600000000089494,BACKFILL_AUTO
2026-06-18 16:09:26,1781798966,R_10,4852.768,-1,0.261000000000422,BACKFILL_AUTO
2026-06-18 16:09:28,1781798968,R_10,4852.775,1,0.006999999999607098,BACKFILL_AUTO
2026-06-18 16:09:30,1781798970,R_10,4852.752,-1,0.02299999999922875,BACKFILL_AUTO
2026-06-18 16:09:32,1781798972,R_10,4852.766,1,0.013999999999214197,BACKFILL_AUTO
2026-06-18 16:09:34,1781798974,R_10,4852.976,1,0.21000000000003638,BACKFILL_AUTO
2026-06-18 16:09:36,1781798976,R_10,4852.895,-1,0.08099999999922147,BACKFILL_AUTO
2026-06-18 16:09:38,1781798978,R_10,4852.864,-1,0.031000000000858563,BACKFILL_AUTO
2026-06-18 16:09:40,1781798980,R_10,4852.737,-1,0.12699999999949796,BACKFILL_AUTO
2026-06-18 16:09:42,1781798982,R_10,4852.765,1,0.028000000000247383,BACKFILL_AUTO
2026-06-18 16:09:44,1781798984,R_10,4852.905,1,0.13999999999941792,BACKFILL_AUTO
2026-06-18 16:09:46,1781798986,R_10,4852.867,-1,0.03799999999955617,BACKFILL_AUTO
2026-06-18 16:09:48,1781798988,R_10,4852.794,-1,0.07300000000032014,BACKFILL_AUTO
2026-06-18 16:09:50,1781798990,R_10,4852.709,-1,0.08500000000003638,BACKFILL_AUTO
2026-06-18 16:09:52,1781798992,R_10,4852.731,1,0.021999999999934516,BACKFILL_AUTO
2026-06-18 16:09:54,1781798994,R_10,4852.623,-1,0.10800000000017462,BACKFILL_AUTO
2026-06-18 16:09:56,1781798996,R_10,4852.446,-1,0.17699999999967986,BACKFILL_AUTO
2026-06-18 16:09:58,1781798998,R_10,4852.393,-1,0.052999999999883585,BACKFILL_AUTO
2026-06-18 16:10:00,1781799000,R_10,4852.431,1,0.03799999999955617,BACKFILL_AUTO
2026-06-18 16:10:02,1781799002,R_10,4852.465,1,0.03400000000056025,BACKFILL_AUTO
2026-06-18 16:10:04,1781799004,R_10,4852.593,1,0.12799999999970169,BACKFILL_AUTO
2026-06-18 16:10:06,1781799006,R_10,4852.502,-1,0.09099999999943975,BACKFILL_AUTO
2026-06-18 16:10:08,1781799008,R_10,4852.437,-1,0.06500000000050932,BACKFILL_AUTO
2026-06-18 16:10:10,1781799010,R_10,4852.396,-1,0.04100000000016735,BACKFILL_AUTO
2026-06-18 16:10:12,1781799012,R_10,4852.379,-1,0.016999999999825377,BACKFILL_AUTO
2026-06-18 16:10:14,1781799014,R_10,4852.223,-1,0.15599999999994907,BACKFILL_AUTO
2026-06-18 16:10:16,1781799016,R_10,4852.158,-1,0.06499999999959982,BACKFILL_AUTO
2026-06-18 16:10:18,1781799018,R_10,4852.167,1,0.009000000000014552,BACKFILL_AUTO
2026-06-18 16:10:20,1781799020,R_10,4852.227,1,0.05999999999949068,BACKFILL_AUTO
2026-06-18 16:10:22,1781799022,R_10,4852.236,1,0.009000000000014552,BACKFILL_AUTO
2026-06-18 16:10:24,1781799024,R_10,4852.307,1,0.07099999999991269,BACKFILL_AUTO
2026-06-18 16:10:26,1781799026,R_10,4852.129,-1,0.17799999999988358,BACKFILL_AUTO
2026-06-18 16:10:28,1781799028,R_10,4852.128,-1,0.0010000000002037268,BACKFILL_AUTO
2026-06-18 16:10:30,1781799030,R_10,4852.094,-1,0.033999999999650754,BACKFILL_AUTO
2026-06-18 16:10:32,1781799032,R_10,4852.074,-1,0.020000000000436557,BACKFILL_AUTO
2026-06-18 16:10:34,1781799034,R_10,4852.097,1,0.023000000000138243,BACKFILL_AUTO
2026-06-18 16:10:36,1781799036,R_10,4852.052,-1,0.04500000000007276,BACKFILL_AUTO
2026-06-18 16:10:38,1781799038,R_10,4851.997,-1,0.054999999999381544,BACKFILL_AUTO
2026-06-18 16:10:40,1781799040,R_10,4851.969,-1,0.028000000000247383,BACKFILL_AUTO
2026-06-18 16:10:42,1781799042,R_10,4852.023,1,0.05400000000008731,BACKFILL_AUTO
2026-06-18 16:10:44,1781799044,R_10,4851.941,-1,0.0820000000003347,BACKFILL_AUTO
2026-06-18 16:10:46,1781799046,R_10,4851.528,-1,0.41299999999955617,BACKFILL_AUTO
2026-06-18 16:10:48,1781799048,R_10,4851.544,1,0.01599999999962165,BACKFILL_AUTO
2026-06-18 16:10:50,1781799050,R_10,4851.527,-1,0.016999999999825377,BACKFILL_AUTO
2026-06-18 16:10:52,1781799052,R_10,4851.512,-1,0.015000000000327418,BACKFILL_AUTO
2026-06-18 16:10:54,1781799054,R_10,4851.642,1,0.13000000000010914,BACKFILL_AUTO
2026-06-18 16:10:56,1781799056,R_10,4851.671,1,0.02900000000045111,BACKFILL_AUTO
2026-06-18 16:10:58,1781799058,R_10,4851.753,1,0.0819999999994252,BACKFILL_AUTO
2026-06-18 16:11:00,1781799060,R_10,4851.839,1,0.0860000000002401,BACKFILL_AUTO
2026-06-18 16:11:02,1781799062,R_10,4851.805,-1,0.033999999999650754,BACKFILL_AUTO
2026-06-18 16:11:04,1781799064,R_10,4851.804,-1,0.0010000000002037268,BACKFILL_AUTO
2026-06-18 16:11:06,1781799066,R_10,4852.071,1,0.2669999999998254,BACKFILL_AUTO
2026-06-18 16:11:08,1781799068,R_10,4852.077,1,0.006000000000312866,BACKFILL_AUTO
2026-06-18 16:11:10,1781799070,R_10,4852.108,1,0.03099999999994907,BACKFILL_AUTO
2026-06-18 16:11:12,1781799072,R_10,4852.297,1,0.1889999999993961,BACKFILL_AUTO
2026-06-18 16:11:14,1781799074,R_10,4852.364,1,0.06700000000000728,BACKFILL_AUTO
2026-06-18 16:11:16,1781799076,R_10,4852.417,1,0.05300000000079308,BACKFILL_AUTO
2026-06-18 16:11:18,1781799078,R_10,4852.373,-1,0.04400000000077853,BACKFILL_AUTO
2026-06-18 16:11:20,1781799080,R_10,4852.106,-1,0.2669999999998254,BACKFILL_AUTO
2026-06-18 16:11:22,1781799082,R_10,4852.209,1,0.10300000000006548,BACKFILL_AUTO
2026-06-18 16:11:24,1781799084,R_10,4852.195,-1,0.014000000000123691,BACKFILL_AUTO
2026-06-18 16:11:26,1781799086,R_10,4852.088,-1,0.1069999999999709,BACKFILL_AUTO
2026-06-18 16:11:28,1781799088,R_10,4852.105,1,0.016999999999825377,BACKFILL_AUTO
2026-06-18 16:11:30,1781799090,R_10,4852.254,1,0.14900000000034197,BACKFILL_AUTO
2026-06-18 16:11:32,1781799092,R_10,4852.115,-1,0.1390000000001237,BACKFILL_AUTO
2026-06-18 16:11:34,1781799094,R_10,4852.058,-1,0.056999999999789,BACKFILL_AUTO
2026-06-18 16:11:36,1781799096,R_10,4852.019,-1,0.03899999999975989,BACKFILL_AUTO
2026-06-18 16:11:38,1781799098,R_10,4852.111,1,0.09199999999964348,BACKFILL_AUTO
2026-06-18 16:11:40,1781799100,R_10,4852.158,1,0.04700000000048021,BACKFILL_AUTO
2026-06-18 16:11:42,1781799102,R_10,4852.048,-1,0.11000000000058208,BACKFILL_AUTO
2026-06-18 16:11:44,1781799104,R_10,4852.033,-1,0.014999999999417923,BACKFILL_AUTO
2026-06-18 16:11:46,1781799106,R_10,4852.079,1,0.04599999999936699,BACKFILL_AUTO
2026-06-18 16:11:48,1781799108,R_10,4851.853,-1,0.22599999999965803,BACKFILL_AUTO
2026-06-18 16:11:50,1781799110,R_10,4851.818,-1,0.03499999999985448,BACKFILL_AUTO
2026-06-18 16:11:52,1781799112,R_10,4851.666,-1,0.15200000000004366,BACKFILL_AUTO
2026-06-18 16:11:54,1781799114,R_10,4851.703,1,0.037000000000261934,BACKFILL_AUTO
2026-06-18 16:11:56,1781799116,R_10,4851.729,1,0.02599999999983993,BACKFILL_AUTO
2026-06-18 16:11:58,1781799118,R_10,4851.747,1,0.018000000000029104,BACKFILL_AUTO
2026-06-18 16:12:00,1781799120,R_10,4851.839,1,0.09199999999964348,BACKFILL_AUTO
2026-06-18 16:12:02,1781799122,R_10,4851.623,-1,0.21600000000034925,BACKFILL_AUTO
2026-06-18 16:12:04,1781799124,R_10,4851.701,1,0.07800000000042928,BACKFILL_AUTO
2026-06-18 16:12:06,1781799126,R_10,4851.785,1,0.08399999999983265,BACKFILL_AUTO
2026-06-18 16:12:08,1781799128,R_10,4851.799,1,0.014000000000123691,BACKFILL_AUTO
2026-06-18 16:12:10,1781799130,R_10,4851.935,1,0.136000000000422,BACKFILL_AUTO
2026-06-18 16:12:12,1781799132,R_10,4852.065,1,0.12999999999919964,BACKFILL_AUTO
2026-06-18 16:12:14,1781799134,R_10,4852.175,1,0.11000000000058208,BACKFILL_AUTO
2026-06-18 16:12:16,1781799136,R_10,4852.255,1,0.07999999999992724,BACKFILL_AUTO
2026-06-18 16:12:18,1781799138,R_10,4852.102,-1,0.15300000000024738,BACKFILL_AUTO
2026-06-18 16:12:20,1781799140,R_10,4852.079,-1,0.023000000000138243,BACKFILL_AUTO
2026-06-18 16:12:22,1781799142,R_10,4852.167,1,0.08800000000064756,BACKFILL_AUTO
2026-06-18 16:12:24,1781799144,R_10,4852.285,1,0.11799999999948341,BACKFILL_AUTO
2026-06-18 16:12:26,1781799146,R_10,4852.069,-1,0.21599999999943975,BACKFILL_AUTO
2026-06-18 16:12:28,1781799148,R_10,4852.168,1,0.09899999999925058,BACKFILL_AUTO
2026-06-18 16:12:30,1781799150,R_10,4852.223,1,0.05500000000029104,BACKFILL_AUTO
2026-06-18 16:12:32,1781799152,R_10,4852.339,1,0.11599999999998545,BACKFILL_AUTO
2026-06-18 16:12:34,1781799154,R_10,4852.221,-1,0.1180000000003929,BACKFILL_AUTO
2026-06-18 16:12:36,1781799156,R_10,4852.132,-1,0.08899999999994179,BACKFILL_AUTO
2026-06-18 16:12:38,1781799158,R_10,4852.207,1,0.0750000000007276,BACKFILL_AUTO
2026-06-18 16:12:40,1781799160,R_10,4852.178,-1,0.02900000000045111,BACKFILL_AUTO
2026-06-18 16:12:42,1781799162,R_10,4852.15,-1,0.028000000000247383,BACKFILL_AUTO
2026-06-18 16:12:44,1781799164,R_10,4852.375,1,0.2250000000003638,BACKFILL_AUTO
2026-06-18 16:12:46,1781799166,R_10,4852.465,1,0.09000000000014552,BACKFILL_AUTO
2026-06-18 16:12:48,1781799168,R_10,4852.533,1,0.068000000000211,BACKFILL_AUTO
2026-06-18 16:12:50,1781799170,R_10,4852.393,-1,0.14000000000032742,BACKFILL_AUTO
2026-06-18 16:12:52,1781799172,R_10,4852.488,1,0.09500000000025466,BACKFILL_AUTO
2026-06-18 16:12:54,1781799174,R_10,4852.489,1,0.0009999999992942321,BACKFILL_AUTO
2026-06-18 16:12:56,1781799176,R_10,4852.451,-1,0.03799999999955617,BACKFILL_AUTO
2026-06-18 16:12:58,1781799178,R_10,4852.583,1,0.1319999999996071,BACKFILL_AUTO
2026-06-18 16:13:00,1781799180,R_10,4852.601,1,0.018000000000029104,BACKFILL_AUTO
2026-06-18 16:13:02,1781799182,R_10,4852.672,1,0.07099999999991269,BACKFILL_AUTO
2026-06-18 16:13:04,1781799184,R_10,4852.726,1,0.05400000000008731,BACKFILL_AUTO
2026-06-18 16:13:06,1781799186,R_10,4852.809,1,0.08300000000053842,BACKFILL_AUTO
2026-06-18 16:13:08,1781799188,R_10,4852.93,1,0.12100000000009459,BACKFILL_AUTO
2026-06-18 16:13:10,1781799190,R_10,4853.139,1,0.20899999999983265,BACKFILL_AUTO
2026-06-18 16:13:12,1781799192,R_10,4853.07,-1,0.06900000000041473,BACKFILL_AUTO
2026-06-18 16:13:14,1781799194,R_10,4853.141,1,0.07099999999991269,BACKFILL_AUTO
2026-06-18 16:13:16,1781799196,R_10,4852.965,-1,0.17599999999947613,BACKFILL_AUTO
2026-06-18 16:13:18,1781799198,R_10,4852.891,-1,0.07400000000052387,BACKFILL_AUTO
2026-06-18 16:13:20,1781799200,R_10,4852.834,-1,0.056999999999789,BACKFILL_AUTO
2026-06-18 16:13:22,1781799202,R_10,4852.97,1,0.136000000000422,BACKFILL_AUTO
2026-06-18 16:13:24,1781799204,R_10,4853.13,1,0.15999999999985448,BACKFILL_AUTO
2026-06-18 16:13:26,1781799206,R_10,4853.108,-1,0.021999999999934516,BACKFILL_AUTO
2026-06-18 16:13:28,1781799208,R_10,4853.246,1,0.13799999999991996,BACKFILL_AUTO
2026-06-18 16:13:30,1781799210,R_10,4853.153,-1,0.0929999999998472,BACKFILL_AUTO
2026-06-18 16:13:32,1781799212,R_10,4853.001,-1,0.15200000000004366,BACKFILL_AUTO
2026-06-18 16:13:34,1781799214,R_10,4852.968,-1,0.03300000000035652,BACKFILL_AUTO
2026-06-18 16:13:36,1781799216,R_10,4852.832,-1,0.1359999999995125,BACKFILL_AUTO
2026-06-18 16:13:38,1781799218,R_10,4852.865,1,0.03299999999944703,BACKFILL_AUTO
2026-06-18 16:13:40,1781799220,R_10,4852.795,-1,0.06999999999970896,BACKFILL_AUTO
2026-06-18 16:13:42,1781799222,R_10,4852.895,1,0.1000000000003638,BACKFILL_AUTO
2026-06-18 16:13:44,1781799224,R_10,4852.875,-1,0.020000000000436557,BACKFILL_AUTO
2026-06-18 16:13:46,1781799226,R_10,4852.822,-1,0.052999999999883585,BACKFILL_AUTO
2026-06-18 16:13:48,1781799228,R_10,4852.827,1,0.005000000000109139,BACKFILL_AUTO
2026-06-18 16:13:50,1781799230,R_10,4852.921,1,0.09400000000005093,BACKFILL_AUTO
2026-06-18 16:13:52,1781799232,R_10,4852.798,-1,0.12300000000050204,BACKFILL_AUTO
2026-06-18 16:13:54,1781799234,R_10,4852.904,1,0.10600000000067666,BACKFILL_AUTO
2026-06-18 16:13:56,1781799236,R_10,4852.789,-1,0.11500000000069122,BACKFILL_AUTO
2026-06-18 16:13:58,1781799238,R_10,4852.807,1,0.018000000000029104,BACKFILL_AUTO
2026-06-18 16:14:00,1781799240,R_10,4852.775,-1,0.032000000000152795,BACKFILL_AUTO
2026-06-18 16:14:02,1781799242,R_10,4852.712,-1,0.06299999999919237,BACKFILL_AUTO
2026-06-18 16:14:04,1781799244,R_10,4852.892,1,0.17999999999938154,BACKFILL_AUTO
2026-06-18 16:14:06,1781799246,R_10,4852.934,1,0.042000000000371074,BACKFILL_AUTO
2026-06-18 16:14:08,1781799248,R_10,4853.072,1,0.13799999999991996,BACKFILL_AUTO
2026-06-18 16:14:10,1781799250,R_10,4853.266,1,0.19399999999950523,BACKFILL_AUTO
2026-06-18 16:14:12,1781799252,R_10,4853.427,1,0.1610000000000582,BACKFILL_AUTO
2026-06-18 16:14:14,1781799254,R_10,4853.338,-1,0.08899999999994179,BACKFILL_AUTO
2026-06-18 16:14:16,1781799256,R_10,4853.424,1,0.0860000000002401,BACKFILL_AUTO
2026-06-18 16:14:18,1781799258,R_10,4853.349,-1,0.0749999999998181,BACKFILL_AUTO
2026-06-18 16:14:20,1781799260,R_10,4853.569,1,0.22000000000025466,BACKFILL_AUTO
2026-06-18 16:14:22,1781799262,R_10,4853.61,1,0.04099999999925785,BACKFILL_AUTO
2026-06-18 16:14:24,1781799264,R_10,4853.675,1,0.06500000000050932,BACKFILL_AUTO
2026-06-18 16:14:26,1781799266,R_10,4853.719,1,0.04399999999986903,BACKFILL_AUTO
2026-06-18 16:14:28,1781799268,R_10,4853.74,1,0.02099999999973079,BACKFILL_AUTO
2026-06-18 16:14:30,1781799270,R_10,4853.73,-1,0.010000000000218279,BACKFILL_AUTO
2026-06-18 16:14:32,1781799272,R_10,4853.731,1,0.0010000000002037268,BACKFILL_AUTO
2026-06-18 16:14:34,1781799274,R_10,4853.505,-1,0.22599999999965803,BACKFILL_AUTO
2026-06-18 16:14:36,1781799276,R_10,4853.522,1,0.016999999999825377,BACKFILL_AUTO
2026-06-18 16:14:38,1781799278,R_10,4853.679,1,0.1570000000001528,BACKFILL_AUTO
2026-06-18 16:14:40,1781799280,R_10,4853.687,1,0.007999999999810825,BACKFILL_AUTO
2026-06-18 16:14:42,1781799282,R_10,4853.63,-1,0.056999999999789,BACKFILL_AUTO
2026-06-18 16:14:44,1781799284,R_10,4853.526,-1,0.10400000000026921,BACKFILL_AUTO
2026-06-18 16:14:46,1781799286,R_10,4853.602,1,0.07600000000002183,BACKFILL_AUTO
2026-06-18 16:14:48,1781799288,R_10,4853.676,1,0.07400000000052387,BACKFILL_AUTO
2026-06-18 16:14:50,1781799290,R_10,4853.837,1,0.1610000000000582,BACKFILL_AUTO
2026-06-18 16:14:52,1781799292,R_10,4853.799,-1,0.03800000000046566,BACKFILL_AUTO
2026-06-18 16:14:54,1781799294,R_10,4853.51,-1,0.2889999999997599,BACKFILL_AUTO
2026-06-18 16:14:56,1781799296,R_10,4853.452,-1,0.057999999999992724,BACKFILL_AUTO
2026-06-18 16:14:58,1781799298,R_10,4853.556,1,0.10399999999935972,BACKFILL_AUTO
2026-06-18 16:15:00,1781799300,R_10,4853.625,1,0.06900000000041473,BACKFILL_AUTO
2026-06-18 16:15:02,1781799302,R_10,4853.726,1,0.10099999999965803,BACKFILL_AUTO
2026-06-18 16:15:04,1781799304,R_10,4853.572,-1,0.15399999999954161,BACKFILL_AUTO
2026-06-18 16:15:06,1781799306,R_10,4853.763,1,0.19099999999980355,BACKFILL_AUTO
2026-06-18 16:15:08,1781799308,R_10,4853.783,1,0.020000000000436557,BACKFILL_AUTO
2026-06-18 16:15:10,1781799310,R_10,4853.86,1,0.07699999999931606,BACKFILL_AUTO
2026-06-18 16:15:12,1781799312,R_10,4854.045,1,0.18500000000040018,BACKFILL_AUTO
2026-06-18 16:15:14,1781799314,R_10,4853.825,-1,0.22000000000025466,BACKFILL_AUTO
2026-06-18 16:15:16,1781799316,R_10,4853.833,1,0.007999999999810825,BACKFILL_AUTO
2026-06-18 16:15:18,1781799318,R_10,4853.688,-1,0.14499999999952706,BACKFILL_AUTO
2026-06-18 16:15:20,1781799320,R_10,4853.684,-1,0.0039999999999054126,BACKFILL_AUTO
2026-06-18 16:15:22,1781799322,R_10,4853.78,1,0.09599999999954889,BACKFILL_AUTO
2026-06-18 16:15:24,1781799324,R_10,4853.85,1,0.07000000000061846,BACKFILL_AUTO
2026-06-18 16:15:26,1781799326,R_10,4853.861,1,0.01099999999951251,BACKFILL_AUTO
2026-06-18 16:15:28,1781799328,R_10,4853.936,1,0.0749999999998181,BACKFILL_AUTO
2026-06-18 16:15:30,1781799330,R_10,4854.096,1,0.15999999999985448,BACKFILL_AUTO
2026-06-18 16:15:32,1781799332,R_10,4854.057,-1,0.03899999999975989,BACKFILL_AUTO
2026-06-18 16:15:34,1781799334,R_10,4854.024,-1,0.03299999999944703,BACKFILL_AUTO
2026-06-18 16:15:36,1781799336,R_10,4853.876,-1,0.14800000000013824,BACKFILL_AUTO
2026-06-18 16:15:38,1781799338,R_10,4854.004,1,0.12799999999970169,BACKFILL_AUTO
2026-06-18 16:15:40,1781799340,R_10,4853.854,-1,0.1499999999996362,BACKFILL_AUTO
2026-06-18 16:15:42,1781799342,R_10,4853.567,-1,0.28700000000026193,BACKFILL_AUTO
2026-06-18 16:15:44,1781799344,R_10,4853.417,-1,0.1499999999996362,BACKFILL_AUTO
2026-06-18 16:15:46,1781799346,R_10,4853.543,1,0.12599999999929423,BACKFILL_AUTO
2026-06-18 16:15:48,1781799348,R_10,4853.503,-1,0.03999999999996362,BACKFILL_AUTO
2026-06-18 16:15:50,1781799350,R_10,4853.517,1,0.014000000000123691,BACKFILL_AUTO
2026-06-18 16:15:52,1781799352,R_10,4853.458,-1,0.05900000000019645,BACKFILL_AUTO
2026-06-18 16:15:54,1781799354,R_10,4853.353,-1,0.10499999999956344,BACKFILL_AUTO
2026-06-18 16:15:56,1781799356,R_10,4853.48,1,0.12699999999949796,BACKFILL_AUTO
2026-06-18 16:15:58,1781799358,R_10,4853.258,-1,0.22199999999975262,BACKFILL_AUTO
2026-06-18 16:16:00,1781799360,R_10,4853.107,-1,0.15099999999983993,BACKFILL_AUTO
2026-06-18 16:16:02,1781799362,R_10,4853.263,1,0.15599999999994907,BACKFILL_AUTO
2026-06-18 16:16:04,1781799364,R_10,4853.196,-1,0.06700000000000728,BACKFILL_AUTO
2026-06-18 16:16:06,1781799366,R_10,4853.16,-1,0.03600000000005821,BACKFILL_AUTO
2026-06-18 16:16:08,1781799368,R_10,4853.248,1,0.08799999999973807,BACKFILL_AUTO
2026-06-18 16:16:10,1781799370,R_10,4853.379,1,0.13100000000031287,BACKFILL_AUTO
2026-06-18 16:16:12,1781799372,R_10,4853.477,1,0.09799999999995634,BACKFILL_AUTO
2026-06-18 16:16:14,1781799374,R_10,4853.533,1,0.056000000000494765,BACKFILL_AUTO
2026-06-18 16:16:16,1781799376,R_10,4853.45,-1,0.08300000000053842,BACKFILL_AUTO
2026-06-18 16:16:18,1781799378,R_10,4853.445,-1,0.005000000000109139,BACKFILL_AUTO
2026-06-18 16:16:20,1781799380,R_10,4853.285,-1,0.15999999999985448,BACKFILL_AUTO
2026-06-18 16:16:22,1781799382,R_10,4852.95,-1,0.3350000000000364,BACKFILL_AUTO
2026-06-18 16:16:24,1781799384,R_10,4852.876,-1,0.07399999999961437,BACKFILL_AUTO
2026-06-18 16:16:26,1781799386,R_10,4852.812,-1,0.06400000000030559,BACKFILL_AUTO
2026-06-18 16:16:28,1781799388,R_10,4852.731,-1,0.08100000000013097,BACKFILL_AUTO
2026-06-18 16:16:30,1781799390,R_10,4852.669,-1,0.06199999999989814,BACKFILL_AUTO
2026-06-18 16:16:32,1781799392,R_10,4852.761,1,0.09200000000055297,BACKFILL_AUTO
2026-06-18 16:16:34,1781799394,R_10,4852.821,1,0.05999999999949068,BACKFILL_AUTO
2026-06-18 16:16:36,1781799396,R_10,4852.815,-1,0.006000000000312866,BACKFILL_AUTO
2026-06-18 16:16:38,1781799398,R_10,4852.567,-1,0.24799999999959255,BACKFILL_AUTO
2026-06-18 16:16:40,1781799400,R_10,4852.65,1,0.08299999999962893,BACKFILL_AUTO
2026-06-18 16:16:42,1781799402,R_10,4852.714,1,0.06400000000030559,BACKFILL_AUTO
2026-06-18 16:16:44,1781799404,R_10,4852.653,-1,0.06099999999969441,BACKFILL_AUTO
2026-06-18 16:16:46,1781799406,R_10,4852.802,1,0.14899999999943248,BACKFILL_AUTO
2026-06-18 16:16:48,1781799408,R_10,4852.751,-1,0.05099999999947613,BACKFILL_AUTO
2026-06-18 16:16:50,1781799410,R_10,4852.856,1,0.10499999999956344,BACKFILL_AUTO
2026-06-18 16:16:52,1781799412,R_10,4852.936,1,0.07999999999992724,BACKFILL_AUTO
2026-06-18 16:16:54,1781799414,R_10,4852.966,1,0.030000000000654836,BACKFILL_AUTO
2026-06-18 16:16:56,1781799416,R_10,4853.316,1,0.3499999999994543,BACKFILL_AUTO
2026-06-18 16:16:58,1781799418,R_10,4853.257,-1,0.05900000000019645,BACKFILL_AUTO
2026-06-18 16:17:00,1781799420,R_10,4853.377,1,0.12000000000080036,BACKFILL_AUTO
2026-06-18 16:17:02,1781799422,R_10,4853.508,1,0.13099999999940337,BACKFILL_AUTO
2026-06-18 16:17:04,1781799424,R_10,4853.574,1,0.06599999999980355,BACKFILL_AUTO
2026-06-18 16:17:06,1781799426,R_10,4853.449,-1,0.125,BACKFILL_AUTO
2026-06-18 16:17:08,1781799428,R_10,4853.428,-1,0.02099999999973079,BACKFILL_AUTO
2026-06-18 16:17:10,1781799430,R_10,4853.38,-1,0.047999999999774445,BACKFILL_AUTO
2026-06-18 16:17:12,1781799432,R_10,4853.306,-1,0.07400000000052387,BACKFILL_AUTO
2026-06-18 16:17:14,1781799434,R_10,4853.306,0,0.0,BACKFILL_AUTO
2026-06-18 16:17:16,1781799436,R_10,4853.481,1,0.1750000000001819,BACKFILL_AUTO
2026-06-18 16:17:18,1781799438,R_10,4853.635,1,0.1540000000004511,BACKFILL_AUTO
2026-06-18 16:17:20,1781799440,R_10,4853.529,-1,0.10599999999976717,BACKFILL_AUTO
2026-06-18 16:17:22,1781799442,R_10,4853.486,-1,0.0430000000005748,BACKFILL_AUTO
2026-06-18 16:17:24,1781799444,R_10,4853.435,-1,0.05099999999947613,BACKFILL_AUTO
2026-06-18 16:17:26,1781799446,R_10,4853.48,1,0.044999999999163265,BACKFILL_AUTO
2026-06-18 16:17:28,1781799448,R_10,4853.67,1,0.19000000000050932,BACKFILL_AUTO
2026-06-18 16:17:30,1781799450,R_10,4853.616,-1,0.05400000000008731,BACKFILL_AUTO
2026-06-18 16:17:32,1781799452,R_10,4853.856,1,0.23999999999978172,BACKFILL_AUTO
2026-06-18 16:17:34,1781799454,R_10,4853.893,1,0.037000000000261934,BACKFILL_AUTO
2026-06-18 16:17:36,1781799456,R_10,4854.013,1,0.11999999999989086,BACKFILL_AUTO
2026-06-18 16:17:38,1781799458,R_10,4854.008,-1,0.005000000000109139,BACKFILL_AUTO
2026-06-18 16:17:40,1781799460,R_10,4853.921,-1,0.08699999999953434,BACKFILL_AUTO
2026-06-18 16:17:42,1781799462,R_10,4853.72,-1,0.20100000000002183,BACKFILL_AUTO
2026-06-18 16:17:44,1781799464,R_10,4853.841,1,0.12100000000009459,BACKFILL_AUTO
2026-06-18 16:17:46,1781799466,R_10,4853.887,1,0.04599999999936699,BACKFILL_AUTO
2026-06-18 16:17:48,1781799468,R_10,4854.207,1,0.32000000000061846,BACKFILL_AUTO
2026-06-18 16:17:50,1781799470,R_10,4854.229,1,0.021999999999934516,BACKFILL_AUTO
2026-06-18 16:17:52,1781799472,R_10,4854.356,1,0.12699999999949796,BACKFILL_AUTO
2026-06-18 16:17:54,1781799474,R_10,4854.498,1,0.14199999999982538,BACKFILL_AUTO
2026-06-18 16:17:56,1781799476,R_10,4854.552,1,0.05400000000008731,BACKFILL_AUTO
2026-06-18 16:17:58,1781799478,R_10,4854.613,1,0.061000000000603904,BACKFILL_AUTO
2026-06-18 16:18:00,1781799480,R_10,4854.796,1,0.18299999999999272,BACKFILL_AUTO
2026-06-18 16:18:02,1781799482,R_10,4854.702,-1,0.09400000000005093,BACKFILL_AUTO
2026-06-18 16:18:04,1781799484,R_10,4854.578,-1,0.12399999999979627,BACKFILL_AUTO
2026-06-18 16:18:06,1781799486,R_10,4854.386,-1,0.19200000000000728,BACKFILL_AUTO
2026-06-18 16:18:08,1781799488,R_10,4854.517,1,0.13099999999940337,BACKFILL_AUTO
2026-06-18 16:18:10,1781799490,R_10,4854.358,-1,0.15899999999965075,BACKFILL_AUTO
2026-06-18 16:18:12,1781799492,R_10,4854.292,-1,0.06599999999980355,BACKFILL_AUTO
2026-06-18 16:18:14,1781799494,R_10,4854.402,1,0.10999999999967258,BACKFILL_AUTO
2026-06-18 16:18:16,1781799496,R_10,4854.541,1,0.1390000000001237,BACKFILL_AUTO
2026-06-18 16:18:18,1781799498,R_10,4854.597,1,0.05599999999958527,BACKFILL_AUTO
2026-06-18 16:18:20,1781799500,R_10,4854.528,-1,0.06899999999950523,BACKFILL_AUTO
2026-06-18 16:18:22,1781799502,R_10,4854.474,-1,0.05400000000008731,BACKFILL_AUTO
2026-06-18 16:18:24,1781799504,R_10,4854.507,1,0.03299999999944703,BACKFILL_AUTO
2026-06-18 16:18:26,1781799506,R_10,4854.407,-1,0.0999999999994543,BACKFILL_AUTO
2026-06-18 16:18:28,1781799508,R_10,4854.371,-1,0.03600000000005821,BACKFILL_AUTO
2026-06-18 16:18:30,1781799510,R_10,4854.455,1,0.08399999999983265,BACKFILL_AUTO
2026-06-18 16:18:32,1781799512,R_10,4854.457,1,0.0020000000004074536,BACKFILL_AUTO
2026-06-18 16:18:34,1781799514,R_10,4854.251,-1,0.20600000000013097,BACKFILL_AUTO
2026-06-18 16:18:36,1781799516,R_10,4854.219,-1,0.032000000000152795,BACKFILL_AUTO
2026-06-18 16:18:38,1781799518,R_10,4854.26,1,0.04100000000016735,BACKFILL_AUTO
2026-06-18 16:18:40,1781799520,R_10,4854.171,-1,0.08899999999994179,BACKFILL_AUTO
2026-06-18 16:18:42,1781799522,R_10,4854.231,1,0.05999999999949068,BACKFILL_AUTO
2026-06-18 16:18:44,1781799524,R_10,4854.311,1,0.07999999999992724,BACKFILL_AUTO
2026-06-18 16:18:46,1781799526,R_10,4854.343,1,0.032000000000152795,BACKFILL_AUTO
2026-06-18 16:18:48,1781799528,R_10,4854.463,1,0.11999999999989086,BACKFILL_AUTO
2026-06-18 16:18:50,1781799530,R_10,4854.382,-1,0.08100000000013097,BACKFILL_AUTO
2026-06-18 16:18:52,1781799532,R_10,4854.365,-1,0.016999999999825377,BACKFILL_AUTO
2026-06-18 16:18:54,1781799534,R_10,4854.319,-1,0.04599999999936699,BACKFILL_AUTO
2026-06-18 16:18:56,1781799536,R_10,4854.533,1,0.2139999999999418,BACKFILL_AUTO
2026-06-18 16:18:58,1781799538,R_10,4854.775,1,0.24199999999927968,BACKFILL_AUTO
2026-06-18 16:19:00,1781799540,R_10,4855.045,1,0.27000000000043656,BACKFILL_AUTO
2026-06-18 16:19:02,1781799542,R_10,4855.289,1,0.24399999999968713,BACKFILL_AUTO
2026-06-18 16:19:04,1781799544,R_10,4855.253,-1,0.03600000000005821,BACKFILL_AUTO
2026-06-18 16:19:06,1781799546,R_10,4855.098,-1,0.15499999999974534,BACKFILL_AUTO
2026-06-18 16:19:08,1781799548,R_10,4854.81,-1,0.28799999999955617,BACKFILL_AUTO
2026-06-18 16:19:10,1781799550,R_10,4854.719,-1,0.09100000000034925,BACKFILL_AUTO
2026-06-18 16:19:12,1781799552,R_10,4854.64,-1,0.07899999999972351,BACKFILL_AUTO
2026-06-18 16:19:14,1781799554,R_10,4854.649,1,0.009000000000014552,BACKFILL_AUTO
2026-06-18 16:19:16,1781799556,R_10,4854.456,-1,0.193000000000211,BACKFILL_AUTO
2026-06-18 16:19:18,1781799558,R_10,4854.513,1,0.056999999999789,BACKFILL_AUTO
2026-06-18 16:19:20,1781799560,R_10,4854.437,-1,0.07600000000002183,BACKFILL_AUTO
2026-06-18 16:19:22,1781799562,R_10,4854.67,1,0.23300000000017462,BACKFILL_AUTO
2026-06-18 16:19:24,1781799564,R_10,4854.723,1,0.052999999999883585,BACKFILL_AUTO
2026-06-18 16:19:26,1781799566,R_10,4854.678,-1,0.04500000000007276,BACKFILL_AUTO
2026-06-18 16:19:28,1781799568,R_10,4854.569,-1,0.10899999999946886,BACKFILL_AUTO
2026-06-18 16:19:30,1781799570,R_10,4854.631,1,0.06199999999989814,BACKFILL_AUTO
2026-06-18 16:19:32,1781799572,R_10,4854.714,1,0.08299999999962893,BACKFILL_AUTO
2026-06-18 16:19:34,1781799574,R_10,4854.709,-1,0.005000000000109139,BACKFILL_AUTO
2026-06-18 16:19:36,1781799576,R_10,4854.962,1,0.2530000000006112,BACKFILL_AUTO
2026-06-18 16:19:38,1781799578,R_10,4854.92,-1,0.042000000000371074,BACKFILL_AUTO
2026-06-18 16:19:40,1781799580,R_10,4854.912,-1,0.007999999999810825,BACKFILL_AUTO
2026-06-18 16:19:42,1781799582,R_10,4854.93,1,0.018000000000029104,BACKFILL_AUTO
2026-06-18 16:19:44,1781799584,R_10,4855.019,1,0.08899999999994179,BACKFILL_AUTO
2026-06-18 16:19:46,1781799586,R_10,4855.223,1,0.2039999999997235,BACKFILL_AUTO
2026-06-18 16:19:48,1781799588,R_10,4855.178,-1,0.04500000000007276,BACKFILL_AUTO
2026-06-18 16:19:50,1781799590,R_10,4855.281,1,0.10300000000006548,BACKFILL_AUTO
2026-06-18 16:19:52,1781799592,R_10,4855.515,1,0.23400000000037835,BACKFILL_AUTO
2026-06-18 16:19:54,1781799594,R_10,4855.285,-1,0.23000000000047294,BACKFILL_AUTO
2026-06-18 16:19:56,1781799596,R_10,4855.215,-1,0.06999999999970896,BACKFILL_AUTO
2026-06-18 16:19:58,1781799598,R_10,4855.291,1,0.07600000000002183,BACKFILL_AUTO
2026-06-18 16:20:00,1781799600,R_10,4855.162,-1,0.1289999999999054,BACKFILL_AUTO
2026-06-18 16:20:02,1781799602,R_10,4854.929,-1,0.23300000000017462,BACKFILL_AUTO
2026-06-18 16:20:04,1781799604,R_10,4855.124,1,0.19499999999970896,BACKFILL_AUTO
2026-06-18 16:20:06,1781799606,R_10,4854.977,-1,0.14699999999993452,BACKFILL_AUTO
2026-06-18 16:20:08,1781799608,R_10,4854.9,-1,0.07700000000022555,BACKFILL_AUTO
2026-06-18 16:20:10,1781799610,R_10,4854.818,-1,0.0819999999994252,BACKFILL_AUTO
2026-06-18 16:20:12,1781799612,R_10,4854.815,-1,0.0030000000006111804,BACKFILL_AUTO
2026-06-18 16:20:14,1781799614,R_10,4854.864,1,0.04899999999997817,BACKFILL_AUTO
2026-06-18 16:20:16,1781799616,R_10,4854.594,-1,0.26999999999952706,BACKFILL_AUTO
2026-06-18 16:20:18,1781799618,R_10,4854.639,1,0.04500000000007276,BACKFILL_AUTO
2026-06-18 16:20:20,1781799620,R_10,4854.568,-1,0.07099999999991269,BACKFILL_AUTO
2026-06-18 16:20:22,1781799622,R_10,4854.624,1,0.05599999999958527,BACKFILL_AUTO
2026-06-18 16:20:24,1781799624,R_10,4854.677,1,0.052999999999883585,BACKFILL_AUTO
2026-06-18 16:20:26,1781799626,R_10,4854.517,-1,0.15999999999985448,BACKFILL_AUTO
2026-06-18 16:20:28,1781799628,R_10,4854.459,-1,0.057999999999992724,BACKFILL_AUTO
2026-06-18 16:20:30,1781799630,R_10,4854.434,-1,0.024999999999636202,BACKFILL_AUTO
2026-06-18 16:20:32,1781799632,R_10,4854.233,-1,0.20100000000002183,BACKFILL_AUTO
2026-06-18 16:20:34,1781799634,R_10,4854.198,-1,0.03499999999985448,BACKFILL_AUTO
2026-06-18 16:20:36,1781799636,R_10,4854.146,-1,0.05200000000058935,BACKFILL_AUTO
2026-06-18 16:20:38,1781799638,R_10,4854.12,-1,0.02599999999983993,BACKFILL_AUTO
2026-06-18 16:20:40,1781799640,R_10,4854.194,1,0.07400000000052387,BACKFILL_AUTO
2026-06-18 16:20:42,1781799642,R_10,4854.186,-1,0.00800000000072032,BACKFILL_AUTO
2026-06-18 16:20:44,1781799644,R_10,4854.317,1,0.13100000000031287,BACKFILL_AUTO
2026-06-18 16:20:46,1781799646,R_10,4854.532,1,0.21500000000014552,BACKFILL_AUTO
2026-06-18 16:20:48,1781799648,R_10,4854.43,-1,0.10199999999986176,BACKFILL_AUTO
2026-06-18 16:20:50,1781799650,R_10,4854.406,-1,0.02400000000034197,BACKFILL_AUTO
2026-06-18 16:20:52,1781799652,R_10,4854.547,1,0.14099999999962165,BACKFILL_AUTO
2026-06-18 16:20:54,1781799654,R_10,4854.429,-1,0.11799999999948341,BACKFILL_AUTO
2026-06-18 16:20:56,1781799656,R_10,4854.127,-1,0.30199999999967986,BACKFILL_AUTO
2026-06-18 16:20:58,1781799658,R_10,4854.092,-1,0.035000000000763976,BACKFILL_AUTO
2026-06-18 16:21:00,1781799660,R_10,4854.049,-1,0.042999999999665306,BACKFILL_AUTO
2026-06-18 16:21:02,1781799662,R_10,4854.125,1,0.07600000000002183,BACKFILL_AUTO
2026-06-18 16:21:04,1781799664,R_10,4854.072,-1,0.052999999999883585,BACKFILL_AUTO
2026-06-18 16:21:06,1781799666,R_10,4854.205,1,0.13299999999981083,BACKFILL_AUTO
2026-06-18 16:21:08,1781799668,R_10,4854.249,1,0.04399999999986903,BACKFILL_AUTO
2026-06-18 16:21:10,1781799670,R_10,4854.279,1,0.030000000000654836,BACKFILL_AUTO
2026-06-18 16:21:12,1781799672,R_10,4854.287,1,0.007999999999810825,BACKFILL_AUTO
2026-06-18 16:21:14,1781799674,R_10,4854.254,-1,0.03300000000035652,BACKFILL_AUTO
2026-06-18 16:21:16,1781799676,R_10,4854.24,-1,0.014000000000123691,BACKFILL_AUTO
2026-06-18 16:21:18,1781799678,R_10,4854.489,1,0.24899999999979627,BACKFILL_AUTO
2026-06-18 16:21:20,1781799680,R_10,4854.703,1,0.2140000000008513,BACKFILL_AUTO
2026-06-18 16:21:22,1781799682,R_10,4854.734,1,0.03099999999994907,BACKFILL_AUTO
2026-06-18 16:21:24,1781799684,R_10,4854.519,-1,0.21500000000014552,BACKFILL_AUTO
2026-06-18 16:21:26,1781799686,R_10,4854.352,-1,0.16700000000037107,BACKFILL_AUTO
2026-06-18 16:21:28,1781799688,R_10,4854.339,-1,0.012999999999919964,BACKFILL_AUTO
2026-06-18 16:21:30,1781799690,R_10,4854.349,1,0.010000000000218279,BACKFILL_AUTO
2026-06-18 16:21:32,1781799692,R_10,4854.384,1,0.03499999999985448,BACKFILL_AUTO
2026-06-18 16:21:34,1781799694,R_10,4854.46,1,0.07600000000002183,BACKFILL_AUTO
2026-06-18 16:21:36,1781799696,R_10,4854.594,1,0.13400000000001455,BACKFILL_AUTO
2026-06-18 16:21:38,1781799698,R_10,4854.798,1,0.2039999999997235,BACKFILL_AUTO
2026-06-18 16:21:40,1781799700,R_10,4854.857,1,0.05900000000019645,BACKFILL_AUTO
2026-06-18 16:21:42,1781799702,R_10,4854.8,-1,0.056999999999789,BACKFILL_AUTO
2026-06-18 16:21:44,1781799704,R_10,4854.656,-1,0.14400000000023283,BACKFILL_AUTO
2026-06-18 16:21:46,1781799706,R_10,4854.525,-1,0.13100000000031287,BACKFILL_AUTO
2026-06-18 16:21:48,1781799708,R_10,4854.495,-1,0.02999999999974534,BACKFILL_AUTO
2026-06-18 16:21:50,1781799710,R_10,4854.759,1,0.2640000000001237,BACKFILL_AUTO
2026-06-18 16:21:52,1781799712,R_10,4854.525,-1,0.23400000000037835,BACKFILL_AUTO
2026-06-18 16:21:54,1781799714,R_10,4854.649,1,0.12400000000070577,BACKFILL_AUTO
2026-06-18 16:21:56,1781799716,R_10,4854.771,1,0.12199999999938882,BACKFILL_AUTO
2026-06-18 16:21:58,1781799718,R_10,4854.87,1,0.09900000000016007,BACKFILL_AUTO
2026-06-18 16:22:00,1781799720,R_10,4854.59,-1,0.27999999999974534,BACKFILL_AUTO
2026-06-18 16:22:02,1781799722,R_10,4854.636,1,0.046000000000276486,BACKFILL_AUTO
2026-06-18 16:22:04,1781799724,R_10,4854.748,1,0.11199999999917054,BACKFILL_AUTO
2026-06-18 16:22:06,1781799726,R_10,4854.776,1,0.028000000000247383,BACKFILL_AUTO
2026-06-18 16:22:08,1781799728,R_10,4854.861,1,0.08500000000003638,BACKFILL_AUTO
2026-06-18 16:22:10,1781799730,R_10,4854.653,-1,0.20799999999962893,BACKFILL_AUTO
2026-06-18 16:22:12,1781799732,R_10,4854.632,-1,0.021000000000640284,BACKFILL_AUTO
2026-06-18 16:22:14,1781799734,R_10,4854.556,-1,0.07600000000002183,BACKFILL_AUTO
2026-06-18 16:22:16,1781799736,R_10,4854.44,-1,0.11599999999998545,BACKFILL_AUTO
2026-06-18 16:22:18,1781799738,R_10,4854.568,1,0.12800000000061118,BACKFILL_AUTO
2026-06-18 16:22:20,1781799740,R_10,4854.666,1,0.09799999999995634,BACKFILL_AUTO
2026-06-18 16:22:22,1781799742,R_10,4854.955,1,0.2889999999997599,BACKFILL_AUTO
2026-06-18 16:22:24,1781799744,R_10,4854.738,-1,0.21699999999964348,BACKFILL_AUTO
2026-06-18 16:22:26,1781799746,R_10,4854.688,-1,0.0500000000001819,BACKFILL_AUTO
2026-06-18 16:22:28,1781799748,R_10,4854.517,-1,0.1710000000002765,BACKFILL_AUTO
2026-06-18 16:22:30,1781799750,R_10,4854.578,1,0.061000000000603904,BACKFILL_AUTO
2026-06-18 16:22:32,1781799752,R_10,4854.544,-1,0.03400000000056025,BACKFILL_AUTO
2026-06-18 16:22:34,1781799754,R_10,4854.798,1,0.2539999999999054,BACKFILL_AUTO
2026-06-18 16:22:36,1781799756,R_10,4854.586,-1,0.21199999999953434,BACKFILL_AUTO
2026-06-18 16:22:38,1781799758,R_10,4854.366,-1,0.22000000000025466,BACKFILL_AUTO
2026-06-18 16:22:40,1781799760,R_10,4854.442,1,0.07600000000002183,BACKFILL_AUTO
2026-06-18 16:22:42,1781799762,R_10,4854.446,1,0.0039999999999054126,BACKFILL_AUTO
2026-06-18 16:22:44,1781799764,R_10,4854.481,1,0.03499999999985448,BACKFILL_AUTO
2026-06-18 16:22:46,1781799766,R_10,4854.507,1,0.02599999999983993,BACKFILL_AUTO
2026-06-18 16:22:48,1781799768,R_10,4854.485,-1,0.021999999999934516,BACKFILL_AUTO
2026-06-18 16:22:50,1781799770,R_10,4854.316,-1,0.16899999999986903,BACKFILL_AUTO
2026-06-18 16:22:52,1781799772,R_10,4854.361,1,0.04500000000007276,BACKFILL_AUTO
2026-06-18 16:22:54,1781799774,R_10,4854.294,-1,0.06700000000000728,BACKFILL_AUTO
2026-06-18 16:22:56,1781799776,R_10,4854.25,-1,0.04399999999986903,BACKFILL_AUTO
2026-06-18 16:22:58,1781799778,R_10,4854.149,-1,0.10099999999965803,BACKFILL_AUTO
2026-06-18 16:23:00,1781799780,R_10,4854.16,1,0.01099999999951251,BACKFILL_AUTO
2026-06-18 16:23:02,1781799782,R_10,4854.026,-1,0.13400000000001455,BACKFILL_AUTO
2026-06-18 16:23:04,1781799784,R_10,4853.927,-1,0.09900000000016007,BACKFILL_AUTO
2026-06-18 16:23:06,1781799786,R_10,4853.894,-1,0.03299999999944703,BACKFILL_AUTO
2026-06-18 16:23:08,1781799788,R_10,4854.165,1,0.2709999999997308,BACKFILL_AUTO
2026-06-18 16:23:10,1781799790,R_10,4854.088,-1,0.07700000000022555,BACKFILL_AUTO
2026-06-18 16:23:12,1781799792,R_10,4854.149,1,0.061000000000603904,BACKFILL_AUTO
2026-06-18 16:23:14,1781799794,R_10,4854.264,1,0.11499999999978172,BACKFILL_AUTO
2026-06-18 16:23:16,1781799796,R_10,4854.174,-1,0.09000000000014552,BACKFILL_AUTO
2026-06-18 16:23:18,1781799798,R_10,4854.236,1,0.06199999999989814,BACKFILL_AUTO
2026-06-18 16:23:20,1781799800,R_10,4854.312,1,0.07600000000002183,BACKFILL_AUTO
2026-06-18 16:23:22,1781799802,R_10,4854.447,1,0.13500000000021828,BACKFILL_AUTO
2026-06-18 16:23:24,1781799804,R_10,4854.624,1,0.17699999999967986,BACKFILL_AUTO
2026-06-18 16:23:26,1781799806,R_10,4854.574,-1,0.0500000000001819,BACKFILL_AUTO
2026-06-18 16:23:28,1781799808,R_10,4854.431,-1,0.1430000000000291,BACKFILL_AUTO
2026-06-18 16:23:30,1781799810,R_10,4854.476,1,0.04500000000007276,BACKFILL_AUTO
2026-06-18 16:23:32,1781799812,R_10,4854.408,-1,0.06799999999930151,BACKFILL_AUTO
2026-06-18 16:23:34,1781799814,R_10,4854.367,-1,0.04100000000016735,BACKFILL_AUTO
2026-06-18 16:23:36,1781799816,R_10,4854.189,-1,0.17799999999988358,BACKFILL_AUTO
2026-06-18 16:23:38,1781799818,R_10,4854.337,1,0.14800000000013824,BACKFILL_AUTO
2026-06-18 16:23:40,1781799820,R_10,4854.559,1,0.22199999999975262,BACKFILL_AUTO
2026-06-18 16:23:42,1781799822,R_10,4854.599,1,0.03999999999996362,BACKFILL_AUTO
2026-06-18 16:23:44,1781799824,R_10,4854.517,-1,0.0820000000003347,BACKFILL_AUTO
2026-06-18 16:23:46,1781799826,R_10,4854.497,-1,0.019999999999527063,BACKFILL_AUTO
2026-06-18 16:23:48,1781799828,R_10,4854.473,-1,0.02400000000034197,BACKFILL_AUTO
2026-06-18 16:23:50,1781799830,R_10,4854.369,-1,0.10400000000026921,BACKFILL_AUTO
2026-06-18 16:23:52,1781799832,R_10,4854.277,-1,0.09199999999964348,BACKFILL_AUTO
2026-06-18 16:23:54,1781799834,R_10,4854.322,1,0.04500000000007276,BACKFILL_AUTO
2026-06-18 16:23:56,1781799836,R_10,4854.48,1,0.15799999999944703,BACKFILL_AUTO
2026-06-18 16:23:58,1781799838,R_10,4854.602,1,0.12200000000029831,BACKFILL_AUTO
2026-06-18 16:24:00,1781799840,R_10,4854.515,-1,0.08699999999953434,BACKFILL_AUTO
2026-06-18 16:24:02,1781799842,R_10,4854.509,-1,0.006000000000312866,BACKFILL_AUTO
2026-06-18 16:24:04,1781799844,R_10,4854.451,-1,0.057999999999992724,BACKFILL_AUTO
2026-06-18 16:24:06,1781799846,R_10,4854.562,1,0.11099999999987631,BACKFILL_AUTO
2026-06-18 16:24:08,1781799848,R_10,4854.65,1,0.08799999999973807,BACKFILL_AUTO
2026-06-18 16:24:10,1781799850,R_10,4854.607,-1,0.042999999999665306,BACKFILL_AUTO
2026-06-18 16:24:12,1781799852,R_10,4854.585,-1,0.021999999999934516,BACKFILL_AUTO
2026-06-18 16:24:14,1781799854,R_10,4854.52,-1,0.06499999999959982,BACKFILL_AUTO
2026-06-18 16:24:16,1781799856,R_10,4854.549,1,0.028999999999541615,BACKFILL_AUTO
2026-06-18 16:24:18,1781799858,R_10,4854.531,-1,0.018000000000029104,BACKFILL_AUTO
2026-06-18 16:24:20,1781799860,R_10,4854.365,-1,0.16600000000016735,BACKFILL_AUTO
2026-06-18 16:24:22,1781799862,R_10,4854.191,-1,0.17399999999997817,BACKFILL_AUTO
2026-06-18 16:24:24,1781799864,R_10,4854.087,-1,0.10399999999935972,BACKFILL_AUTO
2026-06-18 16:24:26,1781799866,R_10,4853.953,-1,0.13400000000001455,BACKFILL_AUTO
2026-06-18 16:24:28,1781799868,R_10,4853.85,-1,0.10300000000006548,BACKFILL_AUTO
2026-06-18 16:24:30,1781799870,R_10,4853.805,-1,0.04500000000007276,BACKFILL_AUTO
2026-06-18 16:24:32,1781799872,R_10,4853.732,-1,0.07300000000032014,BACKFILL_AUTO
2026-06-18 16:24:34,1781799874,R_10,4853.733,1,0.0010000000002037268,BACKFILL_AUTO
2026-06-18 16:24:36,1781799876,R_10,4853.724,-1,0.009000000000014552,BACKFILL_AUTO
2026-06-18 16:24:38,1781799878,R_10,4853.831,1,0.1069999999999709,BACKFILL_AUTO
2026-06-18 16:24:40,1781799880,R_10,4853.836,1,0.005000000000109139,BACKFILL_AUTO
2026-06-18 16:24:42,1781799882,R_10,4853.928,1,0.09199999999964348,BACKFILL_AUTO
2026-06-18 16:24:44,1781799884,R_10,4853.942,1,0.014000000000123691,BACKFILL_AUTO
2026-06-18 16:24:46,1781799886,R_10,4854.098,1,0.15599999999994907,BACKFILL_AUTO
2026-06-18 16:24:48,1781799888,R_10,4854.225,1,0.12700000000040745,BACKFILL_AUTO
2026-06-18 16:24:50,1781799890,R_10,4854.391,1,0.16599999999925785,BACKFILL_AUTO
2026-06-18 16:24:52,1781799892,R_10,4854.349,-1,0.04199999999946158,BACKFILL_AUTO
2026-06-18 16:24:54,1781799894,R_10,4854.529,1,0.18000000000029104,BACKFILL_AUTO
2026-06-18 16:24:56,1781799896,R_10,4854.476,-1,0.05300000000079308,BACKFILL_AUTO
2026-06-18 16:24:58,1781799898,R_10,4854.491,1,0.015000000000327418,BACKFILL_AUTO
2026-06-18 16:25:00,1781799900,R_10,4854.174,-1,0.3170000000000073,BACKFILL_AUTO
2026-06-18 16:25:02,1781799902,R_10,4854.092,-1,0.0820000000003347,BACKFILL_AUTO
2026-06-18 16:25:04,1781799904,R_10,4854.261,1,0.16900000000077853,BACKFILL_AUTO
2026-06-18 16:25:06,1781799906,R_10,4854.441,1,0.17999999999938154,BACKFILL_AUTO
2026-06-18 16:25:08,1781799908,R_10,4854.518,1,0.07700000000022555,BACKFILL_AUTO
2026-06-18 16:25:10,1781799910,R_10,4854.493,-1,0.024999999999636202,BACKFILL_AUTO
2026-06-18 16:25:12,1781799912,R_10,4854.277,-1,0.21600000000034925,BACKFILL_AUTO
2026-06-18 16:25:14,1781799914,R_10,4854.266,-1,0.011000000000422006,BACKFILL_AUTO
2026-06-18 16:25:16,1781799916,R_10,4854.041,-1,0.2249999999994543,BACKFILL_AUTO
2026-06-18 16:25:18,1781799918,R_10,4854.173,1,0.1319999999996071,BACKFILL_AUTO
2026-06-18 16:25:20,1781799920,R_10,4854.218,1,0.04500000000007276,BACKFILL_AUTO
2026-06-18 16:25:22,1781799922,R_10,4854.342,1,0.12399999999979627,BACKFILL_AUTO
2026-06-18 16:25:24,1781799924,R_10,4854.384,1,0.042000000000371074,BACKFILL_AUTO
2026-06-18 16:25:26,1781799926,R_10,4854.575,1,0.19099999999980355,BACKFILL_AUTO
2026-06-18 16:25:28,1781799928,R_10,4854.638,1,0.06300000000010186,BACKFILL_AUTO
2026-06-18 16:25:30,1781799930,R_10,4854.842,1,0.2039999999997235,BACKFILL_AUTO
2026-06-18 16:25:32,1781799932,R_10,4854.784,-1,0.057999999999992724,BACKFILL_AUTO
2026-06-18 16:25:34,1781799934,R_10,4854.807,1,0.023000000000138243,BACKFILL_AUTO
2026-06-18 16:25:36,1781799936,R_10,4854.709,-1,0.09799999999995634,BACKFILL_AUTO
2026-06-18 16:25:38,1781799938,R_10,4854.855,1,0.1459999999997308,BACKFILL_AUTO
2026-06-18 16:25:40,1781799940,R_10,4854.858,1,0.0030000000006111804,BACKFILL_AUTO
2026-06-18 16:25:42,1781799942,R_10,4854.893,1,0.03499999999985448,BACKFILL_AUTO
2026-06-18 16:25:44,1781799944,R_10,4854.866,-1,0.027000000000043656,BACKFILL_AUTO
2026-06-18 16:25:46,1781799946,R_10,4855.035,1,0.16899999999986903,BACKFILL_AUTO
2026-06-18 16:25:48,1781799948,R_10,4854.966,-1,0.06899999999950523,BACKFILL_AUTO
2026-06-18 16:25:50,1781799950,R_10,4854.903,-1,0.06300000000010186,BACKFILL_AUTO
2026-06-18 16:25:52,1781799952,R_10,4854.737,-1,0.16600000000016735,BACKFILL_AUTO
2026-06-18 16:25:54,1781799954,R_10,4854.632,-1,0.10500000000047294,BACKFILL_AUTO
2026-06-18 16:25:56,1781799956,R_10,4854.494,-1,0.13799999999991996,BACKFILL_AUTO
2026-06-18 16:25:58,1781799958,R_10,4854.616,1,0.12200000000029831,BACKFILL_AUTO
2026-06-18 16:26:00,1781799960,R_10,4854.469,-1,0.14699999999993452,BACKFILL_AUTO
2026-06-18 16:26:02,1781799962,R_10,4854.572,1,0.10300000000006548,BACKFILL_AUTO
2026-06-18 16:26:04,1781799964,R_10,4854.753,1,0.18099999999958527,BACKFILL_AUTO
2026-06-18 16:26:06,1781799966,R_10,4854.684,-1,0.06899999999950523,BACKFILL_AUTO
2026-06-18 16:26:08,1781799968,R_10,4854.589,-1,0.09500000000025466,BACKFILL_AUTO
2026-06-18 16:26:10,1781799970,R_10,4854.641,1,0.05199999999967986,BACKFILL_AUTO
2026-06-18 16:26:12,1781799972,R_10,4854.416,-1,0.2249999999994543,BACKFILL_AUTO
2026-06-18 16:26:14,1781799974,R_10,4854.336,-1,0.07999999999992724,BACKFILL_AUTO
2026-06-18 16:26:16,1781799976,R_10,4854.52,1,0.18400000000019645,BACKFILL_AUTO
2026-06-18 16:26:18,1781799978,R_10,4854.39,-1,0.13000000000010914,BACKFILL_AUTO
2026-06-18 16:26:20,1781799980,R_10,4854.455,1,0.06499999999959982,BACKFILL_AUTO
2026-06-18 16:26:22,1781799982,R_10,4854.31,-1,0.14499999999952706,BACKFILL_AUTO
2026-06-18 16:26:24,1781799984,R_10,4854.152,-1,0.15800000000035652,BACKFILL_AUTO
2026-06-18 16:26:26,1781799986,R_10,4854.266,1,0.113999999999578,BACKFILL_AUTO
2026-06-18 16:26:28,1781799988,R_10,4854.299,1,0.03300000000035652,BACKFILL_AUTO
2026-06-18 16:26:30,1781799990,R_10,4854.202,-1,0.09699999999975262,BACKFILL_AUTO
2026-06-18 16:26:32,1781799992,R_10,4854.28,1,0.07799999999951979,BACKFILL_AUTO
2026-06-18 16:26:34,1781799994,R_10,4854.019,-1,0.2609999999995125,BACKFILL_AUTO
2026-06-18 16:26:36,1781799996,R_10,4854.004,-1,0.015000000000327418,BACKFILL_AUTO
2026-06-18 16:26:38,1781799998,R_10,4854.124,1,0.11999999999989086,BACKFILL_AUTO
2026-06-18 16:26:40,1781800000,R_10,4854.005,-1,0.11899999999968713,BACKFILL_AUTO
2026-06-18 16:26:42,1781800002,R_10,4853.9,-1,0.10500000000047294,BACKFILL_AUTO
2026-06-18 16:26:44,1781800004,R_10,4853.751,-1,0.14899999999943248,BACKFILL_AUTO
2026-06-18 16:26:46,1781800006,R_10,4853.73,-1,0.021000000000640284,BACKFILL_AUTO
2026-06-18 16:26:48,1781800008,R_10,4853.934,1,0.204000000000633,BACKFILL_AUTO
2026-06-18 16:26:50,1781800010,R_10,4853.908,-1,0.02599999999983993,BACKFILL_AUTO
2026-06-18 16:26:52,1781800012,R_10,4854.07,1,0.16199999999935244,BACKFILL_AUTO
2026-06-18 16:26:54,1781800014,R_10,4854.256,1,0.1860000000006039,BACKFILL_AUTO
2026-06-18 16:26:56,1781800016,R_10,4854.14,-1,0.11599999999998545,BACKFILL_AUTO
2026-06-18 16:26:58,1781800018,R_10,4854.222,1,0.0819999999994252,BACKFILL_AUTO
2026-06-18 16:27:00,1781800020,R_10,4854.304,1,0.0820000000003347,BACKFILL_AUTO
2026-06-18 16:27:02,1781800022,R_10,4854.314,1,0.010000000000218279,BACKFILL_AUTO
2026-06-18 16:27:04,1781800024,R_10,4854.521,1,0.2069999999994252,BACKFILL_AUTO
2026-06-18 16:27:06,1781800026,R_10,4854.606,1,0.08500000000003638,BACKFILL_AUTO
2026-06-18 16:27:08,1781800028,R_10,4854.543,-1,0.06300000000010186,BACKFILL_AUTO
2026-06-18 16:27:10,1781800030,R_10,4854.53,-1,0.012999999999919964,BACKFILL_AUTO
2026-06-18 16:27:12,1781800032,R_10,4854.485,-1,0.04500000000007276,BACKFILL_AUTO
2026-06-18 16:27:14,1781800034,R_10,4854.488,1,0.0030000000006111804,BACKFILL_AUTO
2026-06-18 16:27:16,1781800036,R_10,4854.545,1,0.056999999999789,BACKFILL_AUTO
2026-06-18 16:27:18,1781800038,R_10,4854.422,-1,0.12300000000050204,BACKFILL_AUTO
2026-06-18 16:27:20,1781800040,R_10,4854.33,-1,0.09199999999964348,BACKFILL_AUTO
2026-06-18 16:27:22,1781800042,R_10,4854.207,-1,0.12299999999959255,BACKFILL_AUTO
2026-06-18 16:27:24,1781800044,R_10,4854.255,1,0.047999999999774445,BACKFILL_AUTO
2026-06-18 16:27:26,1781800046,R_10,4854.281,1,0.02599999999983993,BACKFILL_AUTO
2026-06-18 16:27:28,1781800048,R_10,4854.157,-1,0.12399999999979627,BACKFILL_AUTO
2026-06-18 16:27:30,1781800050,R_10,4854.081,-1,0.07600000000002183,BACKFILL_AUTO
2026-06-18 16:27:32,1781800052,R_10,4854.071,-1,0.010000000000218279,BACKFILL_AUTO
2026-06-18 16:27:34,1781800054,R_10,4854.244,1,0.17299999999977445,BACKFILL_AUTO
2026-06-18 16:27:36,1781800056,R_10,4854.275,1,0.03099999999994907,BACKFILL_AUTO
2026-06-18 16:27:38,1781800058,R_10,4854.288,1,0.012999999999919964,BACKFILL_AUTO
2026-06-18 16:27:40,1781800060,R_10,4854.322,1,0.03400000000056025,BACKFILL_AUTO
2026-06-18 16:27:42,1781800062,R_10,4854.156,-1,0.16600000000016735,BACKFILL_AUTO
2026-06-18 16:27:44,1781800064,R_10,4854.127,-1,0.028999999999541615,BACKFILL_AUTO
2026-06-18 16:27:46,1781800066,R_10,4854.12,-1,0.007000000000516593,BACKFILL_AUTO
2026-06-18 16:27:48,1781800068,R_10,4854.005,-1,0.11499999999978172,BACKFILL_AUTO
2026-06-18 16:27:50,1781800070,R_10,4853.933,-1,0.07200000000011642,BACKFILL_AUTO
2026-06-18 16:27:52,1781800072,R_10,4853.823,-1,0.10999999999967258,BACKFILL_AUTO
2026-06-18 16:27:54,1781800074,R_10,4853.801,-1,0.021999999999934516,BACKFILL_AUTO
2026-06-18 16:27:56,1781800076,R_10,4853.93,1,0.1289999999999054,BACKFILL_AUTO
2026-06-18 16:27:58,1781800078,R_10,4853.95,1,0.019999999999527063,BACKFILL_AUTO
2026-06-18 16:28:00,1781800080,R_10,4853.68,-1,0.26999999999952706,BACKFILL_AUTO
2026-06-18 16:28:02,1781800082,R_10,4853.719,1,0.03899999999975989,BACKFILL_AUTO
2026-06-18 16:28:04,1781800084,R_10,4853.607,-1,0.11200000000008004,BACKFILL_AUTO
2026-06-18 16:28:06,1781800086,R_10,4853.524,-1,0.08299999999962893,BACKFILL_AUTO
2026-06-18 16:28:08,1781800088,R_10,4853.475,-1,0.04899999999997817,BACKFILL_AUTO
2026-06-18 16:28:10,1781800090,R_10,4853.261,-1,0.2139999999999418,BACKFILL_AUTO
2026-06-18 16:28:12,1781800092,R_10,4853.22,-1,0.04100000000016735,BACKFILL_AUTO
2026-06-18 16:28:14,1781800094,R_10,4853.276,1,0.05599999999958527,BACKFILL_AUTO
2026-06-18 16:28:16,1781800096,R_10,4853.416,1,0.14000000000032742,BACKFILL_AUTO
2026-06-18 16:28:18,1781800098,R_10,4853.405,-1,0.011000000000422006,BACKFILL_AUTO
2026-06-18 16:28:20,1781800100,R_10,4853.299,-1,0.10599999999976717,BACKFILL_AUTO
2026-06-18 16:28:22,1781800102,R_10,4853.366,1,0.06700000000000728,BACKFILL_AUTO
2026-06-18 16:28:24,1781800104,R_10,4853.373,1,0.006999999999607098,BACKFILL_AUTO
2026-06-18 16:28:26,1781800106,R_10,4853.355,-1,0.018000000000029104,BACKFILL_AUTO
2026-06-18 16:28:28,1781800108,R_10,4853.337,-1,0.01799999999911961,BACKFILL_AUTO
2026-06-18 16:28:30,1781800110,R_10,4853.311,-1,0.026000000000749424,BACKFILL_AUTO
2026-06-18 16:28:32,1781800112,R_10,4853.186,-1,0.125,BACKFILL_AUTO
2026-06-18 16:28:34,1781800114,R_10,4853.257,1,0.07099999999991269,BACKFILL_AUTO
2026-06-18 16:28:36,1781800116,R_10,4853.225,-1,0.0319999999992433,BACKFILL_AUTO
2026-06-18 16:28:38,1781800118,R_10,4853.219,-1,0.006000000000312866,BACKFILL_AUTO
2026-06-18 16:28:40,1781800120,R_10,4853.231,1,0.011999999999716238,BACKFILL_AUTO
2026-06-18 16:28:42,1781800122,R_10,4853.169,-1,0.06199999999989814,BACKFILL_AUTO
2026-06-18 16:28:44,1781800124,R_10,4853.358,1,0.1890000000003056,BACKFILL_AUTO
2026-06-18 16:28:46,1781800126,R_10,4853.52,1,0.16200000000026193,BACKFILL_AUTO
2026-06-18 16:28:48,1781800128,R_10,4853.588,1,0.06799999999930151,BACKFILL_AUTO
2026-06-18 16:28:50,1781800130,R_10,4853.597,1,0.009000000000014552,BACKFILL_AUTO
2026-06-18 16:28:52,1781800132,R_10,4853.672,1,0.0749999999998181,BACKFILL_AUTO
2026-06-18 16:28:54,1781800134,R_10,4853.745,1,0.07300000000032014,BACKFILL_AUTO
2026-06-18 16:28:56,1781800136,R_10,4853.816,1,0.07099999999991269,BACKFILL_AUTO
2026-06-18 16:28:58,1781800138,R_10,4853.791,-1,0.024999999999636202,BACKFILL_AUTO
2026-06-18 16:29:00,1781800140,R_10,4853.777,-1,0.014000000000123691,BACKFILL_AUTO
2026-06-18 16:29:02,1781800142,R_10,4853.712,-1,0.06499999999959982,BACKFILL_AUTO
2026-06-18 16:29:04,1781800144,R_10,4853.688,-1,0.02400000000034197,BACKFILL_AUTO
2026-06-18 16:29:06,1781800146,R_10,4853.554,-1,0.13400000000001455,BACKFILL_AUTO
2026-06-18 16:29:08,1781800148,R_10,4853.29,-1,0.2640000000001237,BACKFILL_AUTO
2026-06-18 16:29:10,1781800150,R_10,4853.351,1,0.06099999999969441,BACKFILL_AUTO
2026-06-18 16:29:12,1781800152,R_10,4853.439,1,0.08800000000064756,BACKFILL_AUTO
2026-06-18 16:29:14,1781800154,R_10,4853.28,-1,0.15900000000056025,BACKFILL_AUTO
2026-06-18 16:29:16,1781800156,R_10,4853.301,1,0.021000000000640284,BACKFILL_AUTO
2026-06-18 16:29:18,1781800158,R_10,4853.457,1,0.15599999999994907,BACKFILL_AUTO
2026-06-18 16:29:20,1781800160,R_10,4853.497,1,0.03999999999996362,BACKFILL_AUTO
2026-06-18 16:29:22,1781800162,R_10,4853.414,-1,0.08300000000053842,BACKFILL_AUTO
2026-06-18 16:29:24,1781800164,R_10,4853.201,-1,0.21299999999973807,BACKFILL_AUTO
2026-06-18 16:29:26,1781800166,R_10,4853.183,-1,0.018000000000029104,BACKFILL_AUTO
2026-06-18 16:29:28,1781800168,R_10,4853.384,1,0.20100000000002183,BACKFILL_AUTO
2026-06-18 16:29:30,1781800170,R_10,4853.217,-1,0.16700000000037107,BACKFILL_AUTO
2026-06-18 16:29:32,1781800172,R_10,4853.211,-1,0.0059999999994033715,BACKFILL_AUTO
2026-06-18 16:29:34,1781800174,R_10,4853.271,1,0.05999999999949068,BACKFILL_AUTO
2026-06-18 16:29:36,1781800176,R_10,4853.217,-1,0.05400000000008731,BACKFILL_AUTO
2026-06-18 16:29:38,1781800178,R_10,4853.231,1,0.014000000000123691,BACKFILL_AUTO
2026-06-18 16:29:40,1781800180,R_10,4853.105,-1,0.12600000000020373,BACKFILL_AUTO
2026-06-18 16:29:42,1781800182,R_10,4853.004,-1,0.10099999999965803,BACKFILL_AUTO
2026-06-18 16:29:44,1781800184,R_10,4853.069,1,0.06500000000050932,BACKFILL_AUTO
2026-06-18 16:29:46,1781800186,R_10,4853.419,1,0.3499999999994543,BACKFILL_AUTO
2026-06-18 16:29:48,1781800188,R_10,4853.502,1,0.08300000000053842,BACKFILL_AUTO
2026-06-18 16:29:50,1781800190,R_10,4853.334,-1,0.1680000000005748,BACKFILL_AUTO
2026-06-18 16:29:52,1781800192,R_10,4853.451,1,0.11700000000018917,BACKFILL_AUTO
2026-06-18 16:29:54,1781800194,R_10,4853.283,-1,0.1679999999996653,BACKFILL_AUTO
2026-06-18 16:29:56,1781800196,R_10,4853.507,1,0.22399999999925058,BACKFILL_AUTO
2026-06-18 16:29:58,1781800198,R_10,4853.509,1,0.0020000000004074536,BACKFILL_AUTO
2026-06-18 16:30:00,1781800200,R_10,4853.534,1,0.024999999999636202,BACKFILL_AUTO
2026-06-18 16:30:02,1781800202,R_10,4853.828,1,0.2940000000007785,BACKFILL_AUTO
2026-06-18 16:30:04,1781800204,R_10,4853.653,-1,0.1750000000001819,BACKFILL_AUTO
2026-06-18 16:30:06,1781800206,R_10,4853.785,1,0.1319999999996071,BACKFILL_AUTO
2026-06-18 16:30:08,1781800208,R_10,4853.654,-1,0.13099999999940337,BACKFILL_AUTO
2026-06-18 16:30:10,1781800210,R_10,4853.722,1,0.06799999999930151,BACKFILL_AUTO
2026-06-18 16:30:12,1781800212,R_10,4853.767,1,0.04500000000007276,BACKFILL_AUTO
2026-06-18 16:30:14,1781800214,R_10,4853.748,-1,0.01900000000023283,BACKFILL_AUTO
2026-06-18 16:30:16,1781800216,R_10,4853.827,1,0.07900000000063301,BACKFILL_AUTO
2026-06-18 16:30:18,1781800218,R_10,4853.732,-1,0.09500000000025466,BACKFILL_AUTO
2026-06-18 16:30:20,1781800220,R_10,4853.873,1,0.14099999999962165,BACKFILL_AUTO
2026-06-18 16:30:22,1781800222,R_10,4853.859,-1,0.013999999999214197,BACKFILL_AUTO
2026-06-18 16:30:24,1781800224,R_10,4853.81,-1,0.04899999999997817,BACKFILL_AUTO
2026-06-18 16:30:26,1781800226,R_10,4853.758,-1,0.05200000000058935,BACKFILL_AUTO
2026-06-18 16:30:28,1781800228,R_10,4853.622,-1,0.1359999999995125,BACKFILL_AUTO
2026-06-18 16:30:30,1781800230,R_10,4853.77,1,0.14800000000013824,BACKFILL_AUTO
2026-06-18 16:30:32,1781800232,R_10,4853.954,1,0.18399999999928696,BACKFILL_AUTO
2026-06-18 16:30:34,1781800234,R_10,4854.11,1,0.15599999999994907,BACKFILL_AUTO
2026-06-18 16:30:36,1781800236,R_10,4854.256,1,0.14600000000064028,BACKFILL_AUTO
2026-06-18 16:30:38,1781800238,R_10,4854.159,-1,0.09700000000066211,BACKFILL_AUTO
2026-06-18 16:30:40,1781800240,R_10,4854.219,1,0.06000000000040018,BACKFILL_AUTO
2026-06-18 16:30:42,1781800242,R_10,4854.155,-1,0.06400000000030559,BACKFILL_AUTO
2026-06-18 16:30:44,1781800244,R_10,4854.174,1,0.01900000000023283,BACKFILL_AUTO
2026-06-18 16:30:46,1781800246,R_10,4854.117,-1,0.056999999999789,BACKFILL_AUTO
2026-06-18 16:30:48,1781800248,R_10,4853.828,-1,0.2889999999997599,BACKFILL_AUTO
2026-06-18 16:30:50,1781800250,R_10,4853.781,-1,0.04700000000048021,BACKFILL_AUTO
2026-06-18 16:30:52,1781800252,R_10,4853.764,-1,0.016999999999825377,BACKFILL_AUTO
2026-06-18 16:30:54,1781800254,R_10,4853.852,1,0.08799999999973807,BACKFILL_AUTO
2026-06-18 16:30:56,1781800256,R_10,4853.892,1,0.03999999999996362,BACKFILL_AUTO
2026-06-18 16:30:58,1781800258,R_10,4853.788,-1,0.10400000000026921,BACKFILL_AUTO
2026-06-18 16:31:00,1781800260,R_10,4853.849,1,0.061000000000603904,BACKFILL_AUTO
2026-06-18 16:31:02,1781800262,R_10,4854.038,1,0.1889999999993961,BACKFILL_AUTO
2026-06-18 16:31:04,1781800264,R_10,4853.974,-1,0.0639999999993961,BACKFILL_AUTO
2026-06-18 16:31:06,1781800266,R_10,4854.009,1,0.03499999999985448,BACKFILL_AUTO
2026-06-18 16:31:08,1781800268,R_10,4854.041,1,0.032000000000152795,BACKFILL_AUTO
2026-06-18 16:31:10,1781800270,R_10,4854.048,1,0.006999999999607098,BACKFILL_AUTO
2026-06-18 16:31:12,1781800272,R_10,4853.939,-1,0.10899999999946886,BACKFILL_AUTO
2026-06-18 16:31:14,1781800274,R_10,4854.04,1,0.10099999999965803,BACKFILL_AUTO
2026-06-18 16:31:16,1781800276,R_10,4853.949,-1,0.09100000000034925,BACKFILL_AUTO
2026-06-18 16:31:18,1781800278,R_10,4853.942,-1,0.006999999999607098,BACKFILL_AUTO
2026-06-18 16:31:20,1781800280,R_10,4853.821,-1,0.12100000000009459,BACKFILL_AUTO
2026-06-18 16:31:22,1781800282,R_10,4853.722,-1,0.09900000000016007,BACKFILL_AUTO
2026-06-18 16:31:24,1781800284,R_10,4853.834,1,0.11200000000008004,BACKFILL_AUTO
2026-06-18 16:31:26,1781800286,R_10,4853.79,-1,0.04399999999986903,BACKFILL_AUTO
2026-06-18 16:31:28,1781800288,R_10,4853.9,1,0.10999999999967258,BACKFILL_AUTO
2026-06-18 16:31:30,1781800290,R_10,4853.842,-1,0.057999999999992724,BACKFILL_AUTO
2026-06-18 16:31:32,1781800292,R_10,4853.731,-1,0.11099999999987631,BACKFILL_AUTO
2026-06-18 16:31:34,1781800294,R_10,4853.763,1,0.032000000000152795,BACKFILL_AUTO
2026-06-18 16:31:36,1781800296,R_10,4853.799,1,0.03600000000005821,BACKFILL_AUTO
2026-06-18 16:31:38,1781800298,R_10,4853.843,1,0.04399999999986903,BACKFILL_AUTO
2026-06-18 16:31:40,1781800300,R_10,4853.777,-1,0.06599999999980355,BACKFILL_AUTO
2026-06-18 16:31:42,1781800302,R_10,4853.846,1,0.06899999999950523,BACKFILL_AUTO
2026-06-18 16:31:44,1781800304,R_10,4853.822,-1,0.023999999999432475,BACKFILL_AUTO
2026-06-18 16:31:46,1781800306,R_10,4853.734,-1,0.08799999999973807,BACKFILL_AUTO
2026-06-18 16:31:48,1781800308,R_10,4853.698,-1,0.03600000000005821,BACKFILL_AUTO
2026-06-18 16:31:50,1781800310,R_10,4853.679,-1,0.01900000000023283,BACKFILL_AUTO
2026-06-18 16:31:52,1781800312,R_10,4853.57,-1,0.10900000000037835,BACKFILL_AUTO
2026-06-18 16:31:54,1781800314,R_10,4853.617,1,0.04700000000048021,BACKFILL_AUTO
2026-06-18 16:31:56,1781800316,R_10,4853.583,-1,0.03400000000056025,BACKFILL_AUTO
2026-06-18 16:31:58,1781800318,R_10,4853.804,1,0.22100000000045839,BACKFILL_AUTO
2026-06-18 16:32:00,1781800320,R_10,4853.665,-1,0.1390000000001237,BACKFILL_AUTO
2026-06-18 16:32:02,1781800322,R_10,4853.41,-1,0.25500000000010914,BACKFILL_AUTO
2026-06-18 16:32:04,1781800324,R_10,4853.428,1,0.018000000000029104,BACKFILL_AUTO
2026-06-18 16:32:06,1781800326,R_10,4853.363,-1,0.06499999999959982,BACKFILL_AUTO
2026-06-18 16:32:08,1781800328,R_10,4853.443,1,0.07999999999992724,BACKFILL_AUTO
2026-06-18 16:32:10,1781800330,R_10,4853.393,-1,0.0500000000001819,BACKFILL_AUTO
2026-06-18 16:32:12,1781800332,R_10,4853.385,-1,0.007999999999810825,BACKFILL_AUTO
2026-06-18 16:32:14,1781800334,R_10,4853.352,-1,0.03300000000035652,BACKFILL_AUTO
2026-06-18 16:32:16,1781800336,R_10,4853.543,1,0.19099999999980355,BACKFILL_AUTO
2026-06-18 16:32:18,1781800338,R_10,4853.341,-1,0.20199999999931606,BACKFILL_AUTO
2026-06-18 16:32:20,1781800340,R_10,4853.446,1,0.10499999999956344,BACKFILL_AUTO
2026-06-18 16:32:22,1781800342,R_10,4853.196,-1,0.25,BACKFILL_AUTO
2026-06-18 16:32:24,1781800344,R_10,4853.242,1,0.046000000000276486,BACKFILL_AUTO
2026-06-18 16:32:26,1781800346,R_10,4853.379,1,0.13699999999971624,BACKFILL_AUTO
2026-06-18 16:32:28,1781800348,R_10,4853.64,1,0.261000000000422,BACKFILL_AUTO
2026-06-18 16:32:30,1781800350,R_10,4853.688,1,0.047999999999774445,BACKFILL_AUTO
2026-06-18 16:32:32,1781800352,R_10,4853.553,-1,0.13500000000021828,BACKFILL_AUTO
2026-06-18 16:32:34,1781800354,R_10,4853.514,-1,0.03899999999975989,BACKFILL_AUTO
2026-06-18 16:32:36,1781800356,R_10,4853.391,-1,0.12300000000050204,BACKFILL_AUTO
2026-06-18 16:32:38,1781800358,R_10,4853.55,1,0.15900000000056025,BACKFILL_AUTO
2026-06-18 16:32:40,1781800360,R_10,4853.545,-1,0.005000000000109139,BACKFILL_AUTO
2026-06-18 16:32:42,1781800362,R_10,4853.673,1,0.12799999999970169,BACKFILL_AUTO
2026-06-18 16:32:44,1781800364,R_10,4853.606,-1,0.06700000000000728,BACKFILL_AUTO
2026-06-18 16:32:46,1781800366,R_10,4853.63,1,0.02400000000034197,BACKFILL_AUTO
2026-06-18 16:32:48,1781800368,R_10,4853.558,-1,0.07200000000011642,BACKFILL_AUTO
2026-06-18 16:32:50,1781800370,R_10,4853.751,1,0.193000000000211,BACKFILL_AUTO
2026-06-18 16:32:52,1781800372,R_10,4853.813,1,0.06199999999989814,BACKFILL_AUTO
2026-06-18 16:32:54,1781800374,R_10,4853.863,1,0.0500000000001819,BACKFILL_AUTO
2026-06-18 16:32:56,1781800376,R_10,4853.902,1,0.03899999999975989,BACKFILL_AUTO
2026-06-18 16:32:58,1781800378,R_10,4853.923,1,0.02099999999973079,BACKFILL_AUTO
2026-06-18 16:33:00,1781800380,R_10,4853.825,-1,0.09799999999995634,BACKFILL_AUTO
2026-06-18 16:33:02,1781800382,R_10,4854.014,1,0.1890000000003056,BACKFILL_AUTO
2026-06-18 16:33:04,1781800384,R_10,4854.06,1,0.046000000000276486,BACKFILL_AUTO
2026-06-18 16:33:06,1781800386,R_10,4854.032,-1,0.028000000000247383,BACKFILL_AUTO
2026-06-18 16:33:08,1781800388,R_10,4853.857,-1,0.1750000000001819,BACKFILL_AUTO
2026-06-18 16:33:10,1781800390,R_10,4853.921,1,0.06400000000030559,BACKFILL_AUTO
2026-06-18 16:33:12,1781800392,R_10,4853.803,-1,0.1180000000003929,BACKFILL_AUTO
2026-06-18 16:33:14,1781800394,R_10,4853.792,-1,0.01099999999951251,BACKFILL_AUTO
2026-06-18 16:33:16,1781800396,R_10,4853.794,1,0.001999999999497959,BACKFILL_AUTO
2026-06-18 16:33:18,1781800398,R_10,4853.72,-1,0.07399999999961437,BACKFILL_AUTO
2026-06-18 16:33:20,1781800400,R_10,4853.856,1,0.1359999999995125,BACKFILL_AUTO
2026-06-18 16:33:22,1781800402,R_10,4853.812,-1,0.04399999999986903,BACKFILL_AUTO
2026-06-18 16:33:24,1781800404,R_10,4853.787,-1,0.024999999999636202,BACKFILL_AUTO
2026-06-18 16:33:26,1781800406,R_10,4854.049,1,0.26199999999971624,BACKFILL_AUTO
2026-06-18 16:33:28,1781800408,R_10,4854.036,-1,0.012999999999919964,BACKFILL_AUTO
2026-06-18 16:33:30,1781800410,R_10,4853.977,-1,0.05900000000019645,BACKFILL_AUTO
2026-06-18 16:33:32,1781800412,R_10,4853.938,-1,0.03899999999975989,BACKFILL_AUTO
2026-06-18 16:33:34,1781800414,R_10,4854.068,1,0.13000000000010914,BACKFILL_AUTO
2026-06-18 16:33:36,1781800416,R_10,4854.1,1,0.032000000000152795,BACKFILL_AUTO
2026-06-18 16:33:38,1781800418,R_10,4853.981,-1,0.11900000000059663,BACKFILL_AUTO
2026-06-18 16:33:40,1781800420,R_10,4854.054,1,0.07300000000032014,BACKFILL_AUTO
2026-06-18 16:33:42,1781800422,R_10,4853.995,-1,0.05900000000019645,BACKFILL_AUTO
2026-06-18 16:33:44,1781800424,R_10,4854.153,1,0.15800000000035652,BACKFILL_AUTO
2026-06-18 16:33:46,1781800426,R_10,4854.033,-1,0.11999999999989086,BACKFILL_AUTO
2026-06-18 16:33:48,1781800428,R_10,4853.951,-1,0.0820000000003347,BACKFILL_AUTO
2026-06-18 16:33:50,1781800430,R_10,4853.702,-1,0.24899999999979627,BACKFILL_AUTO
2026-06-18 16:33:52,1781800432,R_10,4853.646,-1,0.056000000000494765,BACKFILL_AUTO
2026-06-18 16:33:54,1781800434,R_10,4853.873,1,0.22699999999986176,BACKFILL_AUTO
2026-06-18 16:33:56,1781800436,R_10,4853.971,1,0.09799999999995634,BACKFILL_AUTO
2026-06-18 16:33:58,1781800438,R_10,4854.069,1,0.09800000000086584,BACKFILL_AUTO
2026-06-18 16:34:00,1781800440,R_10,4854.043,-1,0.026000000000749424,BACKFILL_AUTO
2026-06-18 16:34:02,1781800442,R_10,4853.788,-1,0.25500000000010914,BACKFILL_AUTO
2026-06-18 16:34:04,1781800444,R_10,4853.824,1,0.03600000000005821,BACKFILL_AUTO
2026-06-18 16:34:06,1781800446,R_10,4853.969,1,0.14500000000043656,BACKFILL_AUTO
2026-06-18 16:34:08,1781800448,R_10,4854.147,1,0.17799999999988358,BACKFILL_AUTO
2026-06-18 16:34:10,1781800450,R_10,4854.289,1,0.14199999999982538,BACKFILL_AUTO
2026-06-18 16:34:12,1781800452,R_10,4854.084,-1,0.20499999999992724,BACKFILL_AUTO
2026-06-18 16:34:14,1781800454,R_10,4854.0,-1,0.08399999999983265,BACKFILL_AUTO
2026-06-18 16:34:16,1781800456,R_10,4854.176,1,0.17600000000038563,BACKFILL_AUTO
2026-06-18 16:34:18,1781800458,R_10,4854.078,-1,0.09799999999995634,BACKFILL_AUTO
2026-06-18 16:34:20,1781800460,R_10,4854.098,1,0.019999999999527063,BACKFILL_AUTO
2026-06-18 16:34:22,1781800462,R_10,4854.073,-1,0.024999999999636202,BACKFILL_AUTO
2026-06-18 16:34:24,1781800464,R_10,4853.969,-1,0.10400000000026921,BACKFILL_AUTO
2026-06-18 16:34:26,1781800466,R_10,4854.245,1,0.27599999999983993,BACKFILL_AUTO
2026-06-18 16:34:28,1781800468,R_10,4854.255,1,0.010000000000218279,BACKFILL_AUTO
2026-06-18 16:34:30,1781800470,R_10,4854.256,1,0.0010000000002037268,BACKFILL_AUTO
2026-06-18 16:34:32,1781800472,R_10,4854.372,1,0.11599999999998545,BACKFILL_AUTO
2026-06-18 16:34:34,1781800474,R_10,4854.218,-1,0.1540000000004511,BACKFILL_AUTO
2026-06-18 16:34:36,1781800476,R_10,4854.001,-1,0.21699999999964348,BACKFILL_AUTO
2026-06-18 16:34:38,1781800478,R_10,4854.221,1,0.21999999999934516,BACKFILL_AUTO
2026-06-18 16:34:40,1781800480,R_10,4854.082,-1,0.1389999999992142,BACKFILL_AUTO
2026-06-18 16:34:42,1781800482,R_10,4853.961,-1,0.12100000000009459,BACKFILL_AUTO
2026-06-18 16:34:44,1781800484,R_10,4853.876,-1,0.08500000000003638,BACKFILL_AUTO
2026-06-18 16:34:46,1781800486,R_10,4853.804,-1,0.07200000000011642,BACKFILL_AUTO
2026-06-18 16:34:48,1781800488,R_10,4853.868,1,0.06400000000030559,BACKFILL_AUTO
2026-06-18 16:34:50,1781800490,R_10,4853.825,-1,0.0430000000005748,BACKFILL_AUTO
2026-06-18 16:34:52,1781800492,R_10,4853.691,-1,0.13400000000001455,BACKFILL_AUTO
2026-06-18 16:34:54,1781800494,R_10,4853.73,1,0.03899999999975989,BACKFILL_AUTO
2026-06-18 16:34:56,1781800496,R_10,4853.705,-1,0.024999999999636202,BACKFILL_AUTO
2026-06-18 16:34:58,1781800498,R_10,4853.685,-1,0.019999999999527063,BACKFILL_AUTO
2026-06-18 16:35:00,1781800500,R_10,4853.823,1,0.13799999999991996,BACKFILL_AUTO
2026-06-18 16:35:02,1781800502,R_10,4853.94,1,0.11699999999927968,BACKFILL_AUTO
2026-06-18 16:35:04,1781800504,R_10,4853.972,1,0.032000000000152795,BACKFILL_AUTO
2026-06-18 16:35:06,1781800506,R_10,4853.936,-1,0.03600000000005821,BACKFILL_AUTO
2026-06-18 16:35:08,1781800508,R_10,4854.084,1,0.14800000000013824,BACKFILL_AUTO
2026-06-18 16:35:10,1781800510,R_10,4854.164,1,0.07999999999992724,BACKFILL_AUTO
2026-06-18 16:35:12,1781800512,R_10,4854.097,-1,0.06700000000000728,BACKFILL_AUTO
2026-06-18 16:35:14,1781800514,R_10,4854.111,1,0.014000000000123691,BACKFILL_AUTO
2026-06-18 16:35:16,1781800516,R_10,4854.272,1,0.1610000000000582,BACKFILL_AUTO
2026-06-18 16:35:18,1781800518,R_10,4854.361,1,0.08899999999994179,BACKFILL_AUTO
2026-06-18 16:35:20,1781800520,R_10,4854.256,-1,0.10499999999956344,BACKFILL_AUTO
2026-06-18 16:35:22,1781800522,R_10,4854.343,1,0.08699999999953434,BACKFILL_AUTO
2026-06-18 16:35:24,1781800524,R_10,4854.189,-1,0.15399999999954161,BACKFILL_AUTO
2026-06-18 16:35:26,1781800526,R_10,4854.247,1,0.057999999999992724,BACKFILL_AUTO
2026-06-18 16:35:28,1781800528,R_10,4854.323,1,0.07600000000002183,BACKFILL_AUTO
2026-06-18 16:35:30,1781800530,R_10,4854.404,1,0.08100000000013097,BACKFILL_AUTO
2026-06-18 16:35:32,1781800532,R_10,4854.392,-1,0.012000000000625732,BACKFILL_AUTO
2026-06-18 16:35:34,1781800534,R_10,4854.331,-1,0.06099999999969441,BACKFILL_AUTO
2026-06-18 16:35:36,1781800536,R_10,4854.119,-1,0.21200000000044383,BACKFILL_AUTO
2026-06-18 16:35:38,1781800538,R_10,4854.313,1,0.19400000000041473,BACKFILL_AUTO
2026-06-18 16:35:40,1781800540,R_10,4854.262,-1,0.051000000000385626,BACKFILL_AUTO
2026-06-18 16:35:42,1781800542,R_10,4854.459,1,0.19700000000011642,BACKFILL_AUTO
2026-06-18 16:35:44,1781800544,R_10,4854.563,1,0.10400000000026921,BACKFILL_AUTO
2026-06-18 16:35:46,1781800546,R_10,4854.591,1,0.028000000000247383,BACKFILL_AUTO
2026-06-18 16:35:48,1781800548,R_10,4854.551,-1,0.03999999999996362,BACKFILL_AUTO
2026-06-18 16:35:50,1781800550,R_10,4854.315,-1,0.2360000000007858,BACKFILL_AUTO
2026-06-18 16:35:52,1781800552,R_10,4854.358,1,0.0430000000005748,BACKFILL_AUTO
2026-06-18 16:35:54,1781800554,R_10,4854.427,1,0.06899999999950523,BACKFILL_AUTO
2026-06-18 16:35:56,1781800556,R_10,4854.357,-1,0.06999999999970896,BACKFILL_AUTO
2026-06-18 16:35:58,1781800558,R_10,4854.449,1,0.09199999999964348,BACKFILL_AUTO
2026-06-18 16:36:00,1781800560,R_10,4854.232,-1,0.21699999999964348,BACKFILL_AUTO
2026-06-18 16:36:02,1781800562,R_10,4854.252,1,0.020000000000436557,BACKFILL_AUTO
2026-06-18 16:36:04,1781800564,R_10,4854.267,1,0.014999999999417923,BACKFILL_AUTO
2026-06-18 16:36:06,1781800566,R_10,4854.283,1,0.016000000000531145,BACKFILL_AUTO
2026-06-18 16:36:08,1781800568,R_10,4854.347,1,0.0639999999993961,BACKFILL_AUTO
2026-06-18 16:36:10,1781800570,R_10,4854.068,-1,0.2789999999995416,BACKFILL_AUTO
2026-06-18 16:36:12,1781800572,R_10,4854.059,-1,0.009000000000014552,BACKFILL_AUTO
2026-06-18 16:36:14,1781800574,R_10,4854.087,1,0.028000000000247383,BACKFILL_AUTO
2026-06-18 16:36:16,1781800576,R_10,4854.005,-1,0.0820000000003347,BACKFILL_AUTO
2026-06-18 16:36:18,1781800578,R_10,4853.961,-1,0.04399999999986903,BACKFILL_AUTO
2026-06-18 16:36:20,1781800580,R_10,4854.084,1,0.12299999999959255,BACKFILL_AUTO
2026-06-18 16:36:22,1781800582,R_10,4854.02,-1,0.0639999999993961,BACKFILL_AUTO
2026-06-18 16:36:24,1781800584,R_10,4853.939,-1,0.08100000000013097,BACKFILL_AUTO
2026-06-18 16:36:26,1781800586,R_10,4853.968,1,0.028999999999541615,BACKFILL_AUTO
2026-06-18 16:36:28,1781800588,R_10,4853.792,-1,0.17599999999947613,BACKFILL_AUTO
2026-06-18 16:36:30,1781800590,R_10,4853.648,-1,0.14400000000023283,BACKFILL_AUTO
2026-06-18 16:36:32,1781800592,R_10,4853.833,1,0.18499999999949068,BACKFILL_AUTO
2026-06-18 16:36:34,1781800594,R_10,4853.829,-1,0.0039999999999054126,BACKFILL_AUTO
2026-06-18 16:36:36,1781800596,R_10,4854.001,1,0.1720000000004802,BACKFILL_AUTO
2026-06-18 16:36:38,1781800598,R_10,4854.061,1,0.05999999999949068,BACKFILL_AUTO
2026-06-18 16:36:40,1781800600,R_10,4854.028,-1,0.03299999999944703,BACKFILL_AUTO
2026-06-18 16:36:42,1781800602,R_10,4854.037,1,0.009000000000014552,BACKFILL_AUTO
2026-06-18 16:36:44,1781800604,R_10,4853.999,-1,0.03800000000046566,BACKFILL_AUTO
2026-06-18 16:36:46,1781800606,R_10,4853.918,-1,0.08100000000013097,BACKFILL_AUTO
2026-06-18 16:36:48,1781800608,R_10,4854.019,1,0.10100000000056752,BACKFILL_AUTO
2026-06-18 16:36:50,1781800610,R_10,4854.193,1,0.17399999999997817,BACKFILL_AUTO
2026-06-18 16:36:52,1781800612,R_10,4854.364,1,0.170999999999367,BACKFILL_AUTO
2026-06-18 16:36:54,1781800614,R_10,4854.357,-1,0.006999999999607098,BACKFILL_AUTO
2026-06-18 16:36:56,1781800616,R_10,4854.404,1,0.04700000000048021,BACKFILL_AUTO
2026-06-18 16:36:58,1781800618,R_10,4854.552,1,0.14799999999922875,BACKFILL_AUTO
2026-06-18 16:37:00,1781800620,R_10,4854.425,-1,0.12699999999949796,BACKFILL_AUTO
2026-06-18 16:37:02,1781800622,R_10,4854.309,-1,0.11599999999998545,BACKFILL_AUTO
2026-06-18 16:37:04,1781800624,R_10,4854.188,-1,0.12100000000009459,BACKFILL_AUTO
2026-06-18 16:37:06,1781800626,R_10,4854.057,-1,0.13100000000031287,BACKFILL_AUTO
2026-06-18 16:37:08,1781800628,R_10,4853.993,-1,0.0639999999993961,BACKFILL_AUTO
2026-06-18 16:37:10,1781800630,R_10,4854.136,1,0.1430000000000291,BACKFILL_AUTO
2026-06-18 16:37:12,1781800632,R_10,4853.925,-1,0.2110000000002401,BACKFILL_AUTO
2026-06-18 16:37:14,1781800634,R_10,4853.843,-1,0.0820000000003347,BACKFILL_AUTO
2026-06-18 16:37:16,1781800636,R_10,4853.941,1,0.09799999999995634,BACKFILL_AUTO
2026-06-18 16:37:18,1781800638,R_10,4853.945,1,0.0039999999999054126,BACKFILL_AUTO
2026-06-18 16:37:20,1781800640,R_10,4853.808,-1,0.13699999999971624,BACKFILL_AUTO
2026-06-18 16:37:22,1781800642,R_10,4853.622,-1,0.1859999999996944,BACKFILL_AUTO
2026-06-18 16:37:24,1781800644,R_10,4853.521,-1,0.10100000000056752,BACKFILL_AUTO
2026-06-18 16:37:26,1781800646,R_10,4853.506,-1,0.014999999999417923,BACKFILL_AUTO
2026-06-18 16:37:28,1781800648,R_10,4853.314,-1,0.19200000000000728,BACKFILL_AUTO
2026-06-18 16:37:30,1781800650,R_10,4853.409,1,0.09499999999934516,BACKFILL_AUTO
2026-06-18 16:37:32,1781800652,R_10,4853.611,1,0.20200000000022555,BACKFILL_AUTO
2026-06-18 16:37:34,1781800654,R_10,4853.606,-1,0.005000000000109139,BACKFILL_AUTO
2026-06-18 16:37:36,1781800656,R_10,4853.537,-1,0.06899999999950523,BACKFILL_AUTO
2026-06-18 16:37:38,1781800658,R_10,4853.552,1,0.014999999999417923,BACKFILL_AUTO
2026-06-18 16:37:40,1781800660,R_10,4853.488,-1,0.0639999999993961,BACKFILL_AUTO
2026-06-18 16:37:42,1781800662,R_10,4853.292,-1,0.1959999999999127,BACKFILL_AUTO
2026-06-18 16:37:44,1781800664,R_10,4853.171,-1,0.12100000000009459,BACKFILL_AUTO
2026-06-18 16:37:46,1781800666,R_10,4853.195,1,0.023999999999432475,BACKFILL_AUTO
2026-06-18 16:37:48,1781800668,R_10,4853.049,-1,0.1459999999997308,BACKFILL_AUTO
2026-06-18 16:37:50,1781800670,R_10,4853.006,-1,0.042999999999665306,BACKFILL_AUTO
2026-06-18 16:37:52,1781800672,R_10,4852.943,-1,0.06300000000010186,BACKFILL_AUTO
2026-06-18 16:37:54,1781800674,R_10,4852.799,-1,0.14400000000023283,BACKFILL_AUTO
2026-06-18 16:37:56,1781800676,R_10,4852.792,-1,0.006999999999607098,BACKFILL_AUTO
2026-06-18 16:37:58,1781800678,R_10,4852.649,-1,0.1430000000000291,BACKFILL_AUTO
2026-06-18 16:38:00,1781800680,R_10,4852.804,1,0.15499999999974534,BACKFILL_AUTO
2026-06-18 16:38:02,1781800682,R_10,4852.572,-1,0.2319999999999709,BACKFILL_AUTO
2026-06-18 16:38:04,1781800684,R_10,4852.402,-1,0.17000000000007276,BACKFILL_AUTO
2026-06-18 16:38:06,1781800686,R_10,4852.524,1,0.12200000000029831,BACKFILL_AUTO
2026-06-18 16:38:08,1781800688,R_10,4852.624,1,0.0999999999994543,BACKFILL_AUTO
2026-06-18 16:38:10,1781800690,R_10,4852.562,-1,0.06199999999989814,BACKFILL_AUTO
2026-06-18 16:38:12,1781800692,R_10,4852.641,1,0.07899999999972351,BACKFILL_AUTO
2026-06-18 16:38:14,1781800694,R_10,4852.501,-1,0.13999999999941792,BACKFILL_AUTO
2026-06-18 16:38:16,1781800696,R_10,4852.603,1,0.10199999999986176,BACKFILL_AUTO
2026-06-18 16:38:18,1781800698,R_10,4852.564,-1,0.03899999999975989,BACKFILL_AUTO
2026-06-18 16:38:20,1781800700,R_10,4852.616,1,0.05199999999967986,BACKFILL_AUTO
2026-06-18 16:38:22,1781800702,R_10,4852.466,-1,0.1499999999996362,BACKFILL_AUTO
2026-06-18 16:38:24,1781800704,R_10,4852.383,-1,0.08300000000053842,BACKFILL_AUTO
2026-06-18 16:38:26,1781800706,R_10,4852.327,-1,0.05599999999958527,BACKFILL_AUTO
2026-06-18 16:38:28,1781800708,R_10,4852.405,1,0.07799999999951979,BACKFILL_AUTO
2026-06-18 16:38:30,1781800710,R_10,4852.28,-1,0.125,BACKFILL_AUTO
2026-06-18 16:38:32,1781800712,R_10,4852.466,1,0.1860000000006039,BACKFILL_AUTO
2026-06-18 16:38:34,1781800714,R_10,4852.513,1,0.04699999999957072,BACKFILL_AUTO
2026-06-18 16:38:36,1781800716,R_10,4852.455,-1,0.057999999999992724,BACKFILL_AUTO
2026-06-18 16:38:38,1781800718,R_10,4852.507,1,0.05199999999967986,BACKFILL_AUTO
2026-06-18 16:38:40,1781800720,R_10,4852.448,-1,0.058999999999286956,BACKFILL_AUTO
2026-06-18 16:38:42,1781800722,R_10,4852.504,1,0.05599999999958527,BACKFILL_AUTO
2026-06-18 16:38:44,1781800724,R_10,4852.386,-1,0.11799999999948341,BACKFILL_AUTO
2026-06-18 16:38:46,1781800726,R_10,4852.335,-1,0.051000000000385626,BACKFILL_AUTO
2026-06-18 16:38:48,1781800728,R_10,4852.179,-1,0.15599999999994907,BACKFILL_AUTO
2026-06-18 16:38:50,1781800730,R_10,4852.224,1,0.04500000000007276,BACKFILL_AUTO
2026-06-18 16:38:52,1781800732,R_10,4852.176,-1,0.047999999999774445,BACKFILL_AUTO
2026-06-18 16:38:54,1781800734,R_10,4852.204,1,0.027999999999337888,BACKFILL_AUTO
2026-06-18 16:38:56,1781800736,R_10,4852.129,-1,0.0749999999998181,BACKFILL_AUTO
2026-06-18 16:38:58,1781800738,R_10,4852.284,1,0.15499999999974534,BACKFILL_AUTO
2026-06-18 16:39:00,1781800740,R_10,4852.293,1,0.009000000000014552,BACKFILL_AUTO
2026-06-18 16:39:02,1781800742,R_10,4852.44,1,0.14699999999993452,BACKFILL_AUTO
2026-06-18 16:39:04,1781800744,R_10,4852.677,1,0.23700000000008004,BACKFILL_AUTO
2026-06-18 16:39:06,1781800746,R_10,4852.609,-1,0.06799999999930151,BACKFILL_AUTO
2026-06-18 16:39:08,1781800748,R_10,4852.886,1,0.27700000000004366,BACKFILL_AUTO
2026-06-18 16:39:10,1781800750,R_10,4853.057,1,0.170999999999367,BACKFILL_AUTO
2026-06-18 16:39:12,1781800752,R_10,4853.222,1,0.16499999999996362,BACKFILL_AUTO
2026-06-18 16:39:14,1781800754,R_10,4853.258,1,0.03600000000005821,BACKFILL_AUTO
2026-06-18 16:39:16,1781800756,R_10,4853.443,1,0.18500000000040018,BACKFILL_AUTO
2026-06-18 16:39:18,1781800758,R_10,4853.203,-1,0.23999999999978172,BACKFILL_AUTO
2026-06-18 16:39:20,1781800760,R_10,4853.376,1,0.17299999999977445,BACKFILL_AUTO
2026-06-18 16:39:22,1781800762,R_10,4853.272,-1,0.10400000000026921,BACKFILL_AUTO
2026-06-18 16:39:24,1781800764,R_10,4853.413,1,0.14099999999962165,BACKFILL_AUTO
2026-06-18 16:39:26,1781800766,R_10,4853.386,-1,0.02699999999913416,BACKFILL_AUTO
2026-06-18 16:39:28,1781800768,R_10,4853.424,1,0.03799999999955617,BACKFILL_AUTO
2026-06-18 16:39:30,1781800770,R_10,4853.297,-1,0.12700000000040745,BACKFILL_AUTO
2026-06-18 16:39:32,1781800772,R_10,4853.372,1,0.0750000000007276,BACKFILL_AUTO
2026-06-18 16:39:34,1781800774,R_10,4853.274,-1,0.09799999999995634,BACKFILL_AUTO
2026-06-18 16:39:36,1781800776,R_10,4853.432,1,0.15799999999944703,BACKFILL_AUTO
2026-06-18 16:39:38,1781800778,R_10,4853.35,-1,0.0819999999994252,BACKFILL_AUTO
2026-06-18 16:39:40,1781800780,R_10,4853.27,-1,0.07999999999992724,BACKFILL_AUTO
2026-06-18 16:39:42,1781800782,R_10,4853.607,1,0.33699999999953434,BACKFILL_AUTO
2026-06-18 16:39:44,1781800784,R_10,4853.75,1,0.1430000000000291,BACKFILL_AUTO
2026-06-18 16:39:46,1781800786,R_10,4853.872,1,0.12200000000029831,BACKFILL_AUTO
2026-06-18 16:39:48,1781800788,R_10,4853.846,-1,0.026000000000749424,BACKFILL_AUTO
2026-06-18 16:39:50,1781800790,R_10,4853.737,-1,0.10899999999946886,BACKFILL_AUTO
2026-06-18 16:39:52,1781800792,R_10,4853.699,-1,0.03800000000046566,BACKFILL_AUTO
2026-06-18 16:39:54,1781800794,R_10,4853.821,1,0.12200000000029831,BACKFILL_AUTO
2026-06-18 16:39:56,1781800796,R_10,4853.63,-1,0.19099999999980355,BACKFILL_AUTO
2026-06-18 16:39:58,1781800798,R_10,4853.605,-1,0.025000000000545697,BACKFILL_AUTO
2026-06-18 16:40:00,1781800800,R_10,4853.614,1,0.009000000000014552,BACKFILL_AUTO
2026-06-18 16:40:02,1781800802,R_10,4853.469,-1,0.14499999999952706,BACKFILL_AUTO
2026-06-18 16:40:04,1781800804,R_10,4853.718,1,0.24899999999979627,BACKFILL_AUTO
2026-06-18 16:40:06,1781800806,R_10,4853.517,-1,0.20100000000002183,BACKFILL_AUTO
2026-06-18 16:40:08,1781800808,R_10,4853.237,-1,0.27999999999974534,BACKFILL_AUTO
2026-06-18 16:40:10,1781800810,R_10,4853.198,-1,0.03899999999975989,BACKFILL_AUTO
2026-06-18 16:40:12,1781800812,R_10,4853.26,1,0.06199999999989814,BACKFILL_AUTO
2026-06-18 16:40:14,1781800814,R_10,4853.166,-1,0.09400000000005093,BACKFILL_AUTO
2026-06-18 16:40:16,1781800816,R_10,4852.975,-1,0.19099999999980355,BACKFILL_AUTO
2026-06-18 16:40:18,1781800818,R_10,4853.059,1,0.08399999999983265,BACKFILL_AUTO
2026-06-18 16:40:20,1781800820,R_10,4853.225,1,0.16600000000016735,BACKFILL_AUTO
2026-06-18 16:40:22,1781800822,R_10,4853.167,-1,0.057999999999992724,BACKFILL_AUTO
2026-06-18 16:40:24,1781800824,R_10,4853.044,-1,0.12300000000050204,BACKFILL_AUTO
2026-06-18 16:40:26,1781800826,R_10,4853.097,1,0.052999999999883585,BACKFILL_AUTO
2026-06-18 16:40:28,1781800828,R_10,4852.922,-1,0.1750000000001819,BACKFILL_AUTO
2026-06-18 16:40:30,1781800830,R_10,4853.088,1,0.16600000000016735,BACKFILL_AUTO
2026-06-18 16:40:32,1781800832,R_10,4853.261,1,0.17300000000068394,BACKFILL_AUTO
2026-06-18 16:40:34,1781800834,R_10,4853.27,1,0.009000000000014552,BACKFILL_AUTO
2026-06-18 16:40:36,1781800836,R_10,4853.302,1,0.0319999999992433,BACKFILL_AUTO
2026-06-18 16:40:38,1781800838,R_10,4853.538,1,0.2359999999998763,BACKFILL_AUTO
2026-06-18 16:40:40,1781800840,R_10,4853.591,1,0.05300000000079308,BACKFILL_AUTO
2026-06-18 16:40:42,1781800842,R_10,4853.541,-1,0.0500000000001819,BACKFILL_AUTO
2026-06-18 16:40:44,1781800844,R_10,4853.566,1,0.024999999999636202,BACKFILL_AUTO
2026-06-18 16:40:46,1781800846,R_10,4853.336,-1,0.22999999999956344,BACKFILL_AUTO
2026-06-18 16:40:48,1781800848,R_10,4853.221,-1,0.11500000000069122,BACKFILL_AUTO
2026-06-18 16:40:50,1781800850,R_10,4853.204,-1,0.016999999999825377,BACKFILL_AUTO
2026-06-18 16:40:52,1781800852,R_10,4853.011,-1,0.1929999999993015,BACKFILL_AUTO
2026-06-18 16:40:54,1781800854,R_10,4853.03,1,0.018999999999323336,BACKFILL_AUTO
2026-06-18 16:40:56,1781800856,R_10,4853.105,1,0.0749999999998181,BACKFILL_AUTO
2026-06-18 16:40:58,1781800858,R_10,4853.123,1,0.018000000000029104,BACKFILL_AUTO
2026-06-18 16:41:00,1781800860,R_10,4853.199,1,0.07600000000002183,BACKFILL_AUTO
2026-06-18 16:41:02,1781800862,R_10,4853.134,-1,0.06499999999959982,BACKFILL_AUTO
2026-06-18 16:41:04,1781800864,R_10,4853.255,1,0.12100000000009459,BACKFILL_AUTO
2026-06-18 16:41:06,1781800866,R_10,4853.426,1,0.1710000000002765,BACKFILL_AUTO
2026-06-18 16:41:08,1781800868,R_10,4853.544,1,0.11799999999948341,BACKFILL_AUTO
2026-06-18 16:41:10,1781800870,R_10,4853.757,1,0.21299999999973807,BACKFILL_AUTO
2026-06-18 16:41:12,1781800872,R_10,4853.658,-1,0.09899999999925058,BACKFILL_AUTO
2026-06-18 16:41:14,1781800874,R_10,4853.765,1,0.1069999999999709,BACKFILL_AUTO
2026-06-18 16:41:16,1781800876,R_10,4853.937,1,0.17199999999957072,BACKFILL_AUTO
2026-06-18 16:41:18,1781800878,R_10,4853.928,-1,0.009000000000014552,BACKFILL_AUTO
2026-06-18 16:41:20,1781800880,R_10,4853.877,-1,0.05099999999947613,BACKFILL_AUTO
2026-06-18 16:41:22,1781800882,R_10,4853.644,-1,0.23300000000017462,BACKFILL_AUTO
2026-06-18 16:41:24,1781800884,R_10,4853.619,-1,0.025000000000545697,BACKFILL_AUTO
2026-06-18 16:41:26,1781800886,R_10,4853.848,1,0.2290000000002692,BACKFILL_AUTO
2026-06-18 16:41:28,1781800888,R_10,4853.953,1,0.10500000000047294,BACKFILL_AUTO
2026-06-18 16:41:30,1781800890,R_10,4853.829,-1,0.12400000000070577,BACKFILL_AUTO
2026-06-18 16:41:32,1781800892,R_10,4853.68,-1,0.14899999999943248,BACKFILL_AUTO
2026-06-18 16:41:34,1781800894,R_10,4853.499,-1,0.18100000000049477,BACKFILL_AUTO
2026-06-18 16:41:36,1781800896,R_10,4853.405,-1,0.09400000000005093,BACKFILL_AUTO
2026-06-18 16:41:38,1781800898,R_10,4853.357,-1,0.047999999999774445,BACKFILL_AUTO
2026-06-18 16:41:40,1781800900,R_10,4853.212,-1,0.14499999999952706,BACKFILL_AUTO
2026-06-18 16:41:42,1781800902,R_10,4853.042,-1,0.17000000000007276,BACKFILL_AUTO
2026-06-18 16:41:44,1781800904,R_10,4853.038,-1,0.004000000000814907,BACKFILL_AUTO
2026-06-18 16:41:46,1781800906,R_10,4853.113,1,0.0750000000007276,BACKFILL_AUTO
2026-06-18 16:41:48,1781800908,R_10,4853.121,1,0.007999999999810825,BACKFILL_AUTO
2026-06-18 16:41:50,1781800910,R_10,4853.136,1,0.015000000000327418,BACKFILL_AUTO
2026-06-18 16:41:52,1781800912,R_10,4853.191,1,0.054999999999381544,BACKFILL_AUTO
2026-06-18 16:41:54,1781800914,R_10,4853.396,1,0.20499999999992724,BACKFILL_AUTO
2026-06-18 16:41:56,1781800916,R_10,4853.432,1,0.03600000000005821,BACKFILL_AUTO
2026-06-18 16:41:58,1781800918,R_10,4853.523,1,0.09100000000034925,BACKFILL_AUTO
2026-06-18 16:42:00,1781800920,R_10,4853.418,-1,0.10500000000047294,BACKFILL_AUTO
2026-06-18 16:42:02,1781800922,R_10,4853.561,1,0.1430000000000291,BACKFILL_AUTO
2026-06-18 16:42:04,1781800924,R_10,4853.557,-1,0.0039999999999054126,BACKFILL_AUTO
2026-06-18 16:42:06,1781800926,R_10,4853.438,-1,0.11899999999968713,BACKFILL_AUTO
2026-06-18 16:42:08,1781800928,R_10,4853.595,1,0.1570000000001528,BACKFILL_AUTO
2026-06-18 16:42:10,1781800930,R_10,4853.609,1,0.014000000000123691,BACKFILL_AUTO
2026-06-18 16:42:12,1781800932,R_10,4853.382,-1,0.22700000000077125,BACKFILL_AUTO
2026-06-18 16:42:14,1781800934,R_10,4853.505,1,0.12300000000050204,BACKFILL_AUTO
2026-06-18 16:42:16,1781800936,R_10,4853.518,1,0.012999999999919964,BACKFILL_AUTO
2026-06-18 16:42:18,1781800938,R_10,4853.192,-1,0.32600000000002183,BACKFILL_AUTO
2026-06-18 16:42:20,1781800940,R_10,4853.256,1,0.06400000000030559,BACKFILL_AUTO
2026-06-18 16:42:22,1781800942,R_10,4853.127,-1,0.1289999999999054,BACKFILL_AUTO
2026-06-18 16:42:24,1781800944,R_10,4853.105,-1,0.02200000000084401,BACKFILL_AUTO
2026-06-18 16:42:26,1781800946,R_10,4853.089,-1,0.01599999999962165,BACKFILL_AUTO
2026-06-18 16:42:28,1781800948,R_10,4853.051,-1,0.03799999999955617,BACKFILL_AUTO
2026-06-18 16:42:30,1781800950,R_10,4853.126,1,0.0749999999998181,BACKFILL_AUTO
2026-06-18 16:42:32,1781800952,R_10,4852.958,-1,0.1680000000005748,BACKFILL_AUTO
2026-06-18 16:42:34,1781800954,R_10,4852.915,-1,0.042999999999665306,BACKFILL_AUTO
2026-06-18 16:42:36,1781800956,R_10,4852.799,-1,0.11599999999998545,BACKFILL_AUTO
2026-06-18 16:42:38,1781800958,R_10,4853.014,1,0.21500000000014552,BACKFILL_AUTO
2026-06-18 16:42:40,1781800960,R_10,4853.049,1,0.03499999999985448,BACKFILL_AUTO
2026-06-18 16:42:42,1781800962,R_10,4853.046,-1,0.0029999999997016857,BACKFILL_AUTO
2026-06-18 16:42:44,1781800964,R_10,4853.184,1,0.13799999999991996,BACKFILL_AUTO
2026-06-18 16:42:46,1781800966,R_10,4852.938,-1,0.2460000000000946,BACKFILL_AUTO
2026-06-18 16:42:48,1781800968,R_10,4853.076,1,0.13799999999991996,BACKFILL_AUTO
2026-06-18 16:42:50,1781800970,R_10,4852.983,-1,0.0929999999998472,BACKFILL_AUTO
2026-06-18 16:42:52,1781800972,R_10,4853.066,1,0.08299999999962893,BACKFILL_AUTO
2026-06-18 16:42:54,1781800974,R_10,4853.223,1,0.1570000000001528,BACKFILL_AUTO
2026-06-18 16:42:56,1781800976,R_10,4853.296,1,0.07300000000032014,BACKFILL_AUTO
2026-06-18 16:42:58,1781800978,R_10,4853.602,1,0.30599999999958527,BACKFILL_AUTO
2026-06-18 16:43:00,1781800980,R_10,4853.56,-1,0.04199999999946158,BACKFILL_AUTO
2026-06-18 16:43:02,1781800982,R_10,4853.481,-1,0.07900000000063301,BACKFILL_AUTO
2026-06-18 16:43:04,1781800984,R_10,4853.506,1,0.025000000000545697,BACKFILL_AUTO
2026-06-18 16:43:06,1781800986,R_10,4853.409,-1,0.09700000000066211,BACKFILL_AUTO
2026-06-18 16:43:08,1781800988,R_10,4853.385,-1,0.023999999999432475,BACKFILL_AUTO
2026-06-18 16:43:10,1781800990,R_10,4853.508,1,0.12299999999959255,BACKFILL_AUTO
2026-06-18 16:43:12,1781800992,R_10,4853.394,-1,0.113999999999578,BACKFILL_AUTO
2026-06-18 16:43:14,1781800994,R_10,4853.45,1,0.05599999999958527,BACKFILL_AUTO
2026-06-18 16:43:16,1781800996,R_10,4853.465,1,0.015000000000327418,BACKFILL_AUTO
2026-06-18 16:43:18,1781800998,R_10,4853.37,-1,0.09500000000025466,BACKFILL_AUTO
2026-06-18 16:43:20,1781801000,R_10,4853.488,1,0.1180000000003929,BACKFILL_AUTO
2026-06-18 16:43:22,1781801002,R_10,4853.673,1,0.18499999999949068,BACKFILL_AUTO
2026-06-18 16:43:24,1781801004,R_10,4853.452,-1,0.2209999999995489,BACKFILL_AUTO
2026-06-18 16:43:26,1781801006,R_10,4853.584,1,0.1319999999996071,BACKFILL_AUTO
2026-06-18 16:43:28,1781801008,R_10,4853.564,-1,0.019999999999527063,BACKFILL_AUTO
2026-06-18 16:43:30,1781801010,R_10,4853.624,1,0.05999999999949068,BACKFILL_AUTO
2026-06-18 16:43:32,1781801012,R_10,4853.633,1,0.009000000000014552,BACKFILL_AUTO
2026-06-18 16:43:34,1781801014,R_10,4853.874,1,0.24099999999998545,BACKFILL_AUTO
2026-06-18 16:43:36,1781801016,R_10,4853.849,-1,0.024999999999636202,BACKFILL_AUTO
2026-06-18 16:43:38,1781801018,R_10,4853.772,-1,0.07700000000022555,BACKFILL_AUTO
2026-06-18 16:43:40,1781801020,R_10,4853.801,1,0.02900000000045111,BACKFILL_AUTO
2026-06-18 16:43:42,1781801022,R_10,4853.717,-1,0.08400000000074215,BACKFILL_AUTO
2026-06-18 16:43:44,1781801024,R_10,4853.719,1,0.0020000000004074536,BACKFILL_AUTO
2026-06-18 16:43:46,1781801026,R_10,4853.764,1,0.04500000000007276,BACKFILL_AUTO
2026-06-18 16:43:48,1781801028,R_10,4853.673,-1,0.09100000000034925,BACKFILL_AUTO
2026-06-18 16:43:50,1781801030,R_10,4853.826,1,0.15300000000024738,BACKFILL_AUTO
2026-06-18 16:43:52,1781801032,R_10,4853.951,1,0.125,BACKFILL_AUTO
2026-06-18 16:43:54,1781801034,R_10,4854.078,1,0.12700000000040745,BACKFILL_AUTO
2026-06-18 16:43:56,1781801036,R_10,4853.865,-1,0.21300000000064756,BACKFILL_AUTO
2026-06-18 16:43:58,1781801038,R_10,4853.843,-1,0.021999999999934516,BACKFILL_AUTO
2026-06-18 16:44:00,1781801040,R_10,4853.969,1,0.12600000000020373,BACKFILL_AUTO
2026-06-18 16:44:02,1781801042,R_10,4853.877,-1,0.09199999999964348,BACKFILL_AUTO
2026-06-18 16:44:04,1781801044,R_10,4853.983,1,0.10599999999976717,BACKFILL_AUTO
2026-06-18 16:44:06,1781801046,R_10,4853.958,-1,0.025000000000545697,BACKFILL_AUTO
2026-06-18 16:44:08,1781801048,R_10,4854.086,1,0.12800000000061118,BACKFILL_AUTO
2026-06-18 16:44:10,1781801050,R_10,4854.063,-1,0.023000000000138243,BACKFILL_AUTO
2026-06-18 16:44:12,1781801052,R_10,4854.048,-1,0.015000000000327418,BACKFILL_AUTO
2026-06-18 16:44:14,1781801054,R_10,4854.199,1,0.15099999999983993,BACKFILL_AUTO
2026-06-18 16:44:16,1781801056,R_10,4854.434,1,0.23500000000058208,BACKFILL_AUTO
2026-06-18 16:44:18,1781801058,R_10,4854.418,-1,0.016000000000531145,BACKFILL_AUTO
2026-06-18 16:44:20,1781801060,R_10,4854.235,-1,0.18299999999999272,BACKFILL_AUTO
2026-06-18 16:44:22,1781801062,R_10,4854.186,-1,0.04899999999997817,BACKFILL_AUTO
2026-06-18 16:44:24,1781801064,R_10,4854.017,-1,0.16899999999986903,BACKFILL_AUTO
2026-06-18 16:44:26,1781801066,R_10,4854.012,-1,0.005000000000109139,BACKFILL_AUTO
2026-06-18 16:44:28,1781801068,R_10,4853.943,-1,0.06899999999950523,BACKFILL_AUTO
2026-06-18 16:44:30,1781801070,R_10,4854.168,1,0.2249999999994543,BACKFILL_AUTO
2026-06-18 16:44:32,1781801072,R_10,4854.116,-1,0.05199999999967986,BACKFILL_AUTO
2026-06-18 16:44:34,1781801074,R_10,4854.084,-1,0.032000000000152795,BACKFILL_AUTO
2026-06-18 16:44:36,1781801076,R_10,4854.104,1,0.020000000000436557,BACKFILL_AUTO
2026-06-18 16:44:38,1781801078,R_10,4854.077,-1,0.027000000000043656,BACKFILL_AUTO
2026-06-18 16:44:40,1781801080,R_10,4853.953,-1,0.12399999999979627,BACKFILL_AUTO
2026-06-18 16:44:42,1781801082,R_10,4854.013,1,0.05999999999949068,BACKFILL_AUTO
2026-06-18 16:44:44,1781801084,R_10,4853.858,-1,0.15499999999974534,BACKFILL_AUTO
2026-06-18 16:44:46,1781801086,R_10,4853.947,1,0.08899999999994179,BACKFILL_AUTO
2026-06-18 16:44:48,1781801088,R_10,4854.192,1,0.24499999999989086,BACKFILL_AUTO
2026-06-18 16:44:50,1781801090,R_10,4854.308,1,0.11599999999998545,BACKFILL_AUTO
2026-06-18 16:44:52,1781801092,R_10,4854.288,-1,0.020000000000436557,BACKFILL_AUTO
2026-06-18 16:44:54,1781801094,R_10,4854.241,-1,0.04699999999957072,BACKFILL_AUTO
2026-06-18 16:44:56,1781801096,R_10,4854.091,-1,0.1499999999996362,BACKFILL_AUTO
2026-06-18 16:44:58,1781801098,R_10,4854.137,1,0.04599999999936699,BACKFILL_AUTO
2026-06-18 16:45:00,1781801100,R_10,4854.141,1,0.0039999999999054126,BACKFILL_AUTO
2026-06-18 16:45:02,1781801102,R_10,4854.211,1,0.07000000000061846,BACKFILL_AUTO
2026-06-18 16:45:04,1781801104,R_10,4854.277,1,0.06599999999980355,BACKFILL_AUTO
2026-06-18 16:45:06,1781801106,R_10,4854.499,1,0.22199999999975262,BACKFILL_AUTO
2026-06-18 16:45:08,1781801108,R_10,4854.569,1,0.07000000000061846,BACKFILL_AUTO
2026-06-18 16:45:10,1781801110,R_10,4854.673,1,0.10399999999935972,BACKFILL_AUTO
2026-06-18 16:45:12,1781801112,R_10,4854.903,1,0.23000000000047294,BACKFILL_AUTO
2026-06-18 16:45:14,1781801114,R_10,4854.994,1,0.09099999999943975,BACKFILL_AUTO
2026-06-18 16:45:16,1781801116,R_10,4854.985,-1,0.009000000000014552,BACKFILL_AUTO
2026-06-18 16:45:18,1781801118,R_10,4854.879,-1,0.10599999999976717,BACKFILL_AUTO
2026-06-18 16:45:20,1781801120,R_10,4854.862,-1,0.016999999999825377,BACKFILL_AUTO
2026-06-18 16:45:22,1781801122,R_10,4854.812,-1,0.0500000000001819,BACKFILL_AUTO
2026-06-18 16:45:24,1781801124,R_10,4854.774,-1,0.03799999999955617,BACKFILL_AUTO
2026-06-18 16:45:26,1781801126,R_10,4854.668,-1,0.10600000000067666,BACKFILL_AUTO
2026-06-18 16:45:28,1781801128,R_10,4854.65,-1,0.018000000000029104,BACKFILL_AUTO
2026-06-18 16:45:30,1781801130,R_10,4854.503,-1,0.14699999999993452,BACKFILL_AUTO
2026-06-18 16:45:32,1781801132,R_10,4854.53,1,0.027000000000043656,BACKFILL_AUTO
2026-06-18 16:45:34,1781801134,R_10,4854.596,1,0.06599999999980355,BACKFILL_AUTO
2026-06-18 16:45:36,1781801136,R_10,4854.736,1,0.14000000000032742,BACKFILL_AUTO
2026-06-18 16:45:38,1781801138,R_10,4854.924,1,0.18800000000010186,BACKFILL_AUTO
2026-06-18 16:45:40,1781801140,R_10,4854.919,-1,0.005000000000109139,BACKFILL_AUTO
2026-06-18 16:45:42,1781801142,R_10,4854.61,-1,0.30900000000019645,BACKFILL_AUTO
2026-06-18 16:45:44,1781801144,R_10,4854.605,-1,0.005000000000109139,BACKFILL_AUTO
2026-06-18 16:45:46,1781801146,R_10,4854.559,-1,0.04599999999936699,BACKFILL_AUTO
2026-06-18 16:45:48,1781801148,R_10,4854.459,-1,0.1000000000003638,BACKFILL_AUTO
2026-06-18 16:45:50,1781801150,R_10,4854.476,1,0.016999999999825377,BACKFILL_AUTO
2026-06-18 16:45:52,1781801152,R_10,4854.324,-1,0.15200000000004366,BACKFILL_AUTO
2026-06-18 16:45:54,1781801154,R_10,4854.238,-1,0.08599999999933061,BACKFILL_AUTO
2026-06-18 16:45:56,1781801156,R_10,4854.095,-1,0.1430000000000291,BACKFILL_AUTO
2026-06-18 16:45:58,1781801158,R_10,4854.198,1,0.10300000000006548,BACKFILL_AUTO
2026-06-18 16:46:00,1781801160,R_10,4854.143,-1,0.05500000000029104,BACKFILL_AUTO
2026-06-18 16:46:02,1781801162,R_10,4854.128,-1,0.015000000000327418,BACKFILL_AUTO
2026-06-18 16:46:04,1781801164,R_10,4854.103,-1,0.024999999999636202,BACKFILL_AUTO
2026-06-18 16:46:06,1781801166,R_10,4854.082,-1,0.02099999999973079,BACKFILL_AUTO
2026-06-18 16:46:08,1781801168,R_10,4854.166,1,0.08399999999983265,BACKFILL_AUTO
2026-06-18 16:46:10,1781801170,R_10,4854.102,-1,0.06400000000030559,BACKFILL_AUTO
2026-06-18 16:46:12,1781801172,R_10,4854.117,1,0.015000000000327418,BACKFILL_AUTO
2026-06-18 16:46:14,1781801174,R_10,4854.231,1,0.113999999999578,BACKFILL_AUTO
2026-06-18 16:46:16,1781801176,R_10,4854.236,1,0.005000000000109139,BACKFILL_AUTO
2026-06-18 16:46:18,1781801178,R_10,4854.145,-1,0.09099999999943975,BACKFILL_AUTO
2026-06-18 16:46:20,1781801180,R_10,4854.026,-1,0.11900000000059663,BACKFILL_AUTO
2026-06-18 16:46:22,1781801182,R_10,4853.945,-1,0.08100000000013097,BACKFILL_AUTO
2026-06-18 16:46:24,1781801184,R_10,4853.966,1,0.021000000000640284,BACKFILL_AUTO
2026-06-18 16:46:26,1781801186,R_10,4853.997,1,0.03099999999994907,BACKFILL_AUTO
2026-06-18 16:46:28,1781801188,R_10,4853.862,-1,0.13500000000021828,BACKFILL_AUTO
2026-06-18 16:46:30,1781801190,R_10,4853.924,1,0.06199999999989814,BACKFILL_AUTO
2026-06-18 16:46:32,1781801192,R_10,4854.096,1,0.17199999999957072,BACKFILL_AUTO
2026-06-18 16:46:34,1781801194,R_10,4853.993,-1,0.10299999999915599,BACKFILL_AUTO
2026-06-18 16:46:36,1781801196,R_10,4853.987,-1,0.006000000000312866,BACKFILL_AUTO
2026-06-18 16:46:38,1781801198,R_10,4854.057,1,0.06999999999970896,BACKFILL_AUTO
2026-06-18 16:46:40,1781801200,R_10,4854.153,1,0.09600000000045839,BACKFILL_AUTO
2026-06-18 16:46:42,1781801202,R_10,4854.246,1,0.0929999999998472,BACKFILL_AUTO
2026-06-18 16:46:44,1781801204,R_10,4854.217,-1,0.02900000000045111,BACKFILL_AUTO
2026-06-18 16:46:46,1781801206,R_10,4854.347,1,0.13000000000010914,BACKFILL_AUTO
2026-06-18 16:46:48,1781801208,R_10,4854.145,-1,0.20199999999931606,BACKFILL_AUTO
2026-06-18 16:46:50,1781801210,R_10,4854.028,-1,0.11700000000018917,BACKFILL_AUTO
2026-06-18 16:46:52,1781801212,R_10,4853.922,-1,0.10600000000067666,BACKFILL_AUTO
2026-06-18 16:46:54,1781801214,R_10,4854.073,1,0.15100000000074942,BACKFILL_AUTO
2026-06-18 16:46:56,1781801216,R_10,4854.188,1,0.11499999999978172,BACKFILL_AUTO
2026-06-18 16:46:58,1781801218,R_10,4854.457,1,0.26900000000023283,BACKFILL_AUTO
2026-06-18 16:47:00,1781801220,R_10,4854.429,-1,0.028000000000247383,BACKFILL_AUTO
2026-06-18 16:47:02,1781801222,R_10,4854.416,-1,0.012999999999919964,BACKFILL_AUTO
2026-06-18 16:47:04,1781801224,R_10,4854.527,1,0.11099999999987631,BACKFILL_AUTO
2026-06-18 16:47:06,1781801226,R_10,4854.68,1,0.15300000000024738,BACKFILL_AUTO
2026-06-18 16:47:08,1781801228,R_10,4854.874,1,0.19399999999950523,BACKFILL_AUTO
2026-06-18 16:47:10,1781801230,R_10,4854.819,-1,0.054999999999381544,BACKFILL_AUTO
2026-06-18 16:47:12,1781801232,R_10,4854.578,-1,0.24099999999998545,BACKFILL_AUTO
2026-06-18 16:47:14,1781801234,R_10,4854.756,1,0.17799999999988358,BACKFILL_AUTO
2026-06-18 16:47:16,1781801236,R_10,4854.878,1,0.12199999999938882,BACKFILL_AUTO
2026-06-18 16:47:18,1781801238,R_10,4854.667,-1,0.2109999999993306,BACKFILL_AUTO
2026-06-18 16:47:20,1781801240,R_10,4854.681,1,0.013999999999214197,BACKFILL_AUTO
2026-06-18 16:47:22,1781801242,R_10,4854.67,-1,0.01099999999951251,BACKFILL_AUTO
2026-06-18 16:47:24,1781801244,R_10,4854.808,1,0.13799999999991996,BACKFILL_AUTO
2026-06-18 16:47:26,1781801246,R_10,4854.787,-1,0.02099999999973079,BACKFILL_AUTO
2026-06-18 16:47:28,1781801248,R_10,4854.618,-1,0.16899999999986903,BACKFILL_AUTO
2026-06-18 16:47:30,1781801250,R_10,4854.495,-1,0.12300000000050204,BACKFILL_AUTO
2026-06-18 16:47:32,1781801252,R_10,4854.482,-1,0.012999999999919964,BACKFILL_AUTO
2026-06-18 16:47:34,1781801254,R_10,4854.499,1,0.016999999999825377,BACKFILL_AUTO
2026-06-18 16:47:36,1781801256,R_10,4854.448,-1,0.05099999999947613,BACKFILL_AUTO
2026-06-18 16:47:38,1781801258,R_10,4854.389,-1,0.05900000000019645,BACKFILL_AUTO
2026-06-18 16:47:40,1781801260,R_10,4854.262,-1,0.12700000000040745,BACKFILL_AUTO
2026-06-18 16:47:42,1781801262,R_10,4854.24,-1,0.021999999999934516,BACKFILL_AUTO
2026-06-18 16:47:44,1781801264,R_10,4854.29,1,0.0500000000001819,BACKFILL_AUTO
2026-06-18 16:47:46,1781801266,R_10,4854.363,1,0.07300000000032014,BACKFILL_AUTO
2026-06-18 16:47:48,1781801268,R_10,4854.519,1,0.15599999999994907,BACKFILL_AUTO
2026-06-18 16:47:50,1781801270,R_10,4854.573,1,0.05400000000008731,BACKFILL_AUTO
2026-06-18 16:47:52,1781801272,R_10,4854.487,-1,0.0860000000002401,BACKFILL_AUTO
2026-06-18 16:47:54,1781801274,R_10,4854.421,-1,0.06599999999980355,BACKFILL_AUTO
2026-06-18 16:47:56,1781801276,R_10,4854.502,1,0.08100000000013097,BACKFILL_AUTO
2026-06-18 16:47:58,1781801278,R_10,4854.547,1,0.044999999999163265,BACKFILL_AUTO
2026-06-18 16:48:00,1781801280,R_10,4854.515,-1,0.0319999999992433,BACKFILL_AUTO
2026-06-18 16:48:02,1781801282,R_10,4854.607,1,0.09199999999964348,BACKFILL_AUTO
2026-06-18 16:48:04,1781801284,R_10,4854.557,-1,0.0500000000001819,BACKFILL_AUTO
2026-06-18 16:48:06,1781801286,R_10,4854.262,-1,0.29500000000007276,BACKFILL_AUTO
2026-06-18 16:48:08,1781801288,R_10,4854.359,1,0.09700000000066211,BACKFILL_AUTO
2026-06-18 16:48:10,1781801290,R_10,4854.693,1,0.33399999999983265,BACKFILL_AUTO
2026-06-18 16:48:12,1781801292,R_10,4854.631,-1,0.06199999999989814,BACKFILL_AUTO
2026-06-18 16:48:14,1781801294,R_10,4854.862,1,0.23099999999976717,BACKFILL_AUTO
2026-06-18 16:48:16,1781801296,R_10,4854.636,-1,0.22599999999965803,BACKFILL_AUTO
2026-06-18 16:48:18,1781801298,R_10,4854.473,-1,0.16300000000046566,BACKFILL_AUTO
2026-06-18 16:48:20,1781801300,R_10,4854.421,-1,0.05199999999967986,BACKFILL_AUTO
2026-06-18 16:48:22,1781801302,R_10,4854.433,1,0.011999999999716238,BACKFILL_AUTO
2026-06-18 16:48:24,1781801304,R_10,4854.452,1,0.01900000000023283,BACKFILL_AUTO
2026-06-18 16:48:26,1781801306,R_10,4854.603,1,0.15099999999983993,BACKFILL_AUTO
2026-06-18 16:48:28,1781801308,R_10,4854.805,1,0.20200000000022555,BACKFILL_AUTO
2026-06-18 16:48:30,1781801310,R_10,4854.943,1,0.13799999999991996,BACKFILL_AUTO
2026-06-18 16:48:32,1781801312,R_10,4854.842,-1,0.10100000000056752,BACKFILL_AUTO
2026-06-18 16:48:34,1781801314,R_10,4854.834,-1,0.007999999999810825,BACKFILL_AUTO
2026-06-18 16:48:36,1781801316,R_10,4854.86,1,0.02599999999983993,BACKFILL_AUTO
2026-06-18 16:48:38,1781801318,R_10,4854.945,1,0.08500000000003638,BACKFILL_AUTO
2026-06-18 16:48:40,1781801320,R_10,4854.886,-1,0.058999999999286956,BACKFILL_AUTO
2026-06-18 16:48:42,1781801322,R_10,4854.793,-1,0.0930000000007567,BACKFILL_AUTO
2026-06-18 16:48:44,1781801324,R_10,4854.652,-1,0.14099999999962165,BACKFILL_AUTO
2026-06-18 16:48:46,1781801326,R_10,4854.501,-1,0.15099999999983993,BACKFILL_AUTO
2026-06-18 16:48:48,1781801328,R_10,4854.36,-1,0.14100000000053114,BACKFILL_AUTO
2026-06-18 16:48:50,1781801330,R_10,4854.305,-1,0.054999999999381544,BACKFILL_AUTO
2026-06-18 16:48:52,1781801332,R_10,4854.232,-1,0.07300000000032014,BACKFILL_AUTO
2026-06-18 16:48:54,1781801334,R_10,4854.224,-1,0.007999999999810825,BACKFILL_AUTO
2026-06-18 16:48:56,1781801336,R_10,4854.231,1,0.006999999999607098,BACKFILL_AUTO
2026-06-18 16:48:58,1781801338,R_10,4854.182,-1,0.04899999999997817,BACKFILL_AUTO
2026-06-18 16:49:00,1781801340,R_10,4854.195,1,0.012999999999919964,BACKFILL_AUTO
2026-06-18 16:49:02,1781801342,R_10,4854.195,0,0.0,BACKFILL_AUTO
2026-06-18 16:49:04,1781801344,R_10,4854.177,-1,0.018000000000029104,BACKFILL_AUTO
2026-06-18 16:49:06,1781801346,R_10,4853.875,-1,0.30199999999967986,BACKFILL_AUTO
2026-06-18 16:49:08,1781801348,R_10,4853.959,1,0.08399999999983265,BACKFILL_AUTO
2026-06-18 16:49:10,1781801350,R_10,4854.048,1,0.08899999999994179,BACKFILL_AUTO
2026-06-18 16:49:12,1781801352,R_10,4854.108,1,0.06000000000040018,BACKFILL_AUTO
2026-06-18 16:49:14,1781801354,R_10,4854.129,1,0.02099999999973079,BACKFILL_AUTO
2026-06-18 16:49:16,1781801356,R_10,4854.022,-1,0.1069999999999709,BACKFILL_AUTO
2026-06-18 16:49:18,1781801358,R_10,4854.066,1,0.04399999999986903,BACKFILL_AUTO
2026-06-18 16:49:20,1781801360,R_10,4854.282,1,0.21600000000034925,BACKFILL_AUTO
2026-06-18 16:49:22,1781801362,R_10,4854.375,1,0.0929999999998472,BACKFILL_AUTO
2026-06-18 16:49:24,1781801364,R_10,4854.228,-1,0.14699999999993452,BACKFILL_AUTO
2026-06-18 16:49:26,1781801366,R_10,4854.382,1,0.15399999999954161,BACKFILL_AUTO
2026-06-18 16:49:28,1781801368,R_10,4854.202,-1,0.17999999999938154,BACKFILL_AUTO
2026-06-18 16:49:30,1781801370,R_10,4854.287,1,0.08500000000003638,BACKFILL_AUTO
2026-06-18 16:49:32,1781801372,R_10,4854.367,1,0.07999999999992724,BACKFILL_AUTO
2026-06-18 16:49:34,1781801374,R_10,4854.169,-1,0.19800000000032014,BACKFILL_AUTO
2026-06-18 16:49:36,1781801376,R_10,4854.302,1,0.13299999999981083,BACKFILL_AUTO
2026-06-18 16:49:38,1781801378,R_10,4854.304,1,0.0020000000004074536,BACKFILL_AUTO
2026-06-18 16:49:40,1781801380,R_10,4854.471,1,0.16699999999946158,BACKFILL_AUTO
2026-06-18 16:49:42,1781801382,R_10,4854.347,-1,0.12399999999979627,BACKFILL_AUTO
2026-06-18 16:49:44,1781801384,R_10,4854.247,-1,0.0999999999994543,BACKFILL_AUTO
2026-06-18 16:49:46,1781801386,R_10,4854.32,1,0.07299999999941065,BACKFILL_AUTO
2026-06-18 16:49:48,1781801388,R_10,4854.5,1,0.18000000000029104,BACKFILL_AUTO
2026-06-18 16:49:50,1781801390,R_10,4854.551,1,0.051000000000385626,BACKFILL_AUTO
2026-06-18 16:49:52,1781801392,R_10,4854.571,1,0.019999999999527063,BACKFILL_AUTO
2026-06-18 16:49:54,1781801394,R_10,4854.419,-1,0.15200000000004366,BACKFILL_AUTO
2026-06-18 16:49:56,1781801396,R_10,4854.371,-1,0.047999999999774445,BACKFILL_AUTO
2026-06-18 16:49:58,1781801398,R_10,4854.577,1,0.20600000000013097,BACKFILL_AUTO
2026-06-18 16:50:00,1781801400,R_10,4854.528,-1,0.04899999999997817,BACKFILL_AUTO
2026-06-18 16:50:02,1781801402,R_10,4854.492,-1,0.03600000000005821,BACKFILL_AUTO
2026-06-18 16:50:04,1781801404,R_10,4854.533,1,0.04100000000016735,BACKFILL_AUTO
2026-06-18 16:50:06,1781801406,R_10,4854.461,-1,0.07200000000011642,BACKFILL_AUTO
2026-06-18 16:50:08,1781801408,R_10,4854.319,-1,0.14199999999982538,BACKFILL_AUTO
2026-06-18 16:50:10,1781801410,R_10,4854.406,1,0.08699999999953434,BACKFILL_AUTO
2026-06-18 16:50:12,1781801412,R_10,4854.633,1,0.22699999999986176,BACKFILL_AUTO
2026-06-18 16:50:14,1781801414,R_10,4854.641,1,0.007999999999810825,BACKFILL_AUTO
2026-06-18 16:50:16,1781801416,R_10,4854.55,-1,0.09099999999943975,BACKFILL_AUTO
2026-06-18 16:50:18,1781801418,R_10,4854.449,-1,0.10100000000056752,BACKFILL_AUTO
2026-06-18 16:50:20,1781801420,R_10,4854.341,-1,0.10799999999926513,BACKFILL_AUTO
2026-06-18 16:50:22,1781801422,R_10,4854.17,-1,0.1710000000002765,BACKFILL_AUTO
2026-06-18 16:50:24,1781801424,R_10,4854.27,1,0.1000000000003638,BACKFILL_AUTO
2026-06-18 16:50:26,1781801426,R_10,4854.277,1,0.006999999999607098,BACKFILL_AUTO
2026-06-18 16:50:28,1781801428,R_10,4854.205,-1,0.07200000000011642,BACKFILL_AUTO
2026-06-18 16:50:30,1781801430,R_10,4854.08,-1,0.125,BACKFILL_AUTO
2026-06-18 16:50:32,1781801432,R_10,4854.041,-1,0.03899999999975989,BACKFILL_AUTO
2026-06-18 16:50:34,1781801434,R_10,4854.084,1,0.042999999999665306,BACKFILL_AUTO
2026-06-18 16:50:36,1781801436,R_10,4854.064,-1,0.019999999999527063,BACKFILL_AUTO
2026-06-18 16:50:38,1781801438,R_10,4853.953,-1,0.11099999999987631,BACKFILL_AUTO
2026-06-18 16:50:40,1781801440,R_10,4853.988,1,0.03499999999985448,BACKFILL_AUTO
2026-06-18 16:50:42,1781801442,R_10,4853.908,-1,0.07999999999992724,BACKFILL_AUTO
2026-06-18 16:50:44,1781801444,R_10,4853.944,1,0.03600000000005821,BACKFILL_AUTO
2026-06-18 16:50:46,1781801446,R_10,4853.899,-1,0.04500000000007276,BACKFILL_AUTO
2026-06-18 16:50:48,1781801448,R_10,4853.852,-1,0.04700000000048021,BACKFILL_AUTO
2026-06-18 16:50:50,1781801450,R_10,4853.737,-1,0.11499999999978172,BACKFILL_AUTO
2026-06-18 16:50:52,1781801452,R_10,4853.578,-1,0.15899999999965075,BACKFILL_AUTO
2026-06-18 16:50:54,1781801454,R_10,4853.64,1,0.06199999999989814,BACKFILL_AUTO
2026-06-18 16:50:56,1781801456,R_10,4853.716,1,0.07600000000002183,BACKFILL_AUTO
2026-06-18 16:50:58,1781801458,R_10,4853.878,1,0.16199999999935244,BACKFILL_AUTO
2026-06-18 16:51:00,1781801460,R_10,4853.919,1,0.04100000000016735,BACKFILL_AUTO
2026-06-18 16:51:02,1781801462,R_10,4853.56,-1,0.35899999999946886,BACKFILL_AUTO
2026-06-18 16:51:04,1781801464,R_10,4853.615,1,0.054999999999381544,BACKFILL_AUTO
2026-06-18 16:51:06,1781801466,R_10,4853.933,1,0.318000000000211,BACKFILL_AUTO
2026-06-18 16:51:08,1781801468,R_10,4853.813,-1,0.11999999999989086,BACKFILL_AUTO
2026-06-18 16:51:10,1781801470,R_10,4853.653,-1,0.15999999999985448,BACKFILL_AUTO
2026-06-18 16:51:12,1781801472,R_10,4853.64,-1,0.012999999999919964,BACKFILL_AUTO
2026-06-18 16:51:14,1781801474,R_10,4853.614,-1,0.026000000000749424,BACKFILL_AUTO
2026-06-18 16:51:16,1781801476,R_10,4853.466,-1,0.14799999999922875,BACKFILL_AUTO
2026-06-18 16:51:18,1781801478,R_10,4853.5,1,0.033999999999650754,BACKFILL_AUTO
2026-06-18 16:51:20,1781801480,R_10,4853.705,1,0.20499999999992724,BACKFILL_AUTO
2026-06-18 16:51:22,1781801482,R_10,4853.705,0,0.0,BACKFILL_AUTO
2026-06-18 16:51:24,1781801484,R_10,4853.695,-1,0.010000000000218279,BACKFILL_AUTO
2026-06-18 16:51:26,1781801486,R_10,4853.877,1,0.1820000000006985,BACKFILL_AUTO
2026-06-18 16:51:28,1781801488,R_10,4853.878,1,0.0009999999992942321,BACKFILL_AUTO
2026-06-18 16:51:30,1781801490,R_10,4853.867,-1,0.01099999999951251,BACKFILL_AUTO
2026-06-18 16:51:32,1781801492,R_10,4853.799,-1,0.068000000000211,BACKFILL_AUTO
2026-06-18 16:51:34,1781801494,R_10,4853.772,-1,0.027000000000043656,BACKFILL_AUTO
2026-06-18 16:51:36,1781801496,R_10,4853.814,1,0.042000000000371074,BACKFILL_AUTO
2026-06-18 16:51:38,1781801498,R_10,4854.017,1,0.2029999999995198,BACKFILL_AUTO
2026-06-18 16:51:40,1781801500,R_10,4853.944,-1,0.07299999999941065,BACKFILL_AUTO
2026-06-18 16:51:42,1781801502,R_10,4853.999,1,0.054999999999381544,BACKFILL_AUTO
2026-06-18 16:51:44,1781801504,R_10,4853.909,-1,0.09000000000014552,BACKFILL_AUTO
2026-06-18 16:51:46,1781801506,R_10,4853.986,1,0.07700000000022555,BACKFILL_AUTO
2026-06-18 16:51:48,1781801508,R_10,4853.926,-1,0.05999999999949068,BACKFILL_AUTO
2026-06-18 16:51:50,1781801510,R_10,4853.736,-1,0.19000000000050932,BACKFILL_AUTO
2026-06-18 16:51:52,1781801512,R_10,4853.535,-1,0.20100000000002183,BACKFILL_AUTO
2026-06-18 16:51:54,1781801514,R_10,4853.525,-1,0.010000000000218279,BACKFILL_AUTO
2026-06-18 16:51:56,1781801516,R_10,4853.402,-1,0.12299999999959255,BACKFILL_AUTO
2026-06-18 16:51:58,1781801518,R_10,4853.465,1,0.06300000000010186,BACKFILL_AUTO
2026-06-18 16:52:00,1781801520,R_10,4853.361,-1,0.10400000000026921,BACKFILL_AUTO
2026-06-18 16:52:02,1781801522,R_10,4853.111,-1,0.25,BACKFILL_AUTO
2026-06-18 16:52:04,1781801524,R_10,4852.911,-1,0.1999999999998181,BACKFILL_AUTO
2026-06-18 16:52:06,1781801526,R_10,4852.914,1,0.0029999999997016857,BACKFILL_AUTO
2026-06-18 16:52:08,1781801528,R_10,4852.735,-1,0.1790000000000873,BACKFILL_AUTO
2026-06-18 16:52:10,1781801530,R_10,4852.666,-1,0.06899999999950523,BACKFILL_AUTO
2026-06-18 16:52:12,1781801532,R_10,4852.699,1,0.03299999999944703,BACKFILL_AUTO
2026-06-18 16:52:14,1781801534,R_10,4852.776,1,0.07700000000022555,BACKFILL_AUTO
2026-06-18 16:52:16,1781801536,R_10,4852.903,1,0.12700000000040745,BACKFILL_AUTO
2026-06-18 16:52:18,1781801538,R_10,4853.086,1,0.18299999999999272,BACKFILL_AUTO
2026-06-18 16:52:20,1781801540,R_10,4852.926,-1,0.15999999999985448,BACKFILL_AUTO
2026-06-18 16:52:22,1781801542,R_10,4853.029,1,0.10300000000006548,BACKFILL_AUTO
2026-06-18 16:52:24,1781801544,R_10,4852.894,-1,0.13500000000021828,BACKFILL_AUTO
2026-06-18 16:52:26,1781801546,R_10,4852.759,-1,0.13500000000021828,BACKFILL_AUTO
2026-06-18 16:52:28,1781801548,R_10,4852.708,-1,0.051000000000385626,BACKFILL_AUTO
2026-06-18 16:52:30,1781801550,R_10,4852.529,-1,0.17899999999917782,BACKFILL_AUTO
2026-06-18 16:52:32,1781801552,R_10,4852.427,-1,0.10200000000077125,BACKFILL_AUTO
2026-06-18 16:52:34,1781801554,R_10,4852.288,-1,0.1390000000001237,BACKFILL_AUTO
2026-06-18 16:52:36,1781801556,R_10,4852.266,-1,0.021999999999934516,BACKFILL_AUTO
2026-06-18 16:52:38,1781801558,R_10,4852.218,-1,0.047999999999774445,BACKFILL_AUTO
2026-06-18 16:52:40,1781801560,R_10,4852.059,-1,0.15899999999965075,BACKFILL_AUTO
2026-06-18 16:52:42,1781801562,R_10,4851.967,-1,0.09200000000055297,BACKFILL_AUTO
2026-06-18 16:52:44,1781801564,R_10,4852.095,1,0.12800000000061118,BACKFILL_AUTO
2026-06-18 16:52:46,1781801566,R_10,4852.046,-1,0.04899999999997817,BACKFILL_AUTO
2026-06-18 16:52:48,1781801568,R_10,4852.08,1,0.033999999999650754,BACKFILL_AUTO
2026-06-18 16:52:50,1781801570,R_10,4852.011,-1,0.06899999999950523,BACKFILL_AUTO
2026-06-18 16:52:52,1781801572,R_10,4852.09,1,0.07899999999972351,BACKFILL_AUTO
2026-06-18 16:52:54,1781801574,R_10,4852.206,1,0.11599999999998545,BACKFILL_AUTO
2026-06-18 16:52:56,1781801576,R_10,4852.156,-1,0.0500000000001819,BACKFILL_AUTO
2026-06-18 16:52:58,1781801578,R_10,4852.073,-1,0.08299999999962893,BACKFILL_AUTO
2026-06-18 16:53:00,1781801580,R_10,4852.02,-1,0.052999999999883585,BACKFILL_AUTO
2026-06-18 16:53:02,1781801582,R_10,4852.115,1,0.09499999999934516,BACKFILL_AUTO
2026-06-18 16:53:04,1781801584,R_10,4852.364,1,0.24899999999979627,BACKFILL_AUTO
2026-06-18 16:53:06,1781801586,R_10,4852.371,1,0.007000000000516593,BACKFILL_AUTO
2026-06-18 16:53:08,1781801588,R_10,4852.506,1,0.13500000000021828,BACKFILL_AUTO
2026-06-18 16:53:10,1781801590,R_10,4852.556,1,0.049999999999272404,BACKFILL_AUTO
2026-06-18 16:53:12,1781801592,R_10,4852.542,-1,0.013999999999214197,BACKFILL_AUTO
2026-06-18 16:53:14,1781801594,R_10,4852.672,1,0.12999999999919964,BACKFILL_AUTO
2026-06-18 16:53:16,1781801596,R_10,4852.563,-1,0.10899999999946886,BACKFILL_AUTO
2026-06-18 16:53:18,1781801598,R_10,4852.553,-1,0.010000000000218279,BACKFILL_AUTO
2026-06-18 16:53:20,1781801600,R_10,4852.606,1,0.052999999999883585,BACKFILL_AUTO
2026-06-18 16:53:22,1781801602,R_10,4852.742,1,0.136000000000422,BACKFILL_AUTO
2026-06-18 16:53:24,1781801604,R_10,4852.734,-1,0.007999999999810825,BACKFILL_AUTO
2026-06-18 16:53:26,1781801606,R_10,4852.763,1,0.028999999999541615,BACKFILL_AUTO
2026-06-18 16:53:28,1781801608,R_10,4852.64,-1,0.12299999999959255,BACKFILL_AUTO
2026-06-18 16:53:30,1781801610,R_10,4852.487,-1,0.15300000000024738,BACKFILL_AUTO
2026-06-18 16:53:32,1781801612,R_10,4852.4,-1,0.08700000000044383,BACKFILL_AUTO
2026-06-18 16:53:34,1781801614,R_10,4852.323,-1,0.07699999999931606,BACKFILL_AUTO
2026-06-18 16:53:36,1781801616,R_10,4852.145,-1,0.17799999999988358,BACKFILL_AUTO
2026-06-18 16:53:38,1781801618,R_10,4852.089,-1,0.056000000000494765,BACKFILL_AUTO
2026-06-18 16:53:40,1781801620,R_10,4852.135,1,0.046000000000276486,BACKFILL_AUTO
2026-06-18 16:53:42,1781801622,R_10,4852.116,-1,0.01900000000023283,BACKFILL_AUTO
2026-06-18 16:53:44,1781801624,R_10,4852.161,1,0.04500000000007276,BACKFILL_AUTO
2026-06-18 16:53:46,1781801626,R_10,4852.099,-1,0.06199999999989814,BACKFILL_AUTO
2026-06-18 16:53:48,1781801628,R_10,4852.16,1,0.06099999999969441,BACKFILL_AUTO
2026-06-18 16:53:50,1781801630,R_10,4852.139,-1,0.02099999999973079,BACKFILL_AUTO
2026-06-18 16:53:52,1781801632,R_10,4852.19,1,0.05099999999947613,BACKFILL_AUTO
2026-06-18 16:53:54,1781801634,R_10,4852.227,1,0.037000000000261934,BACKFILL_AUTO
2026-06-18 16:53:56,1781801636,R_10,4852.13,-1,0.09699999999975262,BACKFILL_AUTO
2026-06-18 16:53:58,1781801638,R_10,4852.227,1,0.09699999999975262,BACKFILL_AUTO
2026-06-18 16:54:00,1781801640,R_10,4852.298,1,0.07099999999991269,BACKFILL_AUTO
2026-06-18 16:54:02,1781801642,R_10,4852.381,1,0.08300000000053842,BACKFILL_AUTO
2026-06-18 16:54:04,1781801644,R_10,4852.518,1,0.13699999999971624,BACKFILL_AUTO
2026-06-18 16:54:06,1781801646,R_10,4852.546,1,0.028000000000247383,BACKFILL_AUTO
2026-06-18 16:54:08,1781801648,R_10,4852.467,-1,0.07900000000063301,BACKFILL_AUTO
2026-06-18 16:54:10,1781801650,R_10,4852.423,-1,0.04399999999986903,BACKFILL_AUTO
2026-06-18 16:54:12,1781801652,R_10,4852.271,-1,0.15200000000004366,BACKFILL_AUTO
2026-06-18 16:54:14,1781801654,R_10,4852.131,-1,0.13999999999941792,BACKFILL_AUTO
2026-06-18 16:54:16,1781801656,R_10,4852.199,1,0.06799999999930151,BACKFILL_AUTO
2026-06-18 16:54:18,1781801658,R_10,4852.2,1,0.0010000000002037268,BACKFILL_AUTO
2026-06-18 16:54:20,1781801660,R_10,4852.317,1,0.11700000000018917,BACKFILL_AUTO
2026-06-18 16:54:22,1781801662,R_10,4852.354,1,0.037000000000261934,BACKFILL_AUTO
2026-06-18 16:54:24,1781801664,R_10,4852.243,-1,0.11099999999987631,BACKFILL_AUTO
2026-06-18 16:54:26,1781801666,R_10,4852.253,1,0.009999999999308784,BACKFILL_AUTO
2026-06-18 16:54:28,1781801668,R_10,4852.156,-1,0.09699999999975262,BACKFILL_AUTO
2026-06-18 16:54:30,1781801670,R_10,4852.312,1,0.15599999999994907,BACKFILL_AUTO
2026-06-18 16:54:32,1781801672,R_10,4852.17,-1,0.14199999999982538,BACKFILL_AUTO
2026-06-18 16:54:34,1781801674,R_10,4852.104,-1,0.06599999999980355,BACKFILL_AUTO
2026-06-18 16:54:36,1781801676,R_10,4852.088,-1,0.016000000000531145,BACKFILL_AUTO
2026-06-18 16:54:38,1781801678,R_10,4851.916,-1,0.17199999999957072,BACKFILL_AUTO
2026-06-18 16:54:40,1781801680,R_10,4852.041,1,0.125,BACKFILL_AUTO
2026-06-18 16:54:42,1781801682,R_10,4851.972,-1,0.06900000000041473,BACKFILL_AUTO
2026-06-18 16:54:44,1781801684,R_10,4851.904,-1,0.06799999999930151,BACKFILL_AUTO
2026-06-18 16:54:46,1781801686,R_10,4851.96,1,0.05599999999958527,BACKFILL_AUTO
2026-06-18 16:54:48,1781801688,R_10,4852.096,1,0.1359999999995125,BACKFILL_AUTO
2026-06-18 16:54:50,1781801690,R_10,4852.287,1,0.19100000000071304,BACKFILL_AUTO
2026-06-18 16:54:52,1781801692,R_10,4852.408,1,0.12100000000009459,BACKFILL_AUTO
2026-06-18 16:54:54,1781801694,R_10,4852.548,1,0.13999999999941792,BACKFILL_AUTO
2026-06-18 16:54:56,1781801696,R_10,4852.362,-1,0.1859999999996944,BACKFILL_AUTO
2026-06-18 16:54:58,1781801698,R_10,4852.6,1,0.23800000000028376,BACKFILL_AUTO
2026-06-18 16:55:00,1781801700,R_10,4852.704,1,0.10399999999935972,BACKFILL_AUTO
2026-06-18 16:55:02,1781801702,R_10,4852.816,1,0.11200000000008004,BACKFILL_AUTO
2026-06-18 16:55:04,1781801704,R_10,4852.963,1,0.14699999999993452,BACKFILL_AUTO
2026-06-18 16:55:06,1781801706,R_10,4853.036,1,0.07300000000032014,BACKFILL_AUTO
2026-06-18 16:55:08,1781801708,R_10,4853.161,1,0.125,BACKFILL_AUTO
2026-06-18 16:55:10,1781801710,R_10,4853.096,-1,0.06500000000050932,BACKFILL_AUTO
2026-06-18 16:55:12,1781801712,R_10,4853.049,-1,0.04699999999957072,BACKFILL_AUTO
2026-06-18 16:55:14,1781801714,R_10,4853.042,-1,0.006999999999607098,BACKFILL_AUTO
2026-06-18 16:55:16,1781801716,R_10,4852.876,-1,0.16600000000016735,BACKFILL_AUTO
2026-06-18 16:55:18,1781801718,R_10,4853.142,1,0.26599999999962165,BACKFILL_AUTO
2026-06-18 16:55:20,1781801720,R_10,4853.307,1,0.16499999999996362,BACKFILL_AUTO
2026-06-18 16:55:22,1781801722,R_10,4853.234,-1,0.07299999999941065,BACKFILL_AUTO
2026-06-18 16:55:24,1781801724,R_10,4853.275,1,0.04099999999925785,BACKFILL_AUTO
2026-06-18 16:55:26,1781801726,R_10,4853.147,-1,0.12799999999970169,BACKFILL_AUTO
2026-06-18 16:55:28,1781801728,R_10,4853.074,-1,0.07300000000032014,BACKFILL_AUTO
2026-06-18 16:55:30,1781801730,R_10,4852.889,-1,0.18499999999949068,BACKFILL_AUTO
2026-06-18 16:55:32,1781801732,R_10,4853.12,1,0.23099999999976717,BACKFILL_AUTO
2026-06-18 16:55:34,1781801734,R_10,4853.117,-1,0.0029999999997016857,BACKFILL_AUTO
2026-06-18 16:55:36,1781801736,R_10,4852.988,-1,0.1289999999999054,BACKFILL_AUTO
2026-06-18 16:55:38,1781801738,R_10,4852.856,-1,0.1320000000005166,BACKFILL_AUTO
2026-06-18 16:55:40,1781801740,R_10,4852.644,-1,0.21199999999953434,BACKFILL_AUTO
2026-06-18 16:55:42,1781801742,R_10,4852.887,1,0.2429999999994834,BACKFILL_AUTO
2026-06-18 16:55:44,1781801744,R_10,4852.906,1,0.01900000000023283,BACKFILL_AUTO
2026-06-18 16:55:46,1781801746,R_10,4852.734,-1,0.17199999999957072,BACKFILL_AUTO
2026-06-18 16:55:48,1781801748,R_10,4852.807,1,0.07299999999941065,BACKFILL_AUTO
2026-06-18 16:55:50,1781801750,R_10,4852.68,-1,0.12699999999949796,BACKFILL_AUTO
2026-06-18 16:55:52,1781801752,R_10,4852.688,1,0.007999999999810825,BACKFILL_AUTO
2026-06-18 16:55:54,1781801754,R_10,4852.681,-1,0.007000000000516593,BACKFILL_AUTO
2026-06-18 16:55:56,1781801756,R_10,4852.655,-1,0.02599999999983993,BACKFILL_AUTO
2026-06-18 16:55:58,1781801758,R_10,4852.666,1,0.011000000000422006,BACKFILL_AUTO
2026-06-18 16:56:00,1781801760,R_10,4852.67,1,0.0039999999999054126,BACKFILL_AUTO
2026-06-18 16:56:02,1781801762,R_10,4852.719,1,0.04899999999997817,BACKFILL_AUTO
2026-06-18 16:56:04,1781801764,R_10,4852.747,1,0.028000000000247383,BACKFILL_AUTO
2026-06-18 16:56:06,1781801766,R_10,4852.749,1,0.001999999999497959,BACKFILL_AUTO
2026-06-18 16:56:08,1781801768,R_10,4852.782,1,0.03300000000035652,BACKFILL_AUTO
2026-06-18 16:56:10,1781801770,R_10,4852.597,-1,0.18500000000040018,BACKFILL_AUTO
2026-06-18 16:56:12,1781801772,R_10,4852.602,1,0.005000000000109139,BACKFILL_AUTO
2026-06-18 16:56:14,1781801774,R_10,4852.656,1,0.05400000000008731,BACKFILL_AUTO
2026-06-18 16:56:16,1781801776,R_10,4852.559,-1,0.09699999999975262,BACKFILL_AUTO
2026-06-18 16:56:18,1781801778,R_10,4852.623,1,0.0639999999993961,BACKFILL_AUTO
2026-06-18 16:56:20,1781801780,R_10,4852.404,-1,0.21899999999914144,BACKFILL_AUTO
2026-06-18 16:56:22,1781801782,R_10,4852.271,-1,0.13300000000072032,BACKFILL_AUTO
2026-06-18 16:56:24,1781801784,R_10,4852.3,1,0.02900000000045111,BACKFILL_AUTO
2026-06-18 16:56:26,1781801786,R_10,4852.266,-1,0.03400000000056025,BACKFILL_AUTO
2026-06-18 16:56:28,1781801788,R_10,4852.207,-1,0.058999999999286956,BACKFILL_AUTO
2026-06-18 16:56:30,1781801790,R_10,4852.115,-1,0.09200000000055297,BACKFILL_AUTO
2026-06-18 16:56:32,1781801792,R_10,4851.944,-1,0.170999999999367,BACKFILL_AUTO
2026-06-18 16:56:34,1781801794,R_10,4851.922,-1,0.02200000000084401,BACKFILL_AUTO
2026-06-18 16:56:36,1781801796,R_10,4851.965,1,0.0430000000005748,BACKFILL_AUTO
2026-06-18 16:56:38,1781801798,R_10,4852.026,1,0.06099999999969441,BACKFILL_AUTO
2026-06-18 16:56:40,1781801800,R_10,4852.056,1,0.02999999999974534,BACKFILL_AUTO
2026-06-18 16:56:42,1781801802,R_10,4852.165,1,0.10900000000037835,BACKFILL_AUTO
2026-06-18 16:56:44,1781801804,R_10,4852.164,-1,0.0010000000002037268,BACKFILL_AUTO
2026-06-18 16:56:46,1781801806,R_10,4851.987,-1,0.17699999999967986,BACKFILL_AUTO
2026-06-18 16:56:48,1781801808,R_10,4851.741,-1,0.2460000000000946,BACKFILL_AUTO
2026-06-18 16:56:50,1781801810,R_10,4851.862,1,0.12100000000009459,BACKFILL_AUTO
2026-06-18 16:56:52,1781801812,R_10,4852.071,1,0.20899999999983265,BACKFILL_AUTO
2026-06-18 16:56:54,1781801814,R_10,4852.063,-1,0.007999999999810825,BACKFILL_AUTO
2026-06-18 16:56:56,1781801816,R_10,4851.819,-1,0.24399999999968713,BACKFILL_AUTO
2026-06-18 16:56:58,1781801818,R_10,4851.847,1,0.027999999999337888,BACKFILL_AUTO
2026-06-18 16:57:00,1781801820,R_10,4851.962,1,0.11500000000069122,BACKFILL_AUTO
2026-06-18 16:57:02,1781801822,R_10,4851.799,-1,0.16300000000046566,BACKFILL_AUTO
2026-06-18 16:57:04,1781801824,R_10,4851.677,-1,0.12200000000029831,BACKFILL_AUTO
2026-06-18 16:57:06,1781801826,R_10,4851.874,1,0.19700000000011642,BACKFILL_AUTO
2026-06-18 16:57:08,1781801828,R_10,4851.733,-1,0.14099999999962165,BACKFILL_AUTO
2026-06-18 16:57:10,1781801830,R_10,4851.697,-1,0.03600000000005821,BACKFILL_AUTO
2026-06-18 16:57:12,1781801832,R_10,4851.846,1,0.14899999999943248,BACKFILL_AUTO
2026-06-18 16:57:14,1781801834,R_10,4851.754,-1,0.09199999999964348,BACKFILL_AUTO
2026-06-18 16:57:16,1781801836,R_10,4851.701,-1,0.052999999999883585,BACKFILL_AUTO
2026-06-18 16:57:18,1781801838,R_10,4851.586,-1,0.11499999999978172,BACKFILL_AUTO
2026-06-18 16:57:20,1781801840,R_10,4851.613,1,0.027000000000043656,BACKFILL_AUTO
2026-06-18 16:57:22,1781801842,R_10,4851.59,-1,0.023000000000138243,BACKFILL_AUTO
2026-06-18 16:57:24,1781801844,R_10,4851.571,-1,0.01900000000023283,BACKFILL_AUTO
2026-06-18 16:57:26,1781801846,R_10,4851.641,1,0.06999999999970896,BACKFILL_AUTO
2026-06-18 16:57:28,1781801848,R_10,4851.54,-1,0.10099999999965803,BACKFILL_AUTO
2026-06-18 16:57:30,1781801850,R_10,4851.76,1,0.22000000000025466,BACKFILL_AUTO
2026-06-18 16:57:32,1781801852,R_10,4851.639,-1,0.12100000000009459,BACKFILL_AUTO
2026-06-18 16:57:34,1781801854,R_10,4851.726,1,0.08699999999953434,BACKFILL_AUTO
2026-06-18 16:57:36,1781801856,R_10,4851.565,-1,0.1610000000000582,BACKFILL_AUTO
2026-06-18 16:57:38,1781801858,R_10,4851.519,-1,0.04599999999936699,BACKFILL_AUTO
2026-06-18 16:57:40,1781801860,R_10,4851.595,1,0.07600000000002183,BACKFILL_AUTO
2026-06-18 16:57:42,1781801862,R_10,4851.714,1,0.11899999999968713,BACKFILL_AUTO
2026-06-18 16:57:44,1781801864,R_10,4851.787,1,0.07300000000032014,BACKFILL_AUTO
2026-06-18 16:57:46,1781801866,R_10,4851.72,-1,0.06700000000000728,BACKFILL_AUTO
2026-06-18 16:57:48,1781801868,R_10,4851.964,1,0.24399999999968713,BACKFILL_AUTO
2026-06-18 16:57:50,1781801870,R_10,4852.198,1,0.23400000000037835,BACKFILL_AUTO
2026-06-18 16:57:52,1781801872,R_10,4852.353,1,0.15499999999974534,BACKFILL_AUTO
2026-06-18 16:57:54,1781801874,R_10,4852.215,-1,0.13799999999991996,BACKFILL_AUTO
2026-06-18 16:57:56,1781801876,R_10,4852.205,-1,0.010000000000218279,BACKFILL_AUTO
2026-06-18 16:57:58,1781801878,R_10,4852.103,-1,0.10199999999986176,BACKFILL_AUTO
2026-06-18 16:58:00,1781801880,R_10,4852.056,-1,0.04700000000048021,BACKFILL_AUTO
2026-06-18 16:58:02,1781801882,R_10,4852.001,-1,0.054999999999381544,BACKFILL_AUTO
2026-06-18 16:58:04,1781801884,R_10,4852.054,1,0.052999999999883585,BACKFILL_AUTO
2026-06-18 16:58:06,1781801886,R_10,4851.958,-1,0.09600000000045839,BACKFILL_AUTO
2026-06-18 16:58:08,1781801888,R_10,4852.139,1,0.18100000000049477,BACKFILL_AUTO
2026-06-18 16:58:10,1781801890,R_10,4852.141,1,0.001999999999497959,BACKFILL_AUTO
2026-06-18 16:58:12,1781801892,R_10,4852.239,1,0.09799999999995634,BACKFILL_AUTO
2026-06-18 16:58:14,1781801894,R_10,4852.022,-1,0.21699999999964348,BACKFILL_AUTO
2026-06-18 16:58:16,1781801896,R_10,4851.928,-1,0.09400000000005093,BACKFILL_AUTO
2026-06-18 16:58:18,1781801898,R_10,4851.721,-1,0.2070000000003347,BACKFILL_AUTO
2026-06-18 16:58:20,1781801900,R_10,4851.781,1,0.06000000000040018,BACKFILL_AUTO
2026-06-18 16:58:22,1781801902,R_10,4852.017,1,0.2359999999998763,BACKFILL_AUTO
2026-06-18 16:58:24,1781801904,R_10,4852.02,1,0.0030000000006111804,BACKFILL_AUTO
2026-06-18 16:58:26,1781801906,R_10,4851.995,-1,0.025000000000545697,BACKFILL_AUTO
2026-06-18 16:58:28,1781801908,R_10,4852.102,1,0.1069999999999709,BACKFILL_AUTO
2026-06-18 16:58:30,1781801910,R_10,4852.088,-1,0.014000000000123691,BACKFILL_AUTO
2026-06-18 16:58:32,1781801912,R_10,4852.153,1,0.06500000000050932,BACKFILL_AUTO
2026-06-18 16:58:34,1781801914,R_10,4852.174,1,0.02099999999973079,BACKFILL_AUTO
2026-06-18 16:58:36,1781801916,R_10,4852.274,1,0.1000000000003638,BACKFILL_AUTO
2026-06-18 16:58:38,1781801918,R_10,4852.242,-1,0.032000000000152795,BACKFILL_AUTO
2026-06-18 16:58:40,1781801920,R_10,4852.208,-1,0.03400000000056025,BACKFILL_AUTO
2026-06-18 16:58:42,1781801922,R_10,4852.123,-1,0.08500000000003638,BACKFILL_AUTO
2026-06-18 16:58:44,1781801924,R_10,4852.302,1,0.1790000000000873,BACKFILL_AUTO
2026-06-18 16:58:46,1781801926,R_10,4852.571,1,0.26900000000023283,BACKFILL_AUTO
2026-06-18 16:58:48,1781801928,R_10,4852.442,-1,0.1289999999999054,BACKFILL_AUTO
2026-06-18 16:58:50,1781801930,R_10,4852.546,1,0.10400000000026921,BACKFILL_AUTO
2026-06-18 16:58:52,1781801932,R_10,4852.41,-1,0.136000000000422,BACKFILL_AUTO
2026-06-18 16:58:54,1781801934,R_10,4852.406,-1,0.0039999999999054126,BACKFILL_AUTO
2026-06-18 16:58:56,1781801936,R_10,4852.329,-1,0.07700000000022555,BACKFILL_AUTO
2026-06-18 16:58:58,1781801938,R_10,4852.447,1,0.1180000000003929,BACKFILL_AUTO
2026-06-18 16:59:00,1781801940,R_10,4852.519,1,0.07200000000011642,BACKFILL_AUTO
2026-06-18 16:59:02,1781801942,R_10,4852.62,1,0.10099999999965803,BACKFILL_AUTO
2026-06-18 16:59:04,1781801944,R_10,4852.591,-1,0.028999999999541615,BACKFILL_AUTO
2026-06-18 16:59:06,1781801946,R_10,4852.691,1,0.0999999999994543,BACKFILL_AUTO
2026-06-18 16:59:08,1781801948,R_10,4852.826,1,0.13500000000021828,BACKFILL_AUTO
2026-06-18 16:59:10,1781801950,R_10,4852.444,-1,0.3819999999996071,BACKFILL_AUTO
2026-06-18 16:59:12,1781801952,R_10,4852.585,1,0.14099999999962165,BACKFILL_AUTO
2026-06-18 16:59:14,1781801954,R_10,4852.318,-1,0.2669999999998254,BACKFILL_AUTO
2026-06-18 16:59:16,1781801956,R_10,4852.326,1,0.007999999999810825,BACKFILL_AUTO
2026-06-18 16:59:18,1781801958,R_10,4852.321,-1,0.005000000000109139,BACKFILL_AUTO
2026-06-18 16:59:20,1781801960,R_10,4852.434,1,0.11300000000028376,BACKFILL_AUTO
2026-06-18 16:59:22,1781801962,R_10,4852.516,1,0.0819999999994252,BACKFILL_AUTO
2026-06-18 16:59:24,1781801964,R_10,4852.299,-1,0.21699999999964348,BACKFILL_AUTO
2026-06-18 16:59:26,1781801966,R_10,4852.314,1,0.015000000000327418,BACKFILL_AUTO
2026-06-18 16:59:28,1781801968,R_10,4852.264,-1,0.0500000000001819,BACKFILL_AUTO
2026-06-18 16:59:30,1781801970,R_10,4852.346,1,0.0819999999994252,BACKFILL_AUTO
2026-06-18 16:59:32,1781801972,R_10,4852.303,-1,0.042999999999665306,BACKFILL_AUTO
2026-06-18 16:59:34,1781801974,R_10,4852.412,1,0.10900000000037835,BACKFILL_AUTO
2026-06-18 16:59:36,1781801976,R_10,4852.343,-1,0.06900000000041473,BACKFILL_AUTO
2026-06-18 16:59:38,1781801978,R_10,4852.449,1,0.10599999999976717,BACKFILL_AUTO
2026-06-18 16:59:40,1781801980,R_10,4852.599,1,0.1500000000005457,BACKFILL_AUTO
2026-06-18 16:59:42,1781801982,R_10,4852.714,1,0.11499999999978172,BACKFILL_AUTO
2026-06-18 16:59:44,1781801984,R_10,4852.638,-1,0.07600000000002183,BACKFILL_AUTO
2026-06-18 16:59:46,1781801986,R_10,4852.649,1,0.011000000000422006,BACKFILL_AUTO
2026-06-18 16:59:48,1781801988,R_10,4852.779,1,0.13000000000010914,BACKFILL_AUTO
2026-06-18 16:59:50,1781801990,R_10,4852.583,-1,0.19600000000082218,BACKFILL_AUTO
2026-06-18 16:59:52,1781801992,R_10,4852.59,1,0.007000000000516593,BACKFILL_AUTO
2026-06-18 16:59:54,1781801994,R_10,4852.613,1,0.023000000000138243,BACKFILL_AUTO
2026-06-18 16:59:56,1781801996,R_10,4852.623,1,0.009999999999308784,BACKFILL_AUTO
2026-06-18 16:59:58,1781801998,R_10,4852.338,-1,0.2849999999998545,BACKFILL_AUTO
2026-06-18 17:00:00,1781802000,R_10,4852.227,-1,0.11099999999987631,BACKFILL_AUTO
2026-06-18 17:00:02,1781802002,R_10,4852.124,-1,0.10300000000006548,BACKFILL_AUTO
2026-06-18 17:00:04,1781802004,R_10,4852.022,-1,0.10199999999986176,BACKFILL_AUTO
2026-06-18 17:00:06,1781802006,R_10,4851.991,-1,0.03099999999994907,BACKFILL_AUTO
2026-06-18 17:00:08,1781802008,R_10,4852.052,1,0.06099999999969441,BACKFILL_AUTO
2026-06-18 17:00:10,1781802010,R_10,4851.932,-1,0.11999999999989086,BACKFILL_AUTO
2026-06-18 17:00:12,1781802012,R_10,4851.953,1,0.021000000000640284,BACKFILL_AUTO
2026-06-18 17:00:14,1781802014,R_10,4852.072,1,0.11899999999968713,BACKFILL_AUTO
2026-06-18 17:00:16,1781802016,R_10,4852.113,1,0.04100000000016735,BACKFILL_AUTO
2026-06-18 17:00:18,1781802018,R_10,4852.343,1,0.22999999999956344,BACKFILL_AUTO
2026-06-18 17:00:20,1781802020,R_10,4852.248,-1,0.09500000000025466,BACKFILL_AUTO
2026-06-18 17:00:22,1781802022,R_10,4852.41,1,0.16200000000026193,BACKFILL_AUTO
2026-06-18 17:00:24,1781802024,R_10,4852.404,-1,0.0059999999994033715,BACKFILL_AUTO
2026-06-18 17:00:26,1781802026,R_10,4852.468,1,0.0639999999993961,BACKFILL_AUTO
2026-06-18 17:00:28,1781802028,R_10,4852.577,1,0.10900000000037835,BACKFILL_AUTO
2026-06-18 17:00:30,1781802030,R_10,4852.625,1,0.047999999999774445,BACKFILL_AUTO
2026-06-18 17:00:32,1781802032,R_10,4852.564,-1,0.06099999999969441,BACKFILL_AUTO
2026-06-18 17:00:34,1781802034,R_10,4852.853,1,0.2889999999997599,BACKFILL_AUTO
2026-06-18 17:00:36,1781802036,R_10,4852.879,1,0.02599999999983993,BACKFILL_AUTO
2026-06-18 17:00:38,1781802038,R_10,4852.999,1,0.11999999999989086,BACKFILL_AUTO
2026-06-18 17:00:40,1781802040,R_10,4853.045,1,0.046000000000276486,BACKFILL_AUTO
2026-06-18 17:00:42,1781802042,R_10,4853.055,1,0.010000000000218279,BACKFILL_AUTO
2026-06-18 17:00:44,1781802044,R_10,4852.968,-1,0.08700000000044383,BACKFILL_AUTO
2026-06-18 17:00:46,1781802046,R_10,4852.741,-1,0.22699999999986176,BACKFILL_AUTO
2026-06-18 17:00:48,1781802048,R_10,4852.75,1,0.009000000000014552,BACKFILL_AUTO
2026-06-18 17:00:50,1781802050,R_10,4853.0,1,0.25,BACKFILL_AUTO
2026-06-18 17:00:52,1781802052,R_10,4853.042,1,0.042000000000371074,BACKFILL_AUTO
2026-06-18 17:00:54,1781802054,R_10,4853.136,1,0.09400000000005093,BACKFILL_AUTO
2026-06-18 17:00:56,1781802056,R_10,4853.039,-1,0.09700000000066211,BACKFILL_AUTO
2026-06-18 17:00:58,1781802058,R_10,4853.15,1,0.11099999999987631,BACKFILL_AUTO
2026-06-18 17:01:00,1781802060,R_10,4853.232,1,0.0820000000003347,BACKFILL_AUTO
2026-06-18 17:01:02,1781802062,R_10,4853.216,-1,0.01599999999962165,BACKFILL_AUTO
2026-06-18 17:01:04,1781802064,R_10,4853.154,-1,0.06199999999989814,BACKFILL_AUTO
2026-06-18 17:01:06,1781802066,R_10,4853.16,1,0.0059999999994033715,BACKFILL_AUTO
2026-06-18 17:01:08,1781802068,R_10,4853.006,-1,0.15399999999954161,BACKFILL_AUTO
2026-06-18 17:01:10,1781802070,R_10,4853.19,1,0.18399999999928696,BACKFILL_AUTO
2026-06-18 17:01:12,1781802072,R_10,4853.269,1,0.07900000000063301,BACKFILL_AUTO
2026-06-18 17:01:14,1781802074,R_10,4853.507,1,0.23799999999937427,BACKFILL_AUTO
2026-06-18 17:01:16,1781802076,R_10,4853.613,1,0.10600000000067666,BACKFILL_AUTO
2026-06-18 17:01:18,1781802078,R_10,4853.64,1,0.027000000000043656,BACKFILL_AUTO
2026-06-18 17:01:20,1781802080,R_10,4853.422,-1,0.2180000000007567,BACKFILL_AUTO
2026-06-18 17:01:22,1781802082,R_10,4853.55,1,0.12800000000061118,BACKFILL_AUTO
2026-06-18 17:01:24,1781802084,R_10,4853.319,-1,0.23099999999976717,BACKFILL_AUTO
2026-06-18 17:01:26,1781802086,R_10,4853.059,-1,0.2600000000002183,BACKFILL_AUTO
2026-06-18 17:01:28,1781802088,R_10,4853.117,1,0.057999999999992724,BACKFILL_AUTO
2026-06-18 17:01:30,1781802090,R_10,4852.97,-1,0.14699999999993452,BACKFILL_AUTO
2026-06-18 17:01:32,1781802092,R_10,4853.196,1,0.22599999999965803,BACKFILL_AUTO
2026-06-18 17:01:34,1781802094,R_10,4853.28,1,0.08399999999983265,BACKFILL_AUTO
2026-06-18 17:01:36,1781802096,R_10,4853.204,-1,0.07600000000002183,BACKFILL_AUTO
2026-06-18 17:01:38,1781802098,R_10,4853.177,-1,0.027000000000043656,BACKFILL_AUTO
2026-06-18 17:01:40,1781802100,R_10,4853.323,1,0.14600000000064028,BACKFILL_AUTO
2026-06-18 17:01:42,1781802102,R_10,4853.248,-1,0.0750000000007276,BACKFILL_AUTO
2026-06-18 17:01:44,1781802104,R_10,4853.366,1,0.1180000000003929,BACKFILL_AUTO
2026-06-18 17:01:46,1781802106,R_10,4853.529,1,0.16300000000046566,BACKFILL_AUTO
2026-06-18 17:01:48,1781802108,R_10,4853.53,1,0.0009999999992942321,BACKFILL_AUTO
2026-06-18 17:01:50,1781802110,R_10,4853.551,1,0.021000000000640284,BACKFILL_AUTO
2026-06-18 17:01:52,1781802112,R_10,4853.545,-1,0.006000000000312866,BACKFILL_AUTO
2026-06-18 17:01:54,1781802114,R_10,4853.453,-1,0.09199999999964348,BACKFILL_AUTO
2026-06-18 17:01:56,1781802116,R_10,4853.457,1,0.0039999999999054126,BACKFILL_AUTO
2026-06-18 17:01:58,1781802118,R_10,4853.506,1,0.04899999999997817,BACKFILL_AUTO
2026-06-18 17:02:00,1781802120,R_10,4853.389,-1,0.11700000000018917,BACKFILL_AUTO
2026-06-18 17:02:02,1781802122,R_10,4853.389,0,0.0,BACKFILL_AUTO
2026-06-18 17:02:04,1781802124,R_10,4853.292,-1,0.09699999999975262,BACKFILL_AUTO
2026-06-18 17:02:06,1781802126,R_10,4853.45,1,0.15799999999944703,BACKFILL_AUTO
2026-06-18 17:02:08,1781802128,R_10,4853.231,-1,0.21900000000005093,BACKFILL_AUTO
2026-06-18 17:02:10,1781802130,R_10,4853.379,1,0.14800000000013824,BACKFILL_AUTO
2026-06-18 17:02:12,1781802132,R_10,4853.472,1,0.0929999999998472,BACKFILL_AUTO
2026-06-18 17:02:14,1781802134,R_10,4853.557,1,0.08500000000003638,BACKFILL_AUTO
2026-06-18 17:02:16,1781802136,R_10,4853.71,1,0.15300000000024738,BACKFILL_AUTO
2026-06-18 17:02:18,1781802138,R_10,4853.69,-1,0.020000000000436557,BACKFILL_AUTO
2026-06-18 17:02:20,1781802140,R_10,4853.724,1,0.03400000000056025,BACKFILL_AUTO
2026-06-18 17:02:22,1781802142,R_10,4853.717,-1,0.007000000000516593,BACKFILL_AUTO
2026-06-18 17:02:24,1781802144,R_10,4853.746,1,0.02900000000045111,BACKFILL_AUTO
2026-06-18 17:02:26,1781802146,R_10,4853.615,-1,0.13100000000031287,BACKFILL_AUTO
2026-06-18 17:02:28,1781802148,R_10,4853.584,-1,0.03099999999994907,BACKFILL_AUTO
2026-06-18 17:02:30,1781802150,R_10,4853.552,-1,0.032000000000152795,BACKFILL_AUTO
2026-06-18 17:02:32,1781802152,R_10,4853.543,-1,0.009000000000014552,BACKFILL_AUTO
2026-06-18 17:02:34,1781802154,R_10,4853.484,-1,0.058999999999286956,BACKFILL_AUTO
2026-06-18 17:02:36,1781802156,R_10,4853.424,-1,0.06000000000040018,BACKFILL_AUTO
2026-06-18 17:02:38,1781802158,R_10,4853.635,1,0.2110000000002401,BACKFILL_AUTO
2026-06-18 17:02:40,1781802160,R_10,4853.758,1,0.12299999999959255,BACKFILL_AUTO
2026-06-18 17:02:42,1781802162,R_10,4853.966,1,0.20800000000053842,BACKFILL_AUTO
2026-06-18 17:02:44,1781802164,R_10,4853.973,1,0.006999999999607098,BACKFILL_AUTO
2026-06-18 17:02:46,1781802166,R_10,4853.956,-1,0.016999999999825377,BACKFILL_AUTO
2026-06-18 17:02:48,1781802168,R_10,4853.569,-1,0.38699999999971624,BACKFILL_AUTO
2026-06-18 17:02:50,1781802170,R_10,4853.71,1,0.14099999999962165,BACKFILL_AUTO
2026-06-18 17:02:52,1781802172,R_10,4853.567,-1,0.1430000000000291,BACKFILL_AUTO
2026-06-18 17:02:54,1781802174,R_10,4853.644,1,0.07700000000022555,BACKFILL_AUTO
2026-06-18 17:02:56,1781802176,R_10,4853.582,-1,0.06199999999989814,BACKFILL_AUTO
2026-06-18 17:02:58,1781802178,R_10,4853.339,-1,0.2430000000003929,BACKFILL_AUTO
2026-06-18 17:03:00,1781802180,R_10,4853.227,-1,0.11200000000008004,BACKFILL_AUTO
2026-06-18 17:03:02,1781802182,R_10,4853.319,1,0.09200000000055297,BACKFILL_AUTO
2026-06-18 17:03:04,1781802184,R_10,4853.423,1,0.10399999999935972,BACKFILL_AUTO
2026-06-18 17:03:06,1781802186,R_10,4853.365,-1,0.057999999999992724,BACKFILL_AUTO
2026-06-18 17:03:08,1781802188,R_10,4853.462,1,0.09700000000066211,BACKFILL_AUTO
2026-06-18 17:03:10,1781802190,R_10,4853.435,-1,0.027000000000043656,BACKFILL_AUTO
2026-06-18 17:03:12,1781802192,R_10,4853.504,1,0.06899999999950523,BACKFILL_AUTO
2026-06-18 17:03:14,1781802194,R_10,4853.468,-1,0.03600000000005821,BACKFILL_AUTO
2026-06-18 17:03:16,1781802196,R_10,4853.696,1,0.22800000000006548,BACKFILL_AUTO
2026-06-18 17:03:18,1781802198,R_10,4853.534,-1,0.16200000000026193,BACKFILL_AUTO
2026-06-18 17:03:20,1781802200,R_10,4853.623,1,0.08899999999994179,BACKFILL_AUTO
2026-06-18 17:03:22,1781802202,R_10,4853.458,-1,0.16499999999996362,BACKFILL_AUTO
2026-06-18 17:03:24,1781802204,R_10,4853.486,1,0.028000000000247383,BACKFILL_AUTO
2026-06-18 17:03:26,1781802206,R_10,4853.534,1,0.047999999999774445,BACKFILL_AUTO
2026-06-18 17:03:28,1781802208,R_10,4853.476,-1,0.057999999999992724,BACKFILL_AUTO
2026-06-18 17:03:30,1781802210,R_10,4853.577,1,0.10100000000056752,BACKFILL_AUTO
2026-06-18 17:03:32,1781802212,R_10,4853.591,1,0.014000000000123691,BACKFILL_AUTO
2026-06-18 17:03:34,1781802214,R_10,4853.695,1,0.10399999999935972,BACKFILL_AUTO
2026-06-18 17:03:36,1781802216,R_10,4853.571,-1,0.12399999999979627,BACKFILL_AUTO
2026-06-18 17:03:38,1781802218,R_10,4853.632,1,0.06099999999969441,BACKFILL_AUTO
2026-06-18 17:03:40,1781802220,R_10,4853.689,1,0.05700000000069849,BACKFILL_AUTO
2026-06-18 17:03:42,1781802222,R_10,4853.62,-1,0.06900000000041473,BACKFILL_AUTO
2026-06-18 17:03:44,1781802224,R_10,4853.699,1,0.07899999999972351,BACKFILL_AUTO
2026-06-18 17:03:46,1781802226,R_10,4853.63,-1,0.06899999999950523,BACKFILL_AUTO
2026-06-18 17:03:48,1781802228,R_10,4853.71,1,0.07999999999992724,BACKFILL_AUTO
2026-06-18 17:03:50,1781802230,R_10,4853.782,1,0.07200000000011642,BACKFILL_AUTO
2026-06-18 17:03:52,1781802232,R_10,4853.864,1,0.0819999999994252,BACKFILL_AUTO
2026-06-18 17:03:54,1781802234,R_10,4853.897,1,0.03300000000035652,BACKFILL_AUTO
2026-06-18 17:03:56,1781802236,R_10,4853.828,-1,0.06899999999950523,BACKFILL_AUTO
2026-06-18 17:03:58,1781802238,R_10,4853.741,-1,0.08700000000044383,BACKFILL_AUTO
2026-06-18 17:04:00,1781802240,R_10,4853.66,-1,0.08100000000013097,BACKFILL_AUTO
2026-06-18 17:04:02,1781802242,R_10,4853.556,-1,0.10400000000026921,BACKFILL_AUTO
2026-06-18 17:04:04,1781802244,R_10,4853.514,-1,0.04199999999946158,BACKFILL_AUTO
2026-06-18 17:04:06,1781802246,R_10,4853.649,1,0.13500000000021828,BACKFILL_AUTO
2026-06-18 17:04:08,1781802248,R_10,4853.643,-1,0.006000000000312866,BACKFILL_AUTO
2026-06-18 17:04:10,1781802250,R_10,4853.573,-1,0.06999999999970896,BACKFILL_AUTO
2026-06-18 17:04:12,1781802252,R_10,4853.346,-1,0.22700000000077125,BACKFILL_AUTO
2026-06-18 17:04:14,1781802254,R_10,4853.284,-1,0.06199999999989814,BACKFILL_AUTO
2026-06-18 17:04:16,1781802256,R_10,4853.082,-1,0.20199999999931606,BACKFILL_AUTO
2026-06-18 17:04:18,1781802258,R_10,4853.304,1,0.22199999999975262,BACKFILL_AUTO
2026-06-18 17:04:20,1781802260,R_10,4853.322,1,0.018000000000029104,BACKFILL_AUTO
2026-06-18 17:04:22,1781802262,R_10,4853.148,-1,0.17399999999997817,BACKFILL_AUTO
2026-06-18 17:04:24,1781802264,R_10,4852.954,-1,0.19400000000041473,BACKFILL_AUTO
2026-06-18 17:04:26,1781802266,R_10,4852.874,-1,0.07999999999992724,BACKFILL_AUTO
2026-06-18 17:04:28,1781802268,R_10,4852.823,-1,0.05099999999947613,BACKFILL_AUTO
2026-06-18 17:04:30,1781802270,R_10,4852.857,1,0.033999999999650754,BACKFILL_AUTO
2026-06-18 17:04:32,1781802272,R_10,4852.686,-1,0.1710000000002765,BACKFILL_AUTO
2026-06-18 17:04:34,1781802274,R_10,4852.783,1,0.09700000000066211,BACKFILL_AUTO
2026-06-18 17:04:36,1781802276,R_10,4852.639,-1,0.14400000000023283,BACKFILL_AUTO
2026-06-18 17:04:38,1781802278,R_10,4852.736,1,0.09699999999975262,BACKFILL_AUTO
2026-06-18 17:04:40,1781802280,R_10,4852.819,1,0.08300000000053842,BACKFILL_AUTO
2026-06-18 17:04:42,1781802282,R_10,4852.653,-1,0.16600000000016735,BACKFILL_AUTO
2026-06-18 17:04:44,1781802284,R_10,4852.612,-1,0.04100000000016735,BACKFILL_AUTO
2026-06-18 17:04:46,1781802286,R_10,4852.632,1,0.019999999999527063,BACKFILL_AUTO
2026-06-18 17:04:48,1781802288,R_10,4852.757,1,0.125,BACKFILL_AUTO
2026-06-18 17:04:50,1781802290,R_10,4852.994,1,0.23700000000008004,BACKFILL_AUTO
2026-06-18 17:04:52,1781802292,R_10,4853.017,1,0.023000000000138243,BACKFILL_AUTO
2026-06-18 17:04:54,1781802294,R_10,4853.072,1,0.05500000000029104,BACKFILL_AUTO
2026-06-18 17:04:56,1781802296,R_10,4852.955,-1,0.11700000000018917,BACKFILL_AUTO
2026-06-18 17:04:58,1781802298,R_10,4852.819,-1,0.1359999999995125,BACKFILL_AUTO
2026-06-18 17:05:00,1781802300,R_10,4852.743,-1,0.07600000000002183,BACKFILL_AUTO
2026-06-18 17:05:02,1781802302,R_10,4852.555,-1,0.18800000000010186,BACKFILL_AUTO
2026-06-18 17:05:04,1781802304,R_10,4852.71,1,0.15499999999974534,BACKFILL_AUTO
2026-06-18 17:05:06,1781802306,R_10,4852.51,-1,0.1999999999998181,BACKFILL_AUTO
2026-06-18 17:05:08,1781802308,R_10,4852.389,-1,0.12100000000009459,BACKFILL_AUTO
2026-06-18 17:05:10,1781802310,R_10,4852.396,1,0.006999999999607098,BACKFILL_AUTO
2026-06-18 17:05:12,1781802312,R_10,4852.274,-1,0.12199999999938882,BACKFILL_AUTO
2026-06-18 17:05:14,1781802314,R_10,4852.373,1,0.09899999999925058,BACKFILL_AUTO
2026-06-18 17:05:16,1781802316,R_10,4852.482,1,0.10900000000037835,BACKFILL_AUTO
2026-06-18 17:05:18,1781802318,R_10,4852.553,1,0.07099999999991269,BACKFILL_AUTO
2026-06-18 17:05:20,1781802320,R_10,4852.51,-1,0.042999999999665306,BACKFILL_AUTO
2026-06-18 17:05:22,1781802322,R_10,4852.491,-1,0.01900000000023283,BACKFILL_AUTO
2026-06-18 17:05:24,1781802324,R_10,4852.465,-1,0.02599999999983993,BACKFILL_AUTO
2026-06-18 17:05:26,1781802326,R_10,4852.447,-1,0.018000000000029104,BACKFILL_AUTO
2026-06-18 17:05:28,1781802328,R_10,4852.498,1,0.05099999999947613,BACKFILL_AUTO
2026-06-18 17:05:30,1781802330,R_10,4852.629,1,0.13100000000031287,BACKFILL_AUTO
2026-06-18 17:05:32,1781802332,R_10,4852.685,1,0.056000000000494765,BACKFILL_AUTO
2026-06-18 17:05:34,1781802334,R_10,4852.652,-1,0.03300000000035652,BACKFILL_AUTO
2026-06-18 17:05:36,1781802336,R_10,4852.784,1,0.1319999999996071,BACKFILL_AUTO
2026-06-18 17:05:38,1781802338,R_10,4853.025,1,0.24099999999998545,BACKFILL_AUTO
2026-06-18 17:05:40,1781802340,R_10,4852.83,-1,0.19499999999970896,BACKFILL_AUTO
2026-06-18 17:05:42,1781802342,R_10,4852.778,-1,0.05199999999967986,BACKFILL_AUTO
2026-06-18 17:05:44,1781802344,R_10,4852.697,-1,0.08100000000013097,BACKFILL_AUTO
2026-06-18 17:05:46,1781802346,R_10,4852.582,-1,0.11499999999978172,BACKFILL_AUTO
2026-06-18 17:05:48,1781802348,R_10,4852.42,-1,0.16200000000026193,BACKFILL_AUTO
2026-06-18 17:05:50,1781802350,R_10,4852.413,-1,0.007000000000516593,BACKFILL_AUTO
2026-06-18 17:05:52,1781802352,R_10,4852.423,1,0.010000000000218279,BACKFILL_AUTO
2026-06-18 17:05:54,1781802354,R_10,4852.695,1,0.2719999999999345,BACKFILL_AUTO
2026-06-18 17:05:56,1781802356,R_10,4852.958,1,0.26299999999991996,BACKFILL_AUTO
2026-06-18 17:05:58,1781802358,R_10,4852.994,1,0.03600000000005821,BACKFILL_AUTO
2026-06-18 17:06:00,1781802360,R_10,4853.173,1,0.1790000000000873,BACKFILL_AUTO
2026-06-18 17:06:02,1781802362,R_10,4852.981,-1,0.19200000000000728,BACKFILL_AUTO
2026-06-18 17:06:04,1781802364,R_10,4853.019,1,0.03800000000046566,BACKFILL_AUTO
2026-06-18 17:06:06,1781802366,R_10,4852.886,-1,0.13299999999981083,BACKFILL_AUTO
2026-06-18 17:06:08,1781802368,R_10,4852.874,-1,0.012000000000625732,BACKFILL_AUTO
2026-06-18 17:06:10,1781802370,R_10,4852.851,-1,0.023000000000138243,BACKFILL_AUTO
2026-06-18 17:06:12,1781802372,R_10,4852.793,-1,0.057999999999992724,BACKFILL_AUTO
2026-06-18 17:06:14,1781802374,R_10,4852.687,-1,0.10599999999976717,BACKFILL_AUTO
2026-06-18 17:06:16,1781802376,R_10,4852.774,1,0.08700000000044383,BACKFILL_AUTO
2026-06-18 17:06:18,1781802378,R_10,4852.738,-1,0.03600000000005821,BACKFILL_AUTO
2026-06-18 17:06:20,1781802380,R_10,4852.704,-1,0.03400000000056025,BACKFILL_AUTO
2026-06-18 17:06:22,1781802382,R_10,4852.82,1,0.11599999999998545,BACKFILL_AUTO
2026-06-18 17:06:24,1781802384,R_10,4852.67,-1,0.1499999999996362,BACKFILL_AUTO
2026-06-18 17:06:26,1781802386,R_10,4852.648,-1,0.021999999999934516,BACKFILL_AUTO
2026-06-18 17:06:28,1781802388,R_10,4852.677,1,0.028999999999541615,BACKFILL_AUTO
2026-06-18 17:06:30,1781802390,R_10,4852.625,-1,0.05199999999967986,BACKFILL_AUTO
2026-06-18 17:06:32,1781802392,R_10,4852.64,1,0.015000000000327418,BACKFILL_AUTO
2026-06-18 17:06:34,1781802394,R_10,4852.526,-1,0.11400000000048749,BACKFILL_AUTO
2026-06-18 17:06:36,1781802396,R_10,4852.593,1,0.06700000000000728,BACKFILL_AUTO
2026-06-18 17:06:38,1781802398,R_10,4852.644,1,0.051000000000385626,BACKFILL_AUTO
2026-06-18 17:06:40,1781802400,R_10,4852.478,-1,0.16600000000016735,BACKFILL_AUTO
2026-06-18 17:06:42,1781802402,R_10,4852.49,1,0.011999999999716238,BACKFILL_AUTO
2026-06-18 17:06:44,1781802404,R_10,4852.585,1,0.09500000000025466,BACKFILL_AUTO
2026-06-18 17:06:46,1781802406,R_10,4852.478,-1,0.1069999999999709,BACKFILL_AUTO
2026-06-18 17:06:48,1781802408,R_10,4852.491,1,0.012999999999919964,BACKFILL_AUTO
2026-06-18 17:06:50,1781802410,R_10,4852.618,1,0.12700000000040745,BACKFILL_AUTO
2026-06-18 17:06:52,1781802412,R_10,4852.461,-1,0.1570000000001528,BACKFILL_AUTO
2026-06-18 17:06:54,1781802414,R_10,4852.504,1,0.042999999999665306,BACKFILL_AUTO
2026-06-18 17:06:56,1781802416,R_10,4852.679,1,0.1750000000001819,BACKFILL_AUTO
2026-06-18 17:06:58,1781802418,R_10,4852.681,1,0.001999999999497959,BACKFILL_AUTO
2026-06-18 17:07:00,1781802420,R_10,4852.644,-1,0.03699999999935244,BACKFILL_AUTO
2026-06-18 17:07:02,1781802422,R_10,4852.48,-1,0.1640000000006694,BACKFILL_AUTO
2026-06-18 17:07:04,1781802424,R_10,4852.431,-1,0.04899999999997817,BACKFILL_AUTO
2026-06-18 17:07:06,1781802426,R_10,4852.316,-1,0.11499999999978172,BACKFILL_AUTO
2026-06-18 17:07:08,1781802428,R_10,4852.29,-1,0.02599999999983993,BACKFILL_AUTO
2026-06-18 17:07:10,1781802430,R_10,4852.266,-1,0.02400000000034197,BACKFILL_AUTO
2026-06-18 17:07:12,1781802432,R_10,4852.351,1,0.08500000000003638,BACKFILL_AUTO
2026-06-18 17:07:14,1781802434,R_10,4852.089,-1,0.26199999999971624,BACKFILL_AUTO
2026-06-18 17:07:16,1781802436,R_10,4851.896,-1,0.193000000000211,BACKFILL_AUTO
2026-06-18 17:07:18,1781802438,R_10,4851.908,1,0.012000000000625732,BACKFILL_AUTO
2026-06-18 17:07:20,1781802440,R_10,4851.921,1,0.012999999999919964,BACKFILL_AUTO
2026-06-18 17:07:22,1781802442,R_10,4852.013,1,0.09199999999964348,BACKFILL_AUTO
2026-06-18 17:07:24,1781802444,R_10,4852.139,1,0.12600000000020373,BACKFILL_AUTO
2026-06-18 17:07:26,1781802446,R_10,4852.119,-1,0.020000000000436557,BACKFILL_AUTO
2026-06-18 17:07:28,1781802448,R_10,4852.144,1,0.025000000000545697,BACKFILL_AUTO
2026-06-18 17:07:30,1781802450,R_10,4852.299,1,0.15499999999974534,BACKFILL_AUTO
2026-06-18 17:07:32,1781802452,R_10,4852.167,-1,0.1319999999996071,BACKFILL_AUTO
2026-06-18 17:07:34,1781802454,R_10,4852.245,1,0.07799999999951979,BACKFILL_AUTO
2026-06-18 17:07:36,1781802456,R_10,4852.103,-1,0.14199999999982538,BACKFILL_AUTO
2026-06-18 17:07:38,1781802458,R_10,4852.17,1,0.06700000000000728,BACKFILL_AUTO
2026-06-18 17:07:40,1781802460,R_10,4852.44,1,0.26999999999952706,BACKFILL_AUTO
2026-06-18 17:07:42,1781802462,R_10,4852.315,-1,0.125,BACKFILL_AUTO
2026-06-18 17:07:44,1781802464,R_10,4852.246,-1,0.06899999999950523,BACKFILL_AUTO
2026-06-18 17:07:46,1781802466,R_10,4852.121,-1,0.125,BACKFILL_AUTO
2026-06-18 17:07:48,1781802468,R_10,4852.335,1,0.2139999999999418,BACKFILL_AUTO
2026-06-18 17:07:50,1781802470,R_10,4852.341,1,0.006000000000312866,BACKFILL_AUTO
2026-06-18 17:07:52,1781802472,R_10,4852.295,-1,0.046000000000276486,BACKFILL_AUTO
2026-06-18 17:07:54,1781802474,R_10,4852.284,-1,0.011000000000422006,BACKFILL_AUTO
2026-06-18 17:07:56,1781802476,R_10,4852.328,1,0.04400000000077853,BACKFILL_AUTO
2026-06-18 17:07:58,1781802478,R_10,4852.087,-1,0.24099999999998545,BACKFILL_AUTO
2026-06-18 17:08:00,1781802480,R_10,4852.163,1,0.07599999999911233,BACKFILL_AUTO
2026-06-18 17:08:02,1781802482,R_10,4852.141,-1,0.021999999999934516,BACKFILL_AUTO
2026-06-18 17:08:04,1781802484,R_10,4852.046,-1,0.09499999999934516,BACKFILL_AUTO
2026-06-18 17:08:06,1781802486,R_10,4852.047,1,0.0009999999992942321,BACKFILL_AUTO
2026-06-18 17:08:08,1781802488,R_10,4852.1,1,0.05300000000079308,BACKFILL_AUTO
2026-06-18 17:08:10,1781802490,R_10,4852.034,-1,0.06600000000071304,BACKFILL_AUTO
2026-06-18 17:08:12,1781802492,R_10,4852.376,1,0.342000000000553,BACKFILL_AUTO
2026-06-18 17:08:14,1781802494,R_10,4852.456,1,0.07999999999992724,BACKFILL_AUTO
2026-06-18 17:08:16,1781802496,R_10,4852.465,1,0.009000000000014552,BACKFILL_AUTO
2026-06-18 17:08:18,1781802498,R_10,4852.538,1,0.07299999999941065,BACKFILL_AUTO
2026-06-18 17:08:20,1781802500,R_10,4852.636,1,0.09800000000086584,BACKFILL_AUTO
2026-06-18 17:08:22,1781802502,R_10,4852.6,-1,0.03600000000005821,BACKFILL_AUTO
2026-06-18 17:08:24,1781802504,R_10,4852.349,-1,0.2510000000002037,BACKFILL_AUTO
2026-06-18 17:08:26,1781802506,R_10,4852.448,1,0.09900000000016007,BACKFILL_AUTO
2026-06-18 17:08:28,1781802508,R_10,4852.542,1,0.09400000000005093,BACKFILL_AUTO
2026-06-18 17:08:30,1781802510,R_10,4852.742,1,0.1999999999998181,BACKFILL_AUTO
2026-06-18 17:08:32,1781802512,R_10,4852.576,-1,0.16600000000016735,BACKFILL_AUTO
2026-06-18 17:08:34,1781802514,R_10,4852.608,1,0.032000000000152795,BACKFILL_AUTO
2026-06-18 17:08:36,1781802516,R_10,4852.575,-1,0.03300000000035652,BACKFILL_AUTO
2026-06-18 17:08:38,1781802518,R_10,4852.546,-1,0.028999999999541615,BACKFILL_AUTO
2026-06-18 17:08:40,1781802520,R_10,4852.697,1,0.15099999999983993,BACKFILL_AUTO
2026-06-18 17:08:42,1781802522,R_10,4852.864,1,0.16699999999946158,BACKFILL_AUTO
2026-06-18 17:08:44,1781802524,R_10,4852.872,1,0.00800000000072032,BACKFILL_AUTO
2026-06-18 17:08:46,1781802526,R_10,4853.085,1,0.21299999999973807,BACKFILL_AUTO
2026-06-18 17:08:48,1781802528,R_10,4852.959,-1,0.12600000000020373,BACKFILL_AUTO
2026-06-18 17:08:50,1781802530,R_10,4853.001,1,0.042000000000371074,BACKFILL_AUTO
2026-06-18 17:08:52,1781802532,R_10,4852.881,-1,0.11999999999989086,BACKFILL_AUTO
2026-06-18 17:08:54,1781802534,R_10,4852.934,1,0.052999999999883585,BACKFILL_AUTO
2026-06-18 17:08:56,1781802536,R_10,4853.142,1,0.20799999999962893,BACKFILL_AUTO
2026-06-18 17:08:58,1781802538,R_10,4853.17,1,0.028000000000247383,BACKFILL_AUTO
2026-06-18 17:09:00,1781802540,R_10,4853.079,-1,0.09100000000034925,BACKFILL_AUTO
2026-06-18 17:09:02,1781802542,R_10,4853.107,1,0.028000000000247383,BACKFILL_AUTO
2026-06-18 17:09:04,1781802544,R_10,4853.197,1,0.09000000000014552,BACKFILL_AUTO
2026-06-18 17:09:06,1781802546,R_10,4853.175,-1,0.021999999999934516,BACKFILL_AUTO
2026-06-18 17:09:08,1781802548,R_10,4853.314,1,0.1390000000001237,BACKFILL_AUTO
2026-06-18 17:09:10,1781802550,R_10,4853.314,0,0.0,BACKFILL_AUTO
2026-06-18 17:09:12,1781802552,R_10,4853.397,1,0.08299999999962893,BACKFILL_AUTO
2026-06-18 17:09:14,1781802554,R_10,4853.265,-1,0.1319999999996071,BACKFILL_AUTO
2026-06-18 17:09:16,1781802556,R_10,4853.064,-1,0.20100000000002183,BACKFILL_AUTO
2026-06-18 17:09:18,1781802558,R_10,4853.273,1,0.20899999999983265,BACKFILL_AUTO
2026-06-18 17:09:20,1781802560,R_10,4853.087,-1,0.1859999999996944,BACKFILL_AUTO
2026-06-18 17:09:22,1781802562,R_10,4852.951,-1,0.136000000000422,BACKFILL_AUTO
2026-06-18 17:09:24,1781802564,R_10,4853.033,1,0.0820000000003347,BACKFILL_AUTO
2026-06-18 17:09:26,1781802566,R_10,4853.161,1,0.12799999999970169,BACKFILL_AUTO
2026-06-18 17:09:28,1781802568,R_10,4853.157,-1,0.0039999999999054126,BACKFILL_AUTO
2026-06-18 17:09:30,1781802570,R_10,4853.126,-1,0.03099999999994907,BACKFILL_AUTO
2026-06-18 17:09:32,1781802572,R_10,4853.256,1,0.13000000000010914,BACKFILL_AUTO
2026-06-18 17:09:34,1781802574,R_10,4853.458,1,0.20199999999931606,BACKFILL_AUTO
2026-06-18 17:09:36,1781802576,R_10,4853.477,1,0.01900000000023283,BACKFILL_AUTO
2026-06-18 17:09:38,1781802578,R_10,4853.343,-1,0.13400000000001455,BACKFILL_AUTO
2026-06-18 17:09:40,1781802580,R_10,4853.311,-1,0.032000000000152795,BACKFILL_AUTO
2026-06-18 17:09:42,1781802582,R_10,4853.628,1,0.3170000000000073,BACKFILL_AUTO
2026-06-18 17:09:44,1781802584,R_10,4853.626,-1,0.001999999999497959,BACKFILL_AUTO
2026-06-18 17:09:46,1781802586,R_10,4853.773,1,0.14699999999993452,BACKFILL_AUTO
2026-06-18 17:09:48,1781802588,R_10,4853.768,-1,0.005000000000109139,BACKFILL_AUTO
2026-06-18 17:09:50,1781802590,R_10,4853.676,-1,0.09199999999964348,BACKFILL_AUTO
2026-06-18 17:09:52,1781802592,R_10,4853.508,-1,0.1680000000005748,BACKFILL_AUTO
2026-06-18 17:09:54,1781802594,R_10,4853.553,1,0.04500000000007276,BACKFILL_AUTO
2026-06-18 17:09:56,1781802596,R_10,4853.448,-1,0.10499999999956344,BACKFILL_AUTO
2026-06-18 17:09:58,1781802598,R_10,4853.671,1,0.22299999999995634,BACKFILL_AUTO
2026-06-18 17:10:00,1781802600,R_10,4853.694,1,0.023000000000138243,BACKFILL_AUTO
2026-06-18 17:10:02,1781802602,R_10,4853.654,-1,0.03999999999996362,BACKFILL_AUTO
2026-06-18 17:10:04,1781802604,R_10,4853.571,-1,0.08300000000053842,BACKFILL_AUTO
2026-06-18 17:10:06,1781802606,R_10,4853.904,1,0.3330000000005384,BACKFILL_AUTO
2026-06-18 17:10:08,1781802608,R_10,4853.977,1,0.07299999999941065,BACKFILL_AUTO
2026-06-18 17:10:10,1781802610,R_10,4854.098,1,0.12100000000009459,BACKFILL_AUTO
2026-06-18 17:10:12,1781802612,R_10,4854.232,1,0.13400000000001455,BACKFILL_AUTO
2026-06-18 17:10:14,1781802614,R_10,4854.243,1,0.011000000000422006,BACKFILL_AUTO
2026-06-18 17:10:16,1781802616,R_10,4854.342,1,0.09899999999925058,BACKFILL_AUTO
2026-06-18 17:10:18,1781802618,R_10,4854.292,-1,0.049999999999272404,BACKFILL_AUTO
2026-06-18 17:10:20,1781802620,R_10,4854.42,1,0.12799999999970169,BACKFILL_AUTO
2026-06-18 17:10:22,1781802622,R_10,4854.456,1,0.03600000000005821,BACKFILL_AUTO
2026-06-18 17:10:24,1781802624,R_10,4854.394,-1,0.06199999999989814,BACKFILL_AUTO
2026-06-18 17:10:26,1781802626,R_10,4854.383,-1,0.011000000000422006,BACKFILL_AUTO
2026-06-18 17:10:28,1781802628,R_10,4854.55,1,0.16700000000037107,BACKFILL_AUTO
2026-06-18 17:10:30,1781802630,R_10,4854.6,1,0.0500000000001819,BACKFILL_AUTO
2026-06-18 17:10:32,1781802632,R_10,4854.47,-1,0.13000000000010914,BACKFILL_AUTO
2026-06-18 17:10:34,1781802634,R_10,4854.504,1,0.033999999999650754,BACKFILL_AUTO
2026-06-18 17:10:36,1781802636,R_10,4854.456,-1,0.047999999999774445,BACKFILL_AUTO
2026-06-18 17:10:38,1781802638,R_10,4854.499,1,0.042999999999665306,BACKFILL_AUTO
2026-06-18 17:10:40,1781802640,R_10,4854.464,-1,0.03499999999985448,BACKFILL_AUTO
2026-06-18 17:10:42,1781802642,R_10,4854.443,-1,0.02099999999973079,BACKFILL_AUTO
2026-06-18 17:10:44,1781802644,R_10,4854.407,-1,0.03600000000005821,BACKFILL_AUTO
2026-06-18 17:10:46,1781802646,R_10,4854.416,1,0.009000000000014552,BACKFILL_AUTO
2026-06-18 17:10:48,1781802648,R_10,4854.457,1,0.04100000000016735,BACKFILL_AUTO
2026-06-18 17:10:50,1781802650,R_10,4854.525,1,0.06799999999930151,BACKFILL_AUTO
2026-06-18 17:10:52,1781802652,R_10,4854.459,-1,0.06599999999980355,BACKFILL_AUTO
2026-06-18 17:10:54,1781802654,R_10,4854.443,-1,0.01599999999962165,BACKFILL_AUTO
2026-06-18 17:10:56,1781802656,R_10,4854.658,1,0.21500000000014552,BACKFILL_AUTO
2026-06-18 17:10:58,1781802658,R_10,4854.567,-1,0.09100000000034925,BACKFILL_AUTO
2026-06-18 17:11:00,1781802660,R_10,4854.654,1,0.08700000000044383,BACKFILL_AUTO
2026-06-18 17:11:02,1781802662,R_10,4854.731,1,0.07699999999931606,BACKFILL_AUTO
2026-06-18 17:11:04,1781802664,R_10,4854.763,1,0.032000000000152795,BACKFILL_AUTO
2026-06-18 17:11:06,1781802666,R_10,4854.594,-1,0.16899999999986903,BACKFILL_AUTO
2026-06-18 17:11:08,1781802668,R_10,4854.698,1,0.10400000000026921,BACKFILL_AUTO
2026-06-18 17:11:10,1781802670,R_10,4854.655,-1,0.0430000000005748,BACKFILL_AUTO
2026-06-18 17:11:12,1781802672,R_10,4854.532,-1,0.12299999999959255,BACKFILL_AUTO
2026-06-18 17:11:14,1781802674,R_10,4854.39,-1,0.14199999999982538,BACKFILL_AUTO
2026-06-18 17:11:16,1781802676,R_10,4854.278,-1,0.11200000000008004,BACKFILL_AUTO
2026-06-18 17:11:18,1781802678,R_10,4854.151,-1,0.12700000000040745,BACKFILL_AUTO
2026-06-18 17:11:20,1781802680,R_10,4854.198,1,0.04700000000048021,BACKFILL_AUTO
2026-06-18 17:11:22,1781802682,R_10,4854.264,1,0.06599999999980355,BACKFILL_AUTO
2026-06-18 17:11:24,1781802684,R_10,4854.384,1,0.11999999999989086,BACKFILL_AUTO
2026-06-18 17:11:26,1781802686,R_10,4854.443,1,0.05900000000019645,BACKFILL_AUTO
2026-06-18 17:11:28,1781802688,R_10,4854.388,-1,0.05500000000029104,BACKFILL_AUTO
2026-06-18 17:11:30,1781802690,R_10,4854.22,-1,0.1679999999996653,BACKFILL_AUTO
2026-06-18 17:11:32,1781802692,R_10,4854.353,1,0.13299999999981083,BACKFILL_AUTO
2026-06-18 17:11:34,1781802694,R_10,4854.339,-1,0.014000000000123691,BACKFILL_AUTO
2026-06-18 17:11:36,1781802696,R_10,4854.622,1,0.2830000000003565,BACKFILL_AUTO
2026-06-18 17:11:38,1781802698,R_10,4854.761,1,0.1390000000001237,BACKFILL_AUTO
2026-06-18 17:11:40,1781802700,R_10,4854.666,-1,0.09500000000025466,BACKFILL_AUTO
2026-06-18 17:11:42,1781802702,R_10,4854.877,1,0.2110000000002401,BACKFILL_AUTO
2026-06-18 17:11:44,1781802704,R_10,4854.916,1,0.03899999999975989,BACKFILL_AUTO
2026-06-18 17:11:46,1781802706,R_10,4854.876,-1,0.03999999999996362,BACKFILL_AUTO
2026-06-18 17:11:48,1781802708,R_10,4854.776,-1,0.1000000000003638,BACKFILL_AUTO
2026-06-18 17:11:50,1781802710,R_10,4854.737,-1,0.03899999999975989,BACKFILL_AUTO
2026-06-18 17:11:52,1781802712,R_10,4854.737,0,0.0,BACKFILL_AUTO
2026-06-18 17:11:54,1781802714,R_10,4854.668,-1,0.06900000000041473,BACKFILL_AUTO
2026-06-18 17:11:56,1781802716,R_10,4854.651,-1,0.016999999999825377,BACKFILL_AUTO
2026-06-18 17:11:58,1781802718,R_10,4854.768,1,0.11700000000018917,BACKFILL_AUTO
2026-06-18 17:12:00,1781802720,R_10,4854.706,-1,0.06199999999989814,BACKFILL_AUTO
2026-06-18 17:12:02,1781802722,R_10,4854.665,-1,0.04100000000016735,BACKFILL_AUTO
2026-06-18 17:12:04,1781802724,R_10,4854.607,-1,0.057999999999992724,BACKFILL_AUTO
2026-06-18 17:12:06,1781802726,R_10,4854.715,1,0.10800000000017462,BACKFILL_AUTO
2026-06-18 17:12:08,1781802728,R_10,4854.757,1,0.04199999999946158,BACKFILL_AUTO
2026-06-18 17:12:10,1781802730,R_10,4854.659,-1,0.09799999999995634,BACKFILL_AUTO
2026-06-18 17:12:12,1781802732,R_10,4854.654,-1,0.004999999999199645,BACKFILL_AUTO
2026-06-18 17:12:14,1781802734,R_10,4854.548,-1,0.10600000000067666,BACKFILL_AUTO
2026-06-18 17:12:16,1781802736,R_10,4854.354,-1,0.19399999999950523,BACKFILL_AUTO
2026-06-18 17:12:18,1781802738,R_10,4854.358,1,0.0039999999999054126,BACKFILL_AUTO
2026-06-18 17:12:20,1781802740,R_10,4854.363,1,0.005000000000109139,BACKFILL_AUTO
2026-06-18 17:12:22,1781802742,R_10,4854.326,-1,0.037000000000261934,BACKFILL_AUTO
2026-06-18 17:12:24,1781802744,R_10,4854.34,1,0.014000000000123691,BACKFILL_AUTO
2026-06-18 17:12:26,1781802746,R_10,4854.434,1,0.09400000000005093,BACKFILL_AUTO
2026-06-18 17:12:28,1781802748,R_10,4854.07,-1,0.3640000000004875,BACKFILL_AUTO
2026-06-18 17:12:30,1781802750,R_10,4853.942,-1,0.12799999999970169,BACKFILL_AUTO
2026-06-18 17:12:32,1781802752,R_10,4853.931,-1,0.011000000000422006,BACKFILL_AUTO
2026-06-18 17:12:34,1781802754,R_10,4853.991,1,0.06000000000040018,BACKFILL_AUTO
2026-06-18 17:12:36,1781802756,R_10,4854.17,1,0.1790000000000873,BACKFILL_AUTO
2026-06-18 17:12:38,1781802758,R_10,4854.061,-1,0.10900000000037835,BACKFILL_AUTO
2026-06-18 17:12:40,1781802760,R_10,4853.704,-1,0.3569999999999709,BACKFILL_AUTO
2026-06-18 17:12:42,1781802762,R_10,4853.794,1,0.09000000000014552,BACKFILL_AUTO
2026-06-18 17:12:44,1781802764,R_10,4853.962,1,0.1680000000005748,BACKFILL_AUTO
2026-06-18 17:12:46,1781802766,R_10,4853.99,1,0.027999999999337888,BACKFILL_AUTO
2026-06-18 17:12:48,1781802768,R_10,4853.797,-1,0.193000000000211,BACKFILL_AUTO
2026-06-18 17:12:50,1781802770,R_10,4853.747,-1,0.049999999999272404,BACKFILL_AUTO
2026-06-18 17:12:52,1781802772,R_10,4853.816,1,0.06899999999950523,BACKFILL_AUTO
2026-06-18 17:12:54,1781802774,R_10,4853.868,1,0.05200000000058935,BACKFILL_AUTO
2026-06-18 17:12:56,1781802776,R_10,4853.879,1,0.01099999999951251,BACKFILL_AUTO
2026-06-18 17:12:58,1781802778,R_10,4853.802,-1,0.07700000000022555,BACKFILL_AUTO
2026-06-18 17:13:00,1781802780,R_10,4853.668,-1,0.13400000000001455,BACKFILL_AUTO
2026-06-18 17:13:02,1781802782,R_10,4853.78,1,0.11200000000008004,BACKFILL_AUTO
2026-06-18 17:13:04,1781802784,R_10,4853.868,1,0.08800000000064756,BACKFILL_AUTO
2026-06-18 17:13:06,1781802786,R_10,4853.895,1,0.027000000000043656,BACKFILL_AUTO
2026-06-18 17:13:08,1781802788,R_10,4853.644,-1,0.2510000000002037,BACKFILL_AUTO
2026-06-18 17:13:10,1781802790,R_10,4853.62,-1,0.02400000000034197,BACKFILL_AUTO
2026-06-18 17:13:12,1781802792,R_10,4853.5,-1,0.11999999999989086,BACKFILL_AUTO
2026-06-18 17:13:14,1781802794,R_10,4853.465,-1,0.03499999999985448,BACKFILL_AUTO
2026-06-18 17:13:16,1781802796,R_10,4853.509,1,0.04399999999986903,BACKFILL_AUTO
2026-06-18 17:13:18,1781802798,R_10,4853.638,1,0.1289999999999054,BACKFILL_AUTO
2026-06-18 17:13:20,1781802800,R_10,4853.491,-1,0.14699999999993452,BACKFILL_AUTO
2026-06-18 17:13:22,1781802802,R_10,4853.462,-1,0.028999999999541615,BACKFILL_AUTO
2026-06-18 17:13:24,1781802804,R_10,4853.462,0,0.0,BACKFILL_AUTO
2026-06-18 17:13:26,1781802806,R_10,4853.392,-1,0.07000000000061846,BACKFILL_AUTO
2026-06-18 17:13:28,1781802808,R_10,4853.13,-1,0.26199999999971624,BACKFILL_AUTO
2026-06-18 17:13:30,1781802810,R_10,4853.017,-1,0.11300000000028376,BACKFILL_AUTO
2026-06-18 17:13:32,1781802812,R_10,4852.952,-1,0.06499999999959982,BACKFILL_AUTO
2026-06-18 17:13:34,1781802814,R_10,4853.06,1,0.10800000000017462,BACKFILL_AUTO
2026-06-18 17:13:36,1781802816,R_10,4852.942,-1,0.1180000000003929,BACKFILL_AUTO
2026-06-18 17:13:38,1781802818,R_10,4852.922,-1,0.020000000000436557,BACKFILL_AUTO
2026-06-18 17:13:40,1781802820,R_10,4852.965,1,0.0430000000005748,BACKFILL_AUTO
2026-06-18 17:13:42,1781802822,R_10,4852.972,1,0.006999999999607098,BACKFILL_AUTO
2026-06-18 17:13:44,1781802824,R_10,4852.729,-1,0.2429999999994834,BACKFILL_AUTO
2026-06-18 17:13:46,1781802826,R_10,4852.582,-1,0.14699999999993452,BACKFILL_AUTO
2026-06-18 17:13:48,1781802828,R_10,4852.441,-1,0.14100000000053114,BACKFILL_AUTO
2026-06-18 17:13:50,1781802830,R_10,4852.529,1,0.08800000000064756,BACKFILL_AUTO
2026-06-18 17:13:52,1781802832,R_10,4852.548,1,0.018999999999323336,BACKFILL_AUTO
2026-06-18 17:13:54,1781802834,R_10,4852.638,1,0.09000000000014552,BACKFILL_AUTO
2026-06-18 17:13:56,1781802836,R_10,4852.644,1,0.006000000000312866,BACKFILL_AUTO
2026-06-18 17:13:58,1781802838,R_10,4852.571,-1,0.07300000000032014,BACKFILL_AUTO
2026-06-18 17:14:00,1781802840,R_10,4852.659,1,0.08799999999973807,BACKFILL_AUTO
2026-06-18 17:14:02,1781802842,R_10,4852.637,-1,0.021999999999934516,BACKFILL_AUTO
2026-06-18 17:14:04,1781802844,R_10,4852.785,1,0.14800000000013824,BACKFILL_AUTO
2026-06-18 17:14:06,1781802846,R_10,4852.802,1,0.016999999999825377,BACKFILL_AUTO
2026-06-18 17:14:08,1781802848,R_10,4852.676,-1,0.12599999999929423,BACKFILL_AUTO
2026-06-18 17:14:10,1781802850,R_10,4852.721,1,0.044999999999163265,BACKFILL_AUTO
2026-06-18 17:14:12,1781802852,R_10,4852.91,1,0.1890000000003056,BACKFILL_AUTO
2026-06-18 17:14:14,1781802854,R_10,4852.992,1,0.0820000000003347,BACKFILL_AUTO
2026-06-18 17:14:16,1781802856,R_10,4852.903,-1,0.08899999999994179,BACKFILL_AUTO
2026-06-18 17:14:18,1781802858,R_10,4852.637,-1,0.26600000000053114,BACKFILL_AUTO
2026-06-18 17:14:20,1781802860,R_10,4852.717,1,0.07999999999992724,BACKFILL_AUTO
2026-06-18 17:14:22,1781802862,R_10,4852.507,-1,0.21000000000003638,BACKFILL_AUTO
2026-06-18 17:14:24,1781802864,R_10,4852.661,1,0.1540000000004511,BACKFILL_AUTO
2026-06-18 17:14:26,1781802866,R_10,4852.611,-1,0.0500000000001819,BACKFILL_AUTO
2026-06-18 17:14:28,1781802868,R_10,4852.76,1,0.14900000000034197,BACKFILL_AUTO
2026-06-18 17:14:30,1781802870,R_10,4852.836,1,0.07600000000002183,BACKFILL_AUTO
2026-06-18 17:14:32,1781802872,R_10,4852.9,1,0.0639999999993961,BACKFILL_AUTO
2026-06-18 17:14:34,1781802874,R_10,4852.802,-1,0.09799999999995634,BACKFILL_AUTO
2026-06-18 17:14:36,1781802876,R_10,4852.783,-1,0.018999999999323336,BACKFILL_AUTO
2026-06-18 17:14:38,1781802878,R_10,4852.94,1,0.1569999999992433,BACKFILL_AUTO
2026-06-18 17:14:40,1781802880,R_10,4853.029,1,0.08900000000085129,BACKFILL_AUTO
2026-06-18 17:14:42,1781802882,R_10,4853.138,1,0.10899999999946886,BACKFILL_AUTO
2026-06-18 17:14:44,1781802884,R_10,4853.178,1,0.03999999999996362,BACKFILL_AUTO
2026-06-18 17:14:46,1781802886,R_10,4853.17,-1,0.007999999999810825,BACKFILL_AUTO
2026-06-18 17:14:48,1781802888,R_10,4853.062,-1,0.10800000000017462,BACKFILL_AUTO
2026-06-18 17:14:50,1781802890,R_10,4852.939,-1,0.12299999999959255,BACKFILL_AUTO
2026-06-18 17:14:52,1781802892,R_10,4852.868,-1,0.07099999999991269,BACKFILL_AUTO
2026-06-18 17:14:54,1781802894,R_10,4852.834,-1,0.03400000000056025,BACKFILL_AUTO
2026-06-18 17:14:56,1781802896,R_10,4853.031,1,0.19700000000011642,BACKFILL_AUTO
2026-06-18 17:14:58,1781802898,R_10,4853.119,1,0.08799999999973807,BACKFILL_AUTO
2026-06-18 17:15:00,1781802900,R_10,4853.077,-1,0.04199999999946158,BACKFILL_AUTO
2026-06-18 17:15:02,1781802902,R_10,4853.129,1,0.05199999999967986,BACKFILL_AUTO
2026-06-18 17:15:04,1781802904,R_10,4853.031,-1,0.09799999999995634,BACKFILL_AUTO
2026-06-18 17:15:06,1781802906,R_10,4852.882,-1,0.14900000000034197,BACKFILL_AUTO
2026-06-18 17:15:08,1781802908,R_10,4852.693,-1,0.1889999999993961,BACKFILL_AUTO
2026-06-18 17:15:10,1781802910,R_10,4852.848,1,0.15499999999974534,BACKFILL_AUTO
2026-06-18 17:15:12,1781802912,R_10,4852.929,1,0.08100000000013097,BACKFILL_AUTO
2026-06-18 17:15:14,1781802914,R_10,4852.984,1,0.05500000000029104,BACKFILL_AUTO
2026-06-18 17:15:16,1781802916,R_10,4853.069,1,0.08500000000003638,BACKFILL_AUTO
2026-06-18 17:15:18,1781802918,R_10,4853.308,1,0.238999999999578,BACKFILL_AUTO
2026-06-18 17:15:20,1781802920,R_10,4853.568,1,0.2600000000002183,BACKFILL_AUTO
2026-06-18 17:15:22,1781802922,R_10,4853.51,-1,0.057999999999992724,BACKFILL_AUTO
2026-06-18 17:15:24,1781802924,R_10,4853.542,1,0.032000000000152795,BACKFILL_AUTO
2026-06-18 17:15:26,1781802926,R_10,4853.644,1,0.10199999999986176,BACKFILL_AUTO
2026-06-18 17:15:28,1781802928,R_10,4853.595,-1,0.04899999999997817,BACKFILL_AUTO
2026-06-18 17:15:30,1781802930,R_10,4853.688,1,0.0929999999998472,BACKFILL_AUTO
2026-06-18 17:15:32,1781802932,R_10,4853.502,-1,0.1859999999996944,BACKFILL_AUTO
2026-06-18 17:15:34,1781802934,R_10,4853.541,1,0.03899999999975989,BACKFILL_AUTO
2026-06-18 17:15:36,1781802936,R_10,4853.44,-1,0.10100000000056752,BACKFILL_AUTO
2026-06-18 17:15:38,1781802938,R_10,4853.507,1,0.06700000000000728,BACKFILL_AUTO
2026-06-18 17:15:40,1781802940,R_10,4853.64,1,0.13300000000072032,BACKFILL_AUTO
2026-06-18 17:15:42,1781802942,R_10,4853.713,1,0.07299999999941065,BACKFILL_AUTO
2026-06-18 17:15:44,1781802944,R_10,4853.597,-1,0.11599999999998545,BACKFILL_AUTO
2026-06-18 17:15:46,1781802946,R_10,4853.567,-1,0.02999999999974534,BACKFILL_AUTO
2026-06-18 17:15:48,1781802948,R_10,4853.659,1,0.09199999999964348,BACKFILL_AUTO
2026-06-18 17:15:50,1781802950,R_10,4853.689,1,0.030000000000654836,BACKFILL_AUTO
2026-06-18 17:15:52,1781802952,R_10,4853.61,-1,0.07900000000063301,BACKFILL_AUTO
2026-06-18 17:15:54,1781802954,R_10,4853.655,1,0.04500000000007276,BACKFILL_AUTO
2026-06-18 17:15:56,1781802956,R_10,4853.786,1,0.13100000000031287,BACKFILL_AUTO
2026-06-18 17:15:58,1781802958,R_10,4853.626,-1,0.15999999999985448,BACKFILL_AUTO
2026-06-18 17:16:00,1781802960,R_10,4853.601,-1,0.025000000000545697,BACKFILL_AUTO
2026-06-18 17:16:02,1781802962,R_10,4853.584,-1,0.016999999999825377,BACKFILL_AUTO
2026-06-18 17:16:04,1781802964,R_10,4853.493,-1,0.09099999999943975,BACKFILL_AUTO
2026-06-18 17:16:06,1781802966,R_10,4853.567,1,0.07399999999961437,BACKFILL_AUTO
2026-06-18 17:16:08,1781802968,R_10,4853.463,-1,0.10400000000026921,BACKFILL_AUTO
2026-06-18 17:16:10,1781802970,R_10,4853.43,-1,0.03299999999944703,BACKFILL_AUTO
2026-06-18 17:16:12,1781802972,R_10,4853.555,1,0.125,BACKFILL_AUTO
2026-06-18 17:16:14,1781802974,R_10,4853.498,-1,0.05700000000069849,BACKFILL_AUTO
2026-06-18 17:16:16,1781802976,R_10,4853.469,-1,0.028999999999541615,BACKFILL_AUTO
2026-06-18 17:16:18,1781802978,R_10,4853.36,-1,0.10900000000037835,BACKFILL_AUTO
2026-06-18 17:16:20,1781802980,R_10,4853.449,1,0.08899999999994179,BACKFILL_AUTO
2026-06-18 17:16:22,1781802982,R_10,4853.633,1,0.18400000000019645,BACKFILL_AUTO
2026-06-18 17:16:24,1781802984,R_10,4853.694,1,0.061000000000603904,BACKFILL_AUTO
2026-06-18 17:16:26,1781802986,R_10,4853.771,1,0.07699999999931606,BACKFILL_AUTO
2026-06-18 17:16:28,1781802988,R_10,4853.685,-1,0.08599999999933061,BACKFILL_AUTO
2026-06-18 17:16:30,1781802990,R_10,4853.644,-1,0.04100000000016735,BACKFILL_AUTO
2026-06-18 17:16:32,1781802992,R_10,4853.64,-1,0.0039999999999054126,BACKFILL_AUTO
2026-06-18 17:16:34,1781802994,R_10,4853.628,-1,0.012000000000625732,BACKFILL_AUTO
2026-06-18 17:16:36,1781802996,R_10,4853.549,-1,0.07899999999972351,BACKFILL_AUTO
2026-06-18 17:16:38,1781802998,R_10,4853.625,1,0.07600000000002183,BACKFILL_AUTO
2026-06-18 17:16:40,1781803000,R_10,4853.495,-1,0.13000000000010914,BACKFILL_AUTO
2026-06-18 17:16:42,1781803002,R_10,4853.604,1,0.10900000000037835,BACKFILL_AUTO
2026-06-18 17:16:44,1781803004,R_10,4853.611,1,0.006999999999607098,BACKFILL_AUTO
2026-06-18 17:16:46,1781803006,R_10,4853.542,-1,0.06899999999950523,BACKFILL_AUTO
2026-06-18 17:16:48,1781803008,R_10,4853.726,1,0.18399999999928696,BACKFILL_AUTO
2026-06-18 17:16:50,1781803010,R_10,4853.672,-1,0.05400000000008731,BACKFILL_AUTO
2026-06-18 17:16:52,1781803012,R_10,4853.911,1,0.2390000000004875,BACKFILL_AUTO
2026-06-18 17:16:54,1781803014,R_10,4854.003,1,0.09199999999964348,BACKFILL_AUTO
2026-06-18 17:16:56,1781803016,R_10,4853.885,-1,0.11799999999948341,BACKFILL_AUTO
2026-06-18 17:16:58,1781803018,R_10,4853.979,1,0.09400000000005093,BACKFILL_AUTO
2026-06-18 17:17:00,1781803020,R_10,4854.052,1,0.07299999999941065,BACKFILL_AUTO
2026-06-18 17:17:02,1781803022,R_10,4854.061,1,0.009000000000014552,BACKFILL_AUTO
2026-06-18 17:17:04,1781803024,R_10,4854.1,1,0.03900000000066939,BACKFILL_AUTO
2026-06-18 17:17:06,1781803026,R_10,4854.097,-1,0.0030000000006111804,BACKFILL_AUTO
2026-06-18 17:17:08,1781803028,R_10,4854.095,-1,0.001999999999497959,BACKFILL_AUTO
2026-06-18 17:17:10,1781803030,R_10,4854.207,1,0.11200000000008004,BACKFILL_AUTO
2026-06-18 17:17:12,1781803032,R_10,4854.2,-1,0.007000000000516593,BACKFILL_AUTO
2026-06-18 17:17:14,1781803034,R_10,4854.068,-1,0.1319999999996071,BACKFILL_AUTO
2026-06-18 17:17:16,1781803036,R_10,4854.104,1,0.03600000000005821,BACKFILL_AUTO
2026-06-18 17:17:18,1781803038,R_10,4854.186,1,0.0819999999994252,BACKFILL_AUTO
2026-06-18 17:17:20,1781803040,R_10,4854.111,-1,0.0749999999998181,BACKFILL_AUTO
2026-06-18 17:17:22,1781803042,R_10,4854.356,1,0.24499999999989086,BACKFILL_AUTO
2026-06-18 17:17:24,1781803044,R_10,4854.084,-1,0.2719999999999345,BACKFILL_AUTO
2026-06-18 17:17:26,1781803046,R_10,4854.158,1,0.07400000000052387,BACKFILL_AUTO
2026-06-18 17:17:28,1781803048,R_10,4854.163,1,0.004999999999199645,BACKFILL_AUTO
2026-06-18 17:17:30,1781803050,R_10,4854.217,1,0.05400000000008731,BACKFILL_AUTO
2026-06-18 17:17:32,1781803052,R_10,4854.137,-1,0.07999999999992724,BACKFILL_AUTO
2026-06-18 17:17:34,1781803054,R_10,4854.301,1,0.1640000000006694,BACKFILL_AUTO
2026-06-18 17:17:36,1781803056,R_10,4854.237,-1,0.06400000000030559,BACKFILL_AUTO
2026-06-18 17:17:38,1781803058,R_10,4854.25,1,0.012999999999919964,BACKFILL_AUTO
2026-06-18 17:17:40,1781803060,R_10,4854.338,1,0.08799999999973807,BACKFILL_AUTO
2026-06-18 17:17:42,1781803062,R_10,4854.402,1,0.06400000000030559,BACKFILL_AUTO
2026-06-18 17:17:44,1781803064,R_10,4854.371,-1,0.03099999999994907,BACKFILL_AUTO
2026-06-18 17:17:46,1781803066,R_10,4854.164,-1,0.2070000000003347,BACKFILL_AUTO
2026-06-18 17:17:48,1781803068,R_10,4854.099,-1,0.06499999999959982,BACKFILL_AUTO
2026-06-18 17:17:50,1781803070,R_10,4854.046,-1,0.052999999999883585,BACKFILL_AUTO
2026-06-18 17:17:52,1781803072,R_10,4854.068,1,0.021999999999934516,BACKFILL_AUTO
2026-06-18 17:17:54,1781803074,R_10,4854.04,-1,0.028000000000247383,BACKFILL_AUTO
2026-06-18 17:17:56,1781803076,R_10,4854.255,1,0.21500000000014552,BACKFILL_AUTO
2026-06-18 17:17:58,1781803078,R_10,4854.174,-1,0.08100000000013097,BACKFILL_AUTO
2026-06-18 17:18:00,1781803080,R_10,4854.029,-1,0.14499999999952706,BACKFILL_AUTO
2026-06-18 17:18:02,1781803082,R_10,4853.942,-1,0.08700000000044383,BACKFILL_AUTO
2026-06-18 17:18:04,1781803084,R_10,4853.748,-1,0.19400000000041473,BACKFILL_AUTO
2026-06-18 17:18:06,1781803086,R_10,4853.843,1,0.09500000000025466,BACKFILL_AUTO
2026-06-18 17:18:08,1781803088,R_10,4853.839,-1,0.0039999999999054126,BACKFILL_AUTO
2026-06-18 17:18:10,1781803090,R_10,4853.941,1,0.10199999999986176,BACKFILL_AUTO
2026-06-18 17:18:12,1781803092,R_10,4853.953,1,0.012000000000625732,BACKFILL_AUTO
2026-06-18 17:18:14,1781803094,R_10,4853.868,-1,0.08500000000003638,BACKFILL_AUTO
2026-06-18 17:18:16,1781803096,R_10,4853.89,1,0.021999999999934516,BACKFILL_AUTO
2026-06-18 17:18:18,1781803098,R_10,4853.819,-1,0.07099999999991269,BACKFILL_AUTO
2026-06-18 17:18:20,1781803100,R_10,4853.895,1,0.07600000000002183,BACKFILL_AUTO
2026-06-18 17:18:22,1781803102,R_10,4854.05,1,0.15499999999974534,BACKFILL_AUTO
2026-06-18 17:18:24,1781803104,R_10,4854.038,-1,0.012000000000625732,BACKFILL_AUTO
2026-06-18 17:18:26,1781803106,R_10,4854.19,1,0.15200000000004366,BACKFILL_AUTO
2026-06-18 17:18:28,1781803108,R_10,4854.327,1,0.13700000000062573,BACKFILL_AUTO
2026-06-18 17:18:30,1781803110,R_10,4854.189,-1,0.13799999999991996,BACKFILL_AUTO
2026-06-18 17:18:32,1781803112,R_10,4854.284,1,0.09499999999934516,BACKFILL_AUTO
2026-06-18 17:18:34,1781803114,R_10,4854.499,1,0.21500000000014552,BACKFILL_AUTO
2026-06-18 17:18:36,1781803116,R_10,4854.481,-1,0.018000000000029104,BACKFILL_AUTO
2026-06-18 17:18:38,1781803118,R_10,4854.355,-1,0.12600000000020373,BACKFILL_AUTO
2026-06-18 17:18:40,1781803120,R_10,4854.177,-1,0.17799999999988358,BACKFILL_AUTO
2026-06-18 17:18:42,1781803122,R_10,4853.946,-1,0.23099999999976717,BACKFILL_AUTO
2026-06-18 17:18:44,1781803124,R_10,4853.752,-1,0.19399999999950523,BACKFILL_AUTO
2026-06-18 17:18:46,1781803126,R_10,4853.682,-1,0.07000000000061846,BACKFILL_AUTO
2026-06-18 17:18:48,1781803128,R_10,4853.903,1,0.22100000000045839,BACKFILL_AUTO
2026-06-18 17:18:50,1781803130,R_10,4854.03,1,0.12699999999949796,BACKFILL_AUTO
2026-06-18 17:18:52,1781803132,R_10,4854.026,-1,0.0039999999999054126,BACKFILL_AUTO
2026-06-18 17:18:54,1781803134,R_10,4854.116,1,0.09000000000014552,BACKFILL_AUTO
2026-06-18 17:18:56,1781803136,R_10,4854.138,1,0.021999999999934516,BACKFILL_AUTO
2026-06-18 17:18:58,1781803138,R_10,4854.217,1,0.07899999999972351,BACKFILL_AUTO
2026-06-18 17:19:00,1781803140,R_10,4854.06,-1,0.1569999999992433,BACKFILL_AUTO
2026-06-18 17:19:02,1781803142,R_10,4854.093,1,0.03299999999944703,BACKFILL_AUTO
2026-06-18 17:19:04,1781803144,R_10,4854.18,1,0.08700000000044383,BACKFILL_AUTO
2026-06-18 17:19:06,1781803146,R_10,4854.346,1,0.16599999999925785,BACKFILL_AUTO
2026-06-18 17:19:08,1781803148,R_10,4854.476,1,0.13000000000010914,BACKFILL_AUTO
2026-06-18 17:19:10,1781803150,R_10,4854.413,-1,0.06300000000010186,BACKFILL_AUTO
2026-06-18 17:19:12,1781803152,R_10,4854.331,-1,0.0819999999994252,BACKFILL_AUTO
2026-06-18 17:19:14,1781803154,R_10,4854.394,1,0.06300000000010186,BACKFILL_AUTO
2026-06-18 17:19:16,1781803156,R_10,4854.207,-1,0.18699999999989814,BACKFILL_AUTO
2026-06-18 17:19:18,1781803158,R_10,4854.218,1,0.01099999999951251,BACKFILL_AUTO
2026-06-18 17:19:20,1781803160,R_10,4854.249,1,0.03099999999994907,BACKFILL_AUTO
2026-06-18 17:19:22,1781803162,R_10,4854.126,-1,0.12299999999959255,BACKFILL_AUTO
2026-06-18 17:19:24,1781803164,R_10,4854.116,-1,0.010000000000218279,BACKFILL_AUTO
2026-06-18 17:19:26,1781803166,R_10,4854.12,1,0.0039999999999054126,BACKFILL_AUTO
2026-06-18 17:19:28,1781803168,R_10,4854.121,1,0.0010000000002037268,BACKFILL_AUTO
2026-06-18 17:19:30,1781803170,R_10,4854.11,-1,0.011000000000422006,BACKFILL_AUTO
2026-06-18 17:19:32,1781803172,R_10,4854.079,-1,0.03099999999994907,BACKFILL_AUTO
2026-06-18 17:19:34,1781803174,R_10,4854.193,1,0.11400000000048749,BACKFILL_AUTO
2026-06-18 17:19:36,1781803176,R_10,4854.115,-1,0.07800000000042928,BACKFILL_AUTO
2026-06-18 17:19:38,1781803178,R_10,4854.182,1,0.06700000000000728,BACKFILL_AUTO
2026-06-18 17:19:40,1781803180,R_10,4853.921,-1,0.2609999999995125,BACKFILL_AUTO
2026-06-18 17:19:42,1781803182,R_10,4853.91,-1,0.011000000000422006,BACKFILL_AUTO
2026-06-18 17:19:44,1781803184,R_10,4854.027,1,0.11700000000018917,BACKFILL_AUTO
2026-06-18 17:19:46,1781803186,R_10,4853.892,-1,0.13500000000021828,BACKFILL_AUTO
2026-06-18 17:19:48,1781803188,R_10,4854.106,1,0.2139999999999418,BACKFILL_AUTO
2026-06-18 17:19:50,1781803190,R_10,4854.089,-1,0.016999999999825377,BACKFILL_AUTO
2026-06-18 17:19:52,1781803192,R_10,4854.024,-1,0.06499999999959982,BACKFILL_AUTO
2026-06-18 17:19:54,1781803194,R_10,4853.925,-1,0.09900000000016007,BACKFILL_AUTO
2026-06-18 17:19:56,1781803196,R_10,4853.925,0,0.0,BACKFILL_AUTO
2026-06-18 17:19:58,1781803198,R_10,4853.949,1,0.023999999999432475,BACKFILL_AUTO
2026-06-18 17:20:00,1781803200,R_10,4854.037,1,0.08800000000064756,BACKFILL_AUTO
2026-06-18 17:20:02,1781803202,R_10,4853.907,-1,0.13000000000010914,BACKFILL_AUTO
2026-06-18 17:20:04,1781803204,R_10,4854.058,1,0.15099999999983993,BACKFILL_AUTO
2026-06-18 17:20:06,1781803206,R_10,4854.002,-1,0.05599999999958527,BACKFILL_AUTO
2026-06-18 17:20:08,1781803208,R_10,4853.882,-1,0.12000000000080036,BACKFILL_AUTO
2026-06-18 17:20:10,1781803210,R_10,4853.923,1,0.04100000000016735,BACKFILL_AUTO
2026-06-18 17:20:12,1781803212,R_10,4854.026,1,0.10300000000006548,BACKFILL_AUTO
2026-06-18 17:20:14,1781803214,R_10,4854.041,1,0.015000000000327418,BACKFILL_AUTO
2026-06-18 17:20:16,1781803216,R_10,4854.212,1,0.1710000000002765,BACKFILL_AUTO
2026-06-18 17:20:18,1781803218,R_10,4854.139,-1,0.07300000000032014,BACKFILL_AUTO
2026-06-18 17:20:20,1781803220,R_10,4854.043,-1,0.09600000000045839,BACKFILL_AUTO
2026-06-18 17:20:22,1781803222,R_10,4854.168,1,0.125,BACKFILL_AUTO
2026-06-18 17:20:24,1781803224,R_10,4854.257,1,0.08899999999994179,BACKFILL_AUTO
2026-06-18 17:20:26,1781803226,R_10,4854.339,1,0.0820000000003347,BACKFILL_AUTO
2026-06-18 17:20:28,1781803228,R_10,4854.447,1,0.10800000000017462,BACKFILL_AUTO
2026-06-18 17:20:30,1781803230,R_10,4854.335,-1,0.11200000000008004,BACKFILL_AUTO
2026-06-18 17:20:32,1781803232,R_10,4854.157,-1,0.17799999999988358,BACKFILL_AUTO
2026-06-18 17:20:34,1781803234,R_10,4854.035,-1,0.12200000000029831,BACKFILL_AUTO
2026-06-18 17:20:36,1781803236,R_10,4854.083,1,0.047999999999774445,BACKFILL_AUTO
2026-06-18 17:20:38,1781803238,R_10,4854.095,1,0.012000000000625732,BACKFILL_AUTO
2026-06-18 17:20:40,1781803240,R_10,4854.113,1,0.018000000000029104,BACKFILL_AUTO
2026-06-18 17:20:42,1781803242,R_10,4853.813,-1,0.3000000000001819,BACKFILL_AUTO
2026-06-18 17:20:44,1781803244,R_10,4854.005,1,0.19200000000000728,BACKFILL_AUTO
2026-06-18 17:20:46,1781803246,R_10,4854.017,1,0.011999999999716238,BACKFILL_AUTO
2026-06-18 17:20:48,1781803248,R_10,4853.964,-1,0.052999999999883585,BACKFILL_AUTO
2026-06-18 17:20:50,1781803250,R_10,4853.728,-1,0.2359999999998763,BACKFILL_AUTO
2026-06-18 17:20:52,1781803252,R_10,4853.554,-1,0.17399999999997817,BACKFILL_AUTO
2026-06-18 17:20:54,1781803254,R_10,4853.531,-1,0.023000000000138243,BACKFILL_AUTO
2026-06-18 17:20:56,1781803256,R_10,4853.563,1,0.032000000000152795,BACKFILL_AUTO
2026-06-18 17:20:58,1781803258,R_10,4853.512,-1,0.051000000000385626,BACKFILL_AUTO
2026-06-18 17:21:00,1781803260,R_10,4853.424,-1,0.08799999999973807,BACKFILL_AUTO
2026-06-18 17:21:02,1781803262,R_10,4853.3,-1,0.12399999999979627,BACKFILL_AUTO
2026-06-18 17:21:04,1781803264,R_10,4853.126,-1,0.17399999999997817,BACKFILL_AUTO
2026-06-18 17:21:06,1781803266,R_10,4853.196,1,0.06999999999970896,BACKFILL_AUTO
2026-06-18 17:21:08,1781803268,R_10,4853.168,-1,0.028000000000247383,BACKFILL_AUTO
2026-06-18 17:21:10,1781803270,R_10,4853.368,1,0.2000000000007276,BACKFILL_AUTO
2026-06-18 17:21:12,1781803272,R_10,4853.488,1,0.11999999999989086,BACKFILL_AUTO
2026-06-18 17:21:14,1781803274,R_10,4853.481,-1,0.007000000000516593,BACKFILL_AUTO
2026-06-18 17:21:16,1781803276,R_10,4853.43,-1,0.05099999999947613,BACKFILL_AUTO
2026-06-18 17:21:18,1781803278,R_10,4853.337,-1,0.0929999999998472,BACKFILL_AUTO
2026-06-18 17:21:20,1781803280,R_10,4853.591,1,0.2539999999999054,BACKFILL_AUTO
2026-06-18 17:21:22,1781803282,R_10,4853.688,1,0.09699999999975262,BACKFILL_AUTO
2026-06-18 17:21:24,1781803284,R_10,4853.627,-1,0.06099999999969441,BACKFILL_AUTO
2026-06-18 17:21:26,1781803286,R_10,4853.763,1,0.1359999999995125,BACKFILL_AUTO
2026-06-18 17:21:28,1781803288,R_10,4853.696,-1,0.06700000000000728,BACKFILL_AUTO
2026-06-18 17:21:30,1781803290,R_10,4853.525,-1,0.1710000000002765,BACKFILL_AUTO
2026-06-18 17:21:32,1781803292,R_10,4853.43,-1,0.09499999999934516,BACKFILL_AUTO
2026-06-18 17:21:34,1781803294,R_10,4853.458,1,0.027999999999337888,BACKFILL_AUTO
2026-06-18 17:21:36,1781803296,R_10,4853.483,1,0.025000000000545697,BACKFILL_AUTO
2026-06-18 17:21:38,1781803298,R_10,4853.31,-1,0.17299999999977445,BACKFILL_AUTO
2026-06-18 17:21:40,1781803300,R_10,4853.353,1,0.042999999999665306,BACKFILL_AUTO
2026-06-18 17:21:42,1781803302,R_10,4853.132,-1,0.22100000000045839,BACKFILL_AUTO
2026-06-18 17:21:44,1781803304,R_10,4853.255,1,0.12300000000050204,BACKFILL_AUTO
2026-06-18 17:21:46,1781803306,R_10,4853.335,1,0.07999999999992724,BACKFILL_AUTO
2026-06-18 17:21:48,1781803308,R_10,4853.34,1,0.005000000000109139,BACKFILL_AUTO
2026-06-18 17:21:50,1781803310,R_10,4853.049,-1,0.29100000000016735,BACKFILL_AUTO
2026-06-18 17:21:52,1781803312,R_10,4852.81,-1,0.238999999999578,BACKFILL_AUTO
2026-06-18 17:21:54,1781803314,R_10,4852.949,1,0.1389999999992142,BACKFILL_AUTO
2026-06-18 17:21:56,1781803316,R_10,4853.21,1,0.261000000000422,BACKFILL_AUTO
2026-06-18 17:21:58,1781803318,R_10,4853.305,1,0.09500000000025466,BACKFILL_AUTO
2026-06-18 17:22:00,1781803320,R_10,4853.299,-1,0.006000000000312866,BACKFILL_AUTO
2026-06-18 17:22:02,1781803322,R_10,4853.236,-1,0.06300000000010186,BACKFILL_AUTO
2026-06-18 17:22:04,1781803324,R_10,4853.254,1,0.018000000000029104,BACKFILL_AUTO
2026-06-18 17:22:06,1781803326,R_10,4853.141,-1,0.11300000000028376,BACKFILL_AUTO
2026-06-18 17:22:08,1781803328,R_10,4853.17,1,0.02900000000045111,BACKFILL_AUTO
2026-06-18 17:22:10,1781803330,R_10,4853.202,1,0.032000000000152795,BACKFILL_AUTO
2026-06-18 17:22:12,1781803332,R_10,4853.275,1,0.07299999999941065,BACKFILL_AUTO
2026-06-18 17:22:14,1781803334,R_10,4853.323,1,0.04800000000068394,BACKFILL_AUTO
2026-06-18 17:22:16,1781803336,R_10,4853.494,1,0.170999999999367,BACKFILL_AUTO
2026-06-18 17:22:18,1781803338,R_10,4853.611,1,0.11700000000018917,BACKFILL_AUTO
2026-06-18 17:22:20,1781803340,R_10,4853.623,1,0.011999999999716238,BACKFILL_AUTO
2026-06-18 17:22:22,1781803342,R_10,4853.53,-1,0.0929999999998472,BACKFILL_AUTO
2026-06-18 17:22:24,1781803344,R_10,4853.434,-1,0.09599999999954889,BACKFILL_AUTO
2026-06-18 17:22:26,1781803346,R_10,4853.636,1,0.20200000000022555,BACKFILL_AUTO
2026-06-18 17:22:28,1781803348,R_10,4853.554,-1,0.0820000000003347,BACKFILL_AUTO
2026-06-18 17:22:30,1781803350,R_10,4853.721,1,0.16699999999946158,BACKFILL_AUTO
2026-06-18 17:22:32,1781803352,R_10,4853.758,1,0.037000000000261934,BACKFILL_AUTO
2026-06-18 17:22:34,1781803354,R_10,4853.68,-1,0.07799999999951979,BACKFILL_AUTO
2026-06-18 17:22:36,1781803356,R_10,4853.55,-1,0.13000000000010914,BACKFILL_AUTO
2026-06-18 17:22:38,1781803358,R_10,4853.386,-1,0.1639999999997599,BACKFILL_AUTO
2026-06-18 17:22:40,1781803360,R_10,4853.556,1,0.16999999999916326,BACKFILL_AUTO
2026-06-18 17:22:42,1781803362,R_10,4853.675,1,0.11900000000059663,BACKFILL_AUTO
2026-06-18 17:22:44,1781803364,R_10,4853.644,-1,0.03099999999994907,BACKFILL_AUTO
2026-06-18 17:22:46,1781803366,R_10,4853.627,-1,0.016999999999825377,BACKFILL_AUTO
2026-06-18 17:22:48,1781803368,R_10,4853.725,1,0.09799999999995634,BACKFILL_AUTO
2026-06-18 17:22:50,1781803370,R_10,4853.647,-1,0.07800000000042928,BACKFILL_AUTO
2026-06-18 17:22:52,1781803372,R_10,4853.367,-1,0.27999999999974534,BACKFILL_AUTO
2026-06-18 17:22:54,1781803374,R_10,4853.338,-1,0.02900000000045111,BACKFILL_AUTO
2026-06-18 17:22:56,1781803376,R_10,4853.088,-1,0.25,BACKFILL_AUTO
2026-06-18 17:22:58,1781803378,R_10,4853.335,1,0.24700000000029831,BACKFILL_AUTO
2026-06-18 17:23:00,1781803380,R_10,4853.459,1,0.12399999999979627,BACKFILL_AUTO
2026-06-18 17:23:02,1781803382,R_10,4853.399,-1,0.05999999999949068,BACKFILL_AUTO
2026-06-18 17:23:04,1781803384,R_10,4853.437,1,0.03799999999955617,BACKFILL_AUTO
2026-06-18 17:23:06,1781803386,R_10,4853.18,-1,0.2569999999996071,BACKFILL_AUTO
2026-06-18 17:23:08,1781803388,R_10,4852.97,-1,0.21000000000003638,BACKFILL_AUTO
2026-06-18 17:23:10,1781803390,R_10,4852.976,1,0.0059999999994033715,BACKFILL_AUTO
2026-06-18 17:23:12,1781803392,R_10,4853.136,1,0.16000000000076398,BACKFILL_AUTO
2026-06-18 17:23:14,1781803394,R_10,4853.082,-1,0.05400000000008731,BACKFILL_AUTO
2026-06-18 17:23:16,1781803396,R_10,4853.084,1,0.001999999999497959,BACKFILL_AUTO
2026-06-18 17:23:18,1781803398,R_10,4852.844,-1,0.23999999999978172,BACKFILL_AUTO
2026-06-18 17:23:20,1781803400,R_10,4852.984,1,0.14000000000032742,BACKFILL_AUTO
2026-06-18 17:23:22,1781803402,R_10,4853.038,1,0.05399999999917782,BACKFILL_AUTO
2026-06-18 17:23:24,1781803404,R_10,4853.195,1,0.1570000000001528,BACKFILL_AUTO
2026-06-18 17:23:26,1781803406,R_10,4853.345,1,0.1500000000005457,BACKFILL_AUTO
2026-06-18 17:23:28,1781803408,R_10,4853.15,-1,0.19500000000061846,BACKFILL_AUTO
2026-06-18 17:23:30,1781803410,R_10,4853.12,-1,0.02999999999974534,BACKFILL_AUTO
2026-06-18 17:23:32,1781803412,R_10,4853.247,1,0.12700000000040745,BACKFILL_AUTO
2026-06-18 17:23:34,1781803414,R_10,4853.209,-1,0.03800000000046566,BACKFILL_AUTO
2026-06-18 17:23:36,1781803416,R_10,4853.186,-1,0.023000000000138243,BACKFILL_AUTO
2026-06-18 17:23:38,1781803418,R_10,4853.16,-1,0.02599999999983993,BACKFILL_AUTO
2026-06-18 17:23:40,1781803420,R_10,4853.061,-1,0.09900000000016007,BACKFILL_AUTO
2026-06-18 17:23:42,1781803422,R_10,4852.874,-1,0.18699999999989814,BACKFILL_AUTO
2026-06-18 17:23:44,1781803424,R_10,4852.913,1,0.03899999999975989,BACKFILL_AUTO
2026-06-18 17:23:46,1781803426,R_10,4852.961,1,0.04800000000068394,BACKFILL_AUTO
2026-06-18 17:23:48,1781803428,R_10,4852.821,-1,0.14000000000032742,BACKFILL_AUTO
2026-06-18 17:23:50,1781803430,R_10,4852.923,1,0.10199999999986176,BACKFILL_AUTO
2026-06-18 17:23:52,1781803432,R_10,4853.042,1,0.11900000000059663,BACKFILL_AUTO
2026-06-18 17:23:54,1781803434,R_10,4853.104,1,0.06199999999989814,BACKFILL_AUTO
2026-06-18 17:23:56,1781803436,R_10,4853.038,-1,0.06600000000071304,BACKFILL_AUTO
2026-06-18 17:23:58,1781803438,R_10,4852.828,-1,0.20999999999912689,BACKFILL_AUTO
2026-06-18 17:24:00,1781803440,R_10,4852.611,-1,0.21700000000055297,BACKFILL_AUTO
2026-06-18 17:24:02,1781803442,R_10,4852.451,-1,0.15999999999985448,BACKFILL_AUTO
2026-06-18 17:24:04,1781803444,R_10,4852.422,-1,0.02900000000045111,BACKFILL_AUTO
2026-06-18 17:24:06,1781803446,R_10,4852.375,-1,0.04699999999957072,BACKFILL_AUTO
2026-06-18 17:24:08,1781803448,R_10,4852.202,-1,0.17299999999977445,BACKFILL_AUTO
2026-06-18 17:24:10,1781803450,R_10,4852.192,-1,0.010000000000218279,BACKFILL_AUTO
2026-06-18 17:24:12,1781803452,R_10,4852.364,1,0.17199999999957072,BACKFILL_AUTO
2026-06-18 17:24:14,1781803454,R_10,4852.354,-1,0.009999999999308784,BACKFILL_AUTO
2026-06-18 17:24:16,1781803456,R_10,4852.405,1,0.05099999999947613,BACKFILL_AUTO
2026-06-18 17:24:18,1781803458,R_10,4852.542,1,0.13700000000062573,BACKFILL_AUTO
2026-06-18 17:24:20,1781803460,R_10,4852.597,1,0.054999999999381544,BACKFILL_AUTO
2026-06-18 17:24:22,1781803462,R_10,4852.583,-1,0.014000000000123691,BACKFILL_AUTO
2026-06-18 17:24:24,1781803464,R_10,4852.623,1,0.03999999999996362,BACKFILL_AUTO
2026-06-18 17:24:26,1781803466,R_10,4852.494,-1,0.1289999999999054,BACKFILL_AUTO
2026-06-18 17:24:28,1781803468,R_10,4852.565,1,0.07099999999991269,BACKFILL_AUTO
2026-06-18 17:24:30,1781803470,R_10,4852.501,-1,0.0639999999993961,BACKFILL_AUTO
2026-06-18 17:24:32,1781803472,R_10,4852.412,-1,0.08899999999994179,BACKFILL_AUTO
2026-06-18 17:24:34,1781803474,R_10,4852.47,1,0.057999999999992724,BACKFILL_AUTO
2026-06-18 17:24:36,1781803476,R_10,4852.476,1,0.0059999999994033715,BACKFILL_AUTO
2026-06-18 17:24:38,1781803478,R_10,4852.593,1,0.11700000000018917,BACKFILL_AUTO
2026-06-18 17:24:40,1781803480,R_10,4852.694,1,0.10100000000056752,BACKFILL_AUTO
2026-06-18 17:24:42,1781803482,R_10,4852.789,1,0.09499999999934516,BACKFILL_AUTO
2026-06-18 17:24:44,1781803484,R_10,4852.758,-1,0.03099999999994907,BACKFILL_AUTO
2026-06-18 17:24:46,1781803486,R_10,4852.868,1,0.11000000000058208,BACKFILL_AUTO
2026-06-18 17:24:48,1781803488,R_10,4853.079,1,0.2109999999993306,BACKFILL_AUTO
2026-06-18 17:24:50,1781803490,R_10,4853.028,-1,0.05099999999947613,BACKFILL_AUTO
2026-06-18 17:24:52,1781803492,R_10,4853.063,1,0.03499999999985448,BACKFILL_AUTO
2026-06-18 17:24:54,1781803494,R_10,4852.917,-1,0.1459999999997308,BACKFILL_AUTO
2026-06-18 17:24:56,1781803496,R_10,4852.825,-1,0.09200000000055297,BACKFILL_AUTO
2026-06-18 17:24:58,1781803498,R_10,4852.831,1,0.006000000000312866,BACKFILL_AUTO
2026-06-18 17:25:00,1781803500,R_10,4852.832,1,0.0010000000002037268,BACKFILL_AUTO
2026-06-18 17:25:02,1781803502,R_10,4852.802,-1,0.030000000000654836,BACKFILL_AUTO
2026-06-18 17:25:04,1781803504,R_10,4852.72,-1,0.0819999999994252,BACKFILL_AUTO
2026-06-18 17:25:06,1781803506,R_10,4852.815,1,0.09499999999934516,BACKFILL_AUTO
2026-06-18 17:25:08,1781803508,R_10,4852.862,1,0.04700000000048021,BACKFILL_AUTO
2026-06-18 17:25:10,1781803510,R_10,4852.862,0,0.0,BACKFILL_AUTO
2026-06-18 17:25:12,1781803512,R_10,4852.81,-1,0.05199999999967986,BACKFILL_AUTO
2026-06-18 17:25:14,1781803514,R_10,4852.859,1,0.04899999999997817,BACKFILL_AUTO
2026-06-18 17:25:16,1781803516,R_10,4853.039,1,0.17999999999938154,BACKFILL_AUTO
2026-06-18 17:25:18,1781803518,R_10,4853.358,1,0.31900000000041473,BACKFILL_AUTO
2026-06-18 17:25:20,1781803520,R_10,4853.33,-1,0.028000000000247383,BACKFILL_AUTO
2026-06-18 17:25:22,1781803522,R_10,4853.23,-1,0.1000000000003638,BACKFILL_AUTO
2026-06-18 17:25:24,1781803524,R_10,4853.028,-1,0.20199999999931606,BACKFILL_AUTO
2026-06-18 17:25:26,1781803526,R_10,4853.075,1,0.04699999999957072,BACKFILL_AUTO
2026-06-18 17:25:28,1781803528,R_10,4853.131,1,0.056000000000494765,BACKFILL_AUTO
2026-06-18 17:25:30,1781803530,R_10,4853.498,1,0.3669999999992797,BACKFILL_AUTO
2026-06-18 17:25:32,1781803532,R_10,4853.555,1,0.05700000000069849,BACKFILL_AUTO
2026-06-18 17:25:34,1781803534,R_10,4853.441,-1,0.11400000000048749,BACKFILL_AUTO
2026-06-18 17:25:36,1781803536,R_10,4853.457,1,0.016000000000531145,BACKFILL_AUTO
2026-06-18 17:25:38,1781803538,R_10,4853.412,-1,0.04500000000007276,BACKFILL_AUTO
2026-06-18 17:25:40,1781803540,R_10,4853.534,1,0.12199999999938882,BACKFILL_AUTO
2026-06-18 17:25:42,1781803542,R_10,4853.65,1,0.11599999999998545,BACKFILL_AUTO
2026-06-18 17:25:44,1781803544,R_10,4853.652,1,0.0020000000004074536,BACKFILL_AUTO
2026-06-18 17:25:46,1781803546,R_10,4853.477,-1,0.1750000000001819,BACKFILL_AUTO
2026-06-18 17:25:48,1781803548,R_10,4853.156,-1,0.3209999999999127,BACKFILL_AUTO
2026-06-18 17:25:50,1781803550,R_10,4853.077,-1,0.07899999999972351,BACKFILL_AUTO
2026-06-18 17:25:52,1781803552,R_10,4852.974,-1,0.10300000000006548,BACKFILL_AUTO
2026-06-18 17:25:54,1781803554,R_10,4853.152,1,0.17799999999988358,BACKFILL_AUTO
2026-06-18 17:25:56,1781803556,R_10,4853.236,1,0.08399999999983265,BACKFILL_AUTO
2026-06-18 17:25:58,1781803558,R_10,4853.249,1,0.012999999999919964,BACKFILL_AUTO
2026-06-18 17:26:00,1781803560,R_10,4853.348,1,0.09900000000016007,BACKFILL_AUTO
2026-06-18 17:26:02,1781803562,R_10,4853.288,-1,0.06000000000040018,BACKFILL_AUTO
2026-06-18 17:26:04,1781803564,R_10,4853.274,-1,0.013999999999214197,BACKFILL_AUTO
2026-06-18 17:26:06,1781803566,R_10,4853.151,-1,0.12300000000050204,BACKFILL_AUTO
2026-06-18 17:26:08,1781803568,R_10,4852.885,-1,0.26599999999962165,BACKFILL_AUTO
2026-06-18 17:26:10,1781803570,R_10,4852.985,1,0.0999999999994543,BACKFILL_AUTO
2026-06-18 17:26:12,1781803572,R_10,4853.107,1,0.12200000000029831,BACKFILL_AUTO
2026-06-18 17:26:14,1781803574,R_10,4853.064,-1,0.042999999999665306,BACKFILL_AUTO
2026-06-18 17:26:16,1781803576,R_10,4853.127,1,0.06300000000010186,BACKFILL_AUTO
2026-06-18 17:26:18,1781803578,R_10,4853.096,-1,0.031000000000858563,BACKFILL_AUTO
2026-06-18 17:26:20,1781803580,R_10,4853.061,-1,0.03499999999985448,BACKFILL_AUTO
2026-06-18 17:26:22,1781803582,R_10,4853.026,-1,0.03499999999985448,BACKFILL_AUTO
2026-06-18 17:26:24,1781803584,R_10,4852.888,-1,0.13799999999991996,BACKFILL_AUTO
2026-06-18 17:26:26,1781803586,R_10,4853.112,1,0.22400000000016007,BACKFILL_AUTO
2026-06-18 17:26:28,1781803588,R_10,4853.015,-1,0.09699999999975262,BACKFILL_AUTO
2026-06-18 17:26:30,1781803590,R_10,4853.121,1,0.10599999999976717,BACKFILL_AUTO
2026-06-18 17:26:32,1781803592,R_10,4853.231,1,0.10999999999967258,BACKFILL_AUTO
2026-06-18 17:26:34,1781803594,R_10,4853.132,-1,0.09900000000016007,BACKFILL_AUTO
2026-06-18 17:26:36,1781803596,R_10,4853.214,1,0.0820000000003347,BACKFILL_AUTO
2026-06-18 17:26:38,1781803598,R_10,4853.294,1,0.07999999999992724,BACKFILL_AUTO
2026-06-18 17:26:40,1781803600,R_10,4853.347,1,0.052999999999883585,BACKFILL_AUTO
2026-06-18 17:26:42,1781803602,R_10,4853.231,-1,0.11599999999998545,BACKFILL_AUTO
2026-06-18 17:26:44,1781803604,R_10,4853.297,1,0.06599999999980355,BACKFILL_AUTO
2026-06-18 17:26:46,1781803606,R_10,4853.328,1,0.031000000000858563,BACKFILL_AUTO
2026-06-18 17:26:48,1781803608,R_10,4853.3,-1,0.028000000000247383,BACKFILL_AUTO
2026-06-18 17:26:50,1781803610,R_10,4853.223,-1,0.07700000000022555,BACKFILL_AUTO
2026-06-18 17:26:52,1781803612,R_10,4853.291,1,0.068000000000211,BACKFILL_AUTO
2026-06-18 17:26:54,1781803614,R_10,4853.409,1,0.11799999999948341,BACKFILL_AUTO
2026-06-18 17:26:56,1781803616,R_10,4853.366,-1,0.042999999999665306,BACKFILL_AUTO
2026-06-18 17:26:58,1781803618,R_10,4853.573,1,0.2070000000003347,BACKFILL_AUTO
2026-06-18 17:27:00,1781803620,R_10,4853.285,-1,0.28800000000046566,BACKFILL_AUTO
2026-06-18 17:27:02,1781803622,R_10,4853.249,-1,0.03600000000005821,BACKFILL_AUTO
2026-06-18 17:27:04,1781803624,R_10,4853.311,1,0.06199999999989814,BACKFILL_AUTO
2026-06-18 17:27:06,1781803626,R_10,4853.02,-1,0.29099999999925785,BACKFILL_AUTO
2026-06-18 17:27:08,1781803628,R_10,4853.227,1,0.2069999999994252,BACKFILL_AUTO
2026-06-18 17:27:10,1781803630,R_10,4853.154,-1,0.07299999999941065,BACKFILL_AUTO
2026-06-18 17:27:12,1781803632,R_10,4853.125,-1,0.02900000000045111,BACKFILL_AUTO
2026-06-18 17:27:14,1781803634,R_10,4853.217,1,0.09199999999964348,BACKFILL_AUTO
2026-06-18 17:27:16,1781803636,R_10,4853.313,1,0.09600000000045839,BACKFILL_AUTO
2026-06-18 17:27:18,1781803638,R_10,4853.378,1,0.06499999999959982,BACKFILL_AUTO
2026-06-18 17:27:20,1781803640,R_10,4853.364,-1,0.014000000000123691,BACKFILL_AUTO
2026-06-18 17:27:22,1781803642,R_10,4853.486,1,0.12200000000029831,BACKFILL_AUTO
2026-06-18 17:27:24,1781803644,R_10,4853.65,1,0.1639999999997599,BACKFILL_AUTO
2026-06-18 17:27:26,1781803646,R_10,4853.452,-1,0.19799999999941065,BACKFILL_AUTO
2026-06-18 17:27:28,1781803648,R_10,4853.461,1,0.009000000000014552,BACKFILL_AUTO
2026-06-18 17:27:30,1781803650,R_10,4853.322,-1,0.1390000000001237,BACKFILL_AUTO
2026-06-18 17:27:32,1781803652,R_10,4853.47,1,0.14800000000013824,BACKFILL_AUTO
2026-06-18 17:27:34,1781803654,R_10,4853.439,-1,0.03099999999994907,BACKFILL_AUTO
2026-06-18 17:27:36,1781803656,R_10,4853.437,-1,0.0020000000004074536,BACKFILL_AUTO
2026-06-18 17:27:38,1781803658,R_10,4853.541,1,0.10400000000026921,BACKFILL_AUTO
2026-06-18 17:27:40,1781803660,R_10,4853.573,1,0.032000000000152795,BACKFILL_AUTO
2026-06-18 17:27:42,1781803662,R_10,4853.661,1,0.08799999999973807,BACKFILL_AUTO
2026-06-18 17:27:44,1781803664,R_10,4853.586,-1,0.0749999999998181,BACKFILL_AUTO
2026-06-18 17:27:46,1781803666,R_10,4853.674,1,0.08799999999973807,BACKFILL_AUTO
2026-06-18 17:27:48,1781803668,R_10,4853.708,1,0.033999999999650754,BACKFILL_AUTO
2026-06-18 17:27:50,1781803670,R_10,4853.728,1,0.020000000000436557,BACKFILL_AUTO
2026-06-18 17:27:52,1781803672,R_10,4853.693,-1,0.03499999999985448,BACKFILL_AUTO
2026-06-18 17:27:54,1781803674,R_10,4853.584,-1,0.10900000000037835,BACKFILL_AUTO
2026-06-18 17:27:56,1781803676,R_10,4853.692,1,0.10800000000017462,BACKFILL_AUTO
2026-06-18 17:27:58,1781803678,R_10,4853.548,-1,0.14400000000023283,BACKFILL_AUTO
2026-06-18 17:28:00,1781803680,R_10,4853.63,1,0.0820000000003347,BACKFILL_AUTO
2026-06-18 17:28:02,1781803682,R_10,4853.666,1,0.03600000000005821,BACKFILL_AUTO
2026-06-18 17:28:04,1781803684,R_10,4853.821,1,0.15499999999974534,BACKFILL_AUTO
2026-06-18 17:28:06,1781803686,R_10,4853.667,-1,0.15399999999954161,BACKFILL_AUTO
2026-06-18 17:28:08,1781803688,R_10,4853.434,-1,0.23300000000017462,BACKFILL_AUTO
2026-06-18 17:28:10,1781803690,R_10,4853.415,-1,0.01900000000023283,BACKFILL_AUTO
2026-06-18 17:28:12,1781803692,R_10,4853.18,-1,0.23499999999967258,BACKFILL_AUTO
2026-06-18 17:28:14,1781803694,R_10,4853.253,1,0.07299999999941065,BACKFILL_AUTO
2026-06-18 17:28:16,1781803696,R_10,4853.222,-1,0.03099999999994907,BACKFILL_AUTO
2026-06-18 17:28:18,1781803698,R_10,4853.293,1,0.07099999999991269,BACKFILL_AUTO
2026-06-18 17:28:20,1781803700,R_10,4853.234,-1,0.058999999999286956,BACKFILL_AUTO
2026-06-18 17:28:22,1781803702,R_10,4853.391,1,0.1569999999992433,BACKFILL_AUTO
2026-06-18 17:28:24,1781803704,R_10,4853.246,-1,0.14499999999952706,BACKFILL_AUTO
2026-06-18 17:28:26,1781803706,R_10,4853.295,1,0.04899999999997817,BACKFILL_AUTO
2026-06-18 17:28:28,1781803708,R_10,4853.293,-1,0.0020000000004074536,BACKFILL_AUTO
2026-06-18 17:28:30,1781803710,R_10,4853.314,1,0.021000000000640284,BACKFILL_AUTO
2026-06-18 17:28:32,1781803712,R_10,4853.099,-1,0.21500000000014552,BACKFILL_AUTO
2026-06-18 17:28:34,1781803714,R_10,4853.344,1,0.24499999999989086,BACKFILL_AUTO
2026-06-18 17:28:36,1781803716,R_10,4853.396,1,0.05199999999967986,BACKFILL_AUTO
2026-06-18 17:28:38,1781803718,R_10,4853.588,1,0.19200000000000728,BACKFILL_AUTO
2026-06-18 17:28:40,1781803720,R_10,4853.616,1,0.028000000000247383,BACKFILL_AUTO
2026-06-18 17:28:42,1781803722,R_10,4853.406,-1,0.21000000000003638,BACKFILL_AUTO
2026-06-18 17:28:44,1781803724,R_10,4853.35,-1,0.05599999999958527,BACKFILL_AUTO
2026-06-18 17:28:46,1781803726,R_10,4853.251,-1,0.09900000000016007,BACKFILL_AUTO
2026-06-18 17:28:48,1781803728,R_10,4852.868,-1,0.3829999999998108,BACKFILL_AUTO
2026-06-18 17:28:50,1781803730,R_10,4852.995,1,0.12699999999949796,BACKFILL_AUTO
2026-06-18 17:28:52,1781803732,R_10,4852.736,-1,0.25900000000001455,BACKFILL_AUTO
2026-06-18 17:28:54,1781803734,R_10,4852.809,1,0.07300000000032014,BACKFILL_AUTO
2026-06-18 17:28:56,1781803736,R_10,4852.884,1,0.0749999999998181,BACKFILL_AUTO
2026-06-18 17:28:58,1781803738,R_10,4853.071,1,0.18699999999989814,BACKFILL_AUTO
2026-06-18 17:29:00,1781803740,R_10,4853.207,1,0.136000000000422,BACKFILL_AUTO
2026-06-18 17:29:02,1781803742,R_10,4853.059,-1,0.14800000000013824,BACKFILL_AUTO
2026-06-18 17:29:04,1781803744,R_10,4853.007,-1,0.05200000000058935,BACKFILL_AUTO
2026-06-18 17:29:06,1781803746,R_10,4852.799,-1,0.20799999999962893,BACKFILL_AUTO
2026-06-18 17:29:08,1781803748,R_10,4852.859,1,0.06000000000040018,BACKFILL_AUTO
2026-06-18 17:29:10,1781803750,R_10,4852.873,1,0.013999999999214197,BACKFILL_AUTO
2026-06-18 17:29:12,1781803752,R_10,4852.608,-1,0.2649999999994179,BACKFILL_AUTO
2026-06-18 17:29:14,1781803754,R_10,4852.713,1,0.10499999999956344,BACKFILL_AUTO
2026-06-18 17:29:16,1781803756,R_10,4852.703,-1,0.009999999999308784,BACKFILL_AUTO
2026-06-18 17:29:18,1781803758,R_10,4852.676,-1,0.027000000000043656,BACKFILL_AUTO
2026-06-18 17:29:20,1781803760,R_10,4852.696,1,0.019999999999527063,BACKFILL_AUTO
2026-06-18 17:29:22,1781803762,R_10,4852.674,-1,0.021999999999934516,BACKFILL_AUTO
2026-06-18 17:29:24,1781803764,R_10,4852.534,-1,0.14000000000032742,BACKFILL_AUTO
2026-06-18 17:29:26,1781803766,R_10,4852.457,-1,0.07699999999931606,BACKFILL_AUTO
2026-06-18 17:29:28,1781803768,R_10,4852.399,-1,0.057999999999992724,BACKFILL_AUTO
2026-06-18 17:29:30,1781803770,R_10,4852.204,-1,0.19500000000061846,BACKFILL_AUTO
2026-06-18 17:29:32,1781803772,R_10,4852.171,-1,0.03299999999944703,BACKFILL_AUTO
2026-06-18 17:29:34,1781803774,R_10,4852.053,-1,0.1180000000003929,BACKFILL_AUTO
2026-06-18 17:29:36,1781803776,R_10,4852.069,1,0.016000000000531145,BACKFILL_AUTO
2026-06-18 17:29:38,1781803778,R_10,4852.298,1,0.22899999999935972,BACKFILL_AUTO
2026-06-18 17:29:40,1781803780,R_10,4852.194,-1,0.10399999999935972,BACKFILL_AUTO
2026-06-18 17:29:42,1781803782,R_10,4852.093,-1,0.10100000000056752,BACKFILL_AUTO
2026-06-18 17:29:44,1781803784,R_10,4852.376,1,0.2830000000003565,BACKFILL_AUTO
2026-06-18 17:29:46,1781803786,R_10,4852.484,1,0.10800000000017462,BACKFILL_AUTO
2026-06-18 17:29:48,1781803788,R_10,4852.354,-1,0.13000000000010914,BACKFILL_AUTO
2026-06-18 17:29:50,1781803790,R_10,4852.377,1,0.023000000000138243,BACKFILL_AUTO
2026-06-18 17:29:52,1781803792,R_10,4852.479,1,0.10199999999986176,BACKFILL_AUTO
2026-06-18 17:29:54,1781803794,R_10,4852.663,1,0.18399999999928696,BACKFILL_AUTO
2026-06-18 17:29:56,1781803796,R_10,4852.622,-1,0.04099999999925785,BACKFILL_AUTO
2026-06-18 17:29:58,1781803798,R_10,4852.71,1,0.08799999999973807,BACKFILL_AUTO
2026-06-18 17:30:00,1781803800,R_10,4852.661,-1,0.04899999999997817,BACKFILL_AUTO
2026-06-18 17:30:02,1781803802,R_10,4852.912,1,0.2510000000002037,BACKFILL_AUTO
2026-06-18 17:30:04,1781803804,R_10,4852.991,1,0.07899999999972351,BACKFILL_AUTO
2026-06-18 17:30:06,1781803806,R_10,4853.273,1,0.2820000000001528,BACKFILL_AUTO
2026-06-18 17:30:08,1781803808,R_10,4853.216,-1,0.056999999999789,BACKFILL_AUTO
2026-06-18 17:30:10,1781803810,R_10,4853.27,1,0.05400000000008731,BACKFILL_AUTO
2026-06-18 17:30:12,1781803812,R_10,4853.165,-1,0.10500000000047294,BACKFILL_AUTO
2026-06-18 17:30:14,1781803814,R_10,4853.243,1,0.07800000000042928,BACKFILL_AUTO
2026-06-18 17:30:16,1781803816,R_10,4853.228,-1,0.015000000000327418,BACKFILL_AUTO
2026-06-18 17:30:18,1781803818,R_10,4853.405,1,0.17699999999967986,BACKFILL_AUTO
2026-06-18 17:30:20,1781803820,R_10,4853.292,-1,0.11299999999937427,BACKFILL_AUTO
2026-06-18 17:30:22,1781803822,R_10,4853.32,1,0.027999999999337888,BACKFILL_AUTO
2026-06-18 17:30:24,1781803824,R_10,4853.468,1,0.14800000000013824,BACKFILL_AUTO
2026-06-18 17:30:26,1781803826,R_10,4853.734,1,0.26600000000053114,BACKFILL_AUTO
2026-06-18 17:30:28,1781803828,R_10,4853.898,1,0.1639999999997599,BACKFILL_AUTO
2026-06-18 17:30:30,1781803830,R_10,4853.891,-1,0.007000000000516593,BACKFILL_AUTO
2026-06-18 17:30:32,1781803832,R_10,4853.992,1,0.10100000000056752,BACKFILL_AUTO
2026-06-18 17:30:34,1781803834,R_10,4854.053,1,0.06099999999969441,BACKFILL_AUTO
2026-06-18 17:30:36,1781803836,R_10,4853.943,-1,0.10999999999967258,BACKFILL_AUTO
2026-06-18 17:30:38,1781803838,R_10,4854.073,1,0.13000000000010914,BACKFILL_AUTO
2026-06-18 17:30:40,1781803840,R_10,4854.015,-1,0.057999999999992724,BACKFILL_AUTO
2026-06-18 17:30:42,1781803842,R_10,4853.846,-1,0.16900000000077853,BACKFILL_AUTO
2026-06-18 17:30:44,1781803844,R_10,4853.962,1,0.11600000000089494,BACKFILL_AUTO
2026-06-18 17:30:46,1781803846,R_10,4854.266,1,0.3039999999991778,BACKFILL_AUTO
2026-06-18 17:30:48,1781803848,R_10,4854.301,1,0.035000000000763976,BACKFILL_AUTO
2026-06-18 17:30:50,1781803850,R_10,4854.501,1,0.1999999999998181,BACKFILL_AUTO
2026-06-18 17:30:52,1781803852,R_10,4854.464,-1,0.037000000000261934,BACKFILL_AUTO
2026-06-18 17:30:54,1781803854,R_10,4854.63,1,0.16600000000016735,BACKFILL_AUTO
2026-06-18 17:30:56,1781803856,R_10,4854.558,-1,0.07200000000011642,BACKFILL_AUTO
2026-06-18 17:30:58,1781803858,R_10,4854.465,-1,0.0929999999998472,BACKFILL_AUTO
2026-06-18 17:31:00,1781803860,R_10,4854.54,1,0.0749999999998181,BACKFILL_AUTO
2026-06-18 17:31:02,1781803862,R_10,4854.439,-1,0.10099999999965803,BACKFILL_AUTO
2026-06-18 17:31:04,1781803864,R_10,4854.497,1,0.057999999999992724,BACKFILL_AUTO
2026-06-18 17:31:06,1781803866,R_10,4854.736,1,0.238999999999578,BACKFILL_AUTO
2026-06-18 17:31:08,1781803868,R_10,4854.553,-1,0.18299999999999272,BACKFILL_AUTO
2026-06-18 17:31:10,1781803870,R_10,4854.587,1,0.03400000000056025,BACKFILL_AUTO
2026-06-18 17:31:12,1781803872,R_10,4854.721,1,0.13399999999910506,BACKFILL_AUTO
2026-06-18 17:31:14,1781803874,R_10,4854.636,-1,0.08499999999912689,BACKFILL_AUTO
2026-06-18 17:31:16,1781803876,R_10,4854.581,-1,0.05500000000029104,BACKFILL_AUTO
2026-06-18 17:31:18,1781803878,R_10,4854.667,1,0.0860000000002401,BACKFILL_AUTO
2026-06-18 17:31:20,1781803880,R_10,4854.774,1,0.1069999999999709,BACKFILL_AUTO
2026-06-18 17:31:22,1781803882,R_10,4855.014,1,0.23999999999978172,BACKFILL_AUTO
2026-06-18 17:31:24,1781803884,R_10,4855.056,1,0.04199999999946158,BACKFILL_AUTO
2026-06-18 17:31:26,1781803886,R_10,4855.184,1,0.12800000000061118,BACKFILL_AUTO
2026-06-18 17:31:28,1781803888,R_10,4855.008,-1,0.17600000000038563,BACKFILL_AUTO
2026-06-18 17:31:30,1781803890,R_10,4855.153,1,0.14500000000043656,BACKFILL_AUTO
2026-06-18 17:31:32,1781803892,R_10,4854.983,-1,0.17000000000007276,BACKFILL_AUTO
2026-06-18 17:31:34,1781803894,R_10,4855.267,1,0.28399999999965075,BACKFILL_AUTO
2026-06-18 17:31:36,1781803896,R_10,4855.184,-1,0.08299999999962893,BACKFILL_AUTO
2026-06-18 17:31:38,1781803898,R_10,4855.136,-1,0.047999999999774445,BACKFILL_AUTO
2026-06-18 17:31:40,1781803900,R_10,4854.964,-1,0.1720000000004802,BACKFILL_AUTO
2026-06-18 17:31:42,1781803902,R_10,4854.891,-1,0.07300000000032014,BACKFILL_AUTO
2026-06-18 17:31:44,1781803904,R_10,4854.793,-1,0.09799999999995634,BACKFILL_AUTO
2026-06-18 17:31:46,1781803906,R_10,4854.796,1,0.0030000000006111804,BACKFILL_AUTO
2026-06-18 17:31:48,1781803908,R_10,4854.899,1,0.10300000000006548,BACKFILL_AUTO
2026-06-18 17:31:50,1781803910,R_10,4854.976,1,0.07699999999931606,BACKFILL_AUTO
2026-06-18 17:31:52,1781803912,R_10,4855.099,1,0.12300000000050204,BACKFILL_AUTO
2026-06-18 17:31:54,1781803914,R_10,4855.066,-1,0.03300000000035652,BACKFILL_AUTO
2026-06-18 17:31:56,1781803916,R_10,4854.965,-1,0.10099999999965803,BACKFILL_AUTO
2026-06-18 17:31:58,1781803918,R_10,4855.079,1,0.113999999999578,BACKFILL_AUTO
2026-06-18 17:32:00,1781803920,R_10,4854.843,-1,0.2359999999998763,BACKFILL_AUTO
2026-06-18 17:32:02,1781803922,R_10,4854.839,-1,0.0039999999999054126,BACKFILL_AUTO
2026-06-18 17:32:04,1781803924,R_10,4854.762,-1,0.07700000000022555,BACKFILL_AUTO
2026-06-18 17:32:06,1781803926,R_10,4854.725,-1,0.03699999999935244,BACKFILL_AUTO
2026-06-18 17:32:08,1781803928,R_10,4854.788,1,0.06299999999919237,BACKFILL_AUTO
2026-06-18 17:32:10,1781803930,R_10,4854.77,-1,0.01799999999911961,BACKFILL_AUTO
2026-06-18 17:32:12,1781803932,R_10,4854.715,-1,0.05500000000029104,BACKFILL_AUTO
2026-06-18 17:32:14,1781803934,R_10,4854.88,1,0.16499999999996362,BACKFILL_AUTO
2026-06-18 17:32:16,1781803936,R_10,4854.721,-1,0.15900000000056025,BACKFILL_AUTO
2026-06-18 17:32:18,1781803938,R_10,4854.744,1,0.023000000000138243,BACKFILL_AUTO
2026-06-18 17:32:20,1781803940,R_10,4854.783,1,0.03900000000066939,BACKFILL_AUTO
2026-06-18 17:32:22,1781803942,R_10,4854.918,1,0.13499999999930878,BACKFILL_AUTO
2026-06-18 17:32:24,1781803944,R_10,4854.835,-1,0.08299999999962893,BACKFILL_AUTO
2026-06-18 17:32:26,1781803946,R_10,4854.806,-1,0.02900000000045111,BACKFILL_AUTO
2026-06-18 17:32:28,1781803948,R_10,4854.731,-1,0.0749999999998181,BACKFILL_AUTO
2026-06-18 17:32:30,1781803950,R_10,4854.794,1,0.06300000000010186,BACKFILL_AUTO
2026-06-18 17:32:32,1781803952,R_10,4854.732,-1,0.06199999999989814,BACKFILL_AUTO
2026-06-18 17:32:34,1781803954,R_10,4854.727,-1,0.005000000000109139,BACKFILL_AUTO
2026-06-18 17:32:36,1781803956,R_10,4854.824,1,0.09699999999975262,BACKFILL_AUTO
2026-06-18 17:32:38,1781803958,R_10,4854.964,1,0.14000000000032742,BACKFILL_AUTO
2026-06-18 17:32:40,1781803960,R_10,4855.037,1,0.07300000000032014,BACKFILL_AUTO
2026-06-18 17:32:42,1781803962,R_10,4855.002,-1,0.03499999999985448,BACKFILL_AUTO
2026-06-18 17:32:44,1781803964,R_10,4854.847,-1,0.15500000000065484,BACKFILL_AUTO
2026-06-18 17:32:46,1781803966,R_10,4855.062,1,0.21500000000014552,BACKFILL_AUTO
2026-06-18 17:32:48,1781803968,R_10,4855.122,1,0.06000000000040018,BACKFILL_AUTO
2026-06-18 17:32:50,1781803970,R_10,4855.032,-1,0.09000000000014552,BACKFILL_AUTO
2026-06-18 17:32:52,1781803972,R_10,4855.169,1,0.13699999999971624,BACKFILL_AUTO
2026-06-18 17:32:54,1781803974,R_10,4855.283,1,0.11400000000048749,BACKFILL_AUTO
2026-06-18 17:32:56,1781803976,R_10,4855.377,1,0.09400000000005093,BACKFILL_AUTO
2026-06-18 17:32:58,1781803978,R_10,4855.493,1,0.11599999999998545,BACKFILL_AUTO
2026-06-18 17:33:00,1781803980,R_10,4855.553,1,0.05999999999949068,BACKFILL_AUTO
2026-06-18 17:33:02,1781803982,R_10,4855.624,1,0.07099999999991269,BACKFILL_AUTO
2026-06-18 17:33:04,1781803984,R_10,4855.521,-1,0.10300000000006548,BACKFILL_AUTO
2026-06-18 17:33:06,1781803986,R_10,4855.415,-1,0.10599999999976717,BACKFILL_AUTO
2026-06-18 17:33:08,1781803988,R_10,4855.486,1,0.07099999999991269,BACKFILL_AUTO
2026-06-18 17:33:10,1781803990,R_10,4855.499,1,0.012999999999919964,BACKFILL_AUTO
2026-06-18 17:33:12,1781803992,R_10,4855.599,1,0.1000000000003638,BACKFILL_AUTO
2026-06-18 17:33:14,1781803994,R_10,4855.688,1,0.08899999999994179,BACKFILL_AUTO
2026-06-18 17:33:16,1781803996,R_10,4855.524,-1,0.1639999999997599,BACKFILL_AUTO
2026-06-18 17:33:18,1781803998,R_10,4855.644,1,0.11999999999989086,BACKFILL_AUTO
2026-06-18 17:33:20,1781804000,R_10,4855.661,1,0.016999999999825377,BACKFILL_AUTO
2026-06-18 17:33:22,1781804002,R_10,4855.609,-1,0.05199999999967986,BACKFILL_AUTO
2026-06-18 17:33:24,1781804004,R_10,4855.558,-1,0.051000000000385626,BACKFILL_AUTO
2026-06-18 17:33:26,1781804006,R_10,4855.386,-1,0.17199999999957072,BACKFILL_AUTO
2026-06-18 17:33:28,1781804008,R_10,4855.436,1,0.049999999999272404,BACKFILL_AUTO
2026-06-18 17:33:30,1781804010,R_10,4855.65,1,0.2139999999999418,BACKFILL_AUTO
2026-06-18 17:33:32,1781804012,R_10,4855.827,1,0.17700000000058935,BACKFILL_AUTO
2026-06-18 17:33:34,1781804014,R_10,4855.598,-1,0.2290000000002692,BACKFILL_AUTO
2026-06-18 17:33:36,1781804016,R_10,4855.613,1,0.015000000000327418,BACKFILL_AUTO
2026-06-18 17:33:38,1781804018,R_10,4855.578,-1,0.03499999999985448,BACKFILL_AUTO
2026-06-18 17:33:40,1781804020,R_10,4855.57,-1,0.00800000000072032,BACKFILL_AUTO
2026-06-18 17:33:42,1781804022,R_10,4855.544,-1,0.02599999999983993,BACKFILL_AUTO
2026-06-18 17:33:44,1781804024,R_10,4855.563,1,0.01900000000023283,BACKFILL_AUTO
2026-06-18 17:33:46,1781804026,R_10,4855.581,1,0.018000000000029104,BACKFILL_AUTO
2026-06-18 17:33:48,1781804028,R_10,4855.45,-1,0.13100000000031287,BACKFILL_AUTO
2026-06-18 17:33:50,1781804030,R_10,4855.454,1,0.0039999999999054126,BACKFILL_AUTO
2026-06-18 17:33:52,1781804032,R_10,4855.412,-1,0.04199999999946158,BACKFILL_AUTO
2026-06-18 17:33:54,1781804034,R_10,4855.525,1,0.11299999999937427,BACKFILL_AUTO
2026-06-18 17:33:56,1781804036,R_10,4855.56,1,0.035000000000763976,BACKFILL_AUTO
2026-06-18 17:33:58,1781804038,R_10,4855.601,1,0.04099999999925785,BACKFILL_AUTO
2026-06-18 17:34:00,1781804040,R_10,4855.521,-1,0.07999999999992724,BACKFILL_AUTO
2026-06-18 17:34:02,1781804042,R_10,4855.686,1,0.16499999999996362,BACKFILL_AUTO
2026-06-18 17:34:04,1781804044,R_10,4855.689,1,0.0030000000006111804,BACKFILL_AUTO
2026-06-18 17:34:06,1781804046,R_10,4855.689,0,0.0,BACKFILL_AUTO
2026-06-18 17:34:08,1781804048,R_10,4855.714,1,0.024999999999636202,BACKFILL_AUTO
2026-06-18 17:34:10,1781804050,R_10,4855.909,1,0.19499999999970896,BACKFILL_AUTO
2026-06-18 17:34:12,1781804052,R_10,4856.209,1,0.3000000000001819,BACKFILL_AUTO
2026-06-18 17:34:14,1781804054,R_10,4856.338,1,0.1289999999999054,BACKFILL_AUTO
2026-06-18 17:34:16,1781804056,R_10,4856.519,1,0.18100000000049477,BACKFILL_AUTO
2026-06-18 17:34:18,1781804058,R_10,4856.195,-1,0.32400000000052387,BACKFILL_AUTO
2026-06-18 17:34:20,1781804060,R_10,4856.157,-1,0.03799999999955617,BACKFILL_AUTO
2026-06-18 17:34:22,1781804062,R_10,4856.183,1,0.02599999999983993,BACKFILL_AUTO
2026-06-18 17:34:24,1781804064,R_10,4856.191,1,0.007999999999810825,BACKFILL_AUTO
2026-06-18 17:34:26,1781804066,R_10,4856.385,1,0.19400000000041473,BACKFILL_AUTO
2026-06-18 17:34:28,1781804068,R_10,4856.425,1,0.03999999999996362,BACKFILL_AUTO
2026-06-18 17:34:30,1781804070,R_10,4856.439,1,0.014000000000123691,BACKFILL_AUTO
2026-06-18 17:34:32,1781804072,R_10,4856.504,1,0.06499999999959982,BACKFILL_AUTO
2026-06-18 17:34:34,1781804074,R_10,4856.6,1,0.09600000000045839,BACKFILL_AUTO
2026-06-18 17:34:36,1781804076,R_10,4856.513,-1,0.08700000000044383,BACKFILL_AUTO
2026-06-18 17:34:38,1781804078,R_10,4856.387,-1,0.12600000000020373,BACKFILL_AUTO
2026-06-18 17:34:40,1781804080,R_10,4856.318,-1,0.06899999999950523,BACKFILL_AUTO
2026-06-18 17:34:42,1781804082,R_10,4856.224,-1,0.09400000000005093,BACKFILL_AUTO
2026-06-18 17:34:44,1781804084,R_10,4856.261,1,0.037000000000261934,BACKFILL_AUTO
2026-06-18 17:34:46,1781804086,R_10,4856.238,-1,0.023000000000138243,BACKFILL_AUTO
2026-06-18 17:34:48,1781804088,R_10,4856.447,1,0.20899999999983265,BACKFILL_AUTO
2026-06-18 17:34:50,1781804090,R_10,4856.384,-1,0.06300000000010186,BACKFILL_AUTO
2026-06-18 17:34:52,1781804092,R_10,4856.621,1,0.23700000000008004,BACKFILL_AUTO
2026-06-18 17:34:54,1781804094,R_10,4856.567,-1,0.05400000000008731,BACKFILL_AUTO
2026-06-18 17:34:56,1781804096,R_10,4856.501,-1,0.06599999999980355,BACKFILL_AUTO
2026-06-18 17:34:58,1781804098,R_10,4856.39,-1,0.11099999999987631,BACKFILL_AUTO
2026-06-18 17:35:00,1781804100,R_10,4856.244,-1,0.14600000000064028,BACKFILL_AUTO
2026-06-18 17:35:02,1781804102,R_10,4856.188,-1,0.05599999999958527,BACKFILL_AUTO
2026-06-18 17:35:04,1781804104,R_10,4856.067,-1,0.12100000000009459,BACKFILL_AUTO
2026-06-18 17:35:06,1781804106,R_10,4855.946,-1,0.12100000000009459,BACKFILL_AUTO
2026-06-18 17:35:08,1781804108,R_10,4856.13,1,0.18400000000019645,BACKFILL_AUTO
2026-06-18 17:35:10,1781804110,R_10,4856.346,1,0.21599999999943975,BACKFILL_AUTO
2026-06-18 17:35:12,1781804112,R_10,4856.31,-1,0.03599999999914871,BACKFILL_AUTO
2026-06-18 17:35:14,1781804114,R_10,4856.231,-1,0.07900000000063301,BACKFILL_AUTO
2026-06-18 17:35:16,1781804116,R_10,4856.375,1,0.14400000000023283,BACKFILL_AUTO
2026-06-18 17:35:18,1781804118,R_10,4856.525,1,0.1499999999996362,BACKFILL_AUTO
2026-06-18 17:35:20,1781804120,R_10,4856.459,-1,0.06599999999980355,BACKFILL_AUTO
2026-06-18 17:35:22,1781804122,R_10,4856.517,1,0.057999999999992724,BACKFILL_AUTO
2026-06-18 17:35:24,1781804124,R_10,4856.434,-1,0.08299999999962893,BACKFILL_AUTO
2026-06-18 17:35:26,1781804126,R_10,4856.352,-1,0.0820000000003347,BACKFILL_AUTO
2026-06-18 17:35:28,1781804128,R_10,4856.396,1,0.04399999999986903,BACKFILL_AUTO
2026-06-18 17:35:30,1781804130,R_10,4856.226,-1,0.17000000000007276,BACKFILL_AUTO
2026-06-18 17:35:32,1781804132,R_10,4856.196,-1,0.02999999999974534,BACKFILL_AUTO
2026-06-18 17:35:34,1781804134,R_10,4856.304,1,0.10800000000017462,BACKFILL_AUTO
2026-06-18 17:35:36,1781804136,R_10,4856.104,-1,0.1999999999998181,BACKFILL_AUTO
2026-06-18 17:35:38,1781804138,R_10,4856.023,-1,0.08100000000013097,BACKFILL_AUTO
2026-06-18 17:35:40,1781804140,R_10,4855.945,-1,0.07800000000042928,BACKFILL_AUTO
2026-06-18 17:35:42,1781804142,R_10,4855.927,-1,0.018000000000029104,BACKFILL_AUTO
2026-06-18 17:35:44,1781804144,R_10,4856.005,1,0.07800000000042928,BACKFILL_AUTO
2026-06-18 17:35:46,1781804146,R_10,4855.752,-1,0.2529999999997017,BACKFILL_AUTO
2026-06-18 17:35:48,1781804148,R_10,4855.659,-1,0.0930000000007567,BACKFILL_AUTO
2026-06-18 17:35:50,1781804150,R_10,4855.805,1,0.14600000000064028,BACKFILL_AUTO
2026-06-18 17:35:52,1781804152,R_10,4855.801,-1,0.0039999999999054126,BACKFILL_AUTO
2026-06-18 17:35:54,1781804154,R_10,4855.744,-1,0.05700000000069849,BACKFILL_AUTO
2026-06-18 17:35:56,1781804156,R_10,4855.945,1,0.20100000000002183,BACKFILL_AUTO
2026-06-18 17:35:58,1781804158,R_10,4855.949,1,0.0039999999999054126,BACKFILL_AUTO
2026-06-18 17:36:00,1781804160,R_10,4855.977,1,0.028000000000247383,BACKFILL_AUTO
2026-06-18 17:36:02,1781804162,R_10,4855.933,-1,0.04399999999986903,BACKFILL_AUTO
2026-06-18 17:36:04,1781804164,R_10,4855.981,1,0.047999999999774445,BACKFILL_AUTO
2026-06-18 17:36:06,1781804166,R_10,4855.837,-1,0.14399999999932334,BACKFILL_AUTO
2026-06-18 17:36:08,1781804168,R_10,4855.696,-1,0.14100000000053114,BACKFILL_AUTO
2026-06-18 17:36:10,1781804170,R_10,4855.753,1,0.056999999999789,BACKFILL_AUTO
2026-06-18 17:36:12,1781804172,R_10,4855.651,-1,0.10199999999986176,BACKFILL_AUTO
2026-06-18 17:36:14,1781804174,R_10,4855.628,-1,0.023000000000138243,BACKFILL_AUTO
2026-06-18 17:36:16,1781804176,R_10,4855.617,-1,0.01099999999951251,BACKFILL_AUTO
2026-06-18 17:36:18,1781804178,R_10,4855.723,1,0.10599999999976717,BACKFILL_AUTO
2026-06-18 17:36:20,1781804180,R_10,4855.714,-1,0.009000000000014552,BACKFILL_AUTO
2026-06-18 17:36:22,1781804182,R_10,4855.662,-1,0.05199999999967986,BACKFILL_AUTO
2026-06-18 17:36:24,1781804184,R_10,4855.579,-1,0.08300000000053842,BACKFILL_AUTO
2026-06-18 17:36:26,1781804186,R_10,4855.578,-1,0.0009999999992942321,BACKFILL_AUTO
2026-06-18 17:36:28,1781804188,R_10,4855.694,1,0.11599999999998545,BACKFILL_AUTO
2026-06-18 17:36:30,1781804190,R_10,4855.659,-1,0.035000000000763976,BACKFILL_AUTO
2026-06-18 17:36:32,1781804192,R_10,4855.817,1,0.15800000000035652,BACKFILL_AUTO
2026-06-18 17:36:34,1781804194,R_10,4855.884,1,0.06700000000000728,BACKFILL_AUTO
2026-06-18 17:36:36,1781804196,R_10,4856.024,1,0.14000000000032742,BACKFILL_AUTO
2026-06-18 17:36:38,1781804198,R_10,4855.992,-1,0.032000000000152795,BACKFILL_AUTO
2026-06-18 17:36:40,1781804200,R_10,4856.063,1,0.07099999999991269,BACKFILL_AUTO
2026-06-18 17:36:42,1781804202,R_10,4855.814,-1,0.24899999999979627,BACKFILL_AUTO
2026-06-18 17:36:44,1781804204,R_10,4855.891,1,0.07699999999931606,BACKFILL_AUTO
2026-06-18 17:36:46,1781804206,R_10,4855.871,-1,0.019999999999527063,BACKFILL_AUTO
2026-06-18 17:36:48,1781804208,R_10,4855.676,-1,0.19499999999970896,BACKFILL_AUTO
2026-06-18 17:36:50,1781804210,R_10,4855.799,1,0.12299999999959255,BACKFILL_AUTO
2026-06-18 17:36:52,1781804212,R_10,4855.943,1,0.14400000000023283,BACKFILL_AUTO
2026-06-18 17:36:54,1781804214,R_10,4855.787,-1,0.15599999999994907,BACKFILL_AUTO
2026-06-18 17:36:56,1781804216,R_10,4855.907,1,0.11999999999989086,BACKFILL_AUTO
2026-06-18 17:36:58,1781804218,R_10,4855.918,1,0.01099999999951251,BACKFILL_AUTO
2026-06-18 17:37:00,1781804220,R_10,4855.667,-1,0.25099999999929423,BACKFILL_AUTO
2026-06-18 17:37:02,1781804222,R_10,4855.709,1,0.04199999999946158,BACKFILL_AUTO
2026-06-18 17:37:04,1781804224,R_10,4855.844,1,0.13500000000021828,BACKFILL_AUTO
2026-06-18 17:37:06,1781804226,R_10,4855.68,-1,0.1639999999997599,BACKFILL_AUTO
2026-06-18 17:37:08,1781804228,R_10,4855.853,1,0.17299999999977445,BACKFILL_AUTO
2026-06-18 17:37:10,1781804230,R_10,4855.696,-1,0.1570000000001528,BACKFILL_AUTO
2026-06-18 17:37:12,1781804232,R_10,4855.782,1,0.0860000000002401,BACKFILL_AUTO
2026-06-18 17:37:14,1781804234,R_10,4855.768,-1,0.014000000000123691,BACKFILL_AUTO
2026-06-18 17:37:16,1781804236,R_10,4855.939,1,0.1710000000002765,BACKFILL_AUTO
2026-06-18 17:37:18,1781804238,R_10,4855.82,-1,0.11900000000059663,BACKFILL_AUTO
2026-06-18 17:37:20,1781804240,R_10,4855.845,1,0.025000000000545697,BACKFILL_AUTO
2026-06-18 17:37:22,1781804242,R_10,4855.667,-1,0.17799999999988358,BACKFILL_AUTO
2026-06-18 17:37:24,1781804244,R_10,4855.893,1,0.22599999999965803,BACKFILL_AUTO
2026-06-18 17:37:26,1781804246,R_10,4855.734,-1,0.15899999999965075,BACKFILL_AUTO
2026-06-18 17:37:28,1781804248,R_10,4855.701,-1,0.03300000000035652,BACKFILL_AUTO
2026-06-18 17:37:30,1781804250,R_10,4855.693,-1,0.007999999999810825,BACKFILL_AUTO
2026-06-18 17:37:32,1781804252,R_10,4855.548,-1,0.14500000000043656,BACKFILL_AUTO
2026-06-18 17:37:34,1781804254,R_10,4855.679,1,0.13100000000031287,BACKFILL_AUTO
2026-06-18 17:37:36,1781804256,R_10,4855.616,-1,0.06300000000010186,BACKFILL_AUTO
2026-06-18 17:37:38,1781804258,R_10,4855.538,-1,0.07800000000042928,BACKFILL_AUTO
2026-06-18 17:37:40,1781804260,R_10,4855.495,-1,0.042999999999665306,BACKFILL_AUTO
2026-06-18 17:37:42,1781804262,R_10,4855.499,1,0.0039999999999054126,BACKFILL_AUTO
2026-06-18 17:37:44,1781804264,R_10,4855.493,-1,0.0059999999994033715,BACKFILL_AUTO
2026-06-18 17:37:46,1781804266,R_10,4855.651,1,0.15799999999944703,BACKFILL_AUTO
2026-06-18 17:37:48,1781804268,R_10,4855.554,-1,0.09699999999975262,BACKFILL_AUTO
2026-06-18 17:37:50,1781804270,R_10,4855.692,1,0.13799999999991996,BACKFILL_AUTO
2026-06-18 17:37:52,1781804272,R_10,4855.8,1,0.10800000000017462,BACKFILL_AUTO
2026-06-18 17:37:54,1781804274,R_10,4855.681,-1,0.11900000000059663,BACKFILL_AUTO
2026-06-18 17:37:56,1781804276,R_10,4855.733,1,0.05200000000058935,BACKFILL_AUTO
2026-06-18 17:37:58,1781804278,R_10,4855.726,-1,0.007000000000516593,BACKFILL_AUTO
2026-06-18 17:38:00,1781804280,R_10,4855.841,1,0.11500000000069122,BACKFILL_AUTO
2026-06-18 17:38:02,1781804282,R_10,4855.976,1,0.13499999999930878,BACKFILL_AUTO
2026-06-18 17:38:04,1781804284,R_10,4856.162,1,0.1860000000006039,BACKFILL_AUTO
2026-06-18 17:38:06,1781804286,R_10,4856.219,1,0.056999999999789,BACKFILL_AUTO
2026-06-18 17:38:08,1781804288,R_10,4856.256,1,0.037000000000261934,BACKFILL_AUTO
2026-06-18 17:38:10,1781804290,R_10,4856.2,-1,0.056000000000494765,BACKFILL_AUTO
2026-06-18 17:38:12,1781804292,R_10,4856.216,1,0.016000000000531145,BACKFILL_AUTO
2026-06-18 17:38:14,1781804294,R_10,4856.206,-1,0.010000000000218279,BACKFILL_AUTO
2026-06-18 17:38:16,1781804296,R_10,4856.263,1,0.056999999999789,BACKFILL_AUTO
2026-06-18 17:38:18,1781804298,R_10,4856.192,-1,0.07099999999991269,BACKFILL_AUTO
2026-06-18 17:38:20,1781804300,R_10,4856.146,-1,0.046000000000276486,BACKFILL_AUTO
2026-06-18 17:38:22,1781804302,R_10,4856.062,-1,0.08399999999983265,BACKFILL_AUTO
2026-06-18 17:38:24,1781804304,R_10,4856.091,1,0.02900000000045111,BACKFILL_AUTO
2026-06-18 17:38:26,1781804306,R_10,4856.043,-1,0.04800000000068394,BACKFILL_AUTO
2026-06-18 17:38:28,1781804308,R_10,4856.186,1,0.1430000000000291,BACKFILL_AUTO
2026-06-18 17:38:30,1781804310,R_10,4856.189,1,0.0030000000006111804,BACKFILL_AUTO
2026-06-18 17:38:32,1781804312,R_10,4856.08,-1,0.10900000000037835,BACKFILL_AUTO
2026-06-18 17:38:34,1781804314,R_10,4856.258,1,0.17799999999988358,BACKFILL_AUTO
2026-06-18 17:38:36,1781804316,R_10,4856.436,1,0.17799999999988358,BACKFILL_AUTO
2026-06-18 17:38:38,1781804318,R_10,4856.623,1,0.18699999999989814,BACKFILL_AUTO
2026-06-18 17:38:40,1781804320,R_10,4856.553,-1,0.06999999999970896,BACKFILL_AUTO
2026-06-18 17:38:42,1781804322,R_10,4856.596,1,0.042999999999665306,BACKFILL_AUTO
2026-06-18 17:38:44,1781804324,R_10,4856.593,-1,0.0029999999997016857,BACKFILL_AUTO
2026-06-18 17:38:46,1781804326,R_10,4856.517,-1,0.07600000000002183,BACKFILL_AUTO
2026-06-18 17:38:48,1781804328,R_10,4856.485,-1,0.032000000000152795,BACKFILL_AUTO
2026-06-18 17:38:50,1781804330,R_10,4856.424,-1,0.06099999999969441,BACKFILL_AUTO
2026-06-18 17:38:52,1781804332,R_10,4856.516,1,0.09199999999964348,BACKFILL_AUTO
2026-06-18 17:38:54,1781804334,R_10,4856.47,-1,0.04599999999936699,BACKFILL_AUTO
2026-06-18 17:38:56,1781804336,R_10,4856.222,-1,0.24800000000050204,BACKFILL_AUTO
2026-06-18 17:38:58,1781804338,R_10,4856.08,-1,0.14199999999982538,BACKFILL_AUTO
2026-06-18 17:39:00,1781804340,R_10,4856.231,1,0.15099999999983993,BACKFILL_AUTO
2026-06-18 17:39:02,1781804342,R_10,4856.055,-1,0.17599999999947613,BACKFILL_AUTO
2026-06-18 17:39:04,1781804344,R_10,4855.985,-1,0.07000000000061846,BACKFILL_AUTO
2026-06-18 17:39:06,1781804346,R_10,4856.064,1,0.07900000000063301,BACKFILL_AUTO
2026-06-18 17:39:08,1781804348,R_10,4856.334,1,0.26999999999952706,BACKFILL_AUTO
2026-06-18 17:39:10,1781804350,R_10,4856.266,-1,0.068000000000211,BACKFILL_AUTO
2026-06-18 17:39:12,1781804352,R_10,4856.487,1,0.22100000000045839,BACKFILL_AUTO
2026-06-18 17:39:14,1781804354,R_10,4856.54,1,0.052999999999883585,BACKFILL_AUTO
2026-06-18 17:39:16,1781804356,R_10,4856.679,1,0.1390000000001237,BACKFILL_AUTO
2026-06-18 17:39:18,1781804358,R_10,4856.852,1,0.17299999999977445,BACKFILL_AUTO
2026-06-18 17:39:20,1781804360,R_10,4856.702,-1,0.1499999999996362,BACKFILL_AUTO
2026-06-18 17:39:22,1781804362,R_10,4856.599,-1,0.10300000000006548,BACKFILL_AUTO
2026-06-18 17:39:24,1781804364,R_10,4856.714,1,0.11499999999978172,BACKFILL_AUTO
2026-06-18 17:39:26,1781804366,R_10,4856.762,1,0.047999999999774445,BACKFILL_AUTO
2026-06-18 17:39:28,1781804368,R_10,4856.74,-1,0.021999999999934516,BACKFILL_AUTO
2026-06-18 17:39:30,1781804370,R_10,4856.856,1,0.11599999999998545,BACKFILL_AUTO
2026-06-18 17:39:32,1781804372,R_10,4856.83,-1,0.02599999999983993,BACKFILL_AUTO
2026-06-18 17:39:34,1781804374,R_10,4856.892,1,0.06199999999989814,BACKFILL_AUTO
2026-06-18 17:39:36,1781804376,R_10,4856.83,-1,0.06199999999989814,BACKFILL_AUTO
2026-06-18 17:39:38,1781804378,R_10,4856.788,-1,0.042000000000371074,BACKFILL_AUTO
2026-06-18 17:39:40,1781804380,R_10,4857.003,1,0.21500000000014552,BACKFILL_AUTO
2026-06-18 17:39:42,1781804382,R_10,4856.987,-1,0.01599999999962165,BACKFILL_AUTO
2026-06-18 17:39:44,1781804384,R_10,4856.927,-1,0.06000000000040018,BACKFILL_AUTO
2026-06-18 17:39:46,1781804386,R_10,4856.781,-1,0.1459999999997308,BACKFILL_AUTO
2026-06-18 17:39:48,1781804388,R_10,4856.684,-1,0.09699999999975262,BACKFILL_AUTO
2026-06-18 17:39:50,1781804390,R_10,4856.734,1,0.0500000000001819,BACKFILL_AUTO
2026-06-18 17:39:52,1781804392,R_10,4856.838,1,0.10399999999935972,BACKFILL_AUTO
2026-06-18 17:39:54,1781804394,R_10,4857.031,1,0.193000000000211,BACKFILL_AUTO
2026-06-18 17:39:56,1781804396,R_10,4856.988,-1,0.042999999999665306,BACKFILL_AUTO
2026-06-18 17:39:58,1781804398,R_10,4857.066,1,0.07799999999951979,BACKFILL_AUTO
2026-06-18 17:40:00,1781804400,R_10,4857.082,1,0.016000000000531145,BACKFILL_AUTO
2026-06-18 17:40:02,1781804402,R_10,4857.063,-1,0.01900000000023283,BACKFILL_AUTO
2026-06-18 17:40:04,1781804404,R_10,4856.895,-1,0.1679999999996653,BACKFILL_AUTO
2026-06-18 17:40:06,1781804406,R_10,4857.228,1,0.3329999999996289,BACKFILL_AUTO
2026-06-18 17:40:08,1781804408,R_10,4857.18,-1,0.047999999999774445,BACKFILL_AUTO
2026-06-18 17:40:10,1781804410,R_10,4857.312,1,0.1319999999996071,BACKFILL_AUTO
2026-06-18 17:40:12,1781804412,R_10,4857.271,-1,0.04100000000016735,BACKFILL_AUTO
2026-06-18 17:40:14,1781804414,R_10,4857.298,1,0.027000000000043656,BACKFILL_AUTO
2026-06-18 17:40:16,1781804416,R_10,4857.376,1,0.07800000000042928,BACKFILL_AUTO
2026-06-18 17:40:18,1781804418,R_10,4857.555,1,0.1790000000000873,BACKFILL_AUTO
2026-06-18 17:40:20,1781804420,R_10,4857.7,1,0.14499999999952706,BACKFILL_AUTO
2026-06-18 17:40:22,1781804422,R_10,4857.65,-1,0.0500000000001819,BACKFILL_AUTO
2026-06-18 17:40:24,1781804424,R_10,4857.555,-1,0.09499999999934516,BACKFILL_AUTO
2026-06-18 17:40:26,1781804426,R_10,4857.647,1,0.09199999999964348,BACKFILL_AUTO
2026-06-18 17:40:28,1781804428,R_10,4857.809,1,0.16200000000026193,BACKFILL_AUTO
2026-06-18 17:40:30,1781804430,R_10,4857.815,1,0.0059999999994033715,BACKFILL_AUTO
2026-06-18 17:40:32,1781804432,R_10,4857.735,-1,0.07999999999992724,BACKFILL_AUTO
2026-06-18 17:40:34,1781804434,R_10,4857.74,1,0.005000000000109139,BACKFILL_AUTO
2026-06-18 17:40:36,1781804436,R_10,4857.779,1,0.03900000000066939,BACKFILL_AUTO
2026-06-18 17:40:38,1781804438,R_10,4857.864,1,0.08499999999912689,BACKFILL_AUTO
2026-06-18 17:40:40,1781804440,R_10,4857.71,-1,0.15399999999954161,BACKFILL_AUTO
2026-06-18 17:40:42,1781804442,R_10,4857.759,1,0.04899999999997817,BACKFILL_AUTO
2026-06-18 17:40:44,1781804444,R_10,4857.88,1,0.12100000000009459,BACKFILL_AUTO
2026-06-18 17:40:46,1781804446,R_10,4857.888,1,0.007999999999810825,BACKFILL_AUTO
2026-06-18 17:40:48,1781804448,R_10,4857.898,1,0.010000000000218279,BACKFILL_AUTO
2026-06-18 17:40:50,1781804450,R_10,4857.962,1,0.06400000000030559,BACKFILL_AUTO
2026-06-18 17:40:52,1781804452,R_10,4857.821,-1,0.14100000000053114,BACKFILL_AUTO
2026-06-18 17:40:54,1781804454,R_10,4857.81,-1,0.01099999999951251,BACKFILL_AUTO
2026-06-18 17:40:56,1781804456,R_10,4857.87,1,0.05999999999949068,BACKFILL_AUTO
2026-06-18 17:40:58,1781804458,R_10,4857.843,-1,0.027000000000043656,BACKFILL_AUTO
2026-06-18 17:41:00,1781804460,R_10,4857.999,1,0.15599999999994907,BACKFILL_AUTO
2026-06-18 17:41:02,1781804462,R_10,4858.286,1,0.28700000000026193,BACKFILL_AUTO
2026-06-18 17:41:04,1781804464,R_10,4858.168,-1,0.1180000000003929,BACKFILL_AUTO
2026-06-18 17:41:06,1781804466,R_10,4858.377,1,0.20900000000074215,BACKFILL_AUTO
2026-06-18 17:41:08,1781804468,R_10,4858.311,-1,0.06600000000071304,BACKFILL_AUTO
2026-06-18 17:41:10,1781804470,R_10,4858.381,1,0.07000000000061846,BACKFILL_AUTO
2026-06-18 17:41:12,1781804472,R_10,4858.17,-1,0.2110000000002401,BACKFILL_AUTO
2026-06-18 17:41:14,1781804474,R_10,4858.322,1,0.15200000000004366,BACKFILL_AUTO
2026-06-18 17:41:16,1781804476,R_10,4858.313,-1,0.009000000000014552,BACKFILL_AUTO
2026-06-18 17:41:18,1781804478,R_10,4858.484,1,0.1710000000002765,BACKFILL_AUTO
2026-06-18 17:41:20,1781804480,R_10,4858.617,1,0.13299999999981083,BACKFILL_AUTO
2026-06-18 17:41:22,1781804482,R_10,4858.692,1,0.0749999999998181,BACKFILL_AUTO
2026-06-18 17:41:24,1781804484,R_10,4858.948,1,0.25600000000031287,BACKFILL_AUTO
2026-06-18 17:41:26,1781804486,R_10,4859.004,1,0.05599999999958527,BACKFILL_AUTO
2026-06-18 17:41:28,1781804488,R_10,4859.012,1,0.007999999999810825,BACKFILL_AUTO
2026-06-18 17:41:30,1781804490,R_10,4858.813,-1,0.19899999999961437,BACKFILL_AUTO
2026-06-18 17:41:32,1781804492,R_10,4858.757,-1,0.056000000000494765,BACKFILL_AUTO
2026-06-18 17:41:34,1781804494,R_10,4858.727,-1,0.02999999999974534,BACKFILL_AUTO
2026-06-18 17:41:36,1781804496,R_10,4858.841,1,0.11400000000048749,BACKFILL_AUTO
2026-06-18 17:41:38,1781804498,R_10,4858.857,1,0.01599999999962165,BACKFILL_AUTO
2026-06-18 17:41:40,1781804500,R_10,4858.642,-1,0.21500000000014552,BACKFILL_AUTO
2026-06-18 17:41:42,1781804502,R_10,4858.72,1,0.07800000000042928,BACKFILL_AUTO
2026-06-18 17:41:44,1781804504,R_10,4858.862,1,0.14199999999982538,BACKFILL_AUTO
2026-06-18 17:41:46,1781804506,R_10,4858.922,1,0.05999999999949068,BACKFILL_AUTO
2026-06-18 17:41:48,1781804508,R_10,4858.78,-1,0.14199999999982538,BACKFILL_AUTO
2026-06-18 17:41:50,1781804510,R_10,4858.597,-1,0.18299999999999272,BACKFILL_AUTO
2026-06-18 17:41:52,1781804512,R_10,4858.782,1,0.18500000000040018,BACKFILL_AUTO
2026-06-18 17:41:54,1781804514,R_10,4858.958,1,0.17599999999947613,BACKFILL_AUTO
2026-06-18 17:41:56,1781804516,R_10,4859.061,1,0.10300000000006548,BACKFILL_AUTO
2026-06-18 17:41:58,1781804518,R_10,4859.096,1,0.03499999999985448,BACKFILL_AUTO
2026-06-18 17:42:00,1781804520,R_10,4859.085,-1,0.01099999999951251,BACKFILL_AUTO
2026-06-18 17:42:02,1781804522,R_10,4859.019,-1,0.06599999999980355,BACKFILL_AUTO
2026-06-18 17:42:04,1781804524,R_10,4858.898,-1,0.12100000000009459,BACKFILL_AUTO
2026-06-18 17:42:06,1781804526,R_10,4858.949,1,0.05099999999947613,BACKFILL_AUTO
2026-06-18 17:42:08,1781804528,R_10,4859.01,1,0.061000000000603904,BACKFILL_AUTO
2026-06-18 17:42:10,1781804530,R_10,4859.135,1,0.125,BACKFILL_AUTO
2026-06-18 17:42:12,1781804532,R_10,4859.216,1,0.08100000000013097,BACKFILL_AUTO
2026-06-18 17:42:14,1781804534,R_10,4859.055,-1,0.1610000000000582,BACKFILL_AUTO
2026-06-18 17:42:16,1781804536,R_10,4859.025,-1,0.030000000000654836,BACKFILL_AUTO
2026-06-18 17:42:18,1781804538,R_10,4859.013,-1,0.011999999999716238,BACKFILL_AUTO
2026-06-18 17:42:20,1781804540,R_10,4858.87,-1,0.1430000000000291,BACKFILL_AUTO
2026-06-18 17:42:22,1781804542,R_10,4858.75,-1,0.11999999999989086,BACKFILL_AUTO
2026-06-18 17:42:24,1781804544,R_10,4858.768,1,0.018000000000029104,BACKFILL_AUTO
2026-06-18 17:42:26,1781804546,R_10,4858.784,1,0.01599999999962165,BACKFILL_AUTO
2026-06-18 17:42:28,1781804548,R_10,4858.821,1,0.037000000000261934,BACKFILL_AUTO
2026-06-18 17:42:30,1781804550,R_10,4858.956,1,0.13500000000021828,BACKFILL_AUTO
2026-06-18 17:42:32,1781804552,R_10,4858.84,-1,0.11599999999998545,BACKFILL_AUTO
2026-06-18 17:42:34,1781804554,R_10,4858.75,-1,0.09000000000014552,BACKFILL_AUTO
2026-06-18 17:42:36,1781804556,R_10,4858.807,1,0.056999999999789,BACKFILL_AUTO
2026-06-18 17:42:38,1781804558,R_10,4858.684,-1,0.12299999999959255,BACKFILL_AUTO
2026-06-18 17:42:40,1781804560,R_10,4858.809,1,0.125,BACKFILL_AUTO
2026-06-18 17:42:42,1781804562,R_10,4858.864,1,0.054999999999381544,BACKFILL_AUTO
2026-06-18 17:42:44,1781804564,R_10,4859.041,1,0.17700000000058935,BACKFILL_AUTO
2026-06-18 17:42:46,1781804566,R_10,4858.772,-1,0.26900000000023283,BACKFILL_AUTO
2026-06-18 17:42:48,1781804568,R_10,4858.88,1,0.10800000000017462,BACKFILL_AUTO
2026-06-18 17:42:50,1781804570,R_10,4858.993,1,0.11300000000028376,BACKFILL_AUTO
2026-06-18 17:42:52,1781804572,R_10,4858.788,-1,0.20500000000083674,BACKFILL_AUTO
2026-06-18 17:42:54,1781804574,R_10,4858.847,1,0.05900000000019645,BACKFILL_AUTO
2026-06-18 17:42:56,1781804576,R_10,4858.625,-1,0.22199999999975262,BACKFILL_AUTO
2026-06-18 17:42:58,1781804578,R_10,4858.776,1,0.15099999999983993,BACKFILL_AUTO
2026-06-18 17:43:00,1781804580,R_10,4858.718,-1,0.057999999999992724,BACKFILL_AUTO
2026-06-18 17:43:02,1781804582,R_10,4858.658,-1,0.05999999999949068,BACKFILL_AUTO
2026-06-18 17:43:04,1781804584,R_10,4858.747,1,0.08899999999994179,BACKFILL_AUTO
2026-06-18 17:43:06,1781804586,R_10,4858.513,-1,0.23400000000037835,BACKFILL_AUTO
2026-06-18 17:43:08,1781804588,R_10,4858.578,1,0.06500000000050932,BACKFILL_AUTO
2026-06-18 17:43:10,1781804590,R_10,4858.573,-1,0.005000000000109139,BACKFILL_AUTO
2026-06-18 17:43:12,1781804592,R_10,4858.765,1,0.19200000000000728,BACKFILL_AUTO
2026-06-18 17:43:14,1781804594,R_10,4858.756,-1,0.009000000000014552,BACKFILL_AUTO
2026-06-18 17:43:16,1781804596,R_10,4858.794,1,0.03799999999955617,BACKFILL_AUTO
2026-06-18 17:43:18,1781804598,R_10,4858.806,1,0.011999999999716238,BACKFILL_AUTO
2026-06-18 17:43:20,1781804600,R_10,4858.894,1,0.08800000000064756,BACKFILL_AUTO
2026-06-18 17:43:22,1781804602,R_10,4858.847,-1,0.04700000000048021,BACKFILL_AUTO
2026-06-18 17:43:24,1781804604,R_10,4858.832,-1,0.014999999999417923,BACKFILL_AUTO
2026-06-18 17:43:26,1781804606,R_10,4858.6,-1,0.2319999999999709,BACKFILL_AUTO
2026-06-18 17:43:28,1781804608,R_10,4858.69,1,0.08999999999923602,BACKFILL_AUTO
2026-06-18 17:43:30,1781804610,R_10,4858.67,-1,0.019999999999527063,BACKFILL_AUTO
2026-06-18 17:43:32,1781804612,R_10,4858.508,-1,0.16200000000026193,BACKFILL_AUTO
2026-06-18 17:43:34,1781804614,R_10,4858.678,1,0.17000000000007276,BACKFILL_AUTO
2026-06-18 17:43:36,1781804616,R_10,4858.308,-1,0.36999999999989086,BACKFILL_AUTO
2026-06-18 17:43:38,1781804618,R_10,4858.165,-1,0.1430000000000291,BACKFILL_AUTO
2026-06-18 17:43:40,1781804620,R_10,4858.07,-1,0.09500000000025466,BACKFILL_AUTO
2026-06-18 17:43:42,1781804622,R_10,4858.299,1,0.2290000000002692,BACKFILL_AUTO
2026-06-18 17:43:44,1781804624,R_10,4858.331,1,0.032000000000152795,BACKFILL_AUTO
2026-06-18 17:43:46,1781804626,R_10,4858.538,1,0.2069999999994252,BACKFILL_AUTO
2026-06-18 17:43:48,1781804628,R_10,4858.435,-1,0.10299999999915599,BACKFILL_AUTO
2026-06-18 17:43:50,1781804630,R_10,4858.355,-1,0.08000000000083674,BACKFILL_AUTO
2026-06-18 17:43:52,1781804632,R_10,4858.497,1,0.14200000000073487,BACKFILL_AUTO
2026-06-18 17:43:54,1781804634,R_10,4858.513,1,0.01599999999962165,BACKFILL_AUTO
2026-06-18 17:43:56,1781804636,R_10,4858.624,1,0.11099999999987631,BACKFILL_AUTO
2026-06-18 17:43:58,1781804638,R_10,4858.786,1,0.16200000000026193,BACKFILL_AUTO
2026-06-18 17:44:00,1781804640,R_10,4858.891,1,0.10499999999956344,BACKFILL_AUTO
2026-06-18 17:44:02,1781804642,R_10,4858.744,-1,0.14699999999993452,BACKFILL_AUTO
2026-06-18 17:44:04,1781804644,R_10,4858.665,-1,0.07899999999972351,BACKFILL_AUTO
2026-06-18 17:44:06,1781804646,R_10,4858.673,1,0.007999999999810825,BACKFILL_AUTO
2026-06-18 17:44:08,1781804648,R_10,4858.691,1,0.018000000000029104,BACKFILL_AUTO
2026-06-18 17:44:10,1781804650,R_10,4858.796,1,0.10500000000047294,BACKFILL_AUTO
2026-06-18 17:44:12,1781804652,R_10,4858.765,-1,0.03099999999994907,BACKFILL_AUTO
2026-06-18 17:44:14,1781804654,R_10,4858.59,-1,0.1750000000001819,BACKFILL_AUTO
2026-06-18 17:44:16,1781804656,R_10,4858.851,1,0.2609999999995125,BACKFILL_AUTO
2026-06-18 17:44:18,1781804658,R_10,4858.679,-1,0.17199999999957072,BACKFILL_AUTO
2026-06-18 17:44:20,1781804660,R_10,4858.555,-1,0.12399999999979627,BACKFILL_AUTO
2026-06-18 17:44:22,1781804662,R_10,4858.546,-1,0.009000000000014552,BACKFILL_AUTO
2026-06-18 17:44:24,1781804664,R_10,4858.454,-1,0.09200000000055297,BACKFILL_AUTO
2026-06-18 17:44:26,1781804666,R_10,4858.618,1,0.1640000000006694,BACKFILL_AUTO
2026-06-18 17:44:28,1781804668,R_10,4858.47,-1,0.14800000000013824,BACKFILL_AUTO
2026-06-18 17:44:30,1781804670,R_10,4858.478,1,0.007999999999810825,BACKFILL_AUTO
2026-06-18 17:44:32,1781804672,R_10,4858.58,1,0.10199999999986176,BACKFILL_AUTO
2026-06-18 17:44:34,1781804674,R_10,4858.558,-1,0.021999999999934516,BACKFILL_AUTO
2026-06-18 17:44:36,1781804676,R_10,4858.491,-1,0.06700000000000728,BACKFILL_AUTO
2026-06-18 17:44:38,1781804678,R_10,4858.419,-1,0.07200000000011642,BACKFILL_AUTO
2026-06-18 17:44:40,1781804680,R_10,4858.387,-1,0.032000000000152795,BACKFILL_AUTO
2026-06-18 17:44:42,1781804682,R_10,4858.233,-1,0.15399999999954161,BACKFILL_AUTO
2026-06-18 17:44:44,1781804684,R_10,4858.293,1,0.05999999999949068,BACKFILL_AUTO
2026-06-18 17:44:46,1781804686,R_10,4858.176,-1,0.11699999999927968,BACKFILL_AUTO
2026-06-18 17:44:48,1781804688,R_10,4858.233,1,0.056999999999789,BACKFILL_AUTO
2026-06-18 17:44:50,1781804690,R_10,4858.073,-1,0.15999999999985448,BACKFILL_AUTO
2026-06-18 17:44:52,1781804692,R_10,4857.955,-1,0.1180000000003929,BACKFILL_AUTO
2026-06-18 17:44:54,1781804694,R_10,4858.057,1,0.10199999999986176,BACKFILL_AUTO
2026-06-18 17:44:56,1781804696,R_10,4857.987,-1,0.06999999999970896,BACKFILL_AUTO
2026-06-18 17:44:58,1781804698,R_10,4858.012,1,0.024999999999636202,BACKFILL_AUTO
2026-06-18 17:45:00,1781804700,R_10,4858.188,1,0.17600000000038563,BACKFILL_AUTO
2026-06-18 17:45:02,1781804702,R_10,4858.069,-1,0.11899999999968713,BACKFILL_AUTO
2026-06-18 17:45:04,1781804704,R_10,4858.0,-1,0.06900000000041473,BACKFILL_AUTO
2026-06-18 17:45:06,1781804706,R_10,4858.034,1,0.033999999999650754,BACKFILL_AUTO
2026-06-18 17:45:08,1781804708,R_10,4857.892,-1,0.14199999999982538,BACKFILL_AUTO
2026-06-18 17:45:10,1781804710,R_10,4857.93,1,0.03800000000046566,BACKFILL_AUTO
2026-06-18 17:45:12,1781804712,R_10,4857.732,-1,0.19800000000032014,BACKFILL_AUTO
2026-06-18 17:45:14,1781804714,R_10,4857.805,1,0.07300000000032014,BACKFILL_AUTO
2026-06-18 17:45:16,1781804716,R_10,4857.778,-1,0.027000000000043656,BACKFILL_AUTO
2026-06-18 17:45:18,1781804718,R_10,4857.746,-1,0.032000000000152795,BACKFILL_AUTO
2026-06-18 17:45:20,1781804720,R_10,4857.697,-1,0.04899999999997817,BACKFILL_AUTO
2026-06-18 17:45:22,1781804722,R_10,4857.627,-1,0.06999999999970896,BACKFILL_AUTO
2026-06-18 17:45:24,1781804724,R_10,4857.682,1,0.054999999999381544,BACKFILL_AUTO
2026-06-18 17:45:26,1781804726,R_10,4857.621,-1,0.06099999999969441,BACKFILL_AUTO
2026-06-18 17:45:28,1781804728,R_10,4857.476,-1,0.14500000000043656,BACKFILL_AUTO
2026-06-18 17:45:30,1781804730,R_10,4857.332,-1,0.14399999999932334,BACKFILL_AUTO
2026-06-18 17:45:32,1781804732,R_10,4857.63,1,0.29799999999977445,BACKFILL_AUTO
2026-06-18 17:45:34,1781804734,R_10,4857.777,1,0.14699999999993452,BACKFILL_AUTO
2026-06-18 17:45:36,1781804736,R_10,4857.645,-1,0.1319999999996071,BACKFILL_AUTO
2026-06-18 17:45:38,1781804738,R_10,4857.738,1,0.0929999999998472,BACKFILL_AUTO
2026-06-18 17:45:40,1781804740,R_10,4857.835,1,0.09699999999975262,BACKFILL_AUTO
2026-06-18 17:45:42,1781804742,R_10,4857.597,-1,0.23800000000028376,BACKFILL_AUTO
2026-06-18 17:45:44,1781804744,R_10,4857.487,-1,0.10999999999967258,BACKFILL_AUTO
2026-06-18 17:45:46,1781804746,R_10,4857.57,1,0.08299999999962893,BACKFILL_AUTO
2026-06-18 17:45:48,1781804748,R_10,4857.545,-1,0.024999999999636202,BACKFILL_AUTO
2026-06-18 17:45:50,1781804750,R_10,4857.498,-1,0.04700000000048021,BACKFILL_AUTO
2026-06-18 17:45:52,1781804752,R_10,4857.35,-1,0.14799999999922875,BACKFILL_AUTO
2026-06-18 17:45:54,1781804754,R_10,4857.115,-1,0.23500000000058208,BACKFILL_AUTO
2026-06-18 17:45:56,1781804756,R_10,4857.111,-1,0.0039999999999054126,BACKFILL_AUTO
2026-06-18 17:45:58,1781804758,R_10,4857.055,-1,0.05599999999958527,BACKFILL_AUTO
2026-06-18 17:46:00,1781804760,R_10,4856.868,-1,0.18699999999989814,BACKFILL_AUTO
2026-06-18 17:46:02,1781804762,R_10,4856.719,-1,0.14900000000034197,BACKFILL_AUTO
2026-06-18 17:46:04,1781804764,R_10,4856.829,1,0.10999999999967258,BACKFILL_AUTO
2026-06-18 17:46:06,1781804766,R_10,4857.056,1,0.22699999999986176,BACKFILL_AUTO
2026-06-18 17:46:08,1781804768,R_10,4857.268,1,0.21200000000044383,BACKFILL_AUTO
2026-06-18 17:46:10,1781804770,R_10,4857.24,-1,0.028000000000247383,BACKFILL_AUTO
2026-06-18 17:46:12,1781804772,R_10,4857.382,1,0.14199999999982538,BACKFILL_AUTO
2026-06-18 17:46:14,1781804774,R_10,4857.446,1,0.06400000000030559,BACKFILL_AUTO
2026-06-18 17:46:16,1781804776,R_10,4857.266,-1,0.18000000000029104,BACKFILL_AUTO
2026-06-18 17:46:18,1781804778,R_10,4857.137,-1,0.1289999999999054,BACKFILL_AUTO
2026-06-18 17:46:20,1781804780,R_10,4857.039,-1,0.09799999999995634,BACKFILL_AUTO
2026-06-18 17:46:22,1781804782,R_10,4857.198,1,0.15900000000056025,BACKFILL_AUTO
2026-06-18 17:46:24,1781804784,R_10,4857.069,-1,0.1289999999999054,BACKFILL_AUTO
2026-06-18 17:46:26,1781804786,R_10,4857.116,1,0.04699999999957072,BACKFILL_AUTO
2026-06-18 17:46:28,1781804788,R_10,4857.128,1,0.011999999999716238,BACKFILL_AUTO
2026-06-18 17:46:30,1781804790,R_10,4856.931,-1,0.19700000000011642,BACKFILL_AUTO
2026-06-18 17:46:32,1781804792,R_10,4856.878,-1,0.052999999999883585,BACKFILL_AUTO
2026-06-18 17:46:34,1781804794,R_10,4856.819,-1,0.058999999999286956,BACKFILL_AUTO
2026-06-18 17:46:36,1781804796,R_10,4856.931,1,0.11199999999917054,BACKFILL_AUTO
2026-06-18 17:46:38,1781804798,R_10,4856.88,-1,0.05099999999947613,BACKFILL_AUTO
2026-06-18 17:46:40,1781804800,R_10,4856.923,1,0.042999999999665306,BACKFILL_AUTO
2026-06-18 17:46:42,1781804802,R_10,4856.674,-1,0.24899999999979627,BACKFILL_AUTO
2026-06-18 17:46:44,1781804804,R_10,4856.472,-1,0.20200000000022555,BACKFILL_AUTO
2026-06-18 17:46:46,1781804806,R_10,4856.383,-1,0.08899999999994179,BACKFILL_AUTO
2026-06-18 17:46:48,1781804808,R_10,4856.218,-1,0.16499999999996362,BACKFILL_AUTO
2026-06-18 17:46:50,1781804810,R_10,4856.141,-1,0.07700000000022555,BACKFILL_AUTO
2026-06-18 17:46:52,1781804812,R_10,4856.43,1,0.2890000000006694,BACKFILL_AUTO
2026-06-18 17:46:54,1781804814,R_10,4856.405,-1,0.025000000000545697,BACKFILL_AUTO
2026-06-18 17:46:56,1781804816,R_10,4856.546,1,0.14100000000053114,BACKFILL_AUTO
2026-06-18 17:46:58,1781804818,R_10,4856.646,1,0.0999999999994543,BACKFILL_AUTO
2026-06-18 17:47:00,1781804820,R_10,4856.457,-1,0.1889999999993961,BACKFILL_AUTO
2026-06-18 17:47:02,1781804822,R_10,4856.494,1,0.03699999999935244,BACKFILL_AUTO
2026-06-18 17:47:04,1781804824,R_10,4856.788,1,0.29399999999986903,BACKFILL_AUTO
2026-06-18 17:47:06,1781804826,R_10,4856.776,-1,0.011999999999716238,BACKFILL_AUTO
2026-06-18 17:47:08,1781804828,R_10,4856.846,1,0.06999999999970896,BACKFILL_AUTO
2026-06-18 17:47:10,1781804830,R_10,4856.875,1,0.02900000000045111,BACKFILL_AUTO
2026-06-18 17:47:12,1781804832,R_10,4856.813,-1,0.06199999999989814,BACKFILL_AUTO
2026-06-18 17:47:14,1781804834,R_10,4856.817,1,0.0039999999999054126,BACKFILL_AUTO
2026-06-18 17:47:16,1781804836,R_10,4856.885,1,0.068000000000211,BACKFILL_AUTO
2026-06-18 17:47:18,1781804838,R_10,4856.818,-1,0.06700000000000728,BACKFILL_AUTO
2026-06-18 17:47:20,1781804840,R_10,4857.001,1,0.18299999999999272,BACKFILL_AUTO
2026-06-18 17:47:22,1781804842,R_10,4857.048,1,0.04699999999957072,BACKFILL_AUTO
2026-06-18 17:47:24,1781804844,R_10,4857.3,1,0.25200000000040745,BACKFILL_AUTO
2026-06-18 17:47:26,1781804846,R_10,4857.391,1,0.09099999999943975,BACKFILL_AUTO
2026-06-18 17:47:28,1781804848,R_10,4857.397,1,0.006000000000312866,BACKFILL_AUTO
2026-06-18 17:47:30,1781804850,R_10,4857.35,-1,0.04699999999957072,BACKFILL_AUTO
2026-06-18 17:47:32,1781804852,R_10,4857.325,-1,0.025000000000545697,BACKFILL_AUTO
2026-06-18 17:47:34,1781804854,R_10,4857.309,-1,0.01599999999962165,BACKFILL_AUTO
2026-06-18 17:47:36,1781804856,R_10,4857.187,-1,0.12200000000029831,BACKFILL_AUTO
2026-06-18 17:47:38,1781804858,R_10,4857.14,-1,0.04699999999957072,BACKFILL_AUTO
2026-06-18 17:47:40,1781804860,R_10,4857.196,1,0.05599999999958527,BACKFILL_AUTO
2026-06-18 17:47:42,1781804862,R_10,4857.122,-1,0.07399999999961437,BACKFILL_AUTO
2026-06-18 17:47:44,1781804864,R_10,4857.431,1,0.30899999999928696,BACKFILL_AUTO
2026-06-18 17:47:46,1781804866,R_10,4857.455,1,0.02400000000034197,BACKFILL_AUTO
2026-06-18 17:47:48,1781804868,R_10,4857.207,-1,0.24799999999959255,BACKFILL_AUTO
2026-06-18 17:47:50,1781804870,R_10,4857.126,-1,0.08100000000013097,BACKFILL_AUTO
2026-06-18 17:47:52,1781804872,R_10,4857.02,-1,0.10599999999976717,BACKFILL_AUTO
2026-06-18 17:47:54,1781804874,R_10,4857.162,1,0.14199999999982538,BACKFILL_AUTO
2026-06-18 17:47:56,1781804876,R_10,4857.001,-1,0.1610000000000582,BACKFILL_AUTO
2026-06-18 17:47:58,1781804878,R_10,4856.93,-1,0.07099999999991269,BACKFILL_AUTO
2026-06-18 17:48:00,1781804880,R_10,4857.015,1,0.08500000000003638,BACKFILL_AUTO
2026-06-18 17:48:02,1781804882,R_10,4857.132,1,0.11699999999927968,BACKFILL_AUTO
2026-06-18 17:48:04,1781804884,R_10,4857.323,1,0.19100000000071304,BACKFILL_AUTO
2026-06-18 17:48:06,1781804886,R_10,4857.484,1,0.1610000000000582,BACKFILL_AUTO
2026-06-18 17:48:08,1781804888,R_10,4857.512,1,0.027999999999337888,BACKFILL_AUTO
2026-06-18 17:48:10,1781804890,R_10,4857.393,-1,0.11899999999968713,BACKFILL_AUTO
2026-06-18 17:48:12,1781804892,R_10,4857.316,-1,0.07700000000022555,BACKFILL_AUTO
2026-06-18 17:48:14,1781804894,R_10,4857.136,-1,0.17999999999938154,BACKFILL_AUTO
2026-06-18 17:48:16,1781804896,R_10,4857.316,1,0.17999999999938154,BACKFILL_AUTO
2026-06-18 17:48:18,1781804898,R_10,4857.199,-1,0.11700000000018917,BACKFILL_AUTO
2026-06-18 17:48:20,1781804900,R_10,4857.083,-1,0.11599999999998545,BACKFILL_AUTO
2026-06-18 17:48:22,1781804902,R_10,4857.164,1,0.08100000000013097,BACKFILL_AUTO
2026-06-18 17:48:24,1781804904,R_10,4857.171,1,0.007000000000516593,BACKFILL_AUTO
2026-06-18 17:48:26,1781804906,R_10,4857.217,1,0.04599999999936699,BACKFILL_AUTO
2026-06-18 17:48:28,1781804908,R_10,4857.305,1,0.08800000000064756,BACKFILL_AUTO
2026-06-18 17:48:30,1781804910,R_10,4857.316,1,0.01099999999951251,BACKFILL_AUTO
2026-06-18 17:48:32,1781804912,R_10,4857.307,-1,0.009000000000014552,BACKFILL_AUTO
2026-06-18 17:48:34,1781804914,R_10,4857.391,1,0.08399999999983265,BACKFILL_AUTO
2026-06-18 17:48:36,1781804916,R_10,4857.318,-1,0.07299999999941065,BACKFILL_AUTO
2026-06-18 17:48:38,1781804918,R_10,4857.241,-1,0.07700000000022555,BACKFILL_AUTO
2026-06-18 17:48:40,1781804920,R_10,4857.173,-1,0.068000000000211,BACKFILL_AUTO
2026-06-18 17:48:42,1781804922,R_10,4857.064,-1,0.10899999999946886,BACKFILL_AUTO
2026-06-18 17:48:44,1781804924,R_10,4857.166,1,0.10199999999986176,BACKFILL_AUTO
2026-06-18 17:48:46,1781804926,R_10,4857.222,1,0.05599999999958527,BACKFILL_AUTO
2026-06-18 17:48:48,1781804928,R_10,4857.262,1,0.03999999999996362,BACKFILL_AUTO
2026-06-18 17:48:50,1781804930,R_10,4857.039,-1,0.22299999999995634,BACKFILL_AUTO
2026-06-18 17:48:52,1781804932,R_10,4857.003,-1,0.03600000000005821,BACKFILL_AUTO
2026-06-18 17:48:54,1781804934,R_10,4856.852,-1,0.15099999999983993,BACKFILL_AUTO
2026-06-18 17:48:56,1781804936,R_10,4857.126,1,0.27400000000034197,BACKFILL_AUTO
2026-06-18 17:48:58,1781804938,R_10,4857.275,1,0.14899999999943248,BACKFILL_AUTO
2026-06-18 17:49:00,1781804940,R_10,4857.315,1,0.03999999999996362,BACKFILL_AUTO
2026-06-18 17:49:02,1781804942,R_10,4857.317,1,0.0020000000004074536,BACKFILL_AUTO
2026-06-18 17:49:04,1781804944,R_10,4857.339,1,0.021999999999934516,BACKFILL_AUTO
2026-06-18 17:49:06,1781804946,R_10,4857.46,1,0.12100000000009459,BACKFILL_AUTO
2026-06-18 17:49:08,1781804948,R_10,4857.374,-1,0.0860000000002401,BACKFILL_AUTO
2026-06-18 17:49:10,1781804950,R_10,4857.689,1,0.3150000000005093,BACKFILL_AUTO
2026-06-18 17:49:12,1781804952,R_10,4857.649,-1,0.03999999999996362,BACKFILL_AUTO
2026-06-18 17:49:14,1781804954,R_10,4857.731,1,0.0819999999994252,BACKFILL_AUTO
2026-06-18 17:49:16,1781804956,R_10,4857.854,1,0.12300000000050204,BACKFILL_AUTO
2026-06-18 17:49:18,1781804958,R_10,4857.907,1,0.052999999999883585,BACKFILL_AUTO
2026-06-18 17:49:20,1781804960,R_10,4857.909,1,0.001999999999497959,BACKFILL_AUTO
2026-06-18 17:49:22,1781804962,R_10,4857.856,-1,0.052999999999883585,BACKFILL_AUTO
2026-06-18 17:49:24,1781804964,R_10,4858.035,1,0.1790000000000873,BACKFILL_AUTO
2026-06-18 17:49:26,1781804966,R_10,4857.957,-1,0.07799999999951979,BACKFILL_AUTO
2026-06-18 17:49:28,1781804968,R_10,4857.961,1,0.0039999999999054126,BACKFILL_AUTO
2026-06-18 17:49:30,1781804970,R_10,4857.921,-1,0.03999999999996362,BACKFILL_AUTO
2026-06-18 17:49:32,1781804972,R_10,4857.914,-1,0.007000000000516593,BACKFILL_AUTO
2026-06-18 17:49:34,1781804974,R_10,4857.914,0,0.0,BACKFILL_AUTO
2026-06-18 17:49:36,1781804976,R_10,4857.945,1,0.03099999999994907,BACKFILL_AUTO
2026-06-18 17:49:38,1781804978,R_10,4857.893,-1,0.05199999999967986,BACKFILL_AUTO
2026-06-18 17:49:40,1781804980,R_10,4857.712,-1,0.18099999999958527,BACKFILL_AUTO
2026-06-18 17:49:42,1781804982,R_10,4857.539,-1,0.17300000000068394,BACKFILL_AUTO
2026-06-18 17:49:44,1781804984,R_10,4857.643,1,0.10400000000026921,BACKFILL_AUTO
2026-06-18 17:49:46,1781804986,R_10,4857.729,1,0.0860000000002401,BACKFILL_AUTO
2026-06-18 17:49:48,1781804988,R_10,4858.005,1,0.27599999999983993,BACKFILL_AUTO
2026-06-18 17:49:50,1781804990,R_10,4858.101,1,0.09599999999954889,BACKFILL_AUTO
2026-06-18 17:49:52,1781804992,R_10,4857.894,-1,0.2069999999994252,BACKFILL_AUTO
2026-06-18 17:49:54,1781804994,R_10,4857.943,1,0.04899999999997817,BACKFILL_AUTO
2026-06-18 17:49:56,1781804996,R_10,4858.068,1,0.125,BACKFILL_AUTO
2026-06-18 17:49:58,1781804998,R_10,4858.198,1,0.13000000000010914,BACKFILL_AUTO
2026-06-18 17:50:00,1781805000,R_10,4858.337,1,0.1390000000001237,BACKFILL_AUTO
2026-06-18 17:50:02,1781805002,R_10,4858.19,-1,0.147000000000844,BACKFILL_AUTO
2026-06-18 17:50:04,1781805004,R_10,4858.13,-1,0.05999999999949068,BACKFILL_AUTO
2026-06-18 17:50:06,1781805006,R_10,4858.386,1,0.25600000000031287,BACKFILL_AUTO
2026-06-18 17:50:08,1781805008,R_10,4858.168,-1,0.2180000000007567,BACKFILL_AUTO
2026-06-18 17:50:10,1781805010,R_10,4858.255,1,0.08700000000044383,BACKFILL_AUTO
2026-06-18 17:50:12,1781805012,R_10,4858.168,-1,0.08700000000044383,BACKFILL_AUTO
2026-06-18 17:50:14,1781805014,R_10,4858.067,-1,0.10099999999965803,BACKFILL_AUTO
2026-06-18 17:50:16,1781805016,R_10,4857.938,-1,0.1289999999999054,BACKFILL_AUTO
2026-06-18 17:50:18,1781805018,R_10,4857.832,-1,0.10599999999976717,BACKFILL_AUTO
2026-06-18 17:50:20,1781805020,R_10,4857.678,-1,0.1540000000004511,BACKFILL_AUTO
2026-06-18 17:50:22,1781805022,R_10,4857.606,-1,0.07200000000011642,BACKFILL_AUTO
2026-06-18 17:50:24,1781805024,R_10,4857.365,-1,0.24099999999998545,BACKFILL_AUTO
2026-06-18 17:50:26,1781805026,R_10,4857.382,1,0.016999999999825377,BACKFILL_AUTO
2026-06-18 17:50:28,1781805028,R_10,4857.543,1,0.1610000000000582,BACKFILL_AUTO
2026-06-18 17:50:30,1781805030,R_10,4857.479,-1,0.0639999999993961,BACKFILL_AUTO
2026-06-18 17:50:32,1781805032,R_10,4857.564,1,0.08500000000003638,BACKFILL_AUTO
2026-06-18 17:50:34,1781805034,R_10,4857.398,-1,0.16600000000016735,BACKFILL_AUTO
2026-06-18 17:50:36,1781805036,R_10,4857.313,-1,0.08500000000003638,BACKFILL_AUTO
2026-06-18 17:50:38,1781805038,R_10,4857.36,1,0.04699999999957072,BACKFILL_AUTO
2026-06-18 17:50:40,1781805040,R_10,4857.335,-1,0.024999999999636202,BACKFILL_AUTO
2026-06-18 17:50:42,1781805042,R_10,4857.172,-1,0.16300000000046566,BACKFILL_AUTO
2026-06-18 17:50:44,1781805044,R_10,4857.045,-1,0.12699999999949796,BACKFILL_AUTO
2026-06-18 17:50:46,1781805046,R_10,4857.019,-1,0.02599999999983993,BACKFILL_AUTO
2026-06-18 17:50:48,1781805048,R_10,4856.936,-1,0.08300000000053842,BACKFILL_AUTO
2026-06-18 17:50:50,1781805050,R_10,4857.004,1,0.068000000000211,BACKFILL_AUTO
2026-06-18 17:50:52,1781805052,R_10,4856.963,-1,0.04100000000016735,BACKFILL_AUTO
2026-06-18 17:50:54,1781805054,R_10,4856.84,-1,0.12299999999959255,BACKFILL_AUTO
2026-06-18 17:50:56,1781805056,R_10,4856.592,-1,0.24800000000050204,BACKFILL_AUTO
2026-06-18 17:50:58,1781805058,R_10,4856.537,-1,0.054999999999381544,BACKFILL_AUTO
2026-06-18 17:51:00,1781805060,R_10,4856.468,-1,0.06900000000041473,BACKFILL_AUTO
2026-06-18 17:51:02,1781805062,R_10,4856.206,-1,0.26199999999971624,BACKFILL_AUTO
2026-06-18 17:51:04,1781805064,R_10,4856.07,-1,0.136000000000422,BACKFILL_AUTO
2026-06-18 17:51:06,1781805066,R_10,4856.124,1,0.05400000000008731,BACKFILL_AUTO
2026-06-18 17:51:08,1781805068,R_10,4856.154,1,0.030000000000654836,BACKFILL_AUTO
2026-06-18 17:51:10,1781805070,R_10,4856.158,1,0.0039999999999054126,BACKFILL_AUTO
2026-06-18 17:51:12,1781805072,R_10,4856.241,1,0.08299999999962893,BACKFILL_AUTO
2026-06-18 17:51:14,1781805074,R_10,4856.168,-1,0.07300000000032014,BACKFILL_AUTO
2026-06-18 17:51:16,1781805076,R_10,4855.973,-1,0.19499999999970896,BACKFILL_AUTO
2026-06-18 17:51:18,1781805078,R_10,4855.969,-1,0.0039999999999054126,BACKFILL_AUTO
2026-06-18 17:51:20,1781805080,R_10,4856.018,1,0.04899999999997817,BACKFILL_AUTO
2026-06-18 17:51:22,1781805082,R_10,4856.186,1,0.1679999999996653,BACKFILL_AUTO
2026-06-18 17:51:24,1781805084,R_10,4856.268,1,0.0820000000003347,BACKFILL_AUTO
2026-06-18 17:51:26,1781805086,R_10,4856.228,-1,0.03999999999996362,BACKFILL_AUTO
2026-06-18 17:51:28,1781805088,R_10,4856.066,-1,0.16200000000026193,BACKFILL_AUTO
2026-06-18 17:51:30,1781805090,R_10,4856.149,1,0.08300000000053842,BACKFILL_AUTO
2026-06-18 17:51:32,1781805092,R_10,4856.157,1,0.007999999999810825,BACKFILL_AUTO
2026-06-18 17:51:34,1781805094,R_10,4856.278,1,0.12100000000009459,BACKFILL_AUTO
2026-06-18 17:51:36,1781805096,R_10,4856.375,1,0.09699999999975262,BACKFILL_AUTO
2026-06-18 17:51:38,1781805098,R_10,4856.418,1,0.042999999999665306,BACKFILL_AUTO
2026-06-18 17:51:40,1781805100,R_10,4856.505,1,0.08700000000044383,BACKFILL_AUTO
2026-06-18 17:51:42,1781805102,R_10,4856.409,-1,0.09600000000045839,BACKFILL_AUTO
2026-06-18 17:51:44,1781805104,R_10,4856.476,1,0.06700000000000728,BACKFILL_AUTO
2026-06-18 17:51:46,1781805106,R_10,4856.281,-1,0.19499999999970896,BACKFILL_AUTO
2026-06-18 17:51:48,1781805108,R_10,4856.131,-1,0.1499999999996362,BACKFILL_AUTO
2026-06-18 17:51:50,1781805110,R_10,4856.056,-1,0.0750000000007276,BACKFILL_AUTO
2026-06-18 17:51:52,1781805112,R_10,4856.234,1,0.17800000000079308,BACKFILL_AUTO
2026-06-18 17:51:54,1781805114,R_10,4856.178,-1,0.056000000000494765,BACKFILL_AUTO
2026-06-18 17:51:56,1781805116,R_10,4856.415,1,0.23700000000008004,BACKFILL_AUTO
2026-06-18 17:51:58,1781805118,R_10,4856.439,1,0.02400000000034197,BACKFILL_AUTO
2026-06-18 17:52:00,1781805120,R_10,4856.539,1,0.0999999999994543,BACKFILL_AUTO
2026-06-18 17:52:02,1781805122,R_10,4856.565,1,0.02599999999983993,BACKFILL_AUTO
2026-06-18 17:52:04,1781805124,R_10,4856.649,1,0.08400000000074215,BACKFILL_AUTO
2026-06-18 17:52:06,1781805126,R_10,4856.716,1,0.06700000000000728,BACKFILL_AUTO
2026-06-18 17:52:08,1781805128,R_10,4856.416,-1,0.3000000000001819,BACKFILL_AUTO
2026-06-18 17:52:10,1781805130,R_10,4856.596,1,0.17999999999938154,BACKFILL_AUTO
2026-06-18 17:52:12,1781805132,R_10,4856.726,1,0.13000000000010914,BACKFILL_AUTO
2026-06-18 17:52:14,1781805134,R_10,4856.822,1,0.09600000000045839,BACKFILL_AUTO
2026-06-18 17:52:16,1781805136,R_10,4856.649,-1,0.17299999999977445,BACKFILL_AUTO
2026-06-18 17:52:18,1781805138,R_10,4856.627,-1,0.021999999999934516,BACKFILL_AUTO
2026-06-18 17:52:20,1781805140,R_10,4856.748,1,0.12099999999918509,BACKFILL_AUTO
2026-06-18 17:52:22,1781805142,R_10,4856.843,1,0.09500000000025466,BACKFILL_AUTO
2026-06-18 17:52:24,1781805144,R_10,4856.648,-1,0.19499999999970896,BACKFILL_AUTO
2026-06-18 17:52:26,1781805146,R_10,4856.646,-1,0.0020000000004074536,BACKFILL_AUTO
2026-06-18 17:52:28,1781805148,R_10,4856.641,-1,0.005000000000109139,BACKFILL_AUTO
2026-06-18 17:52:30,1781805150,R_10,4856.612,-1,0.028999999999541615,BACKFILL_AUTO
2026-06-18 17:52:32,1781805152,R_10,4856.552,-1,0.06000000000040018,BACKFILL_AUTO
2026-06-18 17:52:34,1781805154,R_10,4856.4,-1,0.15200000000004366,BACKFILL_AUTO
2026-06-18 17:52:36,1781805156,R_10,4856.331,-1,0.06899999999950523,BACKFILL_AUTO
2026-06-18 17:52:38,1781805158,R_10,4856.163,-1,0.1680000000005748,BACKFILL_AUTO
2026-06-18 17:52:40,1781805160,R_10,4856.129,-1,0.033999999999650754,BACKFILL_AUTO
2026-06-18 17:52:42,1781805162,R_10,4855.997,-1,0.1319999999996071,BACKFILL_AUTO
2026-06-18 17:52:44,1781805164,R_10,4856.056,1,0.058999999999286956,BACKFILL_AUTO
2026-06-18 17:52:46,1781805166,R_10,4855.828,-1,0.227999999999156,BACKFILL_AUTO
2026-06-18 17:52:48,1781805168,R_10,4855.948,1,0.11999999999989086,BACKFILL_AUTO
2026-06-18 17:52:50,1781805170,R_10,4855.969,1,0.02099999999973079,BACKFILL_AUTO
2026-06-18 17:52:52,1781805172,R_10,4855.956,-1,0.012999999999919964,BACKFILL_AUTO
2026-06-18 17:52:54,1781805174,R_10,4856.019,1,0.06300000000010186,BACKFILL_AUTO
2026-06-18 17:52:56,1781805176,R_10,4856.06,1,0.04100000000016735,BACKFILL_AUTO
2026-06-18 17:52:58,1781805178,R_10,4855.964,-1,0.09600000000045839,BACKFILL_AUTO
2026-06-18 17:53:00,1781805180,R_10,4855.964,0,0.0,BACKFILL_AUTO
2026-06-18 17:53:02,1781805182,R_10,4855.787,-1,0.17699999999967986,BACKFILL_AUTO
2026-06-18 17:53:04,1781805184,R_10,4855.932,1,0.14499999999952706,BACKFILL_AUTO
2026-06-18 17:53:06,1781805186,R_10,4855.974,1,0.042000000000371074,BACKFILL_AUTO
2026-06-18 17:53:08,1781805188,R_10,4855.909,-1,0.06500000000050932,BACKFILL_AUTO
2026-06-18 17:53:10,1781805190,R_10,4856.035,1,0.12600000000020373,BACKFILL_AUTO
2026-06-18 17:53:12,1781805192,R_10,4856.046,1,0.011000000000422006,BACKFILL_AUTO
2026-06-18 17:53:14,1781805194,R_10,4856.0,-1,0.046000000000276486,BACKFILL_AUTO
2026-06-18 17:53:16,1781805196,R_10,4856.214,1,0.2139999999999418,BACKFILL_AUTO
2026-06-18 17:53:18,1781805198,R_10,4856.044,-1,0.17000000000007276,BACKFILL_AUTO
2026-06-18 17:53:20,1781805200,R_10,4856.088,1,0.04399999999986903,BACKFILL_AUTO
2026-06-18 17:53:22,1781805202,R_10,4856.017,-1,0.07099999999991269,BACKFILL_AUTO
2026-06-18 17:53:24,1781805204,R_10,4855.941,-1,0.07600000000002183,BACKFILL_AUTO
2026-06-18 17:53:26,1781805206,R_10,4856.042,1,0.10100000000056752,BACKFILL_AUTO
2026-06-18 17:53:28,1781805208,R_10,4856.049,1,0.006999999999607098,BACKFILL_AUTO
2026-06-18 17:53:30,1781805210,R_10,4855.994,-1,0.05500000000029104,BACKFILL_AUTO
2026-06-18 17:53:32,1781805212,R_10,4855.843,-1,0.15099999999983993,BACKFILL_AUTO
2026-06-18 17:53:34,1781805214,R_10,4855.876,1,0.03300000000035652,BACKFILL_AUTO
2026-06-18 17:53:36,1781805216,R_10,4855.772,-1,0.10400000000026921,BACKFILL_AUTO
2026-06-18 17:53:38,1781805218,R_10,4855.997,1,0.2250000000003638,BACKFILL_AUTO
2026-06-18 17:53:40,1781805220,R_10,4856.018,1,0.02099999999973079,BACKFILL_AUTO
2026-06-18 17:53:42,1781805222,R_10,4855.891,-1,0.12700000000040745,BACKFILL_AUTO
2026-06-18 17:53:44,1781805224,R_10,4856.036,1,0.14500000000043656,BACKFILL_AUTO
2026-06-18 17:53:46,1781805226,R_10,4856.05,1,0.014000000000123691,BACKFILL_AUTO
2026-06-18 17:53:48,1781805228,R_10,4855.997,-1,0.052999999999883585,BACKFILL_AUTO
2026-06-18 17:53:50,1781805230,R_10,4856.107,1,0.10999999999967258,BACKFILL_AUTO
2026-06-18 17:53:52,1781805232,R_10,4856.266,1,0.15899999999965075,BACKFILL_AUTO
2026-06-18 17:53:54,1781805234,R_10,4856.282,1,0.016000000000531145,BACKFILL_AUTO
2026-06-18 17:53:56,1781805236,R_10,4856.291,1,0.009000000000014552,BACKFILL_AUTO
2026-06-18 17:53:58,1781805238,R_10,4856.336,1,0.04500000000007276,BACKFILL_AUTO
2026-06-18 17:54:00,1781805240,R_10,4856.367,1,0.03099999999994907,BACKFILL_AUTO
2026-06-18 17:54:02,1781805242,R_10,4856.401,1,0.033999999999650754,BACKFILL_AUTO
2026-06-18 17:54:04,1781805244,R_10,4856.405,1,0.0039999999999054126,BACKFILL_AUTO
2026-06-18 17:54:06,1781805246,R_10,4856.501,1,0.09600000000045839,BACKFILL_AUTO
2026-06-18 17:54:08,1781805248,R_10,4856.679,1,0.17799999999988358,BACKFILL_AUTO
2026-06-18 17:54:10,1781805250,R_10,4856.654,-1,0.024999999999636202,BACKFILL_AUTO
2026-06-18 17:54:12,1781805252,R_10,4856.739,1,0.08499999999912689,BACKFILL_AUTO
2026-06-18 17:54:14,1781805254,R_10,4856.792,1,0.05300000000079308,BACKFILL_AUTO
2026-06-18 17:54:16,1781805256,R_10,4856.775,-1,0.01700000000073487,BACKFILL_AUTO
2026-06-18 17:54:18,1781805258,R_10,4856.893,1,0.1180000000003929,BACKFILL_AUTO
2026-06-18 17:54:20,1781805260,R_10,4856.985,1,0.09199999999964348,BACKFILL_AUTO
2026-06-18 17:54:22,1781805262,R_10,4857.074,1,0.08899999999994179,BACKFILL_AUTO
2026-06-18 17:54:24,1781805264,R_10,4856.992,-1,0.0819999999994252,BACKFILL_AUTO
2026-06-18 17:54:26,1781805266,R_10,4857.045,1,0.052999999999883585,BACKFILL_AUTO
2026-06-18 17:54:28,1781805268,R_10,4857.008,-1,0.037000000000261934,BACKFILL_AUTO
2026-06-18 17:54:30,1781805270,R_10,4856.789,-1,0.21900000000005093,BACKFILL_AUTO
2026-06-18 17:54:32,1781805272,R_10,4856.9,1,0.11099999999987631,BACKFILL_AUTO
2026-06-18 17:54:34,1781805274,R_10,4857.052,1,0.15200000000004366,BACKFILL_AUTO
2026-06-18 17:54:36,1781805276,R_10,4857.133,1,0.08100000000013097,BACKFILL_AUTO
2026-06-18 17:54:38,1781805278,R_10,4857.118,-1,0.014999999999417923,BACKFILL_AUTO
2026-06-18 17:54:40,1781805280,R_10,4856.997,-1,0.12100000000009459,BACKFILL_AUTO
2026-06-18 17:54:42,1781805282,R_10,4856.85,-1,0.14699999999993452,BACKFILL_AUTO
2026-06-18 17:54:44,1781805284,R_10,4856.917,1,0.06700000000000728,BACKFILL_AUTO
2026-06-18 17:54:46,1781805286,R_10,4857.012,1,0.09499999999934516,BACKFILL_AUTO
2026-06-18 17:54:48,1781805288,R_10,4856.912,-1,0.0999999999994543,BACKFILL_AUTO
2026-06-18 17:54:50,1781805290,R_10,4857.007,1,0.09499999999934516,BACKFILL_AUTO
2026-06-18 17:54:52,1781805292,R_10,4856.888,-1,0.11899999999968713,BACKFILL_AUTO
2026-06-18 17:54:54,1781805294,R_10,4856.859,-1,0.028999999999541615,BACKFILL_AUTO
2026-06-18 17:54:56,1781805296,R_10,4856.816,-1,0.0430000000005748,BACKFILL_AUTO
2026-06-18 17:54:58,1781805298,R_10,4856.847,1,0.03099999999994907,BACKFILL_AUTO
2026-06-18 17:55:00,1781805300,R_10,4856.801,-1,0.04599999999936699,BACKFILL_AUTO
2026-06-18 17:55:02,1781805302,R_10,4856.532,-1,0.26900000000023283,BACKFILL_AUTO
2026-06-18 17:55:04,1781805304,R_10,4856.591,1,0.05900000000019645,BACKFILL_AUTO
2026-06-18 17:55:06,1781805306,R_10,4856.727,1,0.1359999999995125,BACKFILL_AUTO
2026-06-18 17:55:08,1781805308,R_10,4856.67,-1,0.056999999999789,BACKFILL_AUTO
2026-06-18 17:55:10,1781805310,R_10,4856.867,1,0.19700000000011642,BACKFILL_AUTO
2026-06-18 17:55:12,1781805312,R_10,4857.092,1,0.2249999999994543,BACKFILL_AUTO
2026-06-18 17:55:14,1781805314,R_10,4856.969,-1,0.12299999999959255,BACKFILL_AUTO
2026-06-18 17:55:16,1781805316,R_10,4856.992,1,0.023000000000138243,BACKFILL_AUTO
2026-06-18 17:55:18,1781805318,R_10,4856.819,-1,0.17299999999977445,BACKFILL_AUTO
2026-06-18 17:55:20,1781805320,R_10,4856.652,-1,0.16700000000037107,BACKFILL_AUTO
2026-06-18 17:55:22,1781805322,R_10,4856.824,1,0.17199999999957072,BACKFILL_AUTO
2026-06-18 17:55:24,1781805324,R_10,4856.761,-1,0.06299999999919237,BACKFILL_AUTO
2026-06-18 17:55:26,1781805326,R_10,4856.927,1,0.16599999999925785,BACKFILL_AUTO
2026-06-18 17:55:28,1781805328,R_10,4856.929,1,0.0020000000004074536,BACKFILL_AUTO
2026-06-18 17:55:30,1781805330,R_10,4856.985,1,0.05599999999958527,BACKFILL_AUTO
2026-06-18 17:55:32,1781805332,R_10,4856.937,-1,0.047999999999774445,BACKFILL_AUTO
2026-06-18 17:55:34,1781805334,R_10,4856.672,-1,0.2650000000003274,BACKFILL_AUTO
2026-06-18 17:55:36,1781805336,R_10,4856.82,1,0.14800000000013824,BACKFILL_AUTO
2026-06-18 17:55:38,1781805338,R_10,4856.604,-1,0.21599999999943975,BACKFILL_AUTO
2026-06-18 17:55:40,1781805340,R_10,4856.599,-1,0.005000000000109139,BACKFILL_AUTO
2026-06-18 17:55:42,1781805342,R_10,4856.691,1,0.09199999999964348,BACKFILL_AUTO
2026-06-18 17:55:44,1781805344,R_10,4856.635,-1,0.05599999999958527,BACKFILL_AUTO
2026-06-18 17:55:46,1781805346,R_10,4856.726,1,0.09099999999943975,BACKFILL_AUTO
2026-06-18 17:55:48,1781805348,R_10,4856.653,-1,0.07299999999941065,BACKFILL_AUTO
2026-06-18 17:55:50,1781805350,R_10,4856.713,1,0.05999999999949068,BACKFILL_AUTO
2026-06-18 17:55:52,1781805352,R_10,4856.718,1,0.005000000000109139,BACKFILL_AUTO
2026-06-18 17:55:54,1781805354,R_10,4856.476,-1,0.24200000000018917,BACKFILL_AUTO
2026-06-18 17:55:56,1781805356,R_10,4856.516,1,0.03999999999996362,BACKFILL_AUTO
2026-06-18 17:55:58,1781805358,R_10,4856.409,-1,0.1069999999999709,BACKFILL_AUTO
2026-06-18 17:56:00,1781805360,R_10,4856.312,-1,0.09699999999975262,BACKFILL_AUTO
2026-06-18 17:56:02,1781805362,R_10,4856.189,-1,0.12299999999959255,BACKFILL_AUTO
2026-06-18 17:56:04,1781805364,R_10,4856.382,1,0.1929999999993015,BACKFILL_AUTO
2026-06-18 17:56:06,1781805366,R_10,4856.287,-1,0.09499999999934516,BACKFILL_AUTO
2026-06-18 17:56:08,1781805368,R_10,4856.237,-1,0.0500000000001819,BACKFILL_AUTO
2026-06-18 17:56:10,1781805370,R_10,4856.086,-1,0.15099999999983993,BACKFILL_AUTO
2026-06-18 17:56:12,1781805372,R_10,4856.055,-1,0.03099999999994907,BACKFILL_AUTO
2026-06-18 17:56:14,1781805374,R_10,4856.189,1,0.13400000000001455,BACKFILL_AUTO
2026-06-18 17:56:16,1781805376,R_10,4856.055,-1,0.13400000000001455,BACKFILL_AUTO
2026-06-18 17:56:18,1781805378,R_10,4856.04,-1,0.015000000000327418,BACKFILL_AUTO
2026-06-18 17:56:20,1781805380,R_10,4856.096,1,0.05599999999958527,BACKFILL_AUTO
2026-06-18 17:56:22,1781805382,R_10,4855.941,-1,0.15499999999974534,BACKFILL_AUTO
2026-06-18 17:56:24,1781805384,R_10,4855.903,-1,0.03799999999955617,BACKFILL_AUTO
2026-06-18 17:56:26,1781805386,R_10,4855.964,1,0.06099999999969441,BACKFILL_AUTO
2026-06-18 17:56:28,1781805388,R_10,4856.029,1,0.06500000000050932,BACKFILL_AUTO
2026-06-18 17:56:30,1781805390,R_10,4855.935,-1,0.09400000000005093,BACKFILL_AUTO
2026-06-18 17:56:32,1781805392,R_10,4855.829,-1,0.10600000000067666,BACKFILL_AUTO
2026-06-18 17:56:34,1781805394,R_10,4855.793,-1,0.03600000000005821,BACKFILL_AUTO
2026-06-18 17:56:36,1781805396,R_10,4855.725,-1,0.06799999999930151,BACKFILL_AUTO
2026-06-18 17:56:38,1781805398,R_10,4855.961,1,0.2359999999998763,BACKFILL_AUTO
2026-06-18 17:56:40,1781805400,R_10,4855.941,-1,0.020000000000436557,BACKFILL_AUTO
2026-06-18 17:56:42,1781805402,R_10,4855.902,-1,0.03899999999975989,BACKFILL_AUTO
2026-06-18 17:56:44,1781805404,R_10,4856.017,1,0.11499999999978172,BACKFILL_AUTO
2026-06-18 17:56:46,1781805406,R_10,4855.946,-1,0.07099999999991269,BACKFILL_AUTO
2026-06-18 17:56:48,1781805408,R_10,4855.866,-1,0.07999999999992724,BACKFILL_AUTO
2026-06-18 17:56:50,1781805410,R_10,4855.779,-1,0.08699999999953434,BACKFILL_AUTO
2026-06-18 17:56:52,1781805412,R_10,4855.733,-1,0.046000000000276486,BACKFILL_AUTO
2026-06-18 17:56:54,1781805414,R_10,4855.681,-1,0.05200000000058935,BACKFILL_AUTO
2026-06-18 17:56:56,1781805416,R_10,4855.828,1,0.147000000000844,BACKFILL_AUTO
2026-06-18 17:56:58,1781805418,R_10,4855.732,-1,0.09600000000045839,BACKFILL_AUTO
2026-06-18 17:57:00,1781805420,R_10,4855.699,-1,0.03300000000035652,BACKFILL_AUTO
2026-06-18 17:57:02,1781805422,R_10,4855.745,1,0.046000000000276486,BACKFILL_AUTO
2026-06-18 17:57:04,1781805424,R_10,4855.768,1,0.023000000000138243,BACKFILL_AUTO
2026-06-18 17:57:06,1781805426,R_10,4855.958,1,0.18999999999959982,BACKFILL_AUTO
2026-06-18 17:57:08,1781805428,R_10,4855.74,-1,0.2179999999998472,BACKFILL_AUTO
2026-06-18 17:57:10,1781805430,R_10,4855.727,-1,0.012999999999919964,BACKFILL_AUTO
2026-06-18 17:57:12,1781805432,R_10,4855.774,1,0.04700000000048021,BACKFILL_AUTO
2026-06-18 17:57:14,1781805434,R_10,4855.696,-1,0.07800000000042928,BACKFILL_AUTO
2026-06-18 17:57:16,1781805436,R_10,4855.794,1,0.09799999999995634,BACKFILL_AUTO
2026-06-18 17:57:18,1781805438,R_10,4855.738,-1,0.05599999999958527,BACKFILL_AUTO
2026-06-18 17:57:20,1781805440,R_10,4855.796,1,0.057999999999992724,BACKFILL_AUTO
2026-06-18 17:57:22,1781805442,R_10,4855.853,1,0.056999999999789,BACKFILL_AUTO
2026-06-18 17:57:24,1781805444,R_10,4855.695,-1,0.15800000000035652,BACKFILL_AUTO
2026-06-18 17:57:26,1781805446,R_10,4855.86,1,0.16499999999996362,BACKFILL_AUTO
2026-06-18 17:57:28,1781805448,R_10,4855.935,1,0.0750000000007276,BACKFILL_AUTO
2026-06-18 17:57:30,1781805450,R_10,4855.826,-1,0.10900000000037835,BACKFILL_AUTO
2026-06-18 17:57:32,1781805452,R_10,4855.786,-1,0.03999999999996362,BACKFILL_AUTO
2026-06-18 17:57:34,1781805454,R_10,4855.804,1,0.018000000000029104,BACKFILL_AUTO
2026-06-18 17:57:36,1781805456,R_10,4855.9,1,0.09599999999954889,BACKFILL_AUTO
2026-06-18 17:57:38,1781805458,R_10,4855.805,-1,0.09499999999934516,BACKFILL_AUTO
2026-06-18 17:57:40,1781805460,R_10,4855.853,1,0.047999999999774445,BACKFILL_AUTO
2026-06-18 17:57:42,1781805462,R_10,4855.897,1,0.04399999999986903,BACKFILL_AUTO
2026-06-18 17:57:44,1781805464,R_10,4855.974,1,0.07700000000022555,BACKFILL_AUTO
2026-06-18 17:57:46,1781805466,R_10,4856.015,1,0.04100000000016735,BACKFILL_AUTO
2026-06-18 17:57:48,1781805468,R_10,4855.852,-1,0.16300000000046566,BACKFILL_AUTO
2026-06-18 17:57:50,1781805470,R_10,4855.947,1,0.09500000000025466,BACKFILL_AUTO
2026-06-18 17:57:52,1781805472,R_10,4856.066,1,0.11899999999968713,BACKFILL_AUTO
2026-06-18 17:57:54,1781805474,R_10,4856.24,1,0.17399999999997817,BACKFILL_AUTO
2026-06-18 17:57:56,1781805476,R_10,4856.237,-1,0.0029999999997016857,BACKFILL_AUTO
2026-06-18 17:57:58,1781805478,R_10,4855.992,-1,0.24499999999989086,BACKFILL_AUTO
2026-06-18 17:58:00,1781805480,R_10,4855.91,-1,0.0820000000003347,BACKFILL_AUTO
2026-06-18 17:58:02,1781805482,R_10,4855.836,-1,0.07399999999961437,BACKFILL_AUTO
2026-06-18 17:58:04,1781805484,R_10,4855.707,-1,0.1289999999999054,BACKFILL_AUTO
2026-06-18 17:58:06,1781805486,R_10,4855.672,-1,0.035000000000763976,BACKFILL_AUTO
2026-06-18 17:58:08,1781805488,R_10,4855.888,1,0.21600000000034925,BACKFILL_AUTO
2026-06-18 17:58:10,1781805490,R_10,4855.678,-1,0.21000000000003638,BACKFILL_AUTO
2026-06-18 17:58:12,1781805492,R_10,4855.637,-1,0.04100000000016735,BACKFILL_AUTO
2026-06-18 17:58:14,1781805494,R_10,4855.596,-1,0.04100000000016735,BACKFILL_AUTO
2026-06-18 17:58:16,1781805496,R_10,4855.764,1,0.1680000000005748,BACKFILL_AUTO
2026-06-18 17:58:18,1781805498,R_10,4855.789,1,0.024999999999636202,BACKFILL_AUTO
2026-06-18 17:58:20,1781805500,R_10,4855.904,1,0.11500000000069122,BACKFILL_AUTO
2026-06-18 17:58:22,1781805502,R_10,4855.96,1,0.05599999999958527,BACKFILL_AUTO
2026-06-18 17:58:24,1781805504,R_10,4855.942,-1,0.018000000000029104,BACKFILL_AUTO
2026-06-18 17:58:26,1781805506,R_10,4856.034,1,0.09199999999964348,BACKFILL_AUTO
2026-06-18 17:58:28,1781805508,R_10,4855.967,-1,0.06700000000000728,BACKFILL_AUTO
2026-06-18 17:58:30,1781805510,R_10,4856.065,1,0.09799999999995634,BACKFILL_AUTO
2026-06-18 17:58:32,1781805512,R_10,4856.248,1,0.18299999999999272,BACKFILL_AUTO
2026-06-18 17:58:34,1781805514,R_10,4856.189,-1,0.058999999999286956,BACKFILL_AUTO
2026-06-18 17:58:36,1781805516,R_10,4856.19,1,0.0009999999992942321,BACKFILL_AUTO
2026-06-18 17:58:38,1781805518,R_10,4856.089,-1,0.10099999999965803,BACKFILL_AUTO
2026-06-18 17:58:40,1781805520,R_10,4856.059,-1,0.02999999999974534,BACKFILL_AUTO
2026-06-18 17:58:42,1781805522,R_10,4855.986,-1,0.07300000000032014,BACKFILL_AUTO
2026-06-18 17:58:44,1781805524,R_10,4855.639,-1,0.3469999999997526,BACKFILL_AUTO
2026-06-18 17:58:46,1781805526,R_10,4855.659,1,0.019999999999527063,BACKFILL_AUTO
2026-06-18 17:58:48,1781805528,R_10,4855.397,-1,0.26199999999971624,BACKFILL_AUTO
2026-06-18 17:58:50,1781805530,R_10,4855.413,1,0.01599999999962165,BACKFILL_AUTO
2026-06-18 17:58:52,1781805532,R_10,4855.566,1,0.15300000000024738,BACKFILL_AUTO
2026-06-18 17:58:54,1781805534,R_10,4855.408,-1,0.15799999999944703,BACKFILL_AUTO
2026-06-18 17:58:56,1781805536,R_10,4855.38,-1,0.028000000000247383,BACKFILL_AUTO
2026-06-18 17:58:58,1781805538,R_10,4855.262,-1,0.1180000000003929,BACKFILL_AUTO
2026-06-18 17:59:00,1781805540,R_10,4855.177,-1,0.08500000000003638,BACKFILL_AUTO
2026-06-18 17:59:02,1781805542,R_10,4855.003,-1,0.17399999999997817,BACKFILL_AUTO
2026-06-18 17:59:04,1781805544,R_10,4855.077,1,0.07400000000052387,BACKFILL_AUTO
2026-06-18 17:59:06,1781805546,R_10,4855.011,-1,0.06599999999980355,BACKFILL_AUTO
2026-06-18 17:59:08,1781805548,R_10,4854.822,-1,0.1890000000003056,BACKFILL_AUTO
2026-06-18 17:59:10,1781805550,R_10,4854.704,-1,0.1180000000003929,BACKFILL_AUTO
2026-06-18 17:59:12,1781805552,R_10,4854.648,-1,0.05599999999958527,BACKFILL_AUTO
2026-06-18 17:59:14,1781805554,R_10,4854.536,-1,0.11200000000008004,BACKFILL_AUTO
2026-06-18 17:59:16,1781805556,R_10,4854.754,1,0.2179999999998472,BACKFILL_AUTO
2026-06-18 17:59:18,1781805558,R_10,4854.737,-1,0.016999999999825377,BACKFILL_AUTO
2026-06-18 17:59:20,1781805560,R_10,4854.769,1,0.032000000000152795,BACKFILL_AUTO
2026-06-18 17:59:22,1781805562,R_10,4854.986,1,0.21699999999964348,BACKFILL_AUTO
2026-06-18 17:59:24,1781805564,R_10,4855.029,1,0.0430000000005748,BACKFILL_AUTO
2026-06-18 17:59:26,1781805566,R_10,4854.987,-1,0.042000000000371074,BACKFILL_AUTO
2026-06-18 17:59:28,1781805568,R_10,4854.91,-1,0.07700000000022555,BACKFILL_AUTO
2026-06-18 17:59:30,1781805570,R_10,4854.968,1,0.057999999999992724,BACKFILL_AUTO
2026-06-18 17:59:32,1781805572,R_10,4854.997,1,0.02900000000045111,BACKFILL_AUTO
2026-06-18 17:59:34,1781805574,R_10,4854.964,-1,0.03300000000035652,BACKFILL_AUTO
2026-06-18 17:59:36,1781805576,R_10,4854.691,-1,0.27300000000013824,BACKFILL_AUTO
2026-06-18 17:59:38,1781805578,R_10,4854.712,1,0.021000000000640284,BACKFILL_AUTO
2026-06-18 17:59:40,1781805580,R_10,4854.865,1,0.1529999999993379,BACKFILL_AUTO
2026-06-18 17:59:42,1781805582,R_10,4854.855,-1,0.010000000000218279,BACKFILL_AUTO
2026-06-18 17:59:44,1781805584,R_10,4854.785,-1,0.06999999999970896,BACKFILL_AUTO
2026-06-18 17:59:46,1781805586,R_10,4854.766,-1,0.01900000000023283,BACKFILL_AUTO
2026-06-18 17:59:48,1781805588,R_10,4854.755,-1,0.01099999999951251,BACKFILL_AUTO
2026-06-18 17:59:50,1781805590,R_10,4854.896,1,0.14099999999962165,BACKFILL_AUTO
2026-06-18 17:59:52,1781805592,R_10,4854.893,-1,0.0029999999997016857,BACKFILL_AUTO
2026-06-18 17:59:54,1781805594,R_10,4854.98,1,0.08699999999953434,BACKFILL_AUTO
2026-06-18 17:59:56,1781805596,R_10,4855.135,1,0.15500000000065484,BACKFILL_AUTO
2026-06-18 17:59:58,1781805598,R_10,4855.037,-1,0.09799999999995634,BACKFILL_AUTO
2026-06-18 18:00:00,1781805600,R_10,4854.888,-1,0.14900000000034197,BACKFILL_AUTO
2026-06-18 18:00:02,1781805602,R_10,4854.792,-1,0.09599999999954889,BACKFILL_AUTO
2026-06-18 18:00:04,1781805604,R_10,4854.659,-1,0.13300000000072032,BACKFILL_AUTO
2026-06-18 18:00:06,1781805606,R_10,4854.508,-1,0.15099999999983993,BACKFILL_AUTO
2026-06-18 18:00:08,1781805608,R_10,4854.416,-1,0.09199999999964348,BACKFILL_AUTO
2026-06-18 18:00:10,1781805610,R_10,4854.605,1,0.1889999999993961,BACKFILL_AUTO
2026-06-18 18:00:12,1781805612,R_10,4854.662,1,0.05700000000069849,BACKFILL_AUTO
2026-06-18 18:00:14,1781805614,R_10,4854.564,-1,0.09799999999995634,BACKFILL_AUTO
2026-06-18 18:00:16,1781805616,R_10,4854.579,1,0.014999999999417923,BACKFILL_AUTO
2026-06-18 18:00:18,1781805618,R_10,4854.619,1,0.03999999999996362,BACKFILL_AUTO
2026-06-18 18:00:20,1781805620,R_10,4854.644,1,0.025000000000545697,BACKFILL_AUTO
2026-06-18 18:00:22,1781805622,R_10,4854.527,-1,0.11700000000018917,BACKFILL_AUTO
2026-06-18 18:00:24,1781805624,R_10,4854.387,-1,0.14000000000032742,BACKFILL_AUTO
2026-06-18 18:00:26,1781805626,R_10,4854.184,-1,0.2029999999995198,BACKFILL_AUTO
2026-06-18 18:00:28,1781805628,R_10,4854.052,-1,0.1320000000005166,BACKFILL_AUTO
2026-06-18 18:00:30,1781805630,R_10,4854.205,1,0.15300000000024738,BACKFILL_AUTO
2026-06-18 18:00:32,1781805632,R_10,4854.199,-1,0.006000000000312866,BACKFILL_AUTO
2026-06-18 18:00:34,1781805634,R_10,4854.206,1,0.007000000000516593,BACKFILL_AUTO
2026-06-18 18:00:36,1781805636,R_10,4854.073,-1,0.13299999999981083,BACKFILL_AUTO
2026-06-18 18:00:38,1781805638,R_10,4853.968,-1,0.10500000000047294,BACKFILL_AUTO
2026-06-18 18:00:40,1781805640,R_10,4853.913,-1,0.05500000000029104,BACKFILL_AUTO
2026-06-18 18:00:42,1781805642,R_10,4853.812,-1,0.10099999999965803,BACKFILL_AUTO
2026-06-18 18:00:44,1781805644,R_10,4853.835,1,0.023000000000138243,BACKFILL_AUTO
2026-06-18 18:00:46,1781805646,R_10,4853.836,1,0.0010000000002037268,BACKFILL_AUTO
2026-06-18 18:00:48,1781805648,R_10,4853.759,-1,0.07700000000022555,BACKFILL_AUTO
2026-06-18 18:00:50,1781805650,R_10,4853.914,1,0.15499999999974534,BACKFILL_AUTO
2026-06-18 18:00:52,1781805652,R_10,4853.744,-1,0.17000000000007276,BACKFILL_AUTO
2026-06-18 18:00:54,1781805654,R_10,4853.685,-1,0.058999999999286956,BACKFILL_AUTO
2026-06-18 18:00:56,1781805656,R_10,4853.638,-1,0.04700000000048021,BACKFILL_AUTO
2026-06-18 18:00:58,1781805658,R_10,4853.644,1,0.006000000000312866,BACKFILL_AUTO
2026-06-18 18:01:00,1781805660,R_10,4853.586,-1,0.057999999999992724,BACKFILL_AUTO
2026-06-18 18:01:02,1781805662,R_10,4853.663,1,0.07699999999931606,BACKFILL_AUTO
2026-06-18 18:01:04,1781805664,R_10,4853.672,1,0.009000000000014552,BACKFILL_AUTO
2026-06-18 18:01:06,1781805666,R_10,4853.704,1,0.032000000000152795,BACKFILL_AUTO
2026-06-18 18:01:08,1781805668,R_10,4853.563,-1,0.14099999999962165,BACKFILL_AUTO
2026-06-18 18:01:10,1781805670,R_10,4853.592,1,0.028999999999541615,BACKFILL_AUTO
2026-06-18 18:01:12,1781805672,R_10,4853.545,-1,0.04699999999957072,BACKFILL_AUTO
2026-06-18 18:01:14,1781805674,R_10,4853.362,-1,0.18299999999999272,BACKFILL_AUTO
2026-06-18 18:01:16,1781805676,R_10,4853.474,1,0.11200000000008004,BACKFILL_AUTO
2026-06-18 18:01:18,1781805678,R_10,4853.491,1,0.016999999999825377,BACKFILL_AUTO
2026-06-18 18:01:20,1781805680,R_10,4853.511,1,0.020000000000436557,BACKFILL_AUTO
2026-06-18 18:01:22,1781805682,R_10,4853.727,1,0.21599999999943975,BACKFILL_AUTO
2026-06-18 18:01:24,1781805684,R_10,4853.5,-1,0.22699999999986176,BACKFILL_AUTO
2026-06-18 18:01:26,1781805686,R_10,4853.428,-1,0.07200000000011642,BACKFILL_AUTO
2026-06-18 18:01:28,1781805688,R_10,4853.587,1,0.15900000000056025,BACKFILL_AUTO
2026-06-18 18:01:30,1781805690,R_10,4853.289,-1,0.29800000000068394,BACKFILL_AUTO
2026-06-18 18:01:32,1781805692,R_10,4853.397,1,0.10800000000017462,BACKFILL_AUTO
2026-06-18 18:01:34,1781805694,R_10,4853.223,-1,0.17399999999997817,BACKFILL_AUTO
2026-06-18 18:01:36,1781805696,R_10,4853.164,-1,0.05900000000019645,BACKFILL_AUTO
2026-06-18 18:01:38,1781805698,R_10,4852.988,-1,0.17599999999947613,BACKFILL_AUTO
2026-06-18 18:01:40,1781805700,R_10,4853.154,1,0.16600000000016735,BACKFILL_AUTO
2026-06-18 18:01:42,1781805702,R_10,4853.074,-1,0.08000000000083674,BACKFILL_AUTO
2026-06-18 18:01:44,1781805704,R_10,4852.946,-1,0.12799999999970169,BACKFILL_AUTO
2026-06-18 18:01:46,1781805706,R_10,4852.782,-1,0.1639999999997599,BACKFILL_AUTO
2026-06-18 18:01:48,1781805708,R_10,4852.769,-1,0.012999999999919964,BACKFILL_AUTO
2026-06-18 18:01:50,1781805710,R_10,4852.665,-1,0.10400000000026921,BACKFILL_AUTO
2026-06-18 18:01:52,1781805712,R_10,4852.591,-1,0.07399999999961437,BACKFILL_AUTO
2026-06-18 18:01:54,1781805714,R_10,4852.685,1,0.09400000000005093,BACKFILL_AUTO
2026-06-18 18:01:56,1781805716,R_10,4852.775,1,0.08999999999923602,BACKFILL_AUTO
2026-06-18 18:01:58,1781805718,R_10,4852.681,-1,0.09400000000005093,BACKFILL_AUTO
2026-06-18 18:02:00,1781805720,R_10,4852.518,-1,0.16299999999955617,BACKFILL_AUTO
2026-06-18 18:02:02,1781805722,R_10,4852.507,-1,0.011000000000422006,BACKFILL_AUTO
2026-06-18 18:02:04,1781805724,R_10,4852.639,1,0.1320000000005166,BACKFILL_AUTO
2026-06-18 18:02:06,1781805726,R_10,4852.464,-1,0.1750000000001819,BACKFILL_AUTO
2026-06-18 18:02:08,1781805728,R_10,4852.4,-1,0.06400000000030559,BACKFILL_AUTO
2026-06-18 18:02:10,1781805730,R_10,4852.432,1,0.032000000000152795,BACKFILL_AUTO
2026-06-18 18:02:12,1781805732,R_10,4852.336,-1,0.09599999999954889,BACKFILL_AUTO
2026-06-18 18:02:14,1781805734,R_10,4852.258,-1,0.07800000000042928,BACKFILL_AUTO
2026-06-18 18:02:16,1781805736,R_10,4852.076,-1,0.181999999999789,BACKFILL_AUTO
2026-06-18 18:02:18,1781805738,R_10,4852.069,-1,0.006999999999607098,BACKFILL_AUTO
2026-06-18 18:02:20,1781805740,R_10,4852.132,1,0.06299999999919237,BACKFILL_AUTO
2026-06-18 18:02:22,1781805742,R_10,4851.945,-1,0.18699999999989814,BACKFILL_AUTO
2026-06-18 18:02:24,1781805744,R_10,4851.975,1,0.030000000000654836,BACKFILL_AUTO
2026-06-18 18:02:26,1781805746,R_10,4851.96,-1,0.015000000000327418,BACKFILL_AUTO
2026-06-18 18:02:28,1781805748,R_10,4851.835,-1,0.125,BACKFILL_AUTO
2026-06-18 18:02:30,1781805750,R_10,4851.795,-1,0.03999999999996362,BACKFILL_AUTO
2026-06-18 18:02:32,1781805752,R_10,4851.616,-1,0.1790000000000873,BACKFILL_AUTO
2026-06-18 18:02:34,1781805754,R_10,4851.696,1,0.07999999999992724,BACKFILL_AUTO
2026-06-18 18:02:36,1781805756,R_10,4851.787,1,0.09100000000034925,BACKFILL_AUTO
2026-06-18 18:02:38,1781805758,R_10,4851.613,-1,0.17399999999997817,BACKFILL_AUTO
2026-06-18 18:02:40,1781805760,R_10,4851.672,1,0.058999999999286956,BACKFILL_AUTO
2026-06-18 18:02:42,1781805762,R_10,4851.623,-1,0.04899999999997817,BACKFILL_AUTO
2026-06-18 18:02:44,1781805764,R_10,4851.423,-1,0.1999999999998181,BACKFILL_AUTO
2026-06-18 18:02:46,1781805766,R_10,4851.443,1,0.020000000000436557,BACKFILL_AUTO
2026-06-18 18:02:48,1781805768,R_10,4851.419,-1,0.02400000000034197,BACKFILL_AUTO
2026-06-18 18:02:50,1781805770,R_10,4851.436,1,0.016999999999825377,BACKFILL_AUTO
2026-06-18 18:02:52,1781805772,R_10,4851.518,1,0.0820000000003347,BACKFILL_AUTO
2026-06-18 18:02:54,1781805774,R_10,4851.445,-1,0.07300000000032014,BACKFILL_AUTO
2026-06-18 18:02:56,1781805776,R_10,4851.406,-1,0.03899999999975989,BACKFILL_AUTO
2026-06-18 18:02:58,1781805778,R_10,4851.349,-1,0.056999999999789,BACKFILL_AUTO
2026-06-18 18:03:00,1781805780,R_10,4851.42,1,0.07099999999991269,BACKFILL_AUTO
2026-06-18 18:03:02,1781805782,R_10,4851.317,-1,0.10300000000006548,BACKFILL_AUTO
2026-06-18 18:03:04,1781805784,R_10,4851.165,-1,0.15200000000004366,BACKFILL_AUTO
2026-06-18 18:03:06,1781805786,R_10,4851.27,1,0.10500000000047294,BACKFILL_AUTO
2026-06-18 18:03:08,1781805788,R_10,4851.335,1,0.06499999999959982,BACKFILL_AUTO
2026-06-18 18:03:10,1781805790,R_10,4851.072,-1,0.26299999999991996,BACKFILL_AUTO
2026-06-18 18:03:12,1781805792,R_10,4851.103,1,0.03099999999994907,BACKFILL_AUTO
2026-06-18 18:03:14,1781805794,R_10,4851.051,-1,0.05199999999967986,BACKFILL_AUTO
2026-06-18 18:03:16,1781805796,R_10,4851.036,-1,0.015000000000327418,BACKFILL_AUTO
2026-06-18 18:03:18,1781805798,R_10,4851.219,1,0.18299999999999272,BACKFILL_AUTO
2026-06-18 18:03:20,1781805800,R_10,4851.231,1,0.011999999999716238,BACKFILL_AUTO
2026-06-18 18:03:22,1781805802,R_10,4851.015,-1,0.21599999999943975,BACKFILL_AUTO
2026-06-18 18:03:24,1781805804,R_10,4850.998,-1,0.01700000000073487,BACKFILL_AUTO
2026-06-18 18:03:26,1781805806,R_10,4851.121,1,0.12300000000050204,BACKFILL_AUTO
2026-06-18 18:03:28,1781805808,R_10,4851.108,-1,0.012999999999919964,BACKFILL_AUTO
2026-06-18 18:03:30,1781805810,R_10,4850.991,-1,0.11700000000018917,BACKFILL_AUTO
2026-06-18 18:03:32,1781805812,R_10,4850.95,-1,0.04100000000016735,BACKFILL_AUTO
2026-06-18 18:03:34,1781805814,R_10,4850.944,-1,0.0059999999994033715,BACKFILL_AUTO
2026-06-18 18:03:36,1781805816,R_10,4850.977,1,0.03299999999944703,BACKFILL_AUTO
2026-06-18 18:03:38,1781805818,R_10,4850.888,-1,0.08899999999994179,BACKFILL_AUTO
2026-06-18 18:03:40,1781805820,R_10,4850.616,-1,0.2719999999999345,BACKFILL_AUTO
2026-06-18 18:03:42,1781805822,R_10,4850.543,-1,0.07300000000032014,BACKFILL_AUTO
2026-06-18 18:03:44,1781805824,R_10,4850.486,-1,0.056999999999789,BACKFILL_AUTO
2026-06-18 18:03:46,1781805826,R_10,4850.496,1,0.010000000000218279,BACKFILL_AUTO
2026-06-18 18:03:48,1781805828,R_10,4850.51,1,0.014000000000123691,BACKFILL_AUTO
2026-06-18 18:03:50,1781805830,R_10,4850.54,1,0.02999999999974534,BACKFILL_AUTO
2026-06-18 18:03:52,1781805832,R_10,4850.356,-1,0.18400000000019645,BACKFILL_AUTO
2026-06-18 18:03:54,1781805834,R_10,4850.4,1,0.04399999999986903,BACKFILL_AUTO
2026-06-18 18:03:56,1781805836,R_10,4850.387,-1,0.012999999999919964,BACKFILL_AUTO
2026-06-18 18:03:58,1781805838,R_10,4850.369,-1,0.018000000000029104,BACKFILL_AUTO
2026-06-18 18:04:00,1781805840,R_10,4850.373,1,0.0039999999999054126,BACKFILL_AUTO
2026-06-18 18:04:02,1781805842,R_10,4850.318,-1,0.054999999999381544,BACKFILL_AUTO
2026-06-18 18:04:04,1781805844,R_10,4850.18,-1,0.13799999999991996,BACKFILL_AUTO
2026-06-18 18:04:06,1781805846,R_10,4850.206,1,0.02599999999983993,BACKFILL_AUTO
2026-06-18 18:04:08,1781805848,R_10,4850.244,1,0.03799999999955617,BACKFILL_AUTO
2026-06-18 18:04:10,1781805850,R_10,4850.511,1,0.26700000000073487,BACKFILL_AUTO
2026-06-18 18:04:12,1781805852,R_10,4850.542,1,0.03099999999994907,BACKFILL_AUTO
2026-06-18 18:04:14,1781805854,R_10,4850.522,-1,0.020000000000436557,BACKFILL_AUTO
2026-06-18 18:04:16,1781805856,R_10,4850.388,-1,0.13400000000001455,BACKFILL_AUTO
2026-06-18 18:04:18,1781805858,R_10,4850.457,1,0.06900000000041473,BACKFILL_AUTO
2026-06-18 18:04:20,1781805860,R_10,4850.569,1,0.11200000000008004,BACKFILL_AUTO
2026-06-18 18:04:22,1781805862,R_10,4850.778,1,0.20899999999983265,BACKFILL_AUTO
2026-06-18 18:04:24,1781805864,R_10,4850.739,-1,0.03900000000066939,BACKFILL_AUTO
2026-06-18 18:04:26,1781805866,R_10,4850.71,-1,0.028999999999541615,BACKFILL_AUTO
2026-06-18 18:04:28,1781805868,R_10,4850.686,-1,0.02400000000034197,BACKFILL_AUTO
2026-06-18 18:04:30,1781805870,R_10,4850.861,1,0.1750000000001819,BACKFILL_AUTO
2026-06-18 18:04:32,1781805872,R_10,4850.757,-1,0.10400000000026921,BACKFILL_AUTO
2026-06-18 18:04:34,1781805874,R_10,4850.897,1,0.14000000000032742,BACKFILL_AUTO
2026-06-18 18:04:36,1781805876,R_10,4850.943,1,0.046000000000276486,BACKFILL_AUTO
2026-06-18 18:04:38,1781805878,R_10,4850.991,1,0.047999999999774445,BACKFILL_AUTO
2026-06-18 18:04:40,1781805880,R_10,4851.249,1,0.2579999999998108,BACKFILL_AUTO
2026-06-18 18:04:42,1781805882,R_10,4851.195,-1,0.05400000000008731,BACKFILL_AUTO
2026-06-18 18:04:44,1781805884,R_10,4851.252,1,0.05700000000069849,BACKFILL_AUTO
2026-06-18 18:04:46,1781805886,R_10,4851.335,1,0.08299999999962893,BACKFILL_AUTO
2026-06-18 18:04:48,1781805888,R_10,4851.234,-1,0.10099999999965803,BACKFILL_AUTO
2026-06-18 18:04:50,1781805890,R_10,4851.294,1,0.05999999999949068,BACKFILL_AUTO
2026-06-18 18:04:52,1781805892,R_10,4851.037,-1,0.2569999999996071,BACKFILL_AUTO
2026-06-18 18:04:54,1781805894,R_10,4850.914,-1,0.12300000000050204,BACKFILL_AUTO
2026-06-18 18:04:56,1781805896,R_10,4850.846,-1,0.068000000000211,BACKFILL_AUTO
2026-06-18 18:04:58,1781805898,R_10,4850.971,1,0.125,BACKFILL_AUTO
2026-06-18 18:05:00,1781805900,R_10,4850.957,-1,0.013999999999214197,BACKFILL_AUTO
2026-06-18 18:05:02,1781805902,R_10,4851.021,1,0.0639999999993961,BACKFILL_AUTO
2026-06-18 18:05:04,1781805904,R_10,4851.009,-1,0.011999999999716238,BACKFILL_AUTO
2026-06-18 18:05:06,1781805906,R_10,4850.978,-1,0.03099999999994907,BACKFILL_AUTO
2026-06-18 18:05:08,1781805908,R_10,4850.988,1,0.010000000000218279,BACKFILL_AUTO
2026-06-18 18:05:10,1781805910,R_10,4850.973,-1,0.015000000000327418,BACKFILL_AUTO
2026-06-18 18:05:12,1781805912,R_10,4851.076,1,0.10300000000006548,BACKFILL_AUTO
2026-06-18 18:05:14,1781805914,R_10,4851.004,-1,0.07200000000011642,BACKFILL_AUTO
2026-06-18 18:05:16,1781805916,R_10,4851.057,1,0.052999999999883585,BACKFILL_AUTO
2026-06-18 18:05:18,1781805918,R_10,4851.301,1,0.24400000000059663,BACKFILL_AUTO
2026-06-18 18:05:20,1781805920,R_10,4851.222,-1,0.07900000000063301,BACKFILL_AUTO
2026-06-18 18:05:22,1781805922,R_10,4851.018,-1,0.2039999999997235,BACKFILL_AUTO
2026-06-18 18:05:24,1781805924,R_10,4851.191,1,0.17299999999977445,BACKFILL_AUTO
2026-06-18 18:05:26,1781805926,R_10,4851.34,1,0.14900000000034197,BACKFILL_AUTO
2026-06-18 18:05:28,1781805928,R_10,4851.529,1,0.1890000000003056,BACKFILL_AUTO
2026-06-18 18:05:30,1781805930,R_10,4851.527,-1,0.0020000000004074536,BACKFILL_AUTO
2026-06-18 18:05:32,1781805932,R_10,4851.701,1,0.17399999999997817,BACKFILL_AUTO
2026-06-18 18:05:34,1781805934,R_10,4851.576,-1,0.125,BACKFILL_AUTO
2026-06-18 18:05:36,1781805936,R_10,4851.426,-1,0.1499999999996362,BACKFILL_AUTO
2026-06-18 18:05:38,1781805938,R_10,4851.321,-1,0.10500000000047294,BACKFILL_AUTO
2026-06-18 18:05:40,1781805940,R_10,4851.266,-1,0.05500000000029104,BACKFILL_AUTO
2026-06-18 18:05:42,1781805942,R_10,4851.354,1,0.08800000000064756,BACKFILL_AUTO
2026-06-18 18:05:44,1781805944,R_10,4851.402,1,0.047999999999774445,BACKFILL_AUTO
2026-06-18 18:05:46,1781805946,R_10,4851.294,-1,0.10800000000017462,BACKFILL_AUTO
2026-06-18 18:05:48,1781805948,R_10,4851.237,-1,0.056999999999789,BACKFILL_AUTO
2026-06-18 18:05:50,1781805950,R_10,4851.137,-1,0.1000000000003638,BACKFILL_AUTO
2026-06-18 18:05:52,1781805952,R_10,4851.214,1,0.07700000000022555,BACKFILL_AUTO
2026-06-18 18:05:54,1781805954,R_10,4851.194,-1,0.019999999999527063,BACKFILL_AUTO
2026-06-18 18:05:56,1781805956,R_10,4851.18,-1,0.014000000000123691,BACKFILL_AUTO
2026-06-18 18:05:58,1781805958,R_10,4851.222,1,0.04199999999946158,BACKFILL_AUTO
2026-06-18 18:06:00,1781805960,R_10,4851.309,1,0.08700000000044383,BACKFILL_AUTO
2026-06-18 18:06:02,1781805962,R_10,4851.255,-1,0.05400000000008731,BACKFILL_AUTO
2026-06-18 18:06:04,1781805964,R_10,4851.351,1,0.09599999999954889,BACKFILL_AUTO
2026-06-18 18:06:06,1781805966,R_10,4851.447,1,0.09600000000045839,BACKFILL_AUTO
2026-06-18 18:06:08,1781805968,R_10,4851.45,1,0.0029999999997016857,BACKFILL_AUTO
2026-06-18 18:06:10,1781805970,R_10,4851.482,1,0.032000000000152795,BACKFILL_AUTO
2026-06-18 18:06:12,1781805972,R_10,4851.452,-1,0.02999999999974534,BACKFILL_AUTO
2026-06-18 18:06:14,1781805974,R_10,4851.557,1,0.10499999999956344,BACKFILL_AUTO
2026-06-18 18:06:16,1781805976,R_10,4851.608,1,0.051000000000385626,BACKFILL_AUTO
2026-06-18 18:06:18,1781805978,R_10,4851.552,-1,0.056000000000494765,BACKFILL_AUTO
2026-06-18 18:06:20,1781805980,R_10,4851.375,-1,0.17699999999967986,BACKFILL_AUTO
2026-06-18 18:06:22,1781805982,R_10,4851.412,1,0.037000000000261934,BACKFILL_AUTO
2026-06-18 18:06:24,1781805984,R_10,4851.55,1,0.13799999999991996,BACKFILL_AUTO
2026-06-18 18:06:26,1781805986,R_10,4851.674,1,0.12399999999979627,BACKFILL_AUTO
2026-06-18 18:06:28,1781805988,R_10,4851.967,1,0.2929999999996653,BACKFILL_AUTO
2026-06-18 18:06:30,1781805990,R_10,4852.02,1,0.05300000000079308,BACKFILL_AUTO
2026-06-18 18:06:32,1781805992,R_10,4852.016,-1,0.004000000000814907,BACKFILL_AUTO
2026-06-18 18:06:34,1781805994,R_10,4852.009,-1,0.006999999999607098,BACKFILL_AUTO
2026-06-18 18:06:36,1781805996,R_10,4851.755,-1,0.2539999999999054,BACKFILL_AUTO
2026-06-18 18:06:38,1781805998,R_10,4851.686,-1,0.06900000000041473,BACKFILL_AUTO
2026-06-18 18:06:40,1781806000,R_10,4851.675,-1,0.01099999999951251,BACKFILL_AUTO
2026-06-18 18:06:42,1781806002,R_10,4851.883,1,0.20799999999962893,BACKFILL_AUTO
2026-06-18 18:06:44,1781806004,R_10,4851.845,-1,0.03799999999955617,BACKFILL_AUTO
2026-06-18 18:06:46,1781806006,R_10,4851.867,1,0.021999999999934516,BACKFILL_AUTO
2026-06-18 18:06:48,1781806008,R_10,4851.875,1,0.007999999999810825,BACKFILL_AUTO
2026-06-18 18:06:50,1781806010,R_10,4851.945,1,0.06999999999970896,BACKFILL_AUTO
2026-06-18 18:06:52,1781806012,R_10,4852.034,1,0.08899999999994179,BACKFILL_AUTO
2026-06-18 18:06:54,1781806014,R_10,4852.037,1,0.0030000000006111804,BACKFILL_AUTO
2026-06-18 18:06:56,1781806016,R_10,4851.81,-1,0.22699999999986176,BACKFILL_AUTO
2026-06-18 18:06:58,1781806018,R_10,4851.846,1,0.03599999999914871,BACKFILL_AUTO
2026-06-18 18:07:00,1781806020,R_10,4851.984,1,0.13800000000082946,BACKFILL_AUTO
2026-06-18 18:07:02,1781806022,R_10,4852.264,1,0.27999999999974534,BACKFILL_AUTO
2026-06-18 18:07:04,1781806024,R_10,4852.308,1,0.04399999999986903,BACKFILL_AUTO
2026-06-18 18:07:06,1781806026,R_10,4852.17,-1,0.13799999999991996,BACKFILL_AUTO
2026-06-18 18:07:08,1781806028,R_10,4852.081,-1,0.08899999999994179,BACKFILL_AUTO
2026-06-18 18:07:10,1781806030,R_10,4851.986,-1,0.09500000000025466,BACKFILL_AUTO
2026-06-18 18:07:12,1781806032,R_10,4851.937,-1,0.04899999999997817,BACKFILL_AUTO
2026-06-18 18:07:14,1781806034,R_10,4852.006,1,0.06900000000041473,BACKFILL_AUTO
2026-06-18 18:07:16,1781806036,R_10,4851.96,-1,0.046000000000276486,BACKFILL_AUTO
2026-06-18 18:07:18,1781806038,R_10,4852.064,1,0.10400000000026921,BACKFILL_AUTO
2026-06-18 18:07:20,1781806040,R_10,4852.11,1,0.04599999999936699,BACKFILL_AUTO
2026-06-18 18:07:22,1781806042,R_10,4852.244,1,0.13400000000001455,BACKFILL_AUTO
2026-06-18 18:07:24,1781806044,R_10,4852.409,1,0.16499999999996362,BACKFILL_AUTO
2026-06-18 18:07:26,1781806046,R_10,4852.459,1,0.0500000000001819,BACKFILL_AUTO
2026-06-18 18:07:28,1781806048,R_10,4852.439,-1,0.019999999999527063,BACKFILL_AUTO
2026-06-18 18:07:30,1781806050,R_10,4852.594,1,0.15499999999974534,BACKFILL_AUTO
2026-06-18 18:07:32,1781806052,R_10,4852.372,-1,0.22199999999975262,BACKFILL_AUTO
2026-06-18 18:07:34,1781806054,R_10,4852.551,1,0.1790000000000873,BACKFILL_AUTO
2026-06-18 18:07:36,1781806056,R_10,4852.691,1,0.13999999999941792,BACKFILL_AUTO
2026-06-18 18:07:38,1781806058,R_10,4852.544,-1,0.14699999999993452,BACKFILL_AUTO
2026-06-18 18:07:40,1781806060,R_10,4852.533,-1,0.01099999999951251,BACKFILL_AUTO
2026-06-18 18:07:42,1781806062,R_10,4852.428,-1,0.10500000000047294,BACKFILL_AUTO
2026-06-18 18:07:44,1781806064,R_10,4852.417,-1,0.01099999999951251,BACKFILL_AUTO
2026-06-18 18:07:46,1781806066,R_10,4852.604,1,0.18699999999989814,BACKFILL_AUTO
2026-06-18 18:07:48,1781806068,R_10,4852.414,-1,0.19000000000050932,BACKFILL_AUTO
2026-06-18 18:07:50,1781806070,R_10,4852.362,-1,0.05199999999967986,BACKFILL_AUTO
2026-06-18 18:07:52,1781806072,R_10,4852.337,-1,0.024999999999636202,BACKFILL_AUTO
2026-06-18 18:07:54,1781806074,R_10,4852.366,1,0.028999999999541615,BACKFILL_AUTO
2026-06-18 18:07:56,1781806076,R_10,4852.255,-1,0.11099999999987631,BACKFILL_AUTO
2026-06-18 18:07:58,1781806078,R_10,4852.222,-1,0.03300000000035652,BACKFILL_AUTO
2026-06-18 18:08:00,1781806080,R_10,4852.262,1,0.03999999999996362,BACKFILL_AUTO
2026-06-18 18:08:02,1781806082,R_10,4852.407,1,0.14500000000043656,BACKFILL_AUTO
2026-06-18 18:08:04,1781806084,R_10,4852.338,-1,0.06900000000041473,BACKFILL_AUTO
2026-06-18 18:08:06,1781806086,R_10,4852.456,1,0.1180000000003929,BACKFILL_AUTO
2026-06-18 18:08:08,1781806088,R_10,4852.72,1,0.2640000000001237,BACKFILL_AUTO
2026-06-18 18:08:10,1781806090,R_10,4852.87,1,0.1499999999996362,BACKFILL_AUTO
2026-06-18 18:08:12,1781806092,R_10,4853.093,1,0.22299999999995634,BACKFILL_AUTO
2026-06-18 18:08:14,1781806094,R_10,4853.049,-1,0.04399999999986903,BACKFILL_AUTO
2026-06-18 18:08:16,1781806096,R_10,4853.008,-1,0.04100000000016735,BACKFILL_AUTO
2026-06-18 18:08:18,1781806098,R_10,4852.792,-1,0.21599999999943975,BACKFILL_AUTO
2026-06-18 18:08:20,1781806100,R_10,4852.886,1,0.09400000000005093,BACKFILL_AUTO
2026-06-18 18:08:22,1781806102,R_10,4852.997,1,0.11099999999987631,BACKFILL_AUTO
2026-06-18 18:08:24,1781806104,R_10,4852.914,-1,0.08300000000053842,BACKFILL_AUTO
2026-06-18 18:08:26,1781806106,R_10,4852.942,1,0.028000000000247383,BACKFILL_AUTO
2026-06-18 18:08:28,1781806108,R_10,4852.974,1,0.032000000000152795,BACKFILL_AUTO
2026-06-18 18:08:30,1781806110,R_10,4852.919,-1,0.05500000000029104,BACKFILL_AUTO
2026-06-18 18:08:32,1781806112,R_10,4852.764,-1,0.15499999999974534,BACKFILL_AUTO
2026-06-18 18:08:34,1781806114,R_10,4852.78,1,0.01599999999962165,BACKFILL_AUTO
2026-06-18 18:08:36,1781806116,R_10,4852.642,-1,0.13799999999991996,BACKFILL_AUTO
2026-06-18 18:08:38,1781806118,R_10,4852.643,1,0.0010000000002037268,BACKFILL_AUTO
2026-06-18 18:08:40,1781806120,R_10,4852.515,-1,0.12799999999970169,BACKFILL_AUTO
2026-06-18 18:08:42,1781806122,R_10,4852.527,1,0.011999999999716238,BACKFILL_AUTO
2026-06-18 18:08:44,1781806124,R_10,4852.654,1,0.12700000000040745,BACKFILL_AUTO
2026-06-18 18:08:46,1781806126,R_10,4852.584,-1,0.07000000000061846,BACKFILL_AUTO
2026-06-18 18:08:48,1781806128,R_10,4852.642,1,0.057999999999992724,BACKFILL_AUTO
2026-06-18 18:08:50,1781806130,R_10,4852.743,1,0.10100000000056752,BACKFILL_AUTO
2026-06-18 18:08:52,1781806132,R_10,4852.776,1,0.03299999999944703,BACKFILL_AUTO
2026-06-18 18:08:54,1781806134,R_10,4852.809,1,0.03300000000035652,BACKFILL_AUTO
2026-06-18 18:08:56,1781806136,R_10,4852.722,-1,0.08700000000044383,BACKFILL_AUTO
2026-06-18 18:08:58,1781806138,R_10,4852.719,-1,0.0029999999997016857,BACKFILL_AUTO
2026-06-18 18:09:00,1781806140,R_10,4852.78,1,0.06099999999969441,BACKFILL_AUTO
2026-06-18 18:09:02,1781806142,R_10,4852.942,1,0.16200000000026193,BACKFILL_AUTO
2026-06-18 18:09:04,1781806144,R_10,4852.969,1,0.027000000000043656,BACKFILL_AUTO
2026-06-18 18:09:06,1781806146,R_10,4853.057,1,0.08799999999973807,BACKFILL_AUTO
2026-06-18 18:09:08,1781806148,R_10,4853.153,1,0.09600000000045839,BACKFILL_AUTO
2026-06-18 18:09:10,1781806150,R_10,4852.984,-1,0.16899999999986903,BACKFILL_AUTO
2026-06-18 18:09:12,1781806152,R_10,4852.74,-1,0.24400000000059663,BACKFILL_AUTO
2026-06-18 18:09:14,1781806154,R_10,4852.751,1,0.011000000000422006,BACKFILL_AUTO
2026-06-18 18:09:16,1781806156,R_10,4852.571,-1,0.18000000000029104,BACKFILL_AUTO
2026-06-18 18:09:18,1781806158,R_10,4852.522,-1,0.04899999999997817,BACKFILL_AUTO
2026-06-18 18:09:20,1781806160,R_10,4852.546,1,0.02400000000034197,BACKFILL_AUTO
2026-06-18 18:09:22,1781806162,R_10,4852.547,1,0.0009999999992942321,BACKFILL_AUTO
2026-06-18 18:09:24,1781806164,R_10,4852.592,1,0.04500000000007276,BACKFILL_AUTO
2026-06-18 18:09:26,1781806166,R_10,4852.69,1,0.09799999999995634,BACKFILL_AUTO
2026-06-18 18:09:28,1781806168,R_10,4852.767,1,0.07700000000022555,BACKFILL_AUTO
2026-06-18 18:09:30,1781806170,R_10,4852.922,1,0.15499999999974534,BACKFILL_AUTO
2026-06-18 18:09:32,1781806172,R_10,4853.08,1,0.15800000000035652,BACKFILL_AUTO
2026-06-18 18:09:34,1781806174,R_10,4853.103,1,0.023000000000138243,BACKFILL_AUTO
2026-06-18 18:09:36,1781806176,R_10,4852.771,-1,0.3320000000003347,BACKFILL_AUTO
2026-06-18 18:09:38,1781806178,R_10,4852.59,-1,0.18099999999958527,BACKFILL_AUTO
2026-06-18 18:09:40,1781806180,R_10,4852.39,-1,0.1999999999998181,BACKFILL_AUTO
2026-06-18 18:09:42,1781806182,R_10,4852.303,-1,0.08700000000044383,BACKFILL_AUTO
2026-06-18 18:09:44,1781806184,R_10,4852.543,1,0.23999999999978172,BACKFILL_AUTO
2026-06-18 18:09:46,1781806186,R_10,4852.591,1,0.04800000000068394,BACKFILL_AUTO
2026-06-18 18:09:48,1781806188,R_10,4852.498,-1,0.0930000000007567,BACKFILL_AUTO
2026-06-18 18:09:50,1781806190,R_10,4852.536,1,0.03800000000046566,BACKFILL_AUTO
2026-06-18 18:09:52,1781806192,R_10,4852.278,-1,0.2579999999998108,BACKFILL_AUTO
2026-06-18 18:09:54,1781806194,R_10,4852.051,-1,0.22699999999986176,BACKFILL_AUTO
2026-06-18 18:09:56,1781806196,R_10,4851.846,-1,0.20500000000083674,BACKFILL_AUTO
2026-06-18 18:09:58,1781806198,R_10,4851.849,1,0.0030000000006111804,BACKFILL_AUTO
2026-06-18 18:10:00,1781806200,R_10,4851.941,1,0.09199999999964348,BACKFILL_AUTO
2026-06-18 18:10:02,1781806202,R_10,4851.686,-1,0.25500000000010914,BACKFILL_AUTO
2026-06-18 18:10:04,1781806204,R_10,4851.799,1,0.11300000000028376,BACKFILL_AUTO
2026-06-18 18:10:06,1781806206,R_10,4851.661,-1,0.13799999999991996,BACKFILL_AUTO
2026-06-18 18:10:08,1781806208,R_10,4851.645,-1,0.01599999999962165,BACKFILL_AUTO
2026-06-18 18:10:10,1781806210,R_10,4851.367,-1,0.2780000000002474,BACKFILL_AUTO
2026-06-18 18:10:12,1781806212,R_10,4851.266,-1,0.10100000000056752,BACKFILL_AUTO
2026-06-18 18:10:14,1781806214,R_10,4851.257,-1,0.009000000000014552,BACKFILL_AUTO
2026-06-18 18:10:16,1781806216,R_10,4851.353,1,0.09600000000045839,BACKFILL_AUTO
2026-06-18 18:10:18,1781806218,R_10,4851.439,1,0.0860000000002401,BACKFILL_AUTO
2026-06-18 18:10:20,1781806220,R_10,4851.494,1,0.054999999999381544,BACKFILL_AUTO
2026-06-18 18:10:22,1781806222,R_10,4851.691,1,0.19700000000011642,BACKFILL_AUTO
2026-06-18 18:10:24,1781806224,R_10,4851.668,-1,0.023000000000138243,BACKFILL_AUTO
2026-06-18 18:10:26,1781806226,R_10,4851.508,-1,0.15999999999985448,BACKFILL_AUTO
2026-06-18 18:10:28,1781806228,R_10,4851.526,1,0.018000000000029104,BACKFILL_AUTO
2026-06-18 18:10:30,1781806230,R_10,4851.498,-1,0.028000000000247383,BACKFILL_AUTO
2026-06-18 18:10:32,1781806232,R_10,4851.673,1,0.1750000000001819,BACKFILL_AUTO
2026-06-18 18:10:34,1781806234,R_10,4851.722,1,0.04899999999997817,BACKFILL_AUTO
2026-06-18 18:10:36,1781806236,R_10,4851.799,1,0.07700000000022555,BACKFILL_AUTO
2026-06-18 18:10:38,1781806238,R_10,4851.796,-1,0.0029999999997016857,BACKFILL_AUTO
2026-06-18 18:10:40,1781806240,R_10,4851.815,1,0.018999999999323336,BACKFILL_AUTO
2026-06-18 18:10:42,1781806242,R_10,4851.848,1,0.03300000000035652,BACKFILL_AUTO
2026-06-18 18:10:44,1781806244,R_10,4852.073,1,0.2250000000003638,BACKFILL_AUTO
2026-06-18 18:10:46,1781806246,R_10,4851.913,-1,0.16000000000076398,BACKFILL_AUTO
2026-06-18 18:10:48,1781806248,R_10,4851.9,-1,0.012999999999919964,BACKFILL_AUTO
2026-06-18 18:10:50,1781806250,R_10,4852.038,1,0.13799999999991996,BACKFILL_AUTO
2026-06-18 18:10:52,1781806252,R_10,4851.876,-1,0.16199999999935244,BACKFILL_AUTO
2026-06-18 18:10:54,1781806254,R_10,4851.523,-1,0.3530000000000655,BACKFILL_AUTO
2026-06-18 18:10:56,1781806256,R_10,4851.428,-1,0.09500000000025466,BACKFILL_AUTO
2026-06-18 18:10:58,1781806258,R_10,4851.551,1,0.12300000000050204,BACKFILL_AUTO
2026-06-18 18:11:00,1781806260,R_10,4851.534,-1,0.01700000000073487,BACKFILL_AUTO
2026-06-18 18:11:02,1781806262,R_10,4851.582,1,0.04800000000068394,BACKFILL_AUTO
2026-06-18 18:11:04,1781806264,R_10,4851.785,1,0.2029999999995198,BACKFILL_AUTO
2026-06-18 18:11:06,1781806266,R_10,4851.596,-1,0.1890000000003056,BACKFILL_AUTO
2026-06-18 18:11:08,1781806268,R_10,4851.42,-1,0.17599999999947613,BACKFILL_AUTO
2026-06-18 18:11:10,1781806270,R_10,4851.361,-1,0.05900000000019645,BACKFILL_AUTO
2026-06-18 18:11:12,1781806272,R_10,4851.433,1,0.07200000000011642,BACKFILL_AUTO
2026-06-18 18:11:14,1781806274,R_10,4851.637,1,0.2039999999997235,BACKFILL_AUTO
2026-06-18 18:11:16,1781806276,R_10,4851.618,-1,0.018999999999323336,BACKFILL_AUTO
2026-06-18 18:11:18,1781806278,R_10,4851.736,1,0.11799999999948341,BACKFILL_AUTO
2026-06-18 18:11:20,1781806280,R_10,4851.824,1,0.08799999999973807,BACKFILL_AUTO
2026-06-18 18:11:22,1781806282,R_10,4851.991,1,0.16700000000037107,BACKFILL_AUTO
2026-06-18 18:11:24,1781806284,R_10,4851.848,-1,0.1430000000000291,BACKFILL_AUTO
2026-06-18 18:11:26,1781806286,R_10,4851.897,1,0.04899999999997817,BACKFILL_AUTO
2026-06-18 18:11:28,1781806288,R_10,4851.866,-1,0.03099999999994907,BACKFILL_AUTO
2026-06-18 18:11:30,1781806290,R_10,4852.007,1,0.14099999999962165,BACKFILL_AUTO
2026-06-18 18:11:32,1781806292,R_10,4852.013,1,0.006000000000312866,BACKFILL_AUTO
2026-06-18 18:11:34,1781806294,R_10,4851.736,-1,0.27700000000004366,BACKFILL_AUTO
2026-06-18 18:11:36,1781806296,R_10,4851.626,-1,0.10999999999967258,BACKFILL_AUTO
2026-06-18 18:11:38,1781806298,R_10,4851.523,-1,0.10300000000006548,BACKFILL_AUTO
2026-06-18 18:11:40,1781806300,R_10,4851.503,-1,0.020000000000436557,BACKFILL_AUTO
2026-06-18 18:11:42,1781806302,R_10,4851.657,1,0.1540000000004511,BACKFILL_AUTO
2026-06-18 18:11:44,1781806304,R_10,4851.777,1,0.11999999999989086,BACKFILL_AUTO
2026-06-18 18:11:46,1781806306,R_10,4851.769,-1,0.007999999999810825,BACKFILL_AUTO
2026-06-18 18:11:48,1781806308,R_10,4851.726,-1,0.0430000000005748,BACKFILL_AUTO
2026-06-18 18:11:50,1781806310,R_10,4851.813,1,0.08700000000044383,BACKFILL_AUTO
2026-06-18 18:11:52,1781806312,R_10,4851.904,1,0.09100000000034925,BACKFILL_AUTO
2026-06-18 18:11:54,1781806314,R_10,4851.861,-1,0.0430000000005748,BACKFILL_AUTO
2026-06-18 18:11:56,1781806316,R_10,4851.986,1,0.125,BACKFILL_AUTO
2026-06-18 18:11:58,1781806318,R_10,4851.948,-1,0.03799999999955617,BACKFILL_AUTO
2026-06-18 18:12:00,1781806320,R_10,4852.098,1,0.1499999999996362,BACKFILL_AUTO
2026-06-18 18:12:02,1781806322,R_10,4852.054,-1,0.04399999999986903,BACKFILL_AUTO
2026-06-18 18:12:04,1781806324,R_10,4852.06,1,0.006000000000312866,BACKFILL_AUTO
2026-06-18 18:12:06,1781806326,R_10,4851.943,-1,0.11700000000018917,BACKFILL_AUTO
2026-06-18 18:12:08,1781806328,R_10,4851.856,-1,0.08700000000044383,BACKFILL_AUTO
2026-06-18 18:12:10,1781806330,R_10,4851.778,-1,0.07799999999951979,BACKFILL_AUTO
2026-06-18 18:12:12,1781806332,R_10,4851.749,-1,0.02900000000045111,BACKFILL_AUTO
2026-06-18 18:12:14,1781806334,R_10,4851.801,1,0.05200000000058935,BACKFILL_AUTO
2026-06-18 18:12:16,1781806336,R_10,4851.733,-1,0.068000000000211,BACKFILL_AUTO
2026-06-18 18:12:18,1781806338,R_10,4851.777,1,0.04399999999986903,BACKFILL_AUTO
2026-06-18 18:12:20,1781806340,R_10,4851.744,-1,0.03300000000035652,BACKFILL_AUTO
2026-06-18 18:12:22,1781806342,R_10,4851.789,1,0.04500000000007276,BACKFILL_AUTO
2026-06-18 18:12:24,1781806344,R_10,4852.024,1,0.23500000000058208,BACKFILL_AUTO
2026-06-18 18:12:26,1781806346,R_10,4852.2,1,0.17599999999947613,BACKFILL_AUTO
2026-06-18 18:12:28,1781806348,R_10,4852.199,-1,0.0010000000002037268,BACKFILL_AUTO
2026-06-18 18:12:30,1781806350,R_10,4852.139,-1,0.05999999999949068,BACKFILL_AUTO
2026-06-18 18:12:32,1781806352,R_10,4852.246,1,0.1069999999999709,BACKFILL_AUTO
2026-06-18 18:12:34,1781806354,R_10,4852.391,1,0.14499999999952706,BACKFILL_AUTO
2026-06-18 18:12:36,1781806356,R_10,4852.464,1,0.07300000000032014,BACKFILL_AUTO
2026-06-18 18:12:38,1781806358,R_10,4852.325,-1,0.1390000000001237,BACKFILL_AUTO
2026-06-18 18:12:40,1781806360,R_10,4852.252,-1,0.07299999999941065,BACKFILL_AUTO
2026-06-18 18:12:42,1781806362,R_10,4852.362,1,0.10999999999967258,BACKFILL_AUTO
2026-06-18 18:12:44,1781806364,R_10,4852.141,-1,0.22100000000045839,BACKFILL_AUTO
2026-06-18 18:12:46,1781806366,R_10,4852.173,1,0.032000000000152795,BACKFILL_AUTO
2026-06-18 18:12:48,1781806368,R_10,4852.208,1,0.03499999999985448,BACKFILL_AUTO
2026-06-18 18:12:50,1781806370,R_10,4852.158,-1,0.049999999999272404,BACKFILL_AUTO
2026-06-18 18:12:52,1781806372,R_10,4852.13,-1,0.028000000000247383,BACKFILL_AUTO
2026-06-18 18:12:54,1781806374,R_10,4852.051,-1,0.07899999999972351,BACKFILL_AUTO
2026-06-18 18:12:56,1781806376,R_10,4851.928,-1,0.12300000000050204,BACKFILL_AUTO
2026-06-18 18:12:58,1781806378,R_10,4851.907,-1,0.02099999999973079,BACKFILL_AUTO
2026-06-18 18:13:00,1781806380,R_10,4851.982,1,0.0749999999998181,BACKFILL_AUTO
2026-06-18 18:13:02,1781806382,R_10,4851.786,-1,0.1959999999999127,BACKFILL_AUTO
2026-06-18 18:13:04,1781806384,R_10,4851.67,-1,0.11599999999998545,BACKFILL_AUTO
2026-06-18 18:13:06,1781806386,R_10,4851.725,1,0.05500000000029104,BACKFILL_AUTO
2026-06-18 18:13:08,1781806388,R_10,4851.898,1,0.17299999999977445,BACKFILL_AUTO
2026-06-18 18:13:10,1781806390,R_10,4851.92,1,0.021999999999934516,BACKFILL_AUTO
2026-06-18 18:13:12,1781806392,R_10,4852.062,1,0.14199999999982538,BACKFILL_AUTO
2026-06-18 18:13:14,1781806394,R_10,4851.99,-1,0.07200000000011642,BACKFILL_AUTO
2026-06-18 18:13:16,1781806396,R_10,4851.905,-1,0.08500000000003638,BACKFILL_AUTO
2026-06-18 18:13:18,1781806398,R_10,4851.881,-1,0.023999999999432475,BACKFILL_AUTO
2026-06-18 18:13:20,1781806400,R_10,4852.043,1,0.16199999999935244,BACKFILL_AUTO
2026-06-18 18:13:22,1781806402,R_10,4852.08,1,0.037000000000261934,BACKFILL_AUTO
2026-06-18 18:13:24,1781806404,R_10,4852.078,-1,0.001999999999497959,BACKFILL_AUTO
2026-06-18 18:13:26,1781806406,R_10,4852.177,1,0.09899999999925058,BACKFILL_AUTO
2026-06-18 18:13:28,1781806408,R_10,4851.831,-1,0.3459999999995489,BACKFILL_AUTO
2026-06-18 18:13:30,1781806410,R_10,4852.179,1,0.34799999999995634,BACKFILL_AUTO
2026-06-18 18:13:32,1781806412,R_10,4852.436,1,0.2569999999996071,BACKFILL_AUTO
2026-06-18 18:13:34,1781806414,R_10,4852.469,1,0.03300000000035652,BACKFILL_AUTO
2026-06-18 18:13:36,1781806416,R_10,4852.483,1,0.014000000000123691,BACKFILL_AUTO
2026-06-18 18:13:38,1781806418,R_10,4852.458,-1,0.025000000000545697,BACKFILL_AUTO
2026-06-18 18:13:40,1781806420,R_10,4852.46,1,0.0020000000004074536,BACKFILL_AUTO
2026-06-18 18:13:42,1781806422,R_10,4852.818,1,0.3580000000001746,BACKFILL_AUTO
2026-06-18 18:13:44,1781806424,R_10,4852.661,-1,0.1570000000001528,BACKFILL_AUTO
2026-06-18 18:13:46,1781806426,R_10,4852.758,1,0.09699999999975262,BACKFILL_AUTO
2026-06-18 18:13:48,1781806428,R_10,4852.586,-1,0.17199999999957072,BACKFILL_AUTO
2026-06-18 18:13:50,1781806430,R_10,4852.39,-1,0.1959999999999127,BACKFILL_AUTO
2026-06-18 18:13:52,1781806432,R_10,4852.692,1,0.30199999999967986,BACKFILL_AUTO
2026-06-18 18:13:54,1781806434,R_10,4852.76,1,0.068000000000211,BACKFILL_AUTO
2026-06-18 18:13:56,1781806436,R_10,4852.883,1,0.12299999999959255,BACKFILL_AUTO
2026-06-18 18:13:58,1781806438,R_10,4852.798,-1,0.08500000000003638,BACKFILL_AUTO
2026-06-18 18:14:00,1781806440,R_10,4852.775,-1,0.023000000000138243,BACKFILL_AUTO
2026-06-18 18:14:02,1781806442,R_10,4852.786,1,0.011000000000422006,BACKFILL_AUTO
2026-06-18 18:14:04,1781806444,R_10,4852.726,-1,0.06000000000040018,BACKFILL_AUTO
2026-06-18 18:14:06,1781806446,R_10,4852.641,-1,0.08500000000003638,BACKFILL_AUTO
2026-06-18 18:14:08,1781806448,R_10,4852.751,1,0.11000000000058208,BACKFILL_AUTO
2026-06-18 18:14:10,1781806450,R_10,4852.665,-1,0.0860000000002401,BACKFILL_AUTO
2026-06-18 18:14:12,1781806452,R_10,4852.446,-1,0.21900000000005093,BACKFILL_AUTO
2026-06-18 18:14:14,1781806454,R_10,4852.488,1,0.042000000000371074,BACKFILL_AUTO
2026-06-18 18:14:16,1781806456,R_10,4852.519,1,0.03099999999994907,BACKFILL_AUTO
2026-06-18 18:14:18,1781806458,R_10,4852.382,-1,0.13700000000062573,BACKFILL_AUTO
2026-06-18 18:14:20,1781806460,R_10,4852.26,-1,0.12199999999938882,BACKFILL_AUTO
2026-06-18 18:14:22,1781806462,R_10,4852.17,-1,0.09000000000014552,BACKFILL_AUTO
2026-06-18 18:14:24,1781806464,R_10,4852.214,1,0.04399999999986903,BACKFILL_AUTO
2026-06-18 18:14:26,1781806466,R_10,4852.221,1,0.006999999999607098,BACKFILL_AUTO
2026-06-18 18:14:28,1781806468,R_10,4852.389,1,0.1680000000005748,BACKFILL_AUTO
2026-06-18 18:14:30,1781806470,R_10,4852.464,1,0.0749999999998181,BACKFILL_AUTO
2026-06-18 18:14:32,1781806472,R_10,4852.361,-1,0.10300000000006548,BACKFILL_AUTO
2026-06-18 18:14:34,1781806474,R_10,4852.262,-1,0.09900000000016007,BACKFILL_AUTO
2026-06-18 18:14:36,1781806476,R_10,4852.465,1,0.20300000000042928,BACKFILL_AUTO
2026-06-18 18:14:38,1781806478,R_10,4852.174,-1,0.29100000000016735,BACKFILL_AUTO
2026-06-18 18:14:40,1781806480,R_10,4852.314,1,0.14000000000032742,BACKFILL_AUTO
2026-06-18 18:14:42,1781806482,R_10,4852.367,1,0.052999999999883585,BACKFILL_AUTO
2026-06-18 18:14:44,1781806484,R_10,4852.415,1,0.047999999999774445,BACKFILL_AUTO
2026-06-18 18:14:46,1781806486,R_10,4852.533,1,0.1180000000003929,BACKFILL_AUTO
2026-06-18 18:14:48,1781806488,R_10,4852.523,-1,0.010000000000218279,BACKFILL_AUTO
2026-06-18 18:14:50,1781806490,R_10,4852.443,-1,0.07999999999992724,BACKFILL_AUTO
2026-06-18 18:14:52,1781806492,R_10,4852.539,1,0.09599999999954889,BACKFILL_AUTO
2026-06-18 18:14:54,1781806494,R_10,4852.474,-1,0.06499999999959982,BACKFILL_AUTO
2026-06-18 18:14:56,1781806496,R_10,4852.419,-1,0.05500000000029104,BACKFILL_AUTO
2026-06-18 18:14:58,1781806498,R_10,4852.463,1,0.04399999999986903,BACKFILL_AUTO
2026-06-18 18:15:00,1781806500,R_10,4852.506,1,0.0430000000005748,BACKFILL_AUTO
2026-06-18 18:15:02,1781806502,R_10,4852.51,1,0.0039999999999054126,BACKFILL_AUTO
2026-06-18 18:15:04,1781806504,R_10,4852.367,-1,0.1430000000000291,BACKFILL_AUTO
2026-06-18 18:15:06,1781806506,R_10,4852.415,1,0.047999999999774445,BACKFILL_AUTO
2026-06-18 18:15:08,1781806508,R_10,4852.524,1,0.10900000000037835,BACKFILL_AUTO
2026-06-18 18:15:10,1781806510,R_10,4852.582,1,0.057999999999992724,BACKFILL_AUTO
2026-06-18 18:15:12,1781806512,R_10,4852.412,-1,0.17000000000007276,BACKFILL_AUTO
2026-06-18 18:15:14,1781806514,R_10,4852.549,1,0.13699999999971624,BACKFILL_AUTO
2026-06-18 18:15:16,1781806516,R_10,4852.718,1,0.16899999999986903,BACKFILL_AUTO
2026-06-18 18:15:18,1781806518,R_10,4852.619,-1,0.09900000000016007,BACKFILL_AUTO
2026-06-18 18:15:20,1781806520,R_10,4852.594,-1,0.024999999999636202,BACKFILL_AUTO
2026-06-18 18:15:22,1781806522,R_10,4852.553,-1,0.04100000000016735,BACKFILL_AUTO
2026-06-18 18:15:24,1781806524,R_10,4852.286,-1,0.2669999999998254,BACKFILL_AUTO
2026-06-18 18:15:26,1781806526,R_10,4851.912,-1,0.3739999999997963,BACKFILL_AUTO
2026-06-18 18:15:28,1781806528,R_10,4851.972,1,0.05999999999949068,BACKFILL_AUTO
2026-06-18 18:15:30,1781806530,R_10,4851.945,-1,0.027000000000043656,BACKFILL_AUTO
2026-06-18 18:15:32,1781806532,R_10,4851.901,-1,0.04399999999986903,BACKFILL_AUTO
2026-06-18 18:15:34,1781806534,R_10,4851.885,-1,0.01599999999962165,BACKFILL_AUTO
2026-06-18 18:15:36,1781806536,R_10,4851.672,-1,0.21300000000064756,BACKFILL_AUTO
2026-06-18 18:15:38,1781806538,R_10,4851.661,-1,0.01099999999951251,BACKFILL_AUTO
2026-06-18 18:15:40,1781806540,R_10,4851.799,1,0.13799999999991996,BACKFILL_AUTO
2026-06-18 18:15:42,1781806542,R_10,4851.578,-1,0.2209999999995489,BACKFILL_AUTO
2026-06-18 18:15:44,1781806544,R_10,4851.53,-1,0.04800000000068394,BACKFILL_AUTO
2026-06-18 18:15:46,1781806546,R_10,4851.563,1,0.03300000000035652,BACKFILL_AUTO
2026-06-18 18:15:48,1781806548,R_10,4851.65,1,0.08699999999953434,BACKFILL_AUTO
2026-06-18 18:15:50,1781806550,R_10,4851.652,1,0.0020000000004074536,BACKFILL_AUTO
2026-06-18 18:15:52,1781806552,R_10,4851.835,1,0.18299999999999272,BACKFILL_AUTO
2026-06-18 18:15:54,1781806554,R_10,4851.847,1,0.011999999999716238,BACKFILL_AUTO
2026-06-18 18:15:56,1781806556,R_10,4851.881,1,0.03400000000056025,BACKFILL_AUTO
2026-06-18 18:15:58,1781806558,R_10,4851.969,1,0.08799999999973807,BACKFILL_AUTO
2026-06-18 18:16:00,1781806560,R_10,4852.015,1,0.046000000000276486,BACKFILL_AUTO
2026-06-18 18:16:02,1781806562,R_10,4851.963,-1,0.05200000000058935,BACKFILL_AUTO
2026-06-18 18:16:04,1781806564,R_10,4851.991,1,0.028000000000247383,BACKFILL_AUTO
2026-06-18 18:16:06,1781806566,R_10,4852.124,1,0.13299999999981083,BACKFILL_AUTO
2026-06-18 18:16:08,1781806568,R_10,4852.032,-1,0.09199999999964348,BACKFILL_AUTO
2026-06-18 18:16:10,1781806570,R_10,4851.956,-1,0.07600000000002183,BACKFILL_AUTO
2026-06-18 18:16:12,1781806572,R_10,4851.907,-1,0.04899999999997817,BACKFILL_AUTO
2026-06-18 18:16:14,1781806574,R_10,4851.994,1,0.08699999999953434,BACKFILL_AUTO
2026-06-18 18:16:16,1781806576,R_10,4851.847,-1,0.14699999999993452,BACKFILL_AUTO
2026-06-18 18:16:18,1781806578,R_10,4851.992,1,0.14500000000043656,BACKFILL_AUTO
2026-06-18 18:16:20,1781806580,R_10,4852.1,1,0.10800000000017462,BACKFILL_AUTO
2026-06-18 18:16:22,1781806582,R_10,4852.167,1,0.06700000000000728,BACKFILL_AUTO
2026-06-18 18:16:24,1781806584,R_10,4851.988,-1,0.1790000000000873,BACKFILL_AUTO
2026-06-18 18:16:26,1781806586,R_10,4851.924,-1,0.06400000000030559,BACKFILL_AUTO
2026-06-18 18:16:28,1781806588,R_10,4851.87,-1,0.05400000000008731,BACKFILL_AUTO
2026-06-18 18:16:30,1781806590,R_10,4851.757,-1,0.11300000000028376,BACKFILL_AUTO
2026-06-18 18:16:32,1781806592,R_10,4852.048,1,0.29100000000016735,BACKFILL_AUTO
2026-06-18 18:16:34,1781806594,R_10,4852.117,1,0.06900000000041473,BACKFILL_AUTO
2026-06-18 18:16:36,1781806596,R_10,4851.988,-1,0.1289999999999054,BACKFILL_AUTO
2026-06-18 18:16:38,1781806598,R_10,4852.279,1,0.29100000000016735,BACKFILL_AUTO
2026-06-18 18:16:40,1781806600,R_10,4852.402,1,0.12299999999959255,BACKFILL_AUTO
2026-06-18 18:16:42,1781806602,R_10,4852.525,1,0.12299999999959255,BACKFILL_AUTO
2026-06-18 18:16:44,1781806604,R_10,4852.629,1,0.10400000000026921,BACKFILL_AUTO
2026-06-18 18:16:46,1781806606,R_10,4852.871,1,0.24200000000018917,BACKFILL_AUTO
2026-06-18 18:16:48,1781806608,R_10,4852.732,-1,0.1390000000001237,BACKFILL_AUTO
2026-06-18 18:16:50,1781806610,R_10,4852.713,-1,0.01900000000023283,BACKFILL_AUTO
2026-06-18 18:16:52,1781806612,R_10,4852.715,1,0.0020000000004074536,BACKFILL_AUTO
2026-06-18 18:16:54,1781806614,R_10,4852.88,1,0.16499999999996362,BACKFILL_AUTO
2026-06-18 18:16:56,1781806616,R_10,4853.169,1,0.2889999999997599,BACKFILL_AUTO
2026-06-18 18:16:58,1781806618,R_10,4853.012,-1,0.1570000000001528,BACKFILL_AUTO
2026-06-18 18:17:00,1781806620,R_10,4853.136,1,0.12400000000070577,BACKFILL_AUTO
2026-06-18 18:17:02,1781806622,R_10,4853.019,-1,0.11700000000018917,BACKFILL_AUTO
2026-06-18 18:17:04,1781806624,R_10,4853.203,1,0.18400000000019645,BACKFILL_AUTO
2026-06-18 18:17:06,1781806626,R_10,4853.215,1,0.011999999999716238,BACKFILL_AUTO
2026-06-18 18:17:08,1781806628,R_10,4853.077,-1,0.13799999999991996,BACKFILL_AUTO
2026-06-18 18:17:10,1781806630,R_10,4853.021,-1,0.056000000000494765,BACKFILL_AUTO
2026-06-18 18:17:12,1781806632,R_10,4852.994,-1,0.027000000000043656,BACKFILL_AUTO
2026-06-18 18:17:14,1781806634,R_10,4852.962,-1,0.0319999999992433,BACKFILL_AUTO
2026-06-18 18:17:16,1781806636,R_10,4853.083,1,0.12099999999918509,BACKFILL_AUTO
2026-06-18 18:17:18,1781806638,R_10,4852.945,-1,0.13799999999991996,BACKFILL_AUTO
2026-06-18 18:17:20,1781806640,R_10,4852.835,-1,0.10999999999967258,BACKFILL_AUTO
2026-06-18 18:17:22,1781806642,R_10,4852.804,-1,0.03099999999994907,BACKFILL_AUTO
2026-06-18 18:17:24,1781806644,R_10,4852.988,1,0.18400000000019645,BACKFILL_AUTO
2026-06-18 18:17:26,1781806646,R_10,4853.087,1,0.09900000000016007,BACKFILL_AUTO
2026-06-18 18:17:28,1781806648,R_10,4853.162,1,0.0749999999998181,BACKFILL_AUTO
2026-06-18 18:17:30,1781806650,R_10,4853.197,1,0.03499999999985448,BACKFILL_AUTO
2026-06-18 18:17:32,1781806652,R_10,4853.142,-1,0.05500000000029104,BACKFILL_AUTO
2026-06-18 18:17:34,1781806654,R_10,4852.976,-1,0.16600000000016735,BACKFILL_AUTO
2026-06-18 18:17:36,1781806656,R_10,4853.031,1,0.05500000000029104,BACKFILL_AUTO
2026-06-18 18:17:38,1781806658,R_10,4852.84,-1,0.19099999999980355,BACKFILL_AUTO
2026-06-18 18:17:40,1781806660,R_10,4853.035,1,0.19499999999970896,BACKFILL_AUTO
2026-06-18 18:17:42,1781806662,R_10,4853.037,1,0.0020000000004074536,BACKFILL_AUTO
2026-06-18 18:17:44,1781806664,R_10,4852.964,-1,0.07300000000032014,BACKFILL_AUTO
2026-06-18 18:17:46,1781806666,R_10,4852.959,-1,0.005000000000109139,BACKFILL_AUTO
2026-06-18 18:17:48,1781806668,R_10,4853.066,1,0.1069999999999709,BACKFILL_AUTO
2026-06-18 18:17:50,1781806670,R_10,4853.129,1,0.06300000000010186,BACKFILL_AUTO
2026-06-18 18:17:52,1781806672,R_10,4853.175,1,0.046000000000276486,BACKFILL_AUTO
2026-06-18 18:17:54,1781806674,R_10,4853.113,-1,0.06199999999989814,BACKFILL_AUTO
2026-06-18 18:17:56,1781806676,R_10,4853.005,-1,0.10800000000017462,BACKFILL_AUTO
2026-06-18 18:17:58,1781806678,R_10,4853.136,1,0.13100000000031287,BACKFILL_AUTO
2026-06-18 18:18:00,1781806680,R_10,4853.137,1,0.0009999999992942321,BACKFILL_AUTO
2026-06-18 18:18:02,1781806682,R_10,4853.111,-1,0.02599999999983993,BACKFILL_AUTO
2026-06-18 18:18:04,1781806684,R_10,4853.02,-1,0.09099999999943975,BACKFILL_AUTO
2026-06-18 18:18:06,1781806686,R_10,4853.033,1,0.012999999999919964,BACKFILL_AUTO
2026-06-18 18:18:08,1781806688,R_10,4853.033,0,0.0,BACKFILL_AUTO
2026-06-18 18:18:10,1781806690,R_10,4852.809,-1,0.22400000000016007,BACKFILL_AUTO
2026-06-18 18:18:12,1781806692,R_10,4853.034,1,0.2249999999994543,BACKFILL_AUTO
2026-06-18 18:18:14,1781806694,R_10,4853.055,1,0.021000000000640284,BACKFILL_AUTO
2026-06-18 18:18:16,1781806696,R_10,4853.195,1,0.13999999999941792,BACKFILL_AUTO
2026-06-18 18:18:18,1781806698,R_10,4853.146,-1,0.04899999999997817,BACKFILL_AUTO
2026-06-18 18:18:20,1781806700,R_10,4853.135,-1,0.01099999999951251,BACKFILL_AUTO
2026-06-18 18:18:22,1781806702,R_10,4852.894,-1,0.24099999999998545,BACKFILL_AUTO
2026-06-18 18:18:24,1781806704,R_10,4852.926,1,0.032000000000152795,BACKFILL_AUTO
2026-06-18 18:18:26,1781806706,R_10,4852.964,1,0.03799999999955617,BACKFILL_AUTO
2026-06-18 18:18:28,1781806708,R_10,4852.943,-1,0.02099999999973079,BACKFILL_AUTO
2026-06-18 18:18:30,1781806710,R_10,4852.781,-1,0.16200000000026193,BACKFILL_AUTO
2026-06-18 18:18:32,1781806712,R_10,4852.868,1,0.08700000000044383,BACKFILL_AUTO
2026-06-18 18:18:34,1781806714,R_10,4852.96,1,0.09199999999964348,BACKFILL_AUTO
2026-06-18 18:18:36,1781806716,R_10,4852.733,-1,0.22699999999986176,BACKFILL_AUTO
2026-06-18 18:18:38,1781806718,R_10,4852.884,1,0.15099999999983993,BACKFILL_AUTO
2026-06-18 18:18:40,1781806720,R_10,4852.693,-1,0.19099999999980355,BACKFILL_AUTO
2026-06-18 18:18:42,1781806722,R_10,4852.645,-1,0.047999999999774445,BACKFILL_AUTO
2026-06-18 18:18:44,1781806724,R_10,4852.553,-1,0.09200000000055297,BACKFILL_AUTO
2026-06-18 18:18:46,1781806726,R_10,4852.393,-1,0.15999999999985448,BACKFILL_AUTO
2026-06-18 18:18:48,1781806728,R_10,4852.354,-1,0.03899999999975989,BACKFILL_AUTO
2026-06-18 18:18:50,1781806730,R_10,4852.37,1,0.01599999999962165,BACKFILL_AUTO
2026-06-18 18:18:52,1781806732,R_10,4852.401,1,0.03099999999994907,BACKFILL_AUTO
2026-06-18 18:18:54,1781806734,R_10,4852.244,-1,0.1570000000001528,BACKFILL_AUTO
2026-06-18 18:18:56,1781806736,R_10,4852.299,1,0.05500000000029104,BACKFILL_AUTO
2026-06-18 18:18:58,1781806738,R_10,4852.353,1,0.05400000000008731,BACKFILL_AUTO
2026-06-18 18:19:00,1781806740,R_10,4852.148,-1,0.20499999999992724,BACKFILL_AUTO
2026-06-18 18:19:02,1781806742,R_10,4852.102,-1,0.046000000000276486,BACKFILL_AUTO
2026-06-18 18:19:04,1781806744,R_10,4852.075,-1,0.027000000000043656,BACKFILL_AUTO
2026-06-18 18:19:06,1781806746,R_10,4851.944,-1,0.13099999999940337,BACKFILL_AUTO
2026-06-18 18:19:08,1781806748,R_10,4851.959,1,0.014999999999417923,BACKFILL_AUTO
2026-06-18 18:19:10,1781806750,R_10,4851.882,-1,0.07700000000022555,BACKFILL_AUTO
2026-06-18 18:19:12,1781806752,R_10,4851.836,-1,0.04599999999936699,BACKFILL_AUTO
2026-06-18 18:19:14,1781806754,R_10,4851.711,-1,0.125,BACKFILL_AUTO
2026-06-18 18:19:16,1781806756,R_10,4851.65,-1,0.061000000000603904,BACKFILL_AUTO
2026-06-18 18:19:18,1781806758,R_10,4851.614,-1,0.03600000000005821,BACKFILL_AUTO
2026-06-18 18:19:20,1781806760,R_10,4851.567,-1,0.04699999999957072,BACKFILL_AUTO
2026-06-18 18:19:22,1781806762,R_10,4851.5,-1,0.06700000000000728,BACKFILL_AUTO
2026-06-18 18:19:24,1781806764,R_10,4851.525,1,0.024999999999636202,BACKFILL_AUTO
2026-06-18 18:19:26,1781806766,R_10,4851.494,-1,0.03099999999994907,BACKFILL_AUTO
2026-06-18 18:19:28,1781806768,R_10,4851.584,1,0.09000000000014552,BACKFILL_AUTO
2026-06-18 18:19:30,1781806770,R_10,4851.716,1,0.1320000000005166,BACKFILL_AUTO
2026-06-18 18:19:32,1781806772,R_10,4851.813,1,0.09699999999975262,BACKFILL_AUTO
2026-06-18 18:19:34,1781806774,R_10,4851.862,1,0.04899999999997817,BACKFILL_AUTO
2026-06-18 18:19:36,1781806776,R_10,4851.976,1,0.113999999999578,BACKFILL_AUTO
2026-06-18 18:19:38,1781806778,R_10,4851.902,-1,0.07399999999961437,BACKFILL_AUTO
2026-06-18 18:19:40,1781806780,R_10,4851.786,-1,0.11599999999998545,BACKFILL_AUTO
2026-06-18 18:19:42,1781806782,R_10,4851.785,-1,0.0010000000002037268,BACKFILL_AUTO
2026-06-18 18:19:44,1781806784,R_10,4851.87,1,0.08500000000003638,BACKFILL_AUTO
2026-06-18 18:19:46,1781806786,R_10,4851.798,-1,0.07200000000011642,BACKFILL_AUTO
2026-06-18 18:19:48,1781806788,R_10,4851.799,1,0.0010000000002037268,BACKFILL_AUTO
2026-06-18 18:19:50,1781806790,R_10,4851.657,-1,0.14199999999982538,BACKFILL_AUTO
2026-06-18 18:19:52,1781806792,R_10,4851.817,1,0.15999999999985448,BACKFILL_AUTO
2026-06-18 18:19:54,1781806794,R_10,4852.083,1,0.26599999999962165,BACKFILL_AUTO
2026-06-18 18:19:56,1781806796,R_10,4852.007,-1,0.07600000000002183,BACKFILL_AUTO
2026-06-18 18:19:58,1781806798,R_10,4852.007,0,0.0,BACKFILL_AUTO
2026-06-18 18:20:00,1781806800,R_10,4851.862,-1,0.14499999999952706,BACKFILL_AUTO
2026-06-18 18:20:02,1781806802,R_10,4851.807,-1,0.05500000000029104,BACKFILL_AUTO
2026-06-18 18:20:04,1781806804,R_10,4851.663,-1,0.14400000000023283,BACKFILL_AUTO
2026-06-18 18:20:06,1781806806,R_10,4851.783,1,0.12000000000080036,BACKFILL_AUTO
2026-06-18 18:20:08,1781806808,R_10,4851.723,-1,0.06000000000040018,BACKFILL_AUTO
2026-06-18 18:20:10,1781806810,R_10,4851.867,1,0.14400000000023283,BACKFILL_AUTO
2026-06-18 18:20:12,1781806812,R_10,4851.813,-1,0.05400000000008731,BACKFILL_AUTO
2026-06-18 18:20:14,1781806814,R_10,4851.85,1,0.037000000000261934,BACKFILL_AUTO
2026-06-18 18:20:16,1781806816,R_10,4851.955,1,0.10499999999956344,BACKFILL_AUTO
2026-06-18 18:20:18,1781806818,R_10,4851.775,-1,0.18000000000029104,BACKFILL_AUTO
2026-06-18 18:20:20,1781806820,R_10,4851.762,-1,0.012999999999919964,BACKFILL_AUTO
2026-06-18 18:20:22,1781806822,R_10,4851.714,-1,0.047999999999774445,BACKFILL_AUTO
2026-06-18 18:20:24,1781806824,R_10,4851.91,1,0.1959999999999127,BACKFILL_AUTO
2026-06-18 18:20:26,1781806826,R_10,4851.905,-1,0.005000000000109139,BACKFILL_AUTO
2026-06-18 18:20:28,1781806828,R_10,4852.023,1,0.1180000000003929,BACKFILL_AUTO
2026-06-18 18:20:30,1781806830,R_10,4852.109,1,0.0860000000002401,BACKFILL_AUTO
2026-06-18 18:20:32,1781806832,R_10,4851.977,-1,0.1320000000005166,BACKFILL_AUTO
2026-06-18 18:20:34,1781806834,R_10,4851.822,-1,0.15499999999974534,BACKFILL_AUTO
2026-06-18 18:20:36,1781806836,R_10,4851.873,1,0.05099999999947613,BACKFILL_AUTO
2026-06-18 18:20:38,1781806838,R_10,4851.677,-1,0.1959999999999127,BACKFILL_AUTO
2026-06-18 18:20:40,1781806840,R_10,4851.605,-1,0.07200000000011642,BACKFILL_AUTO
2026-06-18 18:20:42,1781806842,R_10,4851.527,-1,0.07799999999951979,BACKFILL_AUTO
2026-06-18 18:20:44,1781806844,R_10,4851.608,1,0.08100000000013097,BACKFILL_AUTO
2026-06-18 18:20:46,1781806846,R_10,4851.772,1,0.1639999999997599,BACKFILL_AUTO
2026-06-18 18:20:48,1781806848,R_10,4851.865,1,0.0929999999998472,BACKFILL_AUTO
2026-06-18 18:20:50,1781806850,R_10,4851.954,1,0.08899999999994179,BACKFILL_AUTO
2026-06-18 18:20:52,1781806852,R_10,4851.977,1,0.023000000000138243,BACKFILL_AUTO
2026-06-18 18:20:54,1781806854,R_10,4852.149,1,0.1720000000004802,BACKFILL_AUTO
2026-06-18 18:20:56,1781806856,R_10,4852.23,1,0.08099999999922147,BACKFILL_AUTO
2026-06-18 18:20:58,1781806858,R_10,4852.2,-1,0.02999999999974534,BACKFILL_AUTO
2026-06-18 18:21:00,1781806860,R_10,4852.151,-1,0.04899999999997817,BACKFILL_AUTO
2026-06-18 18:21:02,1781806862,R_10,4852.335,1,0.18400000000019645,BACKFILL_AUTO
2026-06-18 18:21:04,1781806864,R_10,4852.166,-1,0.16899999999986903,BACKFILL_AUTO
2026-06-18 18:21:06,1781806866,R_10,4852.152,-1,0.014000000000123691,BACKFILL_AUTO
2026-06-18 18:21:08,1781806868,R_10,4852.147,-1,0.005000000000109139,BACKFILL_AUTO
2026-06-18 18:21:10,1781806870,R_10,4852.024,-1,0.12299999999959255,BACKFILL_AUTO
2026-06-18 18:21:12,1781806872,R_10,4852.0,-1,0.02400000000034197,BACKFILL_AUTO
2026-06-18 18:21:14,1781806874,R_10,4852.164,1,0.1639999999997599,BACKFILL_AUTO
2026-06-18 18:21:16,1781806876,R_10,4852.348,1,0.18400000000019645,BACKFILL_AUTO
2026-06-18 18:21:18,1781806878,R_10,4852.461,1,0.11300000000028376,BACKFILL_AUTO
2026-06-18 18:21:20,1781806880,R_10,4852.636,1,0.1750000000001819,BACKFILL_AUTO
2026-06-18 18:21:22,1781806882,R_10,4852.787,1,0.15099999999983993,BACKFILL_AUTO
2026-06-18 18:21:24,1781806884,R_10,4852.782,-1,0.005000000000109139,BACKFILL_AUTO
2026-06-18 18:21:26,1781806886,R_10,4852.698,-1,0.08399999999983265,BACKFILL_AUTO
2026-06-18 18:21:28,1781806888,R_10,4852.487,-1,0.2110000000002401,BACKFILL_AUTO
2026-06-18 18:21:30,1781806890,R_10,4852.469,-1,0.018000000000029104,BACKFILL_AUTO
2026-06-18 18:21:32,1781806892,R_10,4852.558,1,0.08899999999994179,BACKFILL_AUTO
2026-06-18 18:21:34,1781806894,R_10,4852.515,-1,0.042999999999665306,BACKFILL_AUTO
2026-06-18 18:21:36,1781806896,R_10,4852.619,1,0.10399999999935972,BACKFILL_AUTO
2026-06-18 18:21:38,1781806898,R_10,4852.529,-1,0.08999999999923602,BACKFILL_AUTO
2026-06-18 18:21:40,1781806900,R_10,4852.475,-1,0.05400000000008731,BACKFILL_AUTO
2026-06-18 18:21:42,1781806902,R_10,4852.446,-1,0.02900000000045111,BACKFILL_AUTO
2026-06-18 18:21:44,1781806904,R_10,4852.367,-1,0.07899999999972351,BACKFILL_AUTO
2026-06-18 18:21:46,1781806906,R_10,4852.369,1,0.001999999999497959,BACKFILL_AUTO
2026-06-18 18:21:48,1781806908,R_10,4852.371,1,0.0020000000004074536,BACKFILL_AUTO
2026-06-18 18:21:50,1781806910,R_10,4852.583,1,0.21199999999953434,BACKFILL_AUTO
2026-06-18 18:21:52,1781806912,R_10,4852.536,-1,0.04699999999957072,BACKFILL_AUTO
2026-06-18 18:21:54,1781806914,R_10,4852.476,-1,0.06000000000040018,BACKFILL_AUTO
2026-06-18 18:21:56,1781806916,R_10,4852.523,1,0.04700000000048021,BACKFILL_AUTO
2026-06-18 18:21:58,1781806918,R_10,4852.547,1,0.023999999999432475,BACKFILL_AUTO
2026-06-18 18:22:00,1781806920,R_10,4852.457,-1,0.08999999999923602,BACKFILL_AUTO
2026-06-18 18:22:02,1781806922,R_10,4852.42,-1,0.037000000000261934,BACKFILL_AUTO
2026-06-18 18:22:04,1781806924,R_10,4852.599,1,0.1790000000000873,BACKFILL_AUTO
2026-06-18 18:22:06,1781806926,R_10,4852.413,-1,0.1860000000006039,BACKFILL_AUTO
2026-06-18 18:22:08,1781806928,R_10,4852.494,1,0.08100000000013097,BACKFILL_AUTO
2026-06-18 18:22:10,1781806930,R_10,4852.436,-1,0.057999999999992724,BACKFILL_AUTO
2026-06-18 18:22:12,1781806932,R_10,4852.473,1,0.037000000000261934,BACKFILL_AUTO
2026-06-18 18:22:14,1781806934,R_10,4852.392,-1,0.08100000000013097,BACKFILL_AUTO
2026-06-18 18:22:16,1781806936,R_10,4852.359,-1,0.03299999999944703,BACKFILL_AUTO
2026-06-18 18:22:18,1781806938,R_10,4852.383,1,0.023999999999432475,BACKFILL_AUTO
2026-06-18 18:22:20,1781806940,R_10,4852.341,-1,0.04199999999946158,BACKFILL_AUTO
2026-06-18 18:22:22,1781806942,R_10,4852.365,1,0.023999999999432475,BACKFILL_AUTO
2026-06-18 18:22:24,1781806944,R_10,4852.285,-1,0.07999999999992724,BACKFILL_AUTO
2026-06-18 18:22:26,1781806946,R_10,4852.117,-1,0.1679999999996653,BACKFILL_AUTO
2026-06-18 18:22:28,1781806948,R_10,4852.195,1,0.07799999999951979,BACKFILL_AUTO
2026-06-18 18:22:30,1781806950,R_10,4852.22,1,0.025000000000545697,BACKFILL_AUTO
2026-06-18 18:22:32,1781806952,R_10,4852.215,-1,0.005000000000109139,BACKFILL_AUTO
2026-06-18 18:22:34,1781806954,R_10,4852.003,-1,0.21200000000044383,BACKFILL_AUTO
2026-06-18 18:22:36,1781806956,R_10,4851.777,-1,0.22599999999965803,BACKFILL_AUTO
2026-06-18 18:22:38,1781806958,R_10,4851.772,-1,0.005000000000109139,BACKFILL_AUTO
2026-06-18 18:22:40,1781806960,R_10,4851.495,-1,0.27700000000004366,BACKFILL_AUTO
2026-06-18 18:22:42,1781806962,R_10,4851.55,1,0.05500000000029104,BACKFILL_AUTO
2026-06-18 18:22:44,1781806964,R_10,4851.458,-1,0.09200000000055297,BACKFILL_AUTO
2026-06-18 18:22:46,1781806966,R_10,4851.368,-1,0.08999999999923602,BACKFILL_AUTO
2026-06-18 18:22:48,1781806968,R_10,4851.403,1,0.03499999999985448,BACKFILL_AUTO
2026-06-18 18:22:50,1781806970,R_10,4851.304,-1,0.09900000000016007,BACKFILL_AUTO
2026-06-18 18:22:52,1781806972,R_10,4851.4,1,0.09599999999954889,BACKFILL_AUTO
2026-06-18 18:22:54,1781806974,R_10,4851.533,1,0.13300000000072032,BACKFILL_AUTO
2026-06-18 18:22:56,1781806976,R_10,4851.617,1,0.08399999999983265,BACKFILL_AUTO
2026-06-18 18:22:58,1781806978,R_10,4851.704,1,0.08699999999953434,BACKFILL_AUTO
2026-06-18 18:23:00,1781806980,R_10,4851.723,1,0.01900000000023283,BACKFILL_AUTO
2026-06-18 18:23:02,1781806982,R_10,4851.886,1,0.16300000000046566,BACKFILL_AUTO
2026-06-18 18:23:04,1781806984,R_10,4851.912,1,0.02599999999983993,BACKFILL_AUTO
2026-06-18 18:23:06,1781806986,R_10,4852.097,1,0.18499999999949068,BACKFILL_AUTO
2026-06-18 18:23:08,1781806988,R_10,4852.134,1,0.037000000000261934,BACKFILL_AUTO
2026-06-18 18:23:10,1781806990,R_10,4852.186,1,0.05199999999967986,BACKFILL_AUTO
2026-06-18 18:23:12,1781806992,R_10,4852.204,1,0.018000000000029104,BACKFILL_AUTO
2026-06-18 18:23:14,1781806994,R_10,4852.221,1,0.016999999999825377,BACKFILL_AUTO
2026-06-18 18:23:16,1781806996,R_10,4852.133,-1,0.08799999999973807,BACKFILL_AUTO
2026-06-18 18:23:18,1781806998,R_10,4852.061,-1,0.07200000000011642,BACKFILL_AUTO
2026-06-18 18:23:20,1781807000,R_10,4852.354,1,0.2930000000005748,BACKFILL_AUTO
2026-06-18 18:23:22,1781807002,R_10,4852.199,-1,0.15500000000065484,BACKFILL_AUTO
2026-06-18 18:23:24,1781807004,R_10,4852.145,-1,0.05399999999917782,BACKFILL_AUTO
2026-06-18 18:23:26,1781807006,R_10,4852.314,1,0.16899999999986903,BACKFILL_AUTO
2026-06-18 18:23:28,1781807008,R_10,4852.235,-1,0.07900000000063301,BACKFILL_AUTO
2026-06-18 18:23:30,1781807010,R_10,4852.032,-1,0.2029999999995198,BACKFILL_AUTO
2026-06-18 18:23:32,1781807012,R_10,4851.881,-1,0.15099999999983993,BACKFILL_AUTO
2026-06-18 18:23:34,1781807014,R_10,4851.958,1,0.07699999999931606,BACKFILL_AUTO
2026-06-18 18:23:36,1781807016,R_10,4852.132,1,0.17399999999997817,BACKFILL_AUTO
2026-06-18 18:23:38,1781807018,R_10,4852.144,1,0.012000000000625732,BACKFILL_AUTO
2026-06-18 18:23:40,1781807020,R_10,4852.121,-1,0.023000000000138243,BACKFILL_AUTO
2026-06-18 18:23:42,1781807022,R_10,4852.183,1,0.06199999999989814,BACKFILL_AUTO
2026-06-18 18:23:44,1781807024,R_10,4852.375,1,0.19200000000000728,BACKFILL_AUTO
2026-06-18 18:23:46,1781807026,R_10,4852.432,1,0.056999999999789,BACKFILL_AUTO
2026-06-18 18:23:48,1781807028,R_10,4852.456,1,0.02400000000034197,BACKFILL_AUTO
2026-06-18 18:23:50,1781807030,R_10,4852.26,-1,0.1959999999999127,BACKFILL_AUTO
2026-06-18 18:23:52,1781807032,R_10,4852.33,1,0.06999999999970896,BACKFILL_AUTO
2026-06-18 18:23:54,1781807034,R_10,4852.337,1,0.007000000000516593,BACKFILL_AUTO
2026-06-18 18:23:56,1781807036,R_10,4852.154,-1,0.18299999999999272,BACKFILL_AUTO
2026-06-18 18:23:58,1781807038,R_10,4852.313,1,0.15899999999965075,BACKFILL_AUTO
2026-06-18 18:24:00,1781807040,R_10,4852.407,1,0.09400000000005093,BACKFILL_AUTO
2026-06-18 18:24:02,1781807042,R_10,4852.666,1,0.25900000000001455,BACKFILL_AUTO
2026-06-18 18:24:04,1781807044,R_10,4852.62,-1,0.046000000000276486,BACKFILL_AUTO
2026-06-18 18:24:06,1781807046,R_10,4852.47,-1,0.1499999999996362,BACKFILL_AUTO
2026-06-18 18:24:08,1781807048,R_10,4852.403,-1,0.06700000000000728,BACKFILL_AUTO
2026-06-18 18:24:10,1781807050,R_10,4852.365,-1,0.03800000000046566,BACKFILL_AUTO
2026-06-18 18:24:12,1781807052,R_10,4852.571,1,0.20600000000013097,BACKFILL_AUTO
2026-06-18 18:24:14,1781807054,R_10,4852.826,1,0.25500000000010914,BACKFILL_AUTO
2026-06-18 18:24:16,1781807056,R_10,4852.948,1,0.12200000000029831,BACKFILL_AUTO
2026-06-18 18:24:18,1781807058,R_10,4852.953,1,0.005000000000109139,BACKFILL_AUTO
2026-06-18 18:24:20,1781807060,R_10,4852.991,1,0.03799999999955617,BACKFILL_AUTO
2026-06-18 18:24:22,1781807062,R_10,4852.836,-1,0.15499999999974534,BACKFILL_AUTO
2026-06-18 18:24:24,1781807064,R_10,4852.948,1,0.11200000000008004,BACKFILL_AUTO
2026-06-18 18:24:26,1781807066,R_10,4852.877,-1,0.07099999999991269,BACKFILL_AUTO
2026-06-18 18:24:28,1781807068,R_10,4852.805,-1,0.07200000000011642,BACKFILL_AUTO
2026-06-18 18:24:30,1781807070,R_10,4852.856,1,0.05099999999947613,BACKFILL_AUTO
2026-06-18 18:24:32,1781807072,R_10,4852.804,-1,0.05199999999967986,BACKFILL_AUTO
2026-06-18 18:24:34,1781807074,R_10,4852.767,-1,0.037000000000261934,BACKFILL_AUTO
2026-06-18 18:24:36,1781807076,R_10,4852.613,-1,0.15399999999954161,BACKFILL_AUTO
2026-06-18 18:24:38,1781807078,R_10,4852.631,1,0.018000000000029104,BACKFILL_AUTO
2026-06-18 18:24:40,1781807080,R_10,4852.555,-1,0.07600000000002183,BACKFILL_AUTO
2026-06-18 18:24:42,1781807082,R_10,4852.519,-1,0.03600000000005821,BACKFILL_AUTO
2026-06-18 18:24:44,1781807084,R_10,4852.449,-1,0.07000000000061846,BACKFILL_AUTO
2026-06-18 18:24:46,1781807086,R_10,4852.36,-1,0.08899999999994179,BACKFILL_AUTO
2026-06-18 18:24:48,1781807088,R_10,4852.25,-1,0.10999999999967258,BACKFILL_AUTO
2026-06-18 18:24:50,1781807090,R_10,4852.145,-1,0.10499999999956344,BACKFILL_AUTO
2026-06-18 18:24:52,1781807092,R_10,4852.108,-1,0.037000000000261934,BACKFILL_AUTO
2026-06-18 18:24:54,1781807094,R_10,4852.166,1,0.057999999999992724,BACKFILL_AUTO
2026-06-18 18:24:56,1781807096,R_10,4851.993,-1,0.17299999999977445,BACKFILL_AUTO
2026-06-18 18:24:58,1781807098,R_10,4851.925,-1,0.068000000000211,BACKFILL_AUTO
2026-06-18 18:25:00,1781807100,R_10,4851.874,-1,0.051000000000385626,BACKFILL_AUTO
2026-06-18 18:25:02,1781807102,R_10,4851.964,1,0.09000000000014552,BACKFILL_AUTO
2026-06-18 18:25:04,1781807104,R_10,4852.075,1,0.11099999999987631,BACKFILL_AUTO
2026-06-18 18:25:06,1781807106,R_10,4852.233,1,0.15800000000035652,BACKFILL_AUTO
2026-06-18 18:25:08,1781807108,R_10,4852.265,1,0.032000000000152795,BACKFILL_AUTO
2026-06-18 18:25:10,1781807110,R_10,4852.26,-1,0.005000000000109139,BACKFILL_AUTO
2026-06-18 18:25:12,1781807112,R_10,4852.383,1,0.12299999999959255,BACKFILL_AUTO
2026-06-18 18:25:14,1781807114,R_10,4852.357,-1,0.02599999999983993,BACKFILL_AUTO
2026-06-18 18:25:16,1781807116,R_10,4852.114,-1,0.2430000000003929,BACKFILL_AUTO
2026-06-18 18:25:18,1781807118,R_10,4852.114,0,0.0,BACKFILL_AUTO
2026-06-18 18:25:20,1781807120,R_10,4851.87,-1,0.24399999999968713,BACKFILL_AUTO
2026-06-18 18:25:22,1781807122,R_10,4851.925,1,0.05500000000029104,BACKFILL_AUTO
2026-06-18 18:25:24,1781807124,R_10,4852.049,1,0.12399999999979627,BACKFILL_AUTO
2026-06-18 18:25:26,1781807126,R_10,4852.176,1,0.12700000000040745,BACKFILL_AUTO
2026-06-18 18:25:28,1781807128,R_10,4852.223,1,0.04699999999957072,BACKFILL_AUTO
2026-06-18 18:25:30,1781807130,R_10,4852.302,1,0.07899999999972351,BACKFILL_AUTO
2026-06-18 18:25:32,1781807132,R_10,4852.336,1,0.03400000000056025,BACKFILL_AUTO
2026-06-18 18:25:34,1781807134,R_10,4852.272,-1,0.06400000000030559,BACKFILL_AUTO
2026-06-18 18:25:36,1781807136,R_10,4852.128,-1,0.14400000000023283,BACKFILL_AUTO
2026-06-18 18:25:38,1781807138,R_10,4852.081,-1,0.04699999999957072,BACKFILL_AUTO
2026-06-18 18:25:40,1781807140,R_10,4852.169,1,0.08799999999973807,BACKFILL_AUTO
2026-06-18 18:25:42,1781807142,R_10,4852.624,1,0.45499999999992724,BACKFILL_AUTO
2026-06-18 18:25:44,1781807144,R_10,4852.645,1,0.021000000000640284,BACKFILL_AUTO
2026-06-18 18:25:46,1781807146,R_10,4852.485,-1,0.16000000000076398,BACKFILL_AUTO
2026-06-18 18:25:48,1781807148,R_10,4852.454,-1,0.03099999999994907,BACKFILL_AUTO
2026-06-18 18:25:50,1781807150,R_10,4852.414,-1,0.03999999999996362,BACKFILL_AUTO
2026-06-18 18:25:52,1781807152,R_10,4852.363,-1,0.05099999999947613,BACKFILL_AUTO
2026-06-18 18:25:54,1781807154,R_10,4852.284,-1,0.07900000000063301,BACKFILL_AUTO
2026-06-18 18:25:56,1781807156,R_10,4852.568,1,0.28400000000056025,BACKFILL_AUTO
2026-06-18 18:25:58,1781807158,R_10,4852.407,-1,0.1610000000000582,BACKFILL_AUTO
2026-06-18 18:26:00,1781807160,R_10,4852.625,1,0.2179999999998472,BACKFILL_AUTO
2026-06-18 18:26:02,1781807162,R_10,4852.689,1,0.06400000000030559,BACKFILL_AUTO
2026-06-18 18:26:04,1781807164,R_10,4852.58,-1,0.10900000000037835,BACKFILL_AUTO
2026-06-18 18:26:06,1781807166,R_10,4852.65,1,0.06999999999970896,BACKFILL_AUTO
2026-06-18 18:26:08,1781807168,R_10,4852.726,1,0.07600000000002183,BACKFILL_AUTO
2026-06-18 18:26:10,1781807170,R_10,4852.782,1,0.056000000000494765,BACKFILL_AUTO
2026-06-18 18:26:12,1781807172,R_10,4852.723,-1,0.05900000000019645,BACKFILL_AUTO
2026-06-18 18:26:14,1781807174,R_10,4852.536,-1,0.18699999999989814,BACKFILL_AUTO
2026-06-18 18:26:16,1781807176,R_10,4852.466,-1,0.06999999999970896,BACKFILL_AUTO
2026-06-18 18:26:18,1781807178,R_10,4852.386,-1,0.07999999999992724,BACKFILL_AUTO
2026-06-18 18:26:20,1781807180,R_10,4852.329,-1,0.05700000000069849,BACKFILL_AUTO
2026-06-18 18:26:22,1781807182,R_10,4852.443,1,0.11400000000048749,BACKFILL_AUTO
2026-06-18 18:26:24,1781807184,R_10,4852.469,1,0.02599999999983993,BACKFILL_AUTO
2026-06-18 18:26:26,1781807186,R_10,4852.434,-1,0.03499999999985448,BACKFILL_AUTO
2026-06-18 18:26:28,1781807188,R_10,4852.397,-1,0.037000000000261934,BACKFILL_AUTO
2026-06-18 18:26:30,1781807190,R_10,4852.377,-1,0.019999999999527063,BACKFILL_AUTO
2026-06-18 18:26:32,1781807192,R_10,4852.649,1,0.2719999999999345,BACKFILL_AUTO
2026-06-18 18:26:34,1781807194,R_10,4852.534,-1,0.11500000000069122,BACKFILL_AUTO
2026-06-18 18:26:36,1781807196,R_10,4852.562,1,0.028000000000247383,BACKFILL_AUTO
2026-06-18 18:26:38,1781807198,R_10,4852.535,-1,0.027000000000043656,BACKFILL_AUTO
2026-06-18 18:26:40,1781807200,R_10,4852.676,1,0.14100000000053114,BACKFILL_AUTO
2026-06-18 18:26:42,1781807202,R_10,4852.842,1,0.16599999999925785,BACKFILL_AUTO
2026-06-18 18:26:44,1781807204,R_10,4852.977,1,0.13500000000021828,BACKFILL_AUTO
2026-06-18 18:26:46,1781807206,R_10,4852.925,-1,0.05199999999967986,BACKFILL_AUTO
2026-06-18 18:26:48,1781807208,R_10,4852.858,-1,0.06700000000000728,BACKFILL_AUTO
2026-06-18 18:26:50,1781807210,R_10,4853.014,1,0.15599999999994907,BACKFILL_AUTO
2026-06-18 18:26:52,1781807212,R_10,4853.016,1,0.001999999999497959,BACKFILL_AUTO
2026-06-18 18:26:54,1781807214,R_10,4853.18,1,0.1640000000006694,BACKFILL_AUTO
2026-06-18 18:26:56,1781807216,R_10,4853.237,1,0.056999999999789,BACKFILL_AUTO
2026-06-18 18:26:58,1781807218,R_10,4853.145,-1,0.09199999999964348,BACKFILL_AUTO
2026-06-18 18:27:00,1781807220,R_10,4852.854,-1,0.29100000000016735,BACKFILL_AUTO
2026-06-18 18:27:02,1781807222,R_10,4852.731,-1,0.12300000000050204,BACKFILL_AUTO
2026-06-18 18:27:04,1781807224,R_10,4852.845,1,0.11400000000048749,BACKFILL_AUTO
2026-06-18 18:27:06,1781807226,R_10,4852.754,-1,0.09100000000034925,BACKFILL_AUTO
2026-06-18 18:27:08,1781807228,R_10,4852.637,-1,0.11700000000018917,BACKFILL_AUTO
2026-06-18 18:27:10,1781807230,R_10,4852.629,-1,0.007999999999810825,BACKFILL_AUTO
2026-06-18 18:27:12,1781807232,R_10,4852.778,1,0.14900000000034197,BACKFILL_AUTO
2026-06-18 18:27:14,1781807234,R_10,4852.628,-1,0.1500000000005457,BACKFILL_AUTO
2026-06-18 18:27:16,1781807236,R_10,4852.389,-1,0.238999999999578,BACKFILL_AUTO
2026-06-18 18:27:18,1781807238,R_10,4852.581,1,0.19200000000000728,BACKFILL_AUTO
2026-06-18 18:27:20,1781807240,R_10,4852.907,1,0.32600000000002183,BACKFILL_AUTO
2026-06-18 18:27:22,1781807242,R_10,4853.006,1,0.09900000000016007,BACKFILL_AUTO
2026-06-18 18:27:24,1781807244,R_10,4853.138,1,0.1319999999996071,BACKFILL_AUTO
2026-06-18 18:27:26,1781807246,R_10,4853.151,1,0.012999999999919964,BACKFILL_AUTO
2026-06-18 18:27:28,1781807248,R_10,4853.142,-1,0.009000000000014552,BACKFILL_AUTO
2026-06-18 18:27:30,1781807250,R_10,4853.326,1,0.18400000000019645,BACKFILL_AUTO
2026-06-18 18:27:32,1781807252,R_10,4853.29,-1,0.03600000000005821,BACKFILL_AUTO
2026-06-18 18:27:34,1781807254,R_10,4853.249,-1,0.04100000000016735,BACKFILL_AUTO
2026-06-18 18:27:36,1781807256,R_10,4853.291,1,0.042000000000371074,BACKFILL_AUTO
2026-06-18 18:27:38,1781807258,R_10,4853.272,-1,0.01900000000023283,BACKFILL_AUTO
2026-06-18 18:27:40,1781807260,R_10,4853.203,-1,0.06899999999950523,BACKFILL_AUTO
2026-06-18 18:27:42,1781807262,R_10,4853.207,1,0.0039999999999054126,BACKFILL_AUTO
2026-06-18 18:27:44,1781807264,R_10,4853.33,1,0.12299999999959255,BACKFILL_AUTO
2026-06-18 18:27:46,1781807266,R_10,4853.132,-1,0.19800000000032014,BACKFILL_AUTO
2026-06-18 18:27:48,1781807268,R_10,4853.218,1,0.0860000000002401,BACKFILL_AUTO
2026-06-18 18:27:50,1781807270,R_10,4853.276,1,0.057999999999992724,BACKFILL_AUTO
2026-06-18 18:27:52,1781807272,R_10,4853.206,-1,0.06999999999970896,BACKFILL_AUTO
2026-06-18 18:27:54,1781807274,R_10,4852.95,-1,0.25600000000031287,BACKFILL_AUTO
2026-06-18 18:27:56,1781807276,R_10,4853.005,1,0.05500000000029104,BACKFILL_AUTO
2026-06-18 18:27:58,1781807278,R_10,4852.864,-1,0.14100000000053114,BACKFILL_AUTO
2026-06-18 18:28:00,1781807280,R_10,4852.754,-1,0.10999999999967258,BACKFILL_AUTO
2026-06-18 18:28:02,1781807282,R_10,4852.577,-1,0.17699999999967986,BACKFILL_AUTO
2026-06-18 18:28:04,1781807284,R_10,4852.799,1,0.22199999999975262,BACKFILL_AUTO
2026-06-18 18:28:06,1781807286,R_10,4852.918,1,0.11899999999968713,BACKFILL_AUTO
2026-06-18 18:28:08,1781807288,R_10,4852.851,-1,0.06700000000000728,BACKFILL_AUTO
2026-06-18 18:28:10,1781807290,R_10,4852.73,-1,0.12100000000009459,BACKFILL_AUTO
2026-06-18 18:28:12,1781807292,R_10,4852.958,1,0.22800000000006548,BACKFILL_AUTO
2026-06-18 18:28:14,1781807294,R_10,4853.077,1,0.11900000000059663,BACKFILL_AUTO
2026-06-18 18:28:16,1781807296,R_10,4853.158,1,0.08100000000013097,BACKFILL_AUTO
2026-06-18 18:28:18,1781807298,R_10,4853.219,1,0.06099999999969441,BACKFILL_AUTO
2026-06-18 18:28:20,1781807300,R_10,4852.974,-1,0.24499999999989086,BACKFILL_AUTO
2026-06-18 18:28:22,1781807302,R_10,4852.884,-1,0.09000000000014552,BACKFILL_AUTO
2026-06-18 18:28:24,1781807304,R_10,4852.778,-1,0.10599999999976717,BACKFILL_AUTO
2026-06-18 18:28:26,1781807306,R_10,4852.867,1,0.08899999999994179,BACKFILL_AUTO
2026-06-18 18:28:28,1781807308,R_10,4852.679,-1,0.18800000000010186,BACKFILL_AUTO
2026-06-18 18:28:30,1781807310,R_10,4852.686,1,0.006999999999607098,BACKFILL_AUTO
2026-06-18 18:28:32,1781807312,R_10,4852.798,1,0.11200000000008004,BACKFILL_AUTO
2026-06-18 18:28:34,1781807314,R_10,4852.897,1,0.09900000000016007,BACKFILL_AUTO
2026-06-18 18:28:36,1781807316,R_10,4852.829,-1,0.068000000000211,BACKFILL_AUTO
2026-06-18 18:28:38,1781807318,R_10,4852.953,1,0.12400000000070577,BACKFILL_AUTO
2026-06-18 18:28:40,1781807320,R_10,4852.95,-1,0.0030000000006111804,BACKFILL_AUTO
2026-06-18 18:28:42,1781807322,R_10,4853.161,1,0.2110000000002401,BACKFILL_AUTO
2026-06-18 18:28:44,1781807324,R_10,4853.309,1,0.14800000000013824,BACKFILL_AUTO
2026-06-18 18:28:46,1781807326,R_10,4853.374,1,0.06499999999959982,BACKFILL_AUTO
2026-06-18 18:28:48,1781807328,R_10,4853.527,1,0.15300000000024738,BACKFILL_AUTO
2026-06-18 18:28:50,1781807330,R_10,4853.408,-1,0.11899999999968713,BACKFILL_AUTO
2026-06-18 18:28:52,1781807332,R_10,4853.358,-1,0.0500000000001819,BACKFILL_AUTO
2026-06-18 18:28:54,1781807334,R_10,4853.601,1,0.2429999999994834,BACKFILL_AUTO
2026-06-18 18:28:56,1781807336,R_10,4853.664,1,0.06300000000010186,BACKFILL_AUTO
2026-06-18 18:28:58,1781807338,R_10,4853.68,1,0.016000000000531145,BACKFILL_AUTO
2026-06-18 18:29:00,1781807340,R_10,4853.819,1,0.1390000000001237,BACKFILL_AUTO
2026-06-18 18:29:02,1781807342,R_10,4853.719,-1,0.1000000000003638,BACKFILL_AUTO
2026-06-18 18:29:04,1781807344,R_10,4853.594,-1,0.125,BACKFILL_AUTO
2026-06-18 18:29:06,1781807346,R_10,4853.512,-1,0.0820000000003347,BACKFILL_AUTO
2026-06-18 18:29:08,1781807348,R_10,4853.508,-1,0.0039999999999054126,BACKFILL_AUTO
2026-06-18 18:29:10,1781807350,R_10,4853.803,1,0.29500000000007276,BACKFILL_AUTO
2026-06-18 18:29:12,1781807352,R_10,4853.921,1,0.1180000000003929,BACKFILL_AUTO
2026-06-18 18:29:14,1781807354,R_10,4853.935,1,0.014000000000123691,BACKFILL_AUTO
2026-06-18 18:29:16,1781807356,R_10,4853.895,-1,0.03999999999996362,BACKFILL_AUTO
2026-06-18 18:29:18,1781807358,R_10,4853.893,-1,0.0020000000004074536,BACKFILL_AUTO
2026-06-18 18:29:20,1781807360,R_10,4854.161,1,0.2680000000000291,BACKFILL_AUTO
2026-06-18 18:29:22,1781807362,R_10,4854.065,-1,0.09600000000045839,BACKFILL_AUTO
2026-06-18 18:29:24,1781807364,R_10,4854.13,1,0.06500000000050932,BACKFILL_AUTO
2026-06-18 18:29:26,1781807366,R_10,4854.288,1,0.15799999999944703,BACKFILL_AUTO
2026-06-18 18:29:28,1781807368,R_10,4854.193,-1,0.09499999999934516,BACKFILL_AUTO
2026-06-18 18:29:30,1781807370,R_10,4854.362,1,0.16899999999986903,BACKFILL_AUTO
2026-06-18 18:29:32,1781807372,R_10,4854.587,1,0.2250000000003638,BACKFILL_AUTO
2026-06-18 18:29:34,1781807374,R_10,4854.584,-1,0.0030000000006111804,BACKFILL_AUTO
2026-06-18 18:29:36,1781807376,R_10,4854.609,1,0.025000000000545697,BACKFILL_AUTO
2026-06-18 18:29:38,1781807378,R_10,4854.558,-1,0.051000000000385626,BACKFILL_AUTO
2026-06-18 18:29:40,1781807380,R_10,4854.426,-1,0.1319999999996071,BACKFILL_AUTO
2026-06-18 18:29:42,1781807382,R_10,4854.234,-1,0.19200000000000728,BACKFILL_AUTO
2026-06-18 18:29:44,1781807384,R_10,4854.112,-1,0.12200000000029831,BACKFILL_AUTO
2026-06-18 18:29:46,1781807386,R_10,4854.073,-1,0.03899999999975989,BACKFILL_AUTO
2026-06-18 18:29:48,1781807388,R_10,4854.075,1,0.001999999999497959,BACKFILL_AUTO
2026-06-18 18:29:50,1781807390,R_10,4854.05,-1,0.024999999999636202,BACKFILL_AUTO
2026-06-18 18:29:52,1781807392,R_10,4854.128,1,0.07799999999951979,BACKFILL_AUTO
2026-06-18 18:29:54,1781807394,R_10,4854.007,-1,0.12100000000009459,BACKFILL_AUTO
2026-06-18 18:29:56,1781807396,R_10,4853.954,-1,0.052999999999883585,BACKFILL_AUTO
2026-06-18 18:29:58,1781807398,R_10,4853.784,-1,0.17000000000007276,BACKFILL_AUTO
2026-06-18 18:30:00,1781807400,R_10,4853.802,1,0.018000000000029104,BACKFILL_AUTO
2026-06-18 18:30:02,1781807402,R_10,4853.832,1,0.030000000000654836,BACKFILL_AUTO
2026-06-18 18:30:04,1781807404,R_10,4853.984,1,0.15200000000004366,BACKFILL_AUTO
2026-06-18 18:30:06,1781807406,R_10,4853.866,-1,0.1180000000003929,BACKFILL_AUTO
2026-06-18 18:30:08,1781807408,R_10,4853.974,1,0.10800000000017462,BACKFILL_AUTO
2026-06-18 18:30:10,1781807410,R_10,4853.796,-1,0.17799999999988358,BACKFILL_AUTO
2026-06-18 18:30:12,1781807412,R_10,4853.925,1,0.1289999999999054,BACKFILL_AUTO
2026-06-18 18:30:14,1781807414,R_10,4853.502,-1,0.42299999999977445,BACKFILL_AUTO
2026-06-18 18:30:16,1781807416,R_10,4853.336,-1,0.16600000000016735,BACKFILL_AUTO
2026-06-18 18:30:18,1781807418,R_10,4853.35,1,0.014000000000123691,BACKFILL_AUTO
2026-06-18 18:30:20,1781807420,R_10,4853.453,1,0.10300000000006548,BACKFILL_AUTO
2026-06-18 18:30:22,1781807422,R_10,4853.632,1,0.17899999999917782,BACKFILL_AUTO
2026-06-18 18:30:24,1781807424,R_10,4853.496,-1,0.1359999999995125,BACKFILL_AUTO
2026-06-18 18:30:26,1781807426,R_10,4853.308,-1,0.18800000000010186,BACKFILL_AUTO
2026-06-18 18:30:28,1781807428,R_10,4853.274,-1,0.033999999999650754,BACKFILL_AUTO
2026-06-18 18:30:30,1781807430,R_10,4853.186,-1,0.08800000000064756,BACKFILL_AUTO
2026-06-18 18:30:32,1781807432,R_10,4853.153,-1,0.03299999999944703,BACKFILL_AUTO
2026-06-18 18:30:34,1781807434,R_10,4853.009,-1,0.14400000000023283,BACKFILL_AUTO
2026-06-18 18:30:36,1781807436,R_10,4853.188,1,0.1790000000000873,BACKFILL_AUTO
2026-06-18 18:30:38,1781807438,R_10,4853.298,1,0.10999999999967258,BACKFILL_AUTO
2026-06-18 18:30:40,1781807440,R_10,4853.4,1,0.10199999999986176,BACKFILL_AUTO
2026-06-18 18:30:42,1781807442,R_10,4853.403,1,0.0030000000006111804,BACKFILL_AUTO
2026-06-18 18:30:44,1781807444,R_10,4853.532,1,0.1289999999999054,BACKFILL_AUTO
2026-06-18 18:30:46,1781807446,R_10,4853.408,-1,0.12399999999979627,BACKFILL_AUTO
2026-06-18 18:30:48,1781807448,R_10,4853.338,-1,0.07000000000061846,BACKFILL_AUTO
2026-06-18 18:30:50,1781807450,R_10,4853.585,1,0.24700000000029831,BACKFILL_AUTO
2026-06-18 18:30:52,1781807452,R_10,4853.553,-1,0.032000000000152795,BACKFILL_AUTO
2026-06-18 18:30:54,1781807454,R_10,4853.413,-1,0.14000000000032742,BACKFILL_AUTO
2026-06-18 18:30:56,1781807456,R_10,4853.423,1,0.010000000000218279,BACKFILL_AUTO
2026-06-18 18:30:58,1781807458,R_10,4853.477,1,0.05400000000008731,BACKFILL_AUTO
2026-06-18 18:31:00,1781807460,R_10,4853.417,-1,0.05999999999949068,BACKFILL_AUTO
2026-06-18 18:31:02,1781807462,R_10,4853.38,-1,0.037000000000261934,BACKFILL_AUTO
2026-06-18 18:31:04,1781807464,R_10,4853.598,1,0.2179999999998472,BACKFILL_AUTO
2026-06-18 18:31:06,1781807466,R_10,4853.636,1,0.03800000000046566,BACKFILL_AUTO
2026-06-18 18:31:08,1781807468,R_10,4853.505,-1,0.13100000000031287,BACKFILL_AUTO
2026-06-18 18:31:10,1781807470,R_10,4853.629,1,0.12399999999979627,BACKFILL_AUTO
2026-06-18 18:31:12,1781807472,R_10,4853.536,-1,0.0929999999998472,BACKFILL_AUTO
2026-06-18 18:31:14,1781807474,R_10,4853.663,1,0.12699999999949796,BACKFILL_AUTO
2026-06-18 18:31:16,1781807476,R_10,4853.764,1,0.10100000000056752,BACKFILL_AUTO
2026-06-18 18:31:18,1781807478,R_10,4853.688,-1,0.07600000000002183,BACKFILL_AUTO
2026-06-18 18:31:20,1781807480,R_10,4853.714,1,0.02599999999983993,BACKFILL_AUTO
2026-06-18 18:31:22,1781807482,R_10,4853.704,-1,0.010000000000218279,BACKFILL_AUTO
2026-06-18 18:31:24,1781807484,R_10,4853.956,1,0.25200000000040745,BACKFILL_AUTO
2026-06-18 18:31:26,1781807486,R_10,4853.946,-1,0.010000000000218279,BACKFILL_AUTO
2026-06-18 18:31:28,1781807488,R_10,4854.125,1,0.1790000000000873,BACKFILL_AUTO
2026-06-18 18:31:30,1781807490,R_10,4854.076,-1,0.04899999999997817,BACKFILL_AUTO
2026-06-18 18:31:32,1781807492,R_10,4854.384,1,0.3079999999999927,BACKFILL_AUTO
2026-06-18 18:31:34,1781807494,R_10,4854.323,-1,0.06099999999969441,BACKFILL_AUTO
2026-06-18 18:31:36,1781807496,R_10,4854.123,-1,0.2000000000007276,BACKFILL_AUTO
2026-06-18 18:31:38,1781807498,R_10,4854.18,1,0.05700000000069849,BACKFILL_AUTO
2026-06-18 18:31:40,1781807500,R_10,4854.065,-1,0.11500000000069122,BACKFILL_AUTO
2026-06-18 18:31:42,1781807502,R_10,4853.928,-1,0.13699999999971624,BACKFILL_AUTO
2026-06-18 18:31:44,1781807504,R_10,4853.932,1,0.0039999999999054126,BACKFILL_AUTO
2026-06-18 18:31:46,1781807506,R_10,4853.857,-1,0.0749999999998181,BACKFILL_AUTO
2026-06-18 18:31:48,1781807508,R_10,4853.877,1,0.020000000000436557,BACKFILL_AUTO
2026-06-18 18:31:50,1781807510,R_10,4853.938,1,0.06099999999969441,BACKFILL_AUTO
2026-06-18 18:31:52,1781807512,R_10,4853.909,-1,0.02900000000045111,BACKFILL_AUTO
2026-06-18 18:31:54,1781807514,R_10,4853.79,-1,0.11899999999968713,BACKFILL_AUTO
2026-06-18 18:31:56,1781807516,R_10,4853.879,1,0.08899999999994179,BACKFILL_AUTO
2026-06-18 18:31:58,1781807518,R_10,4853.913,1,0.033999999999650754,BACKFILL_AUTO
2026-06-18 18:32:00,1781807520,R_10,4853.886,-1,0.02699999999913416,BACKFILL_AUTO
2026-06-18 18:32:02,1781807522,R_10,4853.97,1,0.08399999999983265,BACKFILL_AUTO
2026-06-18 18:32:04,1781807524,R_10,4853.901,-1,0.06900000000041473,BACKFILL_AUTO
2026-06-18 18:32:06,1781807526,R_10,4853.664,-1,0.23700000000008004,BACKFILL_AUTO
2026-06-18 18:32:08,1781807528,R_10,4853.783,1,0.11900000000059663,BACKFILL_AUTO
2026-06-18 18:32:10,1781807530,R_10,4853.639,-1,0.14400000000023283,BACKFILL_AUTO
2026-06-18 18:32:12,1781807532,R_10,4853.782,1,0.1430000000000291,BACKFILL_AUTO
2026-06-18 18:32:14,1781807534,R_10,4853.922,1,0.13999999999941792,BACKFILL_AUTO
2026-06-18 18:32:16,1781807536,R_10,4853.912,-1,0.009999999999308784,BACKFILL_AUTO
2026-06-18 18:32:18,1781807538,R_10,4853.867,-1,0.04500000000007276,BACKFILL_AUTO
2026-06-18 18:32:20,1781807540,R_10,4853.81,-1,0.056999999999789,BACKFILL_AUTO
2026-06-18 18:32:22,1781807542,R_10,4853.823,1,0.012999999999919964,BACKFILL_AUTO
2026-06-18 18:32:24,1781807544,R_10,4853.88,1,0.056999999999789,BACKFILL_AUTO
2026-06-18 18:32:26,1781807546,R_10,4853.648,-1,0.2319999999999709,BACKFILL_AUTO
2026-06-18 18:32:28,1781807548,R_10,4853.947,1,0.29899999999997817,BACKFILL_AUTO
2026-06-18 18:32:30,1781807550,R_10,4853.775,-1,0.1720000000004802,BACKFILL_AUTO
2026-06-18 18:32:32,1781807552,R_10,4853.998,1,0.22299999999995634,BACKFILL_AUTO
2026-06-18 18:32:34,1781807554,R_10,4854.3,1,0.30200000000058935,BACKFILL_AUTO
2026-06-18 18:32:36,1781807556,R_10,4854.364,1,0.0639999999993961,BACKFILL_AUTO
2026-06-18 18:32:38,1781807558,R_10,4854.459,1,0.09500000000025466,BACKFILL_AUTO
2026-06-18 18:32:40,1781807560,R_10,4854.524,1,0.06500000000050932,BACKFILL_AUTO
2026-06-18 18:32:42,1781807562,R_10,4854.387,-1,0.13700000000062573,BACKFILL_AUTO
2026-06-18 18:32:44,1781807564,R_10,4854.437,1,0.0500000000001819,BACKFILL_AUTO
2026-06-18 18:32:46,1781807566,R_10,4854.323,-1,0.113999999999578,BACKFILL_AUTO
2026-06-18 18:32:48,1781807568,R_10,4854.399,1,0.07600000000002183,BACKFILL_AUTO
2026-06-18 18:32:50,1781807570,R_10,4854.443,1,0.04399999999986903,BACKFILL_AUTO
2026-06-18 18:32:52,1781807572,R_10,4854.763,1,0.31999999999970896,BACKFILL_AUTO
2026-06-18 18:32:54,1781807574,R_10,4854.693,-1,0.06999999999970896,BACKFILL_AUTO
2026-06-18 18:32:56,1781807576,R_10,4854.814,1,0.12100000000009459,BACKFILL_AUTO
2026-06-18 18:32:58,1781807578,R_10,4854.878,1,0.0639999999993961,BACKFILL_AUTO
2026-06-18 18:33:00,1781807580,R_10,4854.763,-1,0.11499999999978172,BACKFILL_AUTO
2026-06-18 18:33:02,1781807582,R_10,4854.527,-1,0.2359999999998763,BACKFILL_AUTO
2026-06-18 18:33:04,1781807584,R_10,4854.591,1,0.06400000000030559,BACKFILL_AUTO
2026-06-18 18:33:06,1781807586,R_10,4854.629,1,0.03799999999955617,BACKFILL_AUTO
2026-06-18 18:33:08,1781807588,R_10,4854.632,1,0.0029999999997016857,BACKFILL_AUTO
2026-06-18 18:33:10,1781807590,R_10,4854.733,1,0.10100000000056752,BACKFILL_AUTO
2026-06-18 18:33:12,1781807592,R_10,4854.719,-1,0.014000000000123691,BACKFILL_AUTO
2026-06-18 18:33:14,1781807594,R_10,4854.585,-1,0.13400000000001455,BACKFILL_AUTO
2026-06-18 18:33:16,1781807596,R_10,4854.541,-1,0.04399999999986903,BACKFILL_AUTO
2026-06-18 18:33:18,1781807598,R_10,4854.541,0,0.0,BACKFILL_AUTO
2026-06-18 18:33:20,1781807600,R_10,4854.449,-1,0.09200000000055297,BACKFILL_AUTO
2026-06-18 18:33:22,1781807602,R_10,4854.356,-1,0.0929999999998472,BACKFILL_AUTO
2026-06-18 18:33:24,1781807604,R_10,4854.319,-1,0.03699999999935244,BACKFILL_AUTO
2026-06-18 18:33:26,1781807606,R_10,4854.383,1,0.0639999999993961,BACKFILL_AUTO
2026-06-18 18:33:28,1781807608,R_10,4854.342,-1,0.04100000000016735,BACKFILL_AUTO
2026-06-18 18:33:30,1781807610,R_10,4854.252,-1,0.08999999999923602,BACKFILL_AUTO
2026-06-18 18:33:32,1781807612,R_10,4854.151,-1,0.10100000000056752,BACKFILL_AUTO
2026-06-18 18:33:34,1781807614,R_10,4854.137,-1,0.014000000000123691,BACKFILL_AUTO
2026-06-18 18:33:36,1781807616,R_10,4853.991,-1,0.1459999999997308,BACKFILL_AUTO
2026-06-18 18:33:38,1781807618,R_10,4854.152,1,0.1610000000000582,BACKFILL_AUTO
2026-06-18 18:33:40,1781807620,R_10,4854.092,-1,0.06000000000040018,BACKFILL_AUTO
2026-06-18 18:33:42,1781807622,R_10,4854.068,-1,0.023999999999432475,BACKFILL_AUTO
2026-06-18 18:33:44,1781807624,R_10,4854.416,1,0.34799999999995634,BACKFILL_AUTO
2026-06-18 18:33:46,1781807626,R_10,4854.355,-1,0.061000000000603904,BACKFILL_AUTO
2026-06-18 18:33:48,1781807628,R_10,4854.442,1,0.08700000000044383,BACKFILL_AUTO
2026-06-18 18:33:50,1781807630,R_10,4854.592,1,0.1499999999996362,BACKFILL_AUTO
2026-06-18 18:33:52,1781807632,R_10,4854.622,1,0.030000000000654836,BACKFILL_AUTO
2026-06-18 18:33:54,1781807634,R_10,4854.488,-1,0.13400000000001455,BACKFILL_AUTO
2026-06-18 18:33:56,1781807636,R_10,4854.494,1,0.0059999999994033715,BACKFILL_AUTO
2026-06-18 18:33:58,1781807638,R_10,4854.523,1,0.02900000000045111,BACKFILL_AUTO
2026-06-18 18:34:00,1781807640,R_10,4854.588,1,0.06499999999959982,BACKFILL_AUTO
2026-06-18 18:34:02,1781807642,R_10,4854.485,-1,0.10300000000006548,BACKFILL_AUTO
2026-06-18 18:34:04,1781807644,R_10,4854.665,1,0.18000000000029104,BACKFILL_AUTO
2026-06-18 18:34:06,1781807646,R_10,4854.717,1,0.05199999999967986,BACKFILL_AUTO
2026-06-18 18:34:08,1781807648,R_10,4854.874,1,0.1570000000001528,BACKFILL_AUTO
2026-06-18 18:34:10,1781807650,R_10,4854.999,1,0.125,BACKFILL_AUTO
2026-06-18 18:34:12,1781807652,R_10,4855.09,1,0.09100000000034925,BACKFILL_AUTO
2026-06-18 18:34:14,1781807654,R_10,4854.924,-1,0.16600000000016735,BACKFILL_AUTO
2026-06-18 18:34:16,1781807656,R_10,4854.956,1,0.032000000000152795,BACKFILL_AUTO
2026-06-18 18:34:18,1781807658,R_10,4855.015,1,0.05900000000019645,BACKFILL_AUTO
2026-06-18 18:34:20,1781807660,R_10,4855.107,1,0.09199999999964348,BACKFILL_AUTO
2026-06-18 18:34:22,1781807662,R_10,4855.141,1,0.033999999999650754,BACKFILL_AUTO
2026-06-18 18:34:24,1781807664,R_10,4855.035,-1,0.10599999999976717,BACKFILL_AUTO
2026-06-18 18:34:26,1781807666,R_10,4855.113,1,0.07800000000042928,BACKFILL_AUTO
2026-06-18 18:34:28,1781807668,R_10,4855.29,1,0.17699999999967986,BACKFILL_AUTO
2026-06-18 18:34:30,1781807670,R_10,4855.265,-1,0.024999999999636202,BACKFILL_AUTO
2026-06-18 18:34:32,1781807672,R_10,4855.42,1,0.15499999999974534,BACKFILL_AUTO
2026-06-18 18:34:34,1781807674,R_10,4855.308,-1,0.11200000000008004,BACKFILL_AUTO
2026-06-18 18:34:36,1781807676,R_10,4855.414,1,0.10599999999976717,BACKFILL_AUTO
2026-06-18 18:34:38,1781807678,R_10,4855.368,-1,0.04599999999936699,BACKFILL_AUTO
2026-06-18 18:34:40,1781807680,R_10,4855.301,-1,0.06700000000000728,BACKFILL_AUTO
2026-06-18 18:34:42,1781807682,R_10,4855.335,1,0.033999999999650754,BACKFILL_AUTO
2026-06-18 18:34:44,1781807684,R_10,4855.414,1,0.07899999999972351,BACKFILL_AUTO
2026-06-18 18:34:46,1781807686,R_10,4855.526,1,0.11200000000008004,BACKFILL_AUTO
2026-06-18 18:34:48,1781807688,R_10,4855.406,-1,0.11999999999989086,BACKFILL_AUTO
2026-06-18 18:34:50,1781807690,R_10,4855.396,-1,0.010000000000218279,BACKFILL_AUTO
2026-06-18 18:34:52,1781807692,R_10,4855.693,1,0.2970000000004802,BACKFILL_AUTO
2026-06-18 18:34:54,1781807694,R_10,4855.68,-1,0.012999999999919964,BACKFILL_AUTO
2026-06-18 18:34:56,1781807696,R_10,4855.685,1,0.005000000000109139,BACKFILL_AUTO
2026-06-18 18:34:58,1781807698,R_10,4855.62,-1,0.06500000000050932,BACKFILL_AUTO
2026-06-18 18:35:00,1781807700,R_10,4855.636,1,0.016000000000531145,BACKFILL_AUTO
2026-06-18 18:35:02,1781807702,R_10,4855.581,-1,0.05500000000029104,BACKFILL_AUTO
2026-06-18 18:35:04,1781807704,R_10,4855.419,-1,0.16200000000026193,BACKFILL_AUTO
2026-06-18 18:35:06,1781807706,R_10,4855.314,-1,0.10499999999956344,BACKFILL_AUTO
2026-06-18 18:35:08,1781807708,R_10,4855.429,1,0.11499999999978172,BACKFILL_AUTO
2026-06-18 18:35:10,1781807710,R_10,4855.369,-1,0.06000000000040018,BACKFILL_AUTO
2026-06-18 18:35:12,1781807712,R_10,4855.451,1,0.0820000000003347,BACKFILL_AUTO
2026-06-18 18:35:14,1781807714,R_10,4855.452,1,0.0010000000002037268,BACKFILL_AUTO
2026-06-18 18:35:16,1781807716,R_10,4855.473,1,0.02099999999973079,BACKFILL_AUTO
2026-06-18 18:35:18,1781807718,R_10,4855.559,1,0.0860000000002401,BACKFILL_AUTO
2026-06-18 18:35:20,1781807720,R_10,4855.502,-1,0.056999999999789,BACKFILL_AUTO
2026-06-18 18:35:22,1781807722,R_10,4855.434,-1,0.068000000000211,BACKFILL_AUTO
2026-06-18 18:35:24,1781807724,R_10,4855.518,1,0.08399999999983265,BACKFILL_AUTO
2026-06-18 18:35:26,1781807726,R_10,4855.58,1,0.06199999999989814,BACKFILL_AUTO
2026-06-18 18:35:28,1781807728,R_10,4855.416,-1,0.1639999999997599,BACKFILL_AUTO
2026-06-18 18:35:30,1781807730,R_10,4855.419,1,0.0029999999997016857,BACKFILL_AUTO
2026-06-18 18:35:32,1781807732,R_10,4855.486,1,0.06700000000000728,BACKFILL_AUTO
2026-06-18 18:35:34,1781807734,R_10,4855.474,-1,0.011999999999716238,BACKFILL_AUTO
2026-06-18 18:35:36,1781807736,R_10,4855.417,-1,0.056999999999789,BACKFILL_AUTO
2026-06-18 18:35:38,1781807738,R_10,4855.393,-1,0.02400000000034197,BACKFILL_AUTO
2026-06-18 18:35:40,1781807740,R_10,4855.143,-1,0.25,BACKFILL_AUTO
2026-06-18 18:35:42,1781807742,R_10,4855.09,-1,0.052999999999883585,BACKFILL_AUTO
2026-06-18 18:35:44,1781807744,R_10,4855.106,1,0.01599999999962165,BACKFILL_AUTO
2026-06-18 18:35:46,1781807746,R_10,4855.349,1,0.2430000000003929,BACKFILL_AUTO
2026-06-18 18:35:48,1781807748,R_10,4855.314,-1,0.03499999999985448,BACKFILL_AUTO
2026-06-18 18:35:50,1781807750,R_10,4855.411,1,0.09699999999975262,BACKFILL_AUTO
2026-06-18 18:35:52,1781807752,R_10,4855.201,-1,0.21000000000003638,BACKFILL_AUTO
2026-06-18 18:35:54,1781807754,R_10,4855.086,-1,0.11499999999978172,BACKFILL_AUTO
2026-06-18 18:35:56,1781807756,R_10,4855.131,1,0.04500000000007276,BACKFILL_AUTO
2026-06-18 18:35:58,1781807758,R_10,4855.115,-1,0.016000000000531145,BACKFILL_AUTO
2026-06-18 18:36:00,1781807760,R_10,4855.085,-1,0.02999999999974534,BACKFILL_AUTO
2026-06-18 18:36:02,1781807762,R_10,4855.241,1,0.15599999999994907,BACKFILL_AUTO
2026-06-18 18:36:04,1781807764,R_10,4855.276,1,0.03499999999985448,BACKFILL_AUTO
2026-06-18 18:36:06,1781807766,R_10,4855.235,-1,0.04100000000016735,BACKFILL_AUTO
2026-06-18 18:36:08,1781807768,R_10,4855.274,1,0.03900000000066939,BACKFILL_AUTO
2026-06-18 18:36:10,1781807770,R_10,4855.508,1,0.23399999999946886,BACKFILL_AUTO
2026-06-18 18:36:12,1781807772,R_10,4855.541,1,0.03300000000035652,BACKFILL_AUTO
2026-06-18 18:36:14,1781807774,R_10,4855.336,-1,0.20499999999992724,BACKFILL_AUTO
2026-06-18 18:36:16,1781807776,R_10,4855.225,-1,0.11099999999987631,BACKFILL_AUTO
2026-06-18 18:36:18,1781807778,R_10,4855.259,1,0.033999999999650754,BACKFILL_AUTO
2026-06-18 18:36:20,1781807780,R_10,4855.221,-1,0.03800000000046566,BACKFILL_AUTO
2026-06-18 18:36:22,1781807782,R_10,4855.069,-1,0.15199999999913416,BACKFILL_AUTO
2026-06-18 18:36:24,1781807784,R_10,4855.189,1,0.11999999999989086,BACKFILL_AUTO
2026-06-18 18:36:26,1781807786,R_10,4855.144,-1,0.04500000000007276,BACKFILL_AUTO
2026-06-18 18:36:28,1781807788,R_10,4855.231,1,0.08699999999953434,BACKFILL_AUTO
2026-06-18 18:36:30,1781807790,R_10,4855.175,-1,0.05599999999958527,BACKFILL_AUTO
2026-06-18 18:36:32,1781807792,R_10,4855.206,1,0.03099999999994907,BACKFILL_AUTO
2026-06-18 18:36:34,1781807794,R_10,4855.373,1,0.16699999999946158,BACKFILL_AUTO
2026-06-18 18:36:36,1781807796,R_10,4855.22,-1,0.1529999999993379,BACKFILL_AUTO
2026-06-18 18:36:38,1781807798,R_10,4855.227,1,0.006999999999607098,BACKFILL_AUTO
2026-06-18 18:36:40,1781807800,R_10,4855.228,1,0.0010000000002037268,BACKFILL_AUTO
2026-06-18 18:36:42,1781807802,R_10,4855.053,-1,0.1750000000001819,BACKFILL_AUTO
2026-06-18 18:36:44,1781807804,R_10,4855.194,1,0.14100000000053114,BACKFILL_AUTO
2026-06-18 18:36:46,1781807806,R_10,4855.075,-1,0.11900000000059663,BACKFILL_AUTO
2026-06-18 18:36:48,1781807808,R_10,4854.966,-1,0.10899999999946886,BACKFILL_AUTO
2026-06-18 18:36:50,1781807810,R_10,4854.702,-1,0.2640000000001237,BACKFILL_AUTO
2026-06-18 18:36:52,1781807812,R_10,4854.662,-1,0.03999999999996362,BACKFILL_AUTO
2026-06-18 18:36:54,1781807814,R_10,4854.646,-1,0.016000000000531145,BACKFILL_AUTO
2026-06-18 18:36:56,1781807816,R_10,4854.69,1,0.04399999999986903,BACKFILL_AUTO
2026-06-18 18:36:58,1781807818,R_10,4854.677,-1,0.012999999999919964,BACKFILL_AUTO
2026-06-18 18:37:00,1781807820,R_10,4854.351,-1,0.32600000000002183,BACKFILL_AUTO
2026-06-18 18:37:02,1781807822,R_10,4854.329,-1,0.021999999999934516,BACKFILL_AUTO
2026-06-18 18:37:04,1781807824,R_10,4854.334,1,0.005000000000109139,BACKFILL_AUTO
2026-06-18 18:37:06,1781807826,R_10,4854.298,-1,0.03600000000005821,BACKFILL_AUTO
2026-06-18 18:37:08,1781807828,R_10,4854.531,1,0.23300000000017462,BACKFILL_AUTO
2026-06-18 18:37:10,1781807830,R_10,4854.497,-1,0.033999999999650754,BACKFILL_AUTO
2026-06-18 18:37:12,1781807832,R_10,4854.507,1,0.009999999999308784,BACKFILL_AUTO
2026-06-18 18:37:14,1781807834,R_10,4854.62,1,0.11300000000028376,BACKFILL_AUTO
2026-06-18 18:37:16,1781807836,R_10,4854.48,-1,0.14000000000032742,BACKFILL_AUTO
2026-06-18 18:37:18,1781807838,R_10,4854.417,-1,0.06299999999919237,BACKFILL_AUTO
2026-06-18 18:37:20,1781807840,R_10,4854.369,-1,0.04800000000068394,BACKFILL_AUTO
2026-06-18 18:37:22,1781807842,R_10,4854.342,-1,0.027000000000043656,BACKFILL_AUTO
2026-06-18 18:37:24,1781807844,R_10,4854.391,1,0.04899999999997817,BACKFILL_AUTO
2026-06-18 18:37:26,1781807846,R_10,4854.414,1,0.023000000000138243,BACKFILL_AUTO
2026-06-18 18:37:28,1781807848,R_10,4854.456,1,0.042000000000371074,BACKFILL_AUTO
2026-06-18 18:37:30,1781807850,R_10,4854.625,1,0.16899999999986903,BACKFILL_AUTO
2026-06-18 18:37:32,1781807852,R_10,4854.668,1,0.042999999999665306,BACKFILL_AUTO
2026-06-18 18:37:34,1781807854,R_10,4854.777,1,0.10900000000037835,BACKFILL_AUTO
2026-06-18 18:37:36,1781807856,R_10,4854.687,-1,0.09000000000014552,BACKFILL_AUTO
2026-06-18 18:37:38,1781807858,R_10,4854.518,-1,0.16899999999986903,BACKFILL_AUTO
2026-06-18 18:37:40,1781807860,R_10,4854.431,-1,0.08700000000044383,BACKFILL_AUTO
2026-06-18 18:37:42,1781807862,R_10,4854.486,1,0.05500000000029104,BACKFILL_AUTO
2026-06-18 18:37:44,1781807864,R_10,4854.463,-1,0.023000000000138243,BACKFILL_AUTO
2026-06-18 18:37:46,1781807866,R_10,4854.229,-1,0.23399999999946886,BACKFILL_AUTO
2026-06-18 18:37:48,1781807868,R_10,4854.339,1,0.10999999999967258,BACKFILL_AUTO
2026-06-18 18:37:50,1781807870,R_10,4854.23,-1,0.10900000000037835,BACKFILL_AUTO
2026-06-18 18:37:52,1781807872,R_10,4854.301,1,0.07100000000082218,BACKFILL_AUTO
2026-06-18 18:37:54,1781807874,R_10,4854.236,-1,0.06500000000050932,BACKFILL_AUTO
2026-06-18 18:37:56,1781807876,R_10,4854.152,-1,0.08399999999983265,BACKFILL_AUTO
2026-06-18 18:37:58,1781807878,R_10,4854.354,1,0.20200000000022555,BACKFILL_AUTO
2026-06-18 18:38:00,1781807880,R_10,4854.344,-1,0.010000000000218279,BACKFILL_AUTO
2026-06-18 18:38:02,1781807882,R_10,4854.35,1,0.006000000000312866,BACKFILL_AUTO
2026-06-18 18:38:04,1781807884,R_10,4854.089,-1,0.261000000000422,BACKFILL_AUTO
2026-06-18 18:38:06,1781807886,R_10,4853.959,-1,0.13000000000010914,BACKFILL_AUTO
2026-06-18 18:38:08,1781807888,R_10,4854.071,1,0.11200000000008004,BACKFILL_AUTO
2026-06-18 18:38:10,1781807890,R_10,4853.914,-1,0.1570000000001528,BACKFILL_AUTO
2026-06-18 18:38:12,1781807892,R_10,4853.945,1,0.03099999999994907,BACKFILL_AUTO
2026-06-18 18:38:14,1781807894,R_10,4854.082,1,0.13700000000062573,BACKFILL_AUTO
2026-06-18 18:38:16,1781807896,R_10,4854.154,1,0.07200000000011642,BACKFILL_AUTO
2026-06-18 18:38:18,1781807898,R_10,4854.026,-1,0.12800000000061118,BACKFILL_AUTO
2026-06-18 18:38:20,1781807900,R_10,4853.78,-1,0.2460000000000946,BACKFILL_AUTO
2026-06-18 18:38:22,1781807902,R_10,4853.631,-1,0.14899999999943248,BACKFILL_AUTO
2026-06-18 18:38:24,1781807904,R_10,4853.558,-1,0.07300000000032014,BACKFILL_AUTO
2026-06-18 18:38:26,1781807906,R_10,4853.6,1,0.042000000000371074,BACKFILL_AUTO
2026-06-18 18:38:28,1781807908,R_10,4853.575,-1,0.025000000000545697,BACKFILL_AUTO
2026-06-18 18:38:30,1781807910,R_10,4853.642,1,0.06700000000000728,BACKFILL_AUTO
2026-06-18 18:38:32,1781807912,R_10,4853.565,-1,0.07700000000022555,BACKFILL_AUTO
2026-06-18 18:38:34,1781807914,R_10,4853.838,1,0.27300000000013824,BACKFILL_AUTO
2026-06-18 18:38:36,1781807916,R_10,4853.843,1,0.005000000000109139,BACKFILL_AUTO
2026-06-18 18:38:38,1781807918,R_10,4853.682,-1,0.1610000000000582,BACKFILL_AUTO
2026-06-18 18:38:40,1781807920,R_10,4853.555,-1,0.12699999999949796,BACKFILL_AUTO
2026-06-18 18:38:42,1781807922,R_10,4853.531,-1,0.02400000000034197,BACKFILL_AUTO
2026-06-18 18:38:44,1781807924,R_10,4853.183,-1,0.34799999999995634,BACKFILL_AUTO
2026-06-18 18:38:46,1781807926,R_10,4853.052,-1,0.13100000000031287,BACKFILL_AUTO
2026-06-18 18:38:48,1781807928,R_10,4853.153,1,0.10100000000056752,BACKFILL_AUTO
2026-06-18 18:38:50,1781807930,R_10,4853.103,-1,0.0500000000001819,BACKFILL_AUTO
2026-06-18 18:38:52,1781807932,R_10,4853.293,1,0.18999999999959982,BACKFILL_AUTO
2026-06-18 18:38:54,1781807934,R_10,4853.189,-1,0.10399999999935972,BACKFILL_AUTO
2026-06-18 18:38:56,1781807936,R_10,4853.335,1,0.1459999999997308,BACKFILL_AUTO
2026-06-18 18:38:58,1781807938,R_10,4853.176,-1,0.15899999999965075,BACKFILL_AUTO
2026-06-18 18:39:00,1781807940,R_10,4853.113,-1,0.06300000000010186,BACKFILL_AUTO
2026-06-18 18:39:02,1781807942,R_10,4853.09,-1,0.023000000000138243,BACKFILL_AUTO
2026-06-18 18:39:04,1781807944,R_10,4853.132,1,0.04199999999946158,BACKFILL_AUTO
2026-06-18 18:39:06,1781807946,R_10,4853.129,-1,0.0029999999997016857,BACKFILL_AUTO
2026-06-18 18:39:08,1781807948,R_10,4853.264,1,0.13500000000021828,BACKFILL_AUTO
2026-06-18 18:39:10,1781807950,R_10,4853.228,-1,0.03600000000005821,BACKFILL_AUTO
2026-06-18 18:39:12,1781807952,R_10,4853.153,-1,0.0749999999998181,BACKFILL_AUTO
2026-06-18 18:39:14,1781807954,R_10,4853.075,-1,0.07800000000042928,BACKFILL_AUTO
2026-06-18 18:39:16,1781807956,R_10,4852.875,-1,0.1999999999998181,BACKFILL_AUTO
2026-06-18 18:39:18,1781807958,R_10,4852.72,-1,0.15499999999974534,BACKFILL_AUTO
2026-06-18 18:39:20,1781807960,R_10,4852.741,1,0.02099999999973079,BACKFILL_AUTO
2026-06-18 18:39:22,1781807962,R_10,4852.823,1,0.0820000000003347,BACKFILL_AUTO
2026-06-18 18:39:24,1781807964,R_10,4852.805,-1,0.018000000000029104,BACKFILL_AUTO
2026-06-18 18:39:26,1781807966,R_10,4852.92,1,0.11499999999978172,BACKFILL_AUTO
2026-06-18 18:39:28,1781807968,R_10,4852.987,1,0.06700000000000728,BACKFILL_AUTO
2026-06-18 18:39:30,1781807970,R_10,4852.964,-1,0.023000000000138243,BACKFILL_AUTO
2026-06-18 18:39:32,1781807972,R_10,4852.91,-1,0.05400000000008731,BACKFILL_AUTO
2026-06-18 18:39:34,1781807974,R_10,4853.027,1,0.11700000000018917,BACKFILL_AUTO
2026-06-18 18:39:36,1781807976,R_10,4852.939,-1,0.08799999999973807,BACKFILL_AUTO
2026-06-18 18:39:38,1781807978,R_10,4852.889,-1,0.0500000000001819,BACKFILL_AUTO
2026-06-18 18:39:40,1781807980,R_10,4852.865,-1,0.02400000000034197,BACKFILL_AUTO
2026-06-18 18:39:42,1781807982,R_10,4852.936,1,0.07099999999991269,BACKFILL_AUTO
2026-06-18 18:39:44,1781807984,R_10,4853.063,1,0.12700000000040745,BACKFILL_AUTO
2026-06-18 18:39:46,1781807986,R_10,4853.371,1,0.3079999999999927,BACKFILL_AUTO
2026-06-18 18:39:48,1781807988,R_10,4853.181,-1,0.19000000000050932,BACKFILL_AUTO
2026-06-18 18:39:50,1781807990,R_10,4853.026,-1,0.15499999999974534,BACKFILL_AUTO
2026-06-18 18:39:52,1781807992,R_10,4853.106,1,0.07999999999992724,BACKFILL_AUTO
2026-06-18 18:39:54,1781807994,R_10,4853.234,1,0.12800000000061118,BACKFILL_AUTO
2026-06-18 18:39:56,1781807996,R_10,4853.039,-1,0.19500000000061846,BACKFILL_AUTO
2026-06-18 18:39:58,1781807998,R_10,4852.845,-1,0.19399999999950523,BACKFILL_AUTO
2026-06-18 18:40:00,1781808000,R_10,4852.985,1,0.13999999999941792,BACKFILL_AUTO
2026-06-18 18:40:02,1781808002,R_10,4852.94,-1,0.04500000000007276,BACKFILL_AUTO
2026-06-18 18:40:04,1781808004,R_10,4853.037,1,0.09700000000066211,BACKFILL_AUTO
2026-06-18 18:40:06,1781808006,R_10,4852.964,-1,0.07300000000032014,BACKFILL_AUTO
2026-06-18 18:40:08,1781808008,R_10,4853.009,1,0.04500000000007276,BACKFILL_AUTO
2026-06-18 18:40:10,1781808010,R_10,4853.251,1,0.24200000000018917,BACKFILL_AUTO
2026-06-18 18:40:12,1781808012,R_10,4853.231,-1,0.020000000000436557,BACKFILL_AUTO
2026-06-18 18:40:14,1781808014,R_10,4853.151,-1,0.07999999999992724,BACKFILL_AUTO
2026-06-18 18:40:16,1781808016,R_10,4853.158,1,0.007000000000516593,BACKFILL_AUTO
2026-06-18 18:40:18,1781808018,R_10,4852.995,-1,0.16300000000046566,BACKFILL_AUTO
2026-06-18 18:40:20,1781808020,R_10,4852.948,-1,0.04699999999957072,BACKFILL_AUTO
2026-06-18 18:40:22,1781808022,R_10,4852.751,-1,0.19700000000011642,BACKFILL_AUTO
2026-06-18 18:40:24,1781808024,R_10,4852.719,-1,0.032000000000152795,BACKFILL_AUTO
2026-06-18 18:40:26,1781808026,R_10,4852.839,1,0.11999999999989086,BACKFILL_AUTO
2026-06-18 18:40:28,1781808028,R_10,4852.854,1,0.015000000000327418,BACKFILL_AUTO
2026-06-18 18:40:30,1781808030,R_10,4852.929,1,0.0749999999998181,BACKFILL_AUTO
2026-06-18 18:40:32,1781808032,R_10,4852.992,1,0.06300000000010186,BACKFILL_AUTO
2026-06-18 18:40:34,1781808034,R_10,4852.828,-1,0.1639999999997599,BACKFILL_AUTO
2026-06-18 18:40:36,1781808036,R_10,4852.763,-1,0.06500000000050932,BACKFILL_AUTO
2026-06-18 18:40:38,1781808038,R_10,4852.626,-1,0.13699999999971624,BACKFILL_AUTO
2026-06-18 18:40:40,1781808040,R_10,4852.501,-1,0.125,BACKFILL_AUTO
2026-06-18 18:40:42,1781808042,R_10,4852.534,1,0.03299999999944703,BACKFILL_AUTO
2026-06-18 18:40:44,1781808044,R_10,4852.423,-1,0.11099999999987631,BACKFILL_AUTO
2026-06-18 18:40:46,1781808046,R_10,4852.397,-1,0.02599999999983993,BACKFILL_AUTO
2026-06-18 18:40:48,1781808048,R_10,4852.347,-1,0.0500000000001819,BACKFILL_AUTO
2026-06-18 18:40:50,1781808050,R_10,4852.325,-1,0.021999999999934516,BACKFILL_AUTO
2026-06-18 18:40:52,1781808052,R_10,4852.306,-1,0.01900000000023283,BACKFILL_AUTO
2026-06-18 18:40:54,1781808054,R_10,4852.527,1,0.22100000000045839,BACKFILL_AUTO
2026-06-18 18:40:56,1781808056,R_10,4852.542,1,0.015000000000327418,BACKFILL_AUTO
2026-06-18 18:40:58,1781808058,R_10,4852.485,-1,0.05700000000069849,BACKFILL_AUTO
2026-06-18 18:41:00,1781808060,R_10,4852.596,1,0.11099999999987631,BACKFILL_AUTO
2026-06-18 18:41:02,1781808062,R_10,4852.63,1,0.03400000000056025,BACKFILL_AUTO
2026-06-18 18:41:04,1781808064,R_10,4852.778,1,0.14800000000013824,BACKFILL_AUTO
2026-06-18 18:41:06,1781808066,R_10,4852.888,1,0.10999999999967258,BACKFILL_AUTO
2026-06-18 18:41:08,1781808068,R_10,4852.758,-1,0.13000000000010914,BACKFILL_AUTO
2026-06-18 18:41:10,1781808070,R_10,4852.642,-1,0.11599999999998545,BACKFILL_AUTO
2026-06-18 18:41:12,1781808072,R_10,4852.767,1,0.125,BACKFILL_AUTO
2026-06-18 18:41:14,1781808074,R_10,4852.53,-1,0.23700000000008004,BACKFILL_AUTO
2026-06-18 18:41:16,1781808076,R_10,4852.596,1,0.06599999999980355,BACKFILL_AUTO
2026-06-18 18:41:18,1781808078,R_10,4852.427,-1,0.16899999999986903,BACKFILL_AUTO
2026-06-18 18:41:20,1781808080,R_10,4852.172,-1,0.25500000000010914,BACKFILL_AUTO
2026-06-18 18:41:22,1781808082,R_10,4851.954,-1,0.2179999999998472,BACKFILL_AUTO
2026-06-18 18:41:24,1781808084,R_10,4851.927,-1,0.027000000000043656,BACKFILL_AUTO
2026-06-18 18:41:26,1781808086,R_10,4852.037,1,0.11000000000058208,BACKFILL_AUTO
2026-06-18 18:41:28,1781808088,R_10,4852.435,1,0.39800000000013824,BACKFILL_AUTO
2026-06-18 18:41:30,1781808090,R_10,4852.275,-1,0.16000000000076398,BACKFILL_AUTO
2026-06-18 18:41:32,1781808092,R_10,4852.323,1,0.04800000000068394,BACKFILL_AUTO
2026-06-18 18:41:34,1781808094,R_10,4852.456,1,0.13299999999981083,BACKFILL_AUTO
2026-06-18 18:41:36,1781808096,R_10,4852.678,1,0.22199999999975262,BACKFILL_AUTO
2026-06-18 18:41:38,1781808098,R_10,4852.569,-1,0.10899999999946886,BACKFILL_AUTO
2026-06-18 18:41:40,1781808100,R_10,4852.489,-1,0.08000000000083674,BACKFILL_AUTO
2026-06-18 18:41:42,1781808102,R_10,4852.549,1,0.06000000000040018,BACKFILL_AUTO
2026-06-18 18:41:44,1781808104,R_10,4852.283,-1,0.26599999999962165,BACKFILL_AUTO
2026-06-18 18:41:46,1781808106,R_10,4852.332,1,0.04899999999997817,BACKFILL_AUTO
2026-06-18 18:41:48,1781808108,R_10,4852.357,1,0.024999999999636202,BACKFILL_AUTO
2026-06-18 18:41:50,1781808110,R_10,4852.451,1,0.09400000000005093,BACKFILL_AUTO
2026-06-18 18:41:52,1781808112,R_10,4852.302,-1,0.14900000000034197,BACKFILL_AUTO
2026-06-18 18:41:54,1781808114,R_10,4852.409,1,0.1069999999999709,BACKFILL_AUTO
2026-06-18 18:41:56,1781808116,R_10,4852.562,1,0.15300000000024738,BACKFILL_AUTO
2026-06-18 18:41:58,1781808118,R_10,4852.416,-1,0.1459999999997308,BACKFILL_AUTO
2026-06-18 18:42:00,1781808120,R_10,4852.469,1,0.052999999999883585,BACKFILL_AUTO
2026-06-18 18:42:02,1781808122,R_10,4852.48,1,0.01099999999951251,BACKFILL_AUTO
2026-06-18 18:42:04,1781808124,R_10,4852.326,-1,0.15399999999954161,BACKFILL_AUTO
2026-06-18 18:42:06,1781808126,R_10,4852.283,-1,0.042999999999665306,BACKFILL_AUTO
2026-06-18 18:42:08,1781808128,R_10,4852.35,1,0.06700000000000728,BACKFILL_AUTO
2026-06-18 18:42:10,1781808130,R_10,4852.293,-1,0.05700000000069849,BACKFILL_AUTO
2026-06-18 18:42:12,1781808132,R_10,4852.181,-1,0.11200000000008004,BACKFILL_AUTO
2026-06-18 18:42:14,1781808134,R_10,4852.15,-1,0.03099999999994907,BACKFILL_AUTO
2026-06-18 18:42:16,1781808136,R_10,4852.48,1,0.32999999999992724,BACKFILL_AUTO
2026-06-18 18:42:18,1781808138,R_10,4852.496,1,0.016000000000531145,BACKFILL_AUTO
2026-06-18 18:42:20,1781808140,R_10,4852.584,1,0.08799999999973807,BACKFILL_AUTO
2026-06-18 18:42:22,1781808142,R_10,4852.569,-1,0.014999999999417923,BACKFILL_AUTO
2026-06-18 18:42:24,1781808144,R_10,4852.293,-1,0.2760000000007494,BACKFILL_AUTO
2026-06-18 18:42:26,1781808146,R_10,4852.413,1,0.11999999999989086,BACKFILL_AUTO
2026-06-18 18:42:28,1781808148,R_10,4852.302,-1,0.11099999999987631,BACKFILL_AUTO
2026-06-18 18:42:30,1781808150,R_10,4852.186,-1,0.11599999999998545,BACKFILL_AUTO
2026-06-18 18:42:32,1781808152,R_10,4852.0,-1,0.1859999999996944,BACKFILL_AUTO
2026-06-18 18:42:34,1781808154,R_10,4852.072,1,0.07200000000011642,BACKFILL_AUTO
2026-06-18 18:42:36,1781808156,R_10,4852.011,-1,0.06099999999969441,BACKFILL_AUTO
2026-06-18 18:42:38,1781808158,R_10,4851.99,-1,0.021000000000640284,BACKFILL_AUTO
2026-06-18 18:42:40,1781808160,R_10,4851.789,-1,0.20100000000002183,BACKFILL_AUTO
2026-06-18 18:42:42,1781808162,R_10,4851.911,1,0.12200000000029831,BACKFILL_AUTO
2026-06-18 18:42:44,1781808164,R_10,4851.756,-1,0.15499999999974534,BACKFILL_AUTO
2026-06-18 18:42:46,1781808166,R_10,4851.673,-1,0.08300000000053842,BACKFILL_AUTO
2026-06-18 18:42:48,1781808168,R_10,4851.575,-1,0.09799999999995634,BACKFILL_AUTO
2026-06-18 18:42:50,1781808170,R_10,4851.71,1,0.13500000000021828,BACKFILL_AUTO
2026-06-18 18:42:52,1781808172,R_10,4851.692,-1,0.018000000000029104,BACKFILL_AUTO
2026-06-18 18:42:54,1781808174,R_10,4851.497,-1,0.19499999999970896,BACKFILL_AUTO
2026-06-18 18:42:56,1781808176,R_10,4851.548,1,0.05099999999947613,BACKFILL_AUTO
2026-06-18 18:42:58,1781808178,R_10,4851.498,-1,0.0500000000001819,BACKFILL_AUTO
2026-06-18 18:43:00,1781808180,R_10,4851.44,-1,0.057999999999992724,BACKFILL_AUTO
2026-06-18 18:43:02,1781808182,R_10,4851.305,-1,0.13499999999930878,BACKFILL_AUTO
2026-06-18 18:43:04,1781808184,R_10,4851.188,-1,0.11700000000018917,BACKFILL_AUTO
2026-06-18 18:43:06,1781808186,R_10,4851.107,-1,0.08100000000013097,BACKFILL_AUTO
2026-06-18 18:43:08,1781808188,R_10,4851.23,1,0.12299999999959255,BACKFILL_AUTO
2026-06-18 18:43:10,1781808190,R_10,4851.427,1,0.19700000000011642,BACKFILL_AUTO
2026-06-18 18:43:12,1781808192,R_10,4851.417,-1,0.009999999999308784,BACKFILL_AUTO
2026-06-18 18:43:14,1781808194,R_10,4851.215,-1,0.20200000000022555,BACKFILL_AUTO
2026-06-18 18:43:16,1781808196,R_10,4851.419,1,0.2039999999997235,BACKFILL_AUTO
2026-06-18 18:43:18,1781808198,R_10,4851.39,-1,0.028999999999541615,BACKFILL_AUTO
2026-06-18 18:43:20,1781808200,R_10,4851.444,1,0.05400000000008731,BACKFILL_AUTO
2026-06-18 18:43:22,1781808202,R_10,4851.534,1,0.08999999999923602,BACKFILL_AUTO
2026-06-18 18:43:24,1781808204,R_10,4851.633,1,0.09900000000016007,BACKFILL_AUTO
2026-06-18 18:43:26,1781808206,R_10,4851.652,1,0.01900000000023283,BACKFILL_AUTO
2026-06-18 18:43:28,1781808208,R_10,4851.806,1,0.15399999999954161,BACKFILL_AUTO
2026-06-18 18:43:30,1781808210,R_10,4851.847,1,0.04100000000016735,BACKFILL_AUTO
2026-06-18 18:43:32,1781808212,R_10,4851.626,-1,0.2209999999995489,BACKFILL_AUTO
2026-06-18 18:43:34,1781808214,R_10,4851.357,-1,0.26900000000023283,BACKFILL_AUTO
2026-06-18 18:43:36,1781808216,R_10,4851.058,-1,0.29899999999997817,BACKFILL_AUTO
2026-06-18 18:43:38,1781808218,R_10,4850.979,-1,0.07899999999972351,BACKFILL_AUTO
2026-06-18 18:43:40,1781808220,R_10,4850.756,-1,0.22299999999995634,BACKFILL_AUTO
2026-06-18 18:43:42,1781808222,R_10,4850.671,-1,0.08500000000003638,BACKFILL_AUTO
2026-06-18 18:43:44,1781808224,R_10,4850.935,1,0.2640000000001237,BACKFILL_AUTO
2026-06-18 18:43:46,1781808226,R_10,4851.201,1,0.26599999999962165,BACKFILL_AUTO
2026-06-18 18:43:48,1781808228,R_10,4851.378,1,0.17699999999967986,BACKFILL_AUTO
2026-06-18 18:43:50,1781808230,R_10,4851.278,-1,0.0999999999994543,BACKFILL_AUTO
2026-06-18 18:43:52,1781808232,R_10,4851.19,-1,0.08800000000064756,BACKFILL_AUTO
2026-06-18 18:43:54,1781808234,R_10,4851.379,1,0.1890000000003056,BACKFILL_AUTO
2026-06-18 18:43:56,1781808236,R_10,4851.336,-1,0.042999999999665306,BACKFILL_AUTO
2026-06-18 18:43:58,1781808238,R_10,4851.331,-1,0.005000000000109139,BACKFILL_AUTO
2026-06-18 18:44:00,1781808240,R_10,4851.365,1,0.033999999999650754,BACKFILL_AUTO
2026-06-18 18:44:02,1781808242,R_10,4851.295,-1,0.06999999999970896,BACKFILL_AUTO
2026-06-18 18:44:04,1781808244,R_10,4851.316,1,0.02099999999973079,BACKFILL_AUTO
2026-06-18 18:44:06,1781808246,R_10,4851.507,1,0.19099999999980355,BACKFILL_AUTO
2026-06-18 18:44:08,1781808248,R_10,4851.523,1,0.016000000000531145,BACKFILL_AUTO
2026-06-18 18:44:10,1781808250,R_10,4851.496,-1,0.027000000000043656,BACKFILL_AUTO
2026-06-18 18:44:12,1781808252,R_10,4851.567,1,0.07099999999991269,BACKFILL_AUTO
2026-06-18 18:44:14,1781808254,R_10,4851.761,1,0.19400000000041473,BACKFILL_AUTO
2026-06-18 18:44:16,1781808256,R_10,4851.619,-1,0.14200000000073487,BACKFILL_AUTO
2026-06-18 18:44:18,1781808258,R_10,4851.572,-1,0.04699999999957072,BACKFILL_AUTO
2026-06-18 18:44:20,1781808260,R_10,4851.513,-1,0.05900000000019645,BACKFILL_AUTO
2026-06-18 18:44:22,1781808262,R_10,4851.487,-1,0.02599999999983993,BACKFILL_AUTO
2026-06-18 18:44:24,1781808264,R_10,4851.537,1,0.0500000000001819,BACKFILL_AUTO
2026-06-18 18:44:26,1781808266,R_10,4851.774,1,0.23700000000008004,BACKFILL_AUTO
2026-06-18 18:44:28,1781808268,R_10,4851.732,-1,0.042000000000371074,BACKFILL_AUTO
2026-06-18 18:44:30,1781808270,R_10,4851.668,-1,0.06400000000030559,BACKFILL_AUTO
2026-06-18 18:44:32,1781808272,R_10,4851.782,1,0.11400000000048749,BACKFILL_AUTO
2026-06-18 18:44:34,1781808274,R_10,4851.773,-1,0.009000000000014552,BACKFILL_AUTO
2026-06-18 18:44:36,1781808276,R_10,4851.873,1,0.0999999999994543,BACKFILL_AUTO
2026-06-18 18:44:38,1781808278,R_10,4851.657,-1,0.21599999999943975,BACKFILL_AUTO
2026-06-18 18:44:40,1781808280,R_10,4851.686,1,0.028999999999541615,BACKFILL_AUTO
2026-06-18 18:44:42,1781808282,R_10,4851.624,-1,0.06199999999989814,BACKFILL_AUTO
2026-06-18 18:44:44,1781808284,R_10,4851.597,-1,0.027000000000043656,BACKFILL_AUTO
2026-06-18 18:44:46,1781808286,R_10,4851.734,1,0.13700000000062573,BACKFILL_AUTO
2026-06-18 18:44:48,1781808288,R_10,4851.631,-1,0.10300000000006548,BACKFILL_AUTO
2026-06-18 18:44:50,1781808290,R_10,4851.814,1,0.18299999999999272,BACKFILL_AUTO
2026-06-18 18:44:52,1781808292,R_10,4851.947,1,0.13299999999981083,BACKFILL_AUTO
2026-06-18 18:44:54,1781808294,R_10,4851.744,-1,0.20300000000042928,BACKFILL_AUTO
2026-06-18 18:44:56,1781808296,R_10,4851.734,-1,0.009999999999308784,BACKFILL_AUTO
2026-06-18 18:44:58,1781808298,R_10,4851.749,1,0.014999999999417923,BACKFILL_AUTO
2026-06-18 18:45:00,1781808300,R_10,4851.912,1,0.16300000000046566,BACKFILL_AUTO
2026-06-18 18:45:02,1781808302,R_10,4851.809,-1,0.10300000000006548,BACKFILL_AUTO
2026-06-18 18:45:04,1781808304,R_10,4851.872,1,0.06300000000010186,BACKFILL_AUTO
2026-06-18 18:45:06,1781808306,R_10,4851.86,-1,0.012000000000625732,BACKFILL_AUTO
2026-06-18 18:45:08,1781808308,R_10,4851.659,-1,0.20100000000002183,BACKFILL_AUTO
2026-06-18 18:45:10,1781808310,R_10,4851.771,1,0.11200000000008004,BACKFILL_AUTO
2026-06-18 18:45:12,1781808312,R_10,4851.682,-1,0.08899999999994179,BACKFILL_AUTO
2026-06-18 18:45:14,1781808314,R_10,4851.838,1,0.15599999999994907,BACKFILL_AUTO
2026-06-18 18:45:16,1781808316,R_10,4851.738,-1,0.0999999999994543,BACKFILL_AUTO
2026-06-18 18:45:18,1781808318,R_10,4851.671,-1,0.06700000000000728,BACKFILL_AUTO
2026-06-18 18:45:20,1781808320,R_10,4851.726,1,0.054999999999381544,BACKFILL_AUTO
2026-06-18 18:45:22,1781808322,R_10,4851.76,1,0.03400000000056025,BACKFILL_AUTO
2026-06-18 18:45:24,1781808324,R_10,4851.742,-1,0.018000000000029104,BACKFILL_AUTO
2026-06-18 18:45:26,1781808326,R_10,4851.727,-1,0.015000000000327418,BACKFILL_AUTO
2026-06-18 18:45:28,1781808328,R_10,4851.733,1,0.006000000000312866,BACKFILL_AUTO
2026-06-18 18:45:30,1781808330,R_10,4851.886,1,0.15300000000024738,BACKFILL_AUTO
2026-06-18 18:45:32,1781808332,R_10,4852.057,1,0.170999999999367,BACKFILL_AUTO
2026-06-18 18:45:34,1781808334,R_10,4852.135,1,0.07800000000042928,BACKFILL_AUTO
2026-06-18 18:45:36,1781808336,R_10,4851.996,-1,0.1390000000001237,BACKFILL_AUTO
2026-06-18 18:45:38,1781808338,R_10,4852.081,1,0.08500000000003638,BACKFILL_AUTO
2026-06-18 18:45:40,1781808340,R_10,4852.023,-1,0.057999999999992724,BACKFILL_AUTO
2026-06-18 18:45:42,1781808342,R_10,4851.84,-1,0.18299999999999272,BACKFILL_AUTO
2026-06-18 18:45:44,1781808344,R_10,4851.948,1,0.10800000000017462,BACKFILL_AUTO
2026-06-18 18:45:46,1781808346,R_10,4851.99,1,0.04199999999946158,BACKFILL_AUTO
2026-06-18 18:45:48,1781808348,R_10,4851.855,-1,0.13500000000021828,BACKFILL_AUTO
2026-06-18 18:45:50,1781808350,R_10,4851.821,-1,0.033999999999650754,BACKFILL_AUTO
2026-06-18 18:45:52,1781808352,R_10,4852.083,1,0.26199999999971624,BACKFILL_AUTO
2026-06-18 18:45:54,1781808354,R_10,4852.024,-1,0.058999999999286956,BACKFILL_AUTO
2026-06-18 18:45:56,1781808356,R_10,4852.183,1,0.15899999999965075,BACKFILL_AUTO
2026-06-18 18:45:58,1781808358,R_10,4852.081,-1,0.10199999999986176,BACKFILL_AUTO
2026-06-18 18:46:00,1781808360,R_10,4852.275,1,0.19399999999950523,BACKFILL_AUTO
2026-06-18 18:46:02,1781808362,R_10,4852.306,1,0.03099999999994907,BACKFILL_AUTO
2026-06-18 18:46:04,1781808364,R_10,4852.201,-1,0.10499999999956344,BACKFILL_AUTO
2026-06-18 18:46:06,1781808366,R_10,4852.054,-1,0.14699999999993452,BACKFILL_AUTO
2026-06-18 18:46:08,1781808368,R_10,4852.171,1,0.11700000000018917,BACKFILL_AUTO
2026-06-18 18:46:10,1781808370,R_10,4851.855,-1,0.31600000000071304,BACKFILL_AUTO
2026-06-18 18:46:12,1781808372,R_10,4851.99,1,0.13500000000021828,BACKFILL_AUTO
2026-06-18 18:46:14,1781808374,R_10,4851.994,1,0.0039999999999054126,BACKFILL_AUTO
2026-06-18 18:46:16,1781808376,R_10,4852.047,1,0.052999999999883585,BACKFILL_AUTO
2026-06-18 18:46:18,1781808378,R_10,4851.957,-1,0.08999999999923602,BACKFILL_AUTO
2026-06-18 18:46:20,1781808380,R_10,4851.843,-1,0.11400000000048749,BACKFILL_AUTO
2026-06-18 18:46:22,1781808382,R_10,4852.081,1,0.23800000000028376,BACKFILL_AUTO
2026-06-18 18:46:24,1781808384,R_10,4852.048,-1,0.03300000000035652,BACKFILL_AUTO
2026-06-18 18:46:26,1781808386,R_10,4851.97,-1,0.07799999999951979,BACKFILL_AUTO
2026-06-18 18:46:28,1781808388,R_10,4851.934,-1,0.03600000000005821,BACKFILL_AUTO
2026-06-18 18:46:30,1781808390,R_10,4851.948,1,0.014000000000123691,BACKFILL_AUTO
2026-06-18 18:46:32,1781808392,R_10,4851.894,-1,0.05400000000008731,BACKFILL_AUTO
2026-06-18 18:46:34,1781808394,R_10,4851.728,-1,0.16600000000016735,BACKFILL_AUTO
2026-06-18 18:46:36,1781808396,R_10,4851.633,-1,0.09500000000025466,BACKFILL_AUTO
2026-06-18 18:46:38,1781808398,R_10,4851.548,-1,0.08500000000003638,BACKFILL_AUTO
2026-06-18 18:46:40,1781808400,R_10,4851.648,1,0.1000000000003638,BACKFILL_AUTO
2026-06-18 18:46:42,1781808402,R_10,4851.884,1,0.2359999999998763,BACKFILL_AUTO
2026-06-18 18:46:44,1781808404,R_10,4851.98,1,0.09599999999954889,BACKFILL_AUTO
2026-06-18 18:46:46,1781808406,R_10,4852.025,1,0.04500000000007276,BACKFILL_AUTO
2026-06-18 18:46:48,1781808408,R_10,4852.222,1,0.19700000000011642,BACKFILL_AUTO
2026-06-18 18:46:50,1781808410,R_10,4852.303,1,0.08100000000013097,BACKFILL_AUTO
2026-06-18 18:46:52,1781808412,R_10,4852.27,-1,0.03299999999944703,BACKFILL_AUTO
2026-06-18 18:46:54,1781808414,R_10,4852.37,1,0.0999999999994543,BACKFILL_AUTO
2026-06-18 18:46:56,1781808416,R_10,4852.386,1,0.016000000000531145,BACKFILL_AUTO
2026-06-18 18:46:58,1781808418,R_10,4852.256,-1,0.13000000000010914,BACKFILL_AUTO
2026-06-18 18:47:00,1781808420,R_10,4852.23,-1,0.026000000000749424,BACKFILL_AUTO
2026-06-18 18:47:02,1781808422,R_10,4852.316,1,0.0860000000002401,BACKFILL_AUTO
2026-06-18 18:47:04,1781808424,R_10,4852.249,-1,0.06700000000000728,BACKFILL_AUTO
2026-06-18 18:47:06,1781808426,R_10,4852.504,1,0.25500000000010914,BACKFILL_AUTO
2026-06-18 18:47:08,1781808428,R_10,4852.339,-1,0.16499999999996362,BACKFILL_AUTO
2026-06-18 18:47:10,1781808430,R_10,4852.283,-1,0.05599999999958527,BACKFILL_AUTO
2026-06-18 18:47:12,1781808432,R_10,4852.358,1,0.0749999999998181,BACKFILL_AUTO
2026-06-18 18:47:14,1781808434,R_10,4852.398,1,0.03999999999996362,BACKFILL_AUTO
2026-06-18 18:47:16,1781808436,R_10,4852.528,1,0.13000000000010914,BACKFILL_AUTO
2026-06-18 18:47:18,1781808438,R_10,4852.497,-1,0.03099999999994907,BACKFILL_AUTO
2026-06-18 18:47:20,1781808440,R_10,4852.322,-1,0.1750000000001819,BACKFILL_AUTO
2026-06-18 18:47:22,1781808442,R_10,4852.528,1,0.20600000000013097,BACKFILL_AUTO
2026-06-18 18:47:24,1781808444,R_10,4852.814,1,0.2860000000000582,BACKFILL_AUTO
2026-06-18 18:47:26,1781808446,R_10,4852.927,1,0.11299999999937427,BACKFILL_AUTO
2026-06-18 18:47:28,1781808448,R_10,4853.265,1,0.33800000000064756,BACKFILL_AUTO
2026-06-18 18:47:30,1781808450,R_10,4853.34,1,0.0749999999998181,BACKFILL_AUTO
2026-06-18 18:47:32,1781808452,R_10,4853.382,1,0.04199999999946158,BACKFILL_AUTO
2026-06-18 18:47:34,1781808454,R_10,4853.424,1,0.042000000000371074,BACKFILL_AUTO
2026-06-18 18:47:36,1781808456,R_10,4853.638,1,0.2139999999999418,BACKFILL_AUTO
2026-06-18 18:47:38,1781808458,R_10,4853.722,1,0.08399999999983265,BACKFILL_AUTO
2026-06-18 18:47:40,1781808460,R_10,4853.783,1,0.061000000000603904,BACKFILL_AUTO
2026-06-18 18:47:42,1781808462,R_10,4853.534,-1,0.24900000000070577,BACKFILL_AUTO
2026-06-18 18:47:44,1781808464,R_10,4853.626,1,0.09200000000055297,BACKFILL_AUTO
2026-06-18 18:47:46,1781808466,R_10,4853.827,1,0.20100000000002183,BACKFILL_AUTO
2026-06-18 18:47:48,1781808468,R_10,4853.911,1,0.08399999999983265,BACKFILL_AUTO
2026-06-18 18:47:50,1781808470,R_10,4854.053,1,0.14199999999982538,BACKFILL_AUTO
2026-06-18 18:47:52,1781808472,R_10,4854.15,1,0.09699999999975262,BACKFILL_AUTO
2026-06-18 18:47:54,1781808474,R_10,4853.972,-1,0.17799999999988358,BACKFILL_AUTO
2026-06-18 18:47:56,1781808476,R_10,4854.093,1,0.12100000000009459,BACKFILL_AUTO
2026-06-18 18:47:58,1781808478,R_10,4854.029,-1,0.0639999999993961,BACKFILL_AUTO
2026-06-18 18:48:00,1781808480,R_10,4854.024,-1,0.005000000000109139,BACKFILL_AUTO
2026-06-18 18:48:02,1781808482,R_10,4853.997,-1,0.027000000000043656,BACKFILL_AUTO
2026-06-18 18:48:04,1781808484,R_10,4854.124,1,0.12699999999949796,BACKFILL_AUTO
2026-06-18 18:48:06,1781808486,R_10,4853.936,-1,0.18800000000010186,BACKFILL_AUTO
2026-06-18 18:48:08,1781808488,R_10,4853.989,1,0.052999999999883585,BACKFILL_AUTO
2026-06-18 18:48:10,1781808490,R_10,4854.005,1,0.016000000000531145,BACKFILL_AUTO
2026-06-18 18:48:12,1781808492,R_10,4854.059,1,0.05400000000008731,BACKFILL_AUTO
2026-06-18 18:48:14,1781808494,R_10,4853.905,-1,0.1540000000004511,BACKFILL_AUTO
2026-06-18 18:48:16,1781808496,R_10,4853.831,-1,0.07399999999961437,BACKFILL_AUTO
2026-06-18 18:48:18,1781808498,R_10,4853.888,1,0.056999999999789,BACKFILL_AUTO
2026-06-18 18:48:20,1781808500,R_10,4853.807,-1,0.08100000000013097,BACKFILL_AUTO
2026-06-18 18:48:22,1781808502,R_10,4853.838,1,0.03099999999994907,BACKFILL_AUTO
2026-06-18 18:48:24,1781808504,R_10,4853.871,1,0.03300000000035652,BACKFILL_AUTO
2026-06-18 18:48:26,1781808506,R_10,4854.032,1,0.1610000000000582,BACKFILL_AUTO
2026-06-18 18:48:28,1781808508,R_10,4853.897,-1,0.13500000000021828,BACKFILL_AUTO
2026-06-18 18:48:30,1781808510,R_10,4854.069,1,0.1720000000004802,BACKFILL_AUTO
2026-06-18 18:48:32,1781808512,R_10,4853.9,-1,0.16900000000077853,BACKFILL_AUTO
2026-06-18 18:48:34,1781808514,R_10,4854.094,1,0.19400000000041473,BACKFILL_AUTO
2026-06-18 18:48:36,1781808516,R_10,4854.054,-1,0.03999999999996362,BACKFILL_AUTO
2026-06-18 18:48:38,1781808518,R_10,4854.132,1,0.07799999999951979,BACKFILL_AUTO
2026-06-18 18:48:40,1781808520,R_10,4854.047,-1,0.08500000000003638,BACKFILL_AUTO
2026-06-18 18:48:42,1781808522,R_10,4853.99,-1,0.056999999999789,BACKFILL_AUTO
2026-06-18 18:48:44,1781808524,R_10,4853.96,-1,0.02999999999974534,BACKFILL_AUTO
2026-06-18 18:48:46,1781808526,R_10,4854.04,1,0.07999999999992724,BACKFILL_AUTO
2026-06-18 18:48:48,1781808528,R_10,4854.103,1,0.06300000000010186,BACKFILL_AUTO
2026-06-18 18:48:50,1781808530,R_10,4853.952,-1,0.15099999999983993,BACKFILL_AUTO
2026-06-18 18:48:52,1781808532,R_10,4854.066,1,0.113999999999578,BACKFILL_AUTO
2026-06-18 18:48:54,1781808534,R_10,4853.767,-1,0.29899999999997817,BACKFILL_AUTO
2026-06-18 18:48:56,1781808536,R_10,4853.88,1,0.11300000000028376,BACKFILL_AUTO
2026-06-18 18:48:58,1781808538,R_10,4853.994,1,0.113999999999578,BACKFILL_AUTO
2026-06-18 18:49:00,1781808540,R_10,4853.997,1,0.0030000000006111804,BACKFILL_AUTO
2026-06-18 18:49:02,1781808542,R_10,4854.116,1,0.11899999999968713,BACKFILL_AUTO
2026-06-18 18:49:04,1781808544,R_10,4854.067,-1,0.04899999999997817,BACKFILL_AUTO
2026-06-18 18:49:06,1781808546,R_10,4854.059,-1,0.007999999999810825,BACKFILL_AUTO
2026-06-18 18:49:08,1781808548,R_10,4854.107,1,0.047999999999774445,BACKFILL_AUTO
2026-06-18 18:49:10,1781808550,R_10,4853.943,-1,0.1639999999997599,BACKFILL_AUTO
2026-06-18 18:49:12,1781808552,R_10,4853.923,-1,0.020000000000436557,BACKFILL_AUTO
2026-06-18 18:49:14,1781808554,R_10,4854.22,1,0.2970000000004802,BACKFILL_AUTO
2026-06-18 18:49:16,1781808556,R_10,4854.405,1,0.18499999999949068,BACKFILL_AUTO
2026-06-18 18:49:18,1781808558,R_10,4854.5,1,0.09500000000025466,BACKFILL_AUTO
2026-06-18 18:49:20,1781808560,R_10,4854.471,-1,0.02900000000045111,BACKFILL_AUTO
2026-06-18 18:49:22,1781808562,R_10,4854.481,1,0.010000000000218279,BACKFILL_AUTO
2026-06-18 18:49:24,1781808564,R_10,4854.592,1,0.11099999999987631,BACKFILL_AUTO
2026-06-18 18:49:26,1781808566,R_10,4854.55,-1,0.04199999999946158,BACKFILL_AUTO
2026-06-18 18:49:28,1781808568,R_10,4854.25,-1,0.3000000000001819,BACKFILL_AUTO
2026-06-18 18:49:30,1781808570,R_10,4854.48,1,0.22999999999956344,BACKFILL_AUTO
2026-06-18 18:49:32,1781808572,R_10,4854.55,1,0.07000000000061846,BACKFILL_AUTO
2026-06-18 18:49:34,1781808574,R_10,4854.594,1,0.04399999999986903,BACKFILL_AUTO
2026-06-18 18:49:36,1781808576,R_10,4854.676,1,0.0820000000003347,BACKFILL_AUTO
2026-06-18 18:49:38,1781808578,R_10,4854.812,1,0.1359999999995125,BACKFILL_AUTO
2026-06-18 18:49:40,1781808580,R_10,4854.608,-1,0.2039999999997235,BACKFILL_AUTO
2026-06-18 18:49:42,1781808582,R_10,4854.775,1,0.16699999999946158,BACKFILL_AUTO
2026-06-18 18:49:44,1781808584,R_10,4854.526,-1,0.24899999999979627,BACKFILL_AUTO
2026-06-18 18:49:46,1781808586,R_10,4854.546,1,0.020000000000436557,BACKFILL_AUTO
2026-06-18 18:49:48,1781808588,R_10,4854.54,-1,0.006000000000312866,BACKFILL_AUTO
2026-06-18 18:49:50,1781808590,R_10,4854.511,-1,0.028999999999541615,BACKFILL_AUTO
2026-06-18 18:49:52,1781808592,R_10,4854.701,1,0.18999999999959982,BACKFILL_AUTO
2026-06-18 18:49:54,1781808594,R_10,4854.737,1,0.03600000000005821,BACKFILL_AUTO
2026-06-18 18:49:56,1781808596,R_10,4854.75,1,0.012999999999919964,BACKFILL_AUTO
2026-06-18 18:49:58,1781808598,R_10,4854.516,-1,0.23400000000037835,BACKFILL_AUTO
2026-06-18 18:50:00,1781808600,R_10,4854.658,1,0.14200000000073487,BACKFILL_AUTO
2026-06-18 18:50:02,1781808602,R_10,4854.673,1,0.014999999999417923,BACKFILL_AUTO
2026-06-18 18:50:04,1781808604,R_10,4854.83,1,0.1570000000001528,BACKFILL_AUTO
2026-06-18 18:50:06,1781808606,R_10,4854.853,1,0.023000000000138243,BACKFILL_AUTO
2026-06-18 18:50:08,1781808608,R_10,4854.88,1,0.027000000000043656,BACKFILL_AUTO
2026-06-18 18:50:10,1781808610,R_10,4854.642,-1,0.23800000000028376,BACKFILL_AUTO
2026-06-18 18:50:12,1781808612,R_10,4854.659,1,0.016999999999825377,BACKFILL_AUTO
2026-06-18 18:50:14,1781808614,R_10,4854.423,-1,0.2359999999998763,BACKFILL_AUTO
2026-06-18 18:50:16,1781808616,R_10,4854.326,-1,0.09699999999975262,BACKFILL_AUTO
2026-06-18 18:50:18,1781808618,R_10,4854.202,-1,0.12399999999979627,BACKFILL_AUTO
2026-06-18 18:50:20,1781808620,R_10,4854.094,-1,0.10800000000017462,BACKFILL_AUTO
2026-06-18 18:50:22,1781808622,R_10,4854.23,1,0.1359999999995125,BACKFILL_AUTO
2026-06-18 18:50:24,1781808624,R_10,4854.084,-1,0.1459999999997308,BACKFILL_AUTO
2026-06-18 18:50:26,1781808626,R_10,4854.203,1,0.11900000000059663,BACKFILL_AUTO
2026-06-18 18:50:28,1781808628,R_10,4853.915,-1,0.28800000000046566,BACKFILL_AUTO
2026-06-18 18:50:30,1781808630,R_10,4853.855,-1,0.06000000000040018,BACKFILL_AUTO
2026-06-18 18:50:32,1781808632,R_10,4853.906,1,0.051000000000385626,BACKFILL_AUTO
2026-06-18 18:50:34,1781808634,R_10,4853.918,1,0.011999999999716238,BACKFILL_AUTO
2026-06-18 18:50:36,1781808636,R_10,4853.848,-1,0.06999999999970896,BACKFILL_AUTO
2026-06-18 18:50:38,1781808638,R_10,4853.803,-1,0.04500000000007276,BACKFILL_AUTO
2026-06-18 18:50:40,1781808640,R_10,4853.926,1,0.12300000000050204,BACKFILL_AUTO
2026-06-18 18:50:42,1781808642,R_10,4853.978,1,0.05199999999967986,BACKFILL_AUTO
2026-06-18 18:50:44,1781808644,R_10,4853.945,-1,0.03300000000035652,BACKFILL_AUTO
2026-06-18 18:50:46,1781808646,R_10,4853.753,-1,0.19200000000000728,BACKFILL_AUTO
2026-06-18 18:50:48,1781808648,R_10,4853.553,-1,0.1999999999998181,BACKFILL_AUTO
2026-06-18 18:50:50,1781808650,R_10,4853.332,-1,0.2209999999995489,BACKFILL_AUTO
2026-06-18 18:50:52,1781808652,R_10,4853.335,1,0.0029999999997016857,BACKFILL_AUTO
2026-06-18 18:50:54,1781808654,R_10,4853.547,1,0.21199999999953434,BACKFILL_AUTO
2026-06-18 18:50:56,1781808656,R_10,4853.593,1,0.046000000000276486,BACKFILL_AUTO
2026-06-18 18:50:58,1781808658,R_10,4853.637,1,0.04399999999986903,BACKFILL_AUTO
2026-06-18 18:51:00,1781808660,R_10,4853.602,-1,0.03499999999985448,BACKFILL_AUTO
2026-06-18 18:51:02,1781808662,R_10,4853.386,-1,0.21599999999943975,BACKFILL_AUTO
2026-06-18 18:51:04,1781808664,R_10,4853.435,1,0.04899999999997817,BACKFILL_AUTO
2026-06-18 18:51:06,1781808666,R_10,4853.585,1,0.1499999999996362,BACKFILL_AUTO
2026-06-18 18:51:08,1781808668,R_10,4853.459,-1,0.12600000000020373,BACKFILL_AUTO
2026-06-18 18:51:10,1781808670,R_10,4853.366,-1,0.0929999999998472,BACKFILL_AUTO
2026-06-18 18:51:12,1781808672,R_10,4853.317,-1,0.04899999999997817,BACKFILL_AUTO
2026-06-18 18:51:14,1781808674,R_10,4853.308,-1,0.009000000000014552,BACKFILL_AUTO
2026-06-18 18:51:16,1781808676,R_10,4853.101,-1,0.2070000000003347,BACKFILL_AUTO
2026-06-18 18:51:18,1781808678,R_10,4853.034,-1,0.06700000000000728,BACKFILL_AUTO
2026-06-18 18:51:20,1781808680,R_10,4853.177,1,0.1430000000000291,BACKFILL_AUTO
2026-06-18 18:51:22,1781808682,R_10,4853.262,1,0.08500000000003638,BACKFILL_AUTO
2026-06-18 18:51:24,1781808684,R_10,4853.214,-1,0.047999999999774445,BACKFILL_AUTO
2026-06-18 18:51:26,1781808686,R_10,4853.336,1,0.12200000000029831,BACKFILL_AUTO
2026-06-18 18:51:28,1781808688,R_10,4853.24,-1,0.09600000000045839,BACKFILL_AUTO
2026-06-18 18:51:30,1781808690,R_10,4853.265,1,0.025000000000545697,BACKFILL_AUTO
2026-06-18 18:51:32,1781808692,R_10,4853.341,1,0.07600000000002183,BACKFILL_AUTO
2026-06-18 18:51:34,1781808694,R_10,4853.33,-1,0.011000000000422006,BACKFILL_AUTO
2026-06-18 18:51:36,1781808696,R_10,4853.496,1,0.16600000000016735,BACKFILL_AUTO
2026-06-18 18:51:38,1781808698,R_10,4853.682,1,0.1859999999996944,BACKFILL_AUTO
2026-06-18 18:51:40,1781808700,R_10,4853.558,-1,0.12399999999979627,BACKFILL_AUTO
2026-06-18 18:51:42,1781808702,R_10,4853.566,1,0.007999999999810825,BACKFILL_AUTO
2026-06-18 18:51:44,1781808704,R_10,4853.455,-1,0.11099999999987631,BACKFILL_AUTO
2026-06-18 18:51:46,1781808706,R_10,4853.657,1,0.20200000000022555,BACKFILL_AUTO
2026-06-18 18:51:48,1781808708,R_10,4853.57,-1,0.08700000000044383,BACKFILL_AUTO
2026-06-18 18:51:50,1781808710,R_10,4853.656,1,0.0860000000002401,BACKFILL_AUTO
2026-06-18 18:51:52,1781808712,R_10,4853.698,1,0.042000000000371074,BACKFILL_AUTO
2026-06-18 18:51:54,1781808714,R_10,4853.555,-1,0.1430000000000291,BACKFILL_AUTO
2026-06-18 18:51:56,1781808716,R_10,4853.591,1,0.03600000000005821,BACKFILL_AUTO
2026-06-18 18:51:58,1781808718,R_10,4853.492,-1,0.09900000000016007,BACKFILL_AUTO
2026-06-18 18:52:00,1781808720,R_10,4853.55,1,0.057999999999992724,BACKFILL_AUTO
2026-06-18 18:52:02,1781808722,R_10,4853.445,-1,0.10500000000047294,BACKFILL_AUTO
2026-06-18 18:52:04,1781808724,R_10,4853.25,-1,0.19499999999970896,BACKFILL_AUTO
2026-06-18 18:52:06,1781808726,R_10,4853.172,-1,0.07800000000042928,BACKFILL_AUTO
2026-06-18 18:52:08,1781808728,R_10,4853.21,1,0.03800000000046566,BACKFILL_AUTO
2026-06-18 18:52:10,1781808730,R_10,4853.357,1,0.14699999999993452,BACKFILL_AUTO
2026-06-18 18:52:12,1781808732,R_10,4853.261,-1,0.09599999999954889,BACKFILL_AUTO
2026-06-18 18:52:14,1781808734,R_10,4853.307,1,0.04599999999936699,BACKFILL_AUTO
2026-06-18 18:52:16,1781808736,R_10,4853.421,1,0.11400000000048749,BACKFILL_AUTO
2026-06-18 18:52:18,1781808738,R_10,4853.525,1,0.10399999999935972,BACKFILL_AUTO
2026-06-18 18:52:20,1781808740,R_10,4853.62,1,0.09500000000025466,BACKFILL_AUTO
2026-06-18 18:52:22,1781808742,R_10,4853.744,1,0.12399999999979627,BACKFILL_AUTO
2026-06-18 18:52:24,1781808744,R_10,4853.716,-1,0.027999999999337888,BACKFILL_AUTO
2026-06-18 18:52:26,1781808746,R_10,4853.87,1,0.15399999999954161,BACKFILL_AUTO
2026-06-18 18:52:28,1781808748,R_10,4854.267,1,0.3969999999999345,BACKFILL_AUTO
2026-06-18 18:52:30,1781808750,R_10,4854.323,1,0.056000000000494765,BACKFILL_AUTO
2026-06-18 18:52:32,1781808752,R_10,4854.331,1,0.007999999999810825,BACKFILL_AUTO
2026-06-18 18:52:34,1781808754,R_10,4854.23,-1,0.10100000000056752,BACKFILL_AUTO
2026-06-18 18:52:36,1781808756,R_10,4854.285,1,0.05500000000029104,BACKFILL_AUTO
2026-06-18 18:52:38,1781808758,R_10,4854.602,1,0.3170000000000073,BACKFILL_AUTO
2026-06-18 18:52:40,1781808760,R_10,4854.738,1,0.136000000000422,BACKFILL_AUTO
2026-06-18 18:52:42,1781808762,R_10,4854.857,1,0.11899999999968713,BACKFILL_AUTO
2026-06-18 18:52:44,1781808764,R_10,4854.924,1,0.06700000000000728,BACKFILL_AUTO
2026-06-18 18:52:46,1781808766,R_10,4855.022,1,0.09799999999995634,BACKFILL_AUTO
2026-06-18 18:52:48,1781808768,R_10,4854.934,-1,0.08799999999973807,BACKFILL_AUTO
2026-06-18 18:52:50,1781808770,R_10,4854.837,-1,0.09699999999975262,BACKFILL_AUTO
2026-06-18 18:52:52,1781808772,R_10,4854.999,1,0.16199999999935244,BACKFILL_AUTO
2026-06-18 18:52:54,1781808774,R_10,4854.92,-1,0.07899999999972351,BACKFILL_AUTO
2026-06-18 18:52:56,1781808776,R_10,4854.848,-1,0.07200000000011642,BACKFILL_AUTO
2026-06-18 18:52:58,1781808778,R_10,4854.908,1,0.06000000000040018,BACKFILL_AUTO
2026-06-18 18:53:00,1781808780,R_10,4854.841,-1,0.06700000000000728,BACKFILL_AUTO
2026-06-18 18:53:02,1781808782,R_10,4855.016,1,0.1749999999992724,BACKFILL_AUTO
2026-06-18 18:53:04,1781808784,R_10,4854.851,-1,0.16499999999996362,BACKFILL_AUTO
2026-06-18 18:53:06,1781808786,R_10,4854.893,1,0.042000000000371074,BACKFILL_AUTO
2026-06-18 18:53:08,1781808788,R_10,4854.695,-1,0.19800000000032014,BACKFILL_AUTO
2026-06-18 18:53:10,1781808790,R_10,4854.821,1,0.12600000000020373,BACKFILL_AUTO
2026-06-18 18:53:12,1781808792,R_10,4854.639,-1,0.181999999999789,BACKFILL_AUTO
2026-06-18 18:53:14,1781808794,R_10,4854.544,-1,0.09500000000025466,BACKFILL_AUTO
2026-06-18 18:53:16,1781808796,R_10,4854.548,1,0.0039999999999054126,BACKFILL_AUTO
2026-06-18 18:53:18,1781808798,R_10,4854.702,1,0.1540000000004511,BACKFILL_AUTO
2026-06-18 18:53:20,1781808800,R_10,4854.722,1,0.019999999999527063,BACKFILL_AUTO
2026-06-18 18:53:22,1781808802,R_10,4854.578,-1,0.14399999999932334,BACKFILL_AUTO
2026-06-18 18:53:24,1781808804,R_10,4854.674,1,0.09599999999954889,BACKFILL_AUTO
2026-06-18 18:53:26,1781808806,R_10,4854.729,1,0.05500000000029104,BACKFILL_AUTO
2026-06-18 18:53:28,1781808808,R_10,4854.411,-1,0.318000000000211,BACKFILL_AUTO
2026-06-18 18:53:30,1781808810,R_10,4854.39,-1,0.02099999999973079,BACKFILL_AUTO
2026-06-18 18:53:32,1781808812,R_10,4854.209,-1,0.18100000000049477,BACKFILL_AUTO
2026-06-18 18:53:34,1781808814,R_10,4854.334,1,0.125,BACKFILL_AUTO
2026-06-18 18:53:36,1781808816,R_10,4854.328,-1,0.0059999999994033715,BACKFILL_AUTO
2026-06-18 18:53:38,1781808818,R_10,4854.224,-1,0.10400000000026921,BACKFILL_AUTO
2026-06-18 18:53:40,1781808820,R_10,4854.205,-1,0.01900000000023283,BACKFILL_AUTO
2026-06-18 18:53:42,1781808822,R_10,4854.151,-1,0.05400000000008731,BACKFILL_AUTO
2026-06-18 18:53:44,1781808824,R_10,4854.402,1,0.2510000000002037,BACKFILL_AUTO
2026-06-18 18:53:46,1781808826,R_10,4854.341,-1,0.06099999999969441,BACKFILL_AUTO
2026-06-18 18:53:48,1781808828,R_10,4854.344,1,0.0029999999997016857,BACKFILL_AUTO
2026-06-18 18:53:50,1781808830,R_10,4854.344,0,0.0,BACKFILL_AUTO
2026-06-18 18:53:52,1781808832,R_10,4854.351,1,0.006999999999607098,BACKFILL_AUTO
2026-06-18 18:53:54,1781808834,R_10,4854.472,1,0.12100000000009459,BACKFILL_AUTO
2026-06-18 18:53:56,1781808836,R_10,4854.505,1,0.03300000000035652,BACKFILL_AUTO
2026-06-18 18:53:58,1781808838,R_10,4854.283,-1,0.22199999999975262,BACKFILL_AUTO
2026-06-18 18:54:00,1781808840,R_10,4854.17,-1,0.11300000000028376,BACKFILL_AUTO
2026-06-18 18:54:02,1781808842,R_10,4854.286,1,0.11599999999998545,BACKFILL_AUTO
2026-06-18 18:54:04,1781808844,R_10,4854.193,-1,0.0929999999998472,BACKFILL_AUTO
2026-06-18 18:54:06,1781808846,R_10,4854.044,-1,0.14900000000034197,BACKFILL_AUTO
2026-06-18 18:54:08,1781808848,R_10,4854.196,1,0.15200000000004366,BACKFILL_AUTO
2026-06-18 18:54:10,1781808850,R_10,4854.235,1,0.03899999999975989,BACKFILL_AUTO
2026-06-18 18:54:12,1781808852,R_10,4854.302,1,0.06700000000000728,BACKFILL_AUTO
2026-06-18 18:54:14,1781808854,R_10,4854.286,-1,0.01599999999962165,BACKFILL_AUTO
2026-06-18 18:54:16,1781808856,R_10,4854.471,1,0.18499999999949068,BACKFILL_AUTO
2026-06-18 18:54:18,1781808858,R_10,4854.293,-1,0.17799999999988358,BACKFILL_AUTO
2026-06-18 18:54:20,1781808860,R_10,4854.108,-1,0.18499999999949068,BACKFILL_AUTO
2026-06-18 18:54:22,1781808862,R_10,4853.898,-1,0.21000000000003638,BACKFILL_AUTO
2026-06-18 18:54:24,1781808864,R_10,4853.816,-1,0.0820000000003347,BACKFILL_AUTO
2026-06-18 18:54:26,1781808866,R_10,4853.696,-1,0.11999999999989086,BACKFILL_AUTO
2026-06-18 18:54:28,1781808868,R_10,4853.892,1,0.1959999999999127,BACKFILL_AUTO
2026-06-18 18:54:30,1781808870,R_10,4853.834,-1,0.057999999999992724,BACKFILL_AUTO
2026-06-18 18:54:32,1781808872,R_10,4853.973,1,0.1390000000001237,BACKFILL_AUTO
2026-06-18 18:54:34,1781808874,R_10,4854.061,1,0.08799999999973807,BACKFILL_AUTO
2026-06-18 18:54:36,1781808876,R_10,4854.066,1,0.005000000000109139,BACKFILL_AUTO
2026-06-18 18:54:38,1781808878,R_10,4854.14,1,0.07400000000052387,BACKFILL_AUTO
2026-06-18 18:54:40,1781808880,R_10,4854.127,-1,0.012999999999919964,BACKFILL_AUTO
2026-06-18 18:54:42,1781808882,R_10,4854.027,-1,0.1000000000003638,BACKFILL_AUTO
2026-06-18 18:54:44,1781808884,R_10,4854.222,1,0.19499999999970896,BACKFILL_AUTO
2026-06-18 18:54:46,1781808886,R_10,4854.162,-1,0.05999999999949068,BACKFILL_AUTO
2026-06-18 18:54:48,1781808888,R_10,4854.355,1,0.1929999999993015,BACKFILL_AUTO
2026-06-18 18:54:50,1781808890,R_10,4854.319,-1,0.03599999999914871,BACKFILL_AUTO
2026-06-18 18:54:52,1781808892,R_10,4854.202,-1,0.11700000000018917,BACKFILL_AUTO
2026-06-18 18:54:54,1781808894,R_10,4854.063,-1,0.1390000000001237,BACKFILL_AUTO
2026-06-18 18:54:56,1781808896,R_10,4854.015,-1,0.047999999999774445,BACKFILL_AUTO
2026-06-18 18:54:58,1781808898,R_10,4853.942,-1,0.07300000000032014,BACKFILL_AUTO
2026-06-18 18:55:00,1781808900,R_10,4853.641,-1,0.3010000000003856,BACKFILL_AUTO
2026-06-18 18:55:02,1781808902,R_10,4853.631,-1,0.009999999999308784,BACKFILL_AUTO
2026-06-18 18:55:04,1781808904,R_10,4853.716,1,0.08500000000003638,BACKFILL_AUTO
2026-06-18 18:55:06,1781808906,R_10,4853.828,1,0.11200000000008004,BACKFILL_AUTO
2026-06-18 18:55:08,1781808908,R_10,4853.717,-1,0.1110000000007858,BACKFILL_AUTO
2026-06-18 18:55:10,1781808910,R_10,4853.904,1,0.18700000000080763,BACKFILL_AUTO
2026-06-18 18:55:12,1781808912,R_10,4854.059,1,0.15499999999974534,BACKFILL_AUTO
2026-06-18 18:55:14,1781808914,R_10,4854.177,1,0.11799999999948341,BACKFILL_AUTO
2026-06-18 18:55:16,1781808916,R_10,4854.119,-1,0.057999999999992724,BACKFILL_AUTO
2026-06-18 18:55:18,1781808918,R_10,4854.159,1,0.03999999999996362,BACKFILL_AUTO
2026-06-18 18:55:20,1781808920,R_10,4854.192,1,0.03300000000035652,BACKFILL_AUTO
2026-06-18 18:55:22,1781808922,R_10,4854.082,-1,0.10999999999967258,BACKFILL_AUTO
2026-06-18 18:55:24,1781808924,R_10,4854.007,-1,0.0750000000007276,BACKFILL_AUTO
2026-06-18 18:55:26,1781808926,R_10,4853.816,-1,0.19099999999980355,BACKFILL_AUTO
2026-06-18 18:55:28,1781808928,R_10,4853.894,1,0.07800000000042928,BACKFILL_AUTO
2026-06-18 18:55:30,1781808930,R_10,4854.04,1,0.1459999999997308,BACKFILL_AUTO
2026-06-18 18:55:32,1781808932,R_10,4854.074,1,0.033999999999650754,BACKFILL_AUTO
2026-06-18 18:55:34,1781808934,R_10,4854.157,1,0.08300000000053842,BACKFILL_AUTO
2026-06-18 18:55:36,1781808936,R_10,4854.374,1,0.21699999999964348,BACKFILL_AUTO
2026-06-18 18:55:38,1781808938,R_10,4854.298,-1,0.07600000000002183,BACKFILL_AUTO
2026-06-18 18:55:40,1781808940,R_10,4854.342,1,0.04399999999986903,BACKFILL_AUTO
2026-06-18 18:55:42,1781808942,R_10,4854.416,1,0.07400000000052387,BACKFILL_AUTO
2026-06-18 18:55:44,1781808944,R_10,4854.26,-1,0.15599999999994907,BACKFILL_AUTO
2026-06-18 18:55:46,1781808946,R_10,4854.339,1,0.07899999999972351,BACKFILL_AUTO
2026-06-18 18:55:48,1781808948,R_10,4854.502,1,0.16300000000046566,BACKFILL_AUTO
2026-06-18 18:55:50,1781808950,R_10,4854.676,1,0.17399999999997817,BACKFILL_AUTO
2026-06-18 18:55:52,1781808952,R_10,4854.622,-1,0.05400000000008731,BACKFILL_AUTO
2026-06-18 18:55:54,1781808954,R_10,4854.849,1,0.22699999999986176,BACKFILL_AUTO
2026-06-18 18:55:56,1781808956,R_10,4854.8,-1,0.04899999999997817,BACKFILL_AUTO
2026-06-18 18:55:58,1781808958,R_10,4854.604,-1,0.1959999999999127,BACKFILL_AUTO
2026-06-18 18:56:00,1781808960,R_10,4854.602,-1,0.0020000000004074536,BACKFILL_AUTO
2026-06-18 18:56:02,1781808962,R_10,4854.755,1,0.15300000000024738,BACKFILL_AUTO
2026-06-18 18:56:04,1781808964,R_10,4854.692,-1,0.06300000000010186,BACKFILL_AUTO
2026-06-18 18:56:06,1781808966,R_10,4854.747,1,0.05500000000029104,BACKFILL_AUTO
2026-06-18 18:56:08,1781808968,R_10,4854.494,-1,0.2530000000006112,BACKFILL_AUTO
2026-06-18 18:56:10,1781808970,R_10,4854.514,1,0.020000000000436557,BACKFILL_AUTO
2026-06-18 18:56:12,1781808972,R_10,4854.388,-1,0.12600000000020373,BACKFILL_AUTO
2026-06-18 18:56:14,1781808974,R_10,4854.22,-1,0.1679999999996653,BACKFILL_AUTO
2026-06-18 18:56:16,1781808976,R_10,4854.189,-1,0.03099999999994907,BACKFILL_AUTO
2026-06-18 18:56:18,1781808978,R_10,4854.067,-1,0.12200000000029831,BACKFILL_AUTO
2026-06-18 18:56:20,1781808980,R_10,4853.92,-1,0.14699999999993452,BACKFILL_AUTO
2026-06-18 18:56:22,1781808982,R_10,4853.875,-1,0.04500000000007276,BACKFILL_AUTO
2026-06-18 18:56:24,1781808984,R_10,4853.785,-1,0.09000000000014552,BACKFILL_AUTO
2026-06-18 18:56:26,1781808986,R_10,4853.891,1,0.10599999999976717,BACKFILL_AUTO
2026-06-18 18:56:28,1781808988,R_10,4854.036,1,0.14500000000043656,BACKFILL_AUTO
2026-06-18 18:56:30,1781808990,R_10,4854.191,1,0.15499999999974534,BACKFILL_AUTO
2026-06-18 18:56:32,1781808992,R_10,4854.035,-1,0.15599999999994907,BACKFILL_AUTO
2026-06-18 18:56:34,1781808994,R_10,4853.941,-1,0.09400000000005093,BACKFILL_AUTO
2026-06-18 18:56:36,1781808996,R_10,4854.018,1,0.07700000000022555,BACKFILL_AUTO
2026-06-18 18:56:38,1781808998,R_10,4853.934,-1,0.08399999999983265,BACKFILL_AUTO
2026-06-18 18:56:40,1781809000,R_10,4853.699,-1,0.23500000000058208,BACKFILL_AUTO
2026-06-18 18:56:42,1781809002,R_10,4853.691,-1,0.007999999999810825,BACKFILL_AUTO
2026-06-18 18:56:44,1781809004,R_10,4853.661,-1,0.02999999999974534,BACKFILL_AUTO
2026-06-18 18:56:46,1781809006,R_10,4853.888,1,0.22699999999986176,BACKFILL_AUTO
2026-06-18 18:56:48,1781809008,R_10,4853.681,-1,0.2070000000003347,BACKFILL_AUTO
2026-06-18 18:56:50,1781809010,R_10,4853.794,1,0.11300000000028376,BACKFILL_AUTO
2026-06-18 18:56:52,1781809012,R_10,4853.847,1,0.052999999999883585,BACKFILL_AUTO
2026-06-18 18:56:54,1781809014,R_10,4853.787,-1,0.05999999999949068,BACKFILL_AUTO
2026-06-18 18:56:56,1781809016,R_10,4853.842,1,0.054999999999381544,BACKFILL_AUTO
2026-06-18 18:56:58,1781809018,R_10,4853.961,1,0.11900000000059663,BACKFILL_AUTO
2026-06-18 18:57:00,1781809020,R_10,4854.098,1,0.13699999999971624,BACKFILL_AUTO
2026-06-18 18:57:02,1781809022,R_10,4854.099,1,0.0010000000002037268,BACKFILL_AUTO
2026-06-18 18:57:04,1781809024,R_10,4854.053,-1,0.046000000000276486,BACKFILL_AUTO
2026-06-18 18:57:06,1781809026,R_10,4853.944,-1,0.10899999999946886,BACKFILL_AUTO
2026-06-18 18:57:08,1781809028,R_10,4853.955,1,0.01099999999951251,BACKFILL_AUTO
2026-06-18 18:57:10,1781809030,R_10,4853.684,-1,0.2709999999997308,BACKFILL_AUTO
2026-06-18 18:57:12,1781809032,R_10,4853.822,1,0.13799999999991996,BACKFILL_AUTO
2026-06-18 18:57:14,1781809034,R_10,4853.886,1,0.06400000000030559,BACKFILL_AUTO
2026-06-18 18:57:16,1781809036,R_10,4853.834,-1,0.05200000000058935,BACKFILL_AUTO
2026-06-18 18:57:18,1781809038,R_10,4854.094,1,0.2600000000002183,BACKFILL_AUTO
2026-06-18 18:57:20,1781809040,R_10,4854.008,-1,0.0860000000002401,BACKFILL_AUTO
2026-06-18 18:57:22,1781809042,R_10,4854.081,1,0.07300000000032014,BACKFILL_AUTO
2026-06-18 18:57:24,1781809044,R_10,4854.25,1,0.16899999999986903,BACKFILL_AUTO
2026-06-18 18:57:26,1781809046,R_10,4854.254,1,0.0039999999999054126,BACKFILL_AUTO
2026-06-18 18:57:28,1781809048,R_10,4854.107,-1,0.14699999999993452,BACKFILL_AUTO
2026-06-18 18:57:30,1781809050,R_10,4854.094,-1,0.012999999999919964,BACKFILL_AUTO
2026-06-18 18:57:32,1781809052,R_10,4854.072,-1,0.021999999999934516,BACKFILL_AUTO
2026-06-18 18:57:34,1781809054,R_10,4853.939,-1,0.13299999999981083,BACKFILL_AUTO
2026-06-18 18:57:36,1781809056,R_10,4853.808,-1,0.13100000000031287,BACKFILL_AUTO
2026-06-18 18:57:38,1781809058,R_10,4853.889,1,0.08100000000013097,BACKFILL_AUTO
2026-06-18 18:57:40,1781809060,R_10,4854.0,1,0.11099999999987631,BACKFILL_AUTO
2026-06-18 18:57:42,1781809062,R_10,4853.99,-1,0.010000000000218279,BACKFILL_AUTO
2026-06-18 18:57:44,1781809064,R_10,4853.929,-1,0.06099999999969441,BACKFILL_AUTO
2026-06-18 18:57:46,1781809066,R_10,4854.114,1,0.18499999999949068,BACKFILL_AUTO
2026-06-18 18:57:48,1781809068,R_10,4854.1,-1,0.013999999999214197,BACKFILL_AUTO
2026-06-18 18:57:50,1781809070,R_10,4854.204,1,0.10399999999935972,BACKFILL_AUTO
2026-06-18 18:57:52,1781809072,R_10,4854.163,-1,0.04100000000016735,BACKFILL_AUTO
2026-06-18 18:57:54,1781809074,R_10,4854.133,-1,0.02999999999974534,BACKFILL_AUTO
2026-06-18 18:57:56,1781809076,R_10,4853.81,-1,0.32299999999941065,BACKFILL_AUTO
2026-06-18 18:57:58,1781809078,R_10,4853.952,1,0.14199999999982538,BACKFILL_AUTO
2026-06-18 18:58:00,1781809080,R_10,4853.953,1,0.0010000000002037268,BACKFILL_AUTO
2026-06-18 18:58:02,1781809082,R_10,4853.639,-1,0.3140000000003056,BACKFILL_AUTO
2026-06-18 18:58:04,1781809084,R_10,4853.588,-1,0.051000000000385626,BACKFILL_AUTO
2026-06-18 18:58:06,1781809086,R_10,4853.506,-1,0.0819999999994252,BACKFILL_AUTO
2026-06-18 18:58:08,1781809088,R_10,4853.548,1,0.04199999999946158,BACKFILL_AUTO
2026-06-18 18:58:10,1781809090,R_10,4853.683,1,0.13500000000021828,BACKFILL_AUTO
2026-06-18 18:58:12,1781809092,R_10,4853.817,1,0.13400000000001455,BACKFILL_AUTO
2026-06-18 18:58:14,1781809094,R_10,4853.771,-1,0.046000000000276486,BACKFILL_AUTO
2026-06-18 18:58:16,1781809096,R_10,4853.691,-1,0.07999999999992724,BACKFILL_AUTO
2026-06-18 18:58:18,1781809098,R_10,4853.72,1,0.02900000000045111,BACKFILL_AUTO
2026-06-18 18:58:20,1781809100,R_10,4853.749,1,0.028999999999541615,BACKFILL_AUTO
2026-06-18 18:58:22,1781809102,R_10,4854.012,1,0.26299999999991996,BACKFILL_AUTO
2026-06-18 18:58:24,1781809104,R_10,4853.998,-1,0.014000000000123691,BACKFILL_AUTO
2026-06-18 18:58:26,1781809106,R_10,4853.906,-1,0.09199999999964348,BACKFILL_AUTO
2026-06-18 18:58:28,1781809108,R_10,4853.717,-1,0.1890000000003056,BACKFILL_AUTO
2026-06-18 18:58:30,1781809110,R_10,4853.767,1,0.0500000000001819,BACKFILL_AUTO
2026-06-18 18:58:32,1781809112,R_10,4853.882,1,0.11499999999978172,BACKFILL_AUTO
2026-06-18 18:58:34,1781809114,R_10,4853.741,-1,0.14099999999962165,BACKFILL_AUTO
2026-06-18 18:58:36,1781809116,R_10,4853.685,-1,0.05599999999958527,BACKFILL_AUTO
2026-06-18 18:58:38,1781809118,R_10,4853.398,-1,0.28700000000026193,BACKFILL_AUTO
2026-06-18 18:58:40,1781809120,R_10,4853.73,1,0.3319999999994252,BACKFILL_AUTO
2026-06-18 18:58:42,1781809122,R_10,4853.667,-1,0.06299999999919237,BACKFILL_AUTO
2026-06-18 18:58:44,1781809124,R_10,4853.429,-1,0.23800000000028376,BACKFILL_AUTO
2026-06-18 18:58:46,1781809126,R_10,4853.441,1,0.011999999999716238,BACKFILL_AUTO
2026-06-18 18:58:48,1781809128,R_10,4853.523,1,0.0820000000003347,BACKFILL_AUTO
2026-06-18 18:58:50,1781809130,R_10,4853.546,1,0.023000000000138243,BACKFILL_AUTO
2026-06-18 18:58:52,1781809132,R_10,4853.504,-1,0.042000000000371074,BACKFILL_AUTO
2026-06-18 18:58:54,1781809134,R_10,4853.505,1,0.0010000000002037268,BACKFILL_AUTO
2026-06-18 18:58:56,1781809136,R_10,4853.55,1,0.04500000000007276,BACKFILL_AUTO
2026-06-18 18:58:58,1781809138,R_10,4853.67,1,0.11999999999989086,BACKFILL_AUTO
2026-06-18 18:59:00,1781809140,R_10,4853.611,-1,0.05900000000019645,BACKFILL_AUTO
2026-06-18 18:59:02,1781809142,R_10,4853.767,1,0.15599999999994907,BACKFILL_AUTO
2026-06-18 18:59:04,1781809144,R_10,4853.792,1,0.025000000000545697,BACKFILL_AUTO
2026-06-18 18:59:06,1781809146,R_10,4853.86,1,0.06799999999930151,BACKFILL_AUTO
2026-06-18 18:59:08,1781809148,R_10,4853.926,1,0.06600000000071304,BACKFILL_AUTO
2026-06-18 18:59:10,1781809150,R_10,4853.789,-1,0.13700000000062573,BACKFILL_AUTO
2026-06-18 18:59:12,1781809152,R_10,4853.719,-1,0.06999999999970896,BACKFILL_AUTO
2026-06-18 18:59:14,1781809154,R_10,4853.69,-1,0.02900000000045111,BACKFILL_AUTO
2026-06-18 18:59:16,1781809156,R_10,4853.701,1,0.011000000000422006,BACKFILL_AUTO
2026-06-18 18:59:18,1781809158,R_10,4853.787,1,0.0860000000002401,BACKFILL_AUTO
2026-06-18 18:59:20,1781809160,R_10,4853.733,-1,0.05400000000008731,BACKFILL_AUTO
2026-06-18 18:59:22,1781809162,R_10,4853.772,1,0.03899999999975989,BACKFILL_AUTO
2026-06-18 18:59:24,1781809164,R_10,4853.661,-1,0.11099999999987631,BACKFILL_AUTO
2026-06-18 18:59:26,1781809166,R_10,4853.571,-1,0.09000000000014552,BACKFILL_AUTO
2026-06-18 18:59:28,1781809168,R_10,4853.542,-1,0.028999999999541615,BACKFILL_AUTO
2026-06-18 18:59:30,1781809170,R_10,4853.37,-1,0.1720000000004802,BACKFILL_AUTO
2026-06-18 18:59:32,1781809172,R_10,4853.291,-1,0.07899999999972351,BACKFILL_AUTO
2026-06-18 18:59:34,1781809174,R_10,4853.145,-1,0.1459999999997308,BACKFILL_AUTO
2026-06-18 18:59:36,1781809176,R_10,4853.048,-1,0.09700000000066211,BACKFILL_AUTO
2026-06-18 18:59:38,1781809178,R_10,4853.174,1,0.12600000000020373,BACKFILL_AUTO
2026-06-18 18:59:40,1781809180,R_10,4853.274,1,0.1000000000003638,BACKFILL_AUTO
2026-06-18 18:59:42,1781809182,R_10,4853.311,1,0.03699999999935244,BACKFILL_AUTO
2026-06-18 18:59:44,1781809184,R_10,4853.18,-1,0.13099999999940337,BACKFILL_AUTO
2026-06-18 18:59:46,1781809186,R_10,4853.18,0,0.0,BACKFILL_AUTO
2026-06-18 18:59:48,1781809188,R_10,4853.334,1,0.15399999999954161,BACKFILL_AUTO
2026-06-18 18:59:50,1781809190,R_10,4853.249,-1,0.08500000000003638,BACKFILL_AUTO
2026-06-18 18:59:52,1781809192,R_10,4853.269,1,0.020000000000436557,BACKFILL_AUTO
2026-06-18 18:59:54,1781809194,R_10,4853.166,-1,0.10300000000006548,BACKFILL_AUTO
2026-06-18 18:59:56,1781809196,R_10,4853.294,1,0.12799999999970169,BACKFILL_AUTO
2026-06-18 18:59:58,1781809198,R_10,4853.42,1,0.12600000000020373,BACKFILL_AUTO
2026-06-18 19:00:00,1781809200,R_10,4853.333,-1,0.08700000000044383,BACKFILL_AUTO
2026-06-18 19:00:02,1781809202,R_10,4853.2,-1,0.13299999999981083,BACKFILL_AUTO
2026-06-18 19:00:04,1781809204,R_10,4853.284,1,0.08399999999983265,BACKFILL_AUTO
2026-06-18 19:00:06,1781809206,R_10,4853.331,1,0.04700000000048021,BACKFILL_AUTO
2026-06-18 19:00:08,1781809208,R_10,4853.496,1,0.16499999999996362,BACKFILL_AUTO
2026-06-18 19:00:10,1781809210,R_10,4853.321,-1,0.1750000000001819,BACKFILL_AUTO
2026-06-18 19:00:12,1781809212,R_10,4853.161,-1,0.15999999999985448,BACKFILL_AUTO
2026-06-18 19:00:14,1781809214,R_10,4853.157,-1,0.0039999999999054126,BACKFILL_AUTO
2026-06-18 19:00:16,1781809216,R_10,4852.901,-1,0.25600000000031287,BACKFILL_AUTO
2026-06-18 19:00:18,1781809218,R_10,4852.931,1,0.02999999999974534,BACKFILL_AUTO
2026-06-18 19:00:20,1781809220,R_10,4853.009,1,0.07800000000042928,BACKFILL_AUTO
2026-06-18 19:00:22,1781809222,R_10,4853.103,1,0.09400000000005093,BACKFILL_AUTO
2026-06-18 19:00:24,1781809224,R_10,4853.122,1,0.01900000000023283,BACKFILL_AUTO
2026-06-18 19:00:26,1781809226,R_10,4853.321,1,0.19899999999961437,BACKFILL_AUTO
2026-06-18 19:00:28,1781809228,R_10,4853.165,-1,0.15599999999994907,BACKFILL_AUTO
2026-06-18 19:00:30,1781809230,R_10,4853.233,1,0.068000000000211,BACKFILL_AUTO
2026-06-18 19:00:32,1781809232,R_10,4853.257,1,0.023999999999432475,BACKFILL_AUTO
2026-06-18 19:00:34,1781809234,R_10,4853.144,-1,0.11299999999937427,BACKFILL_AUTO
2026-06-18 19:00:36,1781809236,R_10,4853.262,1,0.11799999999948341,BACKFILL_AUTO
2026-06-18 19:00:38,1781809238,R_10,4853.24,-1,0.021999999999934516,BACKFILL_AUTO
2026-06-18 19:00:40,1781809240,R_10,4853.331,1,0.09100000000034925,BACKFILL_AUTO
2026-06-18 19:00:42,1781809242,R_10,4853.341,1,0.010000000000218279,BACKFILL_AUTO
2026-06-18 19:00:44,1781809244,R_10,4853.377,1,0.03600000000005821,BACKFILL_AUTO
2026-06-18 19:00:46,1781809246,R_10,4853.441,1,0.0639999999993961,BACKFILL_AUTO
2026-06-18 19:00:48,1781809248,R_10,4853.579,1,0.13799999999991996,BACKFILL_AUTO
2026-06-18 19:00:50,1781809250,R_10,4853.485,-1,0.09400000000005093,BACKFILL_AUTO
2026-06-18 19:00:52,1781809252,R_10,4853.506,1,0.021000000000640284,BACKFILL_AUTO
2026-06-18 19:00:54,1781809254,R_10,4853.478,-1,0.028000000000247383,BACKFILL_AUTO
2026-06-18 19:00:56,1781809256,R_10,4853.652,1,0.17399999999997817,BACKFILL_AUTO
2026-06-18 19:00:58,1781809258,R_10,4853.502,-1,0.1499999999996362,BACKFILL_AUTO
2026-06-18 19:01:00,1781809260,R_10,4853.569,1,0.06700000000000728,BACKFILL_AUTO
2026-06-18 19:01:02,1781809262,R_10,4853.508,-1,0.061000000000603904,BACKFILL_AUTO
2026-06-18 19:01:04,1781809264,R_10,4853.609,1,0.10100000000056752,BACKFILL_AUTO
2026-06-18 19:01:06,1781809266,R_10,4853.694,1,0.08500000000003638,BACKFILL_AUTO
2026-06-18 19:01:08,1781809268,R_10,4853.538,-1,0.15600000000085856,BACKFILL_AUTO
2026-06-18 19:01:10,1781809270,R_10,4853.374,-1,0.1639999999997599,BACKFILL_AUTO
2026-06-18 19:01:12,1781809272,R_10,4853.473,1,0.09900000000016007,BACKFILL_AUTO
2026-06-18 19:01:14,1781809274,R_10,4853.452,-1,0.02099999999973079,BACKFILL_AUTO
2026-06-18 19:01:16,1781809276,R_10,4853.338,-1,0.11400000000048749,BACKFILL_AUTO
2026-06-18 19:01:18,1781809278,R_10,4853.345,1,0.007000000000516593,BACKFILL_AUTO
2026-06-18 19:01:20,1781809280,R_10,4853.486,1,0.14099999999962165,BACKFILL_AUTO
2026-06-18 19:01:22,1781809282,R_10,4853.496,1,0.010000000000218279,BACKFILL_AUTO
2026-06-18 19:01:24,1781809284,R_10,4853.622,1,0.12600000000020373,BACKFILL_AUTO
2026-06-18 19:01:26,1781809286,R_10,4853.614,-1,0.00800000000072032,BACKFILL_AUTO
2026-06-18 19:01:28,1781809288,R_10,4853.731,1,0.11700000000018917,BACKFILL_AUTO
2026-06-18 19:01:30,1781809290,R_10,4853.607,-1,0.12399999999979627,BACKFILL_AUTO
2026-06-18 19:01:32,1781809292,R_10,4853.535,-1,0.07200000000011642,BACKFILL_AUTO
2026-06-18 19:01:34,1781809294,R_10,4853.562,1,0.027000000000043656,BACKFILL_AUTO
2026-06-18 19:01:36,1781809296,R_10,4853.52,-1,0.04199999999946158,BACKFILL_AUTO
2026-06-18 19:01:38,1781809298,R_10,4853.362,-1,0.15800000000035652,BACKFILL_AUTO
2026-06-18 19:01:40,1781809300,R_10,4853.401,1,0.03899999999975989,BACKFILL_AUTO
2026-06-18 19:01:42,1781809302,R_10,4853.592,1,0.19099999999980355,BACKFILL_AUTO
2026-06-18 19:01:44,1781809304,R_10,4853.449,-1,0.1430000000000291,BACKFILL_AUTO
2026-06-18 19:01:46,1781809306,R_10,4853.521,1,0.07200000000011642,BACKFILL_AUTO
2026-06-18 19:01:48,1781809308,R_10,4853.384,-1,0.13699999999971624,BACKFILL_AUTO
2026-06-18 19:01:50,1781809310,R_10,4853.422,1,0.03799999999955617,BACKFILL_AUTO
2026-06-18 19:01:52,1781809312,R_10,4853.4,-1,0.021999999999934516,BACKFILL_AUTO
2026-06-18 19:01:54,1781809314,R_10,4853.206,-1,0.19399999999950523,BACKFILL_AUTO
2026-06-18 19:01:56,1781809316,R_10,4853.066,-1,0.14000000000032742,BACKFILL_AUTO
2026-06-18 19:01:58,1781809318,R_10,4853.143,1,0.07700000000022555,BACKFILL_AUTO
2026-06-18 19:02:00,1781809320,R_10,4853.137,-1,0.006000000000312866,BACKFILL_AUTO
2026-06-18 19:02:02,1781809322,R_10,4852.893,-1,0.24399999999968713,BACKFILL_AUTO
2026-06-18 19:02:04,1781809324,R_10,4852.945,1,0.05199999999967986,BACKFILL_AUTO
2026-06-18 19:02:06,1781809326,R_10,4852.588,-1,0.3569999999999709,BACKFILL_AUTO
2026-06-18 19:02:08,1781809328,R_10,4852.622,1,0.03400000000056025,BACKFILL_AUTO
2026-06-18 19:02:10,1781809330,R_10,4852.489,-1,0.13300000000072032,BACKFILL_AUTO
2026-06-18 19:02:12,1781809332,R_10,4852.304,-1,0.18499999999949068,BACKFILL_AUTO
2026-06-18 19:02:14,1781809334,R_10,4852.379,1,0.0749999999998181,BACKFILL_AUTO
2026-06-18 19:02:16,1781809336,R_10,4852.205,-1,0.17399999999997817,BACKFILL_AUTO
2026-06-18 19:02:18,1781809338,R_10,4852.121,-1,0.08399999999983265,BACKFILL_AUTO
2026-06-18 19:02:20,1781809340,R_10,4851.988,-1,0.13299999999981083,BACKFILL_AUTO
2026-06-18 19:02:22,1781809342,R_10,4852.095,1,0.1069999999999709,BACKFILL_AUTO
2026-06-18 19:02:24,1781809344,R_10,4852.016,-1,0.07900000000063301,BACKFILL_AUTO
2026-06-18 19:02:26,1781809346,R_10,4852.105,1,0.08899999999994179,BACKFILL_AUTO
2026-06-18 19:02:28,1781809348,R_10,4852.066,-1,0.03899999999975989,BACKFILL_AUTO
2026-06-18 19:02:30,1781809350,R_10,4852.285,1,0.21900000000005093,BACKFILL_AUTO
2026-06-18 19:02:32,1781809352,R_10,4852.268,-1,0.016999999999825377,BACKFILL_AUTO
2026-06-18 19:02:34,1781809354,R_10,4852.333,1,0.06499999999959982,BACKFILL_AUTO
2026-06-18 19:02:36,1781809356,R_10,4852.496,1,0.16300000000046566,BACKFILL_AUTO
2026-06-18 19:02:38,1781809358,R_10,4852.385,-1,0.11099999999987631,BACKFILL_AUTO
2026-06-18 19:02:40,1781809360,R_10,4852.543,1,0.15799999999944703,BACKFILL_AUTO
2026-06-18 19:02:42,1781809362,R_10,4852.586,1,0.0430000000005748,BACKFILL_AUTO
2026-06-18 19:02:44,1781809364,R_10,4852.685,1,0.09900000000016007,BACKFILL_AUTO
2026-06-18 19:02:46,1781809366,R_10,4852.447,-1,0.23800000000028376,BACKFILL_AUTO
2026-06-18 19:02:48,1781809368,R_10,4852.405,-1,0.042000000000371074,BACKFILL_AUTO
2026-06-18 19:02:50,1781809370,R_10,4852.36,-1,0.04500000000007276,BACKFILL_AUTO
2026-06-18 19:02:52,1781809372,R_10,4852.357,-1,0.0029999999997016857,BACKFILL_AUTO
2026-06-18 19:02:54,1781809374,R_10,4852.28,-1,0.07700000000022555,BACKFILL_AUTO
2026-06-18 19:02:56,1781809376,R_10,4852.2,-1,0.07999999999992724,BACKFILL_AUTO
2026-06-18 19:02:58,1781809378,R_10,4852.203,1,0.0030000000006111804,BACKFILL_AUTO
2026-06-18 19:03:00,1781809380,R_10,4852.138,-1,0.06500000000050932,BACKFILL_AUTO
2026-06-18 19:03:02,1781809382,R_10,4852.23,1,0.09199999999964348,BACKFILL_AUTO
2026-06-18 19:03:04,1781809384,R_10,4852.125,-1,0.10499999999956344,BACKFILL_AUTO
2026-06-18 19:03:06,1781809386,R_10,4852.191,1,0.06599999999980355,BACKFILL_AUTO
2026-06-18 19:03:08,1781809388,R_10,4852.068,-1,0.12299999999959255,BACKFILL_AUTO
2026-06-18 19:03:10,1781809390,R_10,4852.136,1,0.068000000000211,BACKFILL_AUTO
2026-06-18 19:03:12,1781809392,R_10,4852.235,1,0.09899999999925058,BACKFILL_AUTO
2026-06-18 19:03:14,1781809394,R_10,4852.396,1,0.1610000000000582,BACKFILL_AUTO
2026-06-18 19:03:16,1781809396,R_10,4852.296,-1,0.0999999999994543,BACKFILL_AUTO
2026-06-18 19:03:18,1781809398,R_10,4852.349,1,0.052999999999883585,BACKFILL_AUTO
2026-06-18 19:03:20,1781809400,R_10,4852.448,1,0.09900000000016007,BACKFILL_AUTO
2026-06-18 19:03:22,1781809402,R_10,4852.49,1,0.04199999999946158,BACKFILL_AUTO
2026-06-18 19:03:24,1781809404,R_10,4852.478,-1,0.011999999999716238,BACKFILL_AUTO
2026-06-18 19:03:26,1781809406,R_10,4852.486,1,0.007999999999810825,BACKFILL_AUTO
2026-06-18 19:03:28,1781809408,R_10,4852.434,-1,0.05199999999967986,BACKFILL_AUTO
2026-06-18 19:03:30,1781809410,R_10,4852.66,1,0.22599999999965803,BACKFILL_AUTO
2026-06-18 19:03:32,1781809412,R_10,4852.595,-1,0.06499999999959982,BACKFILL_AUTO
2026-06-18 19:03:34,1781809414,R_10,4852.639,1,0.04399999999986903,BACKFILL_AUTO
2026-06-18 19:03:36,1781809416,R_10,4852.527,-1,0.11200000000008004,BACKFILL_AUTO
2026-06-18 19:03:38,1781809418,R_10,4852.604,1,0.07700000000022555,BACKFILL_AUTO
2026-06-18 19:03:40,1781809420,R_10,4852.602,-1,0.0020000000004074536,BACKFILL_AUTO
2026-06-18 19:03:42,1781809422,R_10,4852.678,1,0.07600000000002183,BACKFILL_AUTO
2026-06-18 19:03:44,1781809424,R_10,4852.733,1,0.05500000000029104,BACKFILL_AUTO
2026-06-18 19:03:46,1781809426,R_10,4852.748,1,0.014999999999417923,BACKFILL_AUTO
2026-06-18 19:03:48,1781809428,R_10,4852.751,1,0.0030000000006111804,BACKFILL_AUTO
2026-06-18 19:03:50,1781809430,R_10,4852.582,-1,0.16899999999986903,BACKFILL_AUTO
2026-06-18 19:03:52,1781809432,R_10,4852.724,1,0.14199999999982538,BACKFILL_AUTO
2026-06-18 19:03:54,1781809434,R_10,4852.728,1,0.0039999999999054126,BACKFILL_AUTO
2026-06-18 19:03:56,1781809436,R_10,4852.663,-1,0.06500000000050932,BACKFILL_AUTO
2026-06-18 19:03:58,1781809438,R_10,4852.611,-1,0.05199999999967986,BACKFILL_AUTO
2026-06-18 19:04:00,1781809440,R_10,4852.663,1,0.05199999999967986,BACKFILL_AUTO
2026-06-18 19:04:02,1781809442,R_10,4852.642,-1,0.02099999999973079,BACKFILL_AUTO
2026-06-18 19:04:04,1781809444,R_10,4852.624,-1,0.018000000000029104,BACKFILL_AUTO
2026-06-18 19:04:06,1781809446,R_10,4852.766,1,0.14199999999982538,BACKFILL_AUTO
2026-06-18 19:04:08,1781809448,R_10,4852.748,-1,0.018000000000029104,BACKFILL_AUTO
2026-06-18 19:04:10,1781809450,R_10,4852.663,-1,0.08500000000003638,BACKFILL_AUTO
2026-06-18 19:04:12,1781809452,R_10,4852.632,-1,0.03099999999994907,BACKFILL_AUTO
2026-06-18 19:04:14,1781809454,R_10,4852.591,-1,0.04099999999925785,BACKFILL_AUTO
2026-06-18 19:04:16,1781809456,R_10,4852.545,-1,0.046000000000276486,BACKFILL_AUTO
2026-06-18 19:04:18,1781809458,R_10,4852.73,1,0.18499999999949068,BACKFILL_AUTO
2026-06-18 19:04:20,1781809460,R_10,4852.732,1,0.0020000000004074536,BACKFILL_AUTO
2026-06-18 19:04:22,1781809462,R_10,4852.789,1,0.056999999999789,BACKFILL_AUTO
2026-06-18 19:04:24,1781809464,R_10,4852.724,-1,0.06499999999959982,BACKFILL_AUTO
2026-06-18 19:04:26,1781809466,R_10,4852.838,1,0.113999999999578,BACKFILL_AUTO
2026-06-18 19:04:28,1781809468,R_10,4852.758,-1,0.07999999999992724,BACKFILL_AUTO
2026-06-18 19:04:30,1781809470,R_10,4852.581,-1,0.17699999999967986,BACKFILL_AUTO
2026-06-18 19:04:32,1781809472,R_10,4852.57,-1,0.011000000000422006,BACKFILL_AUTO
2026-06-18 19:04:34,1781809474,R_10,4852.479,-1,0.09099999999943975,BACKFILL_AUTO
2026-06-18 19:04:36,1781809476,R_10,4852.381,-1,0.09799999999995634,BACKFILL_AUTO
2026-06-18 19:04:38,1781809478,R_10,4852.402,1,0.02099999999973079,BACKFILL_AUTO
2026-06-18 19:04:40,1781809480,R_10,4852.227,-1,0.1750000000001819,BACKFILL_AUTO
2026-06-18 19:04:42,1781809482,R_10,4852.304,1,0.07700000000022555,BACKFILL_AUTO
2026-06-18 19:04:44,1781809484,R_10,4852.39,1,0.0860000000002401,BACKFILL_AUTO
2026-06-18 19:04:46,1781809486,R_10,4852.436,1,0.04599999999936699,BACKFILL_AUTO
2026-06-18 19:04:48,1781809488,R_10,4852.313,-1,0.12299999999959255,BACKFILL_AUTO
2026-06-18 19:04:50,1781809490,R_10,4852.119,-1,0.19400000000041473,BACKFILL_AUTO
2026-06-18 19:04:52,1781809492,R_10,4851.947,-1,0.17199999999957072,BACKFILL_AUTO
2026-06-18 19:04:54,1781809494,R_10,4851.975,1,0.028000000000247383,BACKFILL_AUTO
2026-06-18 19:04:56,1781809496,R_10,4851.725,-1,0.25,BACKFILL_AUTO
2026-06-18 19:04:58,1781809498,R_10,4851.802,1,0.07699999999931606,BACKFILL_AUTO
2026-06-18 19:05:00,1781809500,R_10,4852.0,1,0.19800000000032014,BACKFILL_AUTO
2026-06-18 19:05:02,1781809502,R_10,4852.071,1,0.07099999999991269,BACKFILL_AUTO
2026-06-18 19:05:04,1781809504,R_10,4852.097,1,0.02599999999983993,BACKFILL_AUTO
2026-06-18 19:05:06,1781809506,R_10,4852.261,1,0.1640000000006694,BACKFILL_AUTO
2026-06-18 19:05:08,1781809508,R_10,4852.268,1,0.006999999999607098,BACKFILL_AUTO
2026-06-18 19:05:10,1781809510,R_10,4852.438,1,0.17000000000007276,BACKFILL_AUTO
2026-06-18 19:05:12,1781809512,R_10,4852.375,-1,0.06300000000010186,BACKFILL_AUTO
2026-06-18 19:05:14,1781809514,R_10,4852.48,1,0.10499999999956344,BACKFILL_AUTO
2026-06-18 19:05:16,1781809516,R_10,4852.437,-1,0.042999999999665306,BACKFILL_AUTO
2026-06-18 19:05:18,1781809518,R_10,4852.337,-1,0.0999999999994543,BACKFILL_AUTO
2026-06-18 19:05:20,1781809520,R_10,4852.374,1,0.03699999999935244,BACKFILL_AUTO
2026-06-18 19:05:22,1781809522,R_10,4852.204,-1,0.17000000000007276,BACKFILL_AUTO
2026-06-18 19:05:24,1781809524,R_10,4851.998,-1,0.20600000000013097,BACKFILL_AUTO
2026-06-18 19:05:26,1781809526,R_10,4851.98,-1,0.018000000000029104,BACKFILL_AUTO
2026-06-18 19:05:28,1781809528,R_10,4851.814,-1,0.16599999999925785,BACKFILL_AUTO
2026-06-18 19:05:30,1781809530,R_10,4851.918,1,0.10399999999935972,BACKFILL_AUTO
2026-06-18 19:05:32,1781809532,R_10,4851.955,1,0.037000000000261934,BACKFILL_AUTO
2026-06-18 19:05:34,1781809534,R_10,4851.881,-1,0.07399999999961437,BACKFILL_AUTO
2026-06-18 19:05:36,1781809536,R_10,4851.733,-1,0.14800000000013824,BACKFILL_AUTO
2026-06-18 19:05:38,1781809538,R_10,4851.876,1,0.1430000000000291,BACKFILL_AUTO
2026-06-18 19:05:40,1781809540,R_10,4851.762,-1,0.11400000000048749,BACKFILL_AUTO
2026-06-18 19:05:42,1781809542,R_10,4851.711,-1,0.05099999999947613,BACKFILL_AUTO
2026-06-18 19:05:44,1781809544,R_10,4851.595,-1,0.11599999999998545,BACKFILL_AUTO
2026-06-18 19:05:46,1781809546,R_10,4851.833,1,0.23799999999937427,BACKFILL_AUTO
2026-06-18 19:05:48,1781809548,R_10,4851.913,1,0.07999999999992724,BACKFILL_AUTO
2026-06-18 19:05:50,1781809550,R_10,4851.937,1,0.02400000000034197,BACKFILL_AUTO
2026-06-18 19:05:52,1781809552,R_10,4851.906,-1,0.03099999999994907,BACKFILL_AUTO
2026-06-18 19:05:54,1781809554,R_10,4851.699,-1,0.2070000000003347,BACKFILL_AUTO
2026-06-18 19:05:56,1781809556,R_10,4851.598,-1,0.10099999999965803,BACKFILL_AUTO
2026-06-18 19:05:58,1781809558,R_10,4851.659,1,0.06099999999969441,BACKFILL_AUTO
2026-06-18 19:06:00,1781809560,R_10,4851.754,1,0.09500000000025466,BACKFILL_AUTO
2026-06-18 19:06:02,1781809562,R_10,4851.764,1,0.010000000000218279,BACKFILL_AUTO
2026-06-18 19:06:04,1781809564,R_10,4851.613,-1,0.15099999999983993,BACKFILL_AUTO
2026-06-18 19:06:06,1781809566,R_10,4851.485,-1,0.12800000000061118,BACKFILL_AUTO
2026-06-18 19:06:08,1781809568,R_10,4851.573,1,0.08800000000064756,BACKFILL_AUTO
2026-06-18 19:06:10,1781809570,R_10,4851.468,-1,0.10500000000047294,BACKFILL_AUTO
2026-06-18 19:06:12,1781809572,R_10,4851.31,-1,0.15799999999944703,BACKFILL_AUTO
2026-06-18 19:06:14,1781809574,R_10,4851.352,1,0.04199999999946158,BACKFILL_AUTO
2026-06-18 19:06:16,1781809576,R_10,4851.473,1,0.12100000000009459,BACKFILL_AUTO
2026-06-18 19:06:18,1781809578,R_10,4851.505,1,0.032000000000152795,BACKFILL_AUTO
2026-06-18 19:06:20,1781809580,R_10,4851.469,-1,0.03600000000005821,BACKFILL_AUTO
2026-06-18 19:06:22,1781809582,R_10,4851.641,1,0.17199999999957072,BACKFILL_AUTO
2026-06-18 19:06:24,1781809584,R_10,4851.689,1,0.04800000000068394,BACKFILL_AUTO
2026-06-18 19:06:26,1781809586,R_10,4851.702,1,0.012999999999919964,BACKFILL_AUTO
2026-06-18 19:06:28,1781809588,R_10,4851.373,-1,0.329000000000633,BACKFILL_AUTO
2026-06-18 19:06:30,1781809590,R_10,4851.164,-1,0.20899999999983265,BACKFILL_AUTO
2026-06-18 19:06:32,1781809592,R_10,4851.064,-1,0.0999999999994543,BACKFILL_AUTO
2026-06-18 19:06:34,1781809594,R_10,4850.947,-1,0.11700000000018917,BACKFILL_AUTO
2026-06-18 19:06:36,1781809596,R_10,4851.022,1,0.0749999999998181,BACKFILL_AUTO
2026-06-18 19:06:38,1781809598,R_10,4851.032,1,0.010000000000218279,BACKFILL_AUTO
2026-06-18 19:06:40,1781809600,R_10,4851.288,1,0.25599999999940337,BACKFILL_AUTO
2026-06-18 19:06:42,1781809602,R_10,4851.327,1,0.03900000000066939,BACKFILL_AUTO
2026-06-18 19:06:44,1781809604,R_10,4851.576,1,0.24899999999979627,BACKFILL_AUTO
2026-06-18 19:06:46,1781809606,R_10,4851.548,-1,0.028000000000247383,BACKFILL_AUTO
2026-06-18 19:06:48,1781809608,R_10,4851.547,-1,0.0010000000002037268,BACKFILL_AUTO
2026-06-18 19:06:50,1781809610,R_10,4851.482,-1,0.06499999999959982,BACKFILL_AUTO
2026-06-18 19:06:52,1781809612,R_10,4851.56,1,0.07800000000042928,BACKFILL_AUTO
2026-06-18 19:06:54,1781809614,R_10,4851.588,1,0.027999999999337888,BACKFILL_AUTO
2026-06-18 19:06:56,1781809616,R_10,4851.861,1,0.27300000000013824,BACKFILL_AUTO
2026-06-18 19:06:58,1781809618,R_10,4851.785,-1,0.07600000000002183,BACKFILL_AUTO
2026-06-18 19:07:00,1781809620,R_10,4851.77,-1,0.014999999999417923,BACKFILL_AUTO
2026-06-18 19:07:02,1781809622,R_10,4851.744,-1,0.026000000000749424,BACKFILL_AUTO
2026-06-18 19:07:04,1781809624,R_10,4851.618,-1,0.12599999999929423,BACKFILL_AUTO
2026-06-18 19:07:06,1781809626,R_10,4851.587,-1,0.03099999999994907,BACKFILL_AUTO
2026-06-18 19:07:08,1781809628,R_10,4851.705,1,0.11799999999948341,BACKFILL_AUTO
2026-06-18 19:07:10,1781809630,R_10,4851.687,-1,0.018000000000029104,BACKFILL_AUTO
2026-06-18 19:07:12,1781809632,R_10,4851.755,1,0.068000000000211,BACKFILL_AUTO
2026-06-18 19:07:14,1781809634,R_10,4851.724,-1,0.03099999999994907,BACKFILL_AUTO
2026-06-18 19:07:16,1781809636,R_10,4851.64,-1,0.08399999999983265,BACKFILL_AUTO
2026-06-18 19:07:18,1781809638,R_10,4851.613,-1,0.027000000000043656,BACKFILL_AUTO
2026-06-18 19:07:20,1781809640,R_10,4851.768,1,0.15499999999974534,BACKFILL_AUTO
2026-06-18 19:07:22,1781809642,R_10,4851.678,-1,0.09000000000014552,BACKFILL_AUTO
2026-06-18 19:07:24,1781809644,R_10,4851.763,1,0.08500000000003638,BACKFILL_AUTO
2026-06-18 19:07:26,1781809646,R_10,4851.831,1,0.068000000000211,BACKFILL_AUTO
2026-06-18 19:07:28,1781809648,R_10,4851.729,-1,0.10199999999986176,BACKFILL_AUTO
2026-06-18 19:07:30,1781809650,R_10,4851.784,1,0.054999999999381544,BACKFILL_AUTO
2026-06-18 19:07:32,1781809652,R_10,4851.91,1,0.12600000000020373,BACKFILL_AUTO
2026-06-18 19:07:34,1781809654,R_10,4851.918,1,0.007999999999810825,BACKFILL_AUTO
2026-06-18 19:07:36,1781809656,R_10,4851.939,1,0.021000000000640284,BACKFILL_AUTO
2026-06-18 19:07:38,1781809658,R_10,4851.985,1,0.04599999999936699,BACKFILL_AUTO
2026-06-18 19:07:40,1781809660,R_10,4851.924,-1,0.06099999999969441,BACKFILL_AUTO
2026-06-18 19:07:42,1781809662,R_10,4852.072,1,0.14800000000013824,BACKFILL_AUTO
2026-06-18 19:07:44,1781809664,R_10,4852.153,1,0.08100000000013097,BACKFILL_AUTO
2026-06-18 19:07:46,1781809666,R_10,4852.133,-1,0.020000000000436557,BACKFILL_AUTO
2026-06-18 19:07:48,1781809668,R_10,4852.205,1,0.07200000000011642,BACKFILL_AUTO
2026-06-18 19:07:50,1781809670,R_10,4852.11,-1,0.09500000000025466,BACKFILL_AUTO
2026-06-18 19:07:52,1781809672,R_10,4852.257,1,0.14699999999993452,BACKFILL_AUTO
2026-06-18 19:07:54,1781809674,R_10,4852.302,1,0.04500000000007276,BACKFILL_AUTO
2026-06-18 19:07:56,1781809676,R_10,4852.248,-1,0.05400000000008731,BACKFILL_AUTO
2026-06-18 19:07:58,1781809678,R_10,4852.326,1,0.07800000000042928,BACKFILL_AUTO
2026-06-18 19:08:00,1781809680,R_10,4852.227,-1,0.09900000000016007,BACKFILL_AUTO
2026-06-18 19:08:02,1781809682,R_10,4852.133,-1,0.09400000000005093,BACKFILL_AUTO
2026-06-18 19:08:04,1781809684,R_10,4852.065,-1,0.068000000000211,BACKFILL_AUTO
2026-06-18 19:08:06,1781809686,R_10,4852.13,1,0.06500000000050932,BACKFILL_AUTO
2026-06-18 19:08:08,1781809688,R_10,4852.011,-1,0.11899999999968713,BACKFILL_AUTO
2026-06-18 19:08:10,1781809690,R_10,4852.052,1,0.04099999999925785,BACKFILL_AUTO
2026-06-18 19:08:12,1781809692,R_10,4852.064,1,0.012000000000625732,BACKFILL_AUTO
2026-06-18 19:08:14,1781809694,R_10,4852.042,-1,0.021999999999934516,BACKFILL_AUTO
2026-06-18 19:08:16,1781809696,R_10,4852.13,1,0.08799999999973807,BACKFILL_AUTO
2026-06-18 19:08:18,1781809698,R_10,4851.899,-1,0.23099999999976717,BACKFILL_AUTO
2026-06-18 19:08:20,1781809700,R_10,4851.735,-1,0.1640000000006694,BACKFILL_AUTO
2026-06-18 19:08:22,1781809702,R_10,4851.64,-1,0.09499999999934516,BACKFILL_AUTO
2026-06-18 19:08:24,1781809704,R_10,4851.746,1,0.10599999999976717,BACKFILL_AUTO
2026-06-18 19:08:26,1781809706,R_10,4851.879,1,0.13299999999981083,BACKFILL_AUTO
2026-06-18 19:08:28,1781809708,R_10,4851.734,-1,0.14499999999952706,BACKFILL_AUTO
2026-06-18 19:08:30,1781809710,R_10,4851.701,-1,0.03300000000035652,BACKFILL_AUTO
2026-06-18 19:08:32,1781809712,R_10,4851.895,1,0.19400000000041473,BACKFILL_AUTO
2026-06-18 19:08:34,1781809714,R_10,4852.037,1,0.14199999999982538,BACKFILL_AUTO
2026-06-18 19:08:36,1781809716,R_10,4852.012,-1,0.025000000000545697,BACKFILL_AUTO
2026-06-18 19:08:38,1781809718,R_10,4851.961,-1,0.05099999999947613,BACKFILL_AUTO
2026-06-18 19:08:40,1781809720,R_10,4852.16,1,0.19899999999961437,BACKFILL_AUTO
2026-06-18 19:08:42,1781809722,R_10,4852.213,1,0.052999999999883585,BACKFILL_AUTO
2026-06-18 19:08:44,1781809724,R_10,4852.322,1,0.10900000000037835,BACKFILL_AUTO
2026-06-18 19:08:46,1781809726,R_10,4852.164,-1,0.15800000000035652,BACKFILL_AUTO
2026-06-18 19:08:48,1781809728,R_10,4852.254,1,0.09000000000014552,BACKFILL_AUTO
2026-06-18 19:08:50,1781809730,R_10,4851.964,-1,0.2899999999999636,BACKFILL_AUTO
2026-06-18 19:08:52,1781809732,R_10,4851.88,-1,0.08399999999983265,BACKFILL_AUTO
2026-06-18 19:08:54,1781809734,R_10,4851.671,-1,0.20899999999983265,BACKFILL_AUTO
2026-06-18 19:08:56,1781809736,R_10,4851.762,1,0.09099999999943975,BACKFILL_AUTO
2026-06-18 19:08:58,1781809738,R_10,4851.621,-1,0.14099999999962165,BACKFILL_AUTO
2026-06-18 19:09:00,1781809740,R_10,4851.688,1,0.06700000000000728,BACKFILL_AUTO
2026-06-18 19:09:02,1781809742,R_10,4851.634,-1,0.05400000000008731,BACKFILL_AUTO
2026-06-18 19:09:04,1781809744,R_10,4851.598,-1,0.03600000000005821,BACKFILL_AUTO
2026-06-18 19:09:06,1781809746,R_10,4851.563,-1,0.03499999999985448,BACKFILL_AUTO
2026-06-18 19:09:08,1781809748,R_10,4851.466,-1,0.09699999999975262,BACKFILL_AUTO
2026-06-18 19:09:10,1781809750,R_10,4851.492,1,0.02599999999983993,BACKFILL_AUTO
2026-06-18 19:09:12,1781809752,R_10,4851.43,-1,0.06199999999989814,BACKFILL_AUTO
2026-06-18 19:09:14,1781809754,R_10,4851.39,-1,0.03999999999996362,BACKFILL_AUTO
2026-06-18 19:09:16,1781809756,R_10,4851.337,-1,0.052999999999883585,BACKFILL_AUTO
2026-06-18 19:09:18,1781809758,R_10,4851.386,1,0.04899999999997817,BACKFILL_AUTO
2026-06-18 19:09:20,1781809760,R_10,4851.583,1,0.19699999999920692,BACKFILL_AUTO
2026-06-18 19:09:22,1781809762,R_10,4851.811,1,0.22800000000006548,BACKFILL_AUTO
2026-06-18 19:09:24,1781809764,R_10,4851.751,-1,0.05999999999949068,BACKFILL_AUTO
2026-06-18 19:09:26,1781809766,R_10,4851.912,1,0.1610000000000582,BACKFILL_AUTO
2026-06-18 19:09:28,1781809768,R_10,4851.8,-1,0.11200000000008004,BACKFILL_AUTO
2026-06-18 19:09:30,1781809770,R_10,4851.84,1,0.03999999999996362,BACKFILL_AUTO
2026-06-18 19:09:32,1781809772,R_10,4851.703,-1,0.13699999999971624,BACKFILL_AUTO
2026-06-18 19:09:34,1781809774,R_10,4851.788,1,0.08499999999912689,BACKFILL_AUTO
2026-06-18 19:09:36,1781809776,R_10,4851.646,-1,0.14199999999982538,BACKFILL_AUTO
2026-06-18 19:09:38,1781809778,R_10,4851.6,-1,0.04599999999936699,BACKFILL_AUTO
2026-06-18 19:09:40,1781809780,R_10,4851.927,1,0.32699999999931606,BACKFILL_AUTO
2026-06-18 19:09:42,1781809782,R_10,4851.926,-1,0.0009999999992942321,BACKFILL_AUTO
2026-06-18 19:09:44,1781809784,R_10,4852.251,1,0.3249999999998181,BACKFILL_AUTO
2026-06-18 19:09:46,1781809786,R_10,4852.242,-1,0.009000000000014552,BACKFILL_AUTO
2026-06-18 19:09:48,1781809788,R_10,4852.234,-1,0.007999999999810825,BACKFILL_AUTO
2026-06-18 19:09:50,1781809790,R_10,4852.287,1,0.052999999999883585,BACKFILL_AUTO
2026-06-18 19:09:52,1781809792,R_10,4852.291,1,0.0039999999999054126,BACKFILL_AUTO
2026-06-18 19:09:54,1781809794,R_10,4852.17,-1,0.12100000000009459,BACKFILL_AUTO
2026-06-18 19:09:56,1781809796,R_10,4852.271,1,0.10099999999965803,BACKFILL_AUTO
2026-06-18 19:09:58,1781809798,R_10,4852.318,1,0.04700000000048021,BACKFILL_AUTO
2026-06-18 19:10:00,1781809800,R_10,4852.287,-1,0.03099999999994907,BACKFILL_AUTO
2026-06-18 19:10:02,1781809802,R_10,4852.372,1,0.08500000000003638,BACKFILL_AUTO
2026-06-18 19:10:04,1781809804,R_10,4852.207,-1,0.16499999999996362,BACKFILL_AUTO
2026-06-18 19:10:06,1781809806,R_10,4852.276,1,0.06899999999950523,BACKFILL_AUTO
2026-06-18 19:10:08,1781809808,R_10,4852.325,1,0.04899999999997817,BACKFILL_AUTO
2026-06-18 19:10:10,1781809810,R_10,4852.351,1,0.02599999999983993,BACKFILL_AUTO
2026-06-18 19:10:12,1781809812,R_10,4852.446,1,0.09500000000025466,BACKFILL_AUTO
2026-06-18 19:10:14,1781809814,R_10,4852.403,-1,0.042999999999665306,BACKFILL_AUTO
2026-06-18 19:10:16,1781809816,R_10,4852.241,-1,0.16200000000026193,BACKFILL_AUTO
2026-06-18 19:10:18,1781809818,R_10,4852.279,1,0.03800000000046566,BACKFILL_AUTO
2026-06-18 19:10:20,1781809820,R_10,4851.99,-1,0.2890000000006694,BACKFILL_AUTO
2026-06-18 19:10:22,1781809822,R_10,4852.162,1,0.1720000000004802,BACKFILL_AUTO
2026-06-18 19:10:24,1781809824,R_10,4852.134,-1,0.028000000000247383,BACKFILL_AUTO
2026-06-18 19:10:26,1781809826,R_10,4852.106,-1,0.028000000000247383,BACKFILL_AUTO
2026-06-18 19:10:28,1781809828,R_10,4852.161,1,0.05500000000029104,BACKFILL_AUTO
2026-06-18 19:10:30,1781809830,R_10,4852.008,-1,0.15300000000024738,BACKFILL_AUTO
2026-06-18 19:10:32,1781809832,R_10,4851.927,-1,0.08100000000013097,BACKFILL_AUTO
2026-06-18 19:10:34,1781809834,R_10,4851.774,-1,0.1529999999993379,BACKFILL_AUTO
2026-06-18 19:10:36,1781809836,R_10,4851.624,-1,0.1500000000005457,BACKFILL_AUTO
2026-06-18 19:10:38,1781809838,R_10,4851.757,1,0.13299999999981083,BACKFILL_AUTO
2026-06-18 19:10:40,1781809840,R_10,4851.818,1,0.061000000000603904,BACKFILL_AUTO
2026-06-18 19:10:42,1781809842,R_10,4851.79,-1,0.028000000000247383,BACKFILL_AUTO
2026-06-18 19:10:44,1781809844,R_10,4852.003,1,0.21299999999973807,BACKFILL_AUTO
2026-06-18 19:10:46,1781809846,R_10,4851.933,-1,0.06999999999970896,BACKFILL_AUTO
2026-06-18 19:10:48,1781809848,R_10,4852.107,1,0.17399999999997817,BACKFILL_AUTO
2026-06-18 19:10:50,1781809850,R_10,4851.956,-1,0.15099999999983993,BACKFILL_AUTO
2026-06-18 19:10:52,1781809852,R_10,4851.966,1,0.010000000000218279,BACKFILL_AUTO
2026-06-18 19:10:54,1781809854,R_10,4851.987,1,0.02099999999973079,BACKFILL_AUTO
2026-06-18 19:10:56,1781809856,R_10,4852.05,1,0.06300000000010186,BACKFILL_AUTO
2026-06-18 19:10:58,1781809858,R_10,4852.134,1,0.08399999999983265,BACKFILL_AUTO
2026-06-18 19:11:00,1781809860,R_10,4852.0,-1,0.13400000000001455,BACKFILL_AUTO
2026-06-18 19:11:02,1781809862,R_10,4852.006,1,0.006000000000312866,BACKFILL_AUTO
2026-06-18 19:11:04,1781809864,R_10,4852.102,1,0.09599999999954889,BACKFILL_AUTO
2026-06-18 19:11:06,1781809866,R_10,4852.23,1,0.12799999999970169,BACKFILL_AUTO
2026-06-18 19:11:08,1781809868,R_10,4852.116,-1,0.113999999999578,BACKFILL_AUTO
2026-06-18 19:11:10,1781809870,R_10,4852.076,-1,0.03999999999996362,BACKFILL_AUTO
2026-06-18 19:11:12,1781809872,R_10,4852.033,-1,0.042999999999665306,BACKFILL_AUTO
2026-06-18 19:11:14,1781809874,R_10,4852.131,1,0.09799999999995634,BACKFILL_AUTO
2026-06-18 19:11:16,1781809876,R_10,4852.128,-1,0.0030000000006111804,BACKFILL_AUTO
2026-06-18 19:11:18,1781809878,R_10,4852.19,1,0.06199999999989814,BACKFILL_AUTO
2026-06-18 19:11:20,1781809880,R_10,4852.126,-1,0.0639999999993961,BACKFILL_AUTO
2026-06-18 19:11:22,1781809882,R_10,4852.271,1,0.14499999999952706,BACKFILL_AUTO
2026-06-18 19:11:24,1781809884,R_10,4852.34,1,0.06900000000041473,BACKFILL_AUTO
2026-06-18 19:11:26,1781809886,R_10,4852.204,-1,0.136000000000422,BACKFILL_AUTO
2026-06-18 19:11:28,1781809888,R_10,4852.435,1,0.23100000000067666,BACKFILL_AUTO
2026-06-18 19:11:30,1781809890,R_10,4852.517,1,0.0819999999994252,BACKFILL_AUTO
2026-06-18 19:11:32,1781809892,R_10,4852.646,1,0.1289999999999054,BACKFILL_AUTO
2026-06-18 19:11:34,1781809894,R_10,4852.507,-1,0.1390000000001237,BACKFILL_AUTO
2026-06-18 19:11:36,1781809896,R_10,4852.451,-1,0.05599999999958527,BACKFILL_AUTO
2026-06-18 19:11:38,1781809898,R_10,4852.473,1,0.021999999999934516,BACKFILL_AUTO
2026-06-18 19:11:40,1781809900,R_10,4852.435,-1,0.03799999999955617,BACKFILL_AUTO
2026-06-18 19:11:42,1781809902,R_10,4852.4,-1,0.035000000000763976,BACKFILL_AUTO
2026-06-18 19:11:44,1781809904,R_10,4852.508,1,0.10800000000017462,BACKFILL_AUTO
2026-06-18 19:11:46,1781809906,R_10,4852.403,-1,0.10499999999956344,BACKFILL_AUTO
2026-06-18 19:11:48,1781809908,R_10,4852.307,-1,0.09600000000045839,BACKFILL_AUTO
2026-06-18 19:11:50,1781809910,R_10,4852.078,-1,0.22899999999935972,BACKFILL_AUTO
2026-06-18 19:11:52,1781809912,R_10,4852.185,1,0.1069999999999709,BACKFILL_AUTO
2026-06-18 19:11:54,1781809914,R_10,4852.134,-1,0.051000000000385626,BACKFILL_AUTO
2026-06-18 19:11:56,1781809916,R_10,4852.095,-1,0.03899999999975989,BACKFILL_AUTO
2026-06-18 19:11:58,1781809918,R_10,4851.95,-1,0.14500000000043656,BACKFILL_AUTO
2026-06-18 19:12:00,1781809920,R_10,4851.856,-1,0.09400000000005093,BACKFILL_AUTO
2026-06-18 19:12:02,1781809922,R_10,4851.923,1,0.06700000000000728,BACKFILL_AUTO
2026-06-18 19:12:04,1781809924,R_10,4851.924,1,0.0010000000002037268,BACKFILL_AUTO
2026-06-18 19:12:06,1781809926,R_10,4851.685,-1,0.238999999999578,BACKFILL_AUTO
2026-06-18 19:12:08,1781809928,R_10,4851.756,1,0.07099999999991269,BACKFILL_AUTO
2026-06-18 19:12:10,1781809930,R_10,4851.495,-1,0.261000000000422,BACKFILL_AUTO
2026-06-18 19:12:12,1781809932,R_10,4851.612,1,0.11700000000018917,BACKFILL_AUTO
2026-06-18 19:12:14,1781809934,R_10,4851.514,-1,0.09799999999995634,BACKFILL_AUTO
2026-06-18 19:12:16,1781809936,R_10,4851.459,-1,0.05500000000029104,BACKFILL_AUTO
2026-06-18 19:12:18,1781809938,R_10,4851.401,-1,0.057999999999992724,BACKFILL_AUTO
2026-06-18 19:12:20,1781809940,R_10,4851.423,1,0.021999999999934516,BACKFILL_AUTO
2026-06-18 19:12:22,1781809942,R_10,4851.297,-1,0.12600000000020373,BACKFILL_AUTO
2026-06-18 19:12:24,1781809944,R_10,4851.215,-1,0.0819999999994252,BACKFILL_AUTO
2026-06-18 19:12:26,1781809946,R_10,4851.428,1,0.21299999999973807,BACKFILL_AUTO
2026-06-18 19:12:28,1781809948,R_10,4851.423,-1,0.005000000000109139,BACKFILL_AUTO
2026-06-18 19:12:30,1781809950,R_10,4851.34,-1,0.08299999999962893,BACKFILL_AUTO
2026-06-18 19:12:32,1781809952,R_10,4851.337,-1,0.0029999999997016857,BACKFILL_AUTO
2026-06-18 19:12:34,1781809954,R_10,4851.116,-1,0.22100000000045839,BACKFILL_AUTO
2026-06-18 19:12:36,1781809956,R_10,4850.952,-1,0.1639999999997599,BACKFILL_AUTO
2026-06-18 19:12:38,1781809958,R_10,4850.972,1,0.019999999999527063,BACKFILL_AUTO
2026-06-18 19:12:40,1781809960,R_10,4850.934,-1,0.03799999999955617,BACKFILL_AUTO
2026-06-18 19:12:42,1781809962,R_10,4850.966,1,0.032000000000152795,BACKFILL_AUTO
2026-06-18 19:12:44,1781809964,R_10,4850.882,-1,0.08400000000074215,BACKFILL_AUTO
2026-06-18 19:12:46,1781809966,R_10,4851.02,1,0.13800000000082946,BACKFILL_AUTO
2026-06-18 19:12:48,1781809968,R_10,4850.871,-1,0.14900000000034197,BACKFILL_AUTO
2026-06-18 19:12:50,1781809970,R_10,4851.006,1,0.13500000000021828,BACKFILL_AUTO
2026-06-18 19:12:52,1781809972,R_10,4850.92,-1,0.0860000000002401,BACKFILL_AUTO
2026-06-18 19:12:54,1781809974,R_10,4850.795,-1,0.125,BACKFILL_AUTO
2026-06-18 19:12:56,1781809976,R_10,4850.84,1,0.04500000000007276,BACKFILL_AUTO
2026-06-18 19:12:58,1781809978,R_10,4850.603,-1,0.23700000000008004,BACKFILL_AUTO
2026-06-18 19:13:00,1781809980,R_10,4850.59,-1,0.012999999999919964,BACKFILL_AUTO
2026-06-18 19:13:02,1781809982,R_10,4850.66,1,0.06999999999970896,BACKFILL_AUTO
2026-06-18 19:13:04,1781809984,R_10,4850.811,1,0.15099999999983993,BACKFILL_AUTO
2026-06-18 19:13:06,1781809986,R_10,4850.909,1,0.09799999999995634,BACKFILL_AUTO
2026-06-18 19:13:08,1781809988,R_10,4850.792,-1,0.11699999999927968,BACKFILL_AUTO
2026-06-18 19:13:10,1781809990,R_10,4850.718,-1,0.07400000000052387,BACKFILL_AUTO
2026-06-18 19:13:12,1781809992,R_10,4850.589,-1,0.1289999999999054,BACKFILL_AUTO
2026-06-18 19:13:14,1781809994,R_10,4850.518,-1,0.07099999999991269,BACKFILL_AUTO
2026-06-18 19:13:16,1781809996,R_10,4850.526,1,0.007999999999810825,BACKFILL_AUTO
2026-06-18 19:13:18,1781809998,R_10,4850.583,1,0.056999999999789,BACKFILL_AUTO
2026-06-18 19:13:20,1781810000,R_10,4850.661,1,0.07800000000042928,BACKFILL_AUTO
2026-06-18 19:13:22,1781810002,R_10,4850.945,1,0.28399999999965075,BACKFILL_AUTO
2026-06-18 19:13:24,1781810004,R_10,4850.761,-1,0.18399999999928696,BACKFILL_AUTO
2026-06-18 19:13:26,1781810006,R_10,4850.713,-1,0.04800000000068394,BACKFILL_AUTO
2026-06-18 19:13:28,1781810008,R_10,4850.606,-1,0.1069999999999709,BACKFILL_AUTO
2026-06-18 19:13:30,1781810010,R_10,4850.4,-1,0.20600000000013097,BACKFILL_AUTO
2026-06-18 19:13:32,1781810012,R_10,4850.419,1,0.01900000000023283,BACKFILL_AUTO
2026-06-18 19:13:34,1781810014,R_10,4850.233,-1,0.1859999999996944,BACKFILL_AUTO
2026-06-18 19:13:36,1781810016,R_10,4850.436,1,0.2029999999995198,BACKFILL_AUTO
2026-06-18 19:13:38,1781810018,R_10,4850.46,1,0.02400000000034197,BACKFILL_AUTO
2026-06-18 19:13:40,1781810020,R_10,4850.598,1,0.13799999999991996,BACKFILL_AUTO
2026-06-18 19:13:42,1781810022,R_10,4850.564,-1,0.033999999999650754,BACKFILL_AUTO
2026-06-18 19:13:44,1781810024,R_10,4850.48,-1,0.08400000000074215,BACKFILL_AUTO
2026-06-18 19:13:46,1781810026,R_10,4850.824,1,0.34400000000005093,BACKFILL_AUTO
2026-06-18 19:13:48,1781810028,R_10,4850.669,-1,0.15499999999974534,BACKFILL_AUTO
2026-06-18 19:13:50,1781810030,R_10,4850.676,1,0.007000000000516593,BACKFILL_AUTO
2026-06-18 19:13:52,1781810032,R_10,4850.705,1,0.028999999999541615,BACKFILL_AUTO
2026-06-18 19:13:54,1781810034,R_10,4850.573,-1,0.1319999999996071,BACKFILL_AUTO
2026-06-18 19:13:56,1781810036,R_10,4850.677,1,0.10399999999935972,BACKFILL_AUTO
2026-06-18 19:13:58,1781810038,R_10,4850.691,1,0.014000000000123691,BACKFILL_AUTO
2026-06-18 19:14:00,1781810040,R_10,4850.503,-1,0.18800000000010186,BACKFILL_AUTO
2026-06-18 19:14:02,1781810042,R_10,4850.658,1,0.15500000000065484,BACKFILL_AUTO
2026-06-18 19:14:04,1781810044,R_10,4850.657,-1,0.0010000000002037268,BACKFILL_AUTO
2026-06-18 19:14:06,1781810046,R_10,4850.715,1,0.057999999999992724,BACKFILL_AUTO
2026-06-18 19:14:08,1781810048,R_10,4850.725,1,0.010000000000218279,BACKFILL_AUTO
2026-06-18 19:14:10,1781810050,R_10,4850.944,1,0.21900000000005093,BACKFILL_AUTO
2026-06-18 19:14:12,1781810052,R_10,4850.893,-1,0.051000000000385626,BACKFILL_AUTO
2026-06-18 19:14:14,1781810054,R_10,4850.85,-1,0.042999999999665306,BACKFILL_AUTO
2026-06-18 19:14:16,1781810056,R_10,4850.818,-1,0.032000000000152795,BACKFILL_AUTO
2026-06-18 19:14:18,1781810058,R_10,4850.78,-1,0.03800000000046566,BACKFILL_AUTO
2026-06-18 19:14:20,1781810060,R_10,4850.826,1,0.046000000000276486,BACKFILL_AUTO
2026-06-18 19:14:22,1781810062,R_10,4850.594,-1,0.2319999999999709,BACKFILL_AUTO
2026-06-18 19:14:24,1781810064,R_10,4850.641,1,0.04699999999957072,BACKFILL_AUTO
2026-06-18 19:14:26,1781810066,R_10,4850.85,1,0.20900000000074215,BACKFILL_AUTO
2026-06-18 19:14:28,1781810068,R_10,4850.877,1,0.027000000000043656,BACKFILL_AUTO
2026-06-18 19:14:30,1781810070,R_10,4850.943,1,0.06599999999980355,BACKFILL_AUTO
2026-06-18 19:14:32,1781810072,R_10,4850.85,-1,0.0929999999998472,BACKFILL_AUTO
2026-06-18 19:14:34,1781810074,R_10,4850.846,-1,0.004000000000814907,BACKFILL_AUTO
2026-06-18 19:14:36,1781810076,R_10,4850.875,1,0.02900000000045111,BACKFILL_AUTO
2026-06-18 19:14:38,1781810078,R_10,4850.781,-1,0.09400000000005093,BACKFILL_AUTO
2026-06-18 19:14:40,1781810080,R_10,4850.541,-1,0.23999999999978172,BACKFILL_AUTO
2026-06-18 19:14:42,1781810082,R_10,4850.606,1,0.06499999999959982,BACKFILL_AUTO
2026-06-18 19:14:44,1781810084,R_10,4850.398,-1,0.20799999999962893,BACKFILL_AUTO
2026-06-18 19:14:46,1781810086,R_10,4850.312,-1,0.0860000000002401,BACKFILL_AUTO
2026-06-18 19:14:48,1781810088,R_10,4850.295,-1,0.016999999999825377,BACKFILL_AUTO
2026-06-18 19:14:50,1781810090,R_10,4850.201,-1,0.09400000000005093,BACKFILL_AUTO
2026-06-18 19:14:52,1781810092,R_10,4850.169,-1,0.032000000000152795,BACKFILL_AUTO
2026-06-18 19:14:54,1781810094,R_10,4850.098,-1,0.07099999999991269,BACKFILL_AUTO
2026-06-18 19:14:56,1781810096,R_10,4849.942,-1,0.15599999999994907,BACKFILL_AUTO
2026-06-18 19:14:58,1781810098,R_10,4850.125,1,0.18299999999999272,BACKFILL_AUTO
2026-06-18 19:15:00,1781810100,R_10,4850.377,1,0.25200000000040745,BACKFILL_AUTO
2026-06-18 19:15:02,1781810102,R_10,4850.232,-1,0.14500000000043656,BACKFILL_AUTO
2026-06-18 19:15:04,1781810104,R_10,4850.227,-1,0.005000000000109139,BACKFILL_AUTO
2026-06-18 19:15:06,1781810106,R_10,4850.248,1,0.02099999999973079,BACKFILL_AUTO
2026-06-18 19:15:08,1781810108,R_10,4850.391,1,0.1430000000000291,BACKFILL_AUTO
2026-06-18 19:15:10,1781810110,R_10,4850.448,1,0.05700000000069849,BACKFILL_AUTO
2026-06-18 19:15:12,1781810112,R_10,4850.602,1,0.15399999999954161,BACKFILL_AUTO
2026-06-18 19:15:14,1781810114,R_10,4850.576,-1,0.02599999999983993,BACKFILL_AUTO
2026-06-18 19:15:16,1781810116,R_10,4850.454,-1,0.12200000000029831,BACKFILL_AUTO
2026-06-18 19:15:18,1781810118,R_10,4850.421,-1,0.03299999999944703,BACKFILL_AUTO
2026-06-18 19:15:20,1781810120,R_10,4850.334,-1,0.08700000000044383,BACKFILL_AUTO
2026-06-18 19:15:22,1781810122,R_10,4850.197,-1,0.13699999999971624,BACKFILL_AUTO
2026-06-18 19:15:24,1781810124,R_10,4850.143,-1,0.05400000000008731,BACKFILL_AUTO
2026-06-18 19:15:26,1781810126,R_10,4850.065,-1,0.07800000000042928,BACKFILL_AUTO
2026-06-18 19:15:28,1781810128,R_10,4850.205,1,0.14000000000032742,BACKFILL_AUTO
2026-06-18 19:15:30,1781810130,R_10,4850.23,1,0.024999999999636202,BACKFILL_AUTO
2026-06-18 19:15:32,1781810132,R_10,4850.221,-1,0.009000000000014552,BACKFILL_AUTO
2026-06-18 19:15:34,1781810134,R_10,4850.274,1,0.05300000000079308,BACKFILL_AUTO
2026-06-18 19:15:36,1781810136,R_10,4850.075,-1,0.19900000000052387,BACKFILL_AUTO
2026-06-18 19:15:38,1781810138,R_10,4850.071,-1,0.0039999999999054126,BACKFILL_AUTO
2026-06-18 19:15:40,1781810140,R_10,4850.111,1,0.03999999999996362,BACKFILL_AUTO
2026-06-18 19:15:42,1781810142,R_10,4850.158,1,0.04700000000048021,BACKFILL_AUTO
2026-06-18 19:15:44,1781810144,R_10,4850.097,-1,0.061000000000603904,BACKFILL_AUTO
2026-06-18 19:15:46,1781810146,R_10,4850.19,1,0.0929999999998472,BACKFILL_AUTO
2026-06-18 19:15:48,1781810148,R_10,4850.084,-1,0.10599999999976717,BACKFILL_AUTO
2026-06-18 19:15:50,1781810150,R_10,4850.108,1,0.02400000000034197,BACKFILL_AUTO
2026-06-18 19:15:52,1781810152,R_10,4850.0,-1,0.10800000000017462,BACKFILL_AUTO
2026-06-18 19:15:54,1781810154,R_10,4850.03,1,0.02999999999974534,BACKFILL_AUTO
2026-06-18 19:15:56,1781810156,R_10,4849.825,-1,0.20499999999992724,BACKFILL_AUTO
2026-06-18 19:15:58,1781810158,R_10,4849.97,1,0.14500000000043656,BACKFILL_AUTO
2026-06-18 19:16:00,1781810160,R_10,4849.989,1,0.018999999999323336,BACKFILL_AUTO
2026-06-18 19:16:02,1781810162,R_10,4850.064,1,0.0750000000007276,BACKFILL_AUTO
2026-06-18 19:16:04,1781810164,R_10,4850.211,1,0.14699999999993452,BACKFILL_AUTO
2026-06-18 19:16:06,1781810166,R_10,4850.235,1,0.023999999999432475,BACKFILL_AUTO
2026-06-18 19:16:08,1781810168,R_10,4850.205,-1,0.02999999999974534,BACKFILL_AUTO
2026-06-18 19:16:10,1781810170,R_10,4850.206,1,0.0010000000002037268,BACKFILL_AUTO
2026-06-18 19:16:12,1781810172,R_10,4850.287,1,0.08100000000013097,BACKFILL_AUTO
2026-06-18 19:16:14,1781810174,R_10,4850.334,1,0.04699999999957072,BACKFILL_AUTO
2026-06-18 19:16:16,1781810176,R_10,4850.541,1,0.2070000000003347,BACKFILL_AUTO
2026-06-18 19:16:18,1781810178,R_10,4850.323,-1,0.2179999999998472,BACKFILL_AUTO
2026-06-18 19:16:20,1781810180,R_10,4850.34,1,0.016999999999825377,BACKFILL_AUTO
2026-06-18 19:16:22,1781810182,R_10,4850.298,-1,0.042000000000371074,BACKFILL_AUTO
2026-06-18 19:16:24,1781810184,R_10,4850.554,1,0.25600000000031287,BACKFILL_AUTO
2026-06-18 19:16:26,1781810186,R_10,4850.441,-1,0.11300000000028376,BACKFILL_AUTO
2026-06-18 19:16:28,1781810188,R_10,4850.372,-1,0.06899999999950523,BACKFILL_AUTO
2026-06-18 19:16:30,1781810190,R_10,4850.279,-1,0.0929999999998472,BACKFILL_AUTO
2026-06-18 19:16:32,1781810192,R_10,4850.162,-1,0.11700000000018917,BACKFILL_AUTO
2026-06-18 19:16:34,1781810194,R_10,4850.271,1,0.10899999999946886,BACKFILL_AUTO
2026-06-18 19:16:36,1781810196,R_10,4850.034,-1,0.23700000000008004,BACKFILL_AUTO
2026-06-18 19:16:38,1781810198,R_10,4850.028,-1,0.0059999999994033715,BACKFILL_AUTO
2026-06-18 19:16:40,1781810200,R_10,4850.17,1,0.14199999999982538,BACKFILL_AUTO
2026-06-18 19:16:42,1781810202,R_10,4850.335,1,0.16499999999996362,BACKFILL_AUTO
2026-06-18 19:16:44,1781810204,R_10,4850.25,-1,0.08500000000003638,BACKFILL_AUTO
2026-06-18 19:16:46,1781810206,R_10,4850.319,1,0.06900000000041473,BACKFILL_AUTO
2026-06-18 19:16:48,1781810208,R_10,4850.336,1,0.016999999999825377,BACKFILL_AUTO
2026-06-18 19:16:50,1781810210,R_10,4850.439,1,0.10300000000006548,BACKFILL_AUTO
2026-06-18 19:16:52,1781810212,R_10,4850.627,1,0.18800000000010186,BACKFILL_AUTO
2026-06-18 19:16:54,1781810214,R_10,4850.45,-1,0.17700000000058935,BACKFILL_AUTO
2026-06-18 19:16:56,1781810216,R_10,4850.394,-1,0.05599999999958527,BACKFILL_AUTO
2026-06-18 19:16:58,1781810218,R_10,4850.454,1,0.05999999999949068,BACKFILL_AUTO
2026-06-18 19:17:00,1781810220,R_10,4850.344,-1,0.10999999999967258,BACKFILL_AUTO
2026-06-18 19:17:02,1781810222,R_10,4850.394,1,0.0500000000001819,BACKFILL_AUTO
2026-06-18 19:17:04,1781810224,R_10,4850.367,-1,0.027000000000043656,BACKFILL_AUTO
2026-06-18 19:17:06,1781810226,R_10,4850.517,1,0.1499999999996362,BACKFILL_AUTO
2026-06-18 19:17:08,1781810228,R_10,4850.503,-1,0.014000000000123691,BACKFILL_AUTO
2026-06-18 19:17:10,1781810230,R_10,4850.351,-1,0.15200000000004366,BACKFILL_AUTO
2026-06-18 19:17:12,1781810232,R_10,4850.224,-1,0.12699999999949796,BACKFILL_AUTO
2026-06-18 19:17:14,1781810234,R_10,4850.243,1,0.01900000000023283,BACKFILL_AUTO
2026-06-18 19:17:16,1781810236,R_10,4850.496,1,0.2529999999997017,BACKFILL_AUTO
2026-06-18 19:17:18,1781810238,R_10,4850.342,-1,0.1540000000004511,BACKFILL_AUTO
2026-06-18 19:17:20,1781810240,R_10,4850.381,1,0.03900000000066939,BACKFILL_AUTO
2026-06-18 19:17:22,1781810242,R_10,4850.508,1,0.12699999999949796,BACKFILL_AUTO
2026-06-18 19:17:24,1781810244,R_10,4850.631,1,0.12300000000050204,BACKFILL_AUTO
2026-06-18 19:17:26,1781810246,R_10,4850.655,1,0.023999999999432475,BACKFILL_AUTO
2026-06-18 19:17:28,1781810248,R_10,4850.705,1,0.0500000000001819,BACKFILL_AUTO
2026-06-18 19:17:30,1781810250,R_10,4850.597,-1,0.10800000000017462,BACKFILL_AUTO
2026-06-18 19:17:32,1781810252,R_10,4850.672,1,0.0749999999998181,BACKFILL_AUTO
2026-06-18 19:17:34,1781810254,R_10,4850.564,-1,0.10799999999926513,BACKFILL_AUTO
2026-06-18 19:17:36,1781810256,R_10,4850.538,-1,0.026000000000749424,BACKFILL_AUTO
2026-06-18 19:17:38,1781810258,R_10,4850.584,1,0.046000000000276486,BACKFILL_AUTO
2026-06-18 19:17:40,1781810260,R_10,4850.646,1,0.06199999999989814,BACKFILL_AUTO
2026-06-18 19:17:42,1781810262,R_10,4850.522,-1,0.12399999999979627,BACKFILL_AUTO
2026-06-18 19:17:44,1781810264,R_10,4850.621,1,0.09900000000016007,BACKFILL_AUTO
2026-06-18 19:17:46,1781810266,R_10,4850.422,-1,0.19900000000052387,BACKFILL_AUTO
2026-06-18 19:17:48,1781810268,R_10,4850.617,1,0.19500000000061846,BACKFILL_AUTO
2026-06-18 19:17:50,1781810270,R_10,4850.761,1,0.14400000000023283,BACKFILL_AUTO
2026-06-18 19:17:52,1781810272,R_10,4850.694,-1,0.06700000000000728,BACKFILL_AUTO
2026-06-18 19:17:54,1781810274,R_10,4850.592,-1,0.10200000000077125,BACKFILL_AUTO
2026-06-18 19:17:56,1781810276,R_10,4850.645,1,0.05300000000079308,BACKFILL_AUTO
2026-06-18 19:17:58,1781810278,R_10,4850.657,1,0.011999999999716238,BACKFILL_AUTO
2026-06-18 19:18:00,1781810280,R_10,4850.654,-1,0.0029999999997016857,BACKFILL_AUTO
2026-06-18 19:18:02,1781810282,R_10,4850.673,1,0.018999999999323336,BACKFILL_AUTO
2026-06-18 19:18:04,1781810284,R_10,4850.671,-1,0.001999999999497959,BACKFILL_AUTO
2026-06-18 19:18:06,1781810286,R_10,4850.748,1,0.07699999999931606,BACKFILL_AUTO
2026-06-18 19:18:08,1781810288,R_10,4850.641,-1,0.1069999999999709,BACKFILL_AUTO
2026-06-18 19:18:10,1781810290,R_10,4850.45,-1,0.19099999999980355,BACKFILL_AUTO
2026-06-18 19:18:12,1781810292,R_10,4850.338,-1,0.11200000000008004,BACKFILL_AUTO
2026-06-18 19:18:14,1781810294,R_10,4850.364,1,0.02599999999983993,BACKFILL_AUTO
2026-06-18 19:18:16,1781810296,R_10,4850.481,1,0.11700000000018917,BACKFILL_AUTO
2026-06-18 19:18:18,1781810298,R_10,4850.485,1,0.0039999999999054126,BACKFILL_AUTO
2026-06-18 19:18:20,1781810300,R_10,4850.555,1,0.07000000000061846,BACKFILL_AUTO
2026-06-18 19:18:22,1781810302,R_10,4850.706,1,0.15099999999983993,BACKFILL_AUTO
2026-06-18 19:18:24,1781810304,R_10,4850.812,1,0.10599999999976717,BACKFILL_AUTO
2026-06-18 19:18:26,1781810306,R_10,4850.629,-1,0.18299999999999272,BACKFILL_AUTO
2026-06-18 19:18:28,1781810308,R_10,4850.694,1,0.06500000000050932,BACKFILL_AUTO
2026-06-18 19:18:30,1781810310,R_10,4850.504,-1,0.19000000000050932,BACKFILL_AUTO
2026-06-18 19:18:32,1781810312,R_10,4850.681,1,0.17699999999967986,BACKFILL_AUTO
2026-06-18 19:18:34,1781810314,R_10,4850.58,-1,0.10099999999965803,BACKFILL_AUTO
2026-06-18 19:18:36,1781810316,R_10,4850.736,1,0.15599999999994907,BACKFILL_AUTO
2026-06-18 19:18:38,1781810318,R_10,4850.664,-1,0.07200000000011642,BACKFILL_AUTO
2026-06-18 19:18:40,1781810320,R_10,4850.53,-1,0.13400000000001455,BACKFILL_AUTO
2026-06-18 19:18:42,1781810322,R_10,4850.687,1,0.1570000000001528,BACKFILL_AUTO
2026-06-18 19:18:44,1781810324,R_10,4850.632,-1,0.05500000000029104,BACKFILL_AUTO
2026-06-18 19:18:46,1781810326,R_10,4850.474,-1,0.15799999999944703,BACKFILL_AUTO
2026-06-18 19:18:48,1781810328,R_10,4850.25,-1,0.22400000000016007,BACKFILL_AUTO
2026-06-18 19:18:50,1781810330,R_10,4850.499,1,0.24899999999979627,BACKFILL_AUTO
2026-06-18 19:18:52,1781810332,R_10,4850.348,-1,0.15099999999983993,BACKFILL_AUTO
2026-06-18 19:18:54,1781810334,R_10,4850.226,-1,0.12200000000029831,BACKFILL_AUTO
2026-06-18 19:18:56,1781810336,R_10,4850.336,1,0.11000000000058208,BACKFILL_AUTO
2026-06-18 19:18:58,1781810338,R_10,4850.257,-1,0.07900000000063301,BACKFILL_AUTO
2026-06-18 19:19:00,1781810340,R_10,4850.083,-1,0.17399999999997817,BACKFILL_AUTO
2026-06-18 19:19:02,1781810342,R_10,4849.881,-1,0.20199999999931606,BACKFILL_AUTO
2026-06-18 19:19:04,1781810344,R_10,4849.966,1,0.08500000000003638,BACKFILL_AUTO
2026-06-18 19:19:06,1781810346,R_10,4850.06,1,0.09400000000005093,BACKFILL_AUTO
2026-06-18 19:19:08,1781810348,R_10,4850.085,1,0.024999999999636202,BACKFILL_AUTO
2026-06-18 19:19:10,1781810350,R_10,4850.03,-1,0.05500000000029104,BACKFILL_AUTO
2026-06-18 19:19:12,1781810352,R_10,4849.896,-1,0.13400000000001455,BACKFILL_AUTO
2026-06-18 19:19:14,1781810354,R_10,4850.102,1,0.20600000000013097,BACKFILL_AUTO
2026-06-18 19:19:16,1781810356,R_10,4850.102,0,0.0,BACKFILL_AUTO
2026-06-18 19:19:18,1781810358,R_10,4849.899,-1,0.2029999999995198,BACKFILL_AUTO
2026-06-18 19:19:20,1781810360,R_10,4849.705,-1,0.19400000000041473,BACKFILL_AUTO
2026-06-18 19:19:22,1781810362,R_10,4849.844,1,0.1390000000001237,BACKFILL_AUTO
2026-06-18 19:19:24,1781810364,R_10,4849.967,1,0.12299999999959255,BACKFILL_AUTO
2026-06-18 19:19:26,1781810366,R_10,4850.118,1,0.15100000000074942,BACKFILL_AUTO
2026-06-18 19:19:28,1781810368,R_10,4849.955,-1,0.16300000000046566,BACKFILL_AUTO
2026-06-18 19:19:30,1781810370,R_10,4850.155,1,0.1999999999998181,BACKFILL_AUTO
2026-06-18 19:19:32,1781810372,R_10,4850.146,-1,0.009000000000014552,BACKFILL_AUTO
2026-06-18 19:19:34,1781810374,R_10,4850.204,1,0.057999999999992724,BACKFILL_AUTO
2026-06-18 19:19:36,1781810376,R_10,4850.157,-1,0.04699999999957072,BACKFILL_AUTO
2026-06-18 19:19:38,1781810378,R_10,4850.092,-1,0.06500000000050932,BACKFILL_AUTO
2026-06-18 19:19:40,1781810380,R_10,4850.055,-1,0.03699999999935244,BACKFILL_AUTO
2026-06-18 19:19:42,1781810382,R_10,4850.228,1,0.17299999999977445,BACKFILL_AUTO
2026-06-18 19:19:44,1781810384,R_10,4850.018,-1,0.21000000000003638,BACKFILL_AUTO
2026-06-18 19:19:46,1781810386,R_10,4850.084,1,0.06599999999980355,BACKFILL_AUTO
2026-06-18 19:19:48,1781810388,R_10,4850.045,-1,0.03899999999975989,BACKFILL_AUTO
2026-06-18 19:19:50,1781810390,R_10,4850.203,1,0.15800000000035652,BACKFILL_AUTO
2026-06-18 19:19:52,1781810392,R_10,4850.097,-1,0.10600000000067666,BACKFILL_AUTO
2026-06-18 19:19:54,1781810394,R_10,4850.083,-1,0.014000000000123691,BACKFILL_AUTO
2026-06-18 19:19:56,1781810396,R_10,4850.28,1,0.19700000000011642,BACKFILL_AUTO
2026-06-18 19:19:58,1781810398,R_10,4850.213,-1,0.06700000000000728,BACKFILL_AUTO
2026-06-18 19:20:00,1781810400,R_10,4850.278,1,0.06500000000050932,BACKFILL_AUTO
2026-06-18 19:20:02,1781810402,R_10,4850.416,1,0.13799999999991996,BACKFILL_AUTO
2026-06-18 19:20:04,1781810404,R_10,4850.382,-1,0.03400000000056025,BACKFILL_AUTO
2026-06-18 19:20:06,1781810406,R_10,4850.46,1,0.07800000000042928,BACKFILL_AUTO
2026-06-18 19:20:08,1781810408,R_10,4850.251,-1,0.20899999999983265,BACKFILL_AUTO
2026-06-18 19:20:10,1781810410,R_10,4850.281,1,0.02999999999974534,BACKFILL_AUTO
2026-06-18 19:20:12,1781810412,R_10,4850.509,1,0.22800000000006548,BACKFILL_AUTO
2026-06-18 19:20:14,1781810414,R_10,4850.49,-1,0.01900000000023283,BACKFILL_AUTO
2026-06-18 19:20:16,1781810416,R_10,4850.563,1,0.07300000000032014,BACKFILL_AUTO
2026-06-18 19:20:18,1781810418,R_10,4850.443,-1,0.11999999999989086,BACKFILL_AUTO
2026-06-18 19:20:20,1781810420,R_10,4850.499,1,0.05599999999958527,BACKFILL_AUTO
2026-06-18 19:20:22,1781810422,R_10,4850.428,-1,0.07099999999991269,BACKFILL_AUTO
2026-06-18 19:20:24,1781810424,R_10,4850.442,1,0.014000000000123691,BACKFILL_AUTO
2026-06-18 19:20:26,1781810426,R_10,4850.718,1,0.27599999999983993,BACKFILL_AUTO
2026-06-18 19:20:28,1781810428,R_10,4850.76,1,0.042000000000371074,BACKFILL_AUTO
2026-06-18 19:20:30,1781810430,R_10,4850.818,1,0.057999999999992724,BACKFILL_AUTO
2026-06-18 19:20:32,1781810432,R_10,4850.919,1,0.10099999999965803,BACKFILL_AUTO
2026-06-18 19:20:34,1781810434,R_10,4850.733,-1,0.1859999999996944,BACKFILL_AUTO
2026-06-18 19:20:36,1781810436,R_10,4850.806,1,0.07299999999941065,BACKFILL_AUTO
2026-06-18 19:20:38,1781810438,R_10,4850.932,1,0.12600000000020373,BACKFILL_AUTO
2026-06-18 19:20:40,1781810440,R_10,4850.929,-1,0.0029999999997016857,BACKFILL_AUTO
2026-06-18 19:20:42,1781810442,R_10,4850.909,-1,0.020000000000436557,BACKFILL_AUTO
2026-06-18 19:20:44,1781810444,R_10,4850.9,-1,0.009000000000014552,BACKFILL_AUTO
2026-06-18 19:20:46,1781810446,R_10,4850.793,-1,0.1069999999999709,BACKFILL_AUTO
2026-06-18 19:20:48,1781810448,R_10,4850.753,-1,0.03999999999996362,BACKFILL_AUTO
2026-06-18 19:20:50,1781810450,R_10,4850.688,-1,0.06499999999959982,BACKFILL_AUTO
2026-06-18 19:20:52,1781810452,R_10,4850.692,1,0.0039999999999054126,BACKFILL_AUTO
2026-06-18 19:20:54,1781810454,R_10,4850.589,-1,0.10300000000006548,BACKFILL_AUTO
2026-06-18 19:20:56,1781810456,R_10,4850.718,1,0.1289999999999054,BACKFILL_AUTO
2026-06-18 19:20:58,1781810458,R_10,4850.704,-1,0.014000000000123691,BACKFILL_AUTO
2026-06-18 19:21:00,1781810460,R_10,4850.607,-1,0.09699999999975262,BACKFILL_AUTO
2026-06-18 19:21:02,1781810462,R_10,4850.598,-1,0.009000000000014552,BACKFILL_AUTO
2026-06-18 19:21:04,1781810464,R_10,4850.442,-1,0.15599999999994907,BACKFILL_AUTO
2026-06-18 19:21:06,1781810466,R_10,4850.297,-1,0.14500000000043656,BACKFILL_AUTO
2026-06-18 19:21:08,1781810468,R_10,4850.231,-1,0.06599999999980355,BACKFILL_AUTO
2026-06-18 19:21:10,1781810470,R_10,4850.094,-1,0.13699999999971624,BACKFILL_AUTO
2026-06-18 19:21:12,1781810472,R_10,4850.116,1,0.021999999999934516,BACKFILL_AUTO
2026-06-18 19:21:14,1781810474,R_10,4849.942,-1,0.17399999999997817,BACKFILL_AUTO
2026-06-18 19:21:16,1781810476,R_10,4849.706,-1,0.2359999999998763,BACKFILL_AUTO
2026-06-18 19:21:18,1781810478,R_10,4849.419,-1,0.28700000000026193,BACKFILL_AUTO
2026-06-18 19:21:20,1781810480,R_10,4849.528,1,0.10900000000037835,BACKFILL_AUTO
2026-06-18 19:21:22,1781810482,R_10,4849.352,-1,0.17600000000038563,BACKFILL_AUTO
2026-06-18 19:21:24,1781810484,R_10,4849.418,1,0.06599999999980355,BACKFILL_AUTO
2026-06-18 19:21:26,1781810486,R_10,4849.342,-1,0.07600000000002183,BACKFILL_AUTO
2026-06-18 19:21:28,1781810488,R_10,4849.118,-1,0.22399999999925058,BACKFILL_AUTO
2026-06-18 19:21:30,1781810490,R_10,4849.121,1,0.0029999999997016857,BACKFILL_AUTO
2026-06-18 19:21:32,1781810492,R_10,4849.24,1,0.11899999999968713,BACKFILL_AUTO
2026-06-18 19:21:34,1781810494,R_10,4849.198,-1,0.04199999999946158,BACKFILL_AUTO
2026-06-18 19:21:36,1781810496,R_10,4849.069,-1,0.1289999999999054,BACKFILL_AUTO
2026-06-18 19:21:38,1781810498,R_10,4849.177,1,0.10799999999926513,BACKFILL_AUTO
2026-06-18 19:21:40,1781810500,R_10,4849.11,-1,0.06700000000000728,BACKFILL_AUTO
2026-06-18 19:21:42,1781810502,R_10,4849.175,1,0.06500000000050932,BACKFILL_AUTO
2026-06-18 19:21:44,1781810504,R_10,4849.173,-1,0.0020000000004074536,BACKFILL_AUTO
2026-06-18 19:21:46,1781810506,R_10,4849.32,1,0.14699999999993452,BACKFILL_AUTO
2026-06-18 19:21:48,1781810508,R_10,4849.259,-1,0.06099999999969441,BACKFILL_AUTO
2026-06-18 19:21:50,1781810510,R_10,4849.067,-1,0.19200000000000728,BACKFILL_AUTO
2026-06-18 19:21:52,1781810512,R_10,4848.794,-1,0.27300000000013824,BACKFILL_AUTO
2026-06-18 19:21:54,1781810514,R_10,4848.567,-1,0.22699999999986176,BACKFILL_AUTO
2026-06-18 19:21:56,1781810516,R_10,4848.611,1,0.04399999999986903,BACKFILL_AUTO
2026-06-18 19:21:58,1781810518,R_10,4848.561,-1,0.0500000000001819,BACKFILL_AUTO
2026-06-18 19:22:00,1781810520,R_10,4848.645,1,0.08400000000074215,BACKFILL_AUTO
2026-06-18 19:22:02,1781810522,R_10,4848.737,1,0.09199999999964348,BACKFILL_AUTO
2026-06-18 19:22:04,1781810524,R_10,4848.53,-1,0.2070000000003347,BACKFILL_AUTO
2026-06-18 19:22:06,1781810526,R_10,4848.554,1,0.02400000000034197,BACKFILL_AUTO
2026-06-18 19:22:08,1781810528,R_10,4848.575,1,0.02099999999973079,BACKFILL_AUTO
2026-06-18 19:22:10,1781810530,R_10,4848.54,-1,0.03499999999985448,BACKFILL_AUTO
2026-06-18 19:22:12,1781810532,R_10,4848.317,-1,0.22299999999995634,BACKFILL_AUTO
2026-06-18 19:22:14,1781810534,R_10,4848.306,-1,0.011000000000422006,BACKFILL_AUTO
2026-06-18 19:22:16,1781810536,R_10,4848.434,1,0.12800000000061118,BACKFILL_AUTO
2026-06-18 19:22:18,1781810538,R_10,4848.32,-1,0.11400000000048749,BACKFILL_AUTO
2026-06-18 19:22:20,1781810540,R_10,4848.283,-1,0.03699999999935244,BACKFILL_AUTO
2026-06-18 19:22:22,1781810542,R_10,4848.422,1,0.1389999999992142,BACKFILL_AUTO
2026-06-18 19:22:24,1781810544,R_10,4848.404,-1,0.01799999999911961,BACKFILL_AUTO
2026-06-18 19:22:26,1781810546,R_10,4848.36,-1,0.04400000000077853,BACKFILL_AUTO
2026-06-18 19:22:28,1781810548,R_10,4848.328,-1,0.0319999999992433,BACKFILL_AUTO
2026-06-18 19:22:30,1781810550,R_10,4848.278,-1,0.0500000000001819,BACKFILL_AUTO
2026-06-18 19:22:32,1781810552,R_10,4848.376,1,0.09799999999995634,BACKFILL_AUTO
2026-06-18 19:22:34,1781810554,R_10,4848.302,-1,0.07400000000052387,BACKFILL_AUTO
2026-06-18 19:22:36,1781810556,R_10,4848.4,1,0.09799999999995634,BACKFILL_AUTO
2026-06-18 19:22:38,1781810558,R_10,4848.508,1,0.10800000000017462,BACKFILL_AUTO
2026-06-18 19:22:40,1781810560,R_10,4848.357,-1,0.15099999999983993,BACKFILL_AUTO
2026-06-18 19:22:42,1781810562,R_10,4848.13,-1,0.22699999999986176,BACKFILL_AUTO
2026-06-18 19:22:44,1781810564,R_10,4847.932,-1,0.19800000000032014,BACKFILL_AUTO
2026-06-18 19:22:46,1781810566,R_10,4847.912,-1,0.019999999999527063,BACKFILL_AUTO
2026-06-18 19:22:48,1781810568,R_10,4847.995,1,0.08299999999962893,BACKFILL_AUTO
2026-06-18 19:22:50,1781810570,R_10,4848.035,1,0.03999999999996362,BACKFILL_AUTO
2026-06-18 19:22:52,1781810572,R_10,4848.021,-1,0.014000000000123691,BACKFILL_AUTO
2026-06-18 19:22:54,1781810574,R_10,4847.932,-1,0.08899999999994179,BACKFILL_AUTO
2026-06-18 19:22:56,1781810576,R_10,4848.2,1,0.2680000000000291,BACKFILL_AUTO
2026-06-18 19:22:58,1781810578,R_10,4848.041,-1,0.15899999999965075,BACKFILL_AUTO
2026-06-18 19:23:00,1781810580,R_10,4848.024,-1,0.016999999999825377,BACKFILL_AUTO
2026-06-18 19:23:02,1781810582,R_10,4848.032,1,0.007999999999810825,BACKFILL_AUTO
2026-06-18 19:23:04,1781810584,R_10,4847.904,-1,0.12799999999970169,BACKFILL_AUTO
2026-06-18 19:23:06,1781810586,R_10,4847.986,1,0.0819999999994252,BACKFILL_AUTO
2026-06-18 19:23:08,1781810588,R_10,4848.062,1,0.07600000000002183,BACKFILL_AUTO
2026-06-18 19:23:10,1781810590,R_10,4848.106,1,0.04399999999986903,BACKFILL_AUTO
2026-06-18 19:23:12,1781810592,R_10,4847.989,-1,0.11700000000018917,BACKFILL_AUTO
2026-06-18 19:23:14,1781810594,R_10,4847.78,-1,0.20899999999983265,BACKFILL_AUTO
2026-06-18 19:23:16,1781810596,R_10,4847.758,-1,0.021999999999934516,BACKFILL_AUTO
2026-06-18 19:23:18,1781810598,R_10,4847.779,1,0.021000000000640284,BACKFILL_AUTO
2026-06-18 19:23:20,1781810600,R_10,4847.729,-1,0.0500000000001819,BACKFILL_AUTO
2026-06-18 19:23:22,1781810602,R_10,4847.742,1,0.012999999999919964,BACKFILL_AUTO
2026-06-18 19:23:24,1781810604,R_10,4847.688,-1,0.05400000000008731,BACKFILL_AUTO
2026-06-18 19:23:26,1781810606,R_10,4847.695,1,0.006999999999607098,BACKFILL_AUTO
2026-06-18 19:23:28,1781810608,R_10,4847.755,1,0.06000000000040018,BACKFILL_AUTO
2026-06-18 19:23:30,1781810610,R_10,4847.789,1,0.033999999999650754,BACKFILL_AUTO
2026-06-18 19:23:32,1781810612,R_10,4847.64,-1,0.14899999999943248,BACKFILL_AUTO
2026-06-18 19:23:34,1781810614,R_10,4847.6,-1,0.03999999999996362,BACKFILL_AUTO
2026-06-18 19:23:36,1781810616,R_10,4847.608,1,0.007999999999810825,BACKFILL_AUTO
2026-06-18 19:23:38,1781810618,R_10,4847.972,1,0.363999999999578,BACKFILL_AUTO
2026-06-18 19:23:40,1781810620,R_10,4848.025,1,0.052999999999883585,BACKFILL_AUTO
2026-06-18 19:23:42,1781810622,R_10,4848.1,1,0.0750000000007276,BACKFILL_AUTO
2026-06-18 19:23:44,1781810624,R_10,4848.14,1,0.03999999999996362,BACKFILL_AUTO
2026-06-18 19:23:46,1781810626,R_10,4848.053,-1,0.08700000000044383,BACKFILL_AUTO
2026-06-18 19:23:48,1781810628,R_10,4847.849,-1,0.2039999999997235,BACKFILL_AUTO
2026-06-18 19:23:50,1781810630,R_10,4848.046,1,0.19700000000011642,BACKFILL_AUTO
2026-06-18 19:23:52,1781810632,R_10,4848.17,1,0.12399999999979627,BACKFILL_AUTO
2026-06-18 19:23:54,1781810634,R_10,4848.421,1,0.2510000000002037,BACKFILL_AUTO
2026-06-18 19:23:56,1781810636,R_10,4848.378,-1,0.0430000000005748,BACKFILL_AUTO
2026-06-18 19:23:58,1781810638,R_10,4848.106,-1,0.2719999999999345,BACKFILL_AUTO
2026-06-18 19:24:00,1781810640,R_10,4848.149,1,0.0430000000005748,BACKFILL_AUTO
2026-06-18 19:24:02,1781810642,R_10,4848.097,-1,0.05200000000058935,BACKFILL_AUTO
2026-06-18 19:24:04,1781810644,R_10,4848.086,-1,0.01099999999951251,BACKFILL_AUTO
2026-06-18 19:24:06,1781810646,R_10,4848.067,-1,0.01900000000023283,BACKFILL_AUTO
2026-06-18 19:24:08,1781810648,R_10,4848.099,1,0.032000000000152795,BACKFILL_AUTO
2026-06-18 19:24:10,1781810650,R_10,4848.121,1,0.021999999999934516,BACKFILL_AUTO
2026-06-18 19:24:12,1781810652,R_10,4848.153,1,0.032000000000152795,BACKFILL_AUTO
2026-06-18 19:24:14,1781810654,R_10,4848.14,-1,0.012999999999919964,BACKFILL_AUTO
2026-06-18 19:24:16,1781810656,R_10,4848.202,1,0.06199999999989814,BACKFILL_AUTO
2026-06-18 19:24:18,1781810658,R_10,4848.252,1,0.0500000000001819,BACKFILL_AUTO
2026-06-18 19:24:20,1781810660,R_10,4847.975,-1,0.27700000000004366,BACKFILL_AUTO
2026-06-18 19:24:22,1781810662,R_10,4848.177,1,0.20199999999931606,BACKFILL_AUTO
2026-06-18 19:24:24,1781810664,R_10,4848.403,1,0.22600000000056752,BACKFILL_AUTO
2026-06-18 19:24:26,1781810666,R_10,4848.078,-1,0.3249999999998181,BACKFILL_AUTO
2026-06-18 19:24:28,1781810668,R_10,4848.147,1,0.06899999999950523,BACKFILL_AUTO
2026-06-18 19:24:30,1781810670,R_10,4848.028,-1,0.11899999999968713,BACKFILL_AUTO
2026-06-18 19:24:32,1781810672,R_10,4847.799,-1,0.2290000000002692,BACKFILL_AUTO
2026-06-18 19:24:34,1781810674,R_10,4847.893,1,0.09400000000005093,BACKFILL_AUTO
2026-06-18 19:24:36,1781810676,R_10,4847.618,-1,0.2749999999996362,BACKFILL_AUTO
2026-06-18 19:24:38,1781810678,R_10,4847.534,-1,0.08400000000074215,BACKFILL_AUTO
2026-06-18 19:24:40,1781810680,R_10,4847.279,-1,0.25499999999919964,BACKFILL_AUTO
2026-06-18 19:24:42,1781810682,R_10,4847.329,1,0.049999999999272404,BACKFILL_AUTO
2026-06-18 19:24:44,1781810684,R_10,4847.277,-1,0.05199999999967986,BACKFILL_AUTO
2026-06-18 19:24:46,1781810686,R_10,4847.248,-1,0.02900000000045111,BACKFILL_AUTO
2026-06-18 19:24:48,1781810688,R_10,4847.08,-1,0.1679999999996653,BACKFILL_AUTO
2026-06-18 19:24:50,1781810690,R_10,4847.094,1,0.014000000000123691,BACKFILL_AUTO
2026-06-18 19:24:52,1781810692,R_10,4847.175,1,0.08100000000013097,BACKFILL_AUTO
2026-06-18 19:24:54,1781810694,R_10,4847.237,1,0.06199999999989814,BACKFILL_AUTO
2026-06-18 19:24:56,1781810696,R_10,4847.4,1,0.16299999999955617,BACKFILL_AUTO
2026-06-18 19:24:58,1781810698,R_10,4847.225,-1,0.1749999999992724,BACKFILL_AUTO
2026-06-18 19:25:00,1781810700,R_10,4847.329,1,0.10399999999935972,BACKFILL_AUTO
2026-06-18 19:25:02,1781810702,R_10,4847.575,1,0.2460000000000946,BACKFILL_AUTO
2026-06-18 19:25:04,1781810704,R_10,4847.586,1,0.011000000000422006,BACKFILL_AUTO
2026-06-18 19:25:06,1781810706,R_10,4847.514,-1,0.07200000000011642,BACKFILL_AUTO
2026-06-18 19:25:08,1781810708,R_10,4847.479,-1,0.03499999999985448,BACKFILL_AUTO
2026-06-18 19:25:10,1781810710,R_10,4847.785,1,0.30599999999958527,BACKFILL_AUTO
2026-06-18 19:25:12,1781810712,R_10,4847.545,-1,0.23999999999978172,BACKFILL_AUTO
2026-06-18 19:25:14,1781810714,R_10,4847.785,1,0.23999999999978172,BACKFILL_AUTO
2026-06-18 19:25:16,1781810716,R_10,4847.59,-1,0.19499999999970896,BACKFILL_AUTO
2026-06-18 19:25:18,1781810718,R_10,4847.473,-1,0.11700000000018917,BACKFILL_AUTO
2026-06-18 19:25:20,1781810720,R_10,4847.511,1,0.03800000000046566,BACKFILL_AUTO
2026-06-18 19:25:22,1781810722,R_10,4847.639,1,0.12799999999970169,BACKFILL_AUTO
2026-06-18 19:25:24,1781810724,R_10,4847.443,-1,0.1959999999999127,BACKFILL_AUTO
2026-06-18 19:25:26,1781810726,R_10,4847.469,1,0.02599999999983993,BACKFILL_AUTO
2026-06-18 19:25:28,1781810728,R_10,4847.506,1,0.037000000000261934,BACKFILL_AUTO
2026-06-18 19:25:30,1781810730,R_10,4847.378,-1,0.12800000000061118,BACKFILL_AUTO
2026-06-18 19:25:32,1781810732,R_10,4847.438,1,0.06000000000040018,BACKFILL_AUTO
2026-06-18 19:25:34,1781810734,R_10,4847.177,-1,0.261000000000422,BACKFILL_AUTO
2026-06-18 19:25:36,1781810736,R_10,4847.085,-1,0.09199999999964348,BACKFILL_AUTO
2026-06-18 19:25:38,1781810738,R_10,4846.959,-1,0.12600000000020373,BACKFILL_AUTO
2026-06-18 19:25:40,1781810740,R_10,4847.042,1,0.08300000000053842,BACKFILL_AUTO
2026-06-18 19:25:42,1781810742,R_10,4846.947,-1,0.09500000000025466,BACKFILL_AUTO
2026-06-18 19:25:44,1781810744,R_10,4846.812,-1,0.13500000000021828,BACKFILL_AUTO
2026-06-18 19:25:46,1781810746,R_10,4846.834,1,0.021999999999934516,BACKFILL_AUTO
2026-06-18 19:25:48,1781810748,R_10,4846.826,-1,0.007999999999810825,BACKFILL_AUTO
2026-06-18 19:25:50,1781810750,R_10,4846.822,-1,0.0039999999999054126,BACKFILL_AUTO
2026-06-18 19:25:52,1781810752,R_10,4846.936,1,0.113999999999578,BACKFILL_AUTO
2026-06-18 19:25:54,1781810754,R_10,4846.785,-1,0.15099999999983993,BACKFILL_AUTO
2026-06-18 19:25:56,1781810756,R_10,4846.786,1,0.0010000000002037268,BACKFILL_AUTO
2026-06-18 19:25:58,1781810758,R_10,4846.834,1,0.047999999999774445,BACKFILL_AUTO
2026-06-18 19:26:00,1781810760,R_10,4846.679,-1,0.15499999999974534,BACKFILL_AUTO
2026-06-18 19:26:02,1781810762,R_10,4846.582,-1,0.09699999999975262,BACKFILL_AUTO
2026-06-18 19:26:04,1781810764,R_10,4846.329,-1,0.2530000000006112,BACKFILL_AUTO
2026-06-18 19:26:06,1781810766,R_10,4846.265,-1,0.0639999999993961,BACKFILL_AUTO
2026-06-18 19:26:08,1781810768,R_10,4846.294,1,0.028999999999541615,BACKFILL_AUTO
2026-06-18 19:26:10,1781810770,R_10,4846.237,-1,0.056999999999789,BACKFILL_AUTO
2026-06-18 19:26:12,1781810772,R_10,4846.023,-1,0.2139999999999418,BACKFILL_AUTO
2026-06-18 19:26:14,1781810774,R_10,4846.082,1,0.05900000000019645,BACKFILL_AUTO
2026-06-18 19:26:16,1781810776,R_10,4846.3,1,0.2179999999998472,BACKFILL_AUTO
2026-06-18 19:26:18,1781810778,R_10,4846.384,1,0.08399999999983265,BACKFILL_AUTO
2026-06-18 19:26:20,1781810780,R_10,4846.429,1,0.04500000000007276,BACKFILL_AUTO
2026-06-18 19:26:22,1781810782,R_10,4846.383,-1,0.046000000000276486,BACKFILL_AUTO
2026-06-18 19:26:24,1781810784,R_10,4846.597,1,0.2139999999999418,BACKFILL_AUTO
2026-06-18 19:26:26,1781810786,R_10,4846.59,-1,0.006999999999607098,BACKFILL_AUTO
2026-06-18 19:26:28,1781810788,R_10,4846.43,-1,0.15999999999985448,BACKFILL_AUTO
2026-06-18 19:26:30,1781810790,R_10,4846.399,-1,0.03099999999994907,BACKFILL_AUTO
2026-06-18 19:26:32,1781810792,R_10,4846.377,-1,0.021999999999934516,BACKFILL_AUTO
2026-06-18 19:26:34,1781810794,R_10,4846.419,1,0.04199999999946158,BACKFILL_AUTO
2026-06-18 19:26:36,1781810796,R_10,4846.473,1,0.05400000000008731,BACKFILL_AUTO
2026-06-18 19:26:38,1781810798,R_10,4846.452,-1,0.02099999999973079,BACKFILL_AUTO
2026-06-18 19:26:40,1781810800,R_10,4846.379,-1,0.07300000000032014,BACKFILL_AUTO
2026-06-18 19:26:42,1781810802,R_10,4846.296,-1,0.08299999999962893,BACKFILL_AUTO
2026-06-18 19:26:44,1781810804,R_10,4846.214,-1,0.0820000000003347,BACKFILL_AUTO
2026-06-18 19:26:46,1781810806,R_10,4846.295,1,0.08100000000013097,BACKFILL_AUTO
2026-06-18 19:26:48,1781810808,R_10,4846.059,-1,0.2359999999998763,BACKFILL_AUTO
2026-06-18 19:26:50,1781810810,R_10,4846.088,1,0.028999999999541615,BACKFILL_AUTO
2026-06-18 19:26:52,1781810812,R_10,4846.351,1,0.26299999999991996,BACKFILL_AUTO
2026-06-18 19:26:54,1781810814,R_10,4846.513,1,0.16200000000026193,BACKFILL_AUTO
2026-06-18 19:26:56,1781810816,R_10,4846.503,-1,0.010000000000218279,BACKFILL_AUTO
2026-06-18 19:26:58,1781810818,R_10,4846.403,-1,0.0999999999994543,BACKFILL_AUTO
2026-06-18 19:27:00,1781810820,R_10,4846.425,1,0.021999999999934516,BACKFILL_AUTO
2026-06-18 19:27:02,1781810822,R_10,4846.433,1,0.007999999999810825,BACKFILL_AUTO
2026-06-18 19:27:04,1781810824,R_10,4846.488,1,0.05500000000029104,BACKFILL_AUTO
2026-06-18 19:27:06,1781810826,R_10,4846.328,-1,0.15999999999985448,BACKFILL_AUTO
2026-06-18 19:27:08,1781810828,R_10,4846.288,-1,0.040000000000873115,BACKFILL_AUTO
2026-06-18 19:27:10,1781810830,R_10,4846.391,1,0.10300000000006548,BACKFILL_AUTO
2026-06-18 19:27:12,1781810832,R_10,4846.191,-1,0.1999999999998181,BACKFILL_AUTO
2026-06-18 19:27:14,1781810834,R_10,4846.178,-1,0.012999999999919964,BACKFILL_AUTO
2026-06-18 19:27:16,1781810836,R_10,4846.175,-1,0.0029999999997016857,BACKFILL_AUTO
2026-06-18 19:27:18,1781810838,R_10,4846.395,1,0.22000000000025466,BACKFILL_AUTO
2026-06-18 19:27:20,1781810840,R_10,4846.348,-1,0.04700000000048021,BACKFILL_AUTO
2026-06-18 19:27:22,1781810842,R_10,4846.266,-1,0.0820000000003347,BACKFILL_AUTO
2026-06-18 19:27:24,1781810844,R_10,4846.308,1,0.042000000000371074,BACKFILL_AUTO
2026-06-18 19:27:26,1781810846,R_10,4846.28,-1,0.028000000000247383,BACKFILL_AUTO
2026-06-18 19:27:28,1781810848,R_10,4846.245,-1,0.03499999999985448,BACKFILL_AUTO
2026-06-18 19:27:30,1781810850,R_10,4846.411,1,0.16600000000016735,BACKFILL_AUTO
2026-06-18 19:27:32,1781810852,R_10,4846.369,-1,0.042000000000371074,BACKFILL_AUTO
2026-06-18 19:27:34,1781810854,R_10,4846.198,-1,0.170999999999367,BACKFILL_AUTO
2026-06-18 19:27:36,1781810856,R_10,4846.066,-1,0.1320000000005166,BACKFILL_AUTO
2026-06-18 19:27:38,1781810858,R_10,4846.147,1,0.08100000000013097,BACKFILL_AUTO
2026-06-18 19:27:40,1781810860,R_10,4846.092,-1,0.05500000000029104,BACKFILL_AUTO
2026-06-18 19:27:42,1781810862,R_10,4846.003,-1,0.08899999999994179,BACKFILL_AUTO
2026-06-18 19:27:44,1781810864,R_10,4846.277,1,0.27400000000034197,BACKFILL_AUTO
2026-06-18 19:27:46,1781810866,R_10,4846.24,-1,0.037000000000261934,BACKFILL_AUTO
2026-06-18 19:27:48,1781810868,R_10,4846.372,1,0.1320000000005166,BACKFILL_AUTO
2026-06-18 19:27:50,1781810870,R_10,4846.457,1,0.08500000000003638,BACKFILL_AUTO
2026-06-18 19:27:52,1781810872,R_10,4846.395,-1,0.06199999999989814,BACKFILL_AUTO
2026-06-18 19:27:54,1781810874,R_10,4846.289,-1,0.10600000000067666,BACKFILL_AUTO
2026-06-18 19:27:56,1781810876,R_10,4846.273,-1,0.01599999999962165,BACKFILL_AUTO
2026-06-18 19:27:58,1781810878,R_10,4846.271,-1,0.0020000000004074536,BACKFILL_AUTO
2026-06-18 19:28:00,1781810880,R_10,4846.091,-1,0.17999999999938154,BACKFILL_AUTO
2026-06-18 19:28:02,1781810882,R_10,4846.059,-1,0.032000000000152795,BACKFILL_AUTO
2026-06-18 19:28:04,1781810884,R_10,4846.183,1,0.12399999999979627,BACKFILL_AUTO
2026-06-18 19:28:06,1781810886,R_10,4846.209,1,0.02599999999983993,BACKFILL_AUTO
2026-06-18 19:28:08,1781810888,R_10,4846.051,-1,0.15799999999944703,BACKFILL_AUTO
2026-06-18 19:28:10,1781810890,R_10,4846.159,1,0.10799999999926513,BACKFILL_AUTO
2026-06-18 19:28:12,1781810892,R_10,4846.07,-1,0.08899999999994179,BACKFILL_AUTO
2026-06-18 19:28:14,1781810894,R_10,4846.405,1,0.3350000000000364,BACKFILL_AUTO
2026-06-18 19:28:16,1781810896,R_10,4846.453,1,0.04800000000068394,BACKFILL_AUTO
2026-06-18 19:28:18,1781810898,R_10,4846.315,-1,0.13800000000082946,BACKFILL_AUTO
2026-06-18 19:28:20,1781810900,R_10,4846.244,-1,0.07099999999991269,BACKFILL_AUTO
2026-06-18 19:28:22,1781810902,R_10,4846.067,-1,0.17699999999967986,BACKFILL_AUTO
2026-06-18 19:28:24,1781810904,R_10,4846.017,-1,0.0500000000001819,BACKFILL_AUTO
2026-06-18 19:28:26,1781810906,R_10,4845.857,-1,0.15999999999985448,BACKFILL_AUTO
2026-06-18 19:28:28,1781810908,R_10,4845.575,-1,0.2820000000001528,BACKFILL_AUTO
2026-06-18 19:28:30,1781810910,R_10,4845.518,-1,0.056999999999789,BACKFILL_AUTO
2026-06-18 19:28:32,1781810912,R_10,4845.402,-1,0.11599999999998545,BACKFILL_AUTO
2026-06-18 19:28:34,1781810914,R_10,4845.468,1,0.06599999999980355,BACKFILL_AUTO
2026-06-18 19:28:36,1781810916,R_10,4845.622,1,0.1540000000004511,BACKFILL_AUTO
2026-06-18 19:28:38,1781810918,R_10,4845.649,1,0.027000000000043656,BACKFILL_AUTO
2026-06-18 19:28:40,1781810920,R_10,4845.775,1,0.12599999999929423,BACKFILL_AUTO
2026-06-18 19:28:42,1781810922,R_10,4845.665,-1,0.10999999999967258,BACKFILL_AUTO
2026-06-18 19:28:44,1781810924,R_10,4845.572,-1,0.0929999999998472,BACKFILL_AUTO
2026-06-18 19:28:46,1781810926,R_10,4845.499,-1,0.07300000000032014,BACKFILL_AUTO
2026-06-18 19:28:48,1781810928,R_10,4845.425,-1,0.07399999999961437,BACKFILL_AUTO
2026-06-18 19:28:50,1781810930,R_10,4845.332,-1,0.0929999999998472,BACKFILL_AUTO
2026-06-18 19:28:52,1781810932,R_10,4845.355,1,0.02299999999922875,BACKFILL_AUTO
2026-06-18 19:28:54,1781810934,R_10,4845.337,-1,0.01799999999911961,BACKFILL_AUTO
2026-06-18 19:28:56,1781810936,R_10,4845.399,1,0.06199999999989814,BACKFILL_AUTO
2026-06-18 19:28:58,1781810938,R_10,4845.519,1,0.11999999999989086,BACKFILL_AUTO
2026-06-18 19:29:00,1781810940,R_10,4845.319,-1,0.1999999999998181,BACKFILL_AUTO
2026-06-18 19:29:02,1781810942,R_10,4845.327,1,0.007999999999810825,BACKFILL_AUTO
2026-06-18 19:29:04,1781810944,R_10,4845.472,1,0.14499999999952706,BACKFILL_AUTO
2026-06-18 19:29:06,1781810946,R_10,4845.761,1,0.2890000000006694,BACKFILL_AUTO
2026-06-18 19:29:08,1781810948,R_10,4845.853,1,0.09199999999964348,BACKFILL_AUTO
2026-06-18 19:29:10,1781810950,R_10,4845.746,-1,0.1069999999999709,BACKFILL_AUTO
2026-06-18 19:29:12,1781810952,R_10,4845.941,1,0.19499999999970896,BACKFILL_AUTO
2026-06-18 19:29:14,1781810954,R_10,4845.878,-1,0.06300000000010186,BACKFILL_AUTO
2026-06-18 19:29:16,1781810956,R_10,4845.88,1,0.0020000000004074536,BACKFILL_AUTO
2026-06-18 19:29:18,1781810958,R_10,4846.062,1,0.181999999999789,BACKFILL_AUTO
2026-06-18 19:29:20,1781810960,R_10,4846.095,1,0.03300000000035652,BACKFILL_AUTO
2026-06-18 19:29:22,1781810962,R_10,4845.857,-1,0.23800000000028376,BACKFILL_AUTO
2026-06-18 19:29:24,1781810964,R_10,4845.898,1,0.04100000000016735,BACKFILL_AUTO
2026-06-18 19:29:26,1781810966,R_10,4845.927,1,0.028999999999541615,BACKFILL_AUTO
2026-06-18 19:29:28,1781810968,R_10,4845.901,-1,0.02599999999983993,BACKFILL_AUTO
2026-06-18 19:29:30,1781810970,R_10,4846.187,1,0.2860000000000582,BACKFILL_AUTO
2026-06-18 19:29:32,1781810972,R_10,4846.093,-1,0.09400000000005093,BACKFILL_AUTO
2026-06-18 19:29:34,1781810974,R_10,4846.075,-1,0.018000000000029104,BACKFILL_AUTO
2026-06-18 19:29:36,1781810976,R_10,4846.136,1,0.061000000000603904,BACKFILL_AUTO
2026-06-18 19:29:38,1781810978,R_10,4846.132,-1,0.004000000000814907,BACKFILL_AUTO
2026-06-18 19:29:40,1781810980,R_10,4846.177,1,0.04500000000007276,BACKFILL_AUTO
2026-06-18 19:29:42,1781810982,R_10,4846.183,1,0.006000000000312866,BACKFILL_AUTO
2026-06-18 19:29:44,1781810984,R_10,4846.173,-1,0.010000000000218279,BACKFILL_AUTO
2026-06-18 19:29:46,1781810986,R_10,4846.251,1,0.07800000000042928,BACKFILL_AUTO
2026-06-18 19:29:48,1781810988,R_10,4846.265,1,0.014000000000123691,BACKFILL_AUTO
2026-06-18 19:29:50,1781810990,R_10,4846.136,-1,0.1289999999999054,BACKFILL_AUTO
2026-06-18 19:29:52,1781810992,R_10,4846.207,1,0.07099999999991269,BACKFILL_AUTO
2026-06-18 19:29:54,1781810994,R_10,4846.15,-1,0.05700000000069849,BACKFILL_AUTO
2026-06-18 19:29:56,1781810996,R_10,4845.961,-1,0.1889999999993961,BACKFILL_AUTO
2026-06-18 19:29:58,1781810998,R_10,4845.763,-1,0.19800000000032014,BACKFILL_AUTO
2026-06-18 19:30:00,1781811000,R_10,4845.818,1,0.05500000000029104,BACKFILL_AUTO
2026-06-18 19:30:02,1781811002,R_10,4845.695,-1,0.12300000000050204,BACKFILL_AUTO
2026-06-18 19:30:04,1781811004,R_10,4845.576,-1,0.11899999999968713,BACKFILL_AUTO
2026-06-18 19:30:06,1781811006,R_10,4845.879,1,0.3029999999998836,BACKFILL_AUTO
2026-06-18 19:30:08,1781811008,R_10,4845.878,-1,0.0010000000002037268,BACKFILL_AUTO
2026-06-18 19:30:10,1781811010,R_10,4845.997,1,0.11900000000059663,BACKFILL_AUTO
2026-06-18 19:30:12,1781811012,R_10,4845.888,-1,0.10900000000037835,BACKFILL_AUTO
2026-06-18 19:30:14,1781811014,R_10,4845.951,1,0.06300000000010186,BACKFILL_AUTO
2026-06-18 19:30:16,1781811016,R_10,4846.052,1,0.10099999999965803,BACKFILL_AUTO
2026-06-18 19:30:18,1781811018,R_10,4846.173,1,0.12100000000009459,BACKFILL_AUTO
2026-06-18 19:30:20,1781811020,R_10,4846.203,1,0.030000000000654836,BACKFILL_AUTO
2026-06-18 19:30:22,1781811022,R_10,4846.209,1,0.0059999999994033715,BACKFILL_AUTO
2026-06-18 19:30:24,1781811024,R_10,4846.289,1,0.07999999999992724,BACKFILL_AUTO
2026-06-18 19:30:26,1781811026,R_10,4846.238,-1,0.05099999999947613,BACKFILL_AUTO
2026-06-18 19:30:28,1781811028,R_10,4846.379,1,0.14099999999962165,BACKFILL_AUTO
2026-06-18 19:30:30,1781811030,R_10,4846.557,1,0.17799999999988358,BACKFILL_AUTO
2026-06-18 19:30:32,1781811032,R_10,4846.569,1,0.012000000000625732,BACKFILL_AUTO
2026-06-18 19:30:34,1781811034,R_10,4846.636,1,0.06700000000000728,BACKFILL_AUTO
2026-06-18 19:30:36,1781811036,R_10,4846.443,-1,0.193000000000211,BACKFILL_AUTO
2026-06-18 19:30:38,1781811038,R_10,4846.362,-1,0.08100000000013097,BACKFILL_AUTO
2026-06-18 19:30:40,1781811040,R_10,4846.474,1,0.11200000000008004,BACKFILL_AUTO
2026-06-18 19:30:42,1781811042,R_10,4846.463,-1,0.011000000000422006,BACKFILL_AUTO
2026-06-18 19:30:44,1781811044,R_10,4846.553,1,0.09000000000014552,BACKFILL_AUTO
2026-06-18 19:30:46,1781811046,R_10,4846.436,-1,0.11700000000018917,BACKFILL_AUTO
2026-06-18 19:30:48,1781811048,R_10,4846.702,1,0.26600000000053114,BACKFILL_AUTO
2026-06-18 19:30:50,1781811050,R_10,4846.43,-1,0.2719999999999345,BACKFILL_AUTO
2026-06-18 19:30:52,1781811052,R_10,4846.537,1,0.1069999999999709,BACKFILL_AUTO
2026-06-18 19:30:54,1781811054,R_10,4846.402,-1,0.13500000000021828,BACKFILL_AUTO
2026-06-18 19:30:56,1781811056,R_10,4846.422,1,0.019999999999527063,BACKFILL_AUTO
2026-06-18 19:30:58,1781811058,R_10,4846.567,1,0.14500000000043656,BACKFILL_AUTO
2026-06-18 19:31:00,1781811060,R_10,4846.463,-1,0.10400000000026921,BACKFILL_AUTO
2026-06-18 19:31:02,1781811062,R_10,4846.404,-1,0.058999999999286956,BACKFILL_AUTO
2026-06-18 19:31:04,1781811064,R_10,4846.128,-1,0.2760000000007494,BACKFILL_AUTO
2026-06-18 19:31:06,1781811066,R_10,4846.181,1,0.052999999999883585,BACKFILL_AUTO
2026-06-18 19:31:08,1781811068,R_10,4846.12,-1,0.06099999999969441,BACKFILL_AUTO
2026-06-18 19:31:10,1781811070,R_10,4845.907,-1,0.21299999999973807,BACKFILL_AUTO
2026-06-18 19:31:12,1781811072,R_10,4845.933,1,0.02599999999983993,BACKFILL_AUTO
2026-06-18 19:31:14,1781811074,R_10,4846.034,1,0.10099999999965803,BACKFILL_AUTO
2026-06-18 19:31:16,1781811076,R_10,4846.084,1,0.0500000000001819,BACKFILL_AUTO
2026-06-18 19:31:18,1781811078,R_10,4846.036,-1,0.047999999999774445,BACKFILL_AUTO
2026-06-18 19:31:20,1781811080,R_10,4846.019,-1,0.016999999999825377,BACKFILL_AUTO
2026-06-18 19:31:22,1781811082,R_10,4846.098,1,0.07899999999972351,BACKFILL_AUTO
2026-06-18 19:31:24,1781811084,R_10,4846.028,-1,0.06999999999970896,BACKFILL_AUTO
2026-06-18 19:31:26,1781811086,R_10,4845.95,-1,0.07800000000042928,BACKFILL_AUTO
2026-06-18 19:31:28,1781811088,R_10,4845.867,-1,0.08299999999962893,BACKFILL_AUTO
2026-06-18 19:31:30,1781811090,R_10,4845.773,-1,0.09400000000005093,BACKFILL_AUTO
2026-06-18 19:31:32,1781811092,R_10,4845.948,1,0.1750000000001819,BACKFILL_AUTO
2026-06-18 19:31:34,1781811094,R_10,4845.923,-1,0.025000000000545697,BACKFILL_AUTO
2026-06-18 19:31:36,1781811096,R_10,4845.905,-1,0.018000000000029104,BACKFILL_AUTO
2026-06-18 19:31:38,1781811098,R_10,4846.101,1,0.1959999999999127,BACKFILL_AUTO
2026-06-18 19:31:40,1781811100,R_10,4846.184,1,0.08300000000053842,BACKFILL_AUTO
2026-06-18 19:31:42,1781811102,R_10,4846.206,1,0.021999999999934516,BACKFILL_AUTO
2026-06-18 19:31:44,1781811104,R_10,4846.241,1,0.03499999999985448,BACKFILL_AUTO
2026-06-18 19:31:46,1781811106,R_10,4846.081,-1,0.15999999999985448,BACKFILL_AUTO
2026-06-18 19:31:48,1781811108,R_10,4846.221,1,0.13999999999941792,BACKFILL_AUTO
2026-06-18 19:31:50,1781811110,R_10,4846.348,1,0.12700000000040745,BACKFILL_AUTO
2026-06-18 19:31:52,1781811112,R_10,4846.338,-1,0.010000000000218279,BACKFILL_AUTO
2026-06-18 19:31:54,1781811114,R_10,4846.349,1,0.011000000000422006,BACKFILL_AUTO
2026-06-18 19:31:56,1781811116,R_10,4846.423,1,0.07399999999961437,BACKFILL_AUTO
2026-06-18 19:31:58,1781811118,R_10,4846.448,1,0.025000000000545697,BACKFILL_AUTO
2026-06-18 19:32:00,1781811120,R_10,4846.344,-1,0.10400000000026921,BACKFILL_AUTO
2026-06-18 19:32:02,1781811122,R_10,4846.393,1,0.04899999999997817,BACKFILL_AUTO
2026-06-18 19:32:04,1781811124,R_10,4846.441,1,0.047999999999774445,BACKFILL_AUTO
2026-06-18 19:32:06,1781811126,R_10,4846.422,-1,0.01900000000023283,BACKFILL_AUTO
2026-06-18 19:32:08,1781811128,R_10,4846.482,1,0.06000000000040018,BACKFILL_AUTO
2026-06-18 19:32:10,1781811130,R_10,4846.577,1,0.09500000000025466,BACKFILL_AUTO
2026-06-18 19:32:12,1781811132,R_10,4846.545,-1,0.032000000000152795,BACKFILL_AUTO
2026-06-18 19:32:14,1781811134,R_10,4846.688,1,0.1430000000000291,BACKFILL_AUTO
2026-06-18 19:32:16,1781811136,R_10,4846.823,1,0.13500000000021828,BACKFILL_AUTO
2026-06-18 19:32:18,1781811138,R_10,4846.902,1,0.07899999999972351,BACKFILL_AUTO
2026-06-18 19:32:20,1781811140,R_10,4846.856,-1,0.046000000000276486,BACKFILL_AUTO
2026-06-18 19:32:22,1781811142,R_10,4847.05,1,0.19400000000041473,BACKFILL_AUTO
2026-06-18 19:32:24,1781811144,R_10,4847.369,1,0.31899999999950523,BACKFILL_AUTO
2026-06-18 19:32:26,1781811146,R_10,4847.233,-1,0.1359999999995125,BACKFILL_AUTO
2026-06-18 19:32:28,1781811148,R_10,4847.269,1,0.03600000000005821,BACKFILL_AUTO
2026-06-18 19:32:30,1781811150,R_10,4847.072,-1,0.19700000000011642,BACKFILL_AUTO
2026-06-18 19:32:32,1781811152,R_10,4847.113,1,0.04100000000016735,BACKFILL_AUTO
2026-06-18 19:32:34,1781811154,R_10,4847.167,1,0.05400000000008731,BACKFILL_AUTO
2026-06-18 19:32:36,1781811156,R_10,4847.073,-1,0.09400000000005093,BACKFILL_AUTO
2026-06-18 19:32:38,1781811158,R_10,4847.044,-1,0.02900000000045111,BACKFILL_AUTO
2026-06-18 19:32:40,1781811160,R_10,4846.645,-1,0.3989999999994325,BACKFILL_AUTO
2026-06-18 19:32:42,1781811162,R_10,4846.738,1,0.0929999999998472,BACKFILL_AUTO
2026-06-18 19:32:44,1781811164,R_10,4846.729,-1,0.009000000000014552,BACKFILL_AUTO
2026-06-18 19:32:46,1781811166,R_10,4846.703,-1,0.02599999999983993,BACKFILL_AUTO
2026-06-18 19:32:48,1781811168,R_10,4846.735,1,0.0319999999992433,BACKFILL_AUTO
2026-06-18 19:32:50,1781811170,R_10,4846.735,0,0.0,BACKFILL_AUTO
2026-06-18 19:32:52,1781811172,R_10,4846.893,1,0.15800000000035652,BACKFILL_AUTO
2026-06-18 19:32:54,1781811174,R_10,4846.984,1,0.09100000000034925,BACKFILL_AUTO
2026-06-18 19:32:56,1781811176,R_10,4846.785,-1,0.19900000000052387,BACKFILL_AUTO
2026-06-18 19:32:58,1781811178,R_10,4846.529,-1,0.25599999999940337,BACKFILL_AUTO
2026-06-18 19:33:00,1781811180,R_10,4846.623,1,0.09399999999914144,BACKFILL_AUTO
2026-06-18 19:33:02,1781811182,R_10,4846.608,-1,0.014999999999417923,BACKFILL_AUTO
2026-06-18 19:33:04,1781811184,R_10,4846.738,1,0.13000000000010914,BACKFILL_AUTO
2026-06-18 19:33:06,1781811186,R_10,4846.435,-1,0.3029999999998836,BACKFILL_AUTO
2026-06-18 19:33:08,1781811188,R_10,4846.568,1,0.13299999999981083,BACKFILL_AUTO
2026-06-18 19:33:10,1781811190,R_10,4846.832,1,0.2640000000001237,BACKFILL_AUTO
2026-06-18 19:33:12,1781811192,R_10,4846.789,-1,0.0430000000005748,BACKFILL_AUTO
2026-06-18 19:33:14,1781811194,R_10,4846.533,-1,0.25599999999940337,BACKFILL_AUTO
2026-06-18 19:33:16,1781811196,R_10,4846.436,-1,0.09700000000066211,BACKFILL_AUTO
2026-06-18 19:33:18,1781811198,R_10,4846.256,-1,0.17999999999938154,BACKFILL_AUTO
2026-06-18 19:33:20,1781811200,R_10,4846.134,-1,0.12200000000029831,BACKFILL_AUTO
2026-06-18 19:33:22,1781811202,R_10,4846.015,-1,0.11899999999968713,BACKFILL_AUTO
2026-06-18 19:33:24,1781811204,R_10,4846.301,1,0.2860000000000582,BACKFILL_AUTO
2026-06-18 19:33:26,1781811206,R_10,4846.385,1,0.08399999999983265,BACKFILL_AUTO
2026-06-18 19:33:28,1781811208,R_10,4846.307,-1,0.07800000000042928,BACKFILL_AUTO
2026-06-18 19:33:30,1781811210,R_10,4846.185,-1,0.12199999999938882,BACKFILL_AUTO
2026-06-18 19:33:32,1781811212,R_10,4846.166,-1,0.01900000000023283,BACKFILL_AUTO
2026-06-18 19:33:34,1781811214,R_10,4845.882,-1,0.28400000000056025,BACKFILL_AUTO
2026-06-18 19:33:36,1781811216,R_10,4845.903,1,0.021000000000640284,BACKFILL_AUTO
2026-06-18 19:33:38,1781811218,R_10,4845.871,-1,0.032000000000152795,BACKFILL_AUTO
2026-06-18 19:33:40,1781811220,R_10,4845.526,-1,0.34500000000025466,BACKFILL_AUTO
2026-06-18 19:33:42,1781811222,R_10,4845.447,-1,0.07899999999972351,BACKFILL_AUTO
2026-06-18 19:33:44,1781811224,R_10,4845.204,-1,0.2430000000003929,BACKFILL_AUTO
2026-06-18 19:33:46,1781811226,R_10,4845.247,1,0.0430000000005748,BACKFILL_AUTO
2026-06-18 19:33:48,1781811228,R_10,4845.038,-1,0.20900000000074215,BACKFILL_AUTO
2026-06-18 19:33:50,1781811230,R_10,4844.886,-1,0.15199999999913416,BACKFILL_AUTO
2026-06-18 19:33:52,1781811232,R_10,4845.002,1,0.11599999999998545,BACKFILL_AUTO
2026-06-18 19:33:54,1781811234,R_10,4845.007,1,0.004999999999199645,BACKFILL_AUTO
2026-06-18 19:33:56,1781811236,R_10,4845.14,1,0.13300000000072032,BACKFILL_AUTO
2026-06-18 19:33:58,1781811238,R_10,4845.208,1,0.06799999999930151,BACKFILL_AUTO
2026-06-18 19:34:00,1781811240,R_10,4845.238,1,0.030000000000654836,BACKFILL_AUTO
2026-06-18 19:34:02,1781811242,R_10,4845.32,1,0.0819999999994252,BACKFILL_AUTO
2026-06-18 19:34:04,1781811244,R_10,4845.145,-1,0.1749999999992724,BACKFILL_AUTO
2026-06-18 19:34:06,1781811246,R_10,4845.041,-1,0.10400000000026921,BACKFILL_AUTO
2026-06-18 19:34:08,1781811248,R_10,4845.052,1,0.01099999999951251,BACKFILL_AUTO
2026-06-18 19:34:10,1781811250,R_10,4845.123,1,0.07099999999991269,BACKFILL_AUTO
2026-06-18 19:34:12,1781811252,R_10,4845.002,-1,0.12099999999918509,BACKFILL_AUTO
2026-06-18 19:34:14,1781811254,R_10,4845.12,1,0.11799999999948341,BACKFILL_AUTO
2026-06-18 19:34:16,1781811256,R_10,4844.915,-1,0.20499999999992724,BACKFILL_AUTO
2026-06-18 19:34:18,1781811258,R_10,4844.776,-1,0.1390000000001237,BACKFILL_AUTO
2026-06-18 19:34:20,1781811260,R_10,4844.833,1,0.056999999999789,BACKFILL_AUTO
2026-06-18 19:34:22,1781811262,R_10,4844.993,1,0.16000000000076398,BACKFILL_AUTO
2026-06-18 19:34:24,1781811264,R_10,4845.056,1,0.06299999999919237,BACKFILL_AUTO
2026-06-18 19:34:26,1781811266,R_10,4845.2,1,0.14400000000023283,BACKFILL_AUTO
2026-06-18 19:34:28,1781811268,R_10,4845.126,-1,0.07399999999961437,BACKFILL_AUTO
2026-06-18 19:34:30,1781811270,R_10,4845.137,1,0.01099999999951251,BACKFILL_AUTO
2026-06-18 19:34:32,1781811272,R_10,4844.973,-1,0.1639999999997599,BACKFILL_AUTO
2026-06-18 19:34:34,1781811274,R_10,4845.054,1,0.08100000000013097,BACKFILL_AUTO
2026-06-18 19:34:36,1781811276,R_10,4844.986,-1,0.068000000000211,BACKFILL_AUTO
2026-06-18 19:34:38,1781811278,R_10,4845.042,1,0.056000000000494765,BACKFILL_AUTO
2026-06-18 19:34:40,1781811280,R_10,4845.137,1,0.09499999999934516,BACKFILL_AUTO
2026-06-18 19:34:42,1781811282,R_10,4844.945,-1,0.19200000000000728,BACKFILL_AUTO
2026-06-18 19:34:44,1781811284,R_10,4844.873,-1,0.07200000000011642,BACKFILL_AUTO
2026-06-18 19:34:46,1781811286,R_10,4844.718,-1,0.15499999999974534,BACKFILL_AUTO
2026-06-18 19:34:48,1781811288,R_10,4844.839,1,0.12100000000009459,BACKFILL_AUTO
2026-06-18 19:34:50,1781811290,R_10,4844.794,-1,0.04500000000007276,BACKFILL_AUTO
2026-06-18 19:34:52,1781811292,R_10,4844.776,-1,0.018000000000029104,BACKFILL_AUTO
2026-06-18 19:34:54,1781811294,R_10,4844.755,-1,0.02099999999973079,BACKFILL_AUTO
2026-06-18 19:34:56,1781811296,R_10,4844.861,1,0.10599999999976717,BACKFILL_AUTO
2026-06-18 19:34:58,1781811298,R_10,4844.91,1,0.04899999999997817,BACKFILL_AUTO
2026-06-18 19:35:00,1781811300,R_10,4844.935,1,0.025000000000545697,BACKFILL_AUTO
2026-06-18 19:35:02,1781811302,R_10,4844.734,-1,0.20100000000002183,BACKFILL_AUTO
2026-06-18 19:35:04,1781811304,R_10,4844.677,-1,0.05700000000069849,BACKFILL_AUTO
2026-06-18 19:35:06,1781811306,R_10,4844.595,-1,0.0819999999994252,BACKFILL_AUTO
2026-06-18 19:35:08,1781811308,R_10,4844.396,-1,0.19900000000052387,BACKFILL_AUTO
2026-06-18 19:35:10,1781811310,R_10,4844.242,-1,0.15399999999954161,BACKFILL_AUTO
2026-06-18 19:35:12,1781811312,R_10,4844.414,1,0.17199999999957072,BACKFILL_AUTO
2026-06-18 19:35:14,1781811314,R_10,4844.347,-1,0.06700000000000728,BACKFILL_AUTO
2026-06-18 19:35:16,1781811316,R_10,4844.258,-1,0.08899999999994179,BACKFILL_AUTO
2026-06-18 19:35:18,1781811318,R_10,4844.248,-1,0.010000000000218279,BACKFILL_AUTO
2026-06-18 19:35:20,1781811320,R_10,4844.329,1,0.08100000000013097,BACKFILL_AUTO
2026-06-18 19:35:22,1781811322,R_10,4844.357,1,0.028000000000247383,BACKFILL_AUTO
2026-06-18 19:35:24,1781811324,R_10,4844.519,1,0.16200000000026193,BACKFILL_AUTO
2026-06-18 19:35:26,1781811326,R_10,4844.278,-1,0.24099999999998545,BACKFILL_AUTO
2026-06-18 19:35:28,1781811328,R_10,4844.261,-1,0.016999999999825377,BACKFILL_AUTO
2026-06-18 19:35:30,1781811330,R_10,4844.355,1,0.09399999999914144,BACKFILL_AUTO
2026-06-18 19:35:32,1781811332,R_10,4844.292,-1,0.06299999999919237,BACKFILL_AUTO
2026-06-18 19:35:34,1781811334,R_10,4844.417,1,0.125,BACKFILL_AUTO
2026-06-18 19:35:36,1781811336,R_10,4844.514,1,0.09699999999975262,BACKFILL_AUTO
2026-06-18 19:35:38,1781811338,R_10,4844.455,-1,0.05900000000019645,BACKFILL_AUTO
2026-06-18 19:35:40,1781811340,R_10,4844.435,-1,0.019999999999527063,BACKFILL_AUTO
2026-06-18 19:35:42,1781811342,R_10,4844.393,-1,0.042000000000371074,BACKFILL_AUTO
2026-06-18 19:35:44,1781811344,R_10,4844.398,1,0.005000000000109139,BACKFILL_AUTO
2026-06-18 19:35:46,1781811346,R_10,4844.49,1,0.09199999999964348,BACKFILL_AUTO
2026-06-18 19:35:48,1781811348,R_10,4844.426,-1,0.0639999999993961,BACKFILL_AUTO
2026-06-18 19:35:50,1781811350,R_10,4844.441,1,0.014999999999417923,BACKFILL_AUTO
2026-06-18 19:35:52,1781811352,R_10,4844.474,1,0.03300000000035652,BACKFILL_AUTO
2026-06-18 19:35:54,1781811354,R_10,4844.532,1,0.057999999999992724,BACKFILL_AUTO
2026-06-18 19:35:56,1781811356,R_10,4844.559,1,0.027000000000043656,BACKFILL_AUTO
2026-06-18 19:35:58,1781811358,R_10,4844.502,-1,0.056999999999789,BACKFILL_AUTO
2026-06-18 19:36:00,1781811360,R_10,4844.472,-1,0.030000000000654836,BACKFILL_AUTO
2026-06-18 19:36:02,1781811362,R_10,4844.615,1,0.1430000000000291,BACKFILL_AUTO
2026-06-18 19:36:04,1781811364,R_10,4844.451,-1,0.1639999999997599,BACKFILL_AUTO
2026-06-18 19:36:06,1781811366,R_10,4844.438,-1,0.012999999999919964,BACKFILL_AUTO
2026-06-18 19:36:08,1781811368,R_10,4844.527,1,0.08899999999994179,BACKFILL_AUTO
2026-06-18 19:36:10,1781811370,R_10,4844.432,-1,0.09500000000025466,BACKFILL_AUTO
2026-06-18 19:36:12,1781811372,R_10,4844.509,1,0.07700000000022555,BACKFILL_AUTO
2026-06-18 19:36:14,1781811374,R_10,4844.622,1,0.11300000000028376,BACKFILL_AUTO
2026-06-18 19:36:16,1781811376,R_10,4844.656,1,0.033999999999650754,BACKFILL_AUTO
2026-06-18 19:36:18,1781811378,R_10,4844.819,1,0.16300000000046566,BACKFILL_AUTO
2026-06-18 19:36:20,1781811380,R_10,4844.764,-1,0.05500000000029104,BACKFILL_AUTO
2026-06-18 19:36:22,1781811382,R_10,4844.776,1,0.011999999999716238,BACKFILL_AUTO
2026-06-18 19:36:24,1781811384,R_10,4844.872,1,0.09600000000045839,BACKFILL_AUTO
2026-06-18 19:36:26,1781811386,R_10,4844.821,-1,0.051000000000385626,BACKFILL_AUTO
2026-06-18 19:36:28,1781811388,R_10,4844.77,-1,0.05099999999947613,BACKFILL_AUTO
2026-06-18 19:36:30,1781811390,R_10,4844.753,-1,0.01700000000073487,BACKFILL_AUTO
2026-06-18 19:36:32,1781811392,R_10,4844.809,1,0.056000000000494765,BACKFILL_AUTO
2026-06-18 19:36:34,1781811394,R_10,4844.998,1,0.1889999999993961,BACKFILL_AUTO
2026-06-18 19:36:36,1781811396,R_10,4844.917,-1,0.08099999999922147,BACKFILL_AUTO
2026-06-18 19:36:38,1781811398,R_10,4844.695,-1,0.2220000000006621,BACKFILL_AUTO
2026-06-18 19:36:40,1781811400,R_10,4844.694,-1,0.0009999999992942321,BACKFILL_AUTO
2026-06-18 19:36:42,1781811402,R_10,4844.777,1,0.08299999999962893,BACKFILL_AUTO
2026-06-18 19:36:44,1781811404,R_10,4844.604,-1,0.17299999999977445,BACKFILL_AUTO
2026-06-18 19:36:46,1781811406,R_10,4844.453,-1,0.15099999999983993,BACKFILL_AUTO
2026-06-18 19:36:48,1781811408,R_10,4844.457,1,0.0039999999999054126,BACKFILL_AUTO
2026-06-18 19:36:50,1781811410,R_10,4844.711,1,0.2539999999999054,BACKFILL_AUTO
2026-06-18 19:36:52,1781811412,R_10,4844.719,1,0.007999999999810825,BACKFILL_AUTO
2026-06-18 19:36:54,1781811414,R_10,4844.743,1,0.02400000000034197,BACKFILL_AUTO
2026-06-18 19:36:56,1781811416,R_10,4844.71,-1,0.03300000000035652,BACKFILL_AUTO
2026-06-18 19:36:58,1781811418,R_10,4844.748,1,0.03799999999955617,BACKFILL_AUTO
2026-06-18 19:37:00,1781811420,R_10,4844.576,-1,0.17199999999957072,BACKFILL_AUTO
2026-06-18 19:37:02,1781811422,R_10,4844.625,1,0.04899999999997817,BACKFILL_AUTO
2026-06-18 19:37:04,1781811424,R_10,4844.607,-1,0.018000000000029104,BACKFILL_AUTO
2026-06-18 19:37:06,1781811426,R_10,4844.704,1,0.09699999999975262,BACKFILL_AUTO
2026-06-18 19:37:08,1781811428,R_10,4844.766,1,0.06199999999989814,BACKFILL_AUTO
2026-06-18 19:37:10,1781811430,R_10,4844.868,1,0.10200000000077125,BACKFILL_AUTO
2026-06-18 19:37:12,1781811432,R_10,4844.829,-1,0.03900000000066939,BACKFILL_AUTO
2026-06-18 19:37:14,1781811434,R_10,4844.761,-1,0.06799999999930151,BACKFILL_AUTO
2026-06-18 19:37:16,1781811436,R_10,4844.832,1,0.07099999999991269,BACKFILL_AUTO
2026-06-18 19:37:18,1781811438,R_10,4844.682,-1,0.1500000000005457,BACKFILL_AUTO
2026-06-18 19:37:20,1781811440,R_10,4844.763,1,0.08100000000013097,BACKFILL_AUTO
2026-06-18 19:37:22,1781811442,R_10,4844.757,-1,0.006000000000312866,BACKFILL_AUTO
2026-06-18 19:37:24,1781811444,R_10,4844.772,1,0.015000000000327418,BACKFILL_AUTO
2026-06-18 19:37:26,1781811446,R_10,4844.802,1,0.02999999999974534,BACKFILL_AUTO
2026-06-18 19:37:28,1781811448,R_10,4844.942,1,0.14000000000032742,BACKFILL_AUTO
2026-06-18 19:37:30,1781811450,R_10,4844.879,-1,0.06300000000010186,BACKFILL_AUTO
2026-06-18 19:37:32,1781811452,R_10,4844.754,-1,0.125,BACKFILL_AUTO
2026-06-18 19:37:34,1781811454,R_10,4844.671,-1,0.08299999999962893,BACKFILL_AUTO
2026-06-18 19:37:36,1781811456,R_10,4844.838,1,0.16699999999946158,BACKFILL_AUTO
2026-06-18 19:37:38,1781811458,R_10,4844.879,1,0.04100000000016735,BACKFILL_AUTO
2026-06-18 19:37:40,1781811460,R_10,4844.813,-1,0.06599999999980355,BACKFILL_AUTO
2026-06-18 19:37:42,1781811462,R_10,4844.783,-1,0.02999999999974534,BACKFILL_AUTO
2026-06-18 19:37:44,1781811464,R_10,4844.952,1,0.16899999999986903,BACKFILL_AUTO
2026-06-18 19:37:46,1781811466,R_10,4844.84,-1,0.11200000000008004,BACKFILL_AUTO
2026-06-18 19:37:48,1781811468,R_10,4844.717,-1,0.12300000000050204,BACKFILL_AUTO
2026-06-18 19:37:50,1781811470,R_10,4844.615,-1,0.10199999999986176,BACKFILL_AUTO
2026-06-18 19:37:52,1781811472,R_10,4844.647,1,0.032000000000152795,BACKFILL_AUTO
2026-06-18 19:37:54,1781811474,R_10,4844.837,1,0.19000000000050932,BACKFILL_AUTO
2026-06-18 19:37:56,1781811476,R_10,4844.789,-1,0.04800000000068394,BACKFILL_AUTO
2026-06-18 19:37:58,1781811478,R_10,4845.151,1,0.36200000000008004,BACKFILL_AUTO
2026-06-18 19:38:00,1781811480,R_10,4845.204,1,0.052999999999883585,BACKFILL_AUTO
2026-06-18 19:38:02,1781811482,R_10,4845.126,-1,0.07799999999951979,BACKFILL_AUTO
2026-06-18 19:38:04,1781811484,R_10,4845.174,1,0.047999999999774445,BACKFILL_AUTO
2026-06-18 19:38:06,1781811486,R_10,4844.875,-1,0.29899999999997817,BACKFILL_AUTO
2026-06-18 19:38:08,1781811488,R_10,4844.974,1,0.09900000000016007,BACKFILL_AUTO
2026-06-18 19:38:10,1781811490,R_10,4844.963,-1,0.011000000000422006,BACKFILL_AUTO
2026-06-18 19:38:12,1781811492,R_10,4845.027,1,0.06400000000030559,BACKFILL_AUTO
2026-06-18 19:38:14,1781811494,R_10,4844.751,-1,0.27599999999983993,BACKFILL_AUTO
2026-06-18 19:38:16,1781811496,R_10,4844.7,-1,0.051000000000385626,BACKFILL_AUTO
2026-06-18 19:38:18,1781811498,R_10,4844.542,-1,0.15799999999944703,BACKFILL_AUTO
2026-06-18 19:38:20,1781811500,R_10,4844.578,1,0.03600000000005821,BACKFILL_AUTO
2026-06-18 19:38:22,1781811502,R_10,4844.652,1,0.07399999999961437,BACKFILL_AUTO
2026-06-18 19:38:24,1781811504,R_10,4844.653,1,0.0010000000002037268,BACKFILL_AUTO
2026-06-18 19:38:26,1781811506,R_10,4844.671,1,0.018000000000029104,BACKFILL_AUTO
2026-06-18 19:38:28,1781811508,R_10,4844.917,1,0.2460000000000946,BACKFILL_AUTO
2026-06-18 19:38:30,1781811510,R_10,4844.883,-1,0.03400000000056025,BACKFILL_AUTO
2026-06-18 19:38:32,1781811512,R_10,4845.141,1,0.2579999999998108,BACKFILL_AUTO
2026-06-18 19:38:34,1781811514,R_10,4844.879,-1,0.26199999999971624,BACKFILL_AUTO
2026-06-18 19:38:36,1781811516,R_10,4844.898,1,0.01900000000023283,BACKFILL_AUTO
2026-06-18 19:38:38,1781811518,R_10,4844.932,1,0.033999999999650754,BACKFILL_AUTO
2026-06-18 19:38:40,1781811520,R_10,4845.044,1,0.11200000000008004,BACKFILL_AUTO
2026-06-18 19:38:42,1781811522,R_10,4845.053,1,0.009000000000014552,BACKFILL_AUTO
2026-06-18 19:38:44,1781811524,R_10,4844.993,-1,0.05999999999949068,BACKFILL_AUTO
2026-06-18 19:38:46,1781811526,R_10,4844.927,-1,0.06600000000071304,BACKFILL_AUTO
2026-06-18 19:38:48,1781811528,R_10,4844.881,-1,0.04599999999936699,BACKFILL_AUTO
2026-06-18 19:38:50,1781811530,R_10,4844.967,1,0.08599999999933061,BACKFILL_AUTO
2026-06-18 19:38:52,1781811532,R_10,4845.057,1,0.09000000000014552,BACKFILL_AUTO
2026-06-18 19:38:54,1781811534,R_10,4845.107,1,0.0500000000001819,BACKFILL_AUTO
2026-06-18 19:38:56,1781811536,R_10,4845.146,1,0.03899999999975989,BACKFILL_AUTO
2026-06-18 19:38:58,1781811538,R_10,4844.984,-1,0.16199999999935244,BACKFILL_AUTO
2026-06-18 19:39:00,1781811540,R_10,4845.022,1,0.03799999999955617,BACKFILL_AUTO
2026-06-18 19:39:02,1781811542,R_10,4845.26,1,0.23800000000028376,BACKFILL_AUTO
2026-06-18 19:39:04,1781811544,R_10,4845.14,-1,0.11999999999989086,BACKFILL_AUTO
2026-06-18 19:39:06,1781811546,R_10,4845.115,-1,0.025000000000545697,BACKFILL_AUTO
2026-06-18 19:39:08,1781811548,R_10,4845.216,1,0.10100000000056752,BACKFILL_AUTO
2026-06-18 19:39:10,1781811550,R_10,4845.176,-1,0.03999999999996362,BACKFILL_AUTO
2026-06-18 19:39:12,1781811552,R_10,4845.185,1,0.009000000000014552,BACKFILL_AUTO
2026-06-18 19:39:14,1781811554,R_10,4845.296,1,0.11099999999987631,BACKFILL_AUTO
2026-06-18 19:39:16,1781811556,R_10,4845.409,1,0.11299999999937427,BACKFILL_AUTO
2026-06-18 19:39:18,1781811558,R_10,4845.333,-1,0.07600000000002183,BACKFILL_AUTO
2026-06-18 19:39:20,1781811560,R_10,4845.161,-1,0.17199999999957072,BACKFILL_AUTO
2026-06-18 19:39:22,1781811562,R_10,4845.296,1,0.13500000000021828,BACKFILL_AUTO
2026-06-18 19:39:24,1781811564,R_10,4845.397,1,0.10099999999965803,BACKFILL_AUTO
2026-06-18 19:39:26,1781811566,R_10,4845.267,-1,0.13000000000010914,BACKFILL_AUTO
2026-06-18 19:39:28,1781811568,R_10,4845.249,-1,0.018000000000029104,BACKFILL_AUTO
2026-06-18 19:39:30,1781811570,R_10,4845.186,-1,0.06300000000010186,BACKFILL_AUTO
2026-06-18 19:39:32,1781811572,R_10,4845.284,1,0.09799999999995634,BACKFILL_AUTO
2026-06-18 19:39:34,1781811574,R_10,4845.348,1,0.06400000000030559,BACKFILL_AUTO
2026-06-18 19:39:36,1781811576,R_10,4845.424,1,0.07600000000002183,BACKFILL_AUTO
2026-06-18 19:39:38,1781811578,R_10,4845.391,-1,0.03300000000035652,BACKFILL_AUTO
2026-06-18 19:39:40,1781811580,R_10,4845.355,-1,0.03600000000005821,BACKFILL_AUTO
2026-06-18 19:39:42,1781811582,R_10,4845.348,-1,0.006999999999607098,BACKFILL_AUTO
2026-06-18 19:39:44,1781811584,R_10,4845.433,1,0.08500000000003638,BACKFILL_AUTO
2026-06-18 19:39:46,1781811586,R_10,4845.457,1,0.02400000000034197,BACKFILL_AUTO
2026-06-18 19:39:48,1781811588,R_10,4845.333,-1,0.12400000000070577,BACKFILL_AUTO
2026-06-18 19:39:50,1781811590,R_10,4845.454,1,0.12100000000009459,BACKFILL_AUTO
2026-06-18 19:39:52,1781811592,R_10,4845.393,-1,0.06099999999969441,BACKFILL_AUTO
2026-06-18 19:39:54,1781811594,R_10,4845.526,1,0.13299999999981083,BACKFILL_AUTO
2026-06-18 19:39:56,1781811596,R_10,4845.522,-1,0.0039999999999054126,BACKFILL_AUTO
2026-06-18 19:39:58,1781811598,R_10,4845.419,-1,0.10300000000006548,BACKFILL_AUTO
2026-06-18 19:40:00,1781811600,R_10,4845.395,-1,0.023999999999432475,BACKFILL_AUTO
2026-06-18 19:40:02,1781811602,R_10,4845.465,1,0.06999999999970896,BACKFILL_AUTO
2026-06-18 19:40:04,1781811604,R_10,4845.5,1,0.03499999999985448,BACKFILL_AUTO
2026-06-18 19:40:06,1781811606,R_10,4845.526,1,0.02599999999983993,BACKFILL_AUTO
2026-06-18 19:40:08,1781811608,R_10,4845.515,-1,0.01099999999951251,BACKFILL_AUTO
2026-06-18 19:40:10,1781811610,R_10,4845.638,1,0.12299999999959255,BACKFILL_AUTO
2026-06-18 19:40:12,1781811612,R_10,4845.643,1,0.005000000000109139,BACKFILL_AUTO
2026-06-18 19:40:14,1781811614,R_10,4845.688,1,0.04500000000007276,BACKFILL_AUTO
2026-06-18 19:40:16,1781811616,R_10,4845.603,-1,0.08500000000003638,BACKFILL_AUTO
2026-06-18 19:40:18,1781811618,R_10,4845.702,1,0.09900000000016007,BACKFILL_AUTO
2026-06-18 19:40:20,1781811620,R_10,4845.716,1,0.014000000000123691,BACKFILL_AUTO
2026-06-18 19:40:22,1781811622,R_10,4845.732,1,0.01599999999962165,BACKFILL_AUTO
2026-06-18 19:40:24,1781811624,R_10,4845.606,-1,0.12600000000020373,BACKFILL_AUTO
2026-06-18 19:40:26,1781811626,R_10,4845.745,1,0.1390000000001237,BACKFILL_AUTO
2026-06-18 19:40:28,1781811628,R_10,4845.846,1,0.10099999999965803,BACKFILL_AUTO
2026-06-18 19:40:30,1781811630,R_10,4845.701,-1,0.14499999999952706,BACKFILL_AUTO
2026-06-18 19:40:32,1781811632,R_10,4845.633,-1,0.068000000000211,BACKFILL_AUTO
2026-06-18 19:40:34,1781811634,R_10,4845.67,1,0.037000000000261934,BACKFILL_AUTO
2026-06-18 19:40:36,1781811636,R_10,4845.498,-1,0.1720000000004802,BACKFILL_AUTO
2026-06-18 19:40:38,1781811638,R_10,4845.518,1,0.020000000000436557,BACKFILL_AUTO
2026-06-18 19:40:40,1781811640,R_10,4845.377,-1,0.14099999999962165,BACKFILL_AUTO
2026-06-18 19:40:42,1781811642,R_10,4845.259,-1,0.1180000000003929,BACKFILL_AUTO
2026-06-18 19:40:44,1781811644,R_10,4845.501,1,0.24200000000018917,BACKFILL_AUTO
2026-06-18 19:40:46,1781811646,R_10,4845.465,-1,0.03600000000005821,BACKFILL_AUTO
2026-06-18 19:40:48,1781811648,R_10,4845.44,-1,0.025000000000545697,BACKFILL_AUTO
2026-06-18 19:40:50,1781811650,R_10,4845.471,1,0.03099999999994907,BACKFILL_AUTO
2026-06-18 19:40:52,1781811652,R_10,4845.426,-1,0.044999999999163265,BACKFILL_AUTO
2026-06-18 19:40:54,1781811654,R_10,4845.315,-1,0.1110000000007858,BACKFILL_AUTO
2026-06-18 19:40:56,1781811656,R_10,4845.236,-1,0.07899999999972351,BACKFILL_AUTO
2026-06-18 19:40:58,1781811658,R_10,4845.218,-1,0.018000000000029104,BACKFILL_AUTO
2026-06-18 19:41:00,1781811660,R_10,4845.132,-1,0.0860000000002401,BACKFILL_AUTO
2026-06-18 19:41:02,1781811662,R_10,4845.205,1,0.07300000000032014,BACKFILL_AUTO
2026-06-18 19:41:04,1781811664,R_10,4845.035,-1,0.17000000000007276,BACKFILL_AUTO
2026-06-18 19:41:06,1781811666,R_10,4844.919,-1,0.11599999999998545,BACKFILL_AUTO
2026-06-18 19:41:08,1781811668,R_10,4844.986,1,0.06700000000000728,BACKFILL_AUTO
2026-06-18 19:41:10,1781811670,R_10,4844.951,-1,0.03499999999985448,BACKFILL_AUTO
2026-06-18 19:41:12,1781811672,R_10,4844.912,-1,0.03899999999975989,BACKFILL_AUTO
2026-06-18 19:41:14,1781811674,R_10,4844.973,1,0.06099999999969441,BACKFILL_AUTO
2026-06-18 19:41:16,1781811676,R_10,4845.095,1,0.12200000000029831,BACKFILL_AUTO
2026-06-18 19:41:18,1781811678,R_10,4845.129,1,0.033999999999650754,BACKFILL_AUTO
2026-06-18 19:41:20,1781811680,R_10,4845.131,1,0.0020000000004074536,BACKFILL_AUTO
2026-06-18 19:41:22,1781811682,R_10,4845.032,-1,0.09900000000016007,BACKFILL_AUTO
2026-06-18 19:41:24,1781811684,R_10,4844.983,-1,0.04899999999997817,BACKFILL_AUTO
2026-06-18 19:41:26,1781811686,R_10,4844.913,-1,0.07000000000061846,BACKFILL_AUTO
2026-06-18 19:41:28,1781811688,R_10,4844.767,-1,0.1459999999997308,BACKFILL_AUTO
2026-06-18 19:41:30,1781811690,R_10,4844.665,-1,0.10199999999986176,BACKFILL_AUTO
2026-06-18 19:41:32,1781811692,R_10,4844.529,-1,0.1359999999995125,BACKFILL_AUTO
2026-06-18 19:41:34,1781811694,R_10,4844.595,1,0.06599999999980355,BACKFILL_AUTO
2026-06-18 19:41:36,1781811696,R_10,4844.675,1,0.07999999999992724,BACKFILL_AUTO
2026-06-18 19:41:38,1781811698,R_10,4844.649,-1,0.02599999999983993,BACKFILL_AUTO
2026-06-18 19:41:40,1781811700,R_10,4844.722,1,0.07299999999941065,BACKFILL_AUTO
2026-06-18 19:41:42,1781811702,R_10,4844.65,-1,0.07200000000011642,BACKFILL_AUTO
2026-06-18 19:41:44,1781811704,R_10,4844.897,1,0.24700000000029831,BACKFILL_AUTO
2026-06-18 19:41:46,1781811706,R_10,4845.033,1,0.136000000000422,BACKFILL_AUTO
2026-06-18 19:41:48,1781811708,R_10,4845.124,1,0.09099999999943975,BACKFILL_AUTO
2026-06-18 19:41:50,1781811710,R_10,4845.144,1,0.020000000000436557,BACKFILL_AUTO
2026-06-18 19:41:52,1781811712,R_10,4845.078,-1,0.06599999999980355,BACKFILL_AUTO
2026-06-18 19:41:54,1781811714,R_10,4845.046,-1,0.032000000000152795,BACKFILL_AUTO
2026-06-18 19:41:56,1781811716,R_10,4845.228,1,0.181999999999789,BACKFILL_AUTO
2026-06-18 19:41:58,1781811718,R_10,4845.267,1,0.03899999999975989,BACKFILL_AUTO
2026-06-18 19:42:00,1781811720,R_10,4845.086,-1,0.18099999999958527,BACKFILL_AUTO
2026-06-18 19:42:02,1781811722,R_10,4845.046,-1,0.03999999999996362,BACKFILL_AUTO
2026-06-18 19:42:04,1781811724,R_10,4845.076,1,0.02999999999974534,BACKFILL_AUTO
2026-06-18 19:42:06,1781811726,R_10,4844.852,-1,0.22400000000016007,BACKFILL_AUTO
2026-06-18 19:42:08,1781811728,R_10,4844.918,1,0.06599999999980355,BACKFILL_AUTO
2026-06-18 19:42:10,1781811730,R_10,4845.123,1,0.20499999999992724,BACKFILL_AUTO
2026-06-18 19:42:12,1781811732,R_10,4845.324,1,0.20100000000002183,BACKFILL_AUTO
2026-06-18 19:42:14,1781811734,R_10,4845.468,1,0.14400000000023283,BACKFILL_AUTO
2026-06-18 19:42:16,1781811736,R_10,4845.489,1,0.02099999999973079,BACKFILL_AUTO
2026-06-18 19:42:18,1781811738,R_10,4845.593,1,0.10400000000026921,BACKFILL_AUTO
2026-06-18 19:42:20,1781811740,R_10,4845.603,1,0.010000000000218279,BACKFILL_AUTO
2026-06-18 19:42:22,1781811742,R_10,4845.246,-1,0.3569999999999709,BACKFILL_AUTO
2026-06-18 19:42:24,1781811744,R_10,4845.251,1,0.005000000000109139,BACKFILL_AUTO
2026-06-18 19:42:26,1781811746,R_10,4845.14,-1,0.11099999999987631,BACKFILL_AUTO
2026-06-18 19:42:28,1781811748,R_10,4845.04,-1,0.1000000000003638,BACKFILL_AUTO
2026-06-18 19:42:30,1781811750,R_10,4845.159,1,0.11899999999968713,BACKFILL_AUTO
2026-06-18 19:42:32,1781811752,R_10,4845.251,1,0.09200000000055297,BACKFILL_AUTO
2026-06-18 19:42:34,1781811754,R_10,4845.249,-1,0.0020000000004074536,BACKFILL_AUTO
2026-06-18 19:42:36,1781811756,R_10,4845.243,-1,0.0059999999994033715,BACKFILL_AUTO
2026-06-18 19:42:38,1781811758,R_10,4845.235,-1,0.00800000000072032,BACKFILL_AUTO
2026-06-18 19:42:40,1781811760,R_10,4845.265,1,0.030000000000654836,BACKFILL_AUTO
2026-06-18 19:42:42,1781811762,R_10,4845.377,1,0.11200000000008004,BACKFILL_AUTO
2026-06-18 19:42:44,1781811764,R_10,4845.397,1,0.019999999999527063,BACKFILL_AUTO
2026-06-18 19:42:46,1781811766,R_10,4845.292,-1,0.10499999999956344,BACKFILL_AUTO
2026-06-18 19:42:48,1781811768,R_10,4845.208,-1,0.08400000000074215,BACKFILL_AUTO
2026-06-18 19:42:50,1781811770,R_10,4845.234,1,0.026000000000749424,BACKFILL_AUTO
2026-06-18 19:42:52,1781811772,R_10,4845.225,-1,0.009000000000014552,BACKFILL_AUTO
2026-06-18 19:42:54,1781811774,R_10,4845.352,1,0.12699999999949796,BACKFILL_AUTO
2026-06-18 19:42:56,1781811776,R_10,4845.412,1,0.06000000000040018,BACKFILL_AUTO
2026-06-18 19:42:58,1781811778,R_10,4845.314,-1,0.09799999999995634,BACKFILL_AUTO
2026-06-18 19:43:00,1781811780,R_10,4845.27,-1,0.04399999999986903,BACKFILL_AUTO
2026-06-18 19:43:02,1781811782,R_10,4845.302,1,0.0319999999992433,BACKFILL_AUTO
2026-06-18 19:43:04,1781811784,R_10,4845.534,1,0.2319999999999709,BACKFILL_AUTO
2026-06-18 19:43:06,1781811786,R_10,4845.588,1,0.05400000000008731,BACKFILL_AUTO
2026-06-18 19:43:08,1781811788,R_10,4845.491,-1,0.09699999999975262,BACKFILL_AUTO
2026-06-18 19:43:10,1781811790,R_10,4845.504,1,0.012999999999919964,BACKFILL_AUTO
2026-06-18 19:43:12,1781811792,R_10,4845.608,1,0.10400000000026921,BACKFILL_AUTO
2026-06-18 19:43:14,1781811794,R_10,4845.632,1,0.023999999999432475,BACKFILL_AUTO
2026-06-18 19:43:16,1781811796,R_10,4845.6,-1,0.0319999999992433,BACKFILL_AUTO
2026-06-18 19:43:18,1781811798,R_10,4845.743,1,0.1430000000000291,BACKFILL_AUTO
2026-06-18 19:43:20,1781811800,R_10,4845.602,-1,0.14100000000053114,BACKFILL_AUTO
2026-06-18 19:43:22,1781811802,R_10,4845.723,1,0.12100000000009459,BACKFILL_AUTO
2026-06-18 19:43:24,1781811804,R_10,4846.087,1,0.3640000000004875,BACKFILL_AUTO
2026-06-18 19:43:26,1781811806,R_10,4845.899,-1,0.18800000000010186,BACKFILL_AUTO
2026-06-18 19:43:28,1781811808,R_10,4845.845,-1,0.05400000000008731,BACKFILL_AUTO
2026-06-18 19:43:30,1781811810,R_10,4846.058,1,0.21299999999973807,BACKFILL_AUTO
2026-06-18 19:43:32,1781811812,R_10,4845.994,-1,0.06400000000030559,BACKFILL_AUTO
2026-06-18 19:43:34,1781811814,R_10,4846.126,1,0.1320000000005166,BACKFILL_AUTO
2026-06-18 19:43:36,1781811816,R_10,4846.359,1,0.23300000000017462,BACKFILL_AUTO
2026-06-18 19:43:38,1781811818,R_10,4846.373,1,0.013999999999214197,BACKFILL_AUTO
2026-06-18 19:43:40,1781811820,R_10,4846.366,-1,0.006999999999607098,BACKFILL_AUTO
2026-06-18 19:43:42,1781811822,R_10,4846.194,-1,0.17199999999957072,BACKFILL_AUTO
2026-06-18 19:43:44,1781811824,R_10,4846.121,-1,0.07300000000032014,BACKFILL_AUTO
2026-06-18 19:43:46,1781811826,R_10,4846.119,-1,0.0020000000004074536,BACKFILL_AUTO
2026-06-18 19:43:48,1781811828,R_10,4846.127,1,0.00800000000072032,BACKFILL_AUTO
2026-06-18 19:43:50,1781811830,R_10,4846.242,1,0.11499999999978172,BACKFILL_AUTO
2026-06-18 19:43:52,1781811832,R_10,4846.181,-1,0.061000000000603904,BACKFILL_AUTO
2026-06-18 19:43:54,1781811834,R_10,4846.15,-1,0.03099999999994907,BACKFILL_AUTO
2026-06-18 19:43:56,1781811836,R_10,4846.271,1,0.12100000000009459,BACKFILL_AUTO
2026-06-18 19:43:58,1781811838,R_10,4846.134,-1,0.13699999999971624,BACKFILL_AUTO
2026-06-18 19:44:00,1781811840,R_10,4846.186,1,0.05199999999967986,BACKFILL_AUTO
2026-06-18 19:44:02,1781811842,R_10,4846.171,-1,0.014999999999417923,BACKFILL_AUTO
2026-06-18 19:44:04,1781811844,R_10,4846.255,1,0.08399999999983265,BACKFILL_AUTO
2026-06-18 19:44:06,1781811846,R_10,4846.119,-1,0.136000000000422,BACKFILL_AUTO
2026-06-18 19:44:08,1781811848,R_10,4846.081,-1,0.03799999999955617,BACKFILL_AUTO
2026-06-18 19:44:10,1781811850,R_10,4845.866,-1,0.21500000000014552,BACKFILL_AUTO
2026-06-18 19:44:12,1781811852,R_10,4846.098,1,0.2319999999999709,BACKFILL_AUTO
2026-06-18 19:44:14,1781811854,R_10,4846.016,-1,0.0820000000003347,BACKFILL_AUTO
2026-06-18 19:44:16,1781811856,R_10,4846.0,-1,0.01599999999962165,BACKFILL_AUTO
2026-06-18 19:44:18,1781811858,R_10,4846.07,1,0.06999999999970896,BACKFILL_AUTO
2026-06-18 19:44:20,1781811860,R_10,4846.123,1,0.052999999999883585,BACKFILL_AUTO
2026-06-18 19:44:22,1781811862,R_10,4846.219,1,0.09600000000045839,BACKFILL_AUTO
2026-06-18 19:44:24,1781811864,R_10,4846.392,1,0.17299999999977445,BACKFILL_AUTO
2026-06-18 19:44:26,1781811866,R_10,4846.469,1,0.07700000000022555,BACKFILL_AUTO
2026-06-18 19:44:28,1781811868,R_10,4846.357,-1,0.11200000000008004,BACKFILL_AUTO
2026-06-18 19:44:30,1781811870,R_10,4846.339,-1,0.018000000000029104,BACKFILL_AUTO
2026-06-18 19:44:32,1781811872,R_10,4846.572,1,0.23300000000017462,BACKFILL_AUTO
2026-06-18 19:44:34,1781811874,R_10,4846.555,-1,0.016999999999825377,BACKFILL_AUTO
2026-06-18 19:44:36,1781811876,R_10,4846.589,1,0.033999999999650754,BACKFILL_AUTO
2026-06-18 19:44:38,1781811878,R_10,4846.723,1,0.13400000000001455,BACKFILL_AUTO
2026-06-18 19:44:40,1781811880,R_10,4846.712,-1,0.01099999999951251,BACKFILL_AUTO
2026-06-18 19:44:42,1781811882,R_10,4846.687,-1,0.025000000000545697,BACKFILL_AUTO
2026-06-18 19:44:44,1781811884,R_10,4846.614,-1,0.07300000000032014,BACKFILL_AUTO
2026-06-18 19:44:46,1781811886,R_10,4846.736,1,0.12200000000029831,BACKFILL_AUTO
2026-06-18 19:44:48,1781811888,R_10,4846.805,1,0.06900000000041473,BACKFILL_AUTO
2026-06-18 19:44:50,1781811890,R_10,4846.549,-1,0.25600000000031287,BACKFILL_AUTO
2026-06-18 19:44:52,1781811892,R_10,4846.673,1,0.12399999999979627,BACKFILL_AUTO
2026-06-18 19:44:54,1781811894,R_10,4846.439,-1,0.23399999999946886,BACKFILL_AUTO
2026-06-18 19:44:56,1781811896,R_10,4846.27,-1,0.16899999999986903,BACKFILL_AUTO
2026-06-18 19:44:58,1781811898,R_10,4846.213,-1,0.05700000000069849,BACKFILL_AUTO
2026-06-18 19:45:00,1781811900,R_10,4845.892,-1,0.3209999999999127,BACKFILL_AUTO
2026-06-18 19:45:02,1781811902,R_10,4845.776,-1,0.11599999999998545,BACKFILL_AUTO
2026-06-18 19:45:04,1781811904,R_10,4845.949,1,0.17299999999977445,BACKFILL_AUTO
2026-06-18 19:45:06,1781811906,R_10,4845.756,-1,0.1929999999993015,BACKFILL_AUTO
2026-06-18 19:45:08,1781811908,R_10,4845.564,-1,0.19200000000000728,BACKFILL_AUTO
2026-06-18 19:45:10,1781811910,R_10,4845.407,-1,0.1570000000001528,BACKFILL_AUTO
2026-06-18 19:45:12,1781811912,R_10,4845.35,-1,0.056999999999789,BACKFILL_AUTO
2026-06-18 19:45:14,1781811914,R_10,4845.262,-1,0.08800000000064756,BACKFILL_AUTO
2026-06-18 19:45:16,1781811916,R_10,4845.175,-1,0.08699999999953434,BACKFILL_AUTO
2026-06-18 19:45:18,1781811918,R_10,4844.943,-1,0.2319999999999709,BACKFILL_AUTO
2026-06-18 19:45:20,1781811920,R_10,4844.895,-1,0.047999999999774445,BACKFILL_AUTO
2026-06-18 19:45:22,1781811922,R_10,4844.98,1,0.08499999999912689,BACKFILL_AUTO
2026-06-18 19:45:24,1781811924,R_10,4844.846,-1,0.13400000000001455,BACKFILL_AUTO
2026-06-18 19:45:26,1781811926,R_10,4844.866,1,0.020000000000436557,BACKFILL_AUTO
2026-06-18 19:45:28,1781811928,R_10,4844.835,-1,0.03099999999994907,BACKFILL_AUTO
2026-06-18 19:45:30,1781811930,R_10,4844.83,-1,0.005000000000109139,BACKFILL_AUTO
2026-06-18 19:45:32,1781811932,R_10,4844.692,-1,0.13799999999991996,BACKFILL_AUTO
2026-06-18 19:45:34,1781811934,R_10,4844.814,1,0.12200000000029831,BACKFILL_AUTO
2026-06-18 19:45:36,1781811936,R_10,4844.962,1,0.14800000000013824,BACKFILL_AUTO
2026-06-18 19:45:38,1781811938,R_10,4845.066,1,0.10399999999935972,BACKFILL_AUTO
2026-06-18 19:45:40,1781811940,R_10,4845.133,1,0.06700000000000728,BACKFILL_AUTO
2026-06-18 19:45:42,1781811942,R_10,4844.941,-1,0.19200000000000728,BACKFILL_AUTO
2026-06-18 19:45:44,1781811944,R_10,4844.747,-1,0.19399999999950523,BACKFILL_AUTO
2026-06-18 19:45:46,1781811946,R_10,4844.618,-1,0.1289999999999054,BACKFILL_AUTO
2026-06-18 19:45:48,1781811948,R_10,4844.815,1,0.19699999999920692,BACKFILL_AUTO
2026-06-18 19:45:50,1781811950,R_10,4844.86,1,0.04500000000007276,BACKFILL_AUTO
2026-06-18 19:45:52,1781811952,R_10,4844.868,1,0.00800000000072032,BACKFILL_AUTO
2026-06-18 19:45:54,1781811954,R_10,4844.841,-1,0.027000000000043656,BACKFILL_AUTO
2026-06-18 19:45:56,1781811956,R_10,4844.881,1,0.03999999999996362,BACKFILL_AUTO
2026-06-18 19:45:58,1781811958,R_10,4844.774,-1,0.1069999999999709,BACKFILL_AUTO
2026-06-18 19:46:00,1781811960,R_10,4844.903,1,0.1289999999999054,BACKFILL_AUTO
2026-06-18 19:46:02,1781811962,R_10,4844.916,1,0.012999999999919964,BACKFILL_AUTO
2026-06-18 19:46:04,1781811964,R_10,4844.909,-1,0.007000000000516593,BACKFILL_AUTO
2026-06-18 19:46:06,1781811966,R_10,4844.854,-1,0.054999999999381544,BACKFILL_AUTO
2026-06-18 19:46:08,1781811968,R_10,4844.878,1,0.023999999999432475,BACKFILL_AUTO
2026-06-18 19:46:10,1781811970,R_10,4845.027,1,0.14900000000034197,BACKFILL_AUTO
2026-06-18 19:46:12,1781811972,R_10,4844.875,-1,0.15200000000004366,BACKFILL_AUTO
2026-06-18 19:46:14,1781811974,R_10,4845.253,1,0.3779999999997017,BACKFILL_AUTO
2026-06-18 19:46:16,1781811976,R_10,4845.117,-1,0.1359999999995125,BACKFILL_AUTO
2026-06-18 19:46:18,1781811978,R_10,4845.084,-1,0.03300000000035652,BACKFILL_AUTO
2026-06-18 19:46:20,1781811980,R_10,4845.087,1,0.0030000000006111804,BACKFILL_AUTO
2026-06-18 19:46:22,1781811982,R_10,4845.013,-1,0.07400000000052387,BACKFILL_AUTO
2026-06-18 19:46:24,1781811984,R_10,4845.158,1,0.14500000000043656,BACKFILL_AUTO
2026-06-18 19:46:26,1781811986,R_10,4845.093,-1,0.06500000000050932,BACKFILL_AUTO
2026-06-18 19:46:28,1781811988,R_10,4845.134,1,0.04100000000016735,BACKFILL_AUTO
2026-06-18 19:46:30,1781811990,R_10,4845.151,1,0.016999999999825377,BACKFILL_AUTO
2026-06-18 19:46:32,1781811992,R_10,4845.206,1,0.05500000000029104,BACKFILL_AUTO
2026-06-18 19:46:34,1781811994,R_10,4845.108,-1,0.09799999999995634,BACKFILL_AUTO
2026-06-18 19:46:36,1781811996,R_10,4844.979,-1,0.1289999999999054,BACKFILL_AUTO
2026-06-18 19:46:38,1781811998,R_10,4844.99,1,0.01099999999951251,BACKFILL_AUTO
2026-06-18 19:46:40,1781812000,R_10,4844.913,-1,0.07700000000022555,BACKFILL_AUTO
2026-06-18 19:46:42,1781812002,R_10,4844.779,-1,0.13399999999910506,BACKFILL_AUTO
2026-06-18 19:46:44,1781812004,R_10,4844.765,-1,0.014000000000123691,BACKFILL_AUTO
2026-06-18 19:46:46,1781812006,R_10,4844.738,-1,0.027000000000043656,BACKFILL_AUTO
2026-06-18 19:46:48,1781812008,R_10,4844.68,-1,0.057999999999992724,BACKFILL_AUTO
2026-06-18 19:46:50,1781812010,R_10,4844.588,-1,0.09200000000055297,BACKFILL_AUTO
2026-06-18 19:46:52,1781812012,R_10,4844.404,-1,0.18399999999928696,BACKFILL_AUTO
2026-06-18 19:46:54,1781812014,R_10,4844.448,1,0.04399999999986903,BACKFILL_AUTO
2026-06-18 19:46:56,1781812016,R_10,4844.518,1,0.06999999999970896,BACKFILL_AUTO
2026-06-18 19:46:58,1781812018,R_10,4844.642,1,0.12399999999979627,BACKFILL_AUTO
2026-06-18 19:47:00,1781812020,R_10,4844.824,1,0.181999999999789,BACKFILL_AUTO
2026-06-18 19:47:02,1781812022,R_10,4844.695,-1,0.1289999999999054,BACKFILL_AUTO
2026-06-18 19:47:04,1781812024,R_10,4844.624,-1,0.07099999999991269,BACKFILL_AUTO
2026-06-18 19:47:06,1781812026,R_10,4844.814,1,0.19000000000050932,BACKFILL_AUTO
2026-06-18 19:47:08,1781812028,R_10,4844.906,1,0.09199999999964348,BACKFILL_AUTO
2026-06-18 19:47:10,1781812030,R_10,4844.931,1,0.024999999999636202,BACKFILL_AUTO
2026-06-18 19:47:12,1781812032,R_10,4844.981,1,0.0500000000001819,BACKFILL_AUTO
2026-06-18 19:47:14,1781812034,R_10,4844.685,-1,0.295999999999367,BACKFILL_AUTO
2026-06-18 19:47:16,1781812036,R_10,4844.561,-1,0.12400000000070577,BACKFILL_AUTO
2026-06-18 19:47:18,1781812038,R_10,4844.541,-1,0.019999999999527063,BACKFILL_AUTO
2026-06-18 19:47:20,1781812040,R_10,4844.301,-1,0.23999999999978172,BACKFILL_AUTO
2026-06-18 19:47:22,1781812042,R_10,4844.446,1,0.14499999999952706,BACKFILL_AUTO
2026-06-18 19:47:24,1781812044,R_10,4844.49,1,0.04399999999986903,BACKFILL_AUTO
2026-06-18 19:47:26,1781812046,R_10,4844.58,1,0.09000000000014552,BACKFILL_AUTO
2026-06-18 19:47:28,1781812048,R_10,4844.467,-1,0.11300000000028376,BACKFILL_AUTO
2026-06-18 19:47:30,1781812050,R_10,4844.654,1,0.18700000000080763,BACKFILL_AUTO
2026-06-18 19:47:32,1781812052,R_10,4844.613,-1,0.04100000000016735,BACKFILL_AUTO
2026-06-18 19:47:34,1781812054,R_10,4844.687,1,0.07399999999961437,BACKFILL_AUTO
2026-06-18 19:47:36,1781812056,R_10,4844.35,-1,0.33699999999953434,BACKFILL_AUTO
2026-06-18 19:47:38,1781812058,R_10,4844.255,-1,0.09500000000025466,BACKFILL_AUTO
2026-06-18 19:47:40,1781812060,R_10,4844.187,-1,0.068000000000211,BACKFILL_AUTO
2026-06-18 19:47:42,1781812062,R_10,4844.222,1,0.03499999999985448,BACKFILL_AUTO
2026-06-18 19:47:44,1781812064,R_10,4844.16,-1,0.06199999999989814,BACKFILL_AUTO
2026-06-18 19:47:46,1781812066,R_10,4844.084,-1,0.07600000000002183,BACKFILL_AUTO
2026-06-18 19:47:48,1781812068,R_10,4844.354,1,0.27000000000043656,BACKFILL_AUTO
2026-06-18 19:47:50,1781812070,R_10,4844.411,1,0.056999999999789,BACKFILL_AUTO
2026-06-18 19:47:52,1781812072,R_10,4844.413,1,0.001999999999497959,BACKFILL_AUTO
2026-06-18 19:47:54,1781812074,R_10,4844.309,-1,0.10399999999935972,BACKFILL_AUTO
2026-06-18 19:47:56,1781812076,R_10,4844.343,1,0.033999999999650754,BACKFILL_AUTO
2026-06-18 19:47:58,1781812078,R_10,4844.298,-1,0.04500000000007276,BACKFILL_AUTO
2026-06-18 19:48:00,1781812080,R_10,4844.172,-1,0.12600000000020373,BACKFILL_AUTO
2026-06-18 19:48:02,1781812082,R_10,4844.217,1,0.04500000000007276,BACKFILL_AUTO
2026-06-18 19:48:04,1781812084,R_10,4844.135,-1,0.0819999999994252,BACKFILL_AUTO
2026-06-18 19:48:06,1781812086,R_10,4844.19,1,0.054999999999381544,BACKFILL_AUTO
2026-06-18 19:48:08,1781812088,R_10,4844.3,1,0.11000000000058208,BACKFILL_AUTO
2026-06-18 19:48:10,1781812090,R_10,4844.437,1,0.13699999999971624,BACKFILL_AUTO
2026-06-18 19:48:12,1781812092,R_10,4844.624,1,0.18699999999989814,BACKFILL_AUTO
2026-06-18 19:48:14,1781812094,R_10,4844.678,1,0.05400000000008731,BACKFILL_AUTO
2026-06-18 19:48:16,1781812096,R_10,4844.878,1,0.1999999999998181,BACKFILL_AUTO
2026-06-18 19:48:18,1781812098,R_10,4844.688,-1,0.18999999999959982,BACKFILL_AUTO
2026-06-18 19:48:20,1781812100,R_10,4844.695,1,0.006999999999607098,BACKFILL_AUTO
2026-06-18 19:48:22,1781812102,R_10,4844.728,1,0.03300000000035652,BACKFILL_AUTO
2026-06-18 19:48:24,1781812104,R_10,4844.724,-1,0.0039999999999054126,BACKFILL_AUTO
2026-06-18 19:48:26,1781812106,R_10,4844.658,-1,0.06599999999980355,BACKFILL_AUTO
2026-06-18 19:48:28,1781812108,R_10,4844.578,-1,0.07999999999992724,BACKFILL_AUTO
2026-06-18 19:48:30,1781812110,R_10,4844.337,-1,0.24099999999998545,BACKFILL_AUTO
2026-06-18 19:48:32,1781812112,R_10,4844.271,-1,0.06600000000071304,BACKFILL_AUTO
2026-06-18 19:48:34,1781812114,R_10,4844.288,1,0.016999999999825377,BACKFILL_AUTO
2026-06-18 19:48:36,1781812116,R_10,4844.297,1,0.009000000000014552,BACKFILL_AUTO
2026-06-18 19:48:38,1781812118,R_10,4844.411,1,0.11400000000048749,BACKFILL_AUTO
2026-06-18 19:48:40,1781812120,R_10,4844.278,-1,0.13299999999981083,BACKFILL_AUTO
2026-06-18 19:48:42,1781812122,R_10,4844.093,-1,0.18500000000040018,BACKFILL_AUTO
2026-06-18 19:48:44,1781812124,R_10,4844.069,-1,0.023999999999432475,BACKFILL_AUTO
2026-06-18 19:48:46,1781812126,R_10,4844.001,-1,0.068000000000211,BACKFILL_AUTO
2026-06-18 19:48:48,1781812128,R_10,4843.774,-1,0.22699999999986176,BACKFILL_AUTO
2026-06-18 19:48:50,1781812130,R_10,4843.708,-1,0.06600000000071304,BACKFILL_AUTO
2026-06-18 19:48:52,1781812132,R_10,4843.871,1,0.16300000000046566,BACKFILL_AUTO
2026-06-18 19:48:54,1781812134,R_10,4843.798,-1,0.07300000000032014,BACKFILL_AUTO
2026-06-18 19:48:56,1781812136,R_10,4843.663,-1,0.13500000000021828,BACKFILL_AUTO
2026-06-18 19:48:58,1781812138,R_10,4843.467,-1,0.1959999999999127,BACKFILL_AUTO
2026-06-18 19:49:00,1781812140,R_10,4843.315,-1,0.15200000000004366,BACKFILL_AUTO
2026-06-18 19:49:02,1781812142,R_10,4843.45,1,0.13500000000021828,BACKFILL_AUTO
2026-06-18 19:49:04,1781812144,R_10,4843.396,-1,0.05400000000008731,BACKFILL_AUTO
2026-06-18 19:49:06,1781812146,R_10,4843.403,1,0.007000000000516593,BACKFILL_AUTO
2026-06-18 19:49:08,1781812148,R_10,4843.579,1,0.17599999999947613,BACKFILL_AUTO
2026-06-18 19:49:10,1781812150,R_10,4843.553,-1,0.02599999999983993,BACKFILL_AUTO
2026-06-18 19:49:12,1781812152,R_10,4843.557,1,0.0039999999999054126,BACKFILL_AUTO
2026-06-18 19:49:14,1781812154,R_10,4843.59,1,0.03300000000035652,BACKFILL_AUTO
2026-06-18 19:49:16,1781812156,R_10,4843.585,-1,0.005000000000109139,BACKFILL_AUTO
2026-06-18 19:49:18,1781812158,R_10,4843.609,1,0.02400000000034197,BACKFILL_AUTO
2026-06-18 19:49:20,1781812160,R_10,4843.586,-1,0.023000000000138243,BACKFILL_AUTO
2026-06-18 19:49:22,1781812162,R_10,4843.613,1,0.027000000000043656,BACKFILL_AUTO
2026-06-18 19:49:24,1781812164,R_10,4843.793,1,0.17999999999938154,BACKFILL_AUTO
2026-06-18 19:49:26,1781812166,R_10,4844.001,1,0.20800000000053842,BACKFILL_AUTO
2026-06-18 19:49:28,1781812168,R_10,4843.856,-1,0.14500000000043656,BACKFILL_AUTO
2026-06-18 19:49:30,1781812170,R_10,4843.94,1,0.08399999999983265,BACKFILL_AUTO
2026-06-18 19:49:32,1781812172,R_10,4844.082,1,0.14200000000073487,BACKFILL_AUTO
2026-06-18 19:49:34,1781812174,R_10,4843.97,-1,0.11200000000008004,BACKFILL_AUTO
2026-06-18 19:49:36,1781812176,R_10,4844.052,1,0.0819999999994252,BACKFILL_AUTO
2026-06-18 19:49:38,1781812178,R_10,4843.865,-1,0.18699999999989814,BACKFILL_AUTO
2026-06-18 19:49:40,1781812180,R_10,4843.916,1,0.051000000000385626,BACKFILL_AUTO
2026-06-18 19:49:42,1781812182,R_10,4843.788,-1,0.12800000000061118,BACKFILL_AUTO
2026-06-18 19:49:44,1781812184,R_10,4843.79,1,0.0020000000004074536,BACKFILL_AUTO
2026-06-18 19:49:46,1781812186,R_10,4843.75,-1,0.03999999999996362,BACKFILL_AUTO
2026-06-18 19:49:48,1781812188,R_10,4843.724,-1,0.02599999999983993,BACKFILL_AUTO
2026-06-18 19:49:50,1781812190,R_10,4843.594,-1,0.13000000000010914,BACKFILL_AUTO
2026-06-18 19:49:52,1781812192,R_10,4843.319,-1,0.2749999999996362,BACKFILL_AUTO
2026-06-18 19:49:54,1781812194,R_10,4843.074,-1,0.24500000000080036,BACKFILL_AUTO
2026-06-18 19:49:56,1781812196,R_10,4843.01,-1,0.0639999999993961,BACKFILL_AUTO
2026-06-18 19:49:58,1781812198,R_10,4843.041,1,0.03099999999994907,BACKFILL_AUTO
2026-06-18 19:50:00,1781812200,R_10,4843.017,-1,0.02400000000034197,BACKFILL_AUTO
2026-06-18 19:50:02,1781812202,R_10,4843.172,1,0.15499999999974534,BACKFILL_AUTO
2026-06-18 19:50:04,1781812204,R_10,4843.04,-1,0.1319999999996071,BACKFILL_AUTO
2026-06-18 19:50:06,1781812206,R_10,4842.958,-1,0.0820000000003347,BACKFILL_AUTO
2026-06-18 19:50:08,1781812208,R_10,4842.841,-1,0.11699999999927968,BACKFILL_AUTO
2026-06-18 19:50:10,1781812210,R_10,4843.034,1,0.1929999999993015,BACKFILL_AUTO
2026-06-18 19:50:12,1781812212,R_10,4842.951,-1,0.08299999999962893,BACKFILL_AUTO
2026-06-18 19:50:14,1781812214,R_10,4843.009,1,0.057999999999992724,BACKFILL_AUTO
2026-06-18 19:50:16,1781812216,R_10,4842.913,-1,0.09600000000045839,BACKFILL_AUTO
2026-06-18 19:50:18,1781812218,R_10,4842.782,-1,0.13099999999940337,BACKFILL_AUTO
2026-06-18 19:50:20,1781812220,R_10,4842.933,1,0.15099999999983993,BACKFILL_AUTO
2026-06-18 19:50:22,1781812222,R_10,4842.872,-1,0.06099999999969441,BACKFILL_AUTO
2026-06-18 19:50:24,1781812224,R_10,4843.007,1,0.13499999999930878,BACKFILL_AUTO
2026-06-18 19:50:26,1781812226,R_10,4842.954,-1,0.052999999999883585,BACKFILL_AUTO
2026-06-18 19:50:28,1781812228,R_10,4842.976,1,0.021999999999934516,BACKFILL_AUTO
2026-06-18 19:50:30,1781812230,R_10,4843.082,1,0.10600000000067666,BACKFILL_AUTO
2026-06-18 19:50:32,1781812232,R_10,4843.097,1,0.014999999999417923,BACKFILL_AUTO
2026-06-18 19:50:34,1781812234,R_10,4843.196,1,0.09900000000016007,BACKFILL_AUTO
2026-06-18 19:50:36,1781812236,R_10,4843.199,1,0.0029999999997016857,BACKFILL_AUTO
2026-06-18 19:50:38,1781812238,R_10,4843.282,1,0.08300000000053842,BACKFILL_AUTO
2026-06-18 19:50:40,1781812240,R_10,4843.339,1,0.056999999999789,BACKFILL_AUTO
2026-06-18 19:50:42,1781812242,R_10,4843.399,1,0.06000000000040018,BACKFILL_AUTO
2026-06-18 19:50:44,1781812244,R_10,4843.404,1,0.005000000000109139,BACKFILL_AUTO
2026-06-18 19:50:46,1781812246,R_10,4843.302,-1,0.10200000000077125,BACKFILL_AUTO
2026-06-18 19:50:48,1781812248,R_10,4843.337,1,0.035000000000763976,BACKFILL_AUTO
2026-06-18 19:50:50,1781812250,R_10,4843.298,-1,0.03900000000066939,BACKFILL_AUTO
2026-06-18 19:50:52,1781812252,R_10,4843.265,-1,0.03299999999944703,BACKFILL_AUTO
2026-06-18 19:50:54,1781812254,R_10,4843.247,-1,0.018000000000029104,BACKFILL_AUTO
2026-06-18 19:50:56,1781812256,R_10,4843.107,-1,0.14000000000032742,BACKFILL_AUTO
2026-06-18 19:50:58,1781812258,R_10,4842.836,-1,0.2709999999997308,BACKFILL_AUTO
2026-06-18 19:51:00,1781812260,R_10,4842.736,-1,0.1000000000003638,BACKFILL_AUTO
2026-06-18 19:51:02,1781812262,R_10,4842.844,1,0.10800000000017462,BACKFILL_AUTO
2026-06-18 19:51:04,1781812264,R_10,4842.929,1,0.08500000000003638,BACKFILL_AUTO
2026-06-18 19:51:06,1781812266,R_10,4842.966,1,0.037000000000261934,BACKFILL_AUTO
2026-06-18 19:51:08,1781812268,R_10,4843.159,1,0.1929999999993015,BACKFILL_AUTO
2026-06-18 19:51:10,1781812270,R_10,4843.268,1,0.10900000000037835,BACKFILL_AUTO
2026-06-18 19:51:12,1781812272,R_10,4843.134,-1,0.13400000000001455,BACKFILL_AUTO
2026-06-18 19:51:14,1781812274,R_10,4843.021,-1,0.11300000000028376,BACKFILL_AUTO
2026-06-18 19:51:16,1781812276,R_10,4843.062,1,0.04100000000016735,BACKFILL_AUTO
2026-06-18 19:51:18,1781812278,R_10,4842.995,-1,0.06700000000000728,BACKFILL_AUTO
2026-06-18 19:51:20,1781812280,R_10,4843.045,1,0.0500000000001819,BACKFILL_AUTO
2026-06-18 19:51:22,1781812282,R_10,4842.89,-1,0.15499999999974534,BACKFILL_AUTO
2026-06-18 19:51:24,1781812284,R_10,4843.041,1,0.15099999999983993,BACKFILL_AUTO
2026-06-18 19:51:26,1781812286,R_10,4842.825,-1,0.21600000000034925,BACKFILL_AUTO
2026-06-18 19:51:28,1781812288,R_10,4842.704,-1,0.12100000000009459,BACKFILL_AUTO
2026-06-18 19:51:30,1781812290,R_10,4842.814,1,0.11000000000058208,BACKFILL_AUTO
2026-06-18 19:51:32,1781812292,R_10,4843.004,1,0.18999999999959982,BACKFILL_AUTO
2026-06-18 19:51:34,1781812294,R_10,4842.797,-1,0.2070000000003347,BACKFILL_AUTO
2026-06-18 19:51:36,1781812296,R_10,4842.887,1,0.09000000000014552,BACKFILL_AUTO
2026-06-18 19:51:38,1781812298,R_10,4842.996,1,0.10900000000037835,BACKFILL_AUTO
2026-06-18 19:51:40,1781812300,R_10,4842.841,-1,0.15499999999974534,BACKFILL_AUTO
2026-06-18 19:51:42,1781812302,R_10,4842.816,-1,0.025000000000545697,BACKFILL_AUTO
2026-06-18 19:51:44,1781812304,R_10,4842.805,-1,0.01099999999951251,BACKFILL_AUTO
2026-06-18 19:51:46,1781812306,R_10,4843.089,1,0.28399999999965075,BACKFILL_AUTO
2026-06-18 19:51:48,1781812308,R_10,4843.078,-1,0.01099999999951251,BACKFILL_AUTO
2026-06-18 19:51:50,1781812310,R_10,4842.987,-1,0.09100000000034925,BACKFILL_AUTO
2026-06-18 19:51:52,1781812312,R_10,4842.981,-1,0.006000000000312866,BACKFILL_AUTO
2026-06-18 19:51:54,1781812314,R_10,4843.047,1,0.06599999999980355,BACKFILL_AUTO
2026-06-18 19:51:56,1781812316,R_10,4842.981,-1,0.06599999999980355,BACKFILL_AUTO
2026-06-18 19:51:58,1781812318,R_10,4842.936,-1,0.04500000000007276,BACKFILL_AUTO
2026-06-18 19:52:00,1781812320,R_10,4842.975,1,0.03900000000066939,BACKFILL_AUTO
2026-06-18 19:52:02,1781812322,R_10,4842.935,-1,0.03999999999996362,BACKFILL_AUTO
2026-06-18 19:52:04,1781812324,R_10,4842.842,-1,0.0930000000007567,BACKFILL_AUTO
2026-06-18 19:52:06,1781812326,R_10,4842.81,-1,0.0319999999992433,BACKFILL_AUTO
2026-06-18 19:52:08,1781812328,R_10,4842.912,1,0.10199999999986176,BACKFILL_AUTO
2026-06-18 19:52:10,1781812330,R_10,4842.806,-1,0.10600000000067666,BACKFILL_AUTO
2026-06-18 19:52:12,1781812332,R_10,4842.736,-1,0.06999999999970896,BACKFILL_AUTO
2026-06-18 19:52:14,1781812334,R_10,4842.948,1,0.21200000000044383,BACKFILL_AUTO
2026-06-18 19:52:16,1781812336,R_10,4842.832,-1,0.11599999999998545,BACKFILL_AUTO
2026-06-18 19:52:18,1781812338,R_10,4842.758,-1,0.07400000000052387,BACKFILL_AUTO
2026-06-18 19:52:20,1781812340,R_10,4842.822,1,0.06400000000030559,BACKFILL_AUTO
2026-06-18 19:52:22,1781812342,R_10,4843.028,1,0.20600000000013097,BACKFILL_AUTO
2026-06-18 19:52:24,1781812344,R_10,4842.843,-1,0.18500000000040018,BACKFILL_AUTO
2026-06-18 19:52:26,1781812346,R_10,4842.752,-1,0.09099999999943975,BACKFILL_AUTO
2026-06-18 19:52:28,1781812348,R_10,4842.873,1,0.12099999999918509,BACKFILL_AUTO
2026-06-18 19:52:30,1781812350,R_10,4842.982,1,0.10900000000037835,BACKFILL_AUTO
2026-06-18 19:52:32,1781812352,R_10,4843.003,1,0.02099999999973079,BACKFILL_AUTO
2026-06-18 19:52:34,1781812354,R_10,4842.915,-1,0.08799999999973807,BACKFILL_AUTO
2026-06-18 19:52:36,1781812356,R_10,4842.74,-1,0.1750000000001819,BACKFILL_AUTO
2026-06-18 19:52:38,1781812358,R_10,4842.77,1,0.030000000000654836,BACKFILL_AUTO
2026-06-18 19:52:40,1781812360,R_10,4842.6,-1,0.17000000000007276,BACKFILL_AUTO
2026-06-18 19:52:42,1781812362,R_10,4842.579,-1,0.021000000000640284,BACKFILL_AUTO
2026-06-18 19:52:44,1781812364,R_10,4842.195,-1,0.38400000000001455,BACKFILL_AUTO
2026-06-18 19:52:46,1781812366,R_10,4842.354,1,0.15900000000056025,BACKFILL_AUTO
2026-06-18 19:52:48,1781812368,R_10,4842.226,-1,0.12800000000061118,BACKFILL_AUTO
2026-06-18 19:52:50,1781812370,R_10,4842.115,-1,0.11099999999987631,BACKFILL_AUTO
2026-06-18 19:52:52,1781812372,R_10,4841.853,-1,0.26199999999971624,BACKFILL_AUTO
2026-06-18 19:52:54,1781812374,R_10,4841.747,-1,0.10599999999976717,BACKFILL_AUTO
2026-06-18 19:52:56,1781812376,R_10,4841.699,-1,0.04800000000068394,BACKFILL_AUTO
2026-06-18 19:52:58,1781812378,R_10,4841.907,1,0.20800000000053842,BACKFILL_AUTO
2026-06-18 19:53:00,1781812380,R_10,4841.879,-1,0.028000000000247383,BACKFILL_AUTO
2026-06-18 19:53:02,1781812382,R_10,4841.85,-1,0.028999999999541615,BACKFILL_AUTO
2026-06-18 19:53:04,1781812384,R_10,4841.901,1,0.05099999999947613,BACKFILL_AUTO
2026-06-18 19:53:06,1781812386,R_10,4842.118,1,0.21700000000055297,BACKFILL_AUTO
2026-06-18 19:53:08,1781812388,R_10,4842.139,1,0.02099999999973079,BACKFILL_AUTO
2026-06-18 19:53:10,1781812390,R_10,4842.011,-1,0.12799999999970169,BACKFILL_AUTO
2026-06-18 19:53:12,1781812392,R_10,4842.074,1,0.06299999999919237,BACKFILL_AUTO
2026-06-18 19:53:14,1781812394,R_10,4841.919,-1,0.15499999999974534,BACKFILL_AUTO
2026-06-18 19:53:16,1781812396,R_10,4841.649,-1,0.26999999999952706,BACKFILL_AUTO
2026-06-18 19:53:18,1781812398,R_10,4841.669,1,0.019999999999527063,BACKFILL_AUTO
2026-06-18 19:53:20,1781812400,R_10,4841.754,1,0.08500000000003638,BACKFILL_AUTO
2026-06-18 19:53:22,1781812402,R_10,4841.616,-1,0.13799999999991996,BACKFILL_AUTO
2026-06-18 19:53:24,1781812404,R_10,4841.502,-1,0.113999999999578,BACKFILL_AUTO
2026-06-18 19:53:26,1781812406,R_10,4841.329,-1,0.17300000000068394,BACKFILL_AUTO
2026-06-18 19:53:28,1781812408,R_10,4841.329,0,0.0,BACKFILL_AUTO
2026-06-18 19:53:30,1781812410,R_10,4841.242,-1,0.08699999999953434,BACKFILL_AUTO
2026-06-18 19:53:32,1781812412,R_10,4841.187,-1,0.05500000000029104,BACKFILL_AUTO
2026-06-18 19:53:34,1781812414,R_10,4841.137,-1,0.0500000000001819,BACKFILL_AUTO
2026-06-18 19:53:36,1781812416,R_10,4841.234,1,0.09700000000066211,BACKFILL_AUTO
2026-06-18 19:53:38,1781812418,R_10,4841.129,-1,0.10500000000047294,BACKFILL_AUTO
2026-06-18 19:53:40,1781812420,R_10,4841.158,1,0.02900000000045111,BACKFILL_AUTO
2026-06-18 19:53:42,1781812422,R_10,4841.364,1,0.20599999999922147,BACKFILL_AUTO
2026-06-18 19:53:44,1781812424,R_10,4841.355,-1,0.009000000000014552,BACKFILL_AUTO
2026-06-18 19:53:46,1781812426,R_10,4841.276,-1,0.07899999999972351,BACKFILL_AUTO
2026-06-18 19:53:48,1781812428,R_10,4841.146,-1,0.13000000000010914,BACKFILL_AUTO
2026-06-18 19:53:50,1781812430,R_10,4840.961,-1,0.18499999999949068,BACKFILL_AUTO
2026-06-18 19:53:52,1781812432,R_10,4840.862,-1,0.09900000000016007,BACKFILL_AUTO
2026-06-18 19:53:54,1781812434,R_10,4841.105,1,0.2429999999994834,BACKFILL_AUTO
2026-06-18 19:53:56,1781812436,R_10,4841.244,1,0.1390000000001237,BACKFILL_AUTO
2026-06-18 19:53:58,1781812438,R_10,4841.327,1,0.08300000000053842,BACKFILL_AUTO
2026-06-18 19:54:00,1781812440,R_10,4841.599,1,0.2719999999999345,BACKFILL_AUTO
2026-06-18 19:54:02,1781812442,R_10,4841.569,-1,0.02999999999974534,BACKFILL_AUTO
2026-06-18 19:54:04,1781812444,R_10,4841.609,1,0.03999999999996362,BACKFILL_AUTO
2026-06-18 19:54:06,1781812446,R_10,4841.565,-1,0.04400000000077853,BACKFILL_AUTO
2026-06-18 19:54:08,1781812448,R_10,4841.496,-1,0.06899999999950523,BACKFILL_AUTO
2026-06-18 19:54:10,1781812450,R_10,4841.472,-1,0.02400000000034197,BACKFILL_AUTO
2026-06-18 19:54:12,1781812452,R_10,4841.624,1,0.15200000000004366,BACKFILL_AUTO
2026-06-18 19:54:14,1781812454,R_10,4841.69,1,0.06599999999980355,BACKFILL_AUTO
2026-06-18 19:54:16,1781812456,R_10,4841.76,1,0.07000000000061846,BACKFILL_AUTO
2026-06-18 19:54:18,1781812458,R_10,4841.55,-1,0.21000000000003638,BACKFILL_AUTO
2026-06-18 19:54:20,1781812460,R_10,4841.417,-1,0.13299999999981083,BACKFILL_AUTO
2026-06-18 19:54:22,1781812462,R_10,4841.488,1,0.07099999999991269,BACKFILL_AUTO
2026-06-18 19:54:24,1781812464,R_10,4841.397,-1,0.09100000000034925,BACKFILL_AUTO
2026-06-18 19:54:26,1781812466,R_10,4841.536,1,0.1390000000001237,BACKFILL_AUTO
2026-06-18 19:54:28,1781812468,R_10,4841.479,-1,0.056999999999789,BACKFILL_AUTO
2026-06-18 19:54:30,1781812470,R_10,4841.399,-1,0.07999999999992724,BACKFILL_AUTO
2026-06-18 19:54:32,1781812472,R_10,4841.237,-1,0.16200000000026193,BACKFILL_AUTO
2026-06-18 19:54:34,1781812474,R_10,4841.23,-1,0.007000000000516593,BACKFILL_AUTO
2026-06-18 19:54:36,1781812476,R_10,4841.281,1,0.051000000000385626,BACKFILL_AUTO
2026-06-18 19:54:38,1781812478,R_10,4841.323,1,0.042000000000371074,BACKFILL_AUTO
2026-06-18 19:54:40,1781812480,R_10,4841.365,1,0.04199999999946158,BACKFILL_AUTO
2026-06-18 19:54:42,1781812482,R_10,4841.24,-1,0.125,BACKFILL_AUTO
2026-06-18 19:54:44,1781812484,R_10,4841.395,1,0.15500000000065484,BACKFILL_AUTO
2026-06-18 19:54:46,1781812486,R_10,4841.263,-1,0.1320000000005166,BACKFILL_AUTO
2026-06-18 19:54:48,1781812488,R_10,4841.374,1,0.11099999999987631,BACKFILL_AUTO
2026-06-18 19:54:50,1781812490,R_10,4841.505,1,0.13100000000031287,BACKFILL_AUTO
2026-06-18 19:54:52,1781812492,R_10,4841.33,-1,0.1750000000001819,BACKFILL_AUTO
2026-06-18 19:54:54,1781812494,R_10,4841.221,-1,0.10900000000037835,BACKFILL_AUTO
2026-06-18 19:54:56,1781812496,R_10,4841.228,1,0.007000000000516593,BACKFILL_AUTO
2026-06-18 19:54:58,1781812498,R_10,4841.217,-1,0.011000000000422006,BACKFILL_AUTO
2026-06-18 19:55:00,1781812500,R_10,4841.232,1,0.015000000000327418,BACKFILL_AUTO
2026-06-18 19:55:02,1781812502,R_10,4841.259,1,0.027000000000043656,BACKFILL_AUTO
2026-06-18 19:55:04,1781812504,R_10,4841.141,-1,0.1180000000003929,BACKFILL_AUTO
2026-06-18 19:55:06,1781812506,R_10,4840.893,-1,0.24799999999959255,BACKFILL_AUTO
2026-06-18 19:55:08,1781812508,R_10,4840.923,1,0.02999999999974534,BACKFILL_AUTO
2026-06-18 19:55:10,1781812510,R_10,4840.944,1,0.021000000000640284,BACKFILL_AUTO
2026-06-18 19:55:12,1781812512,R_10,4840.739,-1,0.20500000000083674,BACKFILL_AUTO
2026-06-18 19:55:14,1781812514,R_10,4840.696,-1,0.042999999999665306,BACKFILL_AUTO
2026-06-18 19:55:16,1781812516,R_10,4840.654,-1,0.04199999999946158,BACKFILL_AUTO
2026-06-18 19:55:18,1781812518,R_10,4840.728,1,0.07399999999961437,BACKFILL_AUTO
2026-06-18 19:55:20,1781812520,R_10,4840.49,-1,0.23800000000028376,BACKFILL_AUTO
2026-06-18 19:55:22,1781812522,R_10,4840.493,1,0.0030000000006111804,BACKFILL_AUTO
2026-06-18 19:55:24,1781812524,R_10,4840.573,1,0.07999999999992724,BACKFILL_AUTO
2026-06-18 19:55:26,1781812526,R_10,4840.523,-1,0.0500000000001819,BACKFILL_AUTO
2026-06-18 19:55:28,1781812528,R_10,4840.405,-1,0.1180000000003929,BACKFILL_AUTO
2026-06-18 19:55:30,1781812530,R_10,4840.557,1,0.15200000000004366,BACKFILL_AUTO
2026-06-18 19:55:32,1781812532,R_10,4840.492,-1,0.06499999999959982,BACKFILL_AUTO
2026-06-18 19:55:34,1781812534,R_10,4840.512,1,0.019999999999527063,BACKFILL_AUTO
2026-06-18 19:55:36,1781812536,R_10,4840.531,1,0.01900000000023283,BACKFILL_AUTO
2026-06-18 19:55:38,1781812538,R_10,4840.22,-1,0.3109999999996944,BACKFILL_AUTO
2026-06-18 19:55:40,1781812540,R_10,4840.172,-1,0.04800000000068394,BACKFILL_AUTO
2026-06-18 19:55:42,1781812542,R_10,4840.382,1,0.21000000000003638,BACKFILL_AUTO
2026-06-18 19:55:44,1781812544,R_10,4840.365,-1,0.016999999999825377,BACKFILL_AUTO
2026-06-18 19:55:46,1781812546,R_10,4840.33,-1,0.03499999999985448,BACKFILL_AUTO
2026-06-18 19:55:48,1781812548,R_10,4840.296,-1,0.033999999999650754,BACKFILL_AUTO
2026-06-18 19:55:50,1781812550,R_10,4840.256,-1,0.03999999999996362,BACKFILL_AUTO
2026-06-18 19:55:52,1781812552,R_10,4840.127,-1,0.1289999999999054,BACKFILL_AUTO
2026-06-18 19:55:54,1781812554,R_10,4840.25,1,0.12299999999959255,BACKFILL_AUTO
2026-06-18 19:55:56,1781812556,R_10,4840.172,-1,0.07800000000042928,BACKFILL_AUTO
2026-06-18 19:55:58,1781812558,R_10,4840.085,-1,0.08699999999953434,BACKFILL_AUTO
2026-06-18 19:56:00,1781812560,R_10,4840.127,1,0.042000000000371074,BACKFILL_AUTO
2026-06-18 19:56:02,1781812562,R_10,4840.404,1,0.27700000000004366,BACKFILL_AUTO
2026-06-18 19:56:04,1781812564,R_10,4840.357,-1,0.04700000000048021,BACKFILL_AUTO
2026-06-18 19:56:06,1781812566,R_10,4840.297,-1,0.06000000000040018,BACKFILL_AUTO
2026-06-18 19:56:08,1781812568,R_10,4840.371,1,0.07400000000052387,BACKFILL_AUTO
2026-06-18 19:56:10,1781812570,R_10,4840.299,-1,0.07200000000011642,BACKFILL_AUTO
2026-06-18 19:56:12,1781812572,R_10,4840.137,-1,0.16200000000026193,BACKFILL_AUTO
2026-06-18 19:56:14,1781812574,R_10,4840.107,-1,0.02999999999974534,BACKFILL_AUTO
2026-06-18 19:56:16,1781812576,R_10,4840.161,1,0.05400000000008731,BACKFILL_AUTO
2026-06-18 19:56:18,1781812578,R_10,4840.114,-1,0.04700000000048021,BACKFILL_AUTO
2026-06-18 19:56:20,1781812580,R_10,4839.929,-1,0.18499999999949068,BACKFILL_AUTO
2026-06-18 19:56:22,1781812582,R_10,4839.838,-1,0.09100000000034925,BACKFILL_AUTO
2026-06-18 19:56:24,1781812584,R_10,4839.783,-1,0.054999999999381544,BACKFILL_AUTO
2026-06-18 19:56:26,1781812586,R_10,4839.678,-1,0.10500000000047294,BACKFILL_AUTO
2026-06-18 19:56:28,1781812588,R_10,4839.594,-1,0.08399999999983265,BACKFILL_AUTO
2026-06-18 19:56:30,1781812590,R_10,4839.362,-1,0.2319999999999709,BACKFILL_AUTO
2026-06-18 19:56:32,1781812592,R_10,4839.45,1,0.08799999999973807,BACKFILL_AUTO
2026-06-18 19:56:34,1781812594,R_10,4839.477,1,0.027000000000043656,BACKFILL_AUTO
2026-06-18 19:56:36,1781812596,R_10,4839.423,-1,0.05400000000008731,BACKFILL_AUTO
2026-06-18 19:56:38,1781812598,R_10,4839.68,1,0.2570000000005166,BACKFILL_AUTO
2026-06-18 19:56:40,1781812600,R_10,4839.743,1,0.06300000000010186,BACKFILL_AUTO
2026-06-18 19:56:42,1781812602,R_10,4839.589,-1,0.1540000000004511,BACKFILL_AUTO
2026-06-18 19:56:44,1781812604,R_10,4839.578,-1,0.01099999999951251,BACKFILL_AUTO
2026-06-18 19:56:46,1781812606,R_10,4839.874,1,0.295999999999367,BACKFILL_AUTO
2026-06-18 19:56:48,1781812608,R_10,4839.672,-1,0.20200000000022555,BACKFILL_AUTO
2026-06-18 19:56:50,1781812610,R_10,4839.83,1,0.15800000000035652,BACKFILL_AUTO
2026-06-18 19:56:52,1781812612,R_10,4839.714,-1,0.11599999999998545,BACKFILL_AUTO
2026-06-18 19:56:54,1781812614,R_10,4839.593,-1,0.12100000000009459,BACKFILL_AUTO
2026-06-18 19:56:56,1781812616,R_10,4839.589,-1,0.0039999999999054126,BACKFILL_AUTO
2026-06-18 19:56:58,1781812618,R_10,4839.468,-1,0.12100000000009459,BACKFILL_AUTO
2026-06-18 19:57:00,1781812620,R_10,4839.483,1,0.015000000000327418,BACKFILL_AUTO
2026-06-18 19:57:02,1781812622,R_10,4839.501,1,0.018000000000029104,BACKFILL_AUTO
2026-06-18 19:57:04,1781812624,R_10,4839.365,-1,0.136000000000422,BACKFILL_AUTO
2026-06-18 19:57:06,1781812626,R_10,4839.307,-1,0.057999999999992724,BACKFILL_AUTO
2026-06-18 19:57:08,1781812628,R_10,4839.307,0,0.0,BACKFILL_AUTO
2026-06-18 19:57:10,1781812630,R_10,4839.355,1,0.047999999999774445,BACKFILL_AUTO
2026-06-18 19:57:12,1781812632,R_10,4839.496,1,0.14100000000053114,BACKFILL_AUTO
2026-06-18 19:57:14,1781812634,R_10,4839.327,-1,0.16899999999986903,BACKFILL_AUTO
2026-06-18 19:57:16,1781812636,R_10,4839.259,-1,0.068000000000211,BACKFILL_AUTO
2026-06-18 19:57:18,1781812638,R_10,4839.327,1,0.068000000000211,BACKFILL_AUTO
2026-06-18 19:57:20,1781812640,R_10,4839.468,1,0.14099999999962165,BACKFILL_AUTO
2026-06-18 19:57:22,1781812642,R_10,4839.522,1,0.05400000000008731,BACKFILL_AUTO
2026-06-18 19:57:24,1781812644,R_10,4839.465,-1,0.056999999999789,BACKFILL_AUTO
2026-06-18 19:57:26,1781812646,R_10,4839.283,-1,0.181999999999789,BACKFILL_AUTO
2026-06-18 19:57:28,1781812648,R_10,4839.161,-1,0.12200000000029831,BACKFILL_AUTO
2026-06-18 19:57:30,1781812650,R_10,4839.305,1,0.14400000000023283,BACKFILL_AUTO
2026-06-18 19:57:32,1781812652,R_10,4839.194,-1,0.11099999999987631,BACKFILL_AUTO
2026-06-18 19:57:34,1781812654,R_10,4839.31,1,0.11599999999998545,BACKFILL_AUTO
2026-06-18 19:57:36,1781812656,R_10,4839.366,1,0.05599999999958527,BACKFILL_AUTO
2026-06-18 19:57:38,1781812658,R_10,4839.357,-1,0.009000000000014552,BACKFILL_AUTO
2026-06-18 19:57:40,1781812660,R_10,4839.14,-1,0.21699999999964348,BACKFILL_AUTO
2026-06-18 19:57:42,1781812662,R_10,4839.209,1,0.06899999999950523,BACKFILL_AUTO
2026-06-18 19:57:44,1781812664,R_10,4839.211,1,0.0020000000004074536,BACKFILL_AUTO
2026-06-18 19:57:46,1781812666,R_10,4839.213,1,0.001999999999497959,BACKFILL_AUTO
2026-06-18 19:57:48,1781812668,R_10,4839.279,1,0.06600000000071304,BACKFILL_AUTO
2026-06-18 19:57:50,1781812670,R_10,4839.138,-1,0.14100000000053114,BACKFILL_AUTO
2026-06-18 19:57:52,1781812672,R_10,4839.062,-1,0.07600000000002183,BACKFILL_AUTO
2026-06-18 19:57:54,1781812674,R_10,4839.054,-1,0.007999999999810825,BACKFILL_AUTO
2026-06-18 19:57:56,1781812676,R_10,4839.124,1,0.06999999999970896,BACKFILL_AUTO
2026-06-18 19:57:58,1781812678,R_10,4839.363,1,0.2390000000004875,BACKFILL_AUTO
2026-06-18 19:58:00,1781812680,R_10,4839.247,-1,0.11599999999998545,BACKFILL_AUTO
2026-06-18 19:58:02,1781812682,R_10,4839.214,-1,0.03300000000035652,BACKFILL_AUTO
2026-06-18 19:58:04,1781812684,R_10,4839.248,1,0.033999999999650754,BACKFILL_AUTO
2026-06-18 19:58:06,1781812686,R_10,4839.414,1,0.16600000000016735,BACKFILL_AUTO
2026-06-18 19:58:08,1781812688,R_10,4839.474,1,0.06000000000040018,BACKFILL_AUTO
2026-06-18 19:58:10,1781812690,R_10,4839.527,1,0.052999999999883585,BACKFILL_AUTO
2026-06-18 19:58:12,1781812692,R_10,4839.631,1,0.10400000000026921,BACKFILL_AUTO
2026-06-18 19:58:14,1781812694,R_10,4839.797,1,0.16599999999925785,BACKFILL_AUTO
2026-06-18 19:58:16,1781812696,R_10,4839.831,1,0.03400000000056025,BACKFILL_AUTO
2026-06-18 19:58:18,1781812698,R_10,4839.851,1,0.019999999999527063,BACKFILL_AUTO
2026-06-18 19:58:20,1781812700,R_10,4839.819,-1,0.0319999999992433,BACKFILL_AUTO
2026-06-18 19:58:22,1781812702,R_10,4839.704,-1,0.11500000000069122,BACKFILL_AUTO
2026-06-18 19:58:24,1781812704,R_10,4839.503,-1,0.20100000000002183,BACKFILL_AUTO
2026-06-18 19:58:26,1781812706,R_10,4839.402,-1,0.10099999999965803,BACKFILL_AUTO
2026-06-18 19:58:28,1781812708,R_10,4839.289,-1,0.11300000000028376,BACKFILL_AUTO
2026-06-18 19:58:30,1781812710,R_10,4839.311,1,0.021999999999934516,BACKFILL_AUTO
2026-06-18 19:58:32,1781812712,R_10,4839.181,-1,0.13000000000010914,BACKFILL_AUTO
2026-06-18 19:58:34,1781812714,R_10,4838.936,-1,0.24499999999989086,BACKFILL_AUTO
2026-06-18 19:58:36,1781812716,R_10,4839.047,1,0.11099999999987631,BACKFILL_AUTO
2026-06-18 19:58:38,1781812718,R_10,4839.253,1,0.20600000000013097,BACKFILL_AUTO
2026-06-18 19:58:40,1781812720,R_10,4839.113,-1,0.13999999999941792,BACKFILL_AUTO
2026-06-18 19:58:42,1781812722,R_10,4839.081,-1,0.032000000000152795,BACKFILL_AUTO
2026-06-18 19:58:44,1781812724,R_10,4838.978,-1,0.10300000000006548,BACKFILL_AUTO
2026-06-18 19:58:46,1781812726,R_10,4839.316,1,0.33799999999973807,BACKFILL_AUTO
2026-06-18 19:58:48,1781812728,R_10,4839.116,-1,0.1999999999998181,BACKFILL_AUTO
2026-06-18 19:58:50,1781812730,R_10,4839.333,1,0.21699999999964348,BACKFILL_AUTO
2026-06-18 19:58:52,1781812732,R_10,4839.302,-1,0.03099999999994907,BACKFILL_AUTO
2026-06-18 19:58:54,1781812734,R_10,4839.254,-1,0.047999999999774445,BACKFILL_AUTO
2026-06-18 19:58:56,1781812736,R_10,4839.212,-1,0.04199999999946158,BACKFILL_AUTO
2026-06-18 19:58:58,1781812738,R_10,4839.098,-1,0.11400000000048749,BACKFILL_AUTO
2026-06-18 19:59:00,1781812740,R_10,4839.079,-1,0.01900000000023283,BACKFILL_AUTO
2026-06-18 19:59:02,1781812742,R_10,4839.089,1,0.010000000000218279,BACKFILL_AUTO
2026-06-18 19:59:04,1781812744,R_10,4839.079,-1,0.010000000000218279,BACKFILL_AUTO
2026-06-18 19:59:06,1781812746,R_10,4838.952,-1,0.12699999999949796,BACKFILL_AUTO
2026-06-18 19:59:08,1781812748,R_10,4838.939,-1,0.012999999999919964,BACKFILL_AUTO
2026-06-18 19:59:10,1781812750,R_10,4839.17,1,0.23099999999976717,BACKFILL_AUTO
2026-06-18 19:59:12,1781812752,R_10,4839.144,-1,0.02599999999983993,BACKFILL_AUTO
2026-06-18 19:59:14,1781812754,R_10,4839.144,0,0.0,BACKFILL_AUTO
2026-06-18 19:59:16,1781812756,R_10,4838.965,-1,0.1790000000000873,BACKFILL_AUTO
2026-06-18 19:59:18,1781812758,R_10,4838.886,-1,0.07899999999972351,BACKFILL_AUTO
2026-06-18 19:59:20,1781812760,R_10,4838.923,1,0.03699999999935244,BACKFILL_AUTO
2026-06-18 19:59:22,1781812762,R_10,4838.925,1,0.0020000000004074536,BACKFILL_AUTO
2026-06-18 19:59:24,1781812764,R_10,4839.02,1,0.09500000000025466,BACKFILL_AUTO
2026-06-18 19:59:26,1781812766,R_10,4839.197,1,0.17699999999967986,BACKFILL_AUTO
2026-06-18 19:59:28,1781812768,R_10,4839.052,-1,0.14500000000043656,BACKFILL_AUTO
2026-06-18 19:59:30,1781812770,R_10,4839.028,-1,0.023999999999432475,BACKFILL_AUTO
2026-06-18 19:59:32,1781812772,R_10,4839.08,1,0.05199999999967986,BACKFILL_AUTO
2026-06-18 19:59:34,1781812774,R_10,4839.213,1,0.13299999999981083,BACKFILL_AUTO
2026-06-18 19:59:36,1781812776,R_10,4839.2,-1,0.012999999999919964,BACKFILL_AUTO
2026-06-18 19:59:38,1781812778,R_10,4839.267,1,0.06700000000000728,BACKFILL_AUTO
2026-06-18 19:59:40,1781812780,R_10,4839.159,-1,0.10800000000017462,BACKFILL_AUTO
2026-06-18 19:59:42,1781812782,R_10,4839.007,-1,0.15200000000004366,BACKFILL_AUTO
2026-06-18 19:59:44,1781812784,R_10,4838.861,-1,0.1459999999997308,BACKFILL_AUTO
2026-06-18 19:59:46,1781812786,R_10,4838.839,-1,0.021999999999934516,BACKFILL_AUTO
2026-06-18 19:59:48,1781812788,R_10,4838.944,1,0.10500000000047294,BACKFILL_AUTO
2026-06-18 19:59:50,1781812790,R_10,4838.919,-1,0.025000000000545697,BACKFILL_AUTO
2026-06-18 19:59:52,1781812792,R_10,4839.037,1,0.1180000000003929,BACKFILL_AUTO
2026-06-18 19:59:54,1781812794,R_10,4839.15,1,0.11299999999937427,BACKFILL_AUTO
2026-06-18 19:59:56,1781812796,R_10,4839.14,-1,0.009999999999308784,BACKFILL_AUTO
2026-06-18 19:59:58,1781812798,R_10,4839.133,-1,0.007000000000516593,BACKFILL_AUTO
2026-06-18 20:00:00,1781812800,R_10,4839.078,-1,0.054999999999381544,BACKFILL_AUTO
2026-06-18 20:00:02,1781812802,R_10,4838.913,-1,0.16500000000087311,BACKFILL_AUTO
2026-06-18 20:00:04,1781812804,R_10,4838.934,1,0.021000000000640284,BACKFILL_AUTO
2026-06-18 20:00:06,1781812806,R_10,4838.892,-1,0.042000000000371074,BACKFILL_AUTO
2026-06-18 20:00:08,1781812808,R_10,4839.08,1,0.18800000000010186,BACKFILL_AUTO
2026-06-18 20:00:10,1781812810,R_10,4839.21,1,0.13000000000010914,BACKFILL_AUTO
2026-06-18 20:00:12,1781812812,R_10,4839.314,1,0.10400000000026921,BACKFILL_AUTO
2026-06-18 20:00:14,1781812814,R_10,4839.191,-1,0.12300000000050204,BACKFILL_AUTO
2026-06-18 20:00:16,1781812816,R_10,4839.265,1,0.07400000000052387,BACKFILL_AUTO
2026-06-18 20:00:18,1781812818,R_10,4839.064,-1,0.20100000000002183,BACKFILL_AUTO
2026-06-18 20:00:20,1781812820,R_10,4839.099,1,0.03499999999985448,BACKFILL_AUTO
2026-06-18 20:00:22,1781812822,R_10,4839.381,1,0.2820000000001528,BACKFILL_AUTO
2026-06-18 20:00:24,1781812824,R_10,4839.285,-1,0.09600000000045839,BACKFILL_AUTO
2026-06-18 20:00:26,1781812826,R_10,4839.43,1,0.14500000000043656,BACKFILL_AUTO
2026-06-18 20:00:28,1781812828,R_10,4839.426,-1,0.0039999999999054126,BACKFILL_AUTO
2026-06-18 20:00:30,1781812830,R_10,4839.457,1,0.03099999999994907,BACKFILL_AUTO
2026-06-18 20:00:32,1781812832,R_10,4839.116,-1,0.34100000000034925,BACKFILL_AUTO
2026-06-18 20:00:34,1781812834,R_10,4839.01,-1,0.10599999999976717,BACKFILL_AUTO
2026-06-18 20:00:36,1781812836,R_10,4839.017,1,0.006999999999607098,BACKFILL_AUTO
2026-06-18 20:00:38,1781812838,R_10,4839.025,1,0.007999999999810825,BACKFILL_AUTO
2026-06-18 20:00:40,1781812840,R_10,4838.916,-1,0.10899999999946886,BACKFILL_AUTO
2026-06-18 20:00:42,1781812842,R_10,4838.754,-1,0.16200000000026193,BACKFILL_AUTO
2026-06-18 20:00:44,1781812844,R_10,4838.82,1,0.06599999999980355,BACKFILL_AUTO
2026-06-18 20:00:46,1781812846,R_10,4838.75,-1,0.06999999999970896,BACKFILL_AUTO
2026-06-18 20:00:48,1781812848,R_10,4838.903,1,0.15300000000024738,BACKFILL_AUTO
2026-06-18 20:00:50,1781812850,R_10,4838.864,-1,0.03900000000066939,BACKFILL_AUTO
2026-06-18 20:00:52,1781812852,R_10,4838.998,1,0.13400000000001455,BACKFILL_AUTO
2026-06-18 20:00:54,1781812854,R_10,4839.136,1,0.13800000000082946,BACKFILL_AUTO
2026-06-18 20:00:56,1781812856,R_10,4839.227,1,0.09099999999943975,BACKFILL_AUTO
2026-06-18 20:00:58,1781812858,R_10,4839.121,-1,0.10599999999976717,BACKFILL_AUTO
2026-06-18 20:01:00,1781812860,R_10,4839.082,-1,0.03899999999975989,BACKFILL_AUTO
2026-06-18 20:01:02,1781812862,R_10,4838.914,-1,0.1680000000005748,BACKFILL_AUTO
2026-06-18 20:01:04,1781812864,R_10,4838.791,-1,0.12299999999959255,BACKFILL_AUTO
2026-06-18 20:01:06,1781812866,R_10,4838.741,-1,0.0500000000001819,BACKFILL_AUTO
2026-06-18 20:01:08,1781812868,R_10,4838.773,1,0.032000000000152795,BACKFILL_AUTO
2026-06-18 20:01:10,1781812870,R_10,4838.793,1,0.019999999999527063,BACKFILL_AUTO
2026-06-18 20:01:12,1781812872,R_10,4838.478,-1,0.3149999999995998,BACKFILL_AUTO
2026-06-18 20:01:14,1781812874,R_10,4838.619,1,0.14099999999962165,BACKFILL_AUTO
2026-06-18 20:01:16,1781812876,R_10,4838.63,1,0.011000000000422006,BACKFILL_AUTO
2026-06-18 20:01:18,1781812878,R_10,4838.534,-1,0.09600000000045839,BACKFILL_AUTO
2026-06-18 20:01:20,1781812880,R_10,4838.306,-1,0.22800000000006548,BACKFILL_AUTO
2026-06-18 20:01:22,1781812882,R_10,4838.503,1,0.19700000000011642,BACKFILL_AUTO
2026-06-18 20:01:24,1781812884,R_10,4838.588,1,0.08500000000003638,BACKFILL_AUTO
2026-06-18 20:01:26,1781812886,R_10,4838.852,1,0.2640000000001237,BACKFILL_AUTO
2026-06-18 20:01:28,1781812888,R_10,4838.81,-1,0.04199999999946158,BACKFILL_AUTO
2026-06-18 20:01:30,1781812890,R_10,4838.675,-1,0.13500000000021828,BACKFILL_AUTO
2026-06-18 20:01:32,1781812892,R_10,4838.661,-1,0.014000000000123691,BACKFILL_AUTO
2026-06-18 20:01:34,1781812894,R_10,4838.738,1,0.07700000000022555,BACKFILL_AUTO
2026-06-18 20:01:36,1781812896,R_10,4838.764,1,0.02599999999983993,BACKFILL_AUTO
2026-06-18 20:01:38,1781812898,R_10,4838.469,-1,0.29500000000007276,BACKFILL_AUTO
2026-06-18 20:01:40,1781812900,R_10,4838.495,1,0.02599999999983993,BACKFILL_AUTO
2026-06-18 20:01:42,1781812902,R_10,4838.303,-1,0.19200000000000728,BACKFILL_AUTO
2026-06-18 20:01:44,1781812904,R_10,4838.265,-1,0.03799999999955617,BACKFILL_AUTO
2026-06-18 20:01:46,1781812906,R_10,4838.245,-1,0.020000000000436557,BACKFILL_AUTO
2026-06-18 20:01:48,1781812908,R_10,4838.179,-1,0.06599999999980355,BACKFILL_AUTO
2026-06-18 20:01:50,1781812910,R_10,4838.237,1,0.057999999999992724,BACKFILL_AUTO
2026-06-18 20:01:52,1781812912,R_10,4838.322,1,0.08500000000003638,BACKFILL_AUTO
2026-06-18 20:01:54,1781812914,R_10,4838.295,-1,0.027000000000043656,BACKFILL_AUTO
2026-06-18 20:01:56,1781812916,R_10,4838.301,1,0.006000000000312866,BACKFILL_AUTO
2026-06-18 20:01:58,1781812918,R_10,4838.393,1,0.09199999999964348,BACKFILL_AUTO
2026-06-18 20:02:00,1781812920,R_10,4838.459,1,0.06599999999980355,BACKFILL_AUTO
2026-06-18 20:02:02,1781812922,R_10,4838.543,1,0.08399999999983265,BACKFILL_AUTO
2026-06-18 20:02:04,1781812924,R_10,4838.453,-1,0.08999999999923602,BACKFILL_AUTO
2026-06-18 20:02:06,1781812926,R_10,4838.398,-1,0.05500000000029104,BACKFILL_AUTO
2026-06-18 20:02:08,1781812928,R_10,4838.304,-1,0.09400000000005093,BACKFILL_AUTO
2026-06-18 20:02:10,1781812930,R_10,4838.173,-1,0.13100000000031287,BACKFILL_AUTO
2026-06-18 20:02:12,1781812932,R_10,4838.046,-1,0.12699999999949796,BACKFILL_AUTO
2026-06-18 20:02:14,1781812934,R_10,4837.933,-1,0.11300000000028376,BACKFILL_AUTO
2026-06-18 20:02:16,1781812936,R_10,4838.027,1,0.09400000000005093,BACKFILL_AUTO
2026-06-18 20:02:18,1781812938,R_10,4838.253,1,0.22599999999965803,BACKFILL_AUTO
2026-06-18 20:02:20,1781812940,R_10,4837.961,-1,0.2919999999994616,BACKFILL_AUTO
2026-06-18 20:02:22,1781812942,R_10,4838.128,1,0.16699999999946158,BACKFILL_AUTO
2026-06-18 20:02:24,1781812944,R_10,4838.136,1,0.00800000000072032,BACKFILL_AUTO
2026-06-18 20:02:26,1781812946,R_10,4838.367,1,0.23099999999976717,BACKFILL_AUTO
2026-06-18 20:02:28,1781812948,R_10,4838.521,1,0.15399999999954161,BACKFILL_AUTO
2026-06-18 20:02:30,1781812950,R_10,4838.617,1,0.09600000000045839,BACKFILL_AUTO
2026-06-18 20:02:32,1781812952,R_10,4838.626,1,0.009000000000014552,BACKFILL_AUTO
2026-06-18 20:02:34,1781812954,R_10,4838.634,1,0.007999999999810825,BACKFILL_AUTO
2026-06-18 20:02:36,1781812956,R_10,4838.619,-1,0.015000000000327418,BACKFILL_AUTO
2026-06-18 20:02:38,1781812958,R_10,4838.66,1,0.04100000000016735,BACKFILL_AUTO
2026-06-18 20:02:40,1781812960,R_10,4838.696,1,0.03600000000005821,BACKFILL_AUTO
2026-06-18 20:02:42,1781812962,R_10,4838.883,1,0.18699999999989814,BACKFILL_AUTO
2026-06-18 20:02:44,1781812964,R_10,4838.696,-1,0.18699999999989814,BACKFILL_AUTO
2026-06-18 20:02:46,1781812966,R_10,4838.654,-1,0.04199999999946158,BACKFILL_AUTO
2026-06-18 20:02:48,1781812968,R_10,4838.609,-1,0.04500000000007276,BACKFILL_AUTO
2026-06-18 20:02:50,1781812970,R_10,4838.718,1,0.10899999999946886,BACKFILL_AUTO
2026-06-18 20:02:52,1781812972,R_10,4838.584,-1,0.13400000000001455,BACKFILL_AUTO
2026-06-18 20:02:54,1781812974,R_10,4838.684,1,0.1000000000003638,BACKFILL_AUTO
2026-06-18 20:02:56,1781812976,R_10,4838.814,1,0.13000000000010914,BACKFILL_AUTO
2026-06-18 20:02:58,1781812978,R_10,4838.794,-1,0.020000000000436557,BACKFILL_AUTO
2026-06-18 20:03:00,1781812980,R_10,4838.895,1,0.10100000000056752,BACKFILL_AUTO
2026-06-18 20:03:02,1781812982,R_10,4839.178,1,0.282999999999447,BACKFILL_AUTO
2026-06-18 20:03:04,1781812984,R_10,4839.161,-1,0.016999999999825377,BACKFILL_AUTO
2026-06-18 20:03:06,1781812986,R_10,4839.301,1,0.14000000000032742,BACKFILL_AUTO
2026-06-18 20:03:08,1781812988,R_10,4839.105,-1,0.19600000000082218,BACKFILL_AUTO
2026-06-18 20:03:10,1781812990,R_10,4839.151,1,0.046000000000276486,BACKFILL_AUTO
2026-06-18 20:03:12,1781812992,R_10,4839.302,1,0.15099999999983993,BACKFILL_AUTO
2026-06-18 20:03:14,1781812994,R_10,4839.281,-1,0.02099999999973079,BACKFILL_AUTO
2026-06-18 20:03:16,1781812996,R_10,4839.269,-1,0.011999999999716238,BACKFILL_AUTO
2026-06-18 20:03:18,1781812998,R_10,4839.264,-1,0.005000000000109139,BACKFILL_AUTO
2026-06-18 20:03:20,1781813000,R_10,4839.439,1,0.1750000000001819,BACKFILL_AUTO
2026-06-18 20:03:22,1781813002,R_10,4839.298,-1,0.14100000000053114,BACKFILL_AUTO
2026-06-18 20:03:24,1781813004,R_10,4839.2,-1,0.09799999999995634,BACKFILL_AUTO
2026-06-18 20:03:26,1781813006,R_10,4839.189,-1,0.01099999999951251,BACKFILL_AUTO
2026-06-18 20:03:28,1781813008,R_10,4839.122,-1,0.06700000000000728,BACKFILL_AUTO
2026-06-18 20:03:30,1781813010,R_10,4839.201,1,0.07899999999972351,BACKFILL_AUTO
2026-06-18 20:03:32,1781813012,R_10,4839.43,1,0.2290000000002692,BACKFILL_AUTO
2026-06-18 20:03:34,1781813014,R_10,4839.515,1,0.08500000000003638,BACKFILL_AUTO
2026-06-18 20:03:36,1781813016,R_10,4839.506,-1,0.009000000000014552,BACKFILL_AUTO
2026-06-18 20:03:38,1781813018,R_10,4839.801,1,0.29500000000007276,BACKFILL_AUTO
2026-06-18 20:03:40,1781813020,R_10,4839.847,1,0.04599999999936699,BACKFILL_AUTO
2026-06-18 20:03:42,1781813022,R_10,4839.629,-1,0.2179999999998472,BACKFILL_AUTO
2026-06-18 20:03:44,1781813024,R_10,4839.653,1,0.02400000000034197,BACKFILL_AUTO
2026-06-18 20:03:46,1781813026,R_10,4839.787,1,0.13400000000001455,BACKFILL_AUTO
2026-06-18 20:03:48,1781813028,R_10,4839.917,1,0.13000000000010914,BACKFILL_AUTO
2026-06-18 20:03:50,1781813030,R_10,4839.864,-1,0.05300000000079308,BACKFILL_AUTO
2026-06-18 20:03:52,1781813032,R_10,4839.852,-1,0.011999999999716238,BACKFILL_AUTO
2026-06-18 20:03:54,1781813034,R_10,4839.785,-1,0.06700000000000728,BACKFILL_AUTO
2026-06-18 20:03:56,1781813036,R_10,4839.586,-1,0.19899999999961437,BACKFILL_AUTO
2026-06-18 20:03:58,1781813038,R_10,4839.19,-1,0.3960000000006403,BACKFILL_AUTO
2026-06-18 20:04:00,1781813040,R_10,4839.077,-1,0.11299999999937427,BACKFILL_AUTO
2026-06-18 20:04:02,1781813042,R_10,4839.284,1,0.2069999999994252,BACKFILL_AUTO
2026-06-18 20:04:04,1781813044,R_10,4839.145,-1,0.1389999999992142,BACKFILL_AUTO
2026-06-18 20:04:06,1781813046,R_10,4839.147,1,0.001999999999497959,BACKFILL_AUTO
2026-06-18 20:04:08,1781813048,R_10,4839.071,-1,0.07600000000002183,BACKFILL_AUTO
2026-06-18 20:04:10,1781813050,R_10,4838.773,-1,0.29799999999977445,BACKFILL_AUTO
2026-06-18 20:04:12,1781813052,R_10,4838.752,-1,0.02099999999973079,BACKFILL_AUTO
2026-06-18 20:04:14,1781813054,R_10,4838.68,-1,0.07200000000011642,BACKFILL_AUTO
2026-06-18 20:04:16,1781813056,R_10,4838.819,1,0.1390000000001237,BACKFILL_AUTO
2026-06-18 20:04:18,1781813058,R_10,4839.044,1,0.2249999999994543,BACKFILL_AUTO
2026-06-18 20:04:20,1781813060,R_10,4839.005,-1,0.03899999999975989,BACKFILL_AUTO
2026-06-18 20:04:22,1781813062,R_10,4839.115,1,0.10999999999967258,BACKFILL_AUTO
2026-06-18 20:04:24,1781813064,R_10,4839.079,-1,0.03600000000005821,BACKFILL_AUTO
2026-06-18 20:04:26,1781813066,R_10,4839.044,-1,0.03499999999985448,BACKFILL_AUTO
2026-06-18 20:04:28,1781813068,R_10,4839.026,-1,0.018000000000029104,BACKFILL_AUTO
2026-06-18 20:04:30,1781813070,R_10,4838.804,-1,0.22199999999975262,BACKFILL_AUTO
2026-06-18 20:04:32,1781813072,R_10,4838.829,1,0.024999999999636202,BACKFILL_AUTO
2026-06-18 20:04:34,1781813074,R_10,4839.018,1,0.1890000000003056,BACKFILL_AUTO
2026-06-18 20:04:36,1781813076,R_10,4839.241,1,0.22299999999995634,BACKFILL_AUTO
2026-06-18 20:04:38,1781813078,R_10,4839.352,1,0.11099999999987631,BACKFILL_AUTO
2026-06-18 20:04:40,1781813080,R_10,4839.36,1,0.007999999999810825,BACKFILL_AUTO
2026-06-18 20:04:42,1781813082,R_10,4839.291,-1,0.06899999999950523,BACKFILL_AUTO
2026-06-18 20:04:44,1781813084,R_10,4839.392,1,0.10099999999965803,BACKFILL_AUTO
2026-06-18 20:04:46,1781813086,R_10,4839.504,1,0.11200000000008004,BACKFILL_AUTO
2026-06-18 20:04:48,1781813088,R_10,4839.668,1,0.1639999999997599,BACKFILL_AUTO
2026-06-18 20:04:50,1781813090,R_10,4839.655,-1,0.012999999999919964,BACKFILL_AUTO
2026-06-18 20:04:52,1781813092,R_10,4839.693,1,0.03800000000046566,BACKFILL_AUTO
2026-06-18 20:04:54,1781813094,R_10,4839.725,1,0.032000000000152795,BACKFILL_AUTO
2026-06-18 20:04:56,1781813096,R_10,4839.626,-1,0.09900000000016007,BACKFILL_AUTO
2026-06-18 20:04:58,1781813098,R_10,4839.464,-1,0.16200000000026193,BACKFILL_AUTO
2026-06-18 20:05:00,1781813100,R_10,4839.35,-1,0.113999999999578,BACKFILL_AUTO
2026-06-18 20:05:02,1781813102,R_10,4839.579,1,0.22899999999935972,BACKFILL_AUTO
2026-06-18 20:05:04,1781813104,R_10,4839.459,-1,0.11999999999989086,BACKFILL_AUTO
2026-06-18 20:05:06,1781813106,R_10,4839.507,1,0.047999999999774445,BACKFILL_AUTO
2026-06-18 20:05:08,1781813108,R_10,4839.75,1,0.2430000000003929,BACKFILL_AUTO
2026-06-18 20:05:10,1781813110,R_10,4839.792,1,0.042000000000371074,BACKFILL_AUTO
2026-06-18 20:05:12,1781813112,R_10,4839.834,1,0.04199999999946158,BACKFILL_AUTO
2026-06-18 20:05:14,1781813114,R_10,4839.985,1,0.15099999999983993,BACKFILL_AUTO
2026-06-18 20:05:16,1781813116,R_10,4839.897,-1,0.08799999999973807,BACKFILL_AUTO
2026-06-18 20:05:18,1781813118,R_10,4839.969,1,0.07200000000011642,BACKFILL_AUTO
2026-06-18 20:05:20,1781813120,R_10,4840.178,1,0.20899999999983265,BACKFILL_AUTO
2026-06-18 20:05:22,1781813122,R_10,4840.331,1,0.15300000000024738,BACKFILL_AUTO
2026-06-18 20:05:24,1781813124,R_10,4840.336,1,0.005000000000109139,BACKFILL_AUTO
2026-06-18 20:05:26,1781813126,R_10,4840.314,-1,0.021999999999934516,BACKFILL_AUTO
2026-06-18 20:05:28,1781813128,R_10,4840.256,-1,0.057999999999992724,BACKFILL_AUTO
2026-06-18 20:05:30,1781813130,R_10,4840.361,1,0.10499999999956344,BACKFILL_AUTO
2026-06-18 20:05:32,1781813132,R_10,4840.384,1,0.023000000000138243,BACKFILL_AUTO
2026-06-18 20:05:34,1781813134,R_10,4840.544,1,0.15999999999985448,BACKFILL_AUTO
2026-06-18 20:05:36,1781813136,R_10,4840.626,1,0.0820000000003347,BACKFILL_AUTO
2026-06-18 20:05:38,1781813138,R_10,4840.766,1,0.13999999999941792,BACKFILL_AUTO
2026-06-18 20:05:40,1781813140,R_10,4840.746,-1,0.019999999999527063,BACKFILL_AUTO
2026-06-18 20:05:42,1781813142,R_10,4840.759,1,0.012999999999919964,BACKFILL_AUTO
2026-06-18 20:05:44,1781813144,R_10,4840.747,-1,0.011999999999716238,BACKFILL_AUTO
2026-06-18 20:05:46,1781813146,R_10,4840.691,-1,0.056000000000494765,BACKFILL_AUTO
2026-06-18 20:05:48,1781813148,R_10,4840.686,-1,0.005000000000109139,BACKFILL_AUTO
2026-06-18 20:05:50,1781813150,R_10,4840.52,-1,0.16599999999925785,BACKFILL_AUTO
2026-06-18 20:05:52,1781813152,R_10,4840.57,1,0.049999999999272404,BACKFILL_AUTO
2026-06-18 20:05:54,1781813154,R_10,4840.461,-1,0.10899999999946886,BACKFILL_AUTO
2026-06-18 20:05:56,1781813156,R_10,4840.419,-1,0.042000000000371074,BACKFILL_AUTO
2026-06-18 20:05:58,1781813158,R_10,4840.208,-1,0.2110000000002401,BACKFILL_AUTO
2026-06-18 20:06:00,1781813160,R_10,4840.143,-1,0.06499999999959982,BACKFILL_AUTO
2026-06-18 20:06:02,1781813162,R_10,4840.165,1,0.021999999999934516,BACKFILL_AUTO
2026-06-18 20:06:04,1781813164,R_10,4840.146,-1,0.01900000000023283,BACKFILL_AUTO
2026-06-18 20:06:06,1781813166,R_10,4840.17,1,0.02400000000034197,BACKFILL_AUTO
2026-06-18 20:06:08,1781813168,R_10,4840.227,1,0.056999999999789,BACKFILL_AUTO
2026-06-18 20:06:10,1781813170,R_10,4840.116,-1,0.11099999999987631,BACKFILL_AUTO
2026-06-18 20:06:12,1781813172,R_10,4840.142,1,0.02599999999983993,BACKFILL_AUTO
2026-06-18 20:06:14,1781813174,R_10,4840.087,-1,0.054999999999381544,BACKFILL_AUTO
2026-06-18 20:06:16,1781813176,R_10,4840.016,-1,0.07100000000082218,BACKFILL_AUTO
2026-06-18 20:06:18,1781813178,R_10,4840.118,1,0.10200000000077125,BACKFILL_AUTO
2026-06-18 20:06:20,1781813180,R_10,4840.067,-1,0.051000000000385626,BACKFILL_AUTO
2026-06-18 20:06:22,1781813182,R_10,4839.966,-1,0.10099999999965803,BACKFILL_AUTO
2026-06-18 20:06:24,1781813184,R_10,4839.944,-1,0.021999999999934516,BACKFILL_AUTO
2026-06-18 20:06:26,1781813186,R_10,4839.83,-1,0.11400000000048749,BACKFILL_AUTO
2026-06-18 20:06:28,1781813188,R_10,4839.808,-1,0.021999999999934516,BACKFILL_AUTO
2026-06-18 20:06:30,1781813190,R_10,4839.897,1,0.08899999999994179,BACKFILL_AUTO
2026-06-18 20:06:32,1781813192,R_10,4839.786,-1,0.11099999999987631,BACKFILL_AUTO
2026-06-18 20:06:34,1781813194,R_10,4839.885,1,0.09900000000016007,BACKFILL_AUTO
2026-06-18 20:06:36,1781813196,R_10,4839.753,-1,0.1320000000005166,BACKFILL_AUTO
2026-06-18 20:06:38,1781813198,R_10,4839.878,1,0.125,BACKFILL_AUTO
2026-06-18 20:06:40,1781813200,R_10,4839.882,1,0.0039999999999054126,BACKFILL_AUTO
2026-06-18 20:06:42,1781813202,R_10,4839.751,-1,0.13099999999940337,BACKFILL_AUTO
2026-06-18 20:06:44,1781813204,R_10,4839.817,1,0.06599999999980355,BACKFILL_AUTO
2026-06-18 20:06:46,1781813206,R_10,4839.771,-1,0.046000000000276486,BACKFILL_AUTO
2026-06-18 20:06:48,1781813208,R_10,4839.793,1,0.021999999999934516,BACKFILL_AUTO
2026-06-18 20:06:50,1781813210,R_10,4839.974,1,0.18100000000049477,BACKFILL_AUTO
2026-06-18 20:06:52,1781813212,R_10,4839.98,1,0.0059999999994033715,BACKFILL_AUTO
2026-06-18 20:06:54,1781813214,R_10,4839.865,-1,0.11499999999978172,BACKFILL_AUTO
2026-06-18 20:06:56,1781813216,R_10,4839.774,-1,0.09099999999943975,BACKFILL_AUTO
2026-06-18 20:06:58,1781813218,R_10,4839.788,1,0.013999999999214197,BACKFILL_AUTO
2026-06-18 20:07:00,1781813220,R_10,4839.523,-1,0.2649999999994179,BACKFILL_AUTO
2026-06-18 20:07:02,1781813222,R_10,4839.553,1,0.02999999999974534,BACKFILL_AUTO
2026-06-18 20:07:04,1781813224,R_10,4839.575,1,0.021999999999934516,BACKFILL_AUTO
2026-06-18 20:07:06,1781813226,R_10,4839.648,1,0.07300000000032014,BACKFILL_AUTO
2026-06-18 20:07:08,1781813228,R_10,4839.907,1,0.25900000000001455,BACKFILL_AUTO
2026-06-18 20:07:10,1781813230,R_10,4840.048,1,0.14099999999962165,BACKFILL_AUTO
2026-06-18 20:07:12,1781813232,R_10,4839.886,-1,0.16199999999935244,BACKFILL_AUTO
2026-06-18 20:07:14,1781813234,R_10,4839.941,1,0.054999999999381544,BACKFILL_AUTO
2026-06-18 20:07:16,1781813236,R_10,4840.044,1,0.10300000000006548,BACKFILL_AUTO
2026-06-18 20:07:18,1781813238,R_10,4840.182,1,0.13799999999991996,BACKFILL_AUTO
2026-06-18 20:07:20,1781813240,R_10,4840.079,-1,0.10300000000006548,BACKFILL_AUTO
2026-06-18 20:07:22,1781813242,R_10,4840.165,1,0.0860000000002401,BACKFILL_AUTO
2026-06-18 20:07:24,1781813244,R_10,4839.928,-1,0.23700000000008004,BACKFILL_AUTO
2026-06-18 20:07:26,1781813246,R_10,4839.976,1,0.047999999999774445,BACKFILL_AUTO
2026-06-18 20:07:28,1781813248,R_10,4839.908,-1,0.06799999999930151,BACKFILL_AUTO
2026-06-18 20:07:30,1781813250,R_10,4839.968,1,0.05999999999949068,BACKFILL_AUTO
2026-06-18 20:07:32,1781813252,R_10,4840.119,1,0.15099999999983993,BACKFILL_AUTO
2026-06-18 20:07:34,1781813254,R_10,4840.268,1,0.14900000000034197,BACKFILL_AUTO
2026-06-18 20:07:36,1781813256,R_10,4840.131,-1,0.13699999999971624,BACKFILL_AUTO
2026-06-18 20:07:38,1781813258,R_10,4840.231,1,0.0999999999994543,BACKFILL_AUTO
2026-06-18 20:07:40,1781813260,R_10,4840.39,1,0.15900000000056025,BACKFILL_AUTO
2026-06-18 20:07:42,1781813262,R_10,4840.321,-1,0.06900000000041473,BACKFILL_AUTO
2026-06-18 20:07:44,1781813264,R_10,4840.313,-1,0.007999999999810825,BACKFILL_AUTO
2026-06-18 20:07:46,1781813266,R_10,4840.382,1,0.06899999999950523,BACKFILL_AUTO
2026-06-18 20:07:48,1781813268,R_10,4840.313,-1,0.06899999999950523,BACKFILL_AUTO
2026-06-18 20:07:50,1781813270,R_10,4840.303,-1,0.010000000000218279,BACKFILL_AUTO
2026-06-18 20:07:52,1781813272,R_10,4840.533,1,0.23000000000047294,BACKFILL_AUTO
2026-06-18 20:07:54,1781813274,R_10,4840.6,1,0.06700000000000728,BACKFILL_AUTO
2026-06-18 20:07:56,1781813276,R_10,4840.624,1,0.023999999999432475,BACKFILL_AUTO
2026-06-18 20:07:58,1781813278,R_10,4840.669,1,0.04500000000007276,BACKFILL_AUTO
2026-06-18 20:08:00,1781813280,R_10,4840.431,-1,0.23800000000028376,BACKFILL_AUTO
2026-06-18 20:08:02,1781813282,R_10,4840.37,-1,0.06099999999969441,BACKFILL_AUTO
2026-06-18 20:08:04,1781813284,R_10,4840.385,1,0.015000000000327418,BACKFILL_AUTO
2026-06-18 20:08:06,1781813286,R_10,4840.393,1,0.007999999999810825,BACKFILL_AUTO
2026-06-18 20:08:08,1781813288,R_10,4840.454,1,0.06099999999969441,BACKFILL_AUTO
2026-06-18 20:08:10,1781813290,R_10,4840.578,1,0.12400000000070577,BACKFILL_AUTO
2026-06-18 20:08:12,1781813292,R_10,4840.463,-1,0.11500000000069122,BACKFILL_AUTO
2026-06-18 20:08:14,1781813294,R_10,4840.306,-1,0.1570000000001528,BACKFILL_AUTO
2026-06-18 20:08:16,1781813296,R_10,4840.178,-1,0.12799999999970169,BACKFILL_AUTO
2026-06-18 20:08:18,1781813298,R_10,4839.962,-1,0.21599999999943975,BACKFILL_AUTO
2026-06-18 20:08:20,1781813300,R_10,4839.892,-1,0.07000000000061846,BACKFILL_AUTO
2026-06-18 20:08:22,1781813302,R_10,4840.065,1,0.17299999999977445,BACKFILL_AUTO
2026-06-18 20:08:24,1781813304,R_10,4839.777,-1,0.28799999999955617,BACKFILL_AUTO
2026-06-18 20:08:26,1781813306,R_10,4839.953,1,0.17600000000038563,BACKFILL_AUTO
2026-06-18 20:08:28,1781813308,R_10,4839.929,-1,0.02400000000034197,BACKFILL_AUTO
2026-06-18 20:08:30,1781813310,R_10,4839.921,-1,0.007999999999810825,BACKFILL_AUTO
2026-06-18 20:08:32,1781813312,R_10,4840.2,1,0.2789999999995416,BACKFILL_AUTO
2026-06-18 20:08:34,1781813314,R_10,4840.034,-1,0.16600000000016735,BACKFILL_AUTO
2026-06-18 20:08:36,1781813316,R_10,4839.841,-1,0.1929999999993015,BACKFILL_AUTO
2026-06-18 20:08:38,1781813318,R_10,4839.973,1,0.1319999999996071,BACKFILL_AUTO
2026-06-18 20:08:40,1781813320,R_10,4839.999,1,0.02599999999983993,BACKFILL_AUTO
2026-06-18 20:08:42,1781813322,R_10,4839.817,-1,0.181999999999789,BACKFILL_AUTO
2026-06-18 20:08:44,1781813324,R_10,4839.748,-1,0.06900000000041473,BACKFILL_AUTO
2026-06-18 20:08:46,1781813326,R_10,4839.776,1,0.028000000000247383,BACKFILL_AUTO
2026-06-18 20:08:48,1781813328,R_10,4839.756,-1,0.019999999999527063,BACKFILL_AUTO
2026-06-18 20:08:50,1781813330,R_10,4839.592,-1,0.1640000000006694,BACKFILL_AUTO
2026-06-18 20:08:52,1781813332,R_10,4839.576,-1,0.01599999999962165,BACKFILL_AUTO
2026-06-18 20:08:54,1781813334,R_10,4839.847,1,0.2709999999997308,BACKFILL_AUTO
2026-06-18 20:08:56,1781813336,R_10,4839.73,-1,0.11700000000018917,BACKFILL_AUTO
2026-06-18 20:08:58,1781813338,R_10,4839.717,-1,0.012999999999919964,BACKFILL_AUTO
2026-06-18 20:09:00,1781813340,R_10,4839.616,-1,0.10099999999965803,BACKFILL_AUTO
2026-06-18 20:09:02,1781813342,R_10,4839.623,1,0.006999999999607098,BACKFILL_AUTO
2026-06-18 20:09:04,1781813344,R_10,4839.473,-1,0.1499999999996362,BACKFILL_AUTO
2026-06-18 20:09:06,1781813346,R_10,4839.434,-1,0.03899999999975989,BACKFILL_AUTO
2026-06-18 20:09:08,1781813348,R_10,4839.717,1,0.282999999999447,BACKFILL_AUTO
2026-06-18 20:09:10,1781813350,R_10,4839.657,-1,0.05999999999949068,BACKFILL_AUTO
2026-06-18 20:09:12,1781813352,R_10,4839.647,-1,0.010000000000218279,BACKFILL_AUTO
2026-06-18 20:09:14,1781813354,R_10,4839.734,1,0.08700000000044383,BACKFILL_AUTO
2026-06-18 20:09:16,1781813356,R_10,4839.64,-1,0.09400000000005093,BACKFILL_AUTO
2026-06-18 20:09:18,1781813358,R_10,4839.638,-1,0.0020000000004074536,BACKFILL_AUTO
2026-06-18 20:09:20,1781813360,R_10,4839.778,1,0.14000000000032742,BACKFILL_AUTO
2026-06-18 20:09:22,1781813362,R_10,4839.882,1,0.10399999999935972,BACKFILL_AUTO
2026-06-18 20:09:24,1781813364,R_10,4839.857,-1,0.024999999999636202,BACKFILL_AUTO
2026-06-18 20:09:26,1781813366,R_10,4839.836,-1,0.02099999999973079,BACKFILL_AUTO
2026-06-18 20:09:28,1781813368,R_10,4839.772,-1,0.06400000000030559,BACKFILL_AUTO
2026-06-18 20:09:30,1781813370,R_10,4839.626,-1,0.1459999999997308,BACKFILL_AUTO
2026-06-18 20:09:32,1781813372,R_10,4839.739,1,0.11299999999937427,BACKFILL_AUTO
2026-06-18 20:09:34,1781813374,R_10,4839.988,1,0.24900000000070577,BACKFILL_AUTO
2026-06-18 20:09:36,1781813376,R_10,4840.049,1,0.06099999999969441,BACKFILL_AUTO
2026-06-18 20:09:38,1781813378,R_10,4840.176,1,0.12700000000040745,BACKFILL_AUTO
2026-06-18 20:09:40,1781813380,R_10,4840.3,1,0.12399999999979627,BACKFILL_AUTO
2026-06-18 20:09:42,1781813382,R_10,4840.248,-1,0.05200000000058935,BACKFILL_AUTO
2026-06-18 20:09:44,1781813384,R_10,4840.297,1,0.04899999999997817,BACKFILL_AUTO
2026-06-18 20:09:46,1781813386,R_10,4840.23,-1,0.06700000000000728,BACKFILL_AUTO
2026-06-18 20:09:48,1781813388,R_10,4840.314,1,0.08400000000074215,BACKFILL_AUTO
2026-06-18 20:09:50,1781813390,R_10,4840.549,1,0.23499999999967258,BACKFILL_AUTO
2026-06-18 20:09:52,1781813392,R_10,4840.652,1,0.10300000000006548,BACKFILL_AUTO
2026-06-18 20:09:54,1781813394,R_10,4840.784,1,0.1319999999996071,BACKFILL_AUTO
2026-06-18 20:09:56,1781813396,R_10,4840.96,1,0.17600000000038563,BACKFILL_AUTO
2026-06-18 20:09:58,1781813398,R_10,4840.922,-1,0.03800000000046566,BACKFILL_AUTO
2026-06-18 20:10:00,1781813400,R_10,4840.978,1,0.056000000000494765,BACKFILL_AUTO
2026-06-18 20:10:02,1781813402,R_10,4840.933,-1,0.04500000000007276,BACKFILL_AUTO
2026-06-18 20:10:04,1781813404,R_10,4841.181,1,0.24799999999959255,BACKFILL_AUTO
2026-06-18 20:10:06,1781813406,R_10,4841.13,-1,0.05099999999947613,BACKFILL_AUTO
2026-06-18 20:10:08,1781813408,R_10,4841.095,-1,0.03499999999985448,BACKFILL_AUTO
2026-06-18 20:10:10,1781813410,R_10,4841.021,-1,0.07400000000052387,BACKFILL_AUTO
2026-06-18 20:10:12,1781813412,R_10,4840.846,-1,0.1750000000001819,BACKFILL_AUTO
2026-06-18 20:10:14,1781813414,R_10,4840.794,-1,0.05199999999967986,BACKFILL_AUTO
2026-06-18 20:10:16,1781813416,R_10,4840.896,1,0.10199999999986176,BACKFILL_AUTO
2026-06-18 20:10:18,1781813418,R_10,4840.885,-1,0.01099999999951251,BACKFILL_AUTO
2026-06-18 20:10:20,1781813420,R_10,4841.018,1,0.13299999999981083,BACKFILL_AUTO
2026-06-18 20:10:22,1781813422,R_10,4840.782,-1,0.2359999999998763,BACKFILL_AUTO
2026-06-18 20:10:24,1781813424,R_10,4840.54,-1,0.24200000000018917,BACKFILL_AUTO
2026-06-18 20:10:26,1781813426,R_10,4840.569,1,0.02900000000045111,BACKFILL_AUTO
2026-06-18 20:10:28,1781813428,R_10,4840.695,1,0.12599999999929423,BACKFILL_AUTO
2026-06-18 20:10:30,1781813430,R_10,4840.802,1,0.1069999999999709,BACKFILL_AUTO
2026-06-18 20:10:32,1781813432,R_10,4840.697,-1,0.10499999999956344,BACKFILL_AUTO
2026-06-18 20:10:34,1781813434,R_10,4840.737,1,0.03999999999996362,BACKFILL_AUTO
2026-06-18 20:10:36,1781813436,R_10,4840.747,1,0.010000000000218279,BACKFILL_AUTO
2026-06-18 20:10:38,1781813438,R_10,4840.541,-1,0.20600000000013097,BACKFILL_AUTO
2026-06-18 20:10:40,1781813440,R_10,4840.617,1,0.07600000000002183,BACKFILL_AUTO
2026-06-18 20:10:42,1781813442,R_10,4840.713,1,0.09599999999954889,BACKFILL_AUTO
2026-06-18 20:10:44,1781813444,R_10,4840.704,-1,0.009000000000014552,BACKFILL_AUTO
2026-06-18 20:10:46,1781813446,R_10,4840.642,-1,0.06199999999989814,BACKFILL_AUTO
2026-06-18 20:10:48,1781813448,R_10,4840.683,1,0.04100000000016735,BACKFILL_AUTO
2026-06-18 20:10:50,1781813450,R_10,4840.507,-1,0.17600000000038563,BACKFILL_AUTO
2026-06-18 20:10:52,1781813452,R_10,4840.327,-1,0.17999999999938154,BACKFILL_AUTO
2026-06-18 20:10:54,1781813454,R_10,4840.368,1,0.04100000000016735,BACKFILL_AUTO
2026-06-18 20:10:56,1781813456,R_10,4840.559,1,0.19099999999980355,BACKFILL_AUTO
2026-06-18 20:10:58,1781813458,R_10,4840.715,1,0.15599999999994907,BACKFILL_AUTO
2026-06-18 20:11:00,1781813460,R_10,4840.724,1,0.009000000000014552,BACKFILL_AUTO
2026-06-18 20:11:02,1781813462,R_10,4840.685,-1,0.03899999999975989,BACKFILL_AUTO
2026-06-18 20:11:04,1781813464,R_10,4840.516,-1,0.16900000000077853,BACKFILL_AUTO
2026-06-18 20:11:06,1781813466,R_10,4840.707,1,0.19100000000071304,BACKFILL_AUTO
2026-06-18 20:11:08,1781813468,R_10,4840.555,-1,0.15200000000004366,BACKFILL_AUTO
2026-06-18 20:11:10,1781813470,R_10,4840.504,-1,0.051000000000385626,BACKFILL_AUTO
2026-06-18 20:11:12,1781813472,R_10,4840.757,1,0.2529999999997017,BACKFILL_AUTO
2026-06-18 20:11:14,1781813474,R_10,4840.7,-1,0.056999999999789,BACKFILL_AUTO
2026-06-18 20:11:16,1781813476,R_10,4840.759,1,0.05900000000019645,BACKFILL_AUTO
2026-06-18 20:11:18,1781813478,R_10,4840.814,1,0.05500000000029104,BACKFILL_AUTO
2026-06-18 20:11:20,1781813480,R_10,4840.754,-1,0.06000000000040018,BACKFILL_AUTO
2026-06-18 20:11:22,1781813482,R_10,4840.595,-1,0.15899999999965075,BACKFILL_AUTO
2026-06-18 20:11:24,1781813484,R_10,4840.574,-1,0.021000000000640284,BACKFILL_AUTO
2026-06-18 20:11:26,1781813486,R_10,4840.618,1,0.04400000000077853,BACKFILL_AUTO
2026-06-18 20:11:28,1781813488,R_10,4840.473,-1,0.14500000000043656,BACKFILL_AUTO
2026-06-18 20:11:30,1781813490,R_10,4840.74,1,0.2669999999998254,BACKFILL_AUTO
2026-06-18 20:11:32,1781813492,R_10,4840.994,1,0.2539999999999054,BACKFILL_AUTO
2026-06-18 20:11:34,1781813494,R_10,4840.74,-1,0.2539999999999054,BACKFILL_AUTO
2026-06-18 20:11:36,1781813496,R_10,4840.751,1,0.011000000000422006,BACKFILL_AUTO
2026-06-18 20:11:38,1781813498,R_10,4840.811,1,0.05999999999949068,BACKFILL_AUTO
2026-06-18 20:11:40,1781813500,R_10,4840.879,1,0.068000000000211,BACKFILL_AUTO
2026-06-18 20:11:42,1781813502,R_10,4840.853,-1,0.02599999999983993,BACKFILL_AUTO
2026-06-18 20:11:44,1781813504,R_10,4840.791,-1,0.06199999999989814,BACKFILL_AUTO
2026-06-18 20:11:46,1781813506,R_10,4840.688,-1,0.10300000000006548,BACKFILL_AUTO
2026-06-18 20:11:48,1781813508,R_10,4840.605,-1,0.08300000000053842,BACKFILL_AUTO
2026-06-18 20:11:50,1781813510,R_10,4840.66,1,0.05500000000029104,BACKFILL_AUTO
2026-06-18 20:11:52,1781813512,R_10,4840.678,1,0.018000000000029104,BACKFILL_AUTO
2026-06-18 20:11:54,1781813514,R_10,4840.651,-1,0.027000000000043656,BACKFILL_AUTO
2026-06-18 20:11:56,1781813516,R_10,4840.837,1,0.1860000000006039,BACKFILL_AUTO
2026-06-18 20:11:58,1781813518,R_10,4840.817,-1,0.020000000000436557,BACKFILL_AUTO
2026-06-18 20:12:00,1781813520,R_10,4841.01,1,0.193000000000211,BACKFILL_AUTO
2026-06-18 20:12:02,1781813522,R_10,4841.088,1,0.07799999999951979,BACKFILL_AUTO
2026-06-18 20:12:04,1781813524,R_10,4841.375,1,0.28700000000026193,BACKFILL_AUTO
2026-06-18 20:12:06,1781813526,R_10,4841.404,1,0.02900000000045111,BACKFILL_AUTO
2026-06-18 20:12:08,1781813528,R_10,4841.406,1,0.001999999999497959,BACKFILL_AUTO
2026-06-18 20:12:10,1781813530,R_10,4841.373,-1,0.03300000000035652,BACKFILL_AUTO
2026-06-18 20:12:12,1781813532,R_10,4841.481,1,0.10800000000017462,BACKFILL_AUTO
2026-06-18 20:12:14,1781813534,R_10,4841.607,1,0.12600000000020373,BACKFILL_AUTO
2026-06-18 20:12:16,1781813536,R_10,4841.6,-1,0.006999999999607098,BACKFILL_AUTO
2026-06-18 20:12:18,1781813538,R_10,4841.329,-1,0.2710000000006403,BACKFILL_AUTO
2026-06-18 20:12:20,1781813540,R_10,4841.04,-1,0.2889999999997599,BACKFILL_AUTO
2026-06-18 20:12:22,1781813542,R_10,4840.898,-1,0.14199999999982538,BACKFILL_AUTO
2026-06-18 20:12:24,1781813544,R_10,4840.975,1,0.07700000000022555,BACKFILL_AUTO
2026-06-18 20:12:26,1781813546,R_10,4840.946,-1,0.02900000000045111,BACKFILL_AUTO
2026-06-18 20:12:28,1781813548,R_10,4840.922,-1,0.02400000000034197,BACKFILL_AUTO
2026-06-18 20:12:30,1781813550,R_10,4840.828,-1,0.09399999999914144,BACKFILL_AUTO
2026-06-18 20:12:32,1781813552,R_10,4840.92,1,0.09199999999964348,BACKFILL_AUTO
2026-06-18 20:12:34,1781813554,R_10,4840.904,-1,0.01599999999962165,BACKFILL_AUTO
2026-06-18 20:12:36,1781813556,R_10,4840.982,1,0.07799999999951979,BACKFILL_AUTO
2026-06-18 20:12:38,1781813558,R_10,4840.974,-1,0.007999999999810825,BACKFILL_AUTO
2026-06-18 20:12:40,1781813560,R_10,4840.983,1,0.009000000000014552,BACKFILL_AUTO
2026-06-18 20:12:42,1781813562,R_10,4840.839,-1,0.14400000000023283,BACKFILL_AUTO
2026-06-18 20:12:44,1781813564,R_10,4840.854,1,0.015000000000327418,BACKFILL_AUTO
2026-06-18 20:12:46,1781813566,R_10,4840.668,-1,0.1860000000006039,BACKFILL_AUTO
2026-06-18 20:12:48,1781813568,R_10,4840.865,1,0.19700000000011642,BACKFILL_AUTO
2026-06-18 20:12:50,1781813570,R_10,4840.851,-1,0.014000000000123691,BACKFILL_AUTO
2026-06-18 20:12:52,1781813572,R_10,4840.752,-1,0.09899999999925058,BACKFILL_AUTO
2026-06-18 20:12:54,1781813574,R_10,4840.871,1,0.11899999999968713,BACKFILL_AUTO
2026-06-18 20:12:56,1781813576,R_10,4840.951,1,0.07999999999992724,BACKFILL_AUTO
2026-06-18 20:12:58,1781813578,R_10,4840.811,-1,0.14000000000032742,BACKFILL_AUTO
2026-06-18 20:13:00,1781813580,R_10,4840.767,-1,0.04399999999986903,BACKFILL_AUTO
2026-06-18 20:13:02,1781813582,R_10,4840.751,-1,0.01599999999962165,BACKFILL_AUTO
2026-06-18 20:13:04,1781813584,R_10,4840.683,-1,0.068000000000211,BACKFILL_AUTO
2026-06-18 20:13:06,1781813586,R_10,4840.757,1,0.07399999999961437,BACKFILL_AUTO
2026-06-18 20:13:08,1781813588,R_10,4840.5,-1,0.2569999999996071,BACKFILL_AUTO
2026-06-18 20:13:10,1781813590,R_10,4840.408,-1,0.09199999999964348,BACKFILL_AUTO
2026-06-18 20:13:12,1781813592,R_10,4840.446,1,0.03799999999955617,BACKFILL_AUTO
2026-06-18 20:13:14,1781813594,R_10,4840.504,1,0.057999999999992724,BACKFILL_AUTO
2026-06-18 20:13:16,1781813596,R_10,4840.369,-1,0.13500000000021828,BACKFILL_AUTO
2026-06-18 20:13:18,1781813598,R_10,4840.431,1,0.06199999999989814,BACKFILL_AUTO
2026-06-18 20:13:20,1781813600,R_10,4840.675,1,0.24400000000059663,BACKFILL_AUTO
2026-06-18 20:13:22,1781813602,R_10,4840.68,1,0.005000000000109139,BACKFILL_AUTO
2026-06-18 20:13:24,1781813604,R_10,4840.702,1,0.021999999999934516,BACKFILL_AUTO
2026-06-18 20:13:26,1781813606,R_10,4840.719,1,0.016999999999825377,BACKFILL_AUTO
2026-06-18 20:13:28,1781813608,R_10,4840.703,-1,0.01599999999962165,BACKFILL_AUTO
2026-06-18 20:13:30,1781813610,R_10,4840.607,-1,0.09600000000045839,BACKFILL_AUTO
2026-06-18 20:13:32,1781813612,R_10,4840.646,1,0.03899999999975989,BACKFILL_AUTO
2026-06-18 20:13:34,1781813614,R_10,4840.536,-1,0.10999999999967258,BACKFILL_AUTO
2026-06-18 20:13:36,1781813616,R_10,4840.434,-1,0.10199999999986176,BACKFILL_AUTO
2026-06-18 20:13:38,1781813618,R_10,4840.431,-1,0.0030000000006111804,BACKFILL_AUTO
2026-06-18 20:13:40,1781813620,R_10,4840.349,-1,0.0819999999994252,BACKFILL_AUTO
2026-06-18 20:13:42,1781813622,R_10,4840.288,-1,0.061000000000603904,BACKFILL_AUTO
2026-06-18 20:13:44,1781813624,R_10,4840.083,-1,0.20499999999992724,BACKFILL_AUTO
2026-06-18 20:13:46,1781813626,R_10,4840.198,1,0.11500000000069122,BACKFILL_AUTO
2026-06-18 20:13:48,1781813628,R_10,4840.205,1,0.006999999999607098,BACKFILL_AUTO
2026-06-18 20:13:50,1781813630,R_10,4840.136,-1,0.06899999999950523,BACKFILL_AUTO
2026-06-18 20:13:52,1781813632,R_10,4840.186,1,0.049999999999272404,BACKFILL_AUTO
2026-06-18 20:13:54,1781813634,R_10,4840.233,1,0.04700000000048021,BACKFILL_AUTO
2026-06-18 20:13:56,1781813636,R_10,4840.173,-1,0.06000000000040018,BACKFILL_AUTO
2026-06-18 20:13:58,1781813638,R_10,4840.149,-1,0.023999999999432475,BACKFILL_AUTO
2026-06-18 20:14:00,1781813640,R_10,4839.993,-1,0.15599999999994907,BACKFILL_AUTO
2026-06-18 20:14:02,1781813642,R_10,4840.141,1,0.14799999999922875,BACKFILL_AUTO
2026-06-18 20:14:04,1781813644,R_10,4840.128,-1,0.012999999999919964,BACKFILL_AUTO
2026-06-18 20:14:06,1781813646,R_10,4840.137,1,0.009000000000014552,BACKFILL_AUTO
2026-06-18 20:14:08,1781813648,R_10,4840.405,1,0.2680000000000291,BACKFILL_AUTO
2026-06-18 20:14:10,1781813650,R_10,4840.375,-1,0.02999999999974534,BACKFILL_AUTO
2026-06-18 20:14:12,1781813652,R_10,4840.34,-1,0.03499999999985448,BACKFILL_AUTO
2026-06-18 20:14:14,1781813654,R_10,4840.281,-1,0.05900000000019645,BACKFILL_AUTO
2026-06-18 20:14:16,1781813656,R_10,4840.104,-1,0.17699999999967986,BACKFILL_AUTO
2026-06-18 20:14:18,1781813658,R_10,4840.167,1,0.06300000000010186,BACKFILL_AUTO
2026-06-18 20:14:20,1781813660,R_10,4840.065,-1,0.10200000000077125,BACKFILL_AUTO
2026-06-18 20:14:22,1781813662,R_10,4840.262,1,0.19700000000011642,BACKFILL_AUTO
2026-06-18 20:14:24,1781813664,R_10,4840.339,1,0.07700000000022555,BACKFILL_AUTO
2026-06-18 20:14:26,1781813666,R_10,4840.254,-1,0.08500000000003638,BACKFILL_AUTO
2026-06-18 20:14:28,1781813668,R_10,4840.287,1,0.03300000000035652,BACKFILL_AUTO
2026-06-18 20:14:30,1781813670,R_10,4840.371,1,0.08399999999983265,BACKFILL_AUTO
2026-06-18 20:14:32,1781813672,R_10,4840.294,-1,0.07700000000022555,BACKFILL_AUTO
2026-06-18 20:14:34,1781813674,R_10,4840.41,1,0.11599999999998545,BACKFILL_AUTO
2026-06-18 20:14:36,1781813676,R_10,4840.312,-1,0.09799999999995634,BACKFILL_AUTO
2026-06-18 20:14:38,1781813678,R_10,4840.307,-1,0.005000000000109139,BACKFILL_AUTO
2026-06-18 20:14:40,1781813680,R_10,4839.992,-1,0.3149999999995998,BACKFILL_AUTO
2026-06-18 20:14:42,1781813682,R_10,4840.048,1,0.05599999999958527,BACKFILL_AUTO
2026-06-18 20:14:44,1781813684,R_10,4839.984,-1,0.0639999999993961,BACKFILL_AUTO
2026-06-18 20:14:46,1781813686,R_10,4840.088,1,0.10399999999935972,BACKFILL_AUTO
2026-06-18 20:14:48,1781813688,R_10,4840.321,1,0.23300000000017462,BACKFILL_AUTO
2026-06-18 20:14:50,1781813690,R_10,4840.27,-1,0.05099999999947613,BACKFILL_AUTO
2026-06-18 20:14:52,1781813692,R_10,4840.106,-1,0.1640000000006694,BACKFILL_AUTO
2026-06-18 20:14:54,1781813694,R_10,4840.417,1,0.3110000000006039,BACKFILL_AUTO
2026-06-18 20:14:56,1781813696,R_10,4840.424,1,0.006999999999607098,BACKFILL_AUTO
2026-06-18 20:14:58,1781813698,R_10,4840.614,1,0.18999999999959982,BACKFILL_AUTO
2026-06-18 20:15:00,1781813700,R_10,4840.594,-1,0.019999999999527063,BACKFILL_AUTO
2026-06-18 20:15:02,1781813702,R_10,4840.445,-1,0.14900000000034197,BACKFILL_AUTO
2026-06-18 20:15:04,1781813704,R_10,4840.398,-1,0.04699999999957072,BACKFILL_AUTO
2026-06-18 20:15:06,1781813706,R_10,4840.62,1,0.22199999999975262,BACKFILL_AUTO
2026-06-18 20:15:08,1781813708,R_10,4840.637,1,0.016999999999825377,BACKFILL_AUTO
2026-06-18 20:15:10,1781813710,R_10,4840.5,-1,0.13699999999971624,BACKFILL_AUTO
2026-06-18 20:15:12,1781813712,R_10,4840.506,1,0.006000000000312866,BACKFILL_AUTO
2026-06-18 20:15:14,1781813714,R_10,4840.465,-1,0.04100000000016735,BACKFILL_AUTO
2026-06-18 20:15:16,1781813716,R_10,4840.624,1,0.15899999999965075,BACKFILL_AUTO
2026-06-18 20:15:18,1781813718,R_10,4840.476,-1,0.14800000000013824,BACKFILL_AUTO
2026-06-18 20:15:20,1781813720,R_10,4840.35,-1,0.12599999999929423,BACKFILL_AUTO
2026-06-18 20:15:22,1781813722,R_10,4840.438,1,0.08799999999973807,BACKFILL_AUTO
2026-06-18 20:15:24,1781813724,R_10,4840.367,-1,0.07099999999991269,BACKFILL_AUTO
2026-06-18 20:15:26,1781813726,R_10,4840.393,1,0.02599999999983993,BACKFILL_AUTO
2026-06-18 20:15:28,1781813728,R_10,4840.538,1,0.14499999999952706,BACKFILL_AUTO
2026-06-18 20:15:30,1781813730,R_10,4840.454,-1,0.08399999999983265,BACKFILL_AUTO
2026-06-18 20:15:32,1781813732,R_10,4840.468,1,0.014000000000123691,BACKFILL_AUTO
2026-06-18 20:15:34,1781813734,R_10,4840.489,1,0.02099999999973079,BACKFILL_AUTO
2026-06-18 20:15:36,1781813736,R_10,4840.355,-1,0.13400000000001455,BACKFILL_AUTO
2026-06-18 20:15:38,1781813738,R_10,4840.421,1,0.06600000000071304,BACKFILL_AUTO
2026-06-18 20:15:40,1781813740,R_10,4840.323,-1,0.09799999999995634,BACKFILL_AUTO
2026-06-18 20:15:42,1781813742,R_10,4840.525,1,0.20199999999931606,BACKFILL_AUTO
2026-06-18 20:15:44,1781813744,R_10,4840.57,1,0.04500000000007276,BACKFILL_AUTO
2026-06-18 20:15:46,1781813746,R_10,4840.675,1,0.10500000000047294,BACKFILL_AUTO
2026-06-18 20:15:48,1781813748,R_10,4840.593,-1,0.0820000000003347,BACKFILL_AUTO
2026-06-18 20:15:50,1781813750,R_10,4840.559,-1,0.033999999999650754,BACKFILL_AUTO
2026-06-18 20:15:52,1781813752,R_10,4840.47,-1,0.08899999999994179,BACKFILL_AUTO
2026-06-18 20:15:54,1781813754,R_10,4840.448,-1,0.021999999999934516,BACKFILL_AUTO
2026-06-18 20:15:56,1781813756,R_10,4840.383,-1,0.06500000000050932,BACKFILL_AUTO
2026-06-18 20:15:58,1781813758,R_10,4840.276,-1,0.1069999999999709,BACKFILL_AUTO
2026-06-18 20:16:00,1781813760,R_10,4840.526,1,0.25,BACKFILL_AUTO
2026-06-18 20:16:02,1781813762,R_10,4840.372,-1,0.15399999999954161,BACKFILL_AUTO
2026-06-18 20:16:04,1781813764,R_10,4840.538,1,0.16599999999925785,BACKFILL_AUTO
2026-06-18 20:16:06,1781813766,R_10,4840.413,-1,0.125,BACKFILL_AUTO
2026-06-18 20:16:08,1781813768,R_10,4840.386,-1,0.02699999999913416,BACKFILL_AUTO
2026-06-18 20:16:10,1781813770,R_10,4840.479,1,0.0929999999998472,BACKFILL_AUTO
2026-06-18 20:16:12,1781813772,R_10,4840.477,-1,0.0020000000004074536,BACKFILL_AUTO
2026-06-18 20:16:14,1781813774,R_10,4840.763,1,0.2860000000000582,BACKFILL_AUTO
2026-06-18 20:16:16,1781813776,R_10,4840.831,1,0.068000000000211,BACKFILL_AUTO
2026-06-18 20:16:18,1781813778,R_10,4840.696,-1,0.13500000000021828,BACKFILL_AUTO
2026-06-18 20:16:20,1781813780,R_10,4841.011,1,0.3150000000005093,BACKFILL_AUTO
2026-06-18 20:16:22,1781813782,R_10,4840.803,-1,0.20800000000053842,BACKFILL_AUTO
2026-06-18 20:16:24,1781813784,R_10,4840.571,-1,0.2319999999999709,BACKFILL_AUTO
2026-06-18 20:16:26,1781813786,R_10,4840.593,1,0.021999999999934516,BACKFILL_AUTO
2026-06-18 20:16:28,1781813788,R_10,4840.518,-1,0.0749999999998181,BACKFILL_AUTO
2026-06-18 20:16:30,1781813790,R_10,4840.4,-1,0.1180000000003929,BACKFILL_AUTO
2026-06-18 20:16:32,1781813792,R_10,4840.506,1,0.10600000000067666,BACKFILL_AUTO
2026-06-18 20:16:34,1781813794,R_10,4840.388,-1,0.1180000000003929,BACKFILL_AUTO
2026-06-18 20:16:36,1781813796,R_10,4840.426,1,0.03800000000046566,BACKFILL_AUTO
2026-06-18 20:16:38,1781813798,R_10,4840.269,-1,0.1570000000001528,BACKFILL_AUTO
2026-06-18 20:16:40,1781813800,R_10,4840.431,1,0.16199999999935244,BACKFILL_AUTO
2026-06-18 20:16:42,1781813802,R_10,4840.367,-1,0.0639999999993961,BACKFILL_AUTO
2026-06-18 20:16:44,1781813804,R_10,4840.468,1,0.10099999999965803,BACKFILL_AUTO
2026-06-18 20:16:46,1781813806,R_10,4840.521,1,0.052999999999883585,BACKFILL_AUTO
2026-06-18 20:16:48,1781813808,R_10,4840.571,1,0.0500000000001819,BACKFILL_AUTO
2026-06-18 20:16:50,1781813810,R_10,4840.639,1,0.068000000000211,BACKFILL_AUTO
2026-06-18 20:16:52,1781813812,R_10,4840.73,1,0.09099999999943975,BACKFILL_AUTO
2026-06-18 20:16:54,1781813814,R_10,4840.663,-1,0.06700000000000728,BACKFILL_AUTO
2026-06-18 20:16:56,1781813816,R_10,4840.767,1,0.10400000000026921,BACKFILL_AUTO
2026-06-18 20:16:58,1781813818,R_10,4841.003,1,0.2359999999998763,BACKFILL_AUTO
2026-06-18 20:17:00,1781813820,R_10,4841.1,1,0.09700000000066211,BACKFILL_AUTO
2026-06-18 20:17:02,1781813822,R_10,4840.921,-1,0.1790000000000873,BACKFILL_AUTO
2026-06-18 20:17:04,1781813824,R_10,4840.87,-1,0.051000000000385626,BACKFILL_AUTO
2026-06-18 20:17:06,1781813826,R_10,4840.99,1,0.11999999999989086,BACKFILL_AUTO
2026-06-18 20:17:08,1781813828,R_10,4840.888,-1,0.10199999999986176,BACKFILL_AUTO
2026-06-18 20:17:10,1781813830,R_10,4840.791,-1,0.09699999999975262,BACKFILL_AUTO
2026-06-18 20:17:12,1781813832,R_10,4840.811,1,0.019999999999527063,BACKFILL_AUTO
2026-06-18 20:17:14,1781813834,R_10,4840.879,1,0.068000000000211,BACKFILL_AUTO
2026-06-18 20:17:16,1781813836,R_10,4840.877,-1,0.001999999999497959,BACKFILL_AUTO
2026-06-18 20:17:18,1781813838,R_10,4841.096,1,0.21899999999914144,BACKFILL_AUTO
2026-06-18 20:17:20,1781813840,R_10,4841.151,1,0.05500000000029104,BACKFILL_AUTO
2026-06-18 20:17:22,1781813842,R_10,4841.218,1,0.06700000000000728,BACKFILL_AUTO
2026-06-18 20:17:24,1781813844,R_10,4841.328,1,0.11000000000058208,BACKFILL_AUTO
2026-06-18 20:17:26,1781813846,R_10,4841.248,-1,0.08000000000083674,BACKFILL_AUTO
2026-06-18 20:17:28,1781813848,R_10,4841.261,1,0.01300000000082946,BACKFILL_AUTO
2026-06-18 20:17:30,1781813850,R_10,4841.116,-1,0.14500000000043656,BACKFILL_AUTO
2026-06-18 20:17:32,1781813852,R_10,4841.185,1,0.06900000000041473,BACKFILL_AUTO
2026-06-18 20:17:34,1781813854,R_10,4841.283,1,0.09799999999995634,BACKFILL_AUTO
2026-06-18 20:17:36,1781813856,R_10,4841.121,-1,0.16200000000026193,BACKFILL_AUTO
2026-06-18 20:17:38,1781813858,R_10,4841.175,1,0.05400000000008731,BACKFILL_AUTO
2026-06-18 20:17:40,1781813860,R_10,4841.135,-1,0.03999999999996362,BACKFILL_AUTO
2026-06-18 20:17:42,1781813862,R_10,4841.276,1,0.14099999999962165,BACKFILL_AUTO
2026-06-18 20:17:44,1781813864,R_10,4841.374,1,0.09799999999995634,BACKFILL_AUTO
2026-06-18 20:17:46,1781813866,R_10,4841.423,1,0.04899999999997817,BACKFILL_AUTO
2026-06-18 20:17:48,1781813868,R_10,4841.641,1,0.2179999999998472,BACKFILL_AUTO
2026-06-18 20:17:50,1781813870,R_10,4841.569,-1,0.07199999999920692,BACKFILL_AUTO
2026-06-18 20:17:52,1781813872,R_10,4841.637,1,0.06799999999930151,BACKFILL_AUTO
2026-06-18 20:17:54,1781813874,R_10,4841.68,1,0.0430000000005748,BACKFILL_AUTO
2026-06-18 20:17:56,1781813876,R_10,4841.588,-1,0.09200000000055297,BACKFILL_AUTO
2026-06-18 20:17:58,1781813878,R_10,4841.648,1,0.06000000000040018,BACKFILL_AUTO
2026-06-18 20:18:00,1781813880,R_10,4841.866,1,0.2179999999998472,BACKFILL_AUTO
2026-06-18 20:18:02,1781813882,R_10,4841.966,1,0.1000000000003638,BACKFILL_AUTO
2026-06-18 20:18:04,1781813884,R_10,4842.011,1,0.04500000000007276,BACKFILL_AUTO
2026-06-18 20:18:06,1781813886,R_10,4841.891,-1,0.12000000000080036,BACKFILL_AUTO
2026-06-18 20:18:08,1781813888,R_10,4841.872,-1,0.018999999999323336,BACKFILL_AUTO
2026-06-18 20:18:10,1781813890,R_10,4841.767,-1,0.10500000000047294,BACKFILL_AUTO
2026-06-18 20:18:12,1781813892,R_10,4841.831,1,0.06400000000030559,BACKFILL_AUTO
2026-06-18 20:18:14,1781813894,R_10,4841.828,-1,0.0029999999997016857,BACKFILL_AUTO
2026-06-18 20:18:16,1781813896,R_10,4842.039,1,0.2109999999993306,BACKFILL_AUTO
2026-06-18 20:18:18,1781813898,R_10,4842.027,-1,0.011999999999716238,BACKFILL_AUTO
2026-06-18 20:18:20,1781813900,R_10,4841.937,-1,0.09000000000014552,BACKFILL_AUTO
2026-06-18 20:18:22,1781813902,R_10,4842.108,1,0.1710000000002765,BACKFILL_AUTO
2026-06-18 20:18:24,1781813904,R_10,4842.101,-1,0.007000000000516593,BACKFILL_AUTO
2026-06-18 20:18:26,1781813906,R_10,4842.316,1,0.21500000000014552,BACKFILL_AUTO
2026-06-18 20:18:28,1781813908,R_10,4842.276,-1,0.03999999999996362,BACKFILL_AUTO
2026-06-18 20:18:30,1781813910,R_10,4842.504,1,0.22800000000006548,BACKFILL_AUTO
2026-06-18 20:18:32,1781813912,R_10,4842.486,-1,0.018000000000029104,BACKFILL_AUTO
2026-06-18 20:18:34,1781813914,R_10,4842.612,1,0.12600000000020373,BACKFILL_AUTO
2026-06-18 20:18:36,1781813916,R_10,4842.63,1,0.018000000000029104,BACKFILL_AUTO
2026-06-18 20:18:38,1781813918,R_10,4842.496,-1,0.13400000000001455,BACKFILL_AUTO
2026-06-18 20:18:40,1781813920,R_10,4842.586,1,0.09000000000014552,BACKFILL_AUTO
2026-06-18 20:18:42,1781813922,R_10,4842.411,-1,0.1750000000001819,BACKFILL_AUTO
2026-06-18 20:18:44,1781813924,R_10,4842.21,-1,0.20100000000002183,BACKFILL_AUTO
2026-06-18 20:18:46,1781813926,R_10,4842.371,1,0.1610000000000582,BACKFILL_AUTO
2026-06-18 20:18:48,1781813928,R_10,4842.391,1,0.019999999999527063,BACKFILL_AUTO
2026-06-18 20:18:50,1781813930,R_10,4842.358,-1,0.03299999999944703,BACKFILL_AUTO
2026-06-18 20:18:52,1781813932,R_10,4842.509,1,0.15099999999983993,BACKFILL_AUTO
2026-06-18 20:18:54,1781813934,R_10,4842.364,-1,0.14500000000043656,BACKFILL_AUTO
2026-06-18 20:18:56,1781813936,R_10,4842.479,1,0.11500000000069122,BACKFILL_AUTO
2026-06-18 20:18:58,1781813938,R_10,4842.355,-1,0.12400000000070577,BACKFILL_AUTO
2026-06-18 20:19:00,1781813940,R_10,4842.104,-1,0.25099999999929423,BACKFILL_AUTO
2026-06-18 20:19:02,1781813942,R_10,4842.012,-1,0.09200000000055297,BACKFILL_AUTO
2026-06-18 20:19:04,1781813944,R_10,4841.955,-1,0.056999999999789,BACKFILL_AUTO
2026-06-18 20:19:06,1781813946,R_10,4841.921,-1,0.033999999999650754,BACKFILL_AUTO
2026-06-18 20:19:08,1781813948,R_10,4841.729,-1,0.19200000000000728,BACKFILL_AUTO
2026-06-18 20:19:10,1781813950,R_10,4841.702,-1,0.027000000000043656,BACKFILL_AUTO
2026-06-18 20:19:12,1781813952,R_10,4841.653,-1,0.04899999999997817,BACKFILL_AUTO
2026-06-18 20:19:14,1781813954,R_10,4841.639,-1,0.014000000000123691,BACKFILL_AUTO
2026-06-18 20:19:16,1781813956,R_10,4841.506,-1,0.13299999999981083,BACKFILL_AUTO
2026-06-18 20:19:18,1781813958,R_10,4841.546,1,0.03999999999996362,BACKFILL_AUTO
2026-06-18 20:19:20,1781813960,R_10,4841.658,1,0.11200000000008004,BACKFILL_AUTO
2026-06-18 20:19:22,1781813962,R_10,4841.791,1,0.13299999999981083,BACKFILL_AUTO
2026-06-18 20:19:24,1781813964,R_10,4841.702,-1,0.08899999999994179,BACKFILL_AUTO
2026-06-18 20:19:26,1781813966,R_10,4841.618,-1,0.08399999999983265,BACKFILL_AUTO
2026-06-18 20:19:28,1781813968,R_10,4841.78,1,0.16199999999935244,BACKFILL_AUTO
2026-06-18 20:19:30,1781813970,R_10,4841.761,-1,0.018999999999323336,BACKFILL_AUTO
2026-06-18 20:19:32,1781813972,R_10,4841.754,-1,0.007000000000516593,BACKFILL_AUTO
2026-06-18 20:19:34,1781813974,R_10,4841.736,-1,0.018000000000029104,BACKFILL_AUTO
2026-06-18 20:19:36,1781813976,R_10,4841.781,1,0.04500000000007276,BACKFILL_AUTO
2026-06-18 20:19:38,1781813978,R_10,4841.74,-1,0.04100000000016735,BACKFILL_AUTO
2026-06-18 20:19:40,1781813980,R_10,4841.753,1,0.012999999999919964,BACKFILL_AUTO
2026-06-18 20:19:42,1781813982,R_10,4841.791,1,0.03800000000046566,BACKFILL_AUTO
2026-06-18 20:19:44,1781813984,R_10,4841.755,-1,0.03600000000005821,BACKFILL_AUTO
2026-06-18 20:19:46,1781813986,R_10,4841.798,1,0.042999999999665306,BACKFILL_AUTO
2026-06-18 20:19:48,1781813988,R_10,4841.595,-1,0.2029999999995198,BACKFILL_AUTO
2026-06-18 20:19:50,1781813990,R_10,4841.471,-1,0.12400000000070577,BACKFILL_AUTO
2026-06-18 20:19:52,1781813992,R_10,4841.496,1,0.025000000000545697,BACKFILL_AUTO
2026-06-18 20:19:54,1781813994,R_10,4841.429,-1,0.06700000000000728,BACKFILL_AUTO
2026-06-18 20:19:56,1781813996,R_10,4841.413,-1,0.016000000000531145,BACKFILL_AUTO
2026-06-18 20:19:58,1781813998,R_10,4841.314,-1,0.09899999999925058,BACKFILL_AUTO
2026-06-18 20:20:00,1781814000,R_10,4841.415,1,0.10099999999965803,BACKFILL_AUTO
2026-06-18 20:20:02,1781814002,R_10,4841.497,1,0.0820000000003347,BACKFILL_AUTO
2026-06-18 20:20:04,1781814004,R_10,4841.405,-1,0.09200000000055297,BACKFILL_AUTO
2026-06-18 20:20:06,1781814006,R_10,4841.319,-1,0.08599999999933061,BACKFILL_AUTO
2026-06-18 20:20:08,1781814008,R_10,4841.521,1,0.20199999999931606,BACKFILL_AUTO
2026-06-18 20:20:10,1781814010,R_10,4841.538,1,0.016999999999825377,BACKFILL_AUTO
2026-06-18 20:20:12,1781814012,R_10,4841.536,-1,0.001999999999497959,BACKFILL_AUTO
2026-06-18 20:20:14,1781814014,R_10,4841.695,1,0.15899999999965075,BACKFILL_AUTO
2026-06-18 20:20:16,1781814016,R_10,4841.548,-1,0.14699999999993452,BACKFILL_AUTO
2026-06-18 20:20:18,1781814018,R_10,4841.706,1,0.15800000000035652,BACKFILL_AUTO
2026-06-18 20:20:20,1781814020,R_10,4841.623,-1,0.08300000000053842,BACKFILL_AUTO
2026-06-18 20:20:22,1781814022,R_10,4841.639,1,0.016000000000531145,BACKFILL_AUTO
2026-06-18 20:20:24,1781814024,R_10,4841.599,-1,0.03999999999996362,BACKFILL_AUTO
2026-06-18 20:20:26,1781814026,R_10,4841.518,-1,0.08100000000013097,BACKFILL_AUTO
2026-06-18 20:20:28,1781814028,R_10,4841.364,-1,0.1540000000004511,BACKFILL_AUTO
2026-06-18 20:20:30,1781814030,R_10,4841.352,-1,0.011999999999716238,BACKFILL_AUTO
2026-06-18 20:20:32,1781814032,R_10,4841.348,-1,0.0039999999999054126,BACKFILL_AUTO
2026-06-18 20:20:34,1781814034,R_10,4841.266,-1,0.0820000000003347,BACKFILL_AUTO
2026-06-18 20:20:36,1781814036,R_10,4841.232,-1,0.033999999999650754,BACKFILL_AUTO
2026-06-18 20:20:38,1781814038,R_10,4841.122,-1,0.10999999999967258,BACKFILL_AUTO
2026-06-18 20:20:40,1781814040,R_10,4841.128,1,0.0059999999994033715,BACKFILL_AUTO
2026-06-18 20:20:42,1781814042,R_10,4840.992,-1,0.1359999999995125,BACKFILL_AUTO
2026-06-18 20:20:44,1781814044,R_10,4841.146,1,0.15399999999954161,BACKFILL_AUTO
2026-06-18 20:20:46,1781814046,R_10,4841.099,-1,0.04699999999957072,BACKFILL_AUTO
2026-06-18 20:20:48,1781814048,R_10,4840.807,-1,0.2920000000003711,BACKFILL_AUTO
2026-06-18 20:20:50,1781814050,R_10,4840.533,-1,0.2739999999994325,BACKFILL_AUTO
2026-06-18 20:20:52,1781814052,R_10,4840.628,1,0.09499999999934516,BACKFILL_AUTO
2026-06-18 20:20:54,1781814054,R_10,4840.539,-1,0.08899999999994179,BACKFILL_AUTO
2026-06-18 20:20:56,1781814056,R_10,4840.65,1,0.11099999999987631,BACKFILL_AUTO
2026-06-18 20:20:58,1781814058,R_10,4840.622,-1,0.027999999999337888,BACKFILL_AUTO
2026-06-18 20:21:00,1781814060,R_10,4840.505,-1,0.11700000000018917,BACKFILL_AUTO
2026-06-18 20:21:02,1781814062,R_10,4840.553,1,0.047999999999774445,BACKFILL_AUTO
2026-06-18 20:21:04,1781814064,R_10,4840.671,1,0.1180000000003929,BACKFILL_AUTO
2026-06-18 20:21:06,1781814066,R_10,4840.866,1,0.19499999999970896,BACKFILL_AUTO
2026-06-18 20:21:08,1781814068,R_10,4840.769,-1,0.09699999999975262,BACKFILL_AUTO
2026-06-18 20:21:10,1781814070,R_10,4840.745,-1,0.02400000000034197,BACKFILL_AUTO
2026-06-18 20:21:12,1781814072,R_10,4840.617,-1,0.12799999999970169,BACKFILL_AUTO
2026-06-18 20:21:14,1781814074,R_10,4840.662,1,0.04500000000007276,BACKFILL_AUTO
2026-06-18 20:21:16,1781814076,R_10,4840.554,-1,0.10800000000017462,BACKFILL_AUTO
2026-06-18 20:21:18,1781814078,R_10,4840.335,-1,0.21900000000005093,BACKFILL_AUTO
2026-06-18 20:21:20,1781814080,R_10,4840.249,-1,0.0860000000002401,BACKFILL_AUTO
2026-06-18 20:21:22,1781814082,R_10,4840.398,1,0.14900000000034197,BACKFILL_AUTO
2026-06-18 20:21:24,1781814084,R_10,4840.403,1,0.005000000000109139,BACKFILL_AUTO
2026-06-18 20:21:26,1781814086,R_10,4840.509,1,0.10599999999976717,BACKFILL_AUTO
2026-06-18 20:21:28,1781814088,R_10,4840.324,-1,0.18500000000040018,BACKFILL_AUTO
2026-06-18 20:21:30,1781814090,R_10,4840.304,-1,0.019999999999527063,BACKFILL_AUTO
2026-06-18 20:21:32,1781814092,R_10,4840.353,1,0.04899999999997817,BACKFILL_AUTO
2026-06-18 20:21:34,1781814094,R_10,4840.042,-1,0.3109999999996944,BACKFILL_AUTO
2026-06-18 20:21:36,1781814096,R_10,4839.891,-1,0.15100000000074942,BACKFILL_AUTO
2026-06-18 20:21:38,1781814098,R_10,4839.847,-1,0.04399999999986903,BACKFILL_AUTO
2026-06-18 20:21:40,1781814100,R_10,4840.095,1,0.24800000000050204,BACKFILL_AUTO
2026-06-18 20:21:42,1781814102,R_10,4840.122,1,0.027000000000043656,BACKFILL_AUTO
2026-06-18 20:21:44,1781814104,R_10,4839.941,-1,0.18100000000049477,BACKFILL_AUTO
2026-06-18 20:21:46,1781814106,R_10,4839.73,-1,0.2110000000002401,BACKFILL_AUTO
2026-06-18 20:21:48,1781814108,R_10,4839.635,-1,0.09499999999934516,BACKFILL_AUTO
2026-06-18 20:21:50,1781814110,R_10,4839.608,-1,0.027000000000043656,BACKFILL_AUTO
2026-06-18 20:21:52,1781814112,R_10,4839.556,-1,0.05200000000058935,BACKFILL_AUTO
2026-06-18 20:21:54,1781814114,R_10,4839.295,-1,0.2609999999995125,BACKFILL_AUTO
2026-06-18 20:21:56,1781814116,R_10,4839.204,-1,0.09100000000034925,BACKFILL_AUTO
2026-06-18 20:21:58,1781814118,R_10,4839.174,-1,0.02999999999974534,BACKFILL_AUTO
2026-06-18 20:22:00,1781814120,R_10,4839.06,-1,0.113999999999578,BACKFILL_AUTO
2026-06-18 20:22:02,1781814122,R_10,4839.185,1,0.125,BACKFILL_AUTO
2026-06-18 20:22:04,1781814124,R_10,4839.143,-1,0.042000000000371074,BACKFILL_AUTO
2026-06-18 20:22:06,1781814126,R_10,4839.041,-1,0.10199999999986176,BACKFILL_AUTO
2026-06-18 20:22:08,1781814128,R_10,4839.073,1,0.032000000000152795,BACKFILL_AUTO
2026-06-18 20:22:10,1781814130,R_10,4839.074,1,0.0009999999992942321,BACKFILL_AUTO
2026-06-18 20:22:12,1781814132,R_10,4838.929,-1,0.14499999999952706,BACKFILL_AUTO
2026-06-18 20:22:14,1781814134,R_10,4839.101,1,0.17199999999957072,BACKFILL_AUTO
2026-06-18 20:22:16,1781814136,R_10,4839.306,1,0.20499999999992724,BACKFILL_AUTO
2026-06-18 20:22:18,1781814138,R_10,4838.978,-1,0.3279999999995198,BACKFILL_AUTO
2026-06-18 20:22:20,1781814140,R_10,4838.989,1,0.01099999999951251,BACKFILL_AUTO
2026-06-18 20:22:22,1781814142,R_10,4838.977,-1,0.011999999999716238,BACKFILL_AUTO
2026-06-18 20:22:24,1781814144,R_10,4838.837,-1,0.13999999999941792,BACKFILL_AUTO
2026-06-18 20:22:26,1781814146,R_10,4838.867,1,0.02999999999974534,BACKFILL_AUTO
2026-06-18 20:22:28,1781814148,R_10,4838.949,1,0.0819999999994252,BACKFILL_AUTO
2026-06-18 20:22:30,1781814150,R_10,4838.843,-1,0.10599999999976717,BACKFILL_AUTO
2026-06-18 20:22:32,1781814152,R_10,4838.958,1,0.11499999999978172,BACKFILL_AUTO
2026-06-18 20:22:34,1781814154,R_10,4839.125,1,0.16700000000037107,BACKFILL_AUTO
2026-06-18 20:22:36,1781814156,R_10,4839.051,-1,0.07399999999961437,BACKFILL_AUTO
2026-06-18 20:22:38,1781814158,R_10,4839.151,1,0.0999999999994543,BACKFILL_AUTO
2026-06-18 20:22:40,1781814160,R_10,4839.248,1,0.09699999999975262,BACKFILL_AUTO
2026-06-18 20:22:42,1781814162,R_10,4839.488,1,0.24000000000069122,BACKFILL_AUTO
2026-06-18 20:22:44,1781814164,R_10,4839.369,-1,0.11900000000059663,BACKFILL_AUTO
2026-06-18 20:22:46,1781814166,R_10,4839.567,1,0.19800000000032014,BACKFILL_AUTO
2026-06-18 20:22:48,1781814168,R_10,4839.695,1,0.12799999999970169,BACKFILL_AUTO
2026-06-18 20:22:50,1781814170,R_10,4839.649,-1,0.04599999999936699,BACKFILL_AUTO
2026-06-18 20:22:52,1781814172,R_10,4839.586,-1,0.06300000000010186,BACKFILL_AUTO
2026-06-18 20:22:54,1781814174,R_10,4839.694,1,0.10800000000017462,BACKFILL_AUTO
2026-06-18 20:22:56,1781814176,R_10,4839.814,1,0.11999999999989086,BACKFILL_AUTO
2026-06-18 20:22:58,1781814178,R_10,4839.771,-1,0.0430000000005748,BACKFILL_AUTO
2026-06-18 20:23:00,1781814180,R_10,4839.835,1,0.06400000000030559,BACKFILL_AUTO
2026-06-18 20:23:02,1781814182,R_10,4839.958,1,0.12299999999959255,BACKFILL_AUTO
2026-06-18 20:23:04,1781814184,R_10,4840.144,1,0.1860000000006039,BACKFILL_AUTO
2026-06-18 20:23:06,1781814186,R_10,4840.009,-1,0.13500000000021828,BACKFILL_AUTO
2026-06-18 20:23:08,1781814188,R_10,4839.961,-1,0.047999999999774445,BACKFILL_AUTO
2026-06-18 20:23:10,1781814190,R_10,4840.066,1,0.10499999999956344,BACKFILL_AUTO
2026-06-18 20:23:12,1781814192,R_10,4839.744,-1,0.3220000000001164,BACKFILL_AUTO
2026-06-18 20:23:14,1781814194,R_10,4839.799,1,0.05500000000029104,BACKFILL_AUTO
2026-06-18 20:23:16,1781814196,R_10,4839.887,1,0.08799999999973807,BACKFILL_AUTO
2026-06-18 20:23:18,1781814198,R_10,4840.075,1,0.18800000000010186,BACKFILL_AUTO
2026-06-18 20:23:20,1781814200,R_10,4840.083,1,0.007999999999810825,BACKFILL_AUTO
2026-06-18 20:23:22,1781814202,R_10,4840.187,1,0.10400000000026921,BACKFILL_AUTO
2026-06-18 20:23:24,1781814204,R_10,4839.937,-1,0.25,BACKFILL_AUTO
2026-06-18 20:23:26,1781814206,R_10,4839.877,-1,0.05999999999949068,BACKFILL_AUTO
2026-06-18 20:23:28,1781814208,R_10,4839.761,-1,0.11599999999998545,BACKFILL_AUTO
2026-06-18 20:23:30,1781814210,R_10,4839.661,-1,0.1000000000003638,BACKFILL_AUTO
2026-06-18 20:23:32,1781814212,R_10,4839.647,-1,0.014000000000123691,BACKFILL_AUTO
2026-06-18 20:23:34,1781814214,R_10,4839.55,-1,0.09699999999975262,BACKFILL_AUTO
2026-06-18 20:23:36,1781814216,R_10,4839.603,1,0.052999999999883585,BACKFILL_AUTO
2026-06-18 20:23:38,1781814218,R_10,4839.587,-1,0.01599999999962165,BACKFILL_AUTO
2026-06-18 20:23:40,1781814220,R_10,4839.601,1,0.013999999999214197,BACKFILL_AUTO
2026-06-18 20:23:42,1781814222,R_10,4839.499,-1,0.10199999999986176,BACKFILL_AUTO
2026-06-18 20:23:44,1781814224,R_10,4839.481,-1,0.018000000000029104,BACKFILL_AUTO
2026-06-18 20:23:46,1781814226,R_10,4839.515,1,0.03400000000056025,BACKFILL_AUTO
2026-06-18 20:23:48,1781814228,R_10,4839.592,1,0.07699999999931606,BACKFILL_AUTO
2026-06-18 20:23:50,1781814230,R_10,4839.621,1,0.02900000000045111,BACKFILL_AUTO
2026-06-18 20:23:52,1781814232,R_10,4839.677,1,0.05599999999958527,BACKFILL_AUTO
2026-06-18 20:23:54,1781814234,R_10,4839.48,-1,0.19700000000011642,BACKFILL_AUTO
2026-06-18 20:23:56,1781814236,R_10,4839.524,1,0.04400000000077853,BACKFILL_AUTO
2026-06-18 20:23:58,1781814238,R_10,4839.449,-1,0.0750000000007276,BACKFILL_AUTO
2026-06-18 20:24:00,1781814240,R_10,4839.449,0,0.0,BACKFILL_AUTO
2026-06-18 20:24:02,1781814242,R_10,4839.577,1,0.12800000000061118,BACKFILL_AUTO
2026-06-18 20:24:04,1781814244,R_10,4839.587,1,0.010000000000218279,BACKFILL_AUTO
2026-06-18 20:24:06,1781814246,R_10,4839.527,-1,0.06000000000040018,BACKFILL_AUTO
2026-06-18 20:24:08,1781814248,R_10,4839.545,1,0.018000000000029104,BACKFILL_AUTO
2026-06-18 20:24:10,1781814250,R_10,4839.632,1,0.08699999999953434,BACKFILL_AUTO
2026-06-18 20:24:12,1781814252,R_10,4839.621,-1,0.01099999999951251,BACKFILL_AUTO
2026-06-18 20:24:14,1781814254,R_10,4839.732,1,0.11099999999987631,BACKFILL_AUTO
2026-06-18 20:24:16,1781814256,R_10,4839.838,1,0.10599999999976717,BACKFILL_AUTO
2026-06-18 20:24:18,1781814258,R_10,4839.804,-1,0.033999999999650754,BACKFILL_AUTO
2026-06-18 20:24:20,1781814260,R_10,4839.904,1,0.1000000000003638,BACKFILL_AUTO
2026-06-18 20:24:22,1781814262,R_10,4839.938,1,0.033999999999650754,BACKFILL_AUTO
2026-06-18 20:24:24,1781814264,R_10,4839.803,-1,0.13500000000021828,BACKFILL_AUTO
2026-06-18 20:24:26,1781814266,R_10,4839.793,-1,0.010000000000218279,BACKFILL_AUTO
2026-06-18 20:24:28,1781814268,R_10,4839.802,1,0.009000000000014552,BACKFILL_AUTO
2026-06-18 20:24:30,1781814270,R_10,4839.782,-1,0.019999999999527063,BACKFILL_AUTO
2026-06-18 20:24:32,1781814272,R_10,4839.682,-1,0.1000000000003638,BACKFILL_AUTO
2026-06-18 20:24:34,1781814274,R_10,4839.641,-1,0.04100000000016735,BACKFILL_AUTO
2026-06-18 20:24:36,1781814276,R_10,4839.748,1,0.1069999999999709,BACKFILL_AUTO
2026-06-18 20:24:38,1781814278,R_10,4839.541,-1,0.2069999999994252,BACKFILL_AUTO
2026-06-18 20:24:40,1781814280,R_10,4839.564,1,0.023000000000138243,BACKFILL_AUTO
2026-06-18 20:24:42,1781814282,R_10,4839.736,1,0.17199999999957072,BACKFILL_AUTO
2026-06-18 20:24:44,1781814284,R_10,4839.66,-1,0.07600000000002183,BACKFILL_AUTO
2026-06-18 20:24:46,1781814286,R_10,4839.745,1,0.08500000000003638,BACKFILL_AUTO
2026-06-18 20:24:48,1781814288,R_10,4839.768,1,0.023000000000138243,BACKFILL_AUTO
2026-06-18 20:24:50,1781814290,R_10,4839.86,1,0.09199999999964348,BACKFILL_AUTO
2026-06-18 20:24:52,1781814292,R_10,4839.886,1,0.026000000000749424,BACKFILL_AUTO
2026-06-18 20:24:54,1781814294,R_10,4839.787,-1,0.09900000000016007,BACKFILL_AUTO
2026-06-18 20:24:56,1781814296,R_10,4839.737,-1,0.0500000000001819,BACKFILL_AUTO
2026-06-18 20:24:58,1781814298,R_10,4839.514,-1,0.22299999999995634,BACKFILL_AUTO
2026-06-18 20:25:00,1781814300,R_10,4839.407,-1,0.1069999999999709,BACKFILL_AUTO
2026-06-18 20:25:02,1781814302,R_10,4839.269,-1,0.13799999999991996,BACKFILL_AUTO
2026-06-18 20:25:04,1781814304,R_10,4839.462,1,0.193000000000211,BACKFILL_AUTO
2026-06-18 20:25:06,1781814306,R_10,4839.46,-1,0.0020000000004074536,BACKFILL_AUTO
2026-06-18 20:25:08,1781814308,R_10,4839.298,-1,0.16200000000026193,BACKFILL_AUTO
2026-06-18 20:25:10,1781814310,R_10,4839.472,1,0.17399999999997817,BACKFILL_AUTO
2026-06-18 20:25:12,1781814312,R_10,4839.576,1,0.10400000000026921,BACKFILL_AUTO
2026-06-18 20:25:14,1781814314,R_10,4839.513,-1,0.06300000000010186,BACKFILL_AUTO
2026-06-18 20:25:16,1781814316,R_10,4839.312,-1,0.20100000000002183,BACKFILL_AUTO
2026-06-18 20:25:18,1781814318,R_10,4839.48,1,0.1679999999996653,BACKFILL_AUTO
2026-06-18 20:25:20,1781814320,R_10,4839.644,1,0.1640000000006694,BACKFILL_AUTO
2026-06-18 20:25:22,1781814322,R_10,4839.662,1,0.018000000000029104,BACKFILL_AUTO
2026-06-18 20:25:24,1781814324,R_10,4839.716,1,0.05400000000008731,BACKFILL_AUTO
2026-06-18 20:25:26,1781814326,R_10,4839.732,1,0.01599999999962165,BACKFILL_AUTO
2026-06-18 20:25:28,1781814328,R_10,4839.792,1,0.06000000000040018,BACKFILL_AUTO
2026-06-18 20:25:30,1781814330,R_10,4839.839,1,0.04699999999957072,BACKFILL_AUTO
2026-06-18 20:25:32,1781814332,R_10,4840.001,1,0.16200000000026193,BACKFILL_AUTO
2026-06-18 20:25:34,1781814334,R_10,4840.182,1,0.18099999999958527,BACKFILL_AUTO
2026-06-18 20:25:36,1781814336,R_10,4840.021,-1,0.1610000000000582,BACKFILL_AUTO
2026-06-18 20:25:38,1781814338,R_10,4839.794,-1,0.22699999999986176,BACKFILL_AUTO
2026-06-18 20:25:40,1781814340,R_10,4839.754,-1,0.03999999999996362,BACKFILL_AUTO
2026-06-18 20:25:42,1781814342,R_10,4839.792,1,0.03800000000046566,BACKFILL_AUTO
2026-06-18 20:25:44,1781814344,R_10,4839.732,-1,0.06000000000040018,BACKFILL_AUTO
2026-06-18 20:25:46,1781814346,R_10,4839.844,1,0.11200000000008004,BACKFILL_AUTO
2026-06-18 20:25:48,1781814348,R_10,4839.93,1,0.0860000000002401,BACKFILL_AUTO
2026-06-18 20:25:50,1781814350,R_10,4839.885,-1,0.04500000000007276,BACKFILL_AUTO
2026-06-18 20:25:52,1781814352,R_10,4839.985,1,0.0999999999994543,BACKFILL_AUTO
2026-06-18 20:25:54,1781814354,R_10,4840.178,1,0.193000000000211,BACKFILL_AUTO
2026-06-18 20:25:56,1781814356,R_10,4840.202,1,0.02400000000034197,BACKFILL_AUTO
2026-06-18 20:25:58,1781814358,R_10,4840.194,-1,0.007999999999810825,BACKFILL_AUTO
2026-06-18 20:26:00,1781814360,R_10,4840.082,-1,0.11200000000008004,BACKFILL_AUTO
2026-06-18 20:26:02,1781814362,R_10,4840.299,1,0.21699999999964348,BACKFILL_AUTO
2026-06-18 20:26:04,1781814364,R_10,4840.528,1,0.2290000000002692,BACKFILL_AUTO
2026-06-18 20:26:06,1781814366,R_10,4840.445,-1,0.08300000000053842,BACKFILL_AUTO
2026-06-18 20:26:08,1781814368,R_10,4840.354,-1,0.09099999999943975,BACKFILL_AUTO
2026-06-18 20:26:10,1781814370,R_10,4840.393,1,0.03899999999975989,BACKFILL_AUTO
2026-06-18 20:26:12,1781814372,R_10,4840.538,1,0.14499999999952706,BACKFILL_AUTO
2026-06-18 20:26:14,1781814374,R_10,4840.674,1,0.136000000000422,BACKFILL_AUTO
2026-06-18 20:26:16,1781814376,R_10,4840.582,-1,0.09199999999964348,BACKFILL_AUTO
2026-06-18 20:26:18,1781814378,R_10,4840.613,1,0.03099999999994907,BACKFILL_AUTO
2026-06-18 20:26:20,1781814380,R_10,4840.709,1,0.09599999999954889,BACKFILL_AUTO
2026-06-18 20:26:22,1781814382,R_10,4840.982,1,0.27300000000013824,BACKFILL_AUTO
2026-06-18 20:26:24,1781814384,R_10,4840.955,-1,0.027000000000043656,BACKFILL_AUTO
2026-06-18 20:26:26,1781814386,R_10,4840.922,-1,0.03300000000035652,BACKFILL_AUTO
2026-06-18 20:26:28,1781814388,R_10,4841.046,1,0.12400000000070577,BACKFILL_AUTO
2026-06-18 20:26:30,1781814390,R_10,4841.119,1,0.07299999999941065,BACKFILL_AUTO
2026-06-18 20:26:32,1781814392,R_10,4841.07,-1,0.04899999999997817,BACKFILL_AUTO
2026-06-18 20:26:34,1781814394,R_10,4841.019,-1,0.05099999999947613,BACKFILL_AUTO
2026-06-18 20:26:36,1781814396,R_10,4841.048,1,0.028999999999541615,BACKFILL_AUTO
2026-06-18 20:26:38,1781814398,R_10,4841.155,1,0.1069999999999709,BACKFILL_AUTO
2026-06-18 20:26:40,1781814400,R_10,4841.118,-1,0.03699999999935244,BACKFILL_AUTO
2026-06-18 20:26:42,1781814402,R_10,4841.121,1,0.0029999999997016857,BACKFILL_AUTO
2026-06-18 20:26:44,1781814404,R_10,4840.956,-1,0.16499999999996362,BACKFILL_AUTO
2026-06-18 20:26:46,1781814406,R_10,4841.081,1,0.125,BACKFILL_AUTO
2026-06-18 20:26:48,1781814408,R_10,4841.081,0,0.0,BACKFILL_AUTO
2026-06-18 20:26:50,1781814410,R_10,4841.031,-1,0.0500000000001819,BACKFILL_AUTO
2026-06-18 20:26:52,1781814412,R_10,4841.224,1,0.193000000000211,BACKFILL_AUTO
2026-06-18 20:26:54,1781814414,R_10,4841.289,1,0.06499999999959982,BACKFILL_AUTO
2026-06-18 20:26:56,1781814416,R_10,4841.323,1,0.03400000000056025,BACKFILL_AUTO
2026-06-18 20:26:58,1781814418,R_10,4841.47,1,0.14699999999993452,BACKFILL_AUTO
2026-06-18 20:27:00,1781814420,R_10,4841.497,1,0.027000000000043656,BACKFILL_AUTO
2026-06-18 20:27:02,1781814422,R_10,4841.545,1,0.047999999999774445,BACKFILL_AUTO
2026-06-18 20:27:04,1781814424,R_10,4841.612,1,0.06700000000000728,BACKFILL_AUTO
2026-06-18 20:27:06,1781814426,R_10,4841.576,-1,0.03600000000005821,BACKFILL_AUTO
2026-06-18 20:27:08,1781814428,R_10,4841.657,1,0.08100000000013097,BACKFILL_AUTO
2026-06-18 20:27:10,1781814430,R_10,4841.711,1,0.05400000000008731,BACKFILL_AUTO
2026-06-18 20:27:12,1781814432,R_10,4841.63,-1,0.08100000000013097,BACKFILL_AUTO
2026-06-18 20:27:14,1781814434,R_10,4841.662,1,0.032000000000152795,BACKFILL_AUTO
2026-06-18 20:27:16,1781814436,R_10,4841.635,-1,0.027000000000043656,BACKFILL_AUTO
2026-06-18 20:27:18,1781814438,R_10,4841.594,-1,0.04100000000016735,BACKFILL_AUTO
2026-06-18 20:27:20,1781814440,R_10,4841.569,-1,0.024999999999636202,BACKFILL_AUTO
2026-06-18 20:27:22,1781814442,R_10,4841.59,1,0.02099999999973079,BACKFILL_AUTO
2026-06-18 20:27:24,1781814444,R_10,4841.445,-1,0.14500000000043656,BACKFILL_AUTO
2026-06-18 20:27:26,1781814446,R_10,4841.426,-1,0.018999999999323336,BACKFILL_AUTO
2026-06-18 20:27:28,1781814448,R_10,4841.32,-1,0.10600000000067666,BACKFILL_AUTO
2026-06-18 20:27:30,1781814450,R_10,4841.03,-1,0.2899999999999636,BACKFILL_AUTO
2026-06-18 20:27:32,1781814452,R_10,4840.869,-1,0.1610000000000582,BACKFILL_AUTO
2026-06-18 20:27:34,1781814454,R_10,4840.949,1,0.07999999999992724,BACKFILL_AUTO
2026-06-18 20:27:36,1781814456,R_10,4840.938,-1,0.01099999999951251,BACKFILL_AUTO
2026-06-18 20:27:38,1781814458,R_10,4840.813,-1,0.125,BACKFILL_AUTO
2026-06-18 20:27:40,1781814460,R_10,4840.699,-1,0.11400000000048749,BACKFILL_AUTO
2026-06-18 20:27:42,1781814462,R_10,4840.753,1,0.05400000000008731,BACKFILL_AUTO
2026-06-18 20:27:44,1781814464,R_10,4840.967,1,0.2139999999999418,BACKFILL_AUTO
2026-06-18 20:27:46,1781814466,R_10,4840.996,1,0.02900000000045111,BACKFILL_AUTO
2026-06-18 20:27:48,1781814468,R_10,4841.195,1,0.19899999999961437,BACKFILL_AUTO
2026-06-18 20:27:50,1781814470,R_10,4841.156,-1,0.03899999999975989,BACKFILL_AUTO
2026-06-18 20:27:52,1781814472,R_10,4841.411,1,0.25500000000010914,BACKFILL_AUTO
2026-06-18 20:27:54,1781814474,R_10,4841.449,1,0.03799999999955617,BACKFILL_AUTO
2026-06-18 20:27:56,1781814476,R_10,4841.413,-1,0.03600000000005821,BACKFILL_AUTO
2026-06-18 20:27:58,1781814478,R_10,4841.363,-1,0.049999999999272404,BACKFILL_AUTO
2026-06-18 20:28:00,1781814480,R_10,4841.195,-1,0.1680000000005748,BACKFILL_AUTO
2026-06-18 20:28:02,1781814482,R_10,4841.061,-1,0.13400000000001455,BACKFILL_AUTO
2026-06-18 20:28:04,1781814484,R_10,4841.064,1,0.0030000000006111804,BACKFILL_AUTO
2026-06-18 20:28:06,1781814486,R_10,4841.143,1,0.07899999999972351,BACKFILL_AUTO
2026-06-18 20:28:08,1781814488,R_10,4841.244,1,0.10099999999965803,BACKFILL_AUTO
2026-06-18 20:28:10,1781814490,R_10,4841.279,1,0.035000000000763976,BACKFILL_AUTO
2026-06-18 20:28:12,1781814492,R_10,4841.198,-1,0.08100000000013097,BACKFILL_AUTO
2026-06-18 20:28:14,1781814494,R_10,4841.233,1,0.03499999999985448,BACKFILL_AUTO
2026-06-18 20:28:16,1781814496,R_10,4841.132,-1,0.10100000000056752,BACKFILL_AUTO
2026-06-18 20:28:18,1781814498,R_10,4841.013,-1,0.11899999999968713,BACKFILL_AUTO
2026-06-18 20:28:20,1781814500,R_10,4841.27,1,0.2570000000005166,BACKFILL_AUTO
2026-06-18 20:28:22,1781814502,R_10,4841.253,-1,0.01700000000073487,BACKFILL_AUTO
2026-06-18 20:28:24,1781814504,R_10,4841.075,-1,0.17799999999988358,BACKFILL_AUTO
2026-06-18 20:28:26,1781814506,R_10,4840.662,-1,0.41299999999955617,BACKFILL_AUTO
2026-06-18 20:28:28,1781814508,R_10,4840.718,1,0.05599999999958527,BACKFILL_AUTO
2026-06-18 20:28:30,1781814510,R_10,4840.656,-1,0.06199999999989814,BACKFILL_AUTO
2026-06-18 20:28:32,1781814512,R_10,4840.561,-1,0.09500000000025466,BACKFILL_AUTO
2026-06-18 20:28:34,1781814514,R_10,4840.416,-1,0.14499999999952706,BACKFILL_AUTO
2026-06-18 20:28:36,1781814516,R_10,4840.49,1,0.07399999999961437,BACKFILL_AUTO
2026-06-18 20:28:38,1781814518,R_10,4840.388,-1,0.10199999999986176,BACKFILL_AUTO
2026-06-18 20:28:40,1781814520,R_10,4840.702,1,0.3140000000003056,BACKFILL_AUTO
2026-06-18 20:28:42,1781814522,R_10,4840.672,-1,0.030000000000654836,BACKFILL_AUTO
2026-06-18 20:28:44,1781814524,R_10,4840.81,1,0.13800000000082946,BACKFILL_AUTO
2026-06-18 20:28:46,1781814526,R_10,4840.672,-1,0.13800000000082946,BACKFILL_AUTO
2026-06-18 20:28:48,1781814528,R_10,4840.644,-1,0.027999999999337888,BACKFILL_AUTO
2026-06-18 20:28:50,1781814530,R_10,4840.643,-1,0.0010000000002037268,BACKFILL_AUTO
2026-06-18 20:28:52,1781814532,R_10,4840.467,-1,0.17600000000038563,BACKFILL_AUTO
2026-06-18 20:28:54,1781814534,R_10,4840.635,1,0.1680000000005748,BACKFILL_AUTO
2026-06-18 20:28:56,1781814536,R_10,4840.753,1,0.11799999999948341,BACKFILL_AUTO
2026-06-18 20:28:58,1781814538,R_10,4840.798,1,0.04500000000007276,BACKFILL_AUTO
2026-06-18 20:29:00,1781814540,R_10,4840.953,1,0.15500000000065484,BACKFILL_AUTO
2026-06-18 20:29:02,1781814542,R_10,4840.862,-1,0.09100000000034925,BACKFILL_AUTO
2026-06-18 20:29:04,1781814544,R_10,4840.864,1,0.001999999999497959,BACKFILL_AUTO
2026-06-18 20:29:06,1781814546,R_10,4840.78,-1,0.08399999999983265,BACKFILL_AUTO
2026-06-18 20:29:08,1781814548,R_10,4840.71,-1,0.06999999999970896,BACKFILL_AUTO
2026-06-18 20:29:10,1781814550,R_10,4840.836,1,0.12600000000020373,BACKFILL_AUTO
2026-06-18 20:29:12,1781814552,R_10,4840.953,1,0.11700000000018917,BACKFILL_AUTO
2026-06-18 20:29:14,1781814554,R_10,4840.761,-1,0.19200000000000728,BACKFILL_AUTO
2026-06-18 20:29:16,1781814556,R_10,4840.729,-1,0.032000000000152795,BACKFILL_AUTO
2026-06-18 20:29:18,1781814558,R_10,4840.519,-1,0.21000000000003638,BACKFILL_AUTO
2026-06-18 20:29:20,1781814560,R_10,4840.418,-1,0.10100000000056752,BACKFILL_AUTO
2026-06-18 20:29:22,1781814562,R_10,4840.481,1,0.06300000000010186,BACKFILL_AUTO
2026-06-18 20:29:24,1781814564,R_10,4840.498,1,0.016999999999825377,BACKFILL_AUTO
2026-06-18 20:29:26,1781814566,R_10,4840.766,1,0.2680000000000291,BACKFILL_AUTO
2026-06-18 20:29:28,1781814568,R_10,4840.658,-1,0.10799999999926513,BACKFILL_AUTO
2026-06-18 20:29:30,1781814570,R_10,4840.714,1,0.05599999999958527,BACKFILL_AUTO
2026-06-18 20:29:32,1781814572,R_10,4840.729,1,0.015000000000327418,BACKFILL_AUTO
2026-06-18 20:29:34,1781814574,R_10,4840.778,1,0.04899999999997817,BACKFILL_AUTO
2026-06-18 20:29:36,1781814576,R_10,4840.811,1,0.03299999999944703,BACKFILL_AUTO
2026-06-18 20:29:38,1781814578,R_10,4840.648,-1,0.16299999999955617,BACKFILL_AUTO
2026-06-18 20:29:40,1781814580,R_10,4840.777,1,0.1289999999999054,BACKFILL_AUTO
2026-06-18 20:29:42,1781814582,R_10,4840.84,1,0.06300000000010186,BACKFILL_AUTO
2026-06-18 20:29:44,1781814584,R_10,4840.92,1,0.07999999999992724,BACKFILL_AUTO
2026-06-18 20:29:46,1781814586,R_10,4840.91,-1,0.010000000000218279,BACKFILL_AUTO
2026-06-18 20:29:48,1781814588,R_10,4840.859,-1,0.05099999999947613,BACKFILL_AUTO
2026-06-18 20:29:50,1781814590,R_10,4840.938,1,0.07899999999972351,BACKFILL_AUTO
2026-06-18 20:29:52,1781814592,R_10,4840.9,-1,0.03800000000046566,BACKFILL_AUTO
2026-06-18 20:29:54,1781814594,R_10,4840.726,-1,0.17399999999997817,BACKFILL_AUTO
2026-06-18 20:29:56,1781814596,R_10,4840.895,1,0.16900000000077853,BACKFILL_AUTO
2026-06-18 20:29:58,1781814598,R_10,4840.812,-1,0.08300000000053842,BACKFILL_AUTO
2026-06-18 20:30:00,1781814600,R_10,4840.782,-1,0.02999999999974534,BACKFILL_AUTO
2026-06-18 20:30:02,1781814602,R_10,4840.759,-1,0.023000000000138243,BACKFILL_AUTO
2026-06-18 20:30:04,1781814604,R_10,4840.647,-1,0.11200000000008004,BACKFILL_AUTO
2026-06-18 20:30:06,1781814606,R_10,4840.59,-1,0.056999999999789,BACKFILL_AUTO
2026-06-18 20:30:08,1781814608,R_10,4840.601,1,0.01099999999951251,BACKFILL_AUTO
2026-06-18 20:30:10,1781814610,R_10,4840.508,-1,0.0929999999998472,BACKFILL_AUTO
2026-06-18 20:30:12,1781814612,R_10,4840.674,1,0.16600000000016735,BACKFILL_AUTO
2026-06-18 20:30:14,1781814614,R_10,4840.729,1,0.05500000000029104,BACKFILL_AUTO
2026-06-18 20:30:16,1781814616,R_10,4840.516,-1,0.21300000000064756,BACKFILL_AUTO
2026-06-18 20:30:18,1781814618,R_10,4840.66,1,0.14400000000023283,BACKFILL_AUTO
2026-06-18 20:30:20,1781814620,R_10,4840.494,-1,0.16600000000016735,BACKFILL_AUTO
2026-06-18 20:30:22,1781814622,R_10,4840.556,1,0.06199999999989814,BACKFILL_AUTO
2026-06-18 20:30:24,1781814624,R_10,4840.489,-1,0.06700000000000728,BACKFILL_AUTO
2026-06-18 20:30:26,1781814626,R_10,4840.372,-1,0.11699999999927968,BACKFILL_AUTO
2026-06-18 20:30:28,1781814628,R_10,4840.327,-1,0.04500000000007276,BACKFILL_AUTO
2026-06-18 20:30:30,1781814630,R_10,4840.283,-1,0.04399999999986903,BACKFILL_AUTO
2026-06-18 20:30:32,1781814632,R_10,4840.261,-1,0.021999999999934516,BACKFILL_AUTO
2026-06-18 20:30:34,1781814634,R_10,4840.29,1,0.028999999999541615,BACKFILL_AUTO
2026-06-18 20:30:36,1781814636,R_10,4840.385,1,0.09500000000025466,BACKFILL_AUTO
2026-06-18 20:30:38,1781814638,R_10,4840.394,1,0.009000000000014552,BACKFILL_AUTO
2026-06-18 20:30:40,1781814640,R_10,4840.385,-1,0.009000000000014552,BACKFILL_AUTO
2026-06-18 20:30:42,1781814642,R_10,4840.513,1,0.12799999999970169,BACKFILL_AUTO
2026-06-18 20:30:44,1781814644,R_10,4840.609,1,0.09600000000045839,BACKFILL_AUTO
2026-06-18 20:30:46,1781814646,R_10,4840.652,1,0.042999999999665306,BACKFILL_AUTO
2026-06-18 20:30:48,1781814648,R_10,4840.78,1,0.12799999999970169,BACKFILL_AUTO
2026-06-18 20:30:50,1781814650,R_10,4840.728,-1,0.05199999999967986,BACKFILL_AUTO
2026-06-18 20:30:52,1781814652,R_10,4840.711,-1,0.016999999999825377,BACKFILL_AUTO
2026-06-18 20:30:54,1781814654,R_10,4840.867,1,0.15599999999994907,BACKFILL_AUTO
2026-06-18 20:30:56,1781814656,R_10,4840.972,1,0.10499999999956344,BACKFILL_AUTO
2026-06-18 20:30:58,1781814658,R_10,4840.918,-1,0.05400000000008731,BACKFILL_AUTO
2026-06-18 20:31:00,1781814660,R_10,4840.78,-1,0.13799999999991996,BACKFILL_AUTO
2026-06-18 20:31:02,1781814662,R_10,4840.667,-1,0.11299999999937427,BACKFILL_AUTO
2026-06-18 20:31:04,1781814664,R_10,4840.752,1,0.08500000000003638,BACKFILL_AUTO
2026-06-18 20:31:06,1781814666,R_10,4840.713,-1,0.03900000000066939,BACKFILL_AUTO
2026-06-18 20:31:08,1781814668,R_10,4840.533,-1,0.17999999999938154,BACKFILL_AUTO
2026-06-18 20:31:10,1781814670,R_10,4840.482,-1,0.051000000000385626,BACKFILL_AUTO
2026-06-18 20:31:12,1781814672,R_10,4840.61,1,0.12799999999970169,BACKFILL_AUTO
2026-06-18 20:31:14,1781814674,R_10,4840.709,1,0.09900000000016007,BACKFILL_AUTO
2026-06-18 20:31:16,1781814676,R_10,4840.63,-1,0.07899999999972351,BACKFILL_AUTO
2026-06-18 20:31:18,1781814678,R_10,4840.459,-1,0.1710000000002765,BACKFILL_AUTO
2026-06-18 20:31:20,1781814680,R_10,4840.394,-1,0.06499999999959982,BACKFILL_AUTO
2026-06-18 20:31:22,1781814682,R_10,4840.411,1,0.016999999999825377,BACKFILL_AUTO
2026-06-18 20:31:24,1781814684,R_10,4840.537,1,0.12600000000020373,BACKFILL_AUTO
2026-06-18 20:31:26,1781814686,R_10,4840.436,-1,0.10100000000056752,BACKFILL_AUTO
2026-06-18 20:31:28,1781814688,R_10,4840.497,1,0.061000000000603904,BACKFILL_AUTO
2026-06-18 20:31:30,1781814690,R_10,4840.534,1,0.03699999999935244,BACKFILL_AUTO
2026-06-18 20:31:32,1781814692,R_10,4840.735,1,0.20100000000002183,BACKFILL_AUTO
2026-06-18 20:31:34,1781814694,R_10,4840.836,1,0.10100000000056752,BACKFILL_AUTO
2026-06-18 20:31:36,1781814696,R_10,4840.757,-1,0.07900000000063301,BACKFILL_AUTO
2026-06-18 20:31:38,1781814698,R_10,4840.995,1,0.23800000000028376,BACKFILL_AUTO
2026-06-18 20:31:40,1781814700,R_10,4840.851,-1,0.14400000000023283,BACKFILL_AUTO
2026-06-18 20:31:42,1781814702,R_10,4840.907,1,0.056000000000494765,BACKFILL_AUTO
2026-06-18 20:31:44,1781814704,R_10,4840.589,-1,0.318000000000211,BACKFILL_AUTO
2026-06-18 20:31:46,1781814706,R_10,4840.68,1,0.09100000000034925,BACKFILL_AUTO
2026-06-18 20:31:48,1781814708,R_10,4840.713,1,0.03299999999944703,BACKFILL_AUTO
2026-06-18 20:31:50,1781814710,R_10,4840.766,1,0.052999999999883585,BACKFILL_AUTO
2026-06-18 20:31:52,1781814712,R_10,4840.759,-1,0.006999999999607098,BACKFILL_AUTO
2026-06-18 20:31:54,1781814714,R_10,4840.894,1,0.13500000000021828,BACKFILL_AUTO
2026-06-18 20:31:56,1781814716,R_10,4840.808,-1,0.0860000000002401,BACKFILL_AUTO
2026-06-18 20:31:58,1781814718,R_10,4840.686,-1,0.12200000000029831,BACKFILL_AUTO
2026-06-18 20:32:00,1781814720,R_10,4840.658,-1,0.027999999999337888,BACKFILL_AUTO
2026-06-18 20:32:02,1781814722,R_10,4840.835,1,0.17699999999967986,BACKFILL_AUTO
2026-06-18 20:32:04,1781814724,R_10,4840.738,-1,0.09699999999975262,BACKFILL_AUTO
2026-06-18 20:32:06,1781814726,R_10,4840.47,-1,0.2680000000000291,BACKFILL_AUTO
2026-06-18 20:32:08,1781814728,R_10,4840.36,-1,0.11000000000058208,BACKFILL_AUTO
2026-06-18 20:32:10,1781814730,R_10,4840.591,1,0.23100000000067666,BACKFILL_AUTO
2026-06-18 20:32:12,1781814732,R_10,4840.803,1,0.21199999999953434,BACKFILL_AUTO
2026-06-18 20:32:14,1781814734,R_10,4840.722,-1,0.08100000000013097,BACKFILL_AUTO
2026-06-18 20:32:16,1781814736,R_10,4840.507,-1,0.21500000000014552,BACKFILL_AUTO
2026-06-18 20:32:18,1781814738,R_10,4840.448,-1,0.058999999999286956,BACKFILL_AUTO
2026-06-18 20:32:20,1781814740,R_10,4840.451,1,0.0029999999997016857,BACKFILL_AUTO
2026-06-18 20:32:22,1781814742,R_10,4840.407,-1,0.04399999999986903,BACKFILL_AUTO
2026-06-18 20:32:24,1781814744,R_10,4840.557,1,0.1499999999996362,BACKFILL_AUTO
2026-06-18 20:32:26,1781814746,R_10,4840.509,-1,0.047999999999774445,BACKFILL_AUTO
2026-06-18 20:32:28,1781814748,R_10,4840.475,-1,0.033999999999650754,BACKFILL_AUTO
2026-06-18 20:32:30,1781814750,R_10,4840.259,-1,0.21600000000034925,BACKFILL_AUTO
2026-06-18 20:32:32,1781814752,R_10,4840.096,-1,0.16300000000046566,BACKFILL_AUTO
2026-06-18 20:32:34,1781814754,R_10,4840.142,1,0.046000000000276486,BACKFILL_AUTO
2026-06-18 20:32:36,1781814756,R_10,4840.071,-1,0.07099999999991269,BACKFILL_AUTO
2026-06-18 20:32:38,1781814758,R_10,4840.105,1,0.033999999999650754,BACKFILL_AUTO
2026-06-18 20:32:40,1781814760,R_10,4839.939,-1,0.16599999999925785,BACKFILL_AUTO
2026-06-18 20:32:42,1781814762,R_10,4839.794,-1,0.14500000000043656,BACKFILL_AUTO
2026-06-18 20:32:44,1781814764,R_10,4839.696,-1,0.09799999999995634,BACKFILL_AUTO
2026-06-18 20:32:46,1781814766,R_10,4839.713,1,0.016999999999825377,BACKFILL_AUTO
2026-06-18 20:32:48,1781814768,R_10,4839.672,-1,0.04100000000016735,BACKFILL_AUTO
2026-06-18 20:32:50,1781814770,R_10,4839.856,1,0.18400000000019645,BACKFILL_AUTO
2026-06-18 20:32:52,1781814772,R_10,4839.745,-1,0.11099999999987631,BACKFILL_AUTO
2026-06-18 20:32:54,1781814774,R_10,4839.478,-1,0.2669999999998254,BACKFILL_AUTO
2026-06-18 20:32:56,1781814776,R_10,4839.462,-1,0.01599999999962165,BACKFILL_AUTO
2026-06-18 20:32:58,1781814778,R_10,4839.442,-1,0.020000000000436557,BACKFILL_AUTO
2026-06-18 20:33:00,1781814780,R_10,4839.478,1,0.03600000000005821,BACKFILL_AUTO
2026-06-18 20:33:02,1781814782,R_10,4839.634,1,0.15599999999994907,BACKFILL_AUTO
2026-06-18 20:33:04,1781814784,R_10,4839.715,1,0.08100000000013097,BACKFILL_AUTO
2026-06-18 20:33:06,1781814786,R_10,4839.72,1,0.005000000000109139,BACKFILL_AUTO
2026-06-18 20:33:08,1781814788,R_10,4839.742,1,0.021999999999934516,BACKFILL_AUTO
2026-06-18 20:33:10,1781814790,R_10,4839.524,-1,0.2179999999998472,BACKFILL_AUTO
2026-06-18 20:33:12,1781814792,R_10,4839.64,1,0.11599999999998545,BACKFILL_AUTO
2026-06-18 20:33:14,1781814794,R_10,4839.561,-1,0.07900000000063301,BACKFILL_AUTO
2026-06-18 20:33:16,1781814796,R_10,4839.423,-1,0.13799999999991996,BACKFILL_AUTO
2026-06-18 20:33:18,1781814798,R_10,4839.606,1,0.18299999999999272,BACKFILL_AUTO
2026-06-18 20:33:20,1781814800,R_10,4839.648,1,0.042000000000371074,BACKFILL_AUTO
2026-06-18 20:33:22,1781814802,R_10,4839.54,-1,0.10800000000017462,BACKFILL_AUTO
2026-06-18 20:33:24,1781814804,R_10,4839.359,-1,0.18099999999958527,BACKFILL_AUTO
2026-06-18 20:33:26,1781814806,R_10,4839.312,-1,0.04700000000048021,BACKFILL_AUTO
2026-06-18 20:33:28,1781814808,R_10,4839.538,1,0.22599999999965803,BACKFILL_AUTO
2026-06-18 20:33:30,1781814810,R_10,4839.5,-1,0.03799999999955617,BACKFILL_AUTO
2026-06-18 20:33:32,1781814812,R_10,4839.417,-1,0.08299999999962893,BACKFILL_AUTO
2026-06-18 20:33:34,1781814814,R_10,4839.397,-1,0.020000000000436557,BACKFILL_AUTO
2026-06-18 20:33:36,1781814816,R_10,4839.393,-1,0.0039999999999054126,BACKFILL_AUTO
2026-06-18 20:33:38,1781814818,R_10,4839.461,1,0.068000000000211,BACKFILL_AUTO
2026-06-18 20:33:40,1781814820,R_10,4839.316,-1,0.14500000000043656,BACKFILL_AUTO
2026-06-18 20:33:42,1781814822,R_10,4839.279,-1,0.03699999999935244,BACKFILL_AUTO
2026-06-18 20:33:44,1781814824,R_10,4839.339,1,0.05999999999949068,BACKFILL_AUTO
2026-06-18 20:33:46,1781814826,R_10,4839.22,-1,0.11899999999968713,BACKFILL_AUTO
2026-06-18 20:33:48,1781814828,R_10,4839.065,-1,0.15500000000065484,BACKFILL_AUTO
2026-06-18 20:33:50,1781814830,R_10,4839.073,1,0.00800000000072032,BACKFILL_AUTO
2026-06-18 20:33:52,1781814832,R_10,4838.988,-1,0.08500000000003638,BACKFILL_AUTO
2026-06-18 20:33:54,1781814834,R_10,4838.958,-1,0.030000000000654836,BACKFILL_AUTO
2026-06-18 20:33:56,1781814836,R_10,4838.936,-1,0.021999999999934516,BACKFILL_AUTO
2026-06-18 20:33:58,1781814838,R_10,4838.942,1,0.006000000000312866,BACKFILL_AUTO
2026-06-18 20:34:00,1781814840,R_10,4839.038,1,0.09599999999954889,BACKFILL_AUTO
2026-06-18 20:34:02,1781814842,R_10,4838.977,-1,0.06099999999969441,BACKFILL_AUTO
2026-06-18 20:34:04,1781814844,R_10,4838.855,-1,0.12200000000029831,BACKFILL_AUTO
2026-06-18 20:34:06,1781814846,R_10,4838.88,1,0.025000000000545697,BACKFILL_AUTO
2026-06-18 20:34:08,1781814848,R_10,4838.904,1,0.02400000000034197,BACKFILL_AUTO
2026-06-18 20:34:10,1781814850,R_10,4838.903,-1,0.0010000000002037268,BACKFILL_AUTO
2026-06-18 20:34:12,1781814852,R_10,4838.759,-1,0.14400000000023283,BACKFILL_AUTO
2026-06-18 20:34:14,1781814854,R_10,4838.764,1,0.005000000000109139,BACKFILL_AUTO
2026-06-18 20:34:16,1781814856,R_10,4838.68,-1,0.08399999999983265,BACKFILL_AUTO
2026-06-18 20:34:18,1781814858,R_10,4838.614,-1,0.06600000000071304,BACKFILL_AUTO
2026-06-18 20:34:20,1781814860,R_10,4838.53,-1,0.08399999999983265,BACKFILL_AUTO
2026-06-18 20:34:22,1781814862,R_10,4838.367,-1,0.16299999999955617,BACKFILL_AUTO
2026-06-18 20:34:24,1781814864,R_10,4838.323,-1,0.04399999999986903,BACKFILL_AUTO
2026-06-18 20:34:26,1781814866,R_10,4838.469,1,0.1459999999997308,BACKFILL_AUTO
2026-06-18 20:34:28,1781814868,R_10,4838.252,-1,0.21699999999964348,BACKFILL_AUTO
2026-06-18 20:34:30,1781814870,R_10,4838.414,1,0.16199999999935244,BACKFILL_AUTO
2026-06-18 20:34:32,1781814872,R_10,4838.414,0,0.0,BACKFILL_AUTO
2026-06-18 20:34:34,1781814874,R_10,4838.49,1,0.07600000000002183,BACKFILL_AUTO
2026-06-18 20:34:36,1781814876,R_10,4838.406,-1,0.08399999999983265,BACKFILL_AUTO
2026-06-18 20:34:38,1781814878,R_10,4838.271,-1,0.13500000000021828,BACKFILL_AUTO
2026-06-18 20:34:40,1781814880,R_10,4838.486,1,0.21500000000014552,BACKFILL_AUTO
2026-06-18 20:34:42,1781814882,R_10,4838.515,1,0.02900000000045111,BACKFILL_AUTO
2026-06-18 20:34:44,1781814884,R_10,4838.527,1,0.011999999999716238,BACKFILL_AUTO
2026-06-18 20:34:46,1781814886,R_10,4838.466,-1,0.06099999999969441,BACKFILL_AUTO
2026-06-18 20:34:48,1781814888,R_10,4838.495,1,0.028999999999541615,BACKFILL_AUTO
2026-06-18 20:34:50,1781814890,R_10,4838.452,-1,0.042999999999665306,BACKFILL_AUTO
2026-06-18 20:34:52,1781814892,R_10,4838.414,-1,0.03800000000046566,BACKFILL_AUTO
2026-06-18 20:34:54,1781814894,R_10,4838.3,-1,0.113999999999578,BACKFILL_AUTO
2026-06-18 20:34:56,1781814896,R_10,4838.331,1,0.03099999999994907,BACKFILL_AUTO
2026-06-18 20:34:58,1781814898,R_10,4838.542,1,0.2110000000002401,BACKFILL_AUTO
2026-06-18 20:35:00,1781814900,R_10,4838.577,1,0.03499999999985448,BACKFILL_AUTO
2026-06-18 20:35:02,1781814902,R_10,4838.492,-1,0.08500000000003638,BACKFILL_AUTO
2026-06-18 20:35:04,1781814904,R_10,4838.412,-1,0.07999999999992724,BACKFILL_AUTO
2026-06-18 20:35:06,1781814906,R_10,4838.394,-1,0.018000000000029104,BACKFILL_AUTO
2026-06-18 20:35:08,1781814908,R_10,4838.36,-1,0.03400000000056025,BACKFILL_AUTO
2026-06-18 20:35:10,1781814910,R_10,4838.35,-1,0.009999999999308784,BACKFILL_AUTO
2026-06-18 20:35:12,1781814912,R_10,4838.224,-1,0.12600000000020373,BACKFILL_AUTO
2026-06-18 20:35:14,1781814914,R_10,4838.106,-1,0.1180000000003929,BACKFILL_AUTO
2026-06-18 20:35:16,1781814916,R_10,4837.997,-1,0.10899999999946886,BACKFILL_AUTO
2026-06-18 20:35:18,1781814918,R_10,4837.774,-1,0.22299999999995634,BACKFILL_AUTO
2026-06-18 20:35:20,1781814920,R_10,4837.78,1,0.0059999999994033715,BACKFILL_AUTO
2026-06-18 20:35:22,1781814922,R_10,4837.899,1,0.11900000000059663,BACKFILL_AUTO
2026-06-18 20:35:24,1781814924,R_10,4838.188,1,0.2889999999997599,BACKFILL_AUTO
2026-06-18 20:35:26,1781814926,R_10,4838.052,-1,0.136000000000422,BACKFILL_AUTO
2026-06-18 20:35:28,1781814928,R_10,4837.867,-1,0.18499999999949068,BACKFILL_AUTO
2026-06-18 20:35:30,1781814930,R_10,4837.807,-1,0.06000000000040018,BACKFILL_AUTO
2026-06-18 20:35:32,1781814932,R_10,4837.905,1,0.09799999999995634,BACKFILL_AUTO
2026-06-18 20:35:34,1781814934,R_10,4838.022,1,0.11700000000018917,BACKFILL_AUTO
2026-06-18 20:35:36,1781814936,R_10,4838.192,1,0.17000000000007276,BACKFILL_AUTO
2026-06-18 20:35:38,1781814938,R_10,4838.292,1,0.1000000000003638,BACKFILL_AUTO
2026-06-18 20:35:40,1781814940,R_10,4838.302,1,0.009999999999308784,BACKFILL_AUTO
2026-06-18 20:35:42,1781814942,R_10,4838.296,-1,0.0059999999994033715,BACKFILL_AUTO
2026-06-18 20:35:44,1781814944,R_10,4838.298,1,0.001999999999497959,BACKFILL_AUTO
2026-06-18 20:35:46,1781814946,R_10,4838.179,-1,0.11899999999968713,BACKFILL_AUTO
2026-06-18 20:35:48,1781814948,R_10,4838.298,1,0.11899999999968713,BACKFILL_AUTO
2026-06-18 20:35:50,1781814950,R_10,4838.169,-1,0.1289999999999054,BACKFILL_AUTO
2026-06-18 20:35:52,1781814952,R_10,4838.099,-1,0.06999999999970896,BACKFILL_AUTO
2026-06-18 20:35:54,1781814954,R_10,4838.028,-1,0.07099999999991269,BACKFILL_AUTO
2026-06-18 20:35:56,1781814956,R_10,4837.889,-1,0.1390000000001237,BACKFILL_AUTO
2026-06-18 20:35:58,1781814958,R_10,4837.869,-1,0.020000000000436557,BACKFILL_AUTO
2026-06-18 20:36:00,1781814960,R_10,4837.885,1,0.016000000000531145,BACKFILL_AUTO
2026-06-18 20:36:02,1781814962,R_10,4837.6,-1,0.2849999999998545,BACKFILL_AUTO
2026-06-18 20:36:04,1781814964,R_10,4837.65,1,0.049999999999272404,BACKFILL_AUTO
2026-06-18 20:36:06,1781814966,R_10,4837.648,-1,0.001999999999497959,BACKFILL_AUTO
2026-06-18 20:36:08,1781814968,R_10,4837.54,-1,0.10800000000017462,BACKFILL_AUTO
2026-06-18 20:36:10,1781814970,R_10,4837.456,-1,0.08399999999983265,BACKFILL_AUTO
2026-06-18 20:36:12,1781814972,R_10,4837.493,1,0.037000000000261934,BACKFILL_AUTO
2026-06-18 20:36:14,1781814974,R_10,4837.437,-1,0.056000000000494765,BACKFILL_AUTO
2026-06-18 20:36:16,1781814976,R_10,4837.275,-1,0.16200000000026193,BACKFILL_AUTO
2026-06-18 20:36:18,1781814978,R_10,4837.319,1,0.04400000000077853,BACKFILL_AUTO
2026-06-18 20:36:20,1781814980,R_10,4837.314,-1,0.005000000000109139,BACKFILL_AUTO
2026-06-18 20:36:22,1781814982,R_10,4837.218,-1,0.09600000000045839,BACKFILL_AUTO
2026-06-18 20:36:24,1781814984,R_10,4837.3,1,0.0820000000003347,BACKFILL_AUTO
2026-06-18 20:36:26,1781814986,R_10,4837.257,-1,0.0430000000005748,BACKFILL_AUTO
2026-06-18 20:36:28,1781814988,R_10,4837.192,-1,0.06499999999959982,BACKFILL_AUTO
2026-06-18 20:36:30,1781814990,R_10,4837.211,1,0.01900000000023283,BACKFILL_AUTO
2026-06-18 20:36:32,1781814992,R_10,4837.218,1,0.006999999999607098,BACKFILL_AUTO
2026-06-18 20:36:34,1781814994,R_10,4837.234,1,0.016000000000531145,BACKFILL_AUTO
2026-06-18 20:36:36,1781814996,R_10,4837.22,-1,0.014000000000123691,BACKFILL_AUTO
2026-06-18 20:36:38,1781814998,R_10,4837.494,1,0.2739999999994325,BACKFILL_AUTO
2026-06-18 20:36:40,1781815000,R_10,4837.447,-1,0.04699999999957072,BACKFILL_AUTO
2026-06-18 20:36:42,1781815002,R_10,4837.562,1,0.11499999999978172,BACKFILL_AUTO
2026-06-18 20:36:44,1781815004,R_10,4837.57,1,0.007999999999810825,BACKFILL_AUTO
2026-06-18 20:36:46,1781815006,R_10,4837.535,-1,0.03499999999985448,BACKFILL_AUTO
2026-06-18 20:36:48,1781815008,R_10,4837.482,-1,0.052999999999883585,BACKFILL_AUTO
2026-06-18 20:36:50,1781815010,R_10,4837.674,1,0.19200000000000728,BACKFILL_AUTO
2026-06-18 20:36:52,1781815012,R_10,4837.923,1,0.24899999999979627,BACKFILL_AUTO
2026-06-18 20:36:54,1781815014,R_10,4837.826,-1,0.09699999999975262,BACKFILL_AUTO
2026-06-18 20:36:56,1781815016,R_10,4837.789,-1,0.037000000000261934,BACKFILL_AUTO
2026-06-18 20:36:58,1781815018,R_10,4837.762,-1,0.027000000000043656,BACKFILL_AUTO
2026-06-18 20:37:00,1781815020,R_10,4837.619,-1,0.1430000000000291,BACKFILL_AUTO
2026-06-18 20:37:02,1781815022,R_10,4837.572,-1,0.04699999999957072,BACKFILL_AUTO
2026-06-18 20:37:04,1781815024,R_10,4837.479,-1,0.0929999999998472,BACKFILL_AUTO
2026-06-18 20:37:06,1781815026,R_10,4837.516,1,0.03699999999935244,BACKFILL_AUTO
2026-06-18 20:37:08,1781815028,R_10,4837.607,1,0.09100000000034925,BACKFILL_AUTO
2026-06-18 20:37:10,1781815030,R_10,4837.549,-1,0.057999999999992724,BACKFILL_AUTO
2026-06-18 20:37:12,1781815032,R_10,4837.659,1,0.10999999999967258,BACKFILL_AUTO
2026-06-18 20:37:14,1781815034,R_10,4837.808,1,0.14900000000034197,BACKFILL_AUTO
2026-06-18 20:37:16,1781815036,R_10,4837.538,-1,0.27000000000043656,BACKFILL_AUTO
2026-06-18 20:37:18,1781815038,R_10,4837.456,-1,0.0819999999994252,BACKFILL_AUTO
2026-06-18 20:37:20,1781815040,R_10,4837.712,1,0.25600000000031287,BACKFILL_AUTO
2026-06-18 20:37:22,1781815042,R_10,4837.905,1,0.1929999999993015,BACKFILL_AUTO
2026-06-18 20:37:24,1781815044,R_10,4837.865,-1,0.03999999999996362,BACKFILL_AUTO
2026-06-18 20:37:26,1781815046,R_10,4838.075,1,0.21000000000003638,BACKFILL_AUTO
2026-06-18 20:37:28,1781815048,R_10,4837.977,-1,0.09799999999995634,BACKFILL_AUTO
2026-06-18 20:37:30,1781815050,R_10,4837.783,-1,0.19399999999950523,BACKFILL_AUTO
2026-06-18 20:37:32,1781815052,R_10,4837.713,-1,0.07000000000061846,BACKFILL_AUTO
2026-06-18 20:37:34,1781815054,R_10,4837.651,-1,0.06199999999989814,BACKFILL_AUTO
2026-06-18 20:37:36,1781815056,R_10,4837.551,-1,0.0999999999994543,BACKFILL_AUTO
2026-06-18 20:37:38,1781815058,R_10,4837.487,-1,0.06400000000030559,BACKFILL_AUTO
2026-06-18 20:37:40,1781815060,R_10,4837.514,1,0.027000000000043656,BACKFILL_AUTO
2026-06-18 20:37:42,1781815062,R_10,4837.567,1,0.052999999999883585,BACKFILL_AUTO
2026-06-18 20:37:44,1781815064,R_10,4837.636,1,0.06900000000041473,BACKFILL_AUTO
2026-06-18 20:37:46,1781815066,R_10,4837.752,1,0.11599999999998545,BACKFILL_AUTO
2026-06-18 20:37:48,1781815068,R_10,4837.89,1,0.13799999999991996,BACKFILL_AUTO
2026-06-18 20:37:50,1781815070,R_10,4837.919,1,0.028999999999541615,BACKFILL_AUTO
2026-06-18 20:37:52,1781815072,R_10,4837.894,-1,0.024999999999636202,BACKFILL_AUTO
2026-06-18 20:37:54,1781815074,R_10,4837.819,-1,0.0749999999998181,BACKFILL_AUTO
2026-06-18 20:37:56,1781815076,R_10,4837.769,-1,0.0500000000001819,BACKFILL_AUTO
2026-06-18 20:37:58,1781815078,R_10,4837.591,-1,0.17799999999988358,BACKFILL_AUTO
2026-06-18 20:38:00,1781815080,R_10,4837.547,-1,0.04400000000077853,BACKFILL_AUTO
2026-06-18 20:38:02,1781815082,R_10,4837.651,1,0.10400000000026921,BACKFILL_AUTO
2026-06-18 20:38:04,1781815084,R_10,4837.792,1,0.14100000000053114,BACKFILL_AUTO
2026-06-18 20:38:06,1781815086,R_10,4837.937,1,0.14499999999952706,BACKFILL_AUTO
2026-06-18 20:38:08,1781815088,R_10,4837.849,-1,0.08799999999973807,BACKFILL_AUTO
2026-06-18 20:38:10,1781815090,R_10,4837.954,1,0.10499999999956344,BACKFILL_AUTO
2026-06-18 20:38:12,1781815092,R_10,4837.917,-1,0.03699999999935244,BACKFILL_AUTO
2026-06-18 20:38:14,1781815094,R_10,4837.727,-1,0.19000000000050932,BACKFILL_AUTO
2026-06-18 20:38:16,1781815096,R_10,4837.636,-1,0.09099999999943975,BACKFILL_AUTO
2026-06-18 20:38:18,1781815098,R_10,4837.554,-1,0.0820000000003347,BACKFILL_AUTO
2026-06-18 20:38:20,1781815100,R_10,4837.432,-1,0.12200000000029831,BACKFILL_AUTO
2026-06-18 20:38:22,1781815102,R_10,4837.329,-1,0.10300000000006548,BACKFILL_AUTO
2026-06-18 20:38:24,1781815104,R_10,4837.401,1,0.07200000000011642,BACKFILL_AUTO
2026-06-18 20:38:26,1781815106,R_10,4837.325,-1,0.07600000000002183,BACKFILL_AUTO
2026-06-18 20:38:28,1781815108,R_10,4837.314,-1,0.01099999999951251,BACKFILL_AUTO
2026-06-18 20:38:30,1781815110,R_10,4837.341,1,0.027000000000043656,BACKFILL_AUTO
2026-06-18 20:38:32,1781815112,R_10,4837.254,-1,0.08700000000044383,BACKFILL_AUTO
2026-06-18 20:38:34,1781815114,R_10,4837.347,1,0.0929999999998472,BACKFILL_AUTO
2026-06-18 20:38:36,1781815116,R_10,4837.293,-1,0.05400000000008731,BACKFILL_AUTO
2026-06-18 20:38:38,1781815118,R_10,4837.209,-1,0.08399999999983265,BACKFILL_AUTO
2026-06-18 20:38:40,1781815120,R_10,4837.117,-1,0.09199999999964348,BACKFILL_AUTO
2026-06-18 20:38:42,1781815122,R_10,4837.008,-1,0.10900000000037835,BACKFILL_AUTO
2026-06-18 20:38:44,1781815124,R_10,4836.982,-1,0.02599999999983993,BACKFILL_AUTO
2026-06-18 20:38:46,1781815126,R_10,4836.894,-1,0.08799999999973807,BACKFILL_AUTO
2026-06-18 20:38:48,1781815128,R_10,4836.959,1,0.06499999999959982,BACKFILL_AUTO
2026-06-18 20:38:50,1781815130,R_10,4837.0,1,0.04100000000016735,BACKFILL_AUTO
2026-06-18 20:38:52,1781815132,R_10,4837.005,1,0.005000000000109139,BACKFILL_AUTO
2026-06-18 20:38:54,1781815134,R_10,4836.775,-1,0.23000000000047294,BACKFILL_AUTO
2026-06-18 20:38:56,1781815136,R_10,4836.714,-1,0.06099999999969441,BACKFILL_AUTO
2026-06-18 20:38:58,1781815138,R_10,4836.693,-1,0.02099999999973079,BACKFILL_AUTO
2026-06-18 20:39:00,1781815140,R_10,4836.504,-1,0.1890000000003056,BACKFILL_AUTO
2026-06-18 20:39:02,1781815142,R_10,4836.414,-1,0.09000000000014552,BACKFILL_AUTO
2026-06-18 20:39:04,1781815144,R_10,4836.404,-1,0.009999999999308784,BACKFILL_AUTO
2026-06-18 20:39:06,1781815146,R_10,4836.364,-1,0.040000000000873115,BACKFILL_AUTO
2026-06-18 20:39:08,1781815148,R_10,4836.343,-1,0.02099999999973079,BACKFILL_AUTO
2026-06-18 20:39:10,1781815150,R_10,4836.417,1,0.07400000000052387,BACKFILL_AUTO
2026-06-18 20:39:12,1781815152,R_10,4836.411,-1,0.006000000000312866,BACKFILL_AUTO
2026-06-18 20:39:14,1781815154,R_10,4836.354,-1,0.056999999999789,BACKFILL_AUTO
2026-06-18 20:39:16,1781815156,R_10,4836.387,1,0.03299999999944703,BACKFILL_AUTO
2026-06-18 20:39:18,1781815158,R_10,4836.343,-1,0.04399999999986903,BACKFILL_AUTO
2026-06-18 20:39:20,1781815160,R_10,4836.563,1,0.22000000000025466,BACKFILL_AUTO
2026-06-18 20:39:22,1781815162,R_10,4836.592,1,0.028999999999541615,BACKFILL_AUTO
2026-06-18 20:39:24,1781815164,R_10,4836.596,1,0.0039999999999054126,BACKFILL_AUTO
2026-06-18 20:39:26,1781815166,R_10,4836.474,-1,0.12199999999938882,BACKFILL_AUTO
2026-06-18 20:39:28,1781815168,R_10,4836.155,-1,0.31900000000041473,BACKFILL_AUTO
2026-06-18 20:39:30,1781815170,R_10,4835.982,-1,0.17299999999977445,BACKFILL_AUTO
2026-06-18 20:39:32,1781815172,R_10,4835.891,-1,0.09100000000034925,BACKFILL_AUTO
2026-06-18 20:39:34,1781815174,R_10,4835.879,-1,0.011999999999716238,BACKFILL_AUTO
2026-06-18 20:39:36,1781815176,R_10,4835.85,-1,0.028999999999541615,BACKFILL_AUTO
2026-06-18 20:39:38,1781815178,R_10,4836.062,1,0.21199999999953434,BACKFILL_AUTO
2026-06-18 20:39:40,1781815180,R_10,4836.185,1,0.12300000000050204,BACKFILL_AUTO
2026-06-18 20:39:42,1781815182,R_10,4836.323,1,0.13799999999991996,BACKFILL_AUTO
2026-06-18 20:39:44,1781815184,R_10,4836.312,-1,0.011000000000422006,BACKFILL_AUTO
2026-06-18 20:39:46,1781815186,R_10,4836.261,-1,0.05099999999947613,BACKFILL_AUTO
2026-06-18 20:39:48,1781815188,R_10,4836.323,1,0.06199999999989814,BACKFILL_AUTO
2026-06-18 20:39:50,1781815190,R_10,4836.296,-1,0.027000000000043656,BACKFILL_AUTO
2026-06-18 20:39:52,1781815192,R_10,4836.541,1,0.24499999999989086,BACKFILL_AUTO
2026-06-18 20:39:54,1781815194,R_10,4836.36,-1,0.18100000000049477,BACKFILL_AUTO
2026-06-18 20:39:56,1781815196,R_10,4836.167,-1,0.1929999999993015,BACKFILL_AUTO
2026-06-18 20:39:58,1781815198,R_10,4836.072,-1,0.09500000000025466,BACKFILL_AUTO
2026-06-18 20:40:00,1781815200,R_10,4836.168,1,0.09599999999954889,BACKFILL_AUTO
2026-06-18 20:40:02,1781815202,R_10,4836.221,1,0.052999999999883585,BACKFILL_AUTO
2026-06-18 20:40:04,1781815204,R_10,4836.226,1,0.005000000000109139,BACKFILL_AUTO
2026-06-18 20:40:06,1781815206,R_10,4836.17,-1,0.05599999999958527,BACKFILL_AUTO
2026-06-18 20:40:08,1781815208,R_10,4836.366,1,0.1959999999999127,BACKFILL_AUTO
2026-06-18 20:40:10,1781815210,R_10,4836.369,1,0.0029999999997016857,BACKFILL_AUTO
2026-06-18 20:40:12,1781815212,R_10,4836.482,1,0.11300000000028376,BACKFILL_AUTO
2026-06-18 20:40:14,1781815214,R_10,4836.456,-1,0.02599999999983993,BACKFILL_AUTO
2026-06-18 20:40:16,1781815216,R_10,4836.598,1,0.14199999999982538,BACKFILL_AUTO
2026-06-18 20:40:18,1781815218,R_10,4836.433,-1,0.16499999999996362,BACKFILL_AUTO
2026-06-18 20:40:20,1781815220,R_10,4836.3,-1,0.13299999999981083,BACKFILL_AUTO
2026-06-18 20:40:22,1781815222,R_10,4836.23,-1,0.07000000000061846,BACKFILL_AUTO
2026-06-18 20:40:24,1781815224,R_10,4835.962,-1,0.2679999999991196,BACKFILL_AUTO
2026-06-18 20:40:26,1781815226,R_10,4836.109,1,0.14699999999993452,BACKFILL_AUTO
2026-06-18 20:40:28,1781815228,R_10,4836.012,-1,0.09700000000066211,BACKFILL_AUTO
2026-06-18 20:40:30,1781815230,R_10,4835.938,-1,0.07399999999961437,BACKFILL_AUTO
2026-06-18 20:40:32,1781815232,R_10,4836.106,1,0.1679999999996653,BACKFILL_AUTO
2026-06-18 20:40:34,1781815234,R_10,4836.201,1,0.09500000000025466,BACKFILL_AUTO
2026-06-18 20:40:36,1781815236,R_10,4836.04,-1,0.1610000000000582,BACKFILL_AUTO
2026-06-18 20:40:38,1781815238,R_10,4836.23,1,0.18999999999959982,BACKFILL_AUTO
2026-06-18 20:40:40,1781815240,R_10,4836.324,1,0.09400000000005093,BACKFILL_AUTO
2026-06-18 20:40:42,1781815242,R_10,4836.352,1,0.028000000000247383,BACKFILL_AUTO
2026-06-18 20:40:44,1781815244,R_10,4836.475,1,0.12300000000050204,BACKFILL_AUTO
2026-06-18 20:40:46,1781815246,R_10,4836.504,1,0.028999999999541615,BACKFILL_AUTO
2026-06-18 20:40:48,1781815248,R_10,4836.494,-1,0.010000000000218279,BACKFILL_AUTO
2026-06-18 20:40:50,1781815250,R_10,4836.419,-1,0.0749999999998181,BACKFILL_AUTO
2026-06-18 20:40:52,1781815252,R_10,4836.579,1,0.15999999999985448,BACKFILL_AUTO
2026-06-18 20:40:54,1781815254,R_10,4836.605,1,0.02599999999983993,BACKFILL_AUTO
2026-06-18 20:40:56,1781815256,R_10,4836.588,-1,0.016999999999825377,BACKFILL_AUTO
2026-06-18 20:40:58,1781815258,R_10,4836.601,1,0.012999999999919964,BACKFILL_AUTO
2026-06-18 20:41:00,1781815260,R_10,4836.498,-1,0.10300000000006548,BACKFILL_AUTO
2026-06-18 20:41:02,1781815262,R_10,4836.493,-1,0.004999999999199645,BACKFILL_AUTO
2026-06-18 20:41:04,1781815264,R_10,4836.378,-1,0.11500000000069122,BACKFILL_AUTO
2026-06-18 20:41:06,1781815266,R_10,4836.459,1,0.08100000000013097,BACKFILL_AUTO
2026-06-18 20:41:08,1781815268,R_10,4836.503,1,0.04399999999986903,BACKFILL_AUTO
2026-06-18 20:41:10,1781815270,R_10,4836.461,-1,0.04199999999946158,BACKFILL_AUTO
2026-06-18 20:41:12,1781815272,R_10,4836.5,1,0.03899999999975989,BACKFILL_AUTO
2026-06-18 20:41:14,1781815274,R_10,4836.4,-1,0.1000000000003638,BACKFILL_AUTO
2026-06-18 20:41:16,1781815276,R_10,4836.294,-1,0.10599999999976717,BACKFILL_AUTO
2026-06-18 20:41:18,1781815278,R_10,4836.182,-1,0.11200000000008004,BACKFILL_AUTO
2026-06-18 20:41:20,1781815280,R_10,4836.289,1,0.1069999999999709,BACKFILL_AUTO
2026-06-18 20:41:22,1781815282,R_10,4836.191,-1,0.09799999999995634,BACKFILL_AUTO
2026-06-18 20:41:24,1781815284,R_10,4836.299,1,0.10800000000017462,BACKFILL_AUTO
2026-06-18 20:41:26,1781815286,R_10,4836.259,-1,0.03999999999996362,BACKFILL_AUTO
2026-06-18 20:41:28,1781815288,R_10,4836.396,1,0.13699999999971624,BACKFILL_AUTO
2026-06-18 20:41:30,1781815290,R_10,4836.452,1,0.056000000000494765,BACKFILL_AUTO
2026-06-18 20:41:32,1781815292,R_10,4836.481,1,0.028999999999541615,BACKFILL_AUTO
2026-06-18 20:41:34,1781815294,R_10,4836.291,-1,0.18999999999959982,BACKFILL_AUTO
2026-06-18 20:41:36,1781815296,R_10,4836.504,1,0.21299999999973807,BACKFILL_AUTO
2026-06-18 20:41:38,1781815298,R_10,4836.457,-1,0.04699999999957072,BACKFILL_AUTO
2026-06-18 20:41:40,1781815300,R_10,4836.456,-1,0.0010000000002037268,BACKFILL_AUTO
2026-06-18 20:41:42,1781815302,R_10,4836.373,-1,0.08300000000053842,BACKFILL_AUTO
2026-06-18 20:41:44,1781815304,R_10,4836.609,1,0.2360000000007858,BACKFILL_AUTO
2026-06-18 20:41:46,1781815306,R_10,4836.511,-1,0.09799999999995634,BACKFILL_AUTO
2026-06-18 20:41:48,1781815308,R_10,4836.639,1,0.12799999999970169,BACKFILL_AUTO
2026-06-18 20:41:50,1781815310,R_10,4836.511,-1,0.12799999999970169,BACKFILL_AUTO
2026-06-18 20:41:52,1781815312,R_10,4836.583,1,0.07199999999920692,BACKFILL_AUTO
2026-06-18 20:41:54,1781815314,R_10,4836.45,-1,0.13299999999981083,BACKFILL_AUTO
2026-06-18 20:41:56,1781815316,R_10,4836.282,-1,0.1679999999996653,BACKFILL_AUTO
2026-06-18 20:41:58,1781815318,R_10,4836.326,1,0.04399999999986903,BACKFILL_AUTO
2026-06-18 20:42:00,1781815320,R_10,4836.193,-1,0.13299999999981083,BACKFILL_AUTO
2026-06-18 20:42:02,1781815322,R_10,4836.237,1,0.04399999999986903,BACKFILL_AUTO
2026-06-18 20:42:04,1781815324,R_10,4836.418,1,0.18099999999958527,BACKFILL_AUTO
2026-06-18 20:42:06,1781815326,R_10,4836.386,-1,0.0319999999992433,BACKFILL_AUTO
2026-06-18 20:42:08,1781815328,R_10,4836.531,1,0.14499999999952706,BACKFILL_AUTO
2026-06-18 20:42:10,1781815330,R_10,4836.607,1,0.07600000000002183,BACKFILL_AUTO
2026-06-18 20:42:12,1781815332,R_10,4836.62,1,0.012999999999919964,BACKFILL_AUTO
2026-06-18 20:42:14,1781815334,R_10,4836.982,1,0.36200000000008004,BACKFILL_AUTO
2026-06-18 20:42:16,1781815336,R_10,4836.891,-1,0.09100000000034925,BACKFILL_AUTO
2026-06-18 20:42:18,1781815338,R_10,4836.912,1,0.021000000000640284,BACKFILL_AUTO
2026-06-18 20:42:20,1781815340,R_10,4837.083,1,0.170999999999367,BACKFILL_AUTO
2026-06-18 20:42:22,1781815342,R_10,4836.992,-1,0.09099999999943975,BACKFILL_AUTO
2026-06-18 20:42:24,1781815344,R_10,4837.052,1,0.05999999999949068,BACKFILL_AUTO
2026-06-18 20:42:26,1781815346,R_10,4836.887,-1,0.16499999999996362,BACKFILL_AUTO
2026-06-18 20:42:28,1781815348,R_10,4836.823,-1,0.0639999999993961,BACKFILL_AUTO
2026-06-18 20:42:30,1781815350,R_10,4836.609,-1,0.2139999999999418,BACKFILL_AUTO
2026-06-18 20:42:32,1781815352,R_10,4836.633,1,0.023999999999432475,BACKFILL_AUTO
2026-06-18 20:42:34,1781815354,R_10,4836.425,-1,0.20799999999962893,BACKFILL_AUTO
2026-06-18 20:42:36,1781815356,R_10,4836.413,-1,0.012000000000625732,BACKFILL_AUTO
2026-06-18 20:42:38,1781815358,R_10,4836.477,1,0.06400000000030559,BACKFILL_AUTO
2026-06-18 20:42:40,1781815360,R_10,4836.413,-1,0.06400000000030559,BACKFILL_AUTO
2026-06-18 20:42:42,1781815362,R_10,4836.516,1,0.10300000000006548,BACKFILL_AUTO
2026-06-18 20:42:44,1781815364,R_10,4836.556,1,0.03999999999996362,BACKFILL_AUTO
2026-06-18 20:42:46,1781815366,R_10,4836.387,-1,0.16899999999986903,BACKFILL_AUTO
2026-06-18 20:42:48,1781815368,R_10,4836.446,1,0.05900000000019645,BACKFILL_AUTO
2026-06-18 20:42:50,1781815370,R_10,4836.566,1,0.11999999999989086,BACKFILL_AUTO
2026-06-18 20:42:52,1781815372,R_10,4836.578,1,0.012000000000625732,BACKFILL_AUTO
2026-06-18 20:42:54,1781815374,R_10,4836.454,-1,0.12400000000070577,BACKFILL_AUTO
2026-06-18 20:42:56,1781815376,R_10,4836.56,1,0.10600000000067666,BACKFILL_AUTO
2026-06-18 20:42:58,1781815378,R_10,4836.719,1,0.15899999999965075,BACKFILL_AUTO
2026-06-18 20:43:00,1781815380,R_10,4836.96,1,0.24099999999998545,BACKFILL_AUTO
2026-06-18 20:43:02,1781815382,R_10,4836.907,-1,0.052999999999883585,BACKFILL_AUTO
2026-06-18 20:43:04,1781815384,R_10,4837.02,1,0.11300000000028376,BACKFILL_AUTO
2026-06-18 20:43:06,1781815386,R_10,4837.159,1,0.1389999999992142,BACKFILL_AUTO
2026-06-18 20:43:08,1781815388,R_10,4837.051,-1,0.10799999999926513,BACKFILL_AUTO
2026-06-18 20:43:10,1781815390,R_10,4837.116,1,0.06499999999959982,BACKFILL_AUTO
2026-06-18 20:43:12,1781815392,R_10,4837.301,1,0.18500000000040018,BACKFILL_AUTO
2026-06-18 20:43:14,1781815394,R_10,4837.274,-1,0.027000000000043656,BACKFILL_AUTO
2026-06-18 20:43:16,1781815396,R_10,4837.261,-1,0.012999999999919964,BACKFILL_AUTO
2026-06-18 20:43:18,1781815398,R_10,4837.381,1,0.11999999999989086,BACKFILL_AUTO
2026-06-18 20:43:20,1781815400,R_10,4837.378,-1,0.0030000000006111804,BACKFILL_AUTO
2026-06-18 20:43:22,1781815402,R_10,4837.377,-1,0.0009999999992942321,BACKFILL_AUTO
2026-06-18 20:43:24,1781815404,R_10,4837.445,1,0.06799999999930151,BACKFILL_AUTO
2026-06-18 20:43:26,1781815406,R_10,4837.308,-1,0.13699999999971624,BACKFILL_AUTO
2026-06-18 20:43:28,1781815408,R_10,4837.308,0,0.0,BACKFILL_AUTO
2026-06-18 20:43:30,1781815410,R_10,4837.286,-1,0.021999999999934516,BACKFILL_AUTO
2026-06-18 20:43:32,1781815412,R_10,4837.297,1,0.01099999999951251,BACKFILL_AUTO
2026-06-18 20:43:34,1781815414,R_10,4837.359,1,0.06200000000080763,BACKFILL_AUTO
2026-06-18 20:43:36,1781815416,R_10,4837.399,1,0.03999999999996362,BACKFILL_AUTO
2026-06-18 20:43:38,1781815418,R_10,4837.32,-1,0.07900000000063301,BACKFILL_AUTO
2026-06-18 20:43:40,1781815420,R_10,4837.245,-1,0.0749999999998181,BACKFILL_AUTO
2026-06-18 20:43:42,1781815422,R_10,4837.207,-1,0.03799999999955617,BACKFILL_AUTO
2026-06-18 20:43:44,1781815424,R_10,4837.2,-1,0.007000000000516593,BACKFILL_AUTO
2026-06-18 20:43:46,1781815426,R_10,4837.051,-1,0.14899999999943248,BACKFILL_AUTO
2026-06-18 20:43:48,1781815428,R_10,4837.216,1,0.16499999999996362,BACKFILL_AUTO
2026-06-18 20:43:50,1781815430,R_10,4837.124,-1,0.09200000000055297,BACKFILL_AUTO
2026-06-18 20:43:52,1781815432,R_10,4837.248,1,0.12399999999979627,BACKFILL_AUTO
2026-06-18 20:43:54,1781815434,R_10,4837.209,-1,0.03899999999975989,BACKFILL_AUTO
2026-06-18 20:43:56,1781815436,R_10,4837.005,-1,0.2039999999997235,BACKFILL_AUTO
2026-06-18 20:43:58,1781815438,R_10,4837.16,1,0.15499999999974534,BACKFILL_AUTO
2026-06-18 20:44:00,1781815440,R_10,4837.299,1,0.1390000000001237,BACKFILL_AUTO
2026-06-18 20:44:02,1781815442,R_10,4837.251,-1,0.047999999999774445,BACKFILL_AUTO
2026-06-18 20:44:04,1781815444,R_10,4837.465,1,0.2139999999999418,BACKFILL_AUTO
2026-06-18 20:44:06,1781815446,R_10,4837.257,-1,0.20800000000053842,BACKFILL_AUTO
2026-06-18 20:44:08,1781815448,R_10,4837.274,1,0.01700000000073487,BACKFILL_AUTO
2026-06-18 20:44:10,1781815450,R_10,4837.207,-1,0.06700000000000728,BACKFILL_AUTO
2026-06-18 20:44:12,1781815452,R_10,4837.108,-1,0.09900000000016007,BACKFILL_AUTO
2026-06-18 20:44:14,1781815454,R_10,4837.025,-1,0.08300000000053842,BACKFILL_AUTO
2026-06-18 20:44:16,1781815456,R_10,4836.98,-1,0.04500000000007276,BACKFILL_AUTO
2026-06-18 20:44:18,1781815458,R_10,4836.934,-1,0.04599999999936699,BACKFILL_AUTO
2026-06-18 20:44:20,1781815460,R_10,4837.041,1,0.1069999999999709,BACKFILL_AUTO
2026-06-18 20:44:22,1781815462,R_10,4837.111,1,0.06999999999970896,BACKFILL_AUTO
2026-06-18 20:44:24,1781815464,R_10,4837.137,1,0.02599999999983993,BACKFILL_AUTO
2026-06-18 20:44:26,1781815466,R_10,4837.044,-1,0.0929999999998472,BACKFILL_AUTO
2026-06-18 20:44:28,1781815468,R_10,4837.086,1,0.042000000000371074,BACKFILL_AUTO
2026-06-18 20:44:30,1781815470,R_10,4836.807,-1,0.2790000000004511,BACKFILL_AUTO
2026-06-18 20:44:32,1781815472,R_10,4836.697,-1,0.10999999999967258,BACKFILL_AUTO
2026-06-18 20:44:34,1781815474,R_10,4836.821,1,0.12399999999979627,BACKFILL_AUTO
2026-06-18 20:44:36,1781815476,R_10,4836.988,1,0.16700000000037107,BACKFILL_AUTO
2026-06-18 20:44:38,1781815478,R_10,4836.943,-1,0.04500000000007276,BACKFILL_AUTO
2026-06-18 20:44:40,1781815480,R_10,4836.72,-1,0.22299999999995634,BACKFILL_AUTO
2026-06-18 20:44:42,1781815482,R_10,4836.864,1,0.14399999999932334,BACKFILL_AUTO
2026-06-18 20:44:44,1781815484,R_10,4836.737,-1,0.12699999999949796,BACKFILL_AUTO
2026-06-18 20:44:46,1781815486,R_10,4836.567,-1,0.17000000000007276,BACKFILL_AUTO
2026-06-18 20:44:48,1781815488,R_10,4836.594,1,0.027000000000043656,BACKFILL_AUTO
2026-06-18 20:44:50,1781815490,R_10,4836.569,-1,0.024999999999636202,BACKFILL_AUTO
2026-06-18 20:44:52,1781815492,R_10,4836.544,-1,0.025000000000545697,BACKFILL_AUTO
2026-06-18 20:44:54,1781815494,R_10,4836.712,1,0.1680000000005748,BACKFILL_AUTO
2026-06-18 20:44:56,1781815496,R_10,4836.755,1,0.042999999999665306,BACKFILL_AUTO
2026-06-18 20:44:58,1781815498,R_10,4836.737,-1,0.018000000000029104,BACKFILL_AUTO
2026-06-18 20:45:00,1781815500,R_10,4836.714,-1,0.023000000000138243,BACKFILL_AUTO
2026-06-18 20:45:02,1781815502,R_10,4836.718,1,0.0039999999999054126,BACKFILL_AUTO
2026-06-18 20:45:04,1781815504,R_10,4837.003,1,0.2849999999998545,BACKFILL_AUTO
2026-06-18 20:45:06,1781815506,R_10,4837.078,1,0.0750000000007276,BACKFILL_AUTO
2026-06-18 20:45:08,1781815508,R_10,4837.063,-1,0.015000000000327418,BACKFILL_AUTO
2026-06-18 20:45:10,1781815510,R_10,4836.96,-1,0.10300000000006548,BACKFILL_AUTO
2026-06-18 20:45:12,1781815512,R_10,4836.941,-1,0.01900000000023283,BACKFILL_AUTO
2026-06-18 20:45:14,1781815514,R_10,4836.99,1,0.04899999999997817,BACKFILL_AUTO
2026-06-18 20:45:16,1781815516,R_10,4837.17,1,0.18000000000029104,BACKFILL_AUTO
2026-06-18 20:45:18,1781815518,R_10,4837.002,-1,0.1679999999996653,BACKFILL_AUTO
2026-06-18 20:45:20,1781815520,R_10,4837.045,1,0.042999999999665306,BACKFILL_AUTO
2026-06-18 20:45:22,1781815522,R_10,4837.139,1,0.09400000000005093,BACKFILL_AUTO
2026-06-18 20:45:24,1781815524,R_10,4837.041,-1,0.09799999999995634,BACKFILL_AUTO
2026-06-18 20:45:26,1781815526,R_10,4837.175,1,0.13400000000001455,BACKFILL_AUTO
2026-06-18 20:45:28,1781815528,R_10,4837.026,-1,0.14900000000034197,BACKFILL_AUTO
2026-06-18 20:45:30,1781815530,R_10,4837.06,1,0.03400000000056025,BACKFILL_AUTO
2026-06-18 20:45:32,1781815532,R_10,4837.025,-1,0.035000000000763976,BACKFILL_AUTO
2026-06-18 20:45:34,1781815534,R_10,4837.116,1,0.09100000000034925,BACKFILL_AUTO
2026-06-18 20:45:36,1781815536,R_10,4836.959,-1,0.1570000000001528,BACKFILL_AUTO
2026-06-18 20:45:38,1781815538,R_10,4836.922,-1,0.037000000000261934,BACKFILL_AUTO
2026-06-18 20:45:40,1781815540,R_10,4836.782,-1,0.13999999999941792,BACKFILL_AUTO
2026-06-18 20:45:42,1781815542,R_10,4836.837,1,0.05500000000029104,BACKFILL_AUTO
2026-06-18 20:45:44,1781815544,R_10,4836.859,1,0.021999999999934516,BACKFILL_AUTO
2026-06-18 20:45:46,1781815546,R_10,4837.111,1,0.25199999999949796,BACKFILL_AUTO
2026-06-18 20:45:48,1781815548,R_10,4837.158,1,0.04700000000048021,BACKFILL_AUTO
2026-06-18 20:45:50,1781815550,R_10,4837.119,-1,0.03900000000066939,BACKFILL_AUTO
2026-06-18 20:45:52,1781815552,R_10,4837.106,-1,0.012999999999919964,BACKFILL_AUTO
2026-06-18 20:45:54,1781815554,R_10,4837.108,1,0.0020000000004074536,BACKFILL_AUTO
2026-06-18 20:45:56,1781815556,R_10,4837.071,-1,0.037000000000261934,BACKFILL_AUTO
2026-06-18 20:45:58,1781815558,R_10,4837.173,1,0.10199999999986176,BACKFILL_AUTO
2026-06-18 20:46:00,1781815560,R_10,4837.221,1,0.047999999999774445,BACKFILL_AUTO
2026-06-18 20:46:02,1781815562,R_10,4837.231,1,0.010000000000218279,BACKFILL_AUTO
2026-06-18 20:46:04,1781815564,R_10,4837.171,-1,0.05999999999949068,BACKFILL_AUTO
2026-06-18 20:46:06,1781815566,R_10,4837.07,-1,0.10100000000056752,BACKFILL_AUTO
2026-06-18 20:46:08,1781815568,R_10,4836.92,-1,0.1499999999996362,BACKFILL_AUTO
2026-06-18 20:46:10,1781815570,R_10,4836.955,1,0.03499999999985448,BACKFILL_AUTO
2026-06-18 20:46:12,1781815572,R_10,4836.799,-1,0.15599999999994907,BACKFILL_AUTO
2026-06-18 20:46:14,1781815574,R_10,4836.732,-1,0.06700000000000728,BACKFILL_AUTO
2026-06-18 20:46:16,1781815576,R_10,4836.63,-1,0.10199999999986176,BACKFILL_AUTO
2026-06-18 20:46:18,1781815578,R_10,4836.517,-1,0.11300000000028376,BACKFILL_AUTO
2026-06-18 20:46:20,1781815580,R_10,4836.459,-1,0.057999999999992724,BACKFILL_AUTO
2026-06-18 20:46:22,1781815582,R_10,4836.551,1,0.09200000000055297,BACKFILL_AUTO
2026-06-18 20:46:24,1781815584,R_10,4836.425,-1,0.12600000000020373,BACKFILL_AUTO
2026-06-18 20:46:26,1781815586,R_10,4836.233,-1,0.19200000000000728,BACKFILL_AUTO
2026-06-18 20:46:28,1781815588,R_10,4836.308,1,0.0749999999998181,BACKFILL_AUTO
2026-06-18 20:46:30,1781815590,R_10,4836.17,-1,0.13799999999991996,BACKFILL_AUTO
2026-06-18 20:46:32,1781815592,R_10,4836.074,-1,0.09600000000045839,BACKFILL_AUTO
2026-06-18 20:46:34,1781815594,R_10,4835.993,-1,0.08099999999922147,BACKFILL_AUTO
2026-06-18 20:46:36,1781815596,R_10,4835.92,-1,0.07300000000032014,BACKFILL_AUTO
2026-06-18 20:46:38,1781815598,R_10,4835.964,1,0.04399999999986903,BACKFILL_AUTO
2026-06-18 20:46:40,1781815600,R_10,4835.734,-1,0.22999999999956344,BACKFILL_AUTO
2026-06-18 20:46:42,1781815602,R_10,4835.741,1,0.006999999999607098,BACKFILL_AUTO
2026-06-18 20:46:44,1781815604,R_10,4835.872,1,0.13100000000031287,BACKFILL_AUTO
2026-06-18 20:46:46,1781815606,R_10,4835.968,1,0.09599999999954889,BACKFILL_AUTO
2026-06-18 20:46:48,1781815608,R_10,4835.843,-1,0.125,BACKFILL_AUTO
2026-06-18 20:46:50,1781815610,R_10,4835.736,-1,0.1069999999999709,BACKFILL_AUTO
2026-06-18 20:46:52,1781815612,R_10,4835.823,1,0.08700000000044383,BACKFILL_AUTO
2026-06-18 20:46:54,1781815614,R_10,4835.99,1,0.16699999999946158,BACKFILL_AUTO
2026-06-18 20:46:56,1781815616,R_10,4836.131,1,0.14100000000053114,BACKFILL_AUTO
2026-06-18 20:46:58,1781815618,R_10,4836.071,-1,0.06000000000040018,BACKFILL_AUTO
2026-06-18 20:47:00,1781815620,R_10,4835.861,-1,0.21000000000003638,BACKFILL_AUTO
2026-06-18 20:47:02,1781815622,R_10,4835.823,-1,0.03799999999955617,BACKFILL_AUTO
2026-06-18 20:47:04,1781815624,R_10,4835.668,-1,0.15500000000065484,BACKFILL_AUTO
2026-06-18 20:47:06,1781815626,R_10,4835.8,1,0.1320000000005166,BACKFILL_AUTO
2026-06-18 20:47:08,1781815628,R_10,4835.875,1,0.0749999999998181,BACKFILL_AUTO
2026-06-18 20:47:10,1781815630,R_10,4835.768,-1,0.1069999999999709,BACKFILL_AUTO
2026-06-18 20:47:12,1781815632,R_10,4835.652,-1,0.11599999999998545,BACKFILL_AUTO
2026-06-18 20:47:14,1781815634,R_10,4835.759,1,0.1069999999999709,BACKFILL_AUTO
2026-06-18 20:47:16,1781815636,R_10,4835.788,1,0.028999999999541615,BACKFILL_AUTO
2026-06-18 20:47:18,1781815638,R_10,4835.862,1,0.07400000000052387,BACKFILL_AUTO
2026-06-18 20:47:20,1781815640,R_10,4835.837,-1,0.024999999999636202,BACKFILL_AUTO
2026-06-18 20:47:22,1781815642,R_10,4835.966,1,0.1289999999999054,BACKFILL_AUTO
2026-06-18 20:47:24,1781815644,R_10,4835.841,-1,0.125,BACKFILL_AUTO
2026-06-18 20:47:26,1781815646,R_10,4835.524,-1,0.3170000000000073,BACKFILL_AUTO
2026-06-18 20:47:28,1781815648,R_10,4835.587,1,0.06300000000010186,BACKFILL_AUTO
2026-06-18 20:47:30,1781815650,R_10,4835.652,1,0.06499999999959982,BACKFILL_AUTO
2026-06-18 20:47:32,1781815652,R_10,4835.76,1,0.10800000000017462,BACKFILL_AUTO
2026-06-18 20:47:34,1781815654,R_10,4835.752,-1,0.007999999999810825,BACKFILL_AUTO
2026-06-18 20:47:36,1781815656,R_10,4836.02,1,0.2680000000000291,BACKFILL_AUTO
2026-06-18 20:47:38,1781815658,R_10,4836.001,-1,0.01900000000023283,BACKFILL_AUTO
2026-06-18 20:47:40,1781815660,R_10,4835.857,-1,0.14400000000023283,BACKFILL_AUTO
2026-06-18 20:47:42,1781815662,R_10,4836.011,1,0.1540000000004511,BACKFILL_AUTO
2026-06-18 20:47:44,1781815664,R_10,4836.102,1,0.09099999999943975,BACKFILL_AUTO
2026-06-18 20:47:46,1781815666,R_10,4836.359,1,0.2570000000005166,BACKFILL_AUTO
2026-06-18 20:47:48,1781815668,R_10,4836.489,1,0.12999999999919964,BACKFILL_AUTO
2026-06-18 20:47:50,1781815670,R_10,4836.546,1,0.05700000000069849,BACKFILL_AUTO
2026-06-18 20:47:52,1781815672,R_10,4836.621,1,0.0749999999998181,BACKFILL_AUTO
2026-06-18 20:47:54,1781815674,R_10,4836.508,-1,0.11300000000028376,BACKFILL_AUTO
2026-06-18 20:47:56,1781815676,R_10,4836.443,-1,0.06499999999959982,BACKFILL_AUTO
2026-06-18 20:47:58,1781815678,R_10,4836.713,1,0.26999999999952706,BACKFILL_AUTO
2026-06-18 20:48:00,1781815680,R_10,4836.544,-1,0.16899999999986903,BACKFILL_AUTO
2026-06-18 20:48:02,1781815682,R_10,4836.561,1,0.016999999999825377,BACKFILL_AUTO
2026-06-18 20:48:04,1781815684,R_10,4836.556,-1,0.005000000000109139,BACKFILL_AUTO
2026-06-18 20:48:06,1781815686,R_10,4836.575,1,0.01900000000023283,BACKFILL_AUTO
2026-06-18 20:48:08,1781815688,R_10,4836.55,-1,0.024999999999636202,BACKFILL_AUTO
2026-06-18 20:48:10,1781815690,R_10,4836.476,-1,0.07400000000052387,BACKFILL_AUTO
2026-06-18 20:48:12,1781815692,R_10,4836.357,-1,0.11899999999968713,BACKFILL_AUTO
2026-06-18 20:48:14,1781815694,R_10,4836.309,-1,0.047999999999774445,BACKFILL_AUTO
2026-06-18 20:48:16,1781815696,R_10,4836.212,-1,0.09699999999975262,BACKFILL_AUTO
2026-06-18 20:48:18,1781815698,R_10,4836.29,1,0.07799999999951979,BACKFILL_AUTO
2026-06-18 20:48:20,1781815700,R_10,4836.262,-1,0.028000000000247383,BACKFILL_AUTO
2026-06-18 20:48:22,1781815702,R_10,4836.302,1,0.03999999999996362,BACKFILL_AUTO
2026-06-18 20:48:24,1781815704,R_10,4836.327,1,0.025000000000545697,BACKFILL_AUTO
2026-06-18 20:48:26,1781815706,R_10,4836.314,-1,0.012999999999919964,BACKFILL_AUTO
2026-06-18 20:48:28,1781815708,R_10,4836.647,1,0.3329999999996289,BACKFILL_AUTO
2026-06-18 20:48:30,1781815710,R_10,4836.732,1,0.08500000000003638,BACKFILL_AUTO
2026-06-18 20:48:32,1781815712,R_10,4836.614,-1,0.1180000000003929,BACKFILL_AUTO
2026-06-18 20:48:34,1781815714,R_10,4836.76,1,0.14600000000064028,BACKFILL_AUTO
2026-06-18 20:48:36,1781815716,R_10,4836.704,-1,0.056000000000494765,BACKFILL_AUTO
2026-06-18 20:48:38,1781815718,R_10,4836.69,-1,0.014000000000123691,BACKFILL_AUTO
2026-06-18 20:48:40,1781815720,R_10,4836.768,1,0.07800000000042928,BACKFILL_AUTO
2026-06-18 20:48:42,1781815722,R_10,4836.774,1,0.006000000000312866,BACKFILL_AUTO
2026-06-18 20:48:44,1781815724,R_10,4836.781,1,0.006999999999607098,BACKFILL_AUTO
2026-06-18 20:48:46,1781815726,R_10,4836.835,1,0.05400000000008731,BACKFILL_AUTO
2026-06-18 20:48:48,1781815728,R_10,4836.823,-1,0.011999999999716238,BACKFILL_AUTO
2026-06-18 20:48:50,1781815730,R_10,4836.891,1,0.06799999999930151,BACKFILL_AUTO
2026-06-18 20:48:52,1781815732,R_10,4836.998,1,0.1069999999999709,BACKFILL_AUTO
2026-06-18 20:48:54,1781815734,R_10,4836.892,-1,0.10599999999976717,BACKFILL_AUTO
2026-06-18 20:48:56,1781815736,R_10,4836.916,1,0.02400000000034197,BACKFILL_AUTO
2026-06-18 20:48:58,1781815738,R_10,4836.761,-1,0.15499999999974534,BACKFILL_AUTO
2026-06-18 20:49:00,1781815740,R_10,4836.847,1,0.08599999999933061,BACKFILL_AUTO
2026-06-18 20:49:02,1781815742,R_10,4836.976,1,0.1289999999999054,BACKFILL_AUTO
2026-06-18 20:49:04,1781815744,R_10,4836.936,-1,0.03999999999996362,BACKFILL_AUTO
2026-06-18 20:49:06,1781815746,R_10,4836.935,-1,0.0009999999992942321,BACKFILL_AUTO
2026-06-18 20:49:08,1781815748,R_10,4836.903,-1,0.032000000000152795,BACKFILL_AUTO
2026-06-18 20:49:10,1781815750,R_10,4836.961,1,0.057999999999992724,BACKFILL_AUTO
2026-06-18 20:49:12,1781815752,R_10,4836.873,-1,0.08800000000064756,BACKFILL_AUTO
2026-06-18 20:49:14,1781815754,R_10,4836.778,-1,0.09499999999934516,BACKFILL_AUTO
2026-06-18 20:49:16,1781815756,R_10,4836.91,1,0.1319999999996071,BACKFILL_AUTO
2026-06-18 20:49:18,1781815758,R_10,4837.029,1,0.11900000000059663,BACKFILL_AUTO
2026-06-18 20:49:20,1781815760,R_10,4837.018,-1,0.011000000000422006,BACKFILL_AUTO
2026-06-18 20:49:22,1781815762,R_10,4837.13,1,0.11200000000008004,BACKFILL_AUTO
2026-06-18 20:49:24,1781815764,R_10,4836.917,-1,0.21299999999973807,BACKFILL_AUTO
2026-06-18 20:49:26,1781815766,R_10,4836.946,1,0.028999999999541615,BACKFILL_AUTO
2026-06-18 20:49:28,1781815768,R_10,4837.16,1,0.2139999999999418,BACKFILL_AUTO
2026-06-18 20:49:30,1781815770,R_10,4837.091,-1,0.06899999999950523,BACKFILL_AUTO
2026-06-18 20:49:32,1781815772,R_10,4837.021,-1,0.07000000000061846,BACKFILL_AUTO
2026-06-18 20:49:34,1781815774,R_10,4836.991,-1,0.02999999999974534,BACKFILL_AUTO
2026-06-18 20:49:36,1781815776,R_10,4837.069,1,0.07800000000042928,BACKFILL_AUTO
2026-06-18 20:49:38,1781815778,R_10,4837.333,1,0.2639999999992142,BACKFILL_AUTO
2026-06-18 20:49:40,1781815780,R_10,4837.52,1,0.18700000000080763,BACKFILL_AUTO
2026-06-18 20:49:42,1781815782,R_10,4837.445,-1,0.0750000000007276,BACKFILL_AUTO
2026-06-18 20:49:44,1781815784,R_10,4837.408,-1,0.03699999999935244,BACKFILL_AUTO
2026-06-18 20:49:46,1781815786,R_10,4837.421,1,0.012999999999919964,BACKFILL_AUTO
2026-06-18 20:49:48,1781815788,R_10,4837.612,1,0.19099999999980355,BACKFILL_AUTO
2026-06-18 20:49:50,1781815790,R_10,4837.422,-1,0.19000000000050932,BACKFILL_AUTO
2026-06-18 20:49:52,1781815792,R_10,4837.249,-1,0.17299999999977445,BACKFILL_AUTO
2026-06-18 20:49:54,1781815794,R_10,4837.332,1,0.08300000000053842,BACKFILL_AUTO
2026-06-18 20:49:56,1781815796,R_10,4837.346,1,0.013999999999214197,BACKFILL_AUTO
2026-06-18 20:49:58,1781815798,R_10,4837.388,1,0.042000000000371074,BACKFILL_AUTO
2026-06-18 20:50:00,1781815800,R_10,4837.582,1,0.19400000000041473,BACKFILL_AUTO
2026-06-18 20:50:02,1781815802,R_10,4837.518,-1,0.06400000000030559,BACKFILL_AUTO
2026-06-18 20:50:04,1781815804,R_10,4837.288,-1,0.23000000000047294,BACKFILL_AUTO
2026-06-18 20:50:06,1781815806,R_10,4837.1,-1,0.18799999999919237,BACKFILL_AUTO
2026-06-18 20:50:08,1781815808,R_10,4837.127,1,0.027000000000043656,BACKFILL_AUTO
2026-06-18 20:50:10,1781815810,R_10,4836.984,-1,0.1430000000000291,BACKFILL_AUTO
2026-06-18 20:50:12,1781815812,R_10,4836.928,-1,0.056000000000494765,BACKFILL_AUTO
2026-06-18 20:50:14,1781815814,R_10,4836.73,-1,0.19800000000032014,BACKFILL_AUTO
2026-06-18 20:50:16,1781815816,R_10,4836.956,1,0.22600000000056752,BACKFILL_AUTO
2026-06-18 20:50:18,1781815818,R_10,4836.737,-1,0.21900000000005093,BACKFILL_AUTO
2026-06-18 20:50:20,1781815820,R_10,4836.78,1,0.042999999999665306,BACKFILL_AUTO
2026-06-18 20:50:22,1781815822,R_10,4836.752,-1,0.027999999999337888,BACKFILL_AUTO
2026-06-18 20:50:24,1781815824,R_10,4836.807,1,0.054999999999381544,BACKFILL_AUTO
2026-06-18 20:50:26,1781815826,R_10,4837.067,1,0.2600000000002183,BACKFILL_AUTO
2026-06-18 20:50:28,1781815828,R_10,4837.19,1,0.12299999999959255,BACKFILL_AUTO
2026-06-18 20:50:30,1781815830,R_10,4837.001,-1,0.1889999999993961,BACKFILL_AUTO
2026-06-18 20:50:32,1781815832,R_10,4836.938,-1,0.06300000000010186,BACKFILL_AUTO
2026-06-18 20:50:34,1781815834,R_10,4836.991,1,0.052999999999883585,BACKFILL_AUTO
2026-06-18 20:50:36,1781815836,R_10,4836.915,-1,0.07600000000002183,BACKFILL_AUTO
2026-06-18 20:50:38,1781815838,R_10,4836.929,1,0.014000000000123691,BACKFILL_AUTO
2026-06-18 20:50:40,1781815840,R_10,4837.196,1,0.2669999999998254,BACKFILL_AUTO
2026-06-18 20:50:42,1781815842,R_10,4837.124,-1,0.07200000000011642,BACKFILL_AUTO
2026-06-18 20:50:44,1781815844,R_10,4837.195,1,0.07099999999991269,BACKFILL_AUTO
2026-06-18 20:50:46,1781815846,R_10,4837.289,1,0.09400000000005093,BACKFILL_AUTO
2026-06-18 20:50:48,1781815848,R_10,4837.238,-1,0.05099999999947613,BACKFILL_AUTO
2026-06-18 20:50:50,1781815850,R_10,4837.291,1,0.052999999999883585,BACKFILL_AUTO
2026-06-18 20:50:52,1781815852,R_10,4837.478,1,0.18699999999989814,BACKFILL_AUTO
2026-06-18 20:50:54,1781815854,R_10,4837.558,1,0.07999999999992724,BACKFILL_AUTO
2026-06-18 20:50:56,1781815856,R_10,4837.618,1,0.06000000000040018,BACKFILL_AUTO
2026-06-18 20:50:58,1781815858,R_10,4837.608,-1,0.010000000000218279,BACKFILL_AUTO
2026-06-18 20:51:00,1781815860,R_10,4837.576,-1,0.032000000000152795,BACKFILL_AUTO
2026-06-18 20:51:02,1781815862,R_10,4837.494,-1,0.0820000000003347,BACKFILL_AUTO
2026-06-18 20:51:04,1781815864,R_10,4837.338,-1,0.15599999999994907,BACKFILL_AUTO
2026-06-18 20:51:06,1781815866,R_10,4837.29,-1,0.047999999999774445,BACKFILL_AUTO
2026-06-18 20:51:08,1781815868,R_10,4837.41,1,0.11999999999989086,BACKFILL_AUTO
2026-06-18 20:51:10,1781815870,R_10,4837.459,1,0.04899999999997817,BACKFILL_AUTO
2026-06-18 20:51:12,1781815872,R_10,4837.409,-1,0.0500000000001819,BACKFILL_AUTO
2026-06-18 20:51:14,1781815874,R_10,4837.382,-1,0.027000000000043656,BACKFILL_AUTO
2026-06-18 20:51:16,1781815876,R_10,4837.229,-1,0.1529999999993379,BACKFILL_AUTO
2026-06-18 20:51:18,1781815878,R_10,4837.317,1,0.08799999999973807,BACKFILL_AUTO
2026-06-18 20:51:20,1781815880,R_10,4837.061,-1,0.25600000000031287,BACKFILL_AUTO
2026-06-18 20:51:22,1781815882,R_10,4837.148,1,0.08700000000044383,BACKFILL_AUTO
2026-06-18 20:51:24,1781815884,R_10,4837.07,-1,0.07800000000042928,BACKFILL_AUTO
2026-06-18 20:51:26,1781815886,R_10,4837.043,-1,0.027000000000043656,BACKFILL_AUTO
2026-06-18 20:51:28,1781815888,R_10,4837.081,1,0.03800000000046566,BACKFILL_AUTO
2026-06-18 20:51:30,1781815890,R_10,4837.096,1,0.014999999999417923,BACKFILL_AUTO
2026-06-18 20:51:32,1781815892,R_10,4837.015,-1,0.08099999999922147,BACKFILL_AUTO
2026-06-18 20:51:34,1781815894,R_10,4837.146,1,0.13099999999940337,BACKFILL_AUTO
2026-06-18 20:51:36,1781815896,R_10,4837.11,-1,0.03600000000005821,BACKFILL_AUTO
2026-06-18 20:51:38,1781815898,R_10,4837.157,1,0.04700000000048021,BACKFILL_AUTO
2026-06-18 20:51:40,1781815900,R_10,4837.077,-1,0.07999999999992724,BACKFILL_AUTO
2026-06-18 20:51:42,1781815902,R_10,4836.955,-1,0.12200000000029831,BACKFILL_AUTO
2026-06-18 20:51:44,1781815904,R_10,4836.973,1,0.018000000000029104,BACKFILL_AUTO
2026-06-18 20:51:46,1781815906,R_10,4837.069,1,0.09600000000045839,BACKFILL_AUTO
2026-06-18 20:51:48,1781815908,R_10,4837.13,1,0.06099999999969441,BACKFILL_AUTO
2026-06-18 20:51:50,1781815910,R_10,4837.127,-1,0.0029999999997016857,BACKFILL_AUTO
2026-06-18 20:51:52,1781815912,R_10,4837.089,-1,0.03800000000046566,BACKFILL_AUTO
2026-06-18 20:51:54,1781815914,R_10,4837.032,-1,0.056999999999789,BACKFILL_AUTO
2026-06-18 20:51:56,1781815916,R_10,4836.955,-1,0.07700000000022555,BACKFILL_AUTO
2026-06-18 20:51:58,1781815918,R_10,4837.041,1,0.0860000000002401,BACKFILL_AUTO
2026-06-18 20:52:00,1781815920,R_10,4836.975,-1,0.06599999999980355,BACKFILL_AUTO
2026-06-18 20:52:02,1781815922,R_10,4836.966,-1,0.009000000000014552,BACKFILL_AUTO
2026-06-18 20:52:04,1781815924,R_10,4837.136,1,0.17000000000007276,BACKFILL_AUTO
2026-06-18 20:52:06,1781815926,R_10,4837.174,1,0.03799999999955617,BACKFILL_AUTO
2026-06-18 20:52:08,1781815928,R_10,4836.922,-1,0.25200000000040745,BACKFILL_AUTO
2026-06-18 20:52:10,1781815930,R_10,4837.058,1,0.136000000000422,BACKFILL_AUTO
2026-06-18 20:52:12,1781815932,R_10,4837.014,-1,0.04399999999986903,BACKFILL_AUTO
2026-06-18 20:52:14,1781815934,R_10,4837.133,1,0.11899999999968713,BACKFILL_AUTO
2026-06-18 20:52:16,1781815936,R_10,4837.104,-1,0.028999999999541615,BACKFILL_AUTO
2026-06-18 20:52:18,1781815938,R_10,4837.314,1,0.21000000000003638,BACKFILL_AUTO
2026-06-18 20:52:20,1781815940,R_10,4837.357,1,0.042999999999665306,BACKFILL_AUTO
2026-06-18 20:52:22,1781815942,R_10,4837.12,-1,0.23700000000008004,BACKFILL_AUTO
2026-06-18 20:52:24,1781815944,R_10,4837.138,1,0.018000000000029104,BACKFILL_AUTO
2026-06-18 20:52:26,1781815946,R_10,4837.222,1,0.08399999999983265,BACKFILL_AUTO
2026-06-18 20:52:28,1781815948,R_10,4837.256,1,0.03400000000056025,BACKFILL_AUTO
2026-06-18 20:52:30,1781815950,R_10,4837.463,1,0.2069999999994252,BACKFILL_AUTO
2026-06-18 20:52:32,1781815952,R_10,4837.275,-1,0.18800000000010186,BACKFILL_AUTO
2026-06-18 20:52:34,1781815954,R_10,4837.173,-1,0.10199999999986176,BACKFILL_AUTO
2026-06-18 20:52:36,1781815956,R_10,4837.155,-1,0.018000000000029104,BACKFILL_AUTO
2026-06-18 20:52:38,1781815958,R_10,4837.112,-1,0.042999999999665306,BACKFILL_AUTO
2026-06-18 20:52:40,1781815960,R_10,4837.088,-1,0.02400000000034197,BACKFILL_AUTO
2026-06-18 20:52:42,1781815962,R_10,4837.236,1,0.14800000000013824,BACKFILL_AUTO
2026-06-18 20:52:44,1781815964,R_10,4837.448,1,0.21200000000044383,BACKFILL_AUTO
2026-06-18 20:52:46,1781815966,R_10,4837.362,-1,0.0860000000002401,BACKFILL_AUTO
2026-06-18 20:52:48,1781815968,R_10,4837.241,-1,0.12100000000009459,BACKFILL_AUTO
2026-06-18 20:52:50,1781815970,R_10,4837.332,1,0.09100000000034925,BACKFILL_AUTO
2026-06-18 20:52:52,1781815972,R_10,4837.38,1,0.047999999999774445,BACKFILL_AUTO
2026-06-18 20:52:54,1781815974,R_10,4837.306,-1,0.07400000000052387,BACKFILL_AUTO
2026-06-18 20:52:56,1781815976,R_10,4837.104,-1,0.20199999999931606,BACKFILL_AUTO
2026-06-18 20:52:58,1781815978,R_10,4837.427,1,0.32299999999941065,BACKFILL_AUTO
2026-06-18 20:53:00,1781815980,R_10,4837.507,1,0.07999999999992724,BACKFILL_AUTO
2026-06-18 20:53:02,1781815982,R_10,4837.536,1,0.02900000000045111,BACKFILL_AUTO
2026-06-18 20:53:04,1781815984,R_10,4837.553,1,0.016999999999825377,BACKFILL_AUTO
2026-06-18 20:53:06,1781815986,R_10,4837.449,-1,0.10400000000026921,BACKFILL_AUTO
2026-06-18 20:53:08,1781815988,R_10,4837.488,1,0.03900000000066939,BACKFILL_AUTO
2026-06-18 20:53:10,1781815990,R_10,4837.332,-1,0.15599999999994907,BACKFILL_AUTO
2026-06-18 20:53:12,1781815992,R_10,4837.495,1,0.16299999999955617,BACKFILL_AUTO
2026-06-18 20:53:14,1781815994,R_10,4837.528,1,0.03300000000035652,BACKFILL_AUTO
2026-06-18 20:53:16,1781815996,R_10,4837.577,1,0.04899999999997817,BACKFILL_AUTO
2026-06-18 20:53:18,1781815998,R_10,4837.495,-1,0.0820000000003347,BACKFILL_AUTO
2026-06-18 20:53:20,1781816000,R_10,4837.449,-1,0.046000000000276486,BACKFILL_AUTO
2026-06-18 20:53:22,1781816002,R_10,4837.374,-1,0.0749999999998181,BACKFILL_AUTO
2026-06-18 20:53:24,1781816004,R_10,4837.388,1,0.014000000000123691,BACKFILL_AUTO
2026-06-18 20:53:26,1781816006,R_10,4837.369,-1,0.01900000000023283,BACKFILL_AUTO
2026-06-18 20:53:28,1781816008,R_10,4837.352,-1,0.016999999999825377,BACKFILL_AUTO
2026-06-18 20:53:30,1781816010,R_10,4837.244,-1,0.10800000000017462,BACKFILL_AUTO
2026-06-18 20:53:32,1781816012,R_10,4837.165,-1,0.07899999999972351,BACKFILL_AUTO
2026-06-18 20:53:34,1781816014,R_10,4837.333,1,0.1679999999996653,BACKFILL_AUTO
2026-06-18 20:53:36,1781816016,R_10,4837.422,1,0.08899999999994179,BACKFILL_AUTO
2026-06-18 20:53:38,1781816018,R_10,4837.364,-1,0.057999999999992724,BACKFILL_AUTO
2026-06-18 20:53:40,1781816020,R_10,4837.373,1,0.009000000000014552,BACKFILL_AUTO
2026-06-18 20:53:42,1781816022,R_10,4837.609,1,0.2360000000007858,BACKFILL_AUTO
2026-06-18 20:53:44,1781816024,R_10,4837.525,-1,0.08400000000074215,BACKFILL_AUTO
2026-06-18 20:53:46,1781816026,R_10,4837.49,-1,0.03499999999985448,BACKFILL_AUTO
2026-06-18 20:53:48,1781816028,R_10,4837.237,-1,0.2529999999997017,BACKFILL_AUTO
2026-06-18 20:53:50,1781816030,R_10,4837.413,1,0.17599999999947613,BACKFILL_AUTO
2026-06-18 20:53:52,1781816032,R_10,4837.546,1,0.13300000000072032,BACKFILL_AUTO
2026-06-18 20:53:54,1781816034,R_10,4837.895,1,0.34900000000016007,BACKFILL_AUTO
2026-06-18 20:53:56,1781816036,R_10,4837.911,1,0.01599999999962165,BACKFILL_AUTO
2026-06-18 20:53:58,1781816038,R_10,4838.192,1,0.28099999999994907,BACKFILL_AUTO
2026-06-18 20:54:00,1781816040,R_10,4838.051,-1,0.14099999999962165,BACKFILL_AUTO
2026-06-18 20:54:02,1781816042,R_10,4838.244,1,0.1929999999993015,BACKFILL_AUTO
2026-06-18 20:54:04,1781816044,R_10,4838.206,-1,0.03799999999955617,BACKFILL_AUTO
2026-06-18 20:54:06,1781816046,R_10,4838.383,1,0.17699999999967986,BACKFILL_AUTO
2026-06-18 20:54:08,1781816048,R_10,4838.446,1,0.06300000000010186,BACKFILL_AUTO
2026-06-18 20:54:10,1781816050,R_10,4838.277,-1,0.16899999999986903,BACKFILL_AUTO
2026-06-18 20:54:12,1781816052,R_10,4838.256,-1,0.02099999999973079,BACKFILL_AUTO
2026-06-18 20:54:14,1781816054,R_10,4838.307,1,0.05099999999947613,BACKFILL_AUTO
2026-06-18 20:54:16,1781816056,R_10,4838.3,-1,0.006999999999607098,BACKFILL_AUTO
2026-06-18 20:54:18,1781816058,R_10,4838.293,-1,0.007000000000516593,BACKFILL_AUTO
2026-06-18 20:54:20,1781816060,R_10,4838.188,-1,0.10499999999956344,BACKFILL_AUTO
2026-06-18 20:54:22,1781816062,R_10,4838.045,-1,0.1430000000000291,BACKFILL_AUTO
2026-06-18 20:54:24,1781816064,R_10,4838.056,1,0.01099999999951251,BACKFILL_AUTO
2026-06-18 20:54:26,1781816066,R_10,4837.97,-1,0.08599999999933061,BACKFILL_AUTO
2026-06-18 20:54:28,1781816068,R_10,4837.933,-1,0.037000000000261934,BACKFILL_AUTO
2026-06-18 20:54:30,1781816070,R_10,4838.036,1,0.10300000000006548,BACKFILL_AUTO
2026-06-18 20:54:32,1781816072,R_10,4838.073,1,0.037000000000261934,BACKFILL_AUTO
2026-06-18 20:54:34,1781816074,R_10,4838.204,1,0.13099999999940337,BACKFILL_AUTO
2026-06-18 20:54:36,1781816076,R_10,4838.115,-1,0.08899999999994179,BACKFILL_AUTO
2026-06-18 20:54:38,1781816078,R_10,4838.001,-1,0.113999999999578,BACKFILL_AUTO
2026-06-18 20:54:40,1781816080,R_10,4837.914,-1,0.08700000000044383,BACKFILL_AUTO
2026-06-18 20:54:42,1781816082,R_10,4837.74,-1,0.17399999999997817,BACKFILL_AUTO
2026-06-18 20:54:44,1781816084,R_10,4837.682,-1,0.057999999999992724,BACKFILL_AUTO
2026-06-18 20:54:46,1781816086,R_10,4837.711,1,0.02900000000045111,BACKFILL_AUTO
2026-06-18 20:54:48,1781816088,R_10,4837.892,1,0.18099999999958527,BACKFILL_AUTO
2026-06-18 20:54:50,1781816090,R_10,4837.909,1,0.016999999999825377,BACKFILL_AUTO
2026-06-18 20:54:52,1781816092,R_10,4837.788,-1,0.12100000000009459,BACKFILL_AUTO
2026-06-18 20:54:54,1781816094,R_10,4837.698,-1,0.08999999999923602,BACKFILL_AUTO
2026-06-18 20:54:56,1781816096,R_10,4837.697,-1,0.0010000000002037268,BACKFILL_AUTO
2026-06-18 20:54:58,1781816098,R_10,4837.464,-1,0.23300000000017462,BACKFILL_AUTO
2026-06-18 20:55:00,1781816100,R_10,4837.319,-1,0.14499999999952706,BACKFILL_AUTO
2026-06-18 20:55:02,1781816102,R_10,4837.514,1,0.19499999999970896,BACKFILL_AUTO
2026-06-18 20:55:04,1781816104,R_10,4837.455,-1,0.05900000000019645,BACKFILL_AUTO
2026-06-18 20:55:06,1781816106,R_10,4837.312,-1,0.1430000000000291,BACKFILL_AUTO
2026-06-18 20:55:08,1781816108,R_10,4837.309,-1,0.0029999999997016857,BACKFILL_AUTO
2026-06-18 20:55:10,1781816110,R_10,4837.229,-1,0.07999999999992724,BACKFILL_AUTO
2026-06-18 20:55:12,1781816112,R_10,4837.249,1,0.019999999999527063,BACKFILL_AUTO
2026-06-18 20:55:14,1781816114,R_10,4836.904,-1,0.34499999999934516,BACKFILL_AUTO
2026-06-18 20:55:16,1781816116,R_10,4837.029,1,0.125,BACKFILL_AUTO
2026-06-18 20:55:18,1781816118,R_10,4837.187,1,0.15799999999944703,BACKFILL_AUTO
2026-06-18 20:55:20,1781816120,R_10,4837.142,-1,0.04500000000007276,BACKFILL_AUTO
2026-06-18 20:55:22,1781816122,R_10,4836.949,-1,0.193000000000211,BACKFILL_AUTO
2026-06-18 20:55:24,1781816124,R_10,4836.734,-1,0.21499999999923602,BACKFILL_AUTO
2026-06-18 20:55:26,1781816126,R_10,4836.951,1,0.21699999999964348,BACKFILL_AUTO
2026-06-18 20:55:28,1781816128,R_10,4837.136,1,0.18500000000040018,BACKFILL_AUTO
2026-06-18 20:55:30,1781816130,R_10,4837.169,1,0.03299999999944703,BACKFILL_AUTO
2026-06-18 20:55:32,1781816132,R_10,4836.981,-1,0.18800000000010186,BACKFILL_AUTO
2026-06-18 20:55:34,1781816134,R_10,4837.002,1,0.021000000000640284,BACKFILL_AUTO
2026-06-18 20:55:36,1781816136,R_10,4836.927,-1,0.0750000000007276,BACKFILL_AUTO
2026-06-18 20:55:38,1781816138,R_10,4836.93,1,0.0030000000006111804,BACKFILL_AUTO
2026-06-18 20:55:40,1781816140,R_10,4836.864,-1,0.06600000000071304,BACKFILL_AUTO
2026-06-18 20:55:42,1781816142,R_10,4836.722,-1,0.14199999999982538,BACKFILL_AUTO
2026-06-18 20:55:44,1781816144,R_10,4836.796,1,0.07400000000052387,BACKFILL_AUTO
2026-06-18 20:55:46,1781816146,R_10,4837.081,1,0.2849999999998545,BACKFILL_AUTO
2026-06-18 20:55:48,1781816148,R_10,4837.098,1,0.016999999999825377,BACKFILL_AUTO
2026-06-18 20:55:50,1781816150,R_10,4837.065,-1,0.03300000000035652,BACKFILL_AUTO
2026-06-18 20:55:52,1781816152,R_10,4836.939,-1,0.12599999999929423,BACKFILL_AUTO
2026-06-18 20:55:54,1781816154,R_10,4837.034,1,0.09499999999934516,BACKFILL_AUTO
2026-06-18 20:55:56,1781816156,R_10,4837.184,1,0.1500000000005457,BACKFILL_AUTO
2026-06-18 20:55:58,1781816158,R_10,4836.988,-1,0.1959999999999127,BACKFILL_AUTO
2026-06-18 20:56:00,1781816160,R_10,4837.066,1,0.07799999999951979,BACKFILL_AUTO
2026-06-18 20:56:02,1781816162,R_10,4837.117,1,0.051000000000385626,BACKFILL_AUTO
2026-06-18 20:56:04,1781816164,R_10,4837.008,-1,0.10900000000037835,BACKFILL_AUTO
2026-06-18 20:56:06,1781816166,R_10,4836.977,-1,0.03099999999994907,BACKFILL_AUTO
2026-06-18 20:56:08,1781816168,R_10,4837.121,1,0.14400000000023283,BACKFILL_AUTO
2026-06-18 20:56:10,1781816170,R_10,4837.191,1,0.06999999999970896,BACKFILL_AUTO
2026-06-18 20:56:12,1781816172,R_10,4837.341,1,0.1500000000005457,BACKFILL_AUTO
2026-06-18 20:56:14,1781816174,R_10,4837.365,1,0.023999999999432475,BACKFILL_AUTO
2026-06-18 20:56:16,1781816176,R_10,4837.469,1,0.10400000000026921,BACKFILL_AUTO
2026-06-18 20:56:18,1781816178,R_10,4837.459,-1,0.010000000000218279,BACKFILL_AUTO
2026-06-18 20:56:20,1781816180,R_10,4837.454,-1,0.005000000000109139,BACKFILL_AUTO
2026-06-18 20:56:22,1781816182,R_10,4837.436,-1,0.018000000000029104,BACKFILL_AUTO
2026-06-18 20:56:24,1781816184,R_10,4837.662,1,0.22600000000056752,BACKFILL_AUTO
2026-06-18 20:56:26,1781816186,R_10,4837.771,1,0.10899999999946886,BACKFILL_AUTO
2026-06-18 20:56:28,1781816188,R_10,4837.763,-1,0.007999999999810825,BACKFILL_AUTO
2026-06-18 20:56:30,1781816190,R_10,4837.631,-1,0.1319999999996071,BACKFILL_AUTO
2026-06-18 20:56:32,1781816192,R_10,4837.831,1,0.1999999999998181,BACKFILL_AUTO
2026-06-18 20:56:34,1781816194,R_10,4837.715,-1,0.11599999999998545,BACKFILL_AUTO
2026-06-18 20:56:36,1781816196,R_10,4837.815,1,0.0999999999994543,BACKFILL_AUTO
2026-06-18 20:56:38,1781816198,R_10,4837.823,1,0.00800000000072032,BACKFILL_AUTO
2026-06-18 20:56:40,1781816200,R_10,4837.841,1,0.018000000000029104,BACKFILL_AUTO
2026-06-18 20:56:42,1781816202,R_10,4838.0,1,0.15899999999965075,BACKFILL_AUTO
2026-06-18 20:56:44,1781816204,R_10,4838.152,1,0.15200000000004366,BACKFILL_AUTO
2026-06-18 20:56:46,1781816206,R_10,4838.174,1,0.021999999999934516,BACKFILL_AUTO
2026-06-18 20:56:48,1781816208,R_10,4838.238,1,0.06400000000030559,BACKFILL_AUTO
2026-06-18 20:56:50,1781816210,R_10,4838.19,-1,0.04800000000068394,BACKFILL_AUTO
2026-06-18 20:56:52,1781816212,R_10,4838.133,-1,0.056999999999789,BACKFILL_AUTO
2026-06-18 20:56:54,1781816214,R_10,4838.0,-1,0.13299999999981083,BACKFILL_AUTO
2026-06-18 20:56:56,1781816216,R_10,4837.898,-1,0.10199999999986176,BACKFILL_AUTO
2026-06-18 20:56:58,1781816218,R_10,4837.947,1,0.04899999999997817,BACKFILL_AUTO
2026-06-18 20:57:00,1781816220,R_10,4837.954,1,0.006999999999607098,BACKFILL_AUTO
2026-06-18 20:57:02,1781816222,R_10,4837.942,-1,0.011999999999716238,BACKFILL_AUTO
2026-06-18 20:57:04,1781816224,R_10,4837.957,1,0.015000000000327418,BACKFILL_AUTO
2026-06-18 20:57:06,1781816226,R_10,4838.039,1,0.0819999999994252,BACKFILL_AUTO
2026-06-18 20:57:08,1781816228,R_10,4837.857,-1,0.181999999999789,BACKFILL_AUTO
2026-06-18 20:57:10,1781816230,R_10,4837.938,1,0.08100000000013097,BACKFILL_AUTO
2026-06-18 20:57:12,1781816232,R_10,4837.971,1,0.03299999999944703,BACKFILL_AUTO
2026-06-18 20:57:14,1781816234,R_10,4837.84,-1,0.13099999999940337,BACKFILL_AUTO
2026-06-18 20:57:16,1781816236,R_10,4837.755,-1,0.08500000000003638,BACKFILL_AUTO
2026-06-18 20:57:18,1781816238,R_10,4837.931,1,0.17599999999947613,BACKFILL_AUTO
2026-06-18 20:57:20,1781816240,R_10,4837.846,-1,0.08500000000003638,BACKFILL_AUTO
2026-06-18 20:57:22,1781816242,R_10,4837.7,-1,0.1459999999997308,BACKFILL_AUTO
2026-06-18 20:57:24,1781816244,R_10,4837.75,1,0.0500000000001819,BACKFILL_AUTO
2026-06-18 20:57:26,1781816246,R_10,4837.669,-1,0.08100000000013097,BACKFILL_AUTO
2026-06-18 20:57:28,1781816248,R_10,4837.794,1,0.125,BACKFILL_AUTO
2026-06-18 20:57:30,1781816250,R_10,4837.707,-1,0.08699999999953434,BACKFILL_AUTO
2026-06-18 20:57:32,1781816252,R_10,4837.692,-1,0.015000000000327418,BACKFILL_AUTO
2026-06-18 20:57:34,1781816254,R_10,4837.39,-1,0.30199999999967986,BACKFILL_AUTO
2026-06-18 20:57:36,1781816256,R_10,4837.218,-1,0.1720000000004802,BACKFILL_AUTO
2026-06-18 20:57:38,1781816258,R_10,4837.124,-1,0.09400000000005093,BACKFILL_AUTO
2026-06-18 20:57:40,1781816260,R_10,4837.297,1,0.17299999999977445,BACKFILL_AUTO
2026-06-18 20:57:42,1781816262,R_10,4837.291,-1,0.0059999999994033715,BACKFILL_AUTO
2026-06-18 20:57:44,1781816264,R_10,4837.222,-1,0.06900000000041473,BACKFILL_AUTO
2026-06-18 20:57:46,1781816266,R_10,4837.262,1,0.03999999999996362,BACKFILL_AUTO
2026-06-18 20:57:48,1781816268,R_10,4837.365,1,0.10300000000006548,BACKFILL_AUTO
2026-06-18 20:57:50,1781816270,R_10,4837.511,1,0.14600000000064028,BACKFILL_AUTO
2026-06-18 20:57:52,1781816272,R_10,4837.397,-1,0.11400000000048749,BACKFILL_AUTO
2026-06-18 20:57:54,1781816274,R_10,4837.184,-1,0.21299999999973807,BACKFILL_AUTO
2026-06-18 20:57:56,1781816276,R_10,4837.281,1,0.09699999999975262,BACKFILL_AUTO
2026-06-18 20:57:58,1781816278,R_10,4837.169,-1,0.11200000000008004,BACKFILL_AUTO
2026-06-18 20:58:00,1781816280,R_10,4837.131,-1,0.03799999999955617,BACKFILL_AUTO
2026-06-18 20:58:02,1781816282,R_10,4837.173,1,0.04199999999946158,BACKFILL_AUTO
2026-06-18 20:58:04,1781816284,R_10,4837.308,1,0.13500000000021828,BACKFILL_AUTO
2026-06-18 20:58:06,1781816286,R_10,4837.422,1,0.113999999999578,BACKFILL_AUTO
2026-06-18 20:58:08,1781816288,R_10,4837.623,1,0.20100000000002183,BACKFILL_AUTO
2026-06-18 20:58:10,1781816290,R_10,4837.54,-1,0.08299999999962893,BACKFILL_AUTO
2026-06-18 20:58:12,1781816292,R_10,4837.424,-1,0.11599999999998545,BACKFILL_AUTO
2026-06-18 20:58:14,1781816294,R_10,4837.391,-1,0.03300000000035652,BACKFILL_AUTO
2026-06-18 20:58:16,1781816296,R_10,4837.42,1,0.02900000000045111,BACKFILL_AUTO
2026-06-18 20:58:18,1781816298,R_10,4837.493,1,0.07300000000032014,BACKFILL_AUTO
2026-06-18 20:58:20,1781816300,R_10,4837.704,1,0.2109999999993306,BACKFILL_AUTO
2026-06-18 20:58:22,1781816302,R_10,4837.916,1,0.21200000000044383,BACKFILL_AUTO
2026-06-18 20:58:24,1781816304,R_10,4837.912,-1,0.0039999999999054126,BACKFILL_AUTO
2026-06-18 20:58:26,1781816306,R_10,4838.148,1,0.2359999999998763,BACKFILL_AUTO
2026-06-18 20:58:28,1781816308,R_10,4837.899,-1,0.24899999999979627,BACKFILL_AUTO
2026-06-18 20:58:30,1781816310,R_10,4837.892,-1,0.007000000000516593,BACKFILL_AUTO
2026-06-18 20:58:32,1781816312,R_10,4837.943,1,0.051000000000385626,BACKFILL_AUTO
2026-06-18 20:58:34,1781816314,R_10,4838.018,1,0.0749999999998181,BACKFILL_AUTO
2026-06-18 20:58:36,1781816316,R_10,4837.928,-1,0.09000000000014552,BACKFILL_AUTO
2026-06-18 20:58:38,1781816318,R_10,4837.765,-1,0.16299999999955617,BACKFILL_AUTO
2026-06-18 20:58:40,1781816320,R_10,4837.968,1,0.2029999999995198,BACKFILL_AUTO
2026-06-18 20:58:42,1781816322,R_10,4837.895,-1,0.07299999999941065,BACKFILL_AUTO
2026-06-18 20:58:44,1781816324,R_10,4837.807,-1,0.08800000000064756,BACKFILL_AUTO
2026-06-18 20:58:46,1781816326,R_10,4837.717,-1,0.09000000000014552,BACKFILL_AUTO
2026-06-18 20:58:48,1781816328,R_10,4837.621,-1,0.09599999999954889,BACKFILL_AUTO
2026-06-18 20:58:50,1781816330,R_10,4837.745,1,0.12399999999979627,BACKFILL_AUTO
2026-06-18 20:58:52,1781816332,R_10,4837.547,-1,0.19800000000032014,BACKFILL_AUTO
2026-06-18 20:58:54,1781816334,R_10,4837.641,1,0.09400000000005093,BACKFILL_AUTO
2026-06-18 20:58:56,1781816336,R_10,4837.69,1,0.04899999999997817,BACKFILL_AUTO
2026-06-18 20:58:58,1781816338,R_10,4837.496,-1,0.19399999999950523,BACKFILL_AUTO
2026-06-18 20:59:00,1781816340,R_10,4837.562,1,0.06599999999980355,BACKFILL_AUTO
2026-06-18 20:59:02,1781816342,R_10,4837.674,1,0.11200000000008004,BACKFILL_AUTO
2026-06-18 20:59:04,1781816344,R_10,4837.932,1,0.2579999999998108,BACKFILL_AUTO
2026-06-18 20:59:06,1781816346,R_10,4837.776,-1,0.15599999999994907,BACKFILL_AUTO
2026-06-18 20:59:08,1781816348,R_10,4838.024,1,0.24800000000050204,BACKFILL_AUTO
2026-06-18 20:59:10,1781816350,R_10,4837.998,-1,0.026000000000749424,BACKFILL_AUTO
2026-06-18 20:59:12,1781816352,R_10,4838.022,1,0.02400000000034197,BACKFILL_AUTO
2026-06-18 20:59:14,1781816354,R_10,4838.021,-1,0.0010000000002037268,BACKFILL_AUTO
2026-06-18 20:59:16,1781816356,R_10,4838.2,1,0.1790000000000873,BACKFILL_AUTO
2026-06-18 20:59:18,1781816358,R_10,4838.019,-1,0.18099999999958527,BACKFILL_AUTO
2026-06-18 20:59:20,1781816360,R_10,4837.944,-1,0.0749999999998181,BACKFILL_AUTO
2026-06-18 20:59:22,1781816362,R_10,4837.991,1,0.04699999999957072,BACKFILL_AUTO
2026-06-18 20:59:24,1781816364,R_10,4837.873,-1,0.1180000000003929,BACKFILL_AUTO
2026-06-18 20:59:26,1781816366,R_10,4837.865,-1,0.007999999999810825,BACKFILL_AUTO
2026-06-18 20:59:28,1781816368,R_10,4837.806,-1,0.05900000000019645,BACKFILL_AUTO
2026-06-18 20:59:30,1781816370,R_10,4837.765,-1,0.04099999999925785,BACKFILL_AUTO
2026-06-18 20:59:32,1781816372,R_10,4838.0,1,0.23499999999967258,BACKFILL_AUTO
2026-06-18 20:59:34,1781816374,R_10,4838.054,1,0.05400000000008731,BACKFILL_AUTO
2026-06-18 20:59:36,1781816376,R_10,4838.006,-1,0.047999999999774445,BACKFILL_AUTO
2026-06-18 20:59:38,1781816378,R_10,4837.848,-1,0.15800000000035652,BACKFILL_AUTO
2026-06-18 20:59:40,1781816380,R_10,4837.948,1,0.1000000000003638,BACKFILL_AUTO
2026-06-18 20:59:42,1781816382,R_10,4837.787,-1,0.1610000000000582,BACKFILL_AUTO
2026-06-18 20:59:44,1781816384,R_10,4837.805,1,0.018000000000029104,BACKFILL_AUTO
2026-06-18 20:59:46,1781816386,R_10,4837.806,1,0.0009999999992942321,BACKFILL_AUTO
2026-06-18 20:59:48,1781816388,R_10,4837.911,1,0.10500000000047294,BACKFILL_AUTO
2026-06-18 20:59:50,1781816390,R_10,4837.865,-1,0.046000000000276486,BACKFILL_AUTO
2026-06-18 20:59:52,1781816392,R_10,4837.83,-1,0.03499999999985448,BACKFILL_AUTO
2026-06-18 20:59:54,1781816394,R_10,4837.839,1,0.009000000000014552,BACKFILL_AUTO
2026-06-18 20:59:56,1781816396,R_10,4838.042,1,0.20300000000042928,BACKFILL_AUTO
2026-06-18 20:59:58,1781816398,R_10,4838.019,-1,0.023000000000138243,BACKFILL_AUTO
2026-06-18 21:00:00,1781816400,R_10,4837.999,-1,0.020000000000436557,BACKFILL_AUTO
2026-06-18 21:00:02,1781816402,R_10,4838.007,1,0.007999999999810825,BACKFILL_AUTO
2026-06-18 21:00:04,1781816404,R_10,4837.995,-1,0.011999999999716238,BACKFILL_AUTO
2026-06-18 21:00:06,1781816406,R_10,4837.924,-1,0.07099999999991269,BACKFILL_AUTO
2026-06-18 21:00:08,1781816408,R_10,4838.035,1,0.11099999999987631,BACKFILL_AUTO
2026-06-18 21:00:10,1781816410,R_10,4838.26,1,0.2250000000003638,BACKFILL_AUTO
2026-06-18 21:00:12,1781816412,R_10,4838.304,1,0.04399999999986903,BACKFILL_AUTO
2026-06-18 21:00:14,1781816414,R_10,4838.375,1,0.07099999999991269,BACKFILL_AUTO
2026-06-18 21:00:16,1781816416,R_10,4838.35,-1,0.024999999999636202,BACKFILL_AUTO
2026-06-18 21:00:18,1781816418,R_10,4838.531,1,0.18099999999958527,BACKFILL_AUTO
2026-06-18 21:00:20,1781816420,R_10,4838.328,-1,0.2029999999995198,BACKFILL_AUTO
2026-06-18 21:00:22,1781816422,R_10,4838.344,1,0.01599999999962165,BACKFILL_AUTO
2026-06-18 21:00:24,1781816424,R_10,4838.282,-1,0.06199999999989814,BACKFILL_AUTO
2026-06-18 21:00:26,1781816426,R_10,4838.556,1,0.2739999999994325,BACKFILL_AUTO
2026-06-18 21:00:28,1781816428,R_10,4838.555,-1,0.0009999999992942321,BACKFILL_AUTO
2026-06-18 21:00:30,1781816430,R_10,4838.541,-1,0.014000000000123691,BACKFILL_AUTO
2026-06-18 21:00:32,1781816432,R_10,4838.276,-1,0.2650000000003274,BACKFILL_AUTO
2026-06-18 21:00:34,1781816434,R_10,4838.121,-1,0.15499999999974534,BACKFILL_AUTO
2026-06-18 21:00:36,1781816436,R_10,4838.401,1,0.27999999999974534,BACKFILL_AUTO
2026-06-18 21:00:38,1781816438,R_10,4838.326,-1,0.0749999999998181,BACKFILL_AUTO
2026-06-18 21:00:40,1781816440,R_10,4838.254,-1,0.07200000000011642,BACKFILL_AUTO
2026-06-18 21:00:42,1781816442,R_10,4838.345,1,0.09100000000034925,BACKFILL_AUTO
2026-06-18 21:00:44,1781816444,R_10,4838.471,1,0.12599999999929423,BACKFILL_AUTO
2026-06-18 21:00:46,1781816446,R_10,4838.444,-1,0.02699999999913416,BACKFILL_AUTO
2026-06-18 21:00:48,1781816448,R_10,4838.496,1,0.05199999999967986,BACKFILL_AUTO
2026-06-18 21:00:50,1781816450,R_10,4838.661,1,0.16499999999996362,BACKFILL_AUTO
2026-06-18 21:00:52,1781816452,R_10,4838.681,1,0.019999999999527063,BACKFILL_AUTO
2026-06-18 21:00:54,1781816454,R_10,4838.664,-1,0.016999999999825377,BACKFILL_AUTO
2026-06-18 21:00:56,1781816456,R_10,4838.692,1,0.028000000000247383,BACKFILL_AUTO
2026-06-18 21:00:58,1781816458,R_10,4838.788,1,0.09599999999954889,BACKFILL_AUTO
2026-06-18 21:01:00,1781816460,R_10,4838.928,1,0.14000000000032742,BACKFILL_AUTO
2026-06-18 21:01:02,1781816462,R_10,4838.971,1,0.042999999999665306,BACKFILL_AUTO
2026-06-18 21:01:04,1781816464,R_10,4839.03,1,0.05900000000019645,BACKFILL_AUTO
2026-06-18 21:01:06,1781816466,R_10,4839.038,1,0.007999999999810825,BACKFILL_AUTO
2026-06-18 21:01:08,1781816468,R_10,4838.632,-1,0.40599999999994907,BACKFILL_AUTO
2026-06-18 21:01:10,1781816470,R_10,4838.395,-1,0.23699999999917054,BACKFILL_AUTO
2026-06-18 21:01:12,1781816472,R_10,4838.475,1,0.07999999999992724,BACKFILL_AUTO
2026-06-18 21:01:14,1781816474,R_10,4838.33,-1,0.14500000000043656,BACKFILL_AUTO
2026-06-18 21:01:16,1781816476,R_10,4838.311,-1,0.01900000000023283,BACKFILL_AUTO
2026-06-18 21:01:18,1781816478,R_10,4838.397,1,0.0860000000002401,BACKFILL_AUTO
2026-06-18 21:01:20,1781816480,R_10,4838.343,-1,0.05400000000008731,BACKFILL_AUTO
2026-06-18 21:01:22,1781816482,R_10,4838.109,-1,0.23399999999946886,BACKFILL_AUTO
2026-06-18 21:01:24,1781816484,R_10,4838.035,-1,0.07400000000052387,BACKFILL_AUTO
2026-06-18 21:01:26,1781816486,R_10,4837.76,-1,0.2749999999996362,BACKFILL_AUTO
2026-06-18 21:01:28,1781816488,R_10,4837.826,1,0.06599999999980355,BACKFILL_AUTO
2026-06-18 21:01:30,1781816490,R_10,4837.898,1,0.07200000000011642,BACKFILL_AUTO
2026-06-18 21:01:32,1781816492,R_10,4837.823,-1,0.0749999999998181,BACKFILL_AUTO
2026-06-18 21:01:34,1781816494,R_10,4837.737,-1,0.0860000000002401,BACKFILL_AUTO
2026-06-18 21:01:36,1781816496,R_10,4837.764,1,0.027000000000043656,BACKFILL_AUTO
2026-06-18 21:01:38,1781816498,R_10,4837.914,1,0.1499999999996362,BACKFILL_AUTO
2026-06-18 21:01:40,1781816500,R_10,4837.946,1,0.032000000000152795,BACKFILL_AUTO
2026-06-18 21:01:42,1781816502,R_10,4837.973,1,0.027000000000043656,BACKFILL_AUTO
2026-06-18 21:01:44,1781816504,R_10,4837.92,-1,0.052999999999883585,BACKFILL_AUTO
2026-06-18 21:01:46,1781816506,R_10,4838.042,1,0.12200000000029831,BACKFILL_AUTO
2026-06-18 21:01:48,1781816508,R_10,4838.037,-1,0.005000000000109139,BACKFILL_AUTO
2026-06-18 21:01:50,1781816510,R_10,4837.988,-1,0.04899999999997817,BACKFILL_AUTO
2026-06-18 21:01:52,1781816512,R_10,4838.005,1,0.016999999999825377,BACKFILL_AUTO
2026-06-18 21:01:54,1781816514,R_10,4838.357,1,0.35199999999986176,BACKFILL_AUTO
2026-06-18 21:01:56,1781816516,R_10,4838.456,1,0.09900000000016007,BACKFILL_AUTO
2026-06-18 21:01:58,1781816518,R_10,4838.275,-1,0.18100000000049477,BACKFILL_AUTO
2026-06-18 21:02:00,1781816520,R_10,4838.26,-1,0.014999999999417923,BACKFILL_AUTO
2026-06-18 21:02:02,1781816522,R_10,4838.203,-1,0.056999999999789,BACKFILL_AUTO
2026-06-18 21:02:04,1781816524,R_10,4838.275,1,0.07199999999920692,BACKFILL_AUTO
2026-06-18 21:02:06,1781816526,R_10,4838.398,1,0.12300000000050204,BACKFILL_AUTO
2026-06-18 21:02:08,1781816528,R_10,4838.112,-1,0.2860000000000582,BACKFILL_AUTO
2026-06-18 21:02:10,1781816530,R_10,4838.287,1,0.1750000000001819,BACKFILL_AUTO
2026-06-18 21:02:12,1781816532,R_10,4838.471,1,0.18399999999928696,BACKFILL_AUTO
2026-06-18 21:02:14,1781816534,R_10,4838.358,-1,0.11299999999937427,BACKFILL_AUTO
2026-06-18 21:02:16,1781816536,R_10,4838.577,1,0.21900000000005093,BACKFILL_AUTO
2026-06-18 21:02:18,1781816538,R_10,4838.735,1,0.15799999999944703,BACKFILL_AUTO
2026-06-18 21:02:20,1781816540,R_10,4838.605,-1,0.13000000000010914,BACKFILL_AUTO
2026-06-18 21:02:22,1781816542,R_10,4838.768,1,0.16300000000046566,BACKFILL_AUTO
2026-06-18 21:02:24,1781816544,R_10,4838.837,1,0.06900000000041473,BACKFILL_AUTO
2026-06-18 21:02:26,1781816546,R_10,4838.897,1,0.05999999999949068,BACKFILL_AUTO
2026-06-18 21:02:28,1781816548,R_10,4838.701,-1,0.1959999999999127,BACKFILL_AUTO
2026-06-18 21:02:30,1781816550,R_10,4838.652,-1,0.04899999999997817,BACKFILL_AUTO
2026-06-18 21:02:32,1781816552,R_10,4838.635,-1,0.016999999999825377,BACKFILL_AUTO
2026-06-18 21:02:34,1781816554,R_10,4838.483,-1,0.15200000000004366,BACKFILL_AUTO
2026-06-18 21:02:36,1781816556,R_10,4838.548,1,0.06499999999959982,BACKFILL_AUTO
2026-06-18 21:02:38,1781816558,R_10,4838.521,-1,0.027000000000043656,BACKFILL_AUTO
2026-06-18 21:02:40,1781816560,R_10,4838.547,1,0.02599999999983993,BACKFILL_AUTO
2026-06-18 21:02:42,1781816562,R_10,4838.476,-1,0.07099999999991269,BACKFILL_AUTO
2026-06-18 21:02:44,1781816564,R_10,4838.499,1,0.023000000000138243,BACKFILL_AUTO
2026-06-18 21:02:46,1781816566,R_10,4838.484,-1,0.014999999999417923,BACKFILL_AUTO
2026-06-18 21:02:48,1781816568,R_10,4838.443,-1,0.04100000000016735,BACKFILL_AUTO
2026-06-18 21:02:50,1781816570,R_10,4838.287,-1,0.15599999999994907,BACKFILL_AUTO
2026-06-18 21:02:52,1781816572,R_10,4838.279,-1,0.007999999999810825,BACKFILL_AUTO
2026-06-18 21:02:54,1781816574,R_10,4838.461,1,0.181999999999789,BACKFILL_AUTO
2026-06-18 21:02:56,1781816576,R_10,4838.659,1,0.19799999999941065,BACKFILL_AUTO
2026-06-18 21:02:58,1781816578,R_10,4838.585,-1,0.07399999999961437,BACKFILL_AUTO
2026-06-18 21:03:00,1781816580,R_10,4838.496,-1,0.08899999999994179,BACKFILL_AUTO
2026-06-18 21:03:02,1781816582,R_10,4838.582,1,0.0860000000002401,BACKFILL_AUTO
2026-06-18 21:03:04,1781816584,R_10,4838.567,-1,0.015000000000327418,BACKFILL_AUTO
2026-06-18 21:03:06,1781816586,R_10,4838.664,1,0.09699999999975262,BACKFILL_AUTO
2026-06-18 21:03:08,1781816588,R_10,4838.775,1,0.11099999999987631,BACKFILL_AUTO
2026-06-18 21:03:10,1781816590,R_10,4838.637,-1,0.13799999999991996,BACKFILL_AUTO
2026-06-18 21:03:12,1781816592,R_10,4838.72,1,0.08300000000053842,BACKFILL_AUTO
2026-06-18 21:03:14,1781816594,R_10,4838.761,1,0.04100000000016735,BACKFILL_AUTO
2026-06-18 21:03:16,1781816596,R_10,4838.727,-1,0.03400000000056025,BACKFILL_AUTO
2026-06-18 21:03:18,1781816598,R_10,4838.591,-1,0.1359999999995125,BACKFILL_AUTO
2026-06-18 21:03:20,1781816600,R_10,4838.58,-1,0.011000000000422006,BACKFILL_AUTO
2026-06-18 21:03:22,1781816602,R_10,4838.473,-1,0.1069999999999709,BACKFILL_AUTO
2026-06-18 21:03:24,1781816604,R_10,4838.698,1,0.2250000000003638,BACKFILL_AUTO
2026-06-18 21:03:26,1781816606,R_10,4838.794,1,0.09599999999954889,BACKFILL_AUTO
2026-06-18 21:03:28,1781816608,R_10,4838.698,-1,0.09599999999954889,BACKFILL_AUTO
2026-06-18 21:03:30,1781816610,R_10,4838.752,1,0.05400000000008731,BACKFILL_AUTO
2026-06-18 21:03:32,1781816612,R_10,4838.771,1,0.018999999999323336,BACKFILL_AUTO
2026-06-18 21:03:34,1781816614,R_10,4838.834,1,0.06300000000010186,BACKFILL_AUTO
2026-06-18 21:03:36,1781816616,R_10,4838.876,1,0.042000000000371074,BACKFILL_AUTO
2026-06-18 21:03:38,1781816618,R_10,4838.906,1,0.02999999999974534,BACKFILL_AUTO
2026-06-18 21:03:40,1781816620,R_10,4839.087,1,0.18100000000049477,BACKFILL_AUTO
2026-06-18 21:03:42,1781816622,R_10,4839.081,-1,0.006000000000312866,BACKFILL_AUTO
2026-06-18 21:03:44,1781816624,R_10,4839.139,1,0.057999999999992724,BACKFILL_AUTO
2026-06-18 21:03:46,1781816626,R_10,4838.974,-1,0.16499999999996362,BACKFILL_AUTO
2026-06-18 21:03:48,1781816628,R_10,4839.143,1,0.16899999999986903,BACKFILL_AUTO
2026-06-18 21:03:50,1781816630,R_10,4839.134,-1,0.009000000000014552,BACKFILL_AUTO
2026-06-18 21:03:52,1781816632,R_10,4839.244,1,0.10999999999967258,BACKFILL_AUTO
2026-06-18 21:03:54,1781816634,R_10,4839.225,-1,0.018999999999323336,BACKFILL_AUTO
2026-06-18 21:03:56,1781816636,R_10,4839.063,-1,0.16200000000026193,BACKFILL_AUTO
2026-06-18 21:03:58,1781816638,R_10,4839.042,-1,0.02099999999973079,BACKFILL_AUTO
2026-06-18 21:04:00,1781816640,R_10,4838.947,-1,0.09500000000025466,BACKFILL_AUTO
2026-06-18 21:04:02,1781816642,R_10,4838.945,-1,0.0020000000004074536,BACKFILL_AUTO
2026-06-18 21:04:04,1781816644,R_10,4838.935,-1,0.009999999999308784,BACKFILL_AUTO
2026-06-18 21:04:06,1781816646,R_10,4838.822,-1,0.11300000000028376,BACKFILL_AUTO
2026-06-18 21:04:08,1781816648,R_10,4838.82,-1,0.0020000000004074536,BACKFILL_AUTO
2026-06-18 21:04:10,1781816650,R_10,4838.644,-1,0.17599999999947613,BACKFILL_AUTO
2026-06-18 21:04:12,1781816652,R_10,4838.447,-1,0.19700000000011642,BACKFILL_AUTO
2026-06-18 21:04:14,1781816654,R_10,4838.667,1,0.22000000000025466,BACKFILL_AUTO
2026-06-18 21:04:16,1781816656,R_10,4838.619,-1,0.04800000000068394,BACKFILL_AUTO
2026-06-18 21:04:18,1781816658,R_10,4838.599,-1,0.019999999999527063,BACKFILL_AUTO
2026-06-18 21:04:20,1781816660,R_10,4838.624,1,0.024999999999636202,BACKFILL_AUTO
2026-06-18 21:04:22,1781816662,R_10,4838.524,-1,0.0999999999994543,BACKFILL_AUTO
2026-06-18 21:04:24,1781816664,R_10,4838.563,1,0.03899999999975989,BACKFILL_AUTO
2026-06-18 21:04:26,1781816666,R_10,4838.753,1,0.18999999999959982,BACKFILL_AUTO
2026-06-18 21:04:28,1781816668,R_10,4838.801,1,0.04800000000068394,BACKFILL_AUTO
2026-06-18 21:04:30,1781816670,R_10,4838.741,-1,0.06000000000040018,BACKFILL_AUTO
2026-06-18 21:04:32,1781816672,R_10,4838.975,1,0.23400000000037835,BACKFILL_AUTO
2026-06-18 21:04:34,1781816674,R_10,4839.115,1,0.13999999999941792,BACKFILL_AUTO
2026-06-18 21:04:36,1781816676,R_10,4838.931,-1,0.18400000000019645,BACKFILL_AUTO
2026-06-18 21:04:38,1781816678,R_10,4839.124,1,0.193000000000211,BACKFILL_AUTO
2026-06-18 21:04:40,1781816680,R_10,4839.182,1,0.057999999999992724,BACKFILL_AUTO
2026-06-18 21:04:42,1781816682,R_10,4839.281,1,0.09900000000016007,BACKFILL_AUTO
2026-06-18 21:04:44,1781816684,R_10,4839.186,-1,0.09500000000025466,BACKFILL_AUTO
2026-06-18 21:04:46,1781816686,R_10,4839.287,1,0.10100000000056752,BACKFILL_AUTO
2026-06-18 21:04:48,1781816688,R_10,4839.245,-1,0.042000000000371074,BACKFILL_AUTO
2026-06-18 21:04:50,1781816690,R_10,4839.482,1,0.23700000000008004,BACKFILL_AUTO
2026-06-18 21:04:52,1781816692,R_10,4839.489,1,0.006999999999607098,BACKFILL_AUTO
2026-06-18 21:04:54,1781816694,R_10,4839.609,1,0.12000000000080036,BACKFILL_AUTO
2026-06-18 21:04:56,1781816696,R_10,4839.824,1,0.21499999999923602,BACKFILL_AUTO
2026-06-18 21:04:58,1781816698,R_10,4839.648,-1,0.17599999999947613,BACKFILL_AUTO
2026-06-18 21:05:00,1781816700,R_10,4839.782,1,0.13400000000001455,BACKFILL_AUTO
2026-06-18 21:05:02,1781816702,R_10,4839.613,-1,0.16899999999986903,BACKFILL_AUTO
2026-06-18 21:05:04,1781816704,R_10,4839.657,1,0.04399999999986903,BACKFILL_AUTO
2026-06-18 21:05:06,1781816706,R_10,4839.65,-1,0.007000000000516593,BACKFILL_AUTO
2026-06-18 21:05:08,1781816708,R_10,4839.421,-1,0.22899999999935972,BACKFILL_AUTO
2026-06-18 21:05:10,1781816710,R_10,4839.514,1,0.0929999999998472,BACKFILL_AUTO
2026-06-18 21:05:12,1781816712,R_10,4839.526,1,0.011999999999716238,BACKFILL_AUTO
2026-06-18 21:05:14,1781816714,R_10,4839.561,1,0.03499999999985448,BACKFILL_AUTO
2026-06-18 21:05:16,1781816716,R_10,4839.493,-1,0.06799999999930151,BACKFILL_AUTO
2026-06-18 21:05:18,1781816718,R_10,4839.473,-1,0.020000000000436557,BACKFILL_AUTO
2026-06-18 21:05:20,1781816720,R_10,4839.551,1,0.07800000000042928,BACKFILL_AUTO
2026-06-18 21:05:22,1781816722,R_10,4839.478,-1,0.07300000000032014,BACKFILL_AUTO
2026-06-18 21:05:24,1781816724,R_10,4839.507,1,0.028999999999541615,BACKFILL_AUTO
2026-06-18 21:05:26,1781816726,R_10,4839.507,0,0.0,BACKFILL_AUTO
2026-06-18 21:05:28,1781816728,R_10,4839.355,-1,0.15200000000004366,BACKFILL_AUTO
2026-06-18 21:05:30,1781816730,R_10,4839.46,1,0.10500000000047294,BACKFILL_AUTO
2026-06-18 21:05:32,1781816732,R_10,4839.432,-1,0.028000000000247383,BACKFILL_AUTO
2026-06-18 21:05:34,1781816734,R_10,4839.656,1,0.22400000000016007,BACKFILL_AUTO
2026-06-18 21:05:36,1781816736,R_10,4839.719,1,0.06300000000010186,BACKFILL_AUTO
2026-06-18 21:05:38,1781816738,R_10,4839.821,1,0.10199999999986176,BACKFILL_AUTO
2026-06-18 21:05:40,1781816740,R_10,4839.851,1,0.02999999999974534,BACKFILL_AUTO
2026-06-18 21:05:42,1781816742,R_10,4840.027,1,0.17600000000038563,BACKFILL_AUTO
2026-06-18 21:05:44,1781816744,R_10,4839.952,-1,0.0749999999998181,BACKFILL_AUTO
2026-06-18 21:05:46,1781816746,R_10,4840.138,1,0.1859999999996944,BACKFILL_AUTO
2026-06-18 21:05:48,1781816748,R_10,4840.324,1,0.1859999999996944,BACKFILL_AUTO
2026-06-18 21:05:50,1781816750,R_10,4840.435,1,0.1110000000007858,BACKFILL_AUTO
2026-06-18 21:05:52,1781816752,R_10,4840.405,-1,0.030000000000654836,BACKFILL_AUTO
2026-06-18 21:05:54,1781816754,R_10,4840.533,1,0.12800000000061118,BACKFILL_AUTO
2026-06-18 21:05:56,1781816756,R_10,4840.546,1,0.012999999999919964,BACKFILL_AUTO
2026-06-18 21:05:58,1781816758,R_10,4840.459,-1,0.08700000000044383,BACKFILL_AUTO
2026-06-18 21:06:00,1781816760,R_10,4840.248,-1,0.2110000000002401,BACKFILL_AUTO
2026-06-18 21:06:02,1781816762,R_10,4840.333,1,0.08500000000003638,BACKFILL_AUTO
2026-06-18 21:06:04,1781816764,R_10,4840.456,1,0.12300000000050204,BACKFILL_AUTO
2026-06-18 21:06:06,1781816766,R_10,4840.359,-1,0.09699999999975262,BACKFILL_AUTO
2026-06-18 21:06:08,1781816768,R_10,4840.296,-1,0.06300000000010186,BACKFILL_AUTO
2026-06-18 21:06:10,1781816770,R_10,4840.315,1,0.018999999999323336,BACKFILL_AUTO
2026-06-18 21:06:12,1781816772,R_10,4840.346,1,0.03099999999994907,BACKFILL_AUTO
2026-06-18 21:06:14,1781816774,R_10,4840.367,1,0.021000000000640284,BACKFILL_AUTO
2026-06-18 21:06:16,1781816776,R_10,4840.366,-1,0.0010000000002037268,BACKFILL_AUTO
2026-06-18 21:06:18,1781816778,R_10,4840.492,1,0.12600000000020373,BACKFILL_AUTO
2026-06-18 21:06:20,1781816780,R_10,4840.596,1,0.10399999999935972,BACKFILL_AUTO
2026-06-18 21:06:22,1781816782,R_10,4840.661,1,0.06500000000050932,BACKFILL_AUTO
2026-06-18 21:06:24,1781816784,R_10,4840.615,-1,0.046000000000276486,BACKFILL_AUTO
2026-06-18 21:06:26,1781816786,R_10,4840.71,1,0.09500000000025466,BACKFILL_AUTO
2026-06-18 21:06:28,1781816788,R_10,4840.949,1,0.238999999999578,BACKFILL_AUTO
2026-06-18 21:06:30,1781816790,R_10,4841.072,1,0.12300000000050204,BACKFILL_AUTO
2026-06-18 21:06:32,1781816792,R_10,4841.133,1,0.06099999999969441,BACKFILL_AUTO
2026-06-18 21:06:34,1781816794,R_10,4841.061,-1,0.07200000000011642,BACKFILL_AUTO
2026-06-18 21:06:36,1781816796,R_10,4841.165,1,0.10400000000026921,BACKFILL_AUTO
2026-06-18 21:06:38,1781816798,R_10,4841.233,1,0.068000000000211,BACKFILL_AUTO
2026-06-18 21:06:40,1781816800,R_10,4841.38,1,0.14699999999993452,BACKFILL_AUTO
2026-06-18 21:06:42,1781816802,R_10,4841.449,1,0.06899999999950523,BACKFILL_AUTO
2026-06-18 21:06:44,1781816804,R_10,4841.355,-1,0.09400000000005093,BACKFILL_AUTO
2026-06-18 21:06:46,1781816806,R_10,4841.682,1,0.32700000000022555,BACKFILL_AUTO
2026-06-18 21:06:48,1781816808,R_10,4841.521,-1,0.1610000000000582,BACKFILL_AUTO
2026-06-18 21:06:50,1781816810,R_10,4841.565,1,0.04399999999986903,BACKFILL_AUTO
2026-06-18 21:06:52,1781816812,R_10,4841.447,-1,0.11799999999948341,BACKFILL_AUTO
2026-06-18 21:06:54,1781816814,R_10,4841.538,1,0.09099999999943975,BACKFILL_AUTO
2026-06-18 21:06:56,1781816816,R_10,4841.787,1,0.24900000000070577,BACKFILL_AUTO
2026-06-18 21:06:58,1781816818,R_10,4841.849,1,0.06199999999989814,BACKFILL_AUTO
2026-06-18 21:07:00,1781816820,R_10,4842.031,1,0.181999999999789,BACKFILL_AUTO
2026-06-18 21:07:02,1781816822,R_10,4842.1,1,0.06900000000041473,BACKFILL_AUTO
2026-06-18 21:07:04,1781816824,R_10,4842.033,-1,0.06700000000000728,BACKFILL_AUTO
2026-06-18 21:07:06,1781816826,R_10,4841.929,-1,0.10400000000026921,BACKFILL_AUTO
2026-06-18 21:07:08,1781816828,R_10,4841.978,1,0.04899999999997817,BACKFILL_AUTO
2026-06-18 21:07:10,1781816830,R_10,4842.072,1,0.09400000000005093,BACKFILL_AUTO
2026-06-18 21:07:12,1781816832,R_10,4841.993,-1,0.07899999999972351,BACKFILL_AUTO
2026-06-18 21:07:14,1781816834,R_10,4841.961,-1,0.032000000000152795,BACKFILL_AUTO
2026-06-18 21:07:16,1781816836,R_10,4842.149,1,0.18800000000010186,BACKFILL_AUTO
2026-06-18 21:07:18,1781816838,R_10,4842.298,1,0.14899999999943248,BACKFILL_AUTO
2026-06-18 21:07:20,1781816840,R_10,4842.19,-1,0.10800000000017462,BACKFILL_AUTO
2026-06-18 21:07:22,1781816842,R_10,4842.226,1,0.03600000000005821,BACKFILL_AUTO
2026-06-18 21:07:24,1781816844,R_10,4842.209,-1,0.016999999999825377,BACKFILL_AUTO
2026-06-18 21:07:26,1781816846,R_10,4842.251,1,0.042000000000371074,BACKFILL_AUTO
2026-06-18 21:07:28,1781816848,R_10,4842.222,-1,0.02900000000045111,BACKFILL_AUTO
2026-06-18 21:07:30,1781816850,R_10,4842.209,-1,0.012999999999919964,BACKFILL_AUTO
2026-06-18 21:07:32,1781816852,R_10,4842.068,-1,0.14099999999962165,BACKFILL_AUTO
2026-06-18 21:07:34,1781816854,R_10,4841.975,-1,0.0929999999998472,BACKFILL_AUTO
2026-06-18 21:07:36,1781816856,R_10,4841.93,-1,0.04500000000007276,BACKFILL_AUTO
2026-06-18 21:07:38,1781816858,R_10,4841.784,-1,0.14600000000064028,BACKFILL_AUTO
2026-06-18 21:07:40,1781816860,R_10,4841.806,1,0.021999999999934516,BACKFILL_AUTO
2026-06-18 21:07:42,1781816862,R_10,4841.648,-1,0.15799999999944703,BACKFILL_AUTO
2026-06-18 21:07:44,1781816864,R_10,4841.741,1,0.0929999999998472,BACKFILL_AUTO
2026-06-18 21:07:46,1781816866,R_10,4841.927,1,0.1859999999996944,BACKFILL_AUTO
2026-06-18 21:07:48,1781816868,R_10,4841.95,1,0.023000000000138243,BACKFILL_AUTO
2026-06-18 21:07:50,1781816870,R_10,4841.862,-1,0.08799999999973807,BACKFILL_AUTO
2026-06-18 21:07:52,1781816872,R_10,4841.769,-1,0.0929999999998472,BACKFILL_AUTO
2026-06-18 21:07:54,1781816874,R_10,4841.941,1,0.17199999999957072,BACKFILL_AUTO
2026-06-18 21:07:56,1781816876,R_10,4842.189,1,0.24800000000050204,BACKFILL_AUTO
2026-06-18 21:07:58,1781816878,R_10,4842.296,1,0.1069999999999709,BACKFILL_AUTO
2026-06-18 21:08:00,1781816880,R_10,4842.38,1,0.08399999999983265,BACKFILL_AUTO
2026-06-18 21:08:02,1781816882,R_10,4842.428,1,0.047999999999774445,BACKFILL_AUTO
2026-06-18 21:08:04,1781816884,R_10,4842.447,1,0.01900000000023283,BACKFILL_AUTO
2026-06-18 21:08:06,1781816886,R_10,4842.539,1,0.09199999999964348,BACKFILL_AUTO
2026-06-18 21:08:08,1781816888,R_10,4842.38,-1,0.15899999999965075,BACKFILL_AUTO
2026-06-18 21:08:10,1781816890,R_10,4842.408,1,0.028000000000247383,BACKFILL_AUTO
2026-06-18 21:08:12,1781816892,R_10,4842.347,-1,0.061000000000603904,BACKFILL_AUTO
2026-06-18 21:08:14,1781816894,R_10,4842.394,1,0.04700000000048021,BACKFILL_AUTO
2026-06-18 21:08:16,1781816896,R_10,4842.737,1,0.3429999999998472,BACKFILL_AUTO
2026-06-18 21:08:18,1781816898,R_10,4842.694,-1,0.042999999999665306,BACKFILL_AUTO
2026-06-18 21:08:20,1781816900,R_10,4842.798,1,0.10399999999935972,BACKFILL_AUTO
2026-06-18 21:08:22,1781816902,R_10,4842.777,-1,0.02099999999973079,BACKFILL_AUTO
2026-06-18 21:08:24,1781816904,R_10,4842.971,1,0.19399999999950523,BACKFILL_AUTO
2026-06-18 21:08:26,1781816906,R_10,4843.184,1,0.21300000000064756,BACKFILL_AUTO
2026-06-18 21:08:28,1781816908,R_10,4842.937,-1,0.24700000000029831,BACKFILL_AUTO
2026-06-18 21:08:30,1781816910,R_10,4842.924,-1,0.012999999999919964,BACKFILL_AUTO
2026-06-18 21:08:32,1781816912,R_10,4842.77,-1,0.15399999999954161,BACKFILL_AUTO
2026-06-18 21:08:34,1781816914,R_10,4842.653,-1,0.11700000000018917,BACKFILL_AUTO
2026-06-18 21:08:36,1781816916,R_10,4842.693,1,0.03999999999996362,BACKFILL_AUTO
2026-06-18 21:08:38,1781816918,R_10,4842.725,1,0.032000000000152795,BACKFILL_AUTO
2026-06-18 21:08:40,1781816920,R_10,4842.747,1,0.021999999999934516,BACKFILL_AUTO
2026-06-18 21:08:42,1781816922,R_10,4842.805,1,0.057999999999992724,BACKFILL_AUTO
2026-06-18 21:08:44,1781816924,R_10,4842.938,1,0.13299999999981083,BACKFILL_AUTO
2026-06-18 21:08:46,1781816926,R_10,4843.125,1,0.18699999999989814,BACKFILL_AUTO
2026-06-18 21:08:48,1781816928,R_10,4843.118,-1,0.006999999999607098,BACKFILL_AUTO
2026-06-18 21:08:50,1781816930,R_10,4843.001,-1,0.11700000000018917,BACKFILL_AUTO
2026-06-18 21:08:52,1781816932,R_10,4843.093,1,0.09199999999964348,BACKFILL_AUTO
2026-06-18 21:08:54,1781816934,R_10,4843.143,1,0.0500000000001819,BACKFILL_AUTO
2026-06-18 21:08:56,1781816936,R_10,4843.119,-1,0.02400000000034197,BACKFILL_AUTO
2026-06-18 21:08:58,1781816938,R_10,4843.073,-1,0.04599999999936699,BACKFILL_AUTO
2026-06-18 21:09:00,1781816940,R_10,4843.046,-1,0.027000000000043656,BACKFILL_AUTO
2026-06-18 21:09:02,1781816942,R_10,4842.99,-1,0.056000000000494765,BACKFILL_AUTO
2026-06-18 21:09:04,1781816944,R_10,4843.03,1,0.03999999999996362,BACKFILL_AUTO
2026-06-18 21:09:06,1781816946,R_10,4843.071,1,0.04100000000016735,BACKFILL_AUTO
2026-06-18 21:09:08,1781816948,R_10,4843.144,1,0.07300000000032014,BACKFILL_AUTO
2026-06-18 21:09:10,1781816950,R_10,4843.229,1,0.08500000000003638,BACKFILL_AUTO
2026-06-18 21:09:12,1781816952,R_10,4843.108,-1,0.12100000000009459,BACKFILL_AUTO
2026-06-18 21:09:14,1781816954,R_10,4843.128,1,0.019999999999527063,BACKFILL_AUTO
2026-06-18 21:09:16,1781816956,R_10,4843.197,1,0.06900000000041473,BACKFILL_AUTO
2026-06-18 21:09:18,1781816958,R_10,4843.111,-1,0.0860000000002401,BACKFILL_AUTO
2026-06-18 21:09:20,1781816960,R_10,4843.024,-1,0.08699999999953434,BACKFILL_AUTO
2026-06-18 21:09:22,1781816962,R_10,4843.128,1,0.10399999999935972,BACKFILL_AUTO
2026-06-18 21:09:24,1781816964,R_10,4843.002,-1,0.12599999999929423,BACKFILL_AUTO
2026-06-18 21:09:26,1781816966,R_10,4843.033,1,0.03099999999994907,BACKFILL_AUTO
2026-06-18 21:09:28,1781816968,R_10,4842.952,-1,0.08100000000013097,BACKFILL_AUTO
2026-06-18 21:09:30,1781816970,R_10,4843.055,1,0.10300000000006548,BACKFILL_AUTO
2026-06-18 21:09:32,1781816972,R_10,4842.979,-1,0.07600000000002183,BACKFILL_AUTO
2026-06-18 21:09:34,1781816974,R_10,4842.806,-1,0.17300000000068394,BACKFILL_AUTO
2026-06-18 21:09:36,1781816976,R_10,4842.876,1,0.07000000000061846,BACKFILL_AUTO
2026-06-18 21:09:38,1781816978,R_10,4842.884,1,0.007999999999810825,BACKFILL_AUTO
2026-06-18 21:09:40,1781816980,R_10,4843.022,1,0.13799999999991996,BACKFILL_AUTO
2026-06-18 21:09:42,1781816982,R_10,4843.173,1,0.15099999999983993,BACKFILL_AUTO
2026-06-18 21:09:44,1781816984,R_10,4843.148,-1,0.024999999999636202,BACKFILL_AUTO
2026-06-18 21:09:46,1781816986,R_10,4843.138,-1,0.010000000000218279,BACKFILL_AUTO
2026-06-18 21:09:48,1781816988,R_10,4843.241,1,0.10300000000006548,BACKFILL_AUTO
2026-06-18 21:09:50,1781816990,R_10,4843.288,1,0.04699999999957072,BACKFILL_AUTO
2026-06-18 21:09:52,1781816992,R_10,4843.235,-1,0.052999999999883585,BACKFILL_AUTO
2026-06-18 21:09:54,1781816994,R_10,4843.114,-1,0.12100000000009459,BACKFILL_AUTO
2026-06-18 21:09:56,1781816996,R_10,4843.304,1,0.19000000000050932,BACKFILL_AUTO
2026-06-18 21:09:58,1781816998,R_10,4843.224,-1,0.07999999999992724,BACKFILL_AUTO
2026-06-18 21:10:00,1781817000,R_10,4843.413,1,0.1889999999993961,BACKFILL_AUTO
2026-06-18 21:10:02,1781817002,R_10,4843.328,-1,0.08499999999912689,BACKFILL_AUTO
2026-06-18 21:10:04,1781817004,R_10,4843.461,1,0.13299999999981083,BACKFILL_AUTO
2026-06-18 21:10:06,1781817006,R_10,4843.525,1,0.0639999999993961,BACKFILL_AUTO
2026-06-18 21:10:08,1781817008,R_10,4843.528,1,0.0030000000006111804,BACKFILL_AUTO
2026-06-18 21:10:10,1781817010,R_10,4843.284,-1,0.24400000000059663,BACKFILL_AUTO
2026-06-18 21:10:12,1781817012,R_10,4843.231,-1,0.052999999999883585,BACKFILL_AUTO
2026-06-18 21:10:14,1781817014,R_10,4843.169,-1,0.06199999999989814,BACKFILL_AUTO
2026-06-18 21:10:16,1781817016,R_10,4843.163,-1,0.006000000000312866,BACKFILL_AUTO
2026-06-18 21:10:18,1781817018,R_10,4843.205,1,0.042000000000371074,BACKFILL_AUTO
2026-06-18 21:10:20,1781817020,R_10,4843.182,-1,0.023000000000138243,BACKFILL_AUTO
2026-06-18 21:10:22,1781817022,R_10,4843.018,-1,0.1639999999997599,BACKFILL_AUTO
2026-06-18 21:10:24,1781817024,R_10,4842.966,-1,0.05199999999967986,BACKFILL_AUTO
2026-06-18 21:10:26,1781817026,R_10,4842.967,1,0.0009999999992942321,BACKFILL_AUTO
2026-06-18 21:10:28,1781817028,R_10,4842.931,-1,0.03600000000005821,BACKFILL_AUTO
2026-06-18 21:10:30,1781817030,R_10,4843.034,1,0.10300000000006548,BACKFILL_AUTO
2026-06-18 21:10:32,1781817032,R_10,4843.136,1,0.10200000000077125,BACKFILL_AUTO
2026-06-18 21:10:34,1781817034,R_10,4843.135,-1,0.0010000000002037268,BACKFILL_AUTO
2026-06-18 21:10:36,1781817036,R_10,4843.008,-1,0.12700000000040745,BACKFILL_AUTO
2026-06-18 21:10:38,1781817038,R_10,4843.109,1,0.10100000000056752,BACKFILL_AUTO
2026-06-18 21:10:40,1781817040,R_10,4843.126,1,0.016999999999825377,BACKFILL_AUTO
2026-06-18 21:10:42,1781817042,R_10,4843.098,-1,0.028000000000247383,BACKFILL_AUTO
2026-06-18 21:10:44,1781817044,R_10,4843.222,1,0.12399999999979627,BACKFILL_AUTO
2026-06-18 21:10:46,1781817046,R_10,4843.118,-1,0.10399999999935972,BACKFILL_AUTO
2026-06-18 21:10:48,1781817048,R_10,4843.16,1,0.04199999999946158,BACKFILL_AUTO
2026-06-18 21:10:50,1781817050,R_10,4843.097,-1,0.06300000000010186,BACKFILL_AUTO
2026-06-18 21:10:52,1781817052,R_10,4843.011,-1,0.08599999999933061,BACKFILL_AUTO
2026-06-18 21:10:54,1781817054,R_10,4842.784,-1,0.22700000000077125,BACKFILL_AUTO
2026-06-18 21:10:56,1781817056,R_10,4843.05,1,0.26600000000053114,BACKFILL_AUTO
2026-06-18 21:10:58,1781817058,R_10,4843.246,1,0.1959999999999127,BACKFILL_AUTO
2026-06-18 21:11:00,1781817060,R_10,4843.351,1,0.10499999999956344,BACKFILL_AUTO
2026-06-18 21:11:02,1781817062,R_10,4843.202,-1,0.14899999999943248,BACKFILL_AUTO
2026-06-18 21:11:04,1781817064,R_10,4843.02,-1,0.181999999999789,BACKFILL_AUTO
2026-06-18 21:11:06,1781817066,R_10,4843.193,1,0.17299999999977445,BACKFILL_AUTO
2026-06-18 21:11:08,1781817068,R_10,4843.232,1,0.03899999999975989,BACKFILL_AUTO
2026-06-18 21:11:10,1781817070,R_10,4843.384,1,0.15200000000004366,BACKFILL_AUTO
2026-06-18 21:11:12,1781817072,R_10,4843.316,-1,0.068000000000211,BACKFILL_AUTO
2026-06-18 21:11:14,1781817074,R_10,4843.279,-1,0.03699999999935244,BACKFILL_AUTO
2026-06-18 21:11:16,1781817076,R_10,4843.29,1,0.01099999999951251,BACKFILL_AUTO
2026-06-18 21:11:18,1781817078,R_10,4843.389,1,0.09900000000016007,BACKFILL_AUTO
2026-06-18 21:11:20,1781817080,R_10,4843.484,1,0.09500000000025466,BACKFILL_AUTO
2026-06-18 21:11:22,1781817082,R_10,4843.613,1,0.1289999999999054,BACKFILL_AUTO
2026-06-18 21:11:24,1781817084,R_10,4843.666,1,0.052999999999883585,BACKFILL_AUTO
2026-06-18 21:11:26,1781817086,R_10,4843.538,-1,0.12800000000061118,BACKFILL_AUTO
2026-06-18 21:11:28,1781817088,R_10,4843.76,1,0.2220000000006621,BACKFILL_AUTO
2026-06-18 21:11:30,1781817090,R_10,4843.957,1,0.19700000000011642,BACKFILL_AUTO
2026-06-18 21:11:32,1781817092,R_10,4844.087,1,0.13000000000010914,BACKFILL_AUTO
2026-06-18 21:11:34,1781817094,R_10,4844.228,1,0.14099999999962165,BACKFILL_AUTO
2026-06-18 21:11:36,1781817096,R_10,4844.192,-1,0.03600000000005821,BACKFILL_AUTO
2026-06-18 21:11:38,1781817098,R_10,4844.22,1,0.028000000000247383,BACKFILL_AUTO
2026-06-18 21:11:40,1781817100,R_10,4844.408,1,0.18800000000010186,BACKFILL_AUTO
2026-06-18 21:11:42,1781817102,R_10,4844.443,1,0.03499999999985448,BACKFILL_AUTO
2026-06-18 21:11:44,1781817104,R_10,4844.246,-1,0.19700000000011642,BACKFILL_AUTO
2026-06-18 21:11:46,1781817106,R_10,4844.178,-1,0.068000000000211,BACKFILL_AUTO
2026-06-18 21:11:48,1781817108,R_10,4844.022,-1,0.15599999999994907,BACKFILL_AUTO
2026-06-18 21:11:50,1781817110,R_10,4843.992,-1,0.02999999999974534,BACKFILL_AUTO
2026-06-18 21:11:52,1781817112,R_10,4844.129,1,0.13699999999971624,BACKFILL_AUTO
2026-06-18 21:11:54,1781817114,R_10,4844.25,1,0.12100000000009459,BACKFILL_AUTO
2026-06-18 21:11:56,1781817116,R_10,4844.368,1,0.1180000000003929,BACKFILL_AUTO
2026-06-18 21:11:58,1781817118,R_10,4844.064,-1,0.3040000000000873,BACKFILL_AUTO
2026-06-18 21:12:00,1781817120,R_10,4844.065,1,0.0009999999992942321,BACKFILL_AUTO
2026-06-18 21:12:02,1781817122,R_10,4844.068,1,0.0030000000006111804,BACKFILL_AUTO
2026-06-18 21:12:04,1781817124,R_10,4844.15,1,0.0819999999994252,BACKFILL_AUTO
2026-06-18 21:12:06,1781817126,R_10,4844.399,1,0.24900000000070577,BACKFILL_AUTO
2026-06-18 21:12:08,1781817128,R_10,4844.357,-1,0.042000000000371074,BACKFILL_AUTO
2026-06-18 21:12:10,1781817130,R_10,4844.234,-1,0.12299999999959255,BACKFILL_AUTO
2026-06-18 21:12:12,1781817132,R_10,4844.186,-1,0.04800000000068394,BACKFILL_AUTO
2026-06-18 21:12:14,1781817134,R_10,4844.299,1,0.11300000000028376,BACKFILL_AUTO
2026-06-18 21:12:16,1781817136,R_10,4844.32,1,0.02099999999973079,BACKFILL_AUTO
2026-06-18 21:12:18,1781817138,R_10,4844.351,1,0.03099999999994907,BACKFILL_AUTO
2026-06-18 21:12:20,1781817140,R_10,4844.223,-1,0.12799999999970169,BACKFILL_AUTO
2026-06-18 21:12:22,1781817142,R_10,4844.017,-1,0.20600000000013097,BACKFILL_AUTO
2026-06-18 21:12:24,1781817144,R_10,4844.056,1,0.03899999999975989,BACKFILL_AUTO
2026-06-18 21:12:26,1781817146,R_10,4843.883,-1,0.17299999999977445,BACKFILL_AUTO
2026-06-18 21:12:28,1781817148,R_10,4843.696,-1,0.18699999999989814,BACKFILL_AUTO
2026-06-18 21:12:30,1781817150,R_10,4843.825,1,0.1289999999999054,BACKFILL_AUTO
2026-06-18 21:12:32,1781817152,R_10,4843.764,-1,0.06099999999969441,BACKFILL_AUTO
2026-06-18 21:12:34,1781817154,R_10,4843.7,-1,0.06400000000030559,BACKFILL_AUTO
2026-06-18 21:12:36,1781817156,R_10,4843.675,-1,0.024999999999636202,BACKFILL_AUTO
2026-06-18 21:12:38,1781817158,R_10,4843.836,1,0.1610000000000582,BACKFILL_AUTO
2026-06-18 21:12:40,1781817160,R_10,4843.826,-1,0.010000000000218279,BACKFILL_AUTO
2026-06-18 21:12:42,1781817162,R_10,4843.752,-1,0.07399999999961437,BACKFILL_AUTO
2026-06-18 21:12:44,1781817164,R_10,4843.727,-1,0.025000000000545697,BACKFILL_AUTO
2026-06-18 21:12:46,1781817166,R_10,4843.805,1,0.07800000000042928,BACKFILL_AUTO
2026-06-18 21:12:48,1781817168,R_10,4843.784,-1,0.021000000000640284,BACKFILL_AUTO
2026-06-18 21:12:50,1781817170,R_10,4843.677,-1,0.1069999999999709,BACKFILL_AUTO
2026-06-18 21:12:52,1781817172,R_10,4843.548,-1,0.1289999999999054,BACKFILL_AUTO
2026-06-18 21:12:54,1781817174,R_10,4843.512,-1,0.03600000000005821,BACKFILL_AUTO
2026-06-18 21:12:56,1781817176,R_10,4843.643,1,0.13100000000031287,BACKFILL_AUTO
2026-06-18 21:12:58,1781817178,R_10,4843.431,-1,0.21200000000044383,BACKFILL_AUTO
2026-06-18 21:13:00,1781817180,R_10,4843.403,-1,0.027999999999337888,BACKFILL_AUTO
2026-06-18 21:13:02,1781817182,R_10,4843.47,1,0.06700000000000728,BACKFILL_AUTO
2026-06-18 21:13:04,1781817184,R_10,4843.446,-1,0.02400000000034197,BACKFILL_AUTO
2026-06-18 21:13:06,1781817186,R_10,4843.322,-1,0.12399999999979627,BACKFILL_AUTO
2026-06-18 21:13:08,1781817188,R_10,4843.343,1,0.02099999999973079,BACKFILL_AUTO
2026-06-18 21:13:10,1781817190,R_10,4843.356,1,0.012999999999919964,BACKFILL_AUTO
2026-06-18 21:13:12,1781817192,R_10,4843.471,1,0.11499999999978172,BACKFILL_AUTO
2026-06-18 21:13:14,1781817194,R_10,4843.374,-1,0.09699999999975262,BACKFILL_AUTO
2026-06-18 21:13:16,1781817196,R_10,4843.514,1,0.14000000000032742,BACKFILL_AUTO
2026-06-18 21:13:18,1781817198,R_10,4843.539,1,0.024999999999636202,BACKFILL_AUTO
2026-06-18 21:13:20,1781817200,R_10,4843.433,-1,0.10599999999976717,BACKFILL_AUTO
2026-06-18 21:13:22,1781817202,R_10,4843.416,-1,0.016999999999825377,BACKFILL_AUTO
2026-06-18 21:13:24,1781817204,R_10,4843.363,-1,0.052999999999883585,BACKFILL_AUTO
2026-06-18 21:13:26,1781817206,R_10,4843.212,-1,0.15099999999983993,BACKFILL_AUTO
2026-06-18 21:13:28,1781817208,R_10,4842.985,-1,0.22700000000077125,BACKFILL_AUTO
2026-06-18 21:13:30,1781817210,R_10,4842.806,-1,0.1790000000000873,BACKFILL_AUTO
2026-06-18 21:13:32,1781817212,R_10,4842.999,1,0.193000000000211,BACKFILL_AUTO
2026-06-18 21:13:34,1781817214,R_10,4842.949,-1,0.0500000000001819,BACKFILL_AUTO
2026-06-18 21:13:36,1781817216,R_10,4843.246,1,0.2970000000004802,BACKFILL_AUTO
2026-06-18 21:13:38,1781817218,R_10,4843.204,-1,0.042000000000371074,BACKFILL_AUTO
2026-06-18 21:13:40,1781817220,R_10,4843.114,-1,0.09000000000014552,BACKFILL_AUTO
2026-06-18 21:13:42,1781817222,R_10,4843.029,-1,0.08499999999912689,BACKFILL_AUTO
2026-06-18 21:13:44,1781817224,R_10,4843.251,1,0.22199999999975262,BACKFILL_AUTO
2026-06-18 21:13:46,1781817226,R_10,4843.553,1,0.30199999999967986,BACKFILL_AUTO
2026-06-18 21:13:48,1781817228,R_10,4843.709,1,0.15599999999994907,BACKFILL_AUTO
2026-06-18 21:13:50,1781817230,R_10,4843.771,1,0.06199999999989814,BACKFILL_AUTO
2026-06-18 21:13:52,1781817232,R_10,4843.756,-1,0.014999999999417923,BACKFILL_AUTO
2026-06-18 21:13:54,1781817234,R_10,4843.779,1,0.023000000000138243,BACKFILL_AUTO
2026-06-18 21:13:56,1781817236,R_10,4843.941,1,0.16199999999935244,BACKFILL_AUTO
2026-06-18 21:13:58,1781817238,R_10,4843.766,-1,0.1750000000001819,BACKFILL_AUTO
2026-06-18 21:14:00,1781817240,R_10,4843.894,1,0.12800000000061118,BACKFILL_AUTO
2026-06-18 21:14:02,1781817242,R_10,4843.807,-1,0.08700000000044383,BACKFILL_AUTO
2026-06-18 21:14:04,1781817244,R_10,4843.75,-1,0.056999999999789,BACKFILL_AUTO
2026-06-18 21:14:06,1781817246,R_10,4843.69,-1,0.06000000000040018,BACKFILL_AUTO
2026-06-18 21:14:08,1781817248,R_10,4844.005,1,0.3150000000005093,BACKFILL_AUTO
2026-06-18 21:14:10,1781817250,R_10,4844.082,1,0.07700000000022555,BACKFILL_AUTO
2026-06-18 21:14:12,1781817252,R_10,4844.201,1,0.11899999999968713,BACKFILL_AUTO
2026-06-18 21:14:14,1781817254,R_10,4844.232,1,0.03099999999994907,BACKFILL_AUTO
2026-06-18 21:14:16,1781817256,R_10,4844.285,1,0.052999999999883585,BACKFILL_AUTO
2026-06-18 21:14:18,1781817258,R_10,4844.332,1,0.04700000000048021,BACKFILL_AUTO
2026-06-18 21:14:20,1781817260,R_10,4844.379,1,0.04699999999957072,BACKFILL_AUTO
2026-06-18 21:14:22,1781817262,R_10,4844.328,-1,0.05099999999947613,BACKFILL_AUTO
2026-06-18 21:14:24,1781817264,R_10,4844.291,-1,0.037000000000261934,BACKFILL_AUTO
2026-06-18 21:14:26,1781817266,R_10,4844.169,-1,0.12200000000029831,BACKFILL_AUTO
2026-06-18 21:14:28,1781817268,R_10,4844.204,1,0.03499999999985448,BACKFILL_AUTO
2026-06-18 21:14:30,1781817270,R_10,4844.307,1,0.10300000000006548,BACKFILL_AUTO
2026-06-18 21:14:32,1781817272,R_10,4844.524,1,0.21700000000055297,BACKFILL_AUTO
2026-06-18 21:14:34,1781817274,R_10,4844.381,-1,0.1430000000000291,BACKFILL_AUTO
2026-06-18 21:14:36,1781817276,R_10,4844.686,1,0.30499999999938154,BACKFILL_AUTO
2026-06-18 21:14:38,1781817278,R_10,4844.818,1,0.1320000000005166,BACKFILL_AUTO
2026-06-18 21:14:40,1781817280,R_10,4845.005,1,0.18699999999989814,BACKFILL_AUTO
2026-06-18 21:14:42,1781817282,R_10,4844.894,-1,0.11099999999987631,BACKFILL_AUTO
2026-06-18 21:14:44,1781817284,R_10,4844.813,-1,0.08100000000013097,BACKFILL_AUTO
2026-06-18 21:14:46,1781817286,R_10,4844.841,1,0.028000000000247383,BACKFILL_AUTO
2026-06-18 21:14:48,1781817288,R_10,4844.763,-1,0.07800000000042928,BACKFILL_AUTO
2026-06-18 21:14:50,1781817290,R_10,4844.845,1,0.0820000000003347,BACKFILL_AUTO
2026-06-18 21:14:52,1781817292,R_10,4844.882,1,0.03699999999935244,BACKFILL_AUTO
2026-06-18 21:14:54,1781817294,R_10,4844.77,-1,0.11199999999917054,BACKFILL_AUTO
2026-06-18 21:14:56,1781817296,R_10,4844.711,-1,0.05900000000019645,BACKFILL_AUTO
2026-06-18 21:14:58,1781817298,R_10,4844.922,1,0.2109999999993306,BACKFILL_AUTO
2026-06-18 21:15:00,1781817300,R_10,4845.021,1,0.09900000000016007,BACKFILL_AUTO
2026-06-18 21:15:02,1781817302,R_10,4845.026,1,0.005000000000109139,BACKFILL_AUTO
2026-06-18 21:15:04,1781817304,R_10,4845.2,1,0.17399999999997817,BACKFILL_AUTO
2026-06-18 21:15:06,1781817306,R_10,4845.018,-1,0.181999999999789,BACKFILL_AUTO
2026-06-18 21:15:08,1781817308,R_10,4845.13,1,0.11200000000008004,BACKFILL_AUTO
2026-06-18 21:15:10,1781817310,R_10,4845.054,-1,0.07600000000002183,BACKFILL_AUTO
2026-06-18 21:15:12,1781817312,R_10,4845.0,-1,0.05400000000008731,BACKFILL_AUTO
2026-06-18 21:15:14,1781817314,R_10,4844.838,-1,0.16200000000026193,BACKFILL_AUTO
2026-06-18 21:15:16,1781817316,R_10,4844.934,1,0.09600000000045839,BACKFILL_AUTO
2026-06-18 21:15:18,1781817318,R_10,4845.073,1,0.1390000000001237,BACKFILL_AUTO
2026-06-18 21:15:20,1781817320,R_10,4845.083,1,0.009999999999308784,BACKFILL_AUTO
2026-06-18 21:15:22,1781817322,R_10,4845.124,1,0.04100000000016735,BACKFILL_AUTO
2026-06-18 21:15:24,1781817324,R_10,4844.939,-1,0.18499999999949068,BACKFILL_AUTO
2026-06-18 21:15:26,1781817326,R_10,4845.049,1,0.10999999999967258,BACKFILL_AUTO
2026-06-18 21:15:28,1781817328,R_10,4845.081,1,0.032000000000152795,BACKFILL_AUTO
2026-06-18 21:15:30,1781817330,R_10,4845.103,1,0.021999999999934516,BACKFILL_AUTO
2026-06-18 21:15:32,1781817332,R_10,4844.982,-1,0.12100000000009459,BACKFILL_AUTO
2026-06-18 21:15:34,1781817334,R_10,4844.926,-1,0.05599999999958527,BACKFILL_AUTO
2026-06-18 21:15:36,1781817336,R_10,4844.901,-1,0.025000000000545697,BACKFILL_AUTO
2026-06-18 21:15:38,1781817338,R_10,4844.804,-1,0.09699999999975262,BACKFILL_AUTO
2026-06-18 21:15:40,1781817340,R_10,4844.756,-1,0.047999999999774445,BACKFILL_AUTO
2026-06-18 21:15:42,1781817342,R_10,4844.703,-1,0.052999999999883585,BACKFILL_AUTO
2026-06-18 21:15:44,1781817344,R_10,4844.718,1,0.014999999999417923,BACKFILL_AUTO
2026-06-18 21:15:46,1781817346,R_10,4844.986,1,0.2680000000000291,BACKFILL_AUTO
2026-06-18 21:15:48,1781817348,R_10,4845.283,1,0.2970000000004802,BACKFILL_AUTO
2026-06-18 21:15:50,1781817350,R_10,4845.408,1,0.125,BACKFILL_AUTO
2026-06-18 21:15:52,1781817352,R_10,4845.577,1,0.16899999999986903,BACKFILL_AUTO
2026-06-18 21:15:54,1781817354,R_10,4845.539,-1,0.03800000000046566,BACKFILL_AUTO
2026-06-18 21:15:56,1781817356,R_10,4845.691,1,0.15200000000004366,BACKFILL_AUTO
2026-06-18 21:15:58,1781817358,R_10,4845.544,-1,0.14699999999993452,BACKFILL_AUTO
2026-06-18 21:16:00,1781817360,R_10,4845.69,1,0.1459999999997308,BACKFILL_AUTO
2026-06-18 21:16:02,1781817362,R_10,4845.559,-1,0.13099999999940337,BACKFILL_AUTO
2026-06-18 21:16:04,1781817364,R_10,4845.313,-1,0.2460000000000946,BACKFILL_AUTO
2026-06-18 21:16:06,1781817366,R_10,4845.151,-1,0.16200000000026193,BACKFILL_AUTO
2026-06-18 21:16:08,1781817368,R_10,4845.136,-1,0.014999999999417923,BACKFILL_AUTO
2026-06-18 21:16:10,1781817370,R_10,4845.011,-1,0.125,BACKFILL_AUTO
2026-06-18 21:16:12,1781817372,R_10,4845.012,1,0.0009999999992942321,BACKFILL_AUTO
2026-06-18 21:16:14,1781817374,R_10,4844.827,-1,0.18499999999949068,BACKFILL_AUTO
2026-06-18 21:16:16,1781817376,R_10,4844.739,-1,0.08800000000064756,BACKFILL_AUTO
2026-06-18 21:16:18,1781817378,R_10,4844.524,-1,0.21499999999923602,BACKFILL_AUTO
2026-06-18 21:16:20,1781817380,R_10,4844.427,-1,0.09700000000066211,BACKFILL_AUTO
2026-06-18 21:16:22,1781817382,R_10,4844.36,-1,0.06700000000000728,BACKFILL_AUTO
2026-06-18 21:16:24,1781817384,R_10,4844.033,-1,0.32699999999931606,BACKFILL_AUTO
2026-06-18 21:16:26,1781817386,R_10,4844.086,1,0.052999999999883585,BACKFILL_AUTO
2026-06-18 21:16:28,1781817388,R_10,4844.086,0,0.0,BACKFILL_AUTO
2026-06-18 21:16:30,1781817390,R_10,4844.142,1,0.05599999999958527,BACKFILL_AUTO
2026-06-18 21:16:32,1781817392,R_10,4844.245,1,0.10300000000006548,BACKFILL_AUTO
2026-06-18 21:16:34,1781817394,R_10,4844.345,1,0.1000000000003638,BACKFILL_AUTO
2026-06-18 21:16:36,1781817396,R_10,4844.31,-1,0.03499999999985448,BACKFILL_AUTO
2026-06-18 21:16:38,1781817398,R_10,4844.258,-1,0.05200000000058935,BACKFILL_AUTO
2026-06-18 21:16:40,1781817400,R_10,4844.372,1,0.11400000000048749,BACKFILL_AUTO
2026-06-18 21:16:42,1781817402,R_10,4844.272,-1,0.1000000000003638,BACKFILL_AUTO
2026-06-18 21:16:44,1781817404,R_10,4844.204,-1,0.068000000000211,BACKFILL_AUTO
2026-06-18 21:16:46,1781817406,R_10,4844.234,1,0.030000000000654836,BACKFILL_AUTO
2026-06-18 21:16:48,1781817408,R_10,4844.259,1,0.024999999999636202,BACKFILL_AUTO
2026-06-18 21:16:50,1781817410,R_10,4844.322,1,0.06300000000010186,BACKFILL_AUTO
2026-06-18 21:16:52,1781817412,R_10,4844.235,-1,0.08700000000044383,BACKFILL_AUTO
2026-06-18 21:16:54,1781817414,R_10,4844.286,1,0.051000000000385626,BACKFILL_AUTO
2026-06-18 21:16:56,1781817416,R_10,4844.056,-1,0.23000000000047294,BACKFILL_AUTO
2026-06-18 21:16:58,1781817418,R_10,4843.939,-1,0.11699999999927968,BACKFILL_AUTO
2026-06-18 21:17:00,1781817420,R_10,4843.82,-1,0.11900000000059663,BACKFILL_AUTO
2026-06-18 21:17:02,1781817422,R_10,4843.982,1,0.16200000000026193,BACKFILL_AUTO
2026-06-18 21:17:04,1781817424,R_10,4844.148,1,0.16600000000016735,BACKFILL_AUTO
2026-06-18 21:17:06,1781817426,R_10,4844.276,1,0.12799999999970169,BACKFILL_AUTO
2026-06-18 21:17:08,1781817428,R_10,4844.128,-1,0.14800000000013824,BACKFILL_AUTO
2026-06-18 21:17:10,1781817430,R_10,4843.907,-1,0.2209999999995489,BACKFILL_AUTO
2026-06-18 21:17:12,1781817432,R_10,4843.85,-1,0.056999999999789,BACKFILL_AUTO
2026-06-18 21:17:14,1781817434,R_10,4843.969,1,0.11899999999968713,BACKFILL_AUTO
2026-06-18 21:17:16,1781817436,R_10,4843.981,1,0.011999999999716238,BACKFILL_AUTO
2026-06-18 21:17:18,1781817438,R_10,4843.873,-1,0.10800000000017462,BACKFILL_AUTO
2026-06-18 21:17:20,1781817440,R_10,4843.928,1,0.05500000000029104,BACKFILL_AUTO
2026-06-18 21:17:22,1781817442,R_10,4843.933,1,0.005000000000109139,BACKFILL_AUTO
2026-06-18 21:17:24,1781817444,R_10,4843.846,-1,0.08700000000044383,BACKFILL_AUTO
2026-06-18 21:17:26,1781817446,R_10,4843.848,1,0.0020000000004074536,BACKFILL_AUTO
2026-06-18 21:17:28,1781817448,R_10,4843.883,1,0.03499999999985448,BACKFILL_AUTO
2026-06-18 21:17:30,1781817450,R_10,4844.101,1,0.2179999999998472,BACKFILL_AUTO
2026-06-18 21:17:32,1781817452,R_10,4843.94,-1,0.1610000000000582,BACKFILL_AUTO
2026-06-18 21:17:34,1781817454,R_10,4843.667,-1,0.27299999999922875,BACKFILL_AUTO
2026-06-18 21:17:36,1781817456,R_10,4843.796,1,0.1289999999999054,BACKFILL_AUTO
2026-06-18 21:17:38,1781817458,R_10,4843.856,1,0.05999999999949068,BACKFILL_AUTO
2026-06-18 21:17:40,1781817460,R_10,4843.886,1,0.030000000000654836,BACKFILL_AUTO
2026-06-18 21:17:42,1781817462,R_10,4843.785,-1,0.10100000000056752,BACKFILL_AUTO
2026-06-18 21:17:44,1781817464,R_10,4843.99,1,0.20499999999992724,BACKFILL_AUTO
2026-06-18 21:17:46,1781817466,R_10,4844.03,1,0.03999999999996362,BACKFILL_AUTO
2026-06-18 21:17:48,1781817468,R_10,4843.837,-1,0.1929999999993015,BACKFILL_AUTO
2026-06-18 21:17:50,1781817470,R_10,4844.003,1,0.16599999999925785,BACKFILL_AUTO
2026-06-18 21:17:52,1781817472,R_10,4843.956,-1,0.04699999999957072,BACKFILL_AUTO
2026-06-18 21:17:54,1781817474,R_10,4843.809,-1,0.14699999999993452,BACKFILL_AUTO
2026-06-18 21:17:56,1781817476,R_10,4843.785,-1,0.02400000000034197,BACKFILL_AUTO
2026-06-18 21:17:58,1781817478,R_10,4843.916,1,0.13100000000031287,BACKFILL_AUTO
2026-06-18 21:18:00,1781817480,R_10,4843.94,1,0.023999999999432475,BACKFILL_AUTO
2026-06-18 21:18:02,1781817482,R_10,4843.823,-1,0.11699999999927968,BACKFILL_AUTO
2026-06-18 21:18:04,1781817484,R_10,4844.0,1,0.17699999999967986,BACKFILL_AUTO
2026-06-18 21:18:06,1781817486,R_10,4843.954,-1,0.046000000000276486,BACKFILL_AUTO
2026-06-18 21:18:08,1781817488,R_10,4843.762,-1,0.19200000000000728,BACKFILL_AUTO
2026-06-18 21:18:10,1781817490,R_10,4843.7,-1,0.06199999999989814,BACKFILL_AUTO
2026-06-18 21:18:12,1781817492,R_10,4843.924,1,0.22400000000016007,BACKFILL_AUTO
2026-06-18 21:18:14,1781817494,R_10,4843.985,1,0.06099999999969441,BACKFILL_AUTO
2026-06-18 21:18:16,1781817496,R_10,4843.995,1,0.010000000000218279,BACKFILL_AUTO
2026-06-18 21:18:18,1781817498,R_10,4844.053,1,0.057999999999992724,BACKFILL_AUTO
2026-06-18 21:18:20,1781817500,R_10,4843.978,-1,0.0749999999998181,BACKFILL_AUTO
2026-06-18 21:18:22,1781817502,R_10,4844.172,1,0.19399999999950523,BACKFILL_AUTO
2026-06-18 21:18:24,1781817504,R_10,4844.035,-1,0.13699999999971624,BACKFILL_AUTO
2026-06-18 21:18:26,1781817506,R_10,4844.001,-1,0.033999999999650754,BACKFILL_AUTO
2026-06-18 21:18:28,1781817508,R_10,4844.009,1,0.007999999999810825,BACKFILL_AUTO
2026-06-18 21:18:30,1781817510,R_10,4844.047,1,0.03799999999955617,BACKFILL_AUTO
2026-06-18 21:18:32,1781817512,R_10,4844.013,-1,0.033999999999650754,BACKFILL_AUTO
2026-06-18 21:18:34,1781817514,R_10,4844.031,1,0.018000000000029104,BACKFILL_AUTO
2026-06-18 21:18:36,1781817516,R_10,4844.196,1,0.16499999999996362,BACKFILL_AUTO
2026-06-18 21:18:38,1781817518,R_10,4844.351,1,0.15499999999974534,BACKFILL_AUTO
2026-06-18 21:18:40,1781817520,R_10,4844.365,1,0.014000000000123691,BACKFILL_AUTO
2026-06-18 21:18:42,1781817522,R_10,4844.243,-1,0.12199999999938882,BACKFILL_AUTO
2026-06-18 21:18:44,1781817524,R_10,4844.325,1,0.0819999999994252,BACKFILL_AUTO
2026-06-18 21:18:46,1781817526,R_10,4844.197,-1,0.12799999999970169,BACKFILL_AUTO
2026-06-18 21:18:48,1781817528,R_10,4844.277,1,0.07999999999992724,BACKFILL_AUTO
2026-06-18 21:18:50,1781817530,R_10,4844.388,1,0.11099999999987631,BACKFILL_AUTO
2026-06-18 21:18:52,1781817532,R_10,4844.372,-1,0.01599999999962165,BACKFILL_AUTO
2026-06-18 21:18:54,1781817534,R_10,4844.373,1,0.0009999999992942321,BACKFILL_AUTO
2026-06-18 21:18:56,1781817536,R_10,4844.353,-1,0.019999999999527063,BACKFILL_AUTO
2026-06-18 21:18:58,1781817538,R_10,4844.529,1,0.17600000000038563,BACKFILL_AUTO
2026-06-18 21:19:00,1781817540,R_10,4844.348,-1,0.18100000000049477,BACKFILL_AUTO
2026-06-18 21:19:02,1781817542,R_10,4844.357,1,0.009000000000014552,BACKFILL_AUTO
2026-06-18 21:19:04,1781817544,R_10,4844.268,-1,0.08899999999994179,BACKFILL_AUTO
2026-06-18 21:19:06,1781817546,R_10,4844.265,-1,0.0029999999997016857,BACKFILL_AUTO
2026-06-18 21:19:08,1781817548,R_10,4844.363,1,0.09799999999995634,BACKFILL_AUTO
2026-06-18 21:19:10,1781817550,R_10,4844.263,-1,0.1000000000003638,BACKFILL_AUTO
2026-06-18 21:19:12,1781817552,R_10,4844.469,1,0.20600000000013097,BACKFILL_AUTO
2026-06-18 21:19:14,1781817554,R_10,4844.383,-1,0.0860000000002401,BACKFILL_AUTO
2026-06-18 21:19:16,1781817556,R_10,4844.425,1,0.042000000000371074,BACKFILL_AUTO
2026-06-18 21:19:18,1781817558,R_10,4844.333,-1,0.09200000000055297,BACKFILL_AUTO
2026-06-18 21:19:20,1781817560,R_10,4844.487,1,0.1540000000004511,BACKFILL_AUTO
2026-06-18 21:19:22,1781817562,R_10,4844.637,1,0.1499999999996362,BACKFILL_AUTO
2026-06-18 21:19:24,1781817564,R_10,4844.472,-1,0.16499999999996362,BACKFILL_AUTO
2026-06-18 21:19:26,1781817566,R_10,4844.527,1,0.05500000000029104,BACKFILL_AUTO
2026-06-18 21:19:28,1781817568,R_10,4844.406,-1,0.12100000000009459,BACKFILL_AUTO
2026-06-18 21:19:30,1781817570,R_10,4844.298,-1,0.10800000000017462,BACKFILL_AUTO
2026-06-18 21:19:32,1781817572,R_10,4844.294,-1,0.0039999999999054126,BACKFILL_AUTO
2026-06-18 21:19:34,1781817574,R_10,4844.442,1,0.14800000000013824,BACKFILL_AUTO
2026-06-18 21:19:36,1781817576,R_10,4844.436,-1,0.006000000000312866,BACKFILL_AUTO
2026-06-18 21:19:38,1781817578,R_10,4844.49,1,0.05400000000008731,BACKFILL_AUTO
2026-06-18 21:19:40,1781817580,R_10,4844.281,-1,0.20899999999983265,BACKFILL_AUTO
2026-06-18 21:19:42,1781817582,R_10,4844.262,-1,0.01900000000023283,BACKFILL_AUTO
2026-06-18 21:19:44,1781817584,R_10,4844.169,-1,0.0929999999998472,BACKFILL_AUTO
2026-06-18 21:19:46,1781817586,R_10,4844.203,1,0.03400000000056025,BACKFILL_AUTO
2026-06-18 21:19:48,1781817588,R_10,4844.223,1,0.019999999999527063,BACKFILL_AUTO
2026-06-18 21:19:50,1781817590,R_10,4844.224,1,0.0010000000002037268,BACKFILL_AUTO
2026-06-18 21:19:52,1781817592,R_10,4844.149,-1,0.0749999999998181,BACKFILL_AUTO
2026-06-18 21:19:54,1781817594,R_10,4844.087,-1,0.06199999999989814,BACKFILL_AUTO
2026-06-18 21:19:56,1781817596,R_10,4844.227,1,0.13999999999941792,BACKFILL_AUTO
2026-06-18 21:19:58,1781817598,R_10,4844.035,-1,0.19200000000000728,BACKFILL_AUTO
2026-06-18 21:20:00,1781817600,R_10,4843.824,-1,0.2110000000002401,BACKFILL_AUTO
2026-06-18 21:20:02,1781817602,R_10,4843.927,1,0.10300000000006548,BACKFILL_AUTO
2026-06-18 21:20:04,1781817604,R_10,4843.846,-1,0.08100000000013097,BACKFILL_AUTO
2026-06-18 21:20:06,1781817606,R_10,4843.92,1,0.07400000000052387,BACKFILL_AUTO
2026-06-18 21:20:08,1781817608,R_10,4843.839,-1,0.08100000000013097,BACKFILL_AUTO
2026-06-18 21:20:10,1781817610,R_10,4843.756,-1,0.08299999999962893,BACKFILL_AUTO
2026-06-18 21:20:12,1781817612,R_10,4843.677,-1,0.07900000000063301,BACKFILL_AUTO
2026-06-18 21:20:14,1781817614,R_10,4843.56,-1,0.11699999999927968,BACKFILL_AUTO
2026-06-18 21:20:16,1781817616,R_10,4843.572,1,0.011999999999716238,BACKFILL_AUTO
2026-06-18 21:20:18,1781817618,R_10,4843.677,1,0.10499999999956344,BACKFILL_AUTO
2026-06-18 21:20:20,1781817620,R_10,4843.676,-1,0.0009999999992942321,BACKFILL_AUTO
2026-06-18 21:20:22,1781817622,R_10,4843.604,-1,0.07200000000011642,BACKFILL_AUTO
2026-06-18 21:20:24,1781817624,R_10,4843.511,-1,0.0929999999998472,BACKFILL_AUTO
2026-06-18 21:20:26,1781817626,R_10,4843.527,1,0.01599999999962165,BACKFILL_AUTO
2026-06-18 21:20:28,1781817628,R_10,4843.619,1,0.09199999999964348,BACKFILL_AUTO
2026-06-18 21:20:30,1781817630,R_10,4843.676,1,0.05700000000069849,BACKFILL_AUTO
2026-06-18 21:20:32,1781817632,R_10,4843.492,-1,0.18400000000019645,BACKFILL_AUTO
2026-06-18 21:20:34,1781817634,R_10,4843.598,1,0.10599999999976717,BACKFILL_AUTO
2026-06-18 21:20:36,1781817636,R_10,4843.631,1,0.03300000000035652,BACKFILL_AUTO
2026-06-18 21:20:38,1781817638,R_10,4843.615,-1,0.016000000000531145,BACKFILL_AUTO
2026-06-18 21:20:40,1781817640,R_10,4843.507,-1,0.10800000000017462,BACKFILL_AUTO
2026-06-18 21:20:42,1781817642,R_10,4843.507,0,0.0,BACKFILL_AUTO
2026-06-18 21:20:44,1781817644,R_10,4843.518,1,0.011000000000422006,BACKFILL_AUTO
2026-06-18 21:20:46,1781817646,R_10,4843.494,-1,0.02400000000034197,BACKFILL_AUTO
2026-06-18 21:20:48,1781817648,R_10,4843.602,1,0.10800000000017462,BACKFILL_AUTO
2026-06-18 21:20:50,1781817650,R_10,4843.499,-1,0.10300000000006548,BACKFILL_AUTO
2026-06-18 21:20:52,1781817652,R_10,4843.271,-1,0.22800000000006548,BACKFILL_AUTO
2026-06-18 21:20:54,1781817654,R_10,4843.382,1,0.11099999999987631,BACKFILL_AUTO
2026-06-18 21:20:56,1781817656,R_10,4843.495,1,0.11300000000028376,BACKFILL_AUTO
2026-06-18 21:20:58,1781817658,R_10,4843.467,-1,0.028000000000247383,BACKFILL_AUTO
2026-06-18 21:21:00,1781817660,R_10,4843.409,-1,0.057999999999992724,BACKFILL_AUTO
2026-06-18 21:21:02,1781817662,R_10,4843.619,1,0.21000000000003638,BACKFILL_AUTO
2026-06-18 21:21:04,1781817664,R_10,4843.646,1,0.027000000000043656,BACKFILL_AUTO
2026-06-18 21:21:06,1781817666,R_10,4843.49,-1,0.15599999999994907,BACKFILL_AUTO
2026-06-18 21:21:08,1781817668,R_10,4843.548,1,0.057999999999992724,BACKFILL_AUTO
2026-06-18 21:21:10,1781817670,R_10,4843.524,-1,0.023999999999432475,BACKFILL_AUTO
2026-06-18 21:21:12,1781817672,R_10,4843.536,1,0.011999999999716238,BACKFILL_AUTO
2026-06-18 21:21:14,1781817674,R_10,4843.635,1,0.09900000000016007,BACKFILL_AUTO
2026-06-18 21:21:16,1781817676,R_10,4843.861,1,0.22599999999965803,BACKFILL_AUTO
2026-06-18 21:21:18,1781817678,R_10,4843.913,1,0.05199999999967986,BACKFILL_AUTO
2026-06-18 21:21:20,1781817680,R_10,4843.908,-1,0.004999999999199645,BACKFILL_AUTO
2026-06-18 21:21:22,1781817682,R_10,4843.806,-1,0.10200000000077125,BACKFILL_AUTO
2026-06-18 21:21:24,1781817684,R_10,4843.822,1,0.016000000000531145,BACKFILL_AUTO
2026-06-18 21:21:26,1781817686,R_10,4843.762,-1,0.06000000000040018,BACKFILL_AUTO
2026-06-18 21:21:28,1781817688,R_10,4843.804,1,0.042000000000371074,BACKFILL_AUTO
2026-06-18 21:21:30,1781817690,R_10,4843.681,-1,0.12300000000050204,BACKFILL_AUTO
2026-06-18 21:21:32,1781817692,R_10,4843.853,1,0.1720000000004802,BACKFILL_AUTO
2026-06-18 21:21:34,1781817694,R_10,4843.721,-1,0.1320000000005166,BACKFILL_AUTO
2026-06-18 21:21:36,1781817696,R_10,4843.714,-1,0.006999999999607098,BACKFILL_AUTO
2026-06-18 21:21:38,1781817698,R_10,4843.729,1,0.015000000000327418,BACKFILL_AUTO
2026-06-18 21:21:40,1781817700,R_10,4843.692,-1,0.037000000000261934,BACKFILL_AUTO
2026-06-18 21:21:42,1781817702,R_10,4843.586,-1,0.10599999999976717,BACKFILL_AUTO
2026-06-18 21:21:44,1781817704,R_10,4843.617,1,0.03099999999994907,BACKFILL_AUTO
2026-06-18 21:21:46,1781817706,R_10,4843.641,1,0.023999999999432475,BACKFILL_AUTO
2026-06-18 21:21:48,1781817708,R_10,4843.688,1,0.04700000000048021,BACKFILL_AUTO
2026-06-18 21:21:50,1781817710,R_10,4843.893,1,0.20499999999992724,BACKFILL_AUTO
2026-06-18 21:21:52,1781817712,R_10,4843.906,1,0.012999999999919964,BACKFILL_AUTO
2026-06-18 21:21:54,1781817714,R_10,4844.002,1,0.09600000000045839,BACKFILL_AUTO
2026-06-18 21:21:56,1781817716,R_10,4843.941,-1,0.061000000000603904,BACKFILL_AUTO
2026-06-18 21:21:58,1781817718,R_10,4843.83,-1,0.11099999999987631,BACKFILL_AUTO
2026-06-18 21:22:00,1781817720,R_10,4843.792,-1,0.03799999999955617,BACKFILL_AUTO
2026-06-18 21:22:02,1781817722,R_10,4843.606,-1,0.1860000000006039,BACKFILL_AUTO
2026-06-18 21:22:04,1781817724,R_10,4843.481,-1,0.125,BACKFILL_AUTO
2026-06-18 21:22:06,1781817726,R_10,4843.397,-1,0.08399999999983265,BACKFILL_AUTO
2026-06-18 21:22:08,1781817728,R_10,4843.561,1,0.1639999999997599,BACKFILL_AUTO
2026-06-18 21:22:10,1781817730,R_10,4843.783,1,0.2220000000006621,BACKFILL_AUTO
2026-06-18 21:22:12,1781817732,R_10,4843.602,-1,0.18100000000049477,BACKFILL_AUTO
2026-06-18 21:22:14,1781817734,R_10,4843.643,1,0.04100000000016735,BACKFILL_AUTO
2026-06-18 21:22:16,1781817736,R_10,4843.655,1,0.011999999999716238,BACKFILL_AUTO
2026-06-18 21:22:18,1781817738,R_10,4843.731,1,0.07600000000002183,BACKFILL_AUTO
2026-06-18 21:22:20,1781817740,R_10,4843.624,-1,0.1069999999999709,BACKFILL_AUTO
2026-06-18 21:22:22,1781817742,R_10,4843.635,1,0.011000000000422006,BACKFILL_AUTO
2026-06-18 21:22:24,1781817744,R_10,4843.742,1,0.1069999999999709,BACKFILL_AUTO
2026-06-18 21:22:26,1781817746,R_10,4843.902,1,0.15999999999985448,BACKFILL_AUTO
2026-06-18 21:22:28,1781817748,R_10,4843.758,-1,0.14400000000023283,BACKFILL_AUTO
2026-06-18 21:22:30,1781817750,R_10,4843.869,1,0.11099999999987631,BACKFILL_AUTO
2026-06-18 21:22:32,1781817752,R_10,4843.992,1,0.12300000000050204,BACKFILL_AUTO
2026-06-18 21:22:34,1781817754,R_10,4844.009,1,0.016999999999825377,BACKFILL_AUTO
2026-06-18 21:22:36,1781817756,R_10,4843.932,-1,0.07700000000022555,BACKFILL_AUTO
2026-06-18 21:22:38,1781817758,R_10,4843.988,1,0.056000000000494765,BACKFILL_AUTO
2026-06-18 21:22:40,1781817760,R_10,4843.851,-1,0.13700000000062573,BACKFILL_AUTO
2026-06-18 21:22:42,1781817762,R_10,4843.748,-1,0.10300000000006548,BACKFILL_AUTO
2026-06-18 21:22:44,1781817764,R_10,4843.822,1,0.07400000000052387,BACKFILL_AUTO
2026-06-18 21:22:46,1781817766,R_10,4844.031,1,0.20899999999983265,BACKFILL_AUTO
2026-06-18 21:22:48,1781817768,R_10,4844.118,1,0.08700000000044383,BACKFILL_AUTO
2026-06-18 21:22:50,1781817770,R_10,4844.157,1,0.03899999999975989,BACKFILL_AUTO
2026-06-18 21:22:52,1781817772,R_10,4844.139,-1,0.018000000000029104,BACKFILL_AUTO
2026-06-18 21:22:54,1781817774,R_10,4843.998,-1,0.14100000000053114,BACKFILL_AUTO
2026-06-18 21:22:56,1781817776,R_10,4844.018,1,0.020000000000436557,BACKFILL_AUTO
2026-06-18 21:22:58,1781817778,R_10,4844.085,1,0.06700000000000728,BACKFILL_AUTO
2026-06-18 21:23:00,1781817780,R_10,4843.731,-1,0.3540000000002692,BACKFILL_AUTO
2026-06-18 21:23:02,1781817782,R_10,4843.89,1,0.15900000000056025,BACKFILL_AUTO
2026-06-18 21:23:04,1781817784,R_10,4843.838,-1,0.05200000000058935,BACKFILL_AUTO
2026-06-18 21:23:06,1781817786,R_10,4843.823,-1,0.014999999999417923,BACKFILL_AUTO
2026-06-18 21:23:08,1781817788,R_10,4843.724,-1,0.09900000000016007,BACKFILL_AUTO
2026-06-18 21:23:10,1781817790,R_10,4843.548,-1,0.17600000000038563,BACKFILL_AUTO
2026-06-18 21:23:12,1781817792,R_10,4843.411,-1,0.13699999999971624,BACKFILL_AUTO
2026-06-18 21:23:14,1781817794,R_10,4843.198,-1,0.21299999999973807,BACKFILL_AUTO
2026-06-18 21:23:16,1781817796,R_10,4843.251,1,0.052999999999883585,BACKFILL_AUTO
2026-06-18 21:23:18,1781817798,R_10,4843.303,1,0.05199999999967986,BACKFILL_AUTO
2026-06-18 21:23:20,1781817800,R_10,4843.316,1,0.012999999999919964,BACKFILL_AUTO
2026-06-18 21:23:22,1781817802,R_10,4843.509,1,0.193000000000211,BACKFILL_AUTO
2026-06-18 21:23:24,1781817804,R_10,4843.441,-1,0.068000000000211,BACKFILL_AUTO
2026-06-18 21:23:26,1781817806,R_10,4843.358,-1,0.08299999999962893,BACKFILL_AUTO
2026-06-18 21:23:28,1781817808,R_10,4843.347,-1,0.011000000000422006,BACKFILL_AUTO
2026-06-18 21:23:30,1781817810,R_10,4843.258,-1,0.08899999999994179,BACKFILL_AUTO
2026-06-18 21:23:32,1781817812,R_10,4843.287,1,0.02900000000045111,BACKFILL_AUTO
2026-06-18 21:23:34,1781817814,R_10,4843.183,-1,0.10400000000026921,BACKFILL_AUTO
2026-06-18 21:23:36,1781817816,R_10,4843.011,-1,0.17199999999957072,BACKFILL_AUTO
2026-06-18 21:23:38,1781817818,R_10,4842.99,-1,0.021000000000640284,BACKFILL_AUTO
2026-06-18 21:23:40,1781817820,R_10,4842.722,-1,0.2680000000000291,BACKFILL_AUTO
2026-06-18 21:23:42,1781817822,R_10,4842.734,1,0.012000000000625732,BACKFILL_AUTO
2026-06-18 21:23:44,1781817824,R_10,4842.607,-1,0.12700000000040745,BACKFILL_AUTO
2026-06-18 21:23:46,1781817826,R_10,4842.526,-1,0.08100000000013097,BACKFILL_AUTO
2026-06-18 21:23:48,1781817828,R_10,4842.415,-1,0.11099999999987631,BACKFILL_AUTO
2026-06-18 21:23:50,1781817830,R_10,4842.281,-1,0.13400000000001455,BACKFILL_AUTO
2026-06-18 21:23:52,1781817832,R_10,4842.158,-1,0.12299999999959255,BACKFILL_AUTO
2026-06-18 21:23:54,1781817834,R_10,4842.014,-1,0.14400000000023283,BACKFILL_AUTO
2026-06-18 21:23:56,1781817836,R_10,4841.847,-1,0.16700000000037107,BACKFILL_AUTO
2026-06-18 21:23:58,1781817838,R_10,4841.746,-1,0.10099999999965803,BACKFILL_AUTO
2026-06-18 21:24:00,1781817840,R_10,4841.812,1,0.06599999999980355,BACKFILL_AUTO
2026-06-18 21:24:02,1781817842,R_10,4841.839,1,0.027000000000043656,BACKFILL_AUTO
2026-06-18 21:24:04,1781817844,R_10,4841.748,-1,0.09100000000034925,BACKFILL_AUTO
2026-06-18 21:24:06,1781817846,R_10,4841.544,-1,0.2039999999997235,BACKFILL_AUTO
2026-06-18 21:24:08,1781817848,R_10,4841.488,-1,0.05599999999958527,BACKFILL_AUTO
2026-06-18 21:24:10,1781817850,R_10,4841.586,1,0.09799999999995634,BACKFILL_AUTO
2026-06-18 21:24:12,1781817852,R_10,4841.817,1,0.23099999999976717,BACKFILL_AUTO
2026-06-18 21:24:14,1781817854,R_10,4841.797,-1,0.020000000000436557,BACKFILL_AUTO
2026-06-18 21:24:16,1781817856,R_10,4841.799,1,0.0020000000004074536,BACKFILL_AUTO
2026-06-18 21:24:18,1781817858,R_10,4841.84,1,0.04100000000016735,BACKFILL_AUTO
2026-06-18 21:24:20,1781817860,R_10,4841.767,-1,0.07300000000032014,BACKFILL_AUTO
2026-06-18 21:24:22,1781817862,R_10,4841.831,1,0.06400000000030559,BACKFILL_AUTO
2026-06-18 21:24:24,1781817864,R_10,4841.8,-1,0.03099999999994907,BACKFILL_AUTO
2026-06-18 21:24:26,1781817866,R_10,4841.901,1,0.10099999999965803,BACKFILL_AUTO
2026-06-18 21:24:28,1781817868,R_10,4841.975,1,0.07400000000052387,BACKFILL_AUTO
2026-06-18 21:24:30,1781817870,R_10,4841.838,-1,0.13700000000062573,BACKFILL_AUTO
2026-06-18 21:24:32,1781817872,R_10,4841.914,1,0.07600000000002183,BACKFILL_AUTO
2026-06-18 21:24:34,1781817874,R_10,4841.826,-1,0.08799999999973807,BACKFILL_AUTO
2026-06-18 21:24:36,1781817876,R_10,4841.99,1,0.1639999999997599,BACKFILL_AUTO
2026-06-18 21:24:38,1781817878,R_10,4841.868,-1,0.12199999999938882,BACKFILL_AUTO
2026-06-18 21:24:40,1781817880,R_10,4841.828,-1,0.03999999999996362,BACKFILL_AUTO
2026-06-18 21:24:42,1781817882,R_10,4841.987,1,0.15899999999965075,BACKFILL_AUTO
2026-06-18 21:24:44,1781817884,R_10,4841.958,-1,0.02900000000045111,BACKFILL_AUTO
2026-06-18 21:24:46,1781817886,R_10,4842.075,1,0.11700000000018917,BACKFILL_AUTO
2026-06-18 21:24:48,1781817888,R_10,4842.023,-1,0.05199999999967986,BACKFILL_AUTO
2026-06-18 21:24:50,1781817890,R_10,4841.973,-1,0.0500000000001819,BACKFILL_AUTO
2026-06-18 21:24:52,1781817892,R_10,4841.854,-1,0.11899999999968713,BACKFILL_AUTO
2026-06-18 21:24:54,1781817894,R_10,4842.014,1,0.15999999999985448,BACKFILL_AUTO
2026-06-18 21:24:56,1781817896,R_10,4842.176,1,0.16200000000026193,BACKFILL_AUTO
2026-06-18 21:24:58,1781817898,R_10,4842.133,-1,0.0430000000005748,BACKFILL_AUTO
2026-06-18 21:25:00,1781817900,R_10,4842.175,1,0.042000000000371074,BACKFILL_AUTO
2026-06-18 21:25:02,1781817902,R_10,4842.2,1,0.024999999999636202,BACKFILL_AUTO
2026-06-18 21:25:04,1781817904,R_10,4842.186,-1,0.014000000000123691,BACKFILL_AUTO
2026-06-18 21:25:06,1781817906,R_10,4842.16,-1,0.02599999999983993,BACKFILL_AUTO
2026-06-18 21:25:08,1781817908,R_10,4842.144,-1,0.01599999999962165,BACKFILL_AUTO
2026-06-18 21:25:10,1781817910,R_10,4842.211,1,0.06700000000000728,BACKFILL_AUTO
2026-06-18 21:25:12,1781817912,R_10,4842.331,1,0.11999999999989086,BACKFILL_AUTO
2026-06-18 21:25:14,1781817914,R_10,4842.209,-1,0.12200000000029831,BACKFILL_AUTO
2026-06-18 21:25:16,1781817916,R_10,4842.382,1,0.17299999999977445,BACKFILL_AUTO
2026-06-18 21:25:18,1781817918,R_10,4842.384,1,0.0020000000004074536,BACKFILL_AUTO
2026-06-18 21:25:20,1781817920,R_10,4842.564,1,0.18000000000029104,BACKFILL_AUTO
2026-06-18 21:25:22,1781817922,R_10,4842.526,-1,0.03800000000046566,BACKFILL_AUTO
2026-06-18 21:25:24,1781817924,R_10,4842.513,-1,0.012999999999919964,BACKFILL_AUTO
2026-06-18 21:25:26,1781817926,R_10,4842.358,-1,0.15499999999974534,BACKFILL_AUTO
2026-06-18 21:25:28,1781817928,R_10,4842.305,-1,0.052999999999883585,BACKFILL_AUTO
2026-06-18 21:25:30,1781817930,R_10,4842.305,0,0.0,BACKFILL_AUTO
2026-06-18 21:25:32,1781817932,R_10,4842.314,1,0.009000000000014552,BACKFILL_AUTO
2026-06-18 21:25:34,1781817934,R_10,4842.14,-1,0.17399999999997817,BACKFILL_AUTO
2026-06-18 21:25:36,1781817936,R_10,4842.111,-1,0.02900000000045111,BACKFILL_AUTO
2026-06-18 21:25:38,1781817938,R_10,4841.834,-1,0.27700000000004366,BACKFILL_AUTO
2026-06-18 21:25:40,1781817940,R_10,4841.716,-1,0.11799999999948341,BACKFILL_AUTO
2026-06-18 21:25:42,1781817942,R_10,4841.662,-1,0.05400000000008731,BACKFILL_AUTO
2026-06-18 21:25:44,1781817944,R_10,4841.74,1,0.07799999999951979,BACKFILL_AUTO
2026-06-18 21:25:46,1781817946,R_10,4841.771,1,0.03099999999994907,BACKFILL_AUTO
2026-06-18 21:25:48,1781817948,R_10,4841.828,1,0.05700000000069849,BACKFILL_AUTO
2026-06-18 21:25:50,1781817950,R_10,4842.014,1,0.1859999999996944,BACKFILL_AUTO
2026-06-18 21:25:52,1781817952,R_10,4841.996,-1,0.018000000000029104,BACKFILL_AUTO
2026-06-18 21:25:54,1781817954,R_10,4842.058,1,0.06199999999989814,BACKFILL_AUTO
2026-06-18 21:25:56,1781817956,R_10,4842.032,-1,0.02599999999983993,BACKFILL_AUTO
2026-06-18 21:25:58,1781817958,R_10,4842.202,1,0.17000000000007276,BACKFILL_AUTO
2026-06-18 21:26:00,1781817960,R_10,4842.04,-1,0.16200000000026193,BACKFILL_AUTO
2026-06-18 21:26:02,1781817962,R_10,4842.089,1,0.04899999999997817,BACKFILL_AUTO
2026-06-18 21:26:04,1781817964,R_10,4842.421,1,0.3320000000003347,BACKFILL_AUTO
2026-06-18 21:26:06,1781817966,R_10,4842.096,-1,0.3250000000007276,BACKFILL_AUTO
2026-06-18 21:26:08,1781817968,R_10,4842.209,1,0.11300000000028376,BACKFILL_AUTO
2026-06-18 21:26:10,1781817970,R_10,4842.194,-1,0.014999999999417923,BACKFILL_AUTO
2026-06-18 21:26:12,1781817972,R_10,4842.179,-1,0.015000000000327418,BACKFILL_AUTO
2026-06-18 21:26:14,1781817974,R_10,4842.478,1,0.29899999999997817,BACKFILL_AUTO
2026-06-18 21:26:16,1781817976,R_10,4842.275,-1,0.20300000000042928,BACKFILL_AUTO
2026-06-18 21:26:18,1781817978,R_10,4842.103,-1,0.17199999999957072,BACKFILL_AUTO
2026-06-18 21:26:20,1781817980,R_10,4842.169,1,0.06599999999980355,BACKFILL_AUTO
2026-06-18 21:26:22,1781817982,R_10,4842.088,-1,0.08100000000013097,BACKFILL_AUTO
2026-06-18 21:26:24,1781817984,R_10,4842.091,1,0.0030000000006111804,BACKFILL_AUTO
2026-06-18 21:26:26,1781817986,R_10,4842.128,1,0.03699999999935244,BACKFILL_AUTO
2026-06-18 21:26:28,1781817988,R_10,4842.288,1,0.15999999999985448,BACKFILL_AUTO
2026-06-18 21:26:30,1781817990,R_10,4842.392,1,0.10400000000026921,BACKFILL_AUTO
2026-06-18 21:26:32,1781817992,R_10,4842.501,1,0.10900000000037835,BACKFILL_AUTO
2026-06-18 21:26:34,1781817994,R_10,4842.351,-1,0.1500000000005457,BACKFILL_AUTO
2026-06-18 21:26:36,1781817996,R_10,4842.437,1,0.0860000000002401,BACKFILL_AUTO
2026-06-18 21:26:38,1781817998,R_10,4842.338,-1,0.09900000000016007,BACKFILL_AUTO
2026-06-18 21:26:40,1781818000,R_10,4842.369,1,0.03099999999994907,BACKFILL_AUTO
2026-06-18 21:26:42,1781818002,R_10,4842.219,-1,0.1499999999996362,BACKFILL_AUTO
2026-06-18 21:26:44,1781818004,R_10,4842.287,1,0.068000000000211,BACKFILL_AUTO
2026-06-18 21:26:46,1781818006,R_10,4842.26,-1,0.027000000000043656,BACKFILL_AUTO
2026-06-18 21:26:48,1781818008,R_10,4842.369,1,0.10899999999946886,BACKFILL_AUTO
2026-06-18 21:26:50,1781818010,R_10,4842.398,1,0.02900000000045111,BACKFILL_AUTO
2026-06-18 21:26:52,1781818012,R_10,4842.377,-1,0.02099999999973079,BACKFILL_AUTO
2026-06-18 21:26:54,1781818014,R_10,4842.354,-1,0.023000000000138243,BACKFILL_AUTO
2026-06-18 21:26:56,1781818016,R_10,4842.269,-1,0.08500000000003638,BACKFILL_AUTO
2026-06-18 21:26:58,1781818018,R_10,4842.164,-1,0.10500000000047294,BACKFILL_AUTO
2026-06-18 21:27:00,1781818020,R_10,4841.831,-1,0.3329999999996289,BACKFILL_AUTO
2026-06-18 21:27:02,1781818022,R_10,4841.878,1,0.04699999999957072,BACKFILL_AUTO
2026-06-18 21:27:04,1781818024,R_10,4841.628,-1,0.25,BACKFILL_AUTO
2026-06-18 21:27:06,1781818026,R_10,4841.718,1,0.09000000000014552,BACKFILL_AUTO
2026-06-18 21:27:08,1781818028,R_10,4841.853,1,0.13500000000021828,BACKFILL_AUTO
2026-06-18 21:27:10,1781818030,R_10,4841.873,1,0.019999999999527063,BACKFILL_AUTO
2026-06-18 21:27:12,1781818032,R_10,4841.819,-1,0.05399999999917782,BACKFILL_AUTO
2026-06-18 21:27:14,1781818034,R_10,4841.911,1,0.09199999999964348,BACKFILL_AUTO
2026-06-18 21:27:16,1781818036,R_10,4841.948,1,0.037000000000261934,BACKFILL_AUTO
2026-06-18 21:27:18,1781818038,R_10,4841.83,-1,0.1180000000003929,BACKFILL_AUTO
2026-06-18 21:27:20,1781818040,R_10,4841.742,-1,0.08799999999973807,BACKFILL_AUTO
2026-06-18 21:27:22,1781818042,R_10,4841.675,-1,0.06700000000000728,BACKFILL_AUTO
2026-06-18 21:27:24,1781818044,R_10,4841.915,1,0.23999999999978172,BACKFILL_AUTO
2026-06-18 21:27:26,1781818046,R_10,4841.756,-1,0.15899999999965075,BACKFILL_AUTO
2026-06-18 21:27:28,1781818048,R_10,4841.467,-1,0.2890000000006694,BACKFILL_AUTO
2026-06-18 21:27:30,1781818050,R_10,4841.455,-1,0.011999999999716238,BACKFILL_AUTO
2026-06-18 21:27:32,1781818052,R_10,4841.483,1,0.028000000000247383,BACKFILL_AUTO
2026-06-18 21:27:34,1781818054,R_10,4841.63,1,0.14699999999993452,BACKFILL_AUTO
2026-06-18 21:27:36,1781818056,R_10,4841.445,-1,0.18500000000040018,BACKFILL_AUTO
2026-06-18 21:27:38,1781818058,R_10,4841.385,-1,0.05999999999949068,BACKFILL_AUTO
2026-06-18 21:27:40,1781818060,R_10,4841.253,-1,0.1320000000005166,BACKFILL_AUTO
2026-06-18 21:27:42,1781818062,R_10,4841.127,-1,0.12599999999929423,BACKFILL_AUTO
2026-06-18 21:27:44,1781818064,R_10,4841.017,-1,0.11000000000058208,BACKFILL_AUTO
2026-06-18 21:27:46,1781818066,R_10,4841.013,-1,0.0039999999999054126,BACKFILL_AUTO
2026-06-18 21:27:48,1781818068,R_10,4841.0,-1,0.012999999999919964,BACKFILL_AUTO
2026-06-18 21:27:50,1781818070,R_10,4841.052,1,0.05199999999967986,BACKFILL_AUTO
2026-06-18 21:27:52,1781818072,R_10,4840.938,-1,0.113999999999578,BACKFILL_AUTO
2026-06-18 21:27:54,1781818074,R_10,4841.011,1,0.07300000000032014,BACKFILL_AUTO
2026-06-18 21:27:56,1781818076,R_10,4840.816,-1,0.19500000000061846,BACKFILL_AUTO
2026-06-18 21:27:58,1781818078,R_10,4840.853,1,0.037000000000261934,BACKFILL_AUTO
2026-06-18 21:28:00,1781818080,R_10,4841.225,1,0.3720000000002983,BACKFILL_AUTO
2026-06-18 21:28:02,1781818082,R_10,4841.204,-1,0.021000000000640284,BACKFILL_AUTO
2026-06-18 21:28:04,1781818084,R_10,4841.185,-1,0.018999999999323336,BACKFILL_AUTO
2026-06-18 21:28:06,1781818086,R_10,4841.356,1,0.170999999999367,BACKFILL_AUTO
2026-06-18 21:28:08,1781818088,R_10,4841.487,1,0.13100000000031287,BACKFILL_AUTO
2026-06-18 21:28:10,1781818090,R_10,4841.569,1,0.0820000000003347,BACKFILL_AUTO
2026-06-18 21:28:12,1781818092,R_10,4841.698,1,0.1289999999999054,BACKFILL_AUTO
2026-06-18 21:28:14,1781818094,R_10,4841.796,1,0.09799999999995634,BACKFILL_AUTO
2026-06-18 21:28:16,1781818096,R_10,4841.921,1,0.125,BACKFILL_AUTO
2026-06-18 21:28:18,1781818098,R_10,4841.806,-1,0.11500000000069122,BACKFILL_AUTO
2026-06-18 21:28:20,1781818100,R_10,4841.745,-1,0.06099999999969441,BACKFILL_AUTO
2026-06-18 21:28:22,1781818102,R_10,4841.813,1,0.068000000000211,BACKFILL_AUTO
2026-06-18 21:28:24,1781818104,R_10,4841.9,1,0.08699999999953434,BACKFILL_AUTO
2026-06-18 21:28:26,1781818106,R_10,4842.124,1,0.22400000000016007,BACKFILL_AUTO
2026-06-18 21:28:28,1781818108,R_10,4842.053,-1,0.07099999999991269,BACKFILL_AUTO
2026-06-18 21:28:30,1781818110,R_10,4842.16,1,0.1069999999999709,BACKFILL_AUTO
2026-06-18 21:28:32,1781818112,R_10,4842.253,1,0.0929999999998472,BACKFILL_AUTO
2026-06-18 21:28:34,1781818114,R_10,4842.384,1,0.13100000000031287,BACKFILL_AUTO
2026-06-18 21:28:36,1781818116,R_10,4842.578,1,0.19400000000041473,BACKFILL_AUTO
2026-06-18 21:28:38,1781818118,R_10,4842.515,-1,0.06300000000010186,BACKFILL_AUTO
2026-06-18 21:28:40,1781818120,R_10,4842.594,1,0.07899999999972351,BACKFILL_AUTO
2026-06-18 21:28:42,1781818122,R_10,4842.784,1,0.18999999999959982,BACKFILL_AUTO
2026-06-18 21:28:44,1781818124,R_10,4842.739,-1,0.04500000000007276,BACKFILL_AUTO
2026-06-18 21:28:46,1781818126,R_10,4842.743,1,0.004000000000814907,BACKFILL_AUTO
2026-06-18 21:28:48,1781818128,R_10,4842.734,-1,0.009000000000014552,BACKFILL_AUTO
2026-06-18 21:28:50,1781818130,R_10,4842.676,-1,0.057999999999992724,BACKFILL_AUTO
2026-06-18 21:28:52,1781818132,R_10,4842.811,1,0.13499999999930878,BACKFILL_AUTO
2026-06-18 21:28:54,1781818134,R_10,4842.667,-1,0.14399999999932334,BACKFILL_AUTO
2026-06-18 21:28:56,1781818136,R_10,4842.694,1,0.027000000000043656,BACKFILL_AUTO
2026-06-18 21:28:58,1781818138,R_10,4842.774,1,0.07999999999992724,BACKFILL_AUTO
2026-06-18 21:29:00,1781818140,R_10,4842.911,1,0.13699999999971624,BACKFILL_AUTO
2026-06-18 21:29:02,1781818142,R_10,4842.697,-1,0.2139999999999418,BACKFILL_AUTO
2026-06-18 21:29:04,1781818144,R_10,4842.674,-1,0.023000000000138243,BACKFILL_AUTO
2026-06-18 21:29:06,1781818146,R_10,4842.551,-1,0.12299999999959255,BACKFILL_AUTO
2026-06-18 21:29:08,1781818148,R_10,4842.518,-1,0.03300000000035652,BACKFILL_AUTO
2026-06-18 21:29:10,1781818150,R_10,4842.455,-1,0.06300000000010186,BACKFILL_AUTO
2026-06-18 21:29:12,1781818152,R_10,4842.338,-1,0.11700000000018917,BACKFILL_AUTO
2026-06-18 21:29:14,1781818154,R_10,4842.287,-1,0.05099999999947613,BACKFILL_AUTO
2026-06-18 21:29:16,1781818156,R_10,4842.202,-1,0.08500000000003638,BACKFILL_AUTO
2026-06-18 21:29:18,1781818158,R_10,4842.219,1,0.016999999999825377,BACKFILL_AUTO
2026-06-18 21:29:20,1781818160,R_10,4842.176,-1,0.042999999999665306,BACKFILL_AUTO
2026-06-18 21:29:22,1781818162,R_10,4842.262,1,0.08599999999933061,BACKFILL_AUTO
2026-06-18 21:29:24,1781818164,R_10,4842.186,-1,0.07600000000002183,BACKFILL_AUTO
2026-06-18 21:29:26,1781818166,R_10,4842.113,-1,0.07299999999941065,BACKFILL_AUTO
2026-06-18 21:29:28,1781818168,R_10,4842.018,-1,0.09500000000025466,BACKFILL_AUTO
2026-06-18 21:29:30,1781818170,R_10,4842.026,1,0.007999999999810825,BACKFILL_AUTO
2026-06-18 21:29:32,1781818172,R_10,4842.031,1,0.005000000000109139,BACKFILL_AUTO
2026-06-18 21:29:34,1781818174,R_10,4842.182,1,0.15099999999983993,BACKFILL_AUTO
2026-06-18 21:29:36,1781818176,R_10,4842.149,-1,0.03299999999944703,BACKFILL_AUTO
2026-06-18 21:29:38,1781818178,R_10,4842.087,-1,0.06199999999989814,BACKFILL_AUTO
2026-06-18 21:29:40,1781818180,R_10,4841.942,-1,0.14500000000043656,BACKFILL_AUTO
2026-06-18 21:29:42,1781818182,R_10,4841.948,1,0.006000000000312866,BACKFILL_AUTO
2026-06-18 21:29:44,1781818184,R_10,4841.718,-1,0.23000000000047294,BACKFILL_AUTO
2026-06-18 21:29:46,1781818186,R_10,4841.799,1,0.08100000000013097,BACKFILL_AUTO
2026-06-18 21:29:48,1781818188,R_10,4841.889,1,0.09000000000014552,BACKFILL_AUTO
2026-06-18 21:29:50,1781818190,R_10,4841.876,-1,0.012999999999919964,BACKFILL_AUTO
2026-06-18 21:29:52,1781818192,R_10,4841.794,-1,0.0820000000003347,BACKFILL_AUTO
2026-06-18 21:29:54,1781818194,R_10,4841.946,1,0.15200000000004366,BACKFILL_AUTO
2026-06-18 21:29:56,1781818196,R_10,4841.999,1,0.052999999999883585,BACKFILL_AUTO
2026-06-18 21:29:58,1781818198,R_10,4842.1,1,0.10100000000056752,BACKFILL_AUTO
2026-06-18 21:30:00,1781818200,R_10,4842.086,-1,0.014000000000123691,BACKFILL_AUTO
2026-06-18 21:30:02,1781818202,R_10,4842.013,-1,0.07300000000032014,BACKFILL_AUTO
2026-06-18 21:30:04,1781818204,R_10,4842.109,1,0.09600000000045839,BACKFILL_AUTO
2026-06-18 21:30:06,1781818206,R_10,4842.152,1,0.042999999999665306,BACKFILL_AUTO
2026-06-18 21:30:08,1781818208,R_10,4842.092,-1,0.06000000000040018,BACKFILL_AUTO
2026-06-18 21:30:10,1781818210,R_10,4842.118,1,0.026000000000749424,BACKFILL_AUTO
2026-06-18 21:30:12,1781818212,R_10,4842.048,-1,0.07000000000061846,BACKFILL_AUTO
2026-06-18 21:30:14,1781818214,R_10,4842.002,-1,0.04599999999936699,BACKFILL_AUTO
2026-06-18 21:30:16,1781818216,R_10,4842.026,1,0.023999999999432475,BACKFILL_AUTO
2026-06-18 21:30:18,1781818218,R_10,4841.98,-1,0.046000000000276486,BACKFILL_AUTO
2026-06-18 21:30:20,1781818220,R_10,4841.912,-1,0.06799999999930151,BACKFILL_AUTO
2026-06-18 21:30:22,1781818222,R_10,4841.818,-1,0.09400000000005093,BACKFILL_AUTO
2026-06-18 21:30:24,1781818224,R_10,4841.882,1,0.0639999999993961,BACKFILL_AUTO
2026-06-18 21:30:26,1781818226,R_10,4841.863,-1,0.018999999999323336,BACKFILL_AUTO
2026-06-18 21:30:28,1781818228,R_10,4841.748,-1,0.11500000000069122,BACKFILL_AUTO
2026-06-18 21:30:30,1781818230,R_10,4841.758,1,0.010000000000218279,BACKFILL_AUTO
2026-06-18 21:30:32,1781818232,R_10,4841.907,1,0.14900000000034197,BACKFILL_AUTO
2026-06-18 21:30:34,1781818234,R_10,4841.98,1,0.07299999999941065,BACKFILL_AUTO
2026-06-18 21:30:36,1781818236,R_10,4841.889,-1,0.09099999999943975,BACKFILL_AUTO
2026-06-18 21:30:38,1781818238,R_10,4841.912,1,0.023000000000138243,BACKFILL_AUTO
2026-06-18 21:30:40,1781818240,R_10,4841.908,-1,0.0039999999999054126,BACKFILL_AUTO
2026-06-18 21:30:42,1781818242,R_10,4841.979,1,0.07099999999991269,BACKFILL_AUTO
2026-06-18 21:30:44,1781818244,R_10,4842.179,1,0.1999999999998181,BACKFILL_AUTO
2026-06-18 21:30:46,1781818246,R_10,4842.224,1,0.04500000000007276,BACKFILL_AUTO
2026-06-18 21:30:48,1781818248,R_10,4842.22,-1,0.0039999999999054126,BACKFILL_AUTO
2026-06-18 21:30:50,1781818250,R_10,4842.125,-1,0.09500000000025466,BACKFILL_AUTO
2026-06-18 21:30:52,1781818252,R_10,4842.161,1,0.03600000000005821,BACKFILL_AUTO
2026-06-18 21:30:54,1781818254,R_10,4842.185,1,0.02400000000034197,BACKFILL_AUTO
2026-06-18 21:30:56,1781818256,R_10,4842.065,-1,0.12000000000080036,BACKFILL_AUTO
2026-06-18 21:30:58,1781818258,R_10,4842.068,1,0.0030000000006111804,BACKFILL_AUTO
2026-06-18 21:31:00,1781818260,R_10,4842.123,1,0.054999999999381544,BACKFILL_AUTO
2026-06-18 21:31:02,1781818262,R_10,4842.13,1,0.007000000000516593,BACKFILL_AUTO
2026-06-18 21:31:04,1781818264,R_10,4842.069,-1,0.06099999999969441,BACKFILL_AUTO
2026-06-18 21:31:06,1781818266,R_10,4842.254,1,0.18499999999949068,BACKFILL_AUTO
2026-06-18 21:31:08,1781818268,R_10,4842.489,1,0.23499999999967258,BACKFILL_AUTO
2026-06-18 21:31:10,1781818270,R_10,4842.515,1,0.026000000000749424,BACKFILL_AUTO
2026-06-18 21:31:12,1781818272,R_10,4842.524,1,0.009000000000014552,BACKFILL_AUTO
2026-06-18 21:31:14,1781818274,R_10,4842.541,1,0.016999999999825377,BACKFILL_AUTO
2026-06-18 21:31:16,1781818276,R_10,4842.44,-1,0.10100000000056752,BACKFILL_AUTO
2026-06-18 21:31:18,1781818278,R_10,4842.371,-1,0.06899999999950523,BACKFILL_AUTO
2026-06-18 21:31:20,1781818280,R_10,4842.318,-1,0.052999999999883585,BACKFILL_AUTO
2026-06-18 21:31:22,1781818282,R_10,4842.191,-1,0.12700000000040745,BACKFILL_AUTO
2026-06-18 21:31:24,1781818284,R_10,4842.189,-1,0.001999999999497959,BACKFILL_AUTO
2026-06-18 21:31:26,1781818286,R_10,4842.126,-1,0.06300000000010186,BACKFILL_AUTO
2026-06-18 21:31:28,1781818288,R_10,4842.187,1,0.06099999999969441,BACKFILL_AUTO
2026-06-18 21:31:30,1781818290,R_10,4842.165,-1,0.021999999999934516,BACKFILL_AUTO
2026-06-18 21:31:32,1781818292,R_10,4842.105,-1,0.06000000000040018,BACKFILL_AUTO
2026-06-18 21:31:34,1781818294,R_10,4842.295,1,0.19000000000050932,BACKFILL_AUTO
2026-06-18 21:31:36,1781818296,R_10,4842.219,-1,0.07600000000002183,BACKFILL_AUTO
2026-06-18 21:31:38,1781818298,R_10,4842.101,-1,0.1180000000003929,BACKFILL_AUTO
2026-06-18 21:31:40,1781818300,R_10,4842.166,1,0.06500000000050932,BACKFILL_AUTO
2026-06-18 21:31:42,1781818302,R_10,4842.004,-1,0.16200000000026193,BACKFILL_AUTO
2026-06-18 21:31:44,1781818304,R_10,4842.066,1,0.06199999999989814,BACKFILL_AUTO
2026-06-18 21:31:46,1781818306,R_10,4841.933,-1,0.13299999999981083,BACKFILL_AUTO
2026-06-18 21:31:48,1781818308,R_10,4841.987,1,0.05400000000008731,BACKFILL_AUTO
2026-06-18 21:31:50,1781818310,R_10,4842.056,1,0.06899999999950523,BACKFILL_AUTO
2026-06-18 21:31:52,1781818312,R_10,4842.006,-1,0.049999999999272404,BACKFILL_AUTO
2026-06-18 21:31:54,1781818314,R_10,4841.927,-1,0.07900000000063301,BACKFILL_AUTO
2026-06-18 21:31:56,1781818316,R_10,4841.988,1,0.061000000000603904,BACKFILL_AUTO
2026-06-18 21:31:58,1781818318,R_10,4841.723,-1,0.2650000000003274,BACKFILL_AUTO
2026-06-18 21:32:00,1781818320,R_10,4841.846,1,0.12299999999959255,BACKFILL_AUTO
2026-06-18 21:32:02,1781818322,R_10,4842.011,1,0.16500000000087311,BACKFILL_AUTO
2026-06-18 21:32:04,1781818324,R_10,4842.126,1,0.11499999999978172,BACKFILL_AUTO
2026-06-18 21:32:06,1781818326,R_10,4842.142,1,0.01599999999962165,BACKFILL_AUTO
2026-06-18 21:32:08,1781818328,R_10,4842.151,1,0.009000000000014552,BACKFILL_AUTO
2026-06-18 21:32:10,1781818330,R_10,4842.063,-1,0.08799999999973807,BACKFILL_AUTO
2026-06-18 21:32:12,1781818332,R_10,4842.106,1,0.042999999999665306,BACKFILL_AUTO
2026-06-18 21:32:14,1781818334,R_10,4842.132,1,0.02599999999983993,BACKFILL_AUTO
2026-06-18 21:32:16,1781818336,R_10,4842.214,1,0.0820000000003347,BACKFILL_AUTO
2026-06-18 21:32:18,1781818338,R_10,4842.162,-1,0.05199999999967986,BACKFILL_AUTO
2026-06-18 21:32:20,1781818340,R_10,4842.148,-1,0.014000000000123691,BACKFILL_AUTO
2026-06-18 21:32:22,1781818342,R_10,4842.148,0,0.0,BACKFILL_AUTO
2026-06-18 21:32:24,1781818344,R_10,4842.19,1,0.04199999999946158,BACKFILL_AUTO
2026-06-18 21:32:26,1781818346,R_10,4842.086,-1,0.10399999999935972,BACKFILL_AUTO
2026-06-18 21:32:28,1781818348,R_10,4842.014,-1,0.07200000000011642,BACKFILL_AUTO
2026-06-18 21:32:30,1781818350,R_10,4842.028,1,0.014000000000123691,BACKFILL_AUTO
2026-06-18 21:32:32,1781818352,R_10,4842.06,1,0.032000000000152795,BACKFILL_AUTO
2026-06-18 21:32:34,1781818354,R_10,4841.949,-1,0.1110000000007858,BACKFILL_AUTO
2026-06-18 21:32:36,1781818356,R_10,4841.882,-1,0.06700000000000728,BACKFILL_AUTO
2026-06-18 21:32:38,1781818358,R_10,4841.949,1,0.06700000000000728,BACKFILL_AUTO
2026-06-18 21:32:40,1781818360,R_10,4842.163,1,0.2139999999999418,BACKFILL_AUTO
2026-06-18 21:32:42,1781818362,R_10,4842.092,-1,0.07099999999991269,BACKFILL_AUTO
2026-06-18 21:32:44,1781818364,R_10,4841.917,-1,0.1749999999992724,BACKFILL_AUTO
2026-06-18 21:32:46,1781818366,R_10,4841.786,-1,0.13100000000031287,BACKFILL_AUTO
2026-06-18 21:32:48,1781818368,R_10,4841.715,-1,0.07099999999991269,BACKFILL_AUTO
2026-06-18 21:32:50,1781818370,R_10,4841.822,1,0.1069999999999709,BACKFILL_AUTO
2026-06-18 21:32:52,1781818372,R_10,4841.969,1,0.14699999999993452,BACKFILL_AUTO
2026-06-18 21:32:54,1781818374,R_10,4842.059,1,0.09000000000014552,BACKFILL_AUTO
2026-06-18 21:32:56,1781818376,R_10,4842.057,-1,0.0020000000004074536,BACKFILL_AUTO
2026-06-18 21:32:58,1781818378,R_10,4842.098,1,0.04100000000016735,BACKFILL_AUTO
2026-06-18 21:33:00,1781818380,R_10,4842.114,1,0.01599999999962165,BACKFILL_AUTO
2026-06-18 21:33:02,1781818382,R_10,4841.99,-1,0.12399999999979627,BACKFILL_AUTO
2026-06-18 21:33:04,1781818384,R_10,4842.078,1,0.08800000000064756,BACKFILL_AUTO
2026-06-18 21:33:06,1781818386,R_10,4841.986,-1,0.09200000000055297,BACKFILL_AUTO
2026-06-18 21:33:08,1781818388,R_10,4841.963,-1,0.023000000000138243,BACKFILL_AUTO
2026-06-18 21:33:10,1781818390,R_10,4841.889,-1,0.07399999999961437,BACKFILL_AUTO
2026-06-18 21:33:12,1781818392,R_10,4841.818,-1,0.07099999999991269,BACKFILL_AUTO
2026-06-18 21:33:14,1781818394,R_10,4841.909,1,0.09099999999943975,BACKFILL_AUTO
2026-06-18 21:33:16,1781818396,R_10,4842.142,1,0.23300000000017462,BACKFILL_AUTO
2026-06-18 21:33:18,1781818398,R_10,4842.053,-1,0.08899999999994179,BACKFILL_AUTO
2026-06-18 21:33:20,1781818400,R_10,4841.893,-1,0.15999999999985448,BACKFILL_AUTO
2026-06-18 21:33:22,1781818402,R_10,4841.824,-1,0.06900000000041473,BACKFILL_AUTO
2026-06-18 21:33:24,1781818404,R_10,4841.901,1,0.07700000000022555,BACKFILL_AUTO
2026-06-18 21:33:26,1781818406,R_10,4841.912,1,0.011000000000422006,BACKFILL_AUTO
2026-06-18 21:33:28,1781818408,R_10,4841.842,-1,0.07000000000061846,BACKFILL_AUTO
2026-06-18 21:33:30,1781818410,R_10,4841.652,-1,0.18999999999959982,BACKFILL_AUTO
2026-06-18 21:33:32,1781818412,R_10,4841.678,1,0.02599999999983993,BACKFILL_AUTO
2026-06-18 21:33:34,1781818414,R_10,4841.642,-1,0.03600000000005821,BACKFILL_AUTO
2026-06-18 21:33:36,1781818416,R_10,4841.835,1,0.193000000000211,BACKFILL_AUTO
2026-06-18 21:33:38,1781818418,R_10,4841.861,1,0.02599999999983993,BACKFILL_AUTO
2026-06-18 21:33:40,1781818420,R_10,4841.969,1,0.10800000000017462,BACKFILL_AUTO
2026-06-18 21:33:42,1781818422,R_10,4841.948,-1,0.02099999999973079,BACKFILL_AUTO
2026-06-18 21:33:44,1781818424,R_10,4841.98,1,0.0319999999992433,BACKFILL_AUTO
2026-06-18 21:33:46,1781818426,R_10,4841.88,-1,0.0999999999994543,BACKFILL_AUTO
2026-06-18 21:33:48,1781818428,R_10,4842.163,1,0.282999999999447,BACKFILL_AUTO
2026-06-18 21:33:50,1781818430,R_10,4842.271,1,0.10800000000017462,BACKFILL_AUTO
2026-06-18 21:33:52,1781818432,R_10,4842.648,1,0.37700000000040745,BACKFILL_AUTO
2026-06-18 21:33:54,1781818434,R_10,4842.803,1,0.15499999999974534,BACKFILL_AUTO
2026-06-18 21:33:56,1781818436,R_10,4842.931,1,0.12799999999970169,BACKFILL_AUTO
2026-06-18 21:33:58,1781818438,R_10,4842.801,-1,0.12999999999919964,BACKFILL_AUTO
2026-06-18 21:34:00,1781818440,R_10,4842.791,-1,0.010000000000218279,BACKFILL_AUTO
2026-06-18 21:34:02,1781818442,R_10,4842.736,-1,0.05500000000029104,BACKFILL_AUTO
2026-06-18 21:34:04,1781818444,R_10,4842.559,-1,0.17699999999967986,BACKFILL_AUTO
2026-06-18 21:34:06,1781818446,R_10,4842.63,1,0.07099999999991269,BACKFILL_AUTO
2026-06-18 21:34:08,1781818448,R_10,4842.746,1,0.11599999999998545,BACKFILL_AUTO
2026-06-18 21:34:10,1781818450,R_10,4842.858,1,0.11200000000008004,BACKFILL_AUTO
2026-06-18 21:34:12,1781818452,R_10,4842.862,1,0.0039999999999054126,BACKFILL_AUTO
2026-06-18 21:34:14,1781818454,R_10,4842.945,1,0.08299999999962893,BACKFILL_AUTO
2026-06-18 21:34:16,1781818456,R_10,4843.016,1,0.07099999999991269,BACKFILL_AUTO
2026-06-18 21:34:18,1781818458,R_10,4843.024,1,0.00800000000072032,BACKFILL_AUTO
2026-06-18 21:34:20,1781818460,R_10,4843.292,1,0.2680000000000291,BACKFILL_AUTO
2026-06-18 21:34:22,1781818462,R_10,4843.354,1,0.06199999999989814,BACKFILL_AUTO
2026-06-18 21:34:24,1781818464,R_10,4843.368,1,0.014000000000123691,BACKFILL_AUTO
2026-06-18 21:34:26,1781818466,R_10,4843.292,-1,0.07600000000002183,BACKFILL_AUTO
2026-06-18 21:34:28,1781818468,R_10,4843.236,-1,0.056000000000494765,BACKFILL_AUTO
2026-06-18 21:34:30,1781818470,R_10,4843.32,1,0.08399999999983265,BACKFILL_AUTO
2026-06-18 21:34:32,1781818472,R_10,4843.234,-1,0.08599999999933061,BACKFILL_AUTO
2026-06-18 21:34:34,1781818474,R_10,4843.338,1,0.10399999999935972,BACKFILL_AUTO
2026-06-18 21:34:36,1781818476,R_10,4843.222,-1,0.11599999999998545,BACKFILL_AUTO
2026-06-18 21:34:38,1781818478,R_10,4843.051,-1,0.170999999999367,BACKFILL_AUTO
2026-06-18 21:34:40,1781818480,R_10,4843.329,1,0.2779999999993379,BACKFILL_AUTO
2026-06-18 21:34:42,1781818482,R_10,4843.33,1,0.0010000000002037268,BACKFILL_AUTO
2026-06-18 21:34:44,1781818484,R_10,4843.29,-1,0.03999999999996362,BACKFILL_AUTO
2026-06-18 21:34:46,1781818486,R_10,4843.376,1,0.0860000000002401,BACKFILL_AUTO
2026-06-18 21:34:48,1781818488,R_10,4843.502,1,0.12600000000020373,BACKFILL_AUTO
2026-06-18 21:34:50,1781818490,R_10,4843.255,-1,0.24700000000029831,BACKFILL_AUTO
2026-06-18 21:34:52,1781818492,R_10,4843.18,-1,0.0749999999998181,BACKFILL_AUTO
2026-06-18 21:34:54,1781818494,R_10,4843.326,1,0.1459999999997308,BACKFILL_AUTO
2026-06-18 21:34:56,1781818496,R_10,4843.198,-1,0.12799999999970169,BACKFILL_AUTO
2026-06-18 21:34:58,1781818498,R_10,4843.286,1,0.08799999999973807,BACKFILL_AUTO
2026-06-18 21:35:00,1781818500,R_10,4843.144,-1,0.14199999999982538,BACKFILL_AUTO
2026-06-18 21:35:02,1781818502,R_10,4843.234,1,0.09000000000014552,BACKFILL_AUTO
2026-06-18 21:35:04,1781818504,R_10,4843.333,1,0.09899999999925058,BACKFILL_AUTO
2026-06-18 21:35:06,1781818506,R_10,4843.468,1,0.13500000000021828,BACKFILL_AUTO
2026-06-18 21:35:08,1781818508,R_10,4843.535,1,0.06700000000000728,BACKFILL_AUTO
2026-06-18 21:35:10,1781818510,R_10,4843.69,1,0.15499999999974534,BACKFILL_AUTO
2026-06-18 21:35:12,1781818512,R_10,4844.028,1,0.33800000000064756,BACKFILL_AUTO
2026-06-18 21:35:14,1781818514,R_10,4844.096,1,0.06799999999930151,BACKFILL_AUTO
2026-06-18 21:35:16,1781818516,R_10,4844.333,1,0.23700000000008004,BACKFILL_AUTO
2026-06-18 21:35:18,1781818518,R_10,4844.164,-1,0.16899999999986903,BACKFILL_AUTO
2026-06-18 21:35:20,1781818520,R_10,4844.146,-1,0.018000000000029104,BACKFILL_AUTO
2026-06-18 21:35:22,1781818522,R_10,4844.158,1,0.012000000000625732,BACKFILL_AUTO
2026-06-18 21:35:24,1781818524,R_10,4843.867,-1,0.29100000000016735,BACKFILL_AUTO
2026-06-18 21:35:26,1781818526,R_10,4843.889,1,0.021999999999934516,BACKFILL_AUTO
2026-06-18 21:35:28,1781818528,R_10,4844.026,1,0.13699999999971624,BACKFILL_AUTO
2026-06-18 21:35:30,1781818530,R_10,4844.092,1,0.06599999999980355,BACKFILL_AUTO
2026-06-18 21:35:32,1781818532,R_10,4844.246,1,0.1540000000004511,BACKFILL_AUTO
2026-06-18 21:35:34,1781818534,R_10,4844.198,-1,0.047999999999774445,BACKFILL_AUTO
2026-06-18 21:35:36,1781818536,R_10,4844.224,1,0.02599999999983993,BACKFILL_AUTO
2026-06-18 21:35:38,1781818538,R_10,4844.209,-1,0.015000000000327418,BACKFILL_AUTO
2026-06-18 21:35:40,1781818540,R_10,4844.094,-1,0.11499999999978172,BACKFILL_AUTO
2026-06-18 21:35:42,1781818542,R_10,4844.125,1,0.03099999999994907,BACKFILL_AUTO
2026-06-18 21:35:44,1781818544,R_10,4843.924,-1,0.20100000000002183,BACKFILL_AUTO
2026-06-18 21:35:46,1781818546,R_10,4844.026,1,0.10199999999986176,BACKFILL_AUTO
2026-06-18 21:35:48,1781818548,R_10,4843.955,-1,0.07099999999991269,BACKFILL_AUTO
2026-06-18 21:35:50,1781818550,R_10,4844.043,1,0.08799999999973807,BACKFILL_AUTO
2026-06-18 21:35:52,1781818552,R_10,4844.026,-1,0.016999999999825377,BACKFILL_AUTO
2026-06-18 21:35:54,1781818554,R_10,4843.983,-1,0.042999999999665306,BACKFILL_AUTO
2026-06-18 21:35:56,1781818556,R_10,4843.852,-1,0.13100000000031287,BACKFILL_AUTO
2026-06-18 21:35:58,1781818558,R_10,4843.746,-1,0.10599999999976717,BACKFILL_AUTO
2026-06-18 21:36:00,1781818560,R_10,4843.976,1,0.22999999999956344,BACKFILL_AUTO
2026-06-18 21:36:02,1781818562,R_10,4843.927,-1,0.04899999999997817,BACKFILL_AUTO
2026-06-18 21:36:04,1781818564,R_10,4843.738,-1,0.1889999999993961,BACKFILL_AUTO
2026-06-18 21:36:06,1781818566,R_10,4843.441,-1,0.2970000000004802,BACKFILL_AUTO
2026-06-18 21:36:08,1781818568,R_10,4843.479,1,0.03800000000046566,BACKFILL_AUTO
2026-06-18 21:36:10,1781818570,R_10,4843.257,-1,0.2220000000006621,BACKFILL_AUTO
2026-06-18 21:36:12,1781818572,R_10,4843.342,1,0.08500000000003638,BACKFILL_AUTO
2026-06-18 21:36:14,1781818574,R_10,4843.3,-1,0.04199999999946158,BACKFILL_AUTO
2026-06-18 21:36:16,1781818576,R_10,4843.389,1,0.08899999999994179,BACKFILL_AUTO
2026-06-18 21:36:18,1781818578,R_10,4843.114,-1,0.2750000000005457,BACKFILL_AUTO
2026-06-18 21:36:20,1781818580,R_10,4842.981,-1,0.13299999999981083,BACKFILL_AUTO
2026-06-18 21:36:22,1781818582,R_10,4843.286,1,0.30500000000029104,BACKFILL_AUTO
2026-06-18 21:36:24,1781818584,R_10,4843.451,1,0.16499999999996362,BACKFILL_AUTO
2026-06-18 21:36:26,1781818586,R_10,4843.412,-1,0.03899999999975989,BACKFILL_AUTO
2026-06-18 21:36:28,1781818588,R_10,4843.556,1,0.14399999999932334,BACKFILL_AUTO
2026-06-18 21:36:30,1781818590,R_10,4843.82,1,0.2640000000001237,BACKFILL_AUTO
2026-06-18 21:36:32,1781818592,R_10,4843.951,1,0.13100000000031287,BACKFILL_AUTO
2026-06-18 21:36:34,1781818594,R_10,4843.951,0,0.0,BACKFILL_AUTO
2026-06-18 21:36:36,1781818596,R_10,4843.958,1,0.006999999999607098,BACKFILL_AUTO
2026-06-18 21:36:38,1781818598,R_10,4843.909,-1,0.04899999999997817,BACKFILL_AUTO
2026-06-18 21:36:40,1781818600,R_10,4843.675,-1,0.23399999999946886,BACKFILL_AUTO
2026-06-18 21:36:42,1781818602,R_10,4843.661,-1,0.014000000000123691,BACKFILL_AUTO
2026-06-18 21:36:44,1781818604,R_10,4843.722,1,0.06099999999969441,BACKFILL_AUTO
2026-06-18 21:36:46,1781818606,R_10,4843.716,-1,0.0059999999994033715,BACKFILL_AUTO
2026-06-18 21:36:48,1781818608,R_10,4843.717,1,0.0009999999992942321,BACKFILL_AUTO
2026-06-18 21:36:50,1781818610,R_10,4843.856,1,0.1390000000001237,BACKFILL_AUTO
2026-06-18 21:36:52,1781818612,R_10,4843.795,-1,0.06099999999969441,BACKFILL_AUTO
2026-06-18 21:36:54,1781818614,R_10,4843.683,-1,0.11200000000008004,BACKFILL_AUTO
2026-06-18 21:36:56,1781818616,R_10,4843.705,1,0.021999999999934516,BACKFILL_AUTO
2026-06-18 21:36:58,1781818618,R_10,4843.792,1,0.08700000000044383,BACKFILL_AUTO
2026-06-18 21:37:00,1781818620,R_10,4843.904,1,0.11200000000008004,BACKFILL_AUTO
2026-06-18 21:37:02,1781818622,R_10,4844.013,1,0.10899999999946886,BACKFILL_AUTO
2026-06-18 21:37:04,1781818624,R_10,4843.921,-1,0.09199999999964348,BACKFILL_AUTO
2026-06-18 21:37:06,1781818626,R_10,4843.868,-1,0.052999999999883585,BACKFILL_AUTO
2026-06-18 21:37:08,1781818628,R_10,4843.828,-1,0.03999999999996362,BACKFILL_AUTO
2026-06-18 21:37:10,1781818630,R_10,4843.761,-1,0.06700000000000728,BACKFILL_AUTO
2026-06-18 21:37:12,1781818632,R_10,4843.84,1,0.07899999999972351,BACKFILL_AUTO
2026-06-18 21:37:14,1781818634,R_10,4843.826,-1,0.014000000000123691,BACKFILL_AUTO
2026-06-18 21:37:16,1781818636,R_10,4843.579,-1,0.24700000000029831,BACKFILL_AUTO
2026-06-18 21:37:18,1781818638,R_10,4843.715,1,0.136000000000422,BACKFILL_AUTO
2026-06-18 21:37:20,1781818640,R_10,4843.714,-1,0.0010000000002037268,BACKFILL_AUTO
2026-06-18 21:37:22,1781818642,R_10,4843.792,1,0.07800000000042928,BACKFILL_AUTO
2026-06-18 21:37:24,1781818644,R_10,4843.699,-1,0.0930000000007567,BACKFILL_AUTO
2026-06-18 21:37:26,1781818646,R_10,4843.503,-1,0.1959999999999127,BACKFILL_AUTO
2026-06-18 21:37:28,1781818648,R_10,4843.39,-1,0.11299999999937427,BACKFILL_AUTO
2026-06-18 21:37:30,1781818650,R_10,4843.273,-1,0.11700000000018917,BACKFILL_AUTO
2026-06-18 21:37:32,1781818652,R_10,4843.21,-1,0.06300000000010186,BACKFILL_AUTO
2026-06-18 21:37:34,1781818654,R_10,4843.223,1,0.012999999999919964,BACKFILL_AUTO
2026-06-18 21:37:36,1781818656,R_10,4843.228,1,0.005000000000109139,BACKFILL_AUTO
2026-06-18 21:37:38,1781818658,R_10,4843.077,-1,0.15099999999983993,BACKFILL_AUTO
2026-06-18 21:37:40,1781818660,R_10,4842.984,-1,0.0929999999998472,BACKFILL_AUTO
2026-06-18 21:37:42,1781818662,R_10,4842.998,1,0.013999999999214197,BACKFILL_AUTO
2026-06-18 21:37:44,1781818664,R_10,4843.019,1,0.021000000000640284,BACKFILL_AUTO
2026-06-18 21:37:46,1781818666,R_10,4843.118,1,0.09900000000016007,BACKFILL_AUTO
2026-06-18 21:37:48,1781818668,R_10,4843.231,1,0.11299999999937427,BACKFILL_AUTO
2026-06-18 21:37:50,1781818670,R_10,4842.959,-1,0.2719999999999345,BACKFILL_AUTO
2026-06-18 21:37:52,1781818672,R_10,4842.947,-1,0.011999999999716238,BACKFILL_AUTO
2026-06-18 21:37:54,1781818674,R_10,4842.98,1,0.03299999999944703,BACKFILL_AUTO
2026-06-18 21:37:56,1781818676,R_10,4843.179,1,0.19900000000052387,BACKFILL_AUTO
2026-06-18 21:37:58,1781818678,R_10,4843.355,1,0.17599999999947613,BACKFILL_AUTO
2026-06-18 21:38:00,1781818680,R_10,4843.515,1,0.16000000000076398,BACKFILL_AUTO
2026-06-18 21:38:02,1781818682,R_10,4843.622,1,0.1069999999999709,BACKFILL_AUTO
2026-06-18 21:38:04,1781818684,R_10,4843.416,-1,0.20600000000013097,BACKFILL_AUTO
2026-06-18 21:38:06,1781818686,R_10,4843.366,-1,0.0500000000001819,BACKFILL_AUTO
2026-06-18 21:38:08,1781818688,R_10,4843.489,1,0.12299999999959255,BACKFILL_AUTO
2026-06-18 21:38:10,1781818690,R_10,4843.373,-1,0.11599999999998545,BACKFILL_AUTO
2026-06-18 21:38:12,1781818692,R_10,4843.284,-1,0.08899999999994179,BACKFILL_AUTO
2026-06-18 21:38:14,1781818694,R_10,4843.326,1,0.042000000000371074,BACKFILL_AUTO
2026-06-18 21:38:16,1781818696,R_10,4843.391,1,0.06499999999959982,BACKFILL_AUTO
2026-06-18 21:38:18,1781818698,R_10,4843.369,-1,0.021999999999934516,BACKFILL_AUTO
2026-06-18 21:38:20,1781818700,R_10,4843.4,1,0.03099999999994907,BACKFILL_AUTO
2026-06-18 21:38:22,1781818702,R_10,4843.334,-1,0.06599999999980355,BACKFILL_AUTO
2026-06-18 21:38:24,1781818704,R_10,4843.304,-1,0.02999999999974534,BACKFILL_AUTO
2026-06-18 21:38:26,1781818706,R_10,4843.372,1,0.068000000000211,BACKFILL_AUTO
2026-06-18 21:38:28,1781818708,R_10,4843.478,1,0.10599999999976717,BACKFILL_AUTO
2026-06-18 21:38:30,1781818710,R_10,4843.347,-1,0.13100000000031287,BACKFILL_AUTO
2026-06-18 21:38:32,1781818712,R_10,4843.474,1,0.12700000000040745,BACKFILL_AUTO
2026-06-18 21:38:34,1781818714,R_10,4843.409,-1,0.06500000000050932,BACKFILL_AUTO
2026-06-18 21:38:36,1781818716,R_10,4843.258,-1,0.15099999999983993,BACKFILL_AUTO
2026-06-18 21:38:38,1781818718,R_10,4843.315,1,0.056999999999789,BACKFILL_AUTO
2026-06-18 21:38:40,1781818720,R_10,4843.449,1,0.13400000000001455,BACKFILL_AUTO
2026-06-18 21:38:42,1781818722,R_10,4843.427,-1,0.021999999999934516,BACKFILL_AUTO
2026-06-18 21:38:44,1781818724,R_10,4843.598,1,0.1710000000002765,BACKFILL_AUTO
2026-06-18 21:38:46,1781818726,R_10,4843.733,1,0.13500000000021828,BACKFILL_AUTO
2026-06-18 21:38:48,1781818728,R_10,4843.786,1,0.052999999999883585,BACKFILL_AUTO
2026-06-18 21:38:50,1781818730,R_10,4843.92,1,0.13400000000001455,BACKFILL_AUTO
2026-06-18 21:38:52,1781818732,R_10,4844.097,1,0.17699999999967986,BACKFILL_AUTO
2026-06-18 21:38:54,1781818734,R_10,4844.089,-1,0.007999999999810825,BACKFILL_AUTO
2026-06-18 21:38:56,1781818736,R_10,4844.054,-1,0.03499999999985448,BACKFILL_AUTO
2026-06-18 21:38:58,1781818738,R_10,4843.907,-1,0.14699999999993452,BACKFILL_AUTO
2026-06-18 21:39:00,1781818740,R_10,4843.974,1,0.06700000000000728,BACKFILL_AUTO
2026-06-18 21:39:02,1781818742,R_10,4844.047,1,0.07299999999941065,BACKFILL_AUTO
2026-06-18 21:39:04,1781818744,R_10,4844.146,1,0.09900000000016007,BACKFILL_AUTO
2026-06-18 21:39:06,1781818746,R_10,4843.999,-1,0.14699999999993452,BACKFILL_AUTO
2026-06-18 21:39:08,1781818748,R_10,4844.006,1,0.007000000000516593,BACKFILL_AUTO
2026-06-18 21:39:10,1781818750,R_10,4843.944,-1,0.06199999999989814,BACKFILL_AUTO
2026-06-18 21:39:12,1781818752,R_10,4844.053,1,0.10899999999946886,BACKFILL_AUTO
2026-06-18 21:39:14,1781818754,R_10,4843.975,-1,0.07799999999951979,BACKFILL_AUTO
2026-06-18 21:39:16,1781818756,R_10,4844.054,1,0.07899999999972351,BACKFILL_AUTO
2026-06-18 21:39:18,1781818758,R_10,4844.003,-1,0.051000000000385626,BACKFILL_AUTO
2026-06-18 21:39:20,1781818760,R_10,4843.878,-1,0.125,BACKFILL_AUTO
2026-06-18 21:39:22,1781818762,R_10,4843.791,-1,0.08699999999953434,BACKFILL_AUTO
2026-06-18 21:39:24,1781818764,R_10,4843.771,-1,0.020000000000436557,BACKFILL_AUTO
2026-06-18 21:39:26,1781818766,R_10,4843.802,1,0.03099999999994907,BACKFILL_AUTO
2026-06-18 21:39:28,1781818768,R_10,4843.852,1,0.0500000000001819,BACKFILL_AUTO
2026-06-18 21:39:30,1781818770,R_10,4843.977,1,0.125,BACKFILL_AUTO
2026-06-18 21:39:32,1781818772,R_10,4843.905,-1,0.07200000000011642,BACKFILL_AUTO
2026-06-18 21:39:34,1781818774,R_10,4844.011,1,0.10600000000067666,BACKFILL_AUTO
2026-06-18 21:39:36,1781818776,R_10,4843.962,-1,0.04899999999997817,BACKFILL_AUTO
2026-06-18 21:39:38,1781818778,R_10,4844.068,1,0.10599999999976717,BACKFILL_AUTO
2026-06-18 21:39:40,1781818780,R_10,4843.847,-1,0.22100000000045839,BACKFILL_AUTO
2026-06-18 21:39:42,1781818782,R_10,4843.75,-1,0.09699999999975262,BACKFILL_AUTO
2026-06-18 21:39:44,1781818784,R_10,4843.978,1,0.22800000000006548,BACKFILL_AUTO
2026-06-18 21:39:46,1781818786,R_10,4843.996,1,0.018000000000029104,BACKFILL_AUTO
2026-06-18 21:39:48,1781818788,R_10,4844.098,1,0.10199999999986176,BACKFILL_AUTO
2026-06-18 21:39:50,1781818790,R_10,4843.803,-1,0.29500000000007276,BACKFILL_AUTO
2026-06-18 21:39:52,1781818792,R_10,4843.784,-1,0.01900000000023283,BACKFILL_AUTO
2026-06-18 21:39:54,1781818794,R_10,4843.694,-1,0.08999999999923602,BACKFILL_AUTO
2026-06-18 21:39:56,1781818796,R_10,4843.491,-1,0.20300000000042928,BACKFILL_AUTO
2026-06-18 21:39:58,1781818798,R_10,4843.402,-1,0.08899999999994179,BACKFILL_AUTO
2026-06-18 21:40:00,1781818800,R_10,4843.465,1,0.06300000000010186,BACKFILL_AUTO
2026-06-18 21:40:02,1781818802,R_10,4843.444,-1,0.02099999999973079,BACKFILL_AUTO
2026-06-18 21:40:04,1781818804,R_10,4843.547,1,0.10299999999915599,BACKFILL_AUTO
2026-06-18 21:40:06,1781818806,R_10,4843.521,-1,0.02599999999983993,BACKFILL_AUTO
2026-06-18 21:40:08,1781818808,R_10,4843.508,-1,0.012999999999919964,BACKFILL_AUTO
2026-06-18 21:40:10,1781818810,R_10,4843.469,-1,0.03899999999975989,BACKFILL_AUTO
2026-06-18 21:40:12,1781818812,R_10,4843.582,1,0.11300000000028376,BACKFILL_AUTO
2026-06-18 21:40:14,1781818814,R_10,4843.584,1,0.001999999999497959,BACKFILL_AUTO
2026-06-18 21:40:16,1781818816,R_10,4843.703,1,0.11900000000059663,BACKFILL_AUTO
2026-06-18 21:40:18,1781818818,R_10,4843.884,1,0.18099999999958527,BACKFILL_AUTO
2026-06-18 21:40:20,1781818820,R_10,4843.888,1,0.0039999999999054126,BACKFILL_AUTO
2026-06-18 21:40:22,1781818822,R_10,4843.859,-1,0.028999999999541615,BACKFILL_AUTO
2026-06-18 21:40:24,1781818824,R_10,4843.796,-1,0.06300000000010186,BACKFILL_AUTO
2026-06-18 21:40:26,1781818826,R_10,4843.859,1,0.06300000000010186,BACKFILL_AUTO
2026-06-18 21:40:28,1781818828,R_10,4844.147,1,0.28799999999955617,BACKFILL_AUTO
2026-06-18 21:40:30,1781818830,R_10,4843.905,-1,0.24200000000018917,BACKFILL_AUTO
2026-06-18 21:40:32,1781818832,R_10,4844.065,1,0.15999999999985448,BACKFILL_AUTO
2026-06-18 21:40:34,1781818834,R_10,4843.845,-1,0.21999999999934516,BACKFILL_AUTO
2026-06-18 21:40:36,1781818836,R_10,4843.87,1,0.024999999999636202,BACKFILL_AUTO
2026-06-18 21:40:38,1781818838,R_10,4843.763,-1,0.1069999999999709,BACKFILL_AUTO
2026-06-18 21:40:40,1781818840,R_10,4843.704,-1,0.05900000000019645,BACKFILL_AUTO
2026-06-18 21:40:42,1781818842,R_10,4843.411,-1,0.2929999999996653,BACKFILL_AUTO
2026-06-18 21:40:44,1781818844,R_10,4843.589,1,0.17799999999988358,BACKFILL_AUTO
2026-06-18 21:40:46,1781818846,R_10,4843.743,1,0.1540000000004511,BACKFILL_AUTO
2026-06-18 21:40:48,1781818848,R_10,4843.675,-1,0.068000000000211,BACKFILL_AUTO
2026-06-18 21:40:50,1781818850,R_10,4843.689,1,0.014000000000123691,BACKFILL_AUTO
2026-06-18 21:40:52,1781818852,R_10,4843.726,1,0.03699999999935244,BACKFILL_AUTO
2026-06-18 21:40:54,1781818854,R_10,4843.856,1,0.13000000000010914,BACKFILL_AUTO
2026-06-18 21:40:56,1781818856,R_10,4843.944,1,0.08800000000064756,BACKFILL_AUTO
2026-06-18 21:40:58,1781818858,R_10,4843.992,1,0.047999999999774445,BACKFILL_AUTO
2026-06-18 21:41:00,1781818860,R_10,4844.16,1,0.1679999999996653,BACKFILL_AUTO
2026-06-18 21:41:02,1781818862,R_10,4844.0,-1,0.15999999999985448,BACKFILL_AUTO
2026-06-18 21:41:04,1781818864,R_10,4843.973,-1,0.027000000000043656,BACKFILL_AUTO
2026-06-18 21:41:06,1781818866,R_10,4843.82,-1,0.15300000000024738,BACKFILL_AUTO
2026-06-18 21:41:08,1781818868,R_10,4843.787,-1,0.03299999999944703,BACKFILL_AUTO
2026-06-18 21:41:10,1781818870,R_10,4843.848,1,0.06099999999969441,BACKFILL_AUTO
2026-06-18 21:41:12,1781818872,R_10,4843.823,-1,0.024999999999636202,BACKFILL_AUTO
2026-06-18 21:41:14,1781818874,R_10,4843.727,-1,0.09600000000045839,BACKFILL_AUTO
2026-06-18 21:41:16,1781818876,R_10,4843.556,-1,0.1710000000002765,BACKFILL_AUTO
2026-06-18 21:41:18,1781818878,R_10,4843.765,1,0.20900000000074215,BACKFILL_AUTO
2026-06-18 21:41:20,1781818880,R_10,4843.75,-1,0.015000000000327418,BACKFILL_AUTO
2026-06-18 21:41:22,1781818882,R_10,4843.927,1,0.17699999999967986,BACKFILL_AUTO
2026-06-18 21:41:24,1781818884,R_10,4843.917,-1,0.009999999999308784,BACKFILL_AUTO
2026-06-18 21:41:26,1781818886,R_10,4843.819,-1,0.09799999999995634,BACKFILL_AUTO
2026-06-18 21:41:28,1781818888,R_10,4843.561,-1,0.2580000000007203,BACKFILL_AUTO
2026-06-18 21:41:30,1781818890,R_10,4843.649,1,0.08800000000064756,BACKFILL_AUTO
2026-06-18 21:41:32,1781818892,R_10,4843.635,-1,0.014000000000123691,BACKFILL_AUTO
2026-06-18 21:41:34,1781818894,R_10,4843.725,1,0.09000000000014552,BACKFILL_AUTO
2026-06-18 21:41:36,1781818896,R_10,4843.757,1,0.0319999999992433,BACKFILL_AUTO
2026-06-18 21:41:38,1781818898,R_10,4843.741,-1,0.01599999999962165,BACKFILL_AUTO
2026-06-18 21:41:40,1781818900,R_10,4843.855,1,0.113999999999578,BACKFILL_AUTO
2026-06-18 21:41:42,1781818902,R_10,4843.778,-1,0.07699999999931606,BACKFILL_AUTO
2026-06-18 21:41:44,1781818904,R_10,4843.789,1,0.01099999999951251,BACKFILL_AUTO
2026-06-18 21:41:46,1781818906,R_10,4843.512,-1,0.27700000000004366,BACKFILL_AUTO
2026-06-18 21:41:48,1781818908,R_10,4843.634,1,0.12200000000029831,BACKFILL_AUTO
2026-06-18 21:41:50,1781818910,R_10,4843.677,1,0.042999999999665306,BACKFILL_AUTO
2026-06-18 21:41:52,1781818912,R_10,4843.598,-1,0.07899999999972351,BACKFILL_AUTO
2026-06-18 21:41:54,1781818914,R_10,4843.621,1,0.023000000000138243,BACKFILL_AUTO
2026-06-18 21:41:56,1781818916,R_10,4843.63,1,0.009000000000014552,BACKFILL_AUTO
2026-06-18 21:41:58,1781818918,R_10,4843.361,-1,0.26900000000023283,BACKFILL_AUTO
2026-06-18 21:42:00,1781818920,R_10,4843.292,-1,0.06899999999950523,BACKFILL_AUTO
2026-06-18 21:42:02,1781818922,R_10,4843.359,1,0.06700000000000728,BACKFILL_AUTO
2026-06-18 21:42:04,1781818924,R_10,4843.624,1,0.2649999999994179,BACKFILL_AUTO
2026-06-18 21:42:06,1781818926,R_10,4843.656,1,0.032000000000152795,BACKFILL_AUTO
2026-06-18 21:42:08,1781818928,R_10,4843.626,-1,0.02999999999974534,BACKFILL_AUTO
2026-06-18 21:42:10,1781818930,R_10,4843.614,-1,0.012000000000625732,BACKFILL_AUTO
2026-06-18 21:42:12,1781818932,R_10,4843.674,1,0.06000000000040018,BACKFILL_AUTO
2026-06-18 21:42:14,1781818934,R_10,4843.675,1,0.0010000000002037268,BACKFILL_AUTO
2026-06-18 21:42:16,1781818936,R_10,4843.466,-1,0.20899999999983265,BACKFILL_AUTO
2026-06-18 21:42:18,1781818938,R_10,4843.708,1,0.24199999999927968,BACKFILL_AUTO
2026-06-18 21:42:20,1781818940,R_10,4843.741,1,0.03300000000035652,BACKFILL_AUTO
2026-06-18 21:42:22,1781818942,R_10,4843.769,1,0.028000000000247383,BACKFILL_AUTO
2026-06-18 21:42:24,1781818944,R_10,4843.655,-1,0.11400000000048749,BACKFILL_AUTO
2026-06-18 21:42:26,1781818946,R_10,4843.795,1,0.14000000000032742,BACKFILL_AUTO
2026-06-18 21:42:28,1781818948,R_10,4843.633,-1,0.16200000000026193,BACKFILL_AUTO
2026-06-18 21:42:30,1781818950,R_10,4843.753,1,0.11999999999989086,BACKFILL_AUTO
2026-06-18 21:42:32,1781818952,R_10,4843.653,-1,0.0999999999994543,BACKFILL_AUTO
2026-06-18 21:42:34,1781818954,R_10,4843.743,1,0.09000000000014552,BACKFILL_AUTO
2026-06-18 21:42:36,1781818956,R_10,4843.672,-1,0.07100000000082218,BACKFILL_AUTO
2026-06-18 21:42:38,1781818958,R_10,4843.637,-1,0.03499999999985448,BACKFILL_AUTO
2026-06-18 21:42:40,1781818960,R_10,4843.604,-1,0.03299999999944703,BACKFILL_AUTO
2026-06-18 21:42:42,1781818962,R_10,4843.655,1,0.05099999999947613,BACKFILL_AUTO
2026-06-18 21:42:44,1781818964,R_10,4843.935,1,0.28000000000065484,BACKFILL_AUTO
2026-06-18 21:42:46,1781818966,R_10,4843.852,-1,0.08300000000053842,BACKFILL_AUTO
2026-06-18 21:42:48,1781818968,R_10,4843.759,-1,0.0929999999998472,BACKFILL_AUTO
2026-06-18 21:42:50,1781818970,R_10,4843.855,1,0.09599999999954889,BACKFILL_AUTO
2026-06-18 21:42:52,1781818972,R_10,4844.009,1,0.1540000000004511,BACKFILL_AUTO
2026-06-18 21:42:54,1781818974,R_10,4843.94,-1,0.06900000000041473,BACKFILL_AUTO
2026-06-18 21:42:56,1781818976,R_10,4843.684,-1,0.25599999999940337,BACKFILL_AUTO
2026-06-18 21:42:58,1781818978,R_10,4843.631,-1,0.052999999999883585,BACKFILL_AUTO
2026-06-18 21:43:00,1781818980,R_10,4843.386,-1,0.24499999999989086,BACKFILL_AUTO
2026-06-18 21:43:02,1781818982,R_10,4843.248,-1,0.13800000000082946,BACKFILL_AUTO
2026-06-18 21:43:04,1781818984,R_10,4843.395,1,0.147000000000844,BACKFILL_AUTO
2026-06-18 21:43:06,1781818986,R_10,4843.413,1,0.01799999999911961,BACKFILL_AUTO
2026-06-18 21:43:08,1781818988,R_10,4843.194,-1,0.21899999999914144,BACKFILL_AUTO
2026-06-18 21:43:10,1781818990,R_10,4843.153,-1,0.04100000000016735,BACKFILL_AUTO
2026-06-18 21:43:12,1781818992,R_10,4843.268,1,0.11499999999978172,BACKFILL_AUTO
2026-06-18 21:43:14,1781818994,R_10,4843.377,1,0.10900000000037835,BACKFILL_AUTO
2026-06-18 21:43:16,1781818996,R_10,4843.382,1,0.004999999999199645,BACKFILL_AUTO
2026-06-18 21:43:18,1781818998,R_10,4843.325,-1,0.056999999999789,BACKFILL_AUTO
2026-06-18 21:43:20,1781819000,R_10,4843.52,1,0.19500000000061846,BACKFILL_AUTO
2026-06-18 21:43:22,1781819002,R_10,4843.509,-1,0.011000000000422006,BACKFILL_AUTO
2026-06-18 21:43:24,1781819004,R_10,4843.488,-1,0.02099999999973079,BACKFILL_AUTO
2026-06-18 21:43:26,1781819006,R_10,4843.608,1,0.11999999999989086,BACKFILL_AUTO
2026-06-18 21:43:28,1781819008,R_10,4843.705,1,0.09699999999975262,BACKFILL_AUTO
2026-06-18 21:43:30,1781819010,R_10,4843.485,-1,0.22000000000025466,BACKFILL_AUTO
2026-06-18 21:43:32,1781819012,R_10,4843.343,-1,0.14199999999982538,BACKFILL_AUTO
2026-06-18 21:43:34,1781819014,R_10,4843.167,-1,0.17599999999947613,BACKFILL_AUTO
2026-06-18 21:43:36,1781819016,R_10,4843.136,-1,0.03099999999994907,BACKFILL_AUTO
2026-06-18 21:43:38,1781819018,R_10,4843.098,-1,0.03800000000046566,BACKFILL_AUTO
2026-06-18 21:43:40,1781819020,R_10,4843.149,1,0.051000000000385626,BACKFILL_AUTO
2026-06-18 21:43:42,1781819022,R_10,4843.381,1,0.2319999999999709,BACKFILL_AUTO
2026-06-18 21:43:44,1781819024,R_10,4843.351,-1,0.030000000000654836,BACKFILL_AUTO
2026-06-18 21:43:46,1781819026,R_10,4843.301,-1,0.049999999999272404,BACKFILL_AUTO
2026-06-18 21:43:48,1781819028,R_10,4843.443,1,0.14199999999982538,BACKFILL_AUTO
2026-06-18 21:43:50,1781819030,R_10,4843.502,1,0.05900000000019645,BACKFILL_AUTO
2026-06-18 21:43:52,1781819032,R_10,4843.665,1,0.16299999999955617,BACKFILL_AUTO
2026-06-18 21:43:54,1781819034,R_10,4843.652,-1,0.012999999999919964,BACKFILL_AUTO
2026-06-18 21:43:56,1781819036,R_10,4843.436,-1,0.21600000000034925,BACKFILL_AUTO
2026-06-18 21:43:58,1781819038,R_10,4843.34,-1,0.09599999999954889,BACKFILL_AUTO
2026-06-18 21:44:00,1781819040,R_10,4843.419,1,0.07899999999972351,BACKFILL_AUTO
2026-06-18 21:44:02,1781819042,R_10,4843.364,-1,0.05500000000029104,BACKFILL_AUTO
2026-06-18 21:44:04,1781819044,R_10,4843.49,1,0.12600000000020373,BACKFILL_AUTO
2026-06-18 21:44:06,1781819046,R_10,4843.465,-1,0.024999999999636202,BACKFILL_AUTO
2026-06-18 21:44:08,1781819048,R_10,4843.519,1,0.05400000000008731,BACKFILL_AUTO
2026-06-18 21:44:10,1781819050,R_10,4843.6,1,0.08100000000013097,BACKFILL_AUTO
2026-06-18 21:44:12,1781819052,R_10,4843.719,1,0.11899999999968713,BACKFILL_AUTO
2026-06-18 21:44:14,1781819054,R_10,4843.792,1,0.07300000000032014,BACKFILL_AUTO
2026-06-18 21:44:16,1781819056,R_10,4843.564,-1,0.22800000000006548,BACKFILL_AUTO
2026-06-18 21:44:18,1781819058,R_10,4843.7,1,0.1359999999995125,BACKFILL_AUTO
2026-06-18 21:44:20,1781819060,R_10,4843.757,1,0.056999999999789,BACKFILL_AUTO
2026-06-18 21:44:22,1781819062,R_10,4843.759,1,0.0020000000004074536,BACKFILL_AUTO
2026-06-18 21:44:24,1781819064,R_10,4843.841,1,0.0820000000003347,BACKFILL_AUTO
2026-06-18 21:44:26,1781819066,R_10,4843.794,-1,0.04700000000048021,BACKFILL_AUTO
2026-06-18 21:44:28,1781819068,R_10,4843.511,-1,0.282999999999447,BACKFILL_AUTO
2026-06-18 21:44:30,1781819070,R_10,4843.549,1,0.03799999999955617,BACKFILL_AUTO
2026-06-18 21:44:32,1781819072,R_10,4843.591,1,0.042000000000371074,BACKFILL_AUTO
2026-06-18 21:44:34,1781819074,R_10,4843.697,1,0.10599999999976717,BACKFILL_AUTO
2026-06-18 21:44:36,1781819076,R_10,4843.624,-1,0.07300000000032014,BACKFILL_AUTO
2026-06-18 21:44:38,1781819078,R_10,4843.866,1,0.24200000000018917,BACKFILL_AUTO
2026-06-18 21:44:40,1781819080,R_10,4843.895,1,0.02900000000045111,BACKFILL_AUTO
2026-06-18 21:44:42,1781819082,R_10,4843.824,-1,0.07100000000082218,BACKFILL_AUTO
2026-06-18 21:44:44,1781819084,R_10,4843.892,1,0.068000000000211,BACKFILL_AUTO
2026-06-18 21:44:46,1781819086,R_10,4843.816,-1,0.07600000000002183,BACKFILL_AUTO
2026-06-18 21:44:48,1781819088,R_10,4843.808,-1,0.007999999999810825,BACKFILL_AUTO
2026-06-18 21:44:50,1781819090,R_10,4843.682,-1,0.12600000000020373,BACKFILL_AUTO
2026-06-18 21:44:52,1781819092,R_10,4843.617,-1,0.06499999999959982,BACKFILL_AUTO
2026-06-18 21:44:54,1781819094,R_10,4843.771,1,0.15399999999954161,BACKFILL_AUTO
2026-06-18 21:44:56,1781819096,R_10,4843.819,1,0.04800000000068394,BACKFILL_AUTO
2026-06-18 21:44:58,1781819098,R_10,4843.878,1,0.058999999999286956,BACKFILL_AUTO
2026-06-18 21:45:00,1781819100,R_10,4843.813,-1,0.06499999999959982,BACKFILL_AUTO
2026-06-18 21:45:02,1781819102,R_10,4843.839,1,0.02599999999983993,BACKFILL_AUTO
2026-06-18 21:45:04,1781819104,R_10,4843.71,-1,0.1289999999999054,BACKFILL_AUTO
2026-06-18 21:45:06,1781819106,R_10,4843.724,1,0.014000000000123691,BACKFILL_AUTO
2026-06-18 21:45:08,1781819108,R_10,4843.713,-1,0.011000000000422006,BACKFILL_AUTO
2026-06-18 21:45:10,1781819110,R_10,4843.608,-1,0.10499999999956344,BACKFILL_AUTO
2026-06-18 21:45:12,1781819112,R_10,4843.667,1,0.05900000000019645,BACKFILL_AUTO
2026-06-18 21:45:14,1781819114,R_10,4843.664,-1,0.0030000000006111804,BACKFILL_AUTO
2026-06-18 21:45:16,1781819116,R_10,4843.557,-1,0.1069999999999709,BACKFILL_AUTO
2026-06-18 21:45:18,1781819118,R_10,4843.697,1,0.14000000000032742,BACKFILL_AUTO
2026-06-18 21:45:20,1781819120,R_10,4843.793,1,0.09599999999954889,BACKFILL_AUTO
2026-06-18 21:45:22,1781819122,R_10,4843.75,-1,0.042999999999665306,BACKFILL_AUTO
2026-06-18 21:45:24,1781819124,R_10,4843.783,1,0.03300000000035652,BACKFILL_AUTO
2026-06-18 21:45:26,1781819126,R_10,4843.537,-1,0.2460000000000946,BACKFILL_AUTO
2026-06-18 21:45:28,1781819128,R_10,4843.573,1,0.03600000000005821,BACKFILL_AUTO
2026-06-18 21:45:30,1781819130,R_10,4843.549,-1,0.02400000000034197,BACKFILL_AUTO
2026-06-18 21:45:32,1781819132,R_10,4843.418,-1,0.13100000000031287,BACKFILL_AUTO
2026-06-18 21:45:34,1781819134,R_10,4843.234,-1,0.18399999999928696,BACKFILL_AUTO
2026-06-18 21:45:36,1781819136,R_10,4842.917,-1,0.3170000000000073,BACKFILL_AUTO
2026-06-18 21:45:38,1781819138,R_10,4842.766,-1,0.15100000000074942,BACKFILL_AUTO
2026-06-18 21:45:40,1781819140,R_10,4842.762,-1,0.0039999999999054126,BACKFILL_AUTO
2026-06-18 21:45:42,1781819142,R_10,4842.927,1,0.16499999999996362,BACKFILL_AUTO
2026-06-18 21:45:44,1781819144,R_10,4842.994,1,0.06700000000000728,BACKFILL_AUTO
2026-06-18 21:45:46,1781819146,R_10,4842.893,-1,0.10099999999965803,BACKFILL_AUTO
2026-06-18 21:45:48,1781819148,R_10,4842.893,0,0.0,BACKFILL_AUTO
2026-06-18 21:45:50,1781819150,R_10,4843.049,1,0.15599999999994907,BACKFILL_AUTO
2026-06-18 21:45:52,1781819152,R_10,4843.233,1,0.18400000000019645,BACKFILL_AUTO
2026-06-18 21:45:54,1781819154,R_10,4843.175,-1,0.057999999999992724,BACKFILL_AUTO
2026-06-18 21:45:56,1781819156,R_10,4843.294,1,0.11899999999968713,BACKFILL_AUTO
2026-06-18 21:45:58,1781819158,R_10,4843.161,-1,0.13299999999981083,BACKFILL_AUTO
2026-06-18 21:46:00,1781819160,R_10,4843.11,-1,0.051000000000385626,BACKFILL_AUTO
2026-06-18 21:46:02,1781819162,R_10,4843.063,-1,0.04699999999957072,BACKFILL_AUTO
2026-06-18 21:46:04,1781819164,R_10,4843.26,1,0.19700000000011642,BACKFILL_AUTO
2026-06-18 21:46:06,1781819166,R_10,4843.231,-1,0.02900000000045111,BACKFILL_AUTO
2026-06-18 21:46:08,1781819168,R_10,4843.207,-1,0.023999999999432475,BACKFILL_AUTO
2026-06-18 21:46:10,1781819170,R_10,4843.251,1,0.04399999999986903,BACKFILL_AUTO
2026-06-18 21:46:12,1781819172,R_10,4843.273,1,0.021999999999934516,BACKFILL_AUTO
2026-06-18 21:46:14,1781819174,R_10,4843.37,1,0.09699999999975262,BACKFILL_AUTO
2026-06-18 21:46:16,1781819176,R_10,4843.506,1,0.136000000000422,BACKFILL_AUTO
2026-06-18 21:46:18,1781819178,R_10,4843.421,-1,0.08500000000003638,BACKFILL_AUTO
2026-06-18 21:46:20,1781819180,R_10,4843.36,-1,0.061000000000603904,BACKFILL_AUTO
2026-06-18 21:46:22,1781819182,R_10,4843.473,1,0.11300000000028376,BACKFILL_AUTO
2026-06-18 21:46:24,1781819184,R_10,4843.565,1,0.09199999999964348,BACKFILL_AUTO
2026-06-18 21:46:26,1781819186,R_10,4843.279,-1,0.2859999999991487,BACKFILL_AUTO
2026-06-18 21:46:28,1781819188,R_10,4843.316,1,0.03699999999935244,BACKFILL_AUTO
2026-06-18 21:46:30,1781819190,R_10,4843.265,-1,0.05099999999947613,BACKFILL_AUTO
2026-06-18 21:46:32,1781819192,R_10,4843.296,1,0.03099999999994907,BACKFILL_AUTO
2026-06-18 21:46:34,1781819194,R_10,4843.126,-1,0.17000000000007276,BACKFILL_AUTO
2026-06-18 21:46:36,1781819196,R_10,4843.027,-1,0.09900000000016007,BACKFILL_AUTO
2026-06-18 21:46:38,1781819198,R_10,4843.304,1,0.27700000000004366,BACKFILL_AUTO
2026-06-18 21:46:40,1781819200,R_10,4843.122,-1,0.181999999999789,BACKFILL_AUTO
2026-06-18 21:46:42,1781819202,R_10,4843.129,1,0.006999999999607098,BACKFILL_AUTO
2026-06-18 21:46:44,1781819204,R_10,4843.197,1,0.068000000000211,BACKFILL_AUTO
2026-06-18 21:46:46,1781819206,R_10,4843.231,1,0.033999999999650754,BACKFILL_AUTO
2026-06-18 21:46:48,1781819208,R_10,4843.126,-1,0.10499999999956344,BACKFILL_AUTO
2026-06-18 21:46:50,1781819210,R_10,4843.198,1,0.07200000000011642,BACKFILL_AUTO
2026-06-18 21:46:52,1781819212,R_10,4843.153,-1,0.04500000000007276,BACKFILL_AUTO
2026-06-18 21:46:54,1781819214,R_10,4843.272,1,0.11899999999968713,BACKFILL_AUTO
2026-06-18 21:46:56,1781819216,R_10,4843.316,1,0.04399999999986903,BACKFILL_AUTO
2026-06-18 21:46:58,1781819218,R_10,4843.339,1,0.023000000000138243,BACKFILL_AUTO
2026-06-18 21:47:00,1781819220,R_10,4843.293,-1,0.046000000000276486,BACKFILL_AUTO
2026-06-18 21:47:02,1781819222,R_10,4842.999,-1,0.29399999999986903,BACKFILL_AUTO
2026-06-18 21:47:04,1781819224,R_10,4843.027,1,0.028000000000247383,BACKFILL_AUTO
2026-06-18 21:47:06,1781819226,R_10,4843.034,1,0.006999999999607098,BACKFILL_AUTO
2026-06-18 21:47:08,1781819228,R_10,4843.043,1,0.009000000000014552,BACKFILL_AUTO
2026-06-18 21:47:10,1781819230,R_10,4842.965,-1,0.07799999999951979,BACKFILL_AUTO
2026-06-18 21:47:12,1781819232,R_10,4843.064,1,0.09900000000016007,BACKFILL_AUTO
2026-06-18 21:47:14,1781819234,R_10,4843.365,1,0.30099999999947613,BACKFILL_AUTO
2026-06-18 21:47:16,1781819236,R_10,4843.486,1,0.12100000000009459,BACKFILL_AUTO
2026-06-18 21:47:18,1781819238,R_10,4843.642,1,0.15599999999994907,BACKFILL_AUTO
2026-06-18 21:47:20,1781819240,R_10,4843.698,1,0.056000000000494765,BACKFILL_AUTO
2026-06-18 21:47:22,1781819242,R_10,4843.595,-1,0.10300000000006548,BACKFILL_AUTO
2026-06-18 21:47:24,1781819244,R_10,4843.653,1,0.057999999999992724,BACKFILL_AUTO
2026-06-18 21:47:26,1781819246,R_10,4843.736,1,0.08299999999962893,BACKFILL_AUTO
2026-06-18 21:47:28,1781819248,R_10,4843.72,-1,0.01599999999962165,BACKFILL_AUTO
2026-06-18 21:47:30,1781819250,R_10,4843.621,-1,0.09900000000016007,BACKFILL_AUTO
2026-06-18 21:47:32,1781819252,R_10,4843.866,1,0.24499999999989086,BACKFILL_AUTO
2026-06-18 21:47:34,1781819254,R_10,4844.064,1,0.19800000000032014,BACKFILL_AUTO
2026-06-18 21:47:36,1781819256,R_10,4844.141,1,0.07699999999931606,BACKFILL_AUTO
2026-06-18 21:47:38,1781819258,R_10,4844.147,1,0.006000000000312866,BACKFILL_AUTO
2026-06-18 21:47:40,1781819260,R_10,4844.282,1,0.13500000000021828,BACKFILL_AUTO
2026-06-18 21:47:42,1781819262,R_10,4844.421,1,0.1390000000001237,BACKFILL_AUTO
2026-06-18 21:47:44,1781819264,R_10,4844.479,1,0.057999999999992724,BACKFILL_AUTO
2026-06-18 21:47:46,1781819266,R_10,4844.649,1,0.17000000000007276,BACKFILL_AUTO
2026-06-18 21:47:48,1781819268,R_10,4844.629,-1,0.020000000000436557,BACKFILL_AUTO
2026-06-18 21:47:50,1781819270,R_10,4844.538,-1,0.09100000000034925,BACKFILL_AUTO
2026-06-18 21:47:52,1781819272,R_10,4844.499,-1,0.03899999999975989,BACKFILL_AUTO
2026-06-18 21:47:54,1781819274,R_10,4844.647,1,0.14800000000013824,BACKFILL_AUTO
2026-06-18 21:47:56,1781819276,R_10,4844.763,1,0.11599999999998545,BACKFILL_AUTO
2026-06-18 21:47:58,1781819278,R_10,4844.719,-1,0.04399999999986903,BACKFILL_AUTO
2026-06-18 21:48:00,1781819280,R_10,4844.822,1,0.10300000000006548,BACKFILL_AUTO
2026-06-18 21:48:02,1781819282,R_10,4844.914,1,0.09199999999964348,BACKFILL_AUTO
2026-06-18 21:48:04,1781819284,R_10,4844.958,1,0.04399999999986903,BACKFILL_AUTO
2026-06-18 21:48:06,1781819286,R_10,4845.011,1,0.05300000000079308,BACKFILL_AUTO
2026-06-18 21:48:08,1781819288,R_10,4845.083,1,0.07199999999920692,BACKFILL_AUTO
2026-06-18 21:48:10,1781819290,R_10,4844.912,-1,0.170999999999367,BACKFILL_AUTO
2026-06-18 21:48:12,1781819292,R_10,4844.731,-1,0.18100000000049477,BACKFILL_AUTO
2026-06-18 21:48:14,1781819294,R_10,4845.02,1,0.2890000000006694,BACKFILL_AUTO
2026-06-18 21:48:16,1781819296,R_10,4845.237,1,0.21699999999964348,BACKFILL_AUTO
2026-06-18 21:48:18,1781819298,R_10,4845.313,1,0.07600000000002183,BACKFILL_AUTO
2026-06-18 21:48:20,1781819300,R_10,4845.244,-1,0.06900000000041473,BACKFILL_AUTO
2026-06-18 21:48:22,1781819302,R_10,4845.514,1,0.27000000000043656,BACKFILL_AUTO
2026-06-18 21:48:24,1781819304,R_10,4845.306,-1,0.20800000000053842,BACKFILL_AUTO
2026-06-18 21:48:26,1781819306,R_10,4845.398,1,0.09200000000055297,BACKFILL_AUTO
2026-06-18 21:48:28,1781819308,R_10,4845.357,-1,0.04100000000016735,BACKFILL_AUTO
2026-06-18 21:48:30,1781819310,R_10,4845.34,-1,0.016999999999825377,BACKFILL_AUTO
2026-06-18 21:48:32,1781819312,R_10,4845.57,1,0.22999999999956344,BACKFILL_AUTO
2026-06-18 21:48:34,1781819314,R_10,4845.579,1,0.009000000000014552,BACKFILL_AUTO
2026-06-18 21:48:36,1781819316,R_10,4845.666,1,0.08700000000044383,BACKFILL_AUTO
2026-06-18 21:48:38,1781819318,R_10,4845.715,1,0.04899999999997817,BACKFILL_AUTO
2026-06-18 21:48:40,1781819320,R_10,4845.643,-1,0.07200000000011642,BACKFILL_AUTO
2026-06-18 21:48:42,1781819322,R_10,4845.488,-1,0.15499999999974534,BACKFILL_AUTO
2026-06-18 21:48:44,1781819324,R_10,4845.538,1,0.049999999999272404,BACKFILL_AUTO
2026-06-18 21:48:46,1781819326,R_10,4845.587,1,0.04900000000088767,BACKFILL_AUTO
2026-06-18 21:48:48,1781819328,R_10,4845.763,1,0.17599999999947613,BACKFILL_AUTO
2026-06-18 21:48:50,1781819330,R_10,4845.909,1,0.1459999999997308,BACKFILL_AUTO
2026-06-18 21:48:52,1781819332,R_10,4845.736,-1,0.17299999999977445,BACKFILL_AUTO
2026-06-18 21:48:54,1781819334,R_10,4845.719,-1,0.016999999999825377,BACKFILL_AUTO
2026-06-18 21:48:56,1781819336,R_10,4845.656,-1,0.06300000000010186,BACKFILL_AUTO
2026-06-18 21:48:58,1781819338,R_10,4845.726,1,0.06999999999970896,BACKFILL_AUTO
2026-06-18 21:49:00,1781819340,R_10,4845.698,-1,0.027999999999337888,BACKFILL_AUTO
2026-06-18 21:49:02,1781819342,R_10,4845.637,-1,0.061000000000603904,BACKFILL_AUTO
2026-06-18 21:49:04,1781819344,R_10,4845.523,-1,0.113999999999578,BACKFILL_AUTO
2026-06-18 21:49:06,1781819346,R_10,4845.78,1,0.2569999999996071,BACKFILL_AUTO
2026-06-18 21:49:08,1781819348,R_10,4845.798,1,0.018000000000029104,BACKFILL_AUTO
2026-06-18 21:49:10,1781819350,R_10,4845.829,1,0.03099999999994907,BACKFILL_AUTO
2026-06-18 21:49:12,1781819352,R_10,4845.643,-1,0.1859999999996944,BACKFILL_AUTO
2026-06-18 21:49:14,1781819354,R_10,4845.522,-1,0.12100000000009459,BACKFILL_AUTO
2026-06-18 21:49:16,1781819356,R_10,4845.568,1,0.046000000000276486,BACKFILL_AUTO
2026-06-18 21:49:18,1781819358,R_10,4845.738,1,0.17000000000007276,BACKFILL_AUTO
2026-06-18 21:49:20,1781819360,R_10,4845.682,-1,0.056000000000494765,BACKFILL_AUTO
2026-06-18 21:49:22,1781819362,R_10,4845.827,1,0.14500000000043656,BACKFILL_AUTO
2026-06-18 21:49:24,1781819364,R_10,4845.702,-1,0.125,BACKFILL_AUTO
2026-06-18 21:49:26,1781819366,R_10,4845.762,1,0.05999999999949068,BACKFILL_AUTO
2026-06-18 21:49:28,1781819368,R_10,4845.746,-1,0.01599999999962165,BACKFILL_AUTO
2026-06-18 21:49:30,1781819370,R_10,4845.722,-1,0.02400000000034197,BACKFILL_AUTO
2026-06-18 21:49:32,1781819372,R_10,4845.668,-1,0.05400000000008731,BACKFILL_AUTO
2026-06-18 21:49:34,1781819374,R_10,4845.666,-1,0.001999999999497959,BACKFILL_AUTO
2026-06-18 21:49:36,1781819376,R_10,4845.768,1,0.10199999999986176,BACKFILL_AUTO
2026-06-18 21:49:38,1781819378,R_10,4845.619,-1,0.14900000000034197,BACKFILL_AUTO
2026-06-18 21:49:40,1781819380,R_10,4845.481,-1,0.13799999999991996,BACKFILL_AUTO
2026-06-18 21:49:42,1781819382,R_10,4845.683,1,0.20200000000022555,BACKFILL_AUTO
2026-06-18 21:49:44,1781819384,R_10,4845.911,1,0.22800000000006548,BACKFILL_AUTO
2026-06-18 21:49:46,1781819386,R_10,4845.809,-1,0.10199999999986176,BACKFILL_AUTO
2026-06-18 21:49:48,1781819388,R_10,4845.794,-1,0.015000000000327418,BACKFILL_AUTO
2026-06-18 21:49:50,1781819390,R_10,4845.778,-1,0.01599999999962165,BACKFILL_AUTO
2026-06-18 21:49:52,1781819392,R_10,4845.779,1,0.0010000000002037268,BACKFILL_AUTO
2026-06-18 21:49:54,1781819394,R_10,4845.8,1,0.02099999999973079,BACKFILL_AUTO
2026-06-18 21:49:56,1781819396,R_10,4845.79,-1,0.010000000000218279,BACKFILL_AUTO
2026-06-18 21:49:58,1781819398,R_10,4845.613,-1,0.17699999999967986,BACKFILL_AUTO
2026-06-18 21:50:00,1781819400,R_10,4845.834,1,0.2209999999995489,BACKFILL_AUTO
2026-06-18 21:50:02,1781819402,R_10,4845.916,1,0.0820000000003347,BACKFILL_AUTO
2026-06-18 21:50:04,1781819404,R_10,4845.786,-1,0.13000000000010914,BACKFILL_AUTO
2026-06-18 21:50:06,1781819406,R_10,4845.868,1,0.0820000000003347,BACKFILL_AUTO
2026-06-18 21:50:08,1781819408,R_10,4845.919,1,0.05099999999947613,BACKFILL_AUTO
2026-06-18 21:50:10,1781819410,R_10,4845.984,1,0.06500000000050932,BACKFILL_AUTO
2026-06-18 21:50:12,1781819412,R_10,4846.008,1,0.023999999999432475,BACKFILL_AUTO
2026-06-18 21:50:14,1781819414,R_10,4846.048,1,0.03999999999996362,BACKFILL_AUTO
2026-06-18 21:50:16,1781819416,R_10,4846.069,1,0.021000000000640284,BACKFILL_AUTO
2026-06-18 21:50:18,1781819418,R_10,4845.915,-1,0.1540000000004511,BACKFILL_AUTO
2026-06-18 21:50:20,1781819420,R_10,4845.993,1,0.07800000000042928,BACKFILL_AUTO
2026-06-18 21:50:22,1781819422,R_10,4845.934,-1,0.05900000000019645,BACKFILL_AUTO
2026-06-18 21:50:24,1781819424,R_10,4845.943,1,0.009000000000014552,BACKFILL_AUTO
2026-06-18 21:50:26,1781819426,R_10,4845.901,-1,0.042000000000371074,BACKFILL_AUTO
2026-06-18 21:50:28,1781819428,R_10,4845.746,-1,0.15499999999974534,BACKFILL_AUTO
2026-06-18 21:50:30,1781819430,R_10,4845.859,1,0.11300000000028376,BACKFILL_AUTO
2026-06-18 21:50:32,1781819432,R_10,4845.791,-1,0.068000000000211,BACKFILL_AUTO
2026-06-18 21:50:34,1781819434,R_10,4845.823,1,0.032000000000152795,BACKFILL_AUTO
2026-06-18 21:50:36,1781819436,R_10,4845.719,-1,0.10400000000026921,BACKFILL_AUTO
2026-06-18 21:50:38,1781819438,R_10,4845.866,1,0.14699999999993452,BACKFILL_AUTO
2026-06-18 21:50:40,1781819440,R_10,4845.84,-1,0.02599999999983993,BACKFILL_AUTO
2026-06-18 21:50:42,1781819442,R_10,4845.841,1,0.0010000000002037268,BACKFILL_AUTO
2026-06-18 21:50:44,1781819444,R_10,4845.859,1,0.018000000000029104,BACKFILL_AUTO
2026-06-18 21:50:46,1781819446,R_10,4845.852,-1,0.007000000000516593,BACKFILL_AUTO
2026-06-18 21:50:48,1781819448,R_10,4845.885,1,0.03300000000035652,BACKFILL_AUTO
2026-06-18 21:50:50,1781819450,R_10,4845.904,1,0.01900000000023283,BACKFILL_AUTO
2026-06-18 21:50:52,1781819452,R_10,4845.884,-1,0.020000000000436557,BACKFILL_AUTO
2026-06-18 21:50:54,1781819454,R_10,4845.89,1,0.006000000000312866,BACKFILL_AUTO
2026-06-18 21:50:56,1781819456,R_10,4846.158,1,0.2680000000000291,BACKFILL_AUTO
2026-06-18 21:50:58,1781819458,R_10,4846.148,-1,0.010000000000218279,BACKFILL_AUTO
2026-06-18 21:51:00,1781819460,R_10,4846.151,1,0.0029999999997016857,BACKFILL_AUTO
2026-06-18 21:51:02,1781819462,R_10,4846.147,-1,0.0039999999999054126,BACKFILL_AUTO
2026-06-18 21:51:04,1781819464,R_10,4845.989,-1,0.15800000000035652,BACKFILL_AUTO
2026-06-18 21:51:06,1781819466,R_10,4846.088,1,0.09900000000016007,BACKFILL_AUTO
2026-06-18 21:51:08,1781819468,R_10,4846.116,1,0.028000000000247383,BACKFILL_AUTO
2026-06-18 21:51:10,1781819470,R_10,4846.082,-1,0.033999999999650754,BACKFILL_AUTO
2026-06-18 21:51:12,1781819472,R_10,4846.139,1,0.056999999999789,BACKFILL_AUTO
2026-06-18 21:51:14,1781819474,R_10,4845.805,-1,0.33399999999983265,BACKFILL_AUTO
2026-06-18 21:51:16,1781819476,R_10,4846.064,1,0.25900000000001455,BACKFILL_AUTO
2026-06-18 21:51:18,1781819478,R_10,4846.016,-1,0.04800000000068394,BACKFILL_AUTO
2026-06-18 21:51:20,1781819480,R_10,4845.872,-1,0.14399999999932334,BACKFILL_AUTO
2026-06-18 21:51:22,1781819482,R_10,4845.797,-1,0.0750000000007276,BACKFILL_AUTO
2026-06-18 21:51:24,1781819484,R_10,4845.87,1,0.07300000000032014,BACKFILL_AUTO
2026-06-18 21:51:26,1781819486,R_10,4845.957,1,0.08700000000044383,BACKFILL_AUTO
2026-06-18 21:51:28,1781819488,R_10,4845.949,-1,0.00800000000072032,BACKFILL_AUTO
2026-06-18 21:51:30,1781819490,R_10,4845.884,-1,0.06499999999959982,BACKFILL_AUTO
2026-06-18 21:51:32,1781819492,R_10,4845.839,-1,0.04500000000007276,BACKFILL_AUTO
2026-06-18 21:51:34,1781819494,R_10,4845.879,1,0.03999999999996362,BACKFILL_AUTO
2026-06-18 21:51:36,1781819496,R_10,4845.942,1,0.06300000000010186,BACKFILL_AUTO
2026-06-18 21:51:38,1781819498,R_10,4845.771,-1,0.1710000000002765,BACKFILL_AUTO
2026-06-18 21:51:40,1781819500,R_10,4845.603,-1,0.1679999999996653,BACKFILL_AUTO
2026-06-18 21:51:42,1781819502,R_10,4845.613,1,0.010000000000218279,BACKFILL_AUTO
2026-06-18 21:51:44,1781819504,R_10,4845.513,-1,0.1000000000003638,BACKFILL_AUTO
2026-06-18 21:51:46,1781819506,R_10,4845.648,1,0.13500000000021828,BACKFILL_AUTO
2026-06-18 21:51:48,1781819508,R_10,4845.66,1,0.011999999999716238,BACKFILL_AUTO
2026-06-18 21:51:50,1781819510,R_10,4845.485,-1,0.1750000000001819,BACKFILL_AUTO
2026-06-18 21:51:52,1781819512,R_10,4845.412,-1,0.07299999999941065,BACKFILL_AUTO
2026-06-18 21:51:54,1781819514,R_10,4845.389,-1,0.023000000000138243,BACKFILL_AUTO
2026-06-18 21:51:56,1781819516,R_10,4845.443,1,0.05400000000008731,BACKFILL_AUTO
2026-06-18 21:51:58,1781819518,R_10,4845.124,-1,0.31900000000041473,BACKFILL_AUTO
2026-06-18 21:52:00,1781819520,R_10,4845.144,1,0.020000000000436557,BACKFILL_AUTO
2026-06-18 21:52:02,1781819522,R_10,4844.975,-1,0.16899999999986903,BACKFILL_AUTO
2026-06-18 21:52:04,1781819524,R_10,4845.168,1,0.1929999999993015,BACKFILL_AUTO
2026-06-18 21:52:06,1781819526,R_10,4845.362,1,0.19400000000041473,BACKFILL_AUTO
2026-06-18 21:52:08,1781819528,R_10,4845.474,1,0.11200000000008004,BACKFILL_AUTO
2026-06-18 21:52:10,1781819530,R_10,4845.299,-1,0.1750000000001819,BACKFILL_AUTO
2026-06-18 21:52:12,1781819532,R_10,4845.145,-1,0.15399999999954161,BACKFILL_AUTO
2026-06-18 21:52:14,1781819534,R_10,4844.939,-1,0.20600000000013097,BACKFILL_AUTO
2026-06-18 21:52:16,1781819536,R_10,4845.121,1,0.181999999999789,BACKFILL_AUTO
2026-06-18 21:52:18,1781819538,R_10,4844.944,-1,0.17699999999967986,BACKFILL_AUTO
2026-06-18 21:52:20,1781819540,R_10,4844.754,-1,0.19000000000050932,BACKFILL_AUTO
2026-06-18 21:52:22,1781819542,R_10,4844.817,1,0.06300000000010186,BACKFILL_AUTO
2026-06-18 21:52:24,1781819544,R_10,4844.901,1,0.08399999999983265,BACKFILL_AUTO
2026-06-18 21:52:26,1781819546,R_10,4844.995,1,0.09400000000005093,BACKFILL_AUTO
2026-06-18 21:52:28,1781819548,R_10,4844.933,-1,0.06199999999989814,BACKFILL_AUTO
2026-06-18 21:52:30,1781819550,R_10,4844.87,-1,0.06300000000010186,BACKFILL_AUTO
2026-06-18 21:52:32,1781819552,R_10,4844.851,-1,0.01900000000023283,BACKFILL_AUTO
2026-06-18 21:52:34,1781819554,R_10,4844.854,1,0.0030000000006111804,BACKFILL_AUTO
2026-06-18 21:52:36,1781819556,R_10,4844.895,1,0.04100000000016735,BACKFILL_AUTO
2026-06-18 21:52:38,1781819558,R_10,4844.883,-1,0.012000000000625732,BACKFILL_AUTO
2026-06-18 21:52:40,1781819560,R_10,4844.749,-1,0.13400000000001455,BACKFILL_AUTO
2026-06-18 21:52:42,1781819562,R_10,4844.638,-1,0.11099999999987631,BACKFILL_AUTO
2026-06-18 21:52:44,1781819564,R_10,4844.503,-1,0.13500000000021828,BACKFILL_AUTO
2026-06-18 21:52:46,1781819566,R_10,4844.48,-1,0.023000000000138243,BACKFILL_AUTO
2026-06-18 21:52:48,1781819568,R_10,4844.488,1,0.00800000000072032,BACKFILL_AUTO
2026-06-18 21:52:50,1781819570,R_10,4844.701,1,0.21299999999973807,BACKFILL_AUTO
2026-06-18 21:52:52,1781819572,R_10,4844.796,1,0.09500000000025466,BACKFILL_AUTO
2026-06-18 21:52:54,1781819574,R_10,4844.792,-1,0.0039999999999054126,BACKFILL_AUTO
2026-06-18 21:52:56,1781819576,R_10,4844.974,1,0.181999999999789,BACKFILL_AUTO
2026-06-18 21:52:58,1781819578,R_10,4845.03,1,0.05599999999958527,BACKFILL_AUTO
2026-06-18 21:53:00,1781819580,R_10,4844.935,-1,0.09499999999934516,BACKFILL_AUTO
2026-06-18 21:53:02,1781819582,R_10,4845.052,1,0.11699999999927968,BACKFILL_AUTO
2026-06-18 21:53:04,1781819584,R_10,4844.896,-1,0.15599999999994907,BACKFILL_AUTO
2026-06-18 21:53:06,1781819586,R_10,4844.778,-1,0.11799999999948341,BACKFILL_AUTO
2026-06-18 21:53:08,1781819588,R_10,4844.917,1,0.1390000000001237,BACKFILL_AUTO
2026-06-18 21:53:10,1781819590,R_10,4844.889,-1,0.028000000000247383,BACKFILL_AUTO
2026-06-18 21:53:12,1781819592,R_10,4844.804,-1,0.08500000000003638,BACKFILL_AUTO
2026-06-18 21:53:14,1781819594,R_10,4844.81,1,0.006000000000312866,BACKFILL_AUTO
2026-06-18 21:53:16,1781819596,R_10,4844.736,-1,0.07400000000052387,BACKFILL_AUTO
2026-06-18 21:53:18,1781819598,R_10,4844.863,1,0.12700000000040745,BACKFILL_AUTO
2026-06-18 21:53:20,1781819600,R_10,4844.973,1,0.10999999999967258,BACKFILL_AUTO
2026-06-18 21:53:22,1781819602,R_10,4845.069,1,0.09600000000045839,BACKFILL_AUTO
2026-06-18 21:53:24,1781819604,R_10,4844.994,-1,0.0750000000007276,BACKFILL_AUTO
2026-06-18 21:53:26,1781819606,R_10,4845.032,1,0.03800000000046566,BACKFILL_AUTO
2026-06-18 21:53:28,1781819608,R_10,4845.046,1,0.014000000000123691,BACKFILL_AUTO
2026-06-18 21:53:30,1781819610,R_10,4845.096,1,0.049999999999272404,BACKFILL_AUTO
2026-06-18 21:53:32,1781819612,R_10,4844.917,-1,0.17899999999917782,BACKFILL_AUTO
2026-06-18 21:53:34,1781819614,R_10,4845.046,1,0.1289999999999054,BACKFILL_AUTO
2026-06-18 21:53:36,1781819616,R_10,4845.023,-1,0.023000000000138243,BACKFILL_AUTO
2026-06-18 21:53:38,1781819618,R_10,4845.028,1,0.005000000000109139,BACKFILL_AUTO
2026-06-18 21:53:40,1781819620,R_10,4844.93,-1,0.09799999999995634,BACKFILL_AUTO
2026-06-18 21:53:42,1781819622,R_10,4845.111,1,0.18099999999958527,BACKFILL_AUTO
2026-06-18 21:53:44,1781819624,R_10,4845.171,1,0.06000000000040018,BACKFILL_AUTO
2026-06-18 21:53:46,1781819626,R_10,4845.152,-1,0.01900000000023283,BACKFILL_AUTO
2026-06-18 21:53:48,1781819628,R_10,4845.092,-1,0.06000000000040018,BACKFILL_AUTO
2026-06-18 21:53:50,1781819630,R_10,4845.029,-1,0.06299999999919237,BACKFILL_AUTO
2026-06-18 21:53:52,1781819632,R_10,4844.874,-1,0.15500000000065484,BACKFILL_AUTO
2026-06-18 21:53:54,1781819634,R_10,4844.759,-1,0.11499999999978172,BACKFILL_AUTO
2026-06-18 21:53:56,1781819636,R_10,4844.7,-1,0.05900000000019645,BACKFILL_AUTO
2026-06-18 21:53:58,1781819638,R_10,4844.493,-1,0.2069999999994252,BACKFILL_AUTO
2026-06-18 21:54:00,1781819640,R_10,4844.135,-1,0.3580000000001746,BACKFILL_AUTO
2026-06-18 21:54:02,1781819642,R_10,4844.174,1,0.03899999999975989,BACKFILL_AUTO
2026-06-18 21:54:04,1781819644,R_10,4844.123,-1,0.051000000000385626,BACKFILL_AUTO
2026-06-18 21:54:06,1781819646,R_10,4844.031,-1,0.09199999999964348,BACKFILL_AUTO
2026-06-18 21:54:08,1781819648,R_10,4844.036,1,0.005000000000109139,BACKFILL_AUTO
2026-06-18 21:54:10,1781819650,R_10,4843.995,-1,0.04100000000016735,BACKFILL_AUTO
2026-06-18 21:54:12,1781819652,R_10,4844.252,1,0.2570000000005166,BACKFILL_AUTO
2026-06-18 21:54:14,1781819654,R_10,4844.183,-1,0.06900000000041473,BACKFILL_AUTO
2026-06-18 21:54:16,1781819656,R_10,4844.069,-1,0.113999999999578,BACKFILL_AUTO
2026-06-18 21:54:18,1781819658,R_10,4844.259,1,0.18999999999959982,BACKFILL_AUTO
2026-06-18 21:54:20,1781819660,R_10,4844.112,-1,0.14699999999993452,BACKFILL_AUTO
2026-06-18 21:54:22,1781819662,R_10,4844.041,-1,0.07099999999991269,BACKFILL_AUTO
2026-06-18 21:54:24,1781819664,R_10,4844.129,1,0.08799999999973807,BACKFILL_AUTO
2026-06-18 21:54:26,1781819666,R_10,4844.185,1,0.056000000000494765,BACKFILL_AUTO
2026-06-18 21:54:28,1781819668,R_10,4844.196,1,0.01099999999951251,BACKFILL_AUTO
2026-06-18 21:54:30,1781819670,R_10,4844.236,1,0.03999999999996362,BACKFILL_AUTO
2026-06-18 21:54:32,1781819672,R_10,4844.275,1,0.03899999999975989,BACKFILL_AUTO
2026-06-18 21:54:34,1781819674,R_10,4844.26,-1,0.014999999999417923,BACKFILL_AUTO
2026-06-18 21:54:36,1781819676,R_10,4844.244,-1,0.016000000000531145,BACKFILL_AUTO
2026-06-18 21:54:38,1781819678,R_10,4844.234,-1,0.009999999999308784,BACKFILL_AUTO
2026-06-18 21:54:40,1781819680,R_10,4844.392,1,0.15799999999944703,BACKFILL_AUTO
2026-06-18 21:54:42,1781819682,R_10,4844.407,1,0.015000000000327418,BACKFILL_AUTO
2026-06-18 21:54:44,1781819684,R_10,4844.32,-1,0.08700000000044383,BACKFILL_AUTO
2026-06-18 21:54:46,1781819686,R_10,4844.194,-1,0.12599999999929423,BACKFILL_AUTO
2026-06-18 21:54:48,1781819688,R_10,4844.275,1,0.08099999999922147,BACKFILL_AUTO
2026-06-18 21:54:50,1781819690,R_10,4844.39,1,0.11500000000069122,BACKFILL_AUTO
2026-06-18 21:54:52,1781819692,R_10,4844.313,-1,0.07700000000022555,BACKFILL_AUTO
2026-06-18 21:54:54,1781819694,R_10,4844.415,1,0.10199999999986176,BACKFILL_AUTO
2026-06-18 21:54:56,1781819696,R_10,4844.523,1,0.10800000000017462,BACKFILL_AUTO
2026-06-18 21:54:58,1781819698,R_10,4844.518,-1,0.005000000000109139,BACKFILL_AUTO
2026-06-18 21:55:00,1781819700,R_10,4844.476,-1,0.042000000000371074,BACKFILL_AUTO
2026-06-18 21:55:02,1781819702,R_10,4844.235,-1,0.24099999999998545,BACKFILL_AUTO
2026-06-18 21:55:04,1781819704,R_10,4844.179,-1,0.05599999999958527,BACKFILL_AUTO
2026-06-18 21:55:06,1781819706,R_10,4844.359,1,0.18000000000029104,BACKFILL_AUTO
2026-06-18 21:55:08,1781819708,R_10,4844.448,1,0.08899999999994179,BACKFILL_AUTO
2026-06-18 21:55:10,1781819710,R_10,4844.548,1,0.0999999999994543,BACKFILL_AUTO
2026-06-18 21:55:12,1781819712,R_10,4844.391,-1,0.1570000000001528,BACKFILL_AUTO
2026-06-18 21:55:14,1781819714,R_10,4844.52,1,0.1290000000008149,BACKFILL_AUTO
2026-06-18 21:55:16,1781819716,R_10,4844.455,-1,0.06500000000050932,BACKFILL_AUTO
2026-06-18 21:55:18,1781819718,R_10,4844.586,1,0.13100000000031287,BACKFILL_AUTO
2026-06-18 21:55:20,1781819720,R_10,4844.574,-1,0.012000000000625732,BACKFILL_AUTO
2026-06-18 21:55:22,1781819722,R_10,4844.436,-1,0.13799999999991996,BACKFILL_AUTO
2026-06-18 21:55:24,1781819724,R_10,4844.54,1,0.10400000000026921,BACKFILL_AUTO
2026-06-18 21:55:26,1781819726,R_10,4844.588,1,0.047999999999774445,BACKFILL_AUTO
2026-06-18 21:55:28,1781819728,R_10,4844.676,1,0.08800000000064756,BACKFILL_AUTO
2026-06-18 21:55:30,1781819730,R_10,4844.715,1,0.03899999999975989,BACKFILL_AUTO
2026-06-18 21:55:32,1781819732,R_10,4844.692,-1,0.023000000000138243,BACKFILL_AUTO
2026-06-18 21:55:34,1781819734,R_10,4844.761,1,0.06900000000041473,BACKFILL_AUTO
2026-06-18 21:55:36,1781819736,R_10,4844.945,1,0.18399999999928696,BACKFILL_AUTO
2026-06-18 21:55:38,1781819738,R_10,4844.948,1,0.0030000000006111804,BACKFILL_AUTO
2026-06-18 21:55:40,1781819740,R_10,4845.145,1,0.19700000000011642,BACKFILL_AUTO
2026-06-18 21:55:42,1781819742,R_10,4845.078,-1,0.06700000000000728,BACKFILL_AUTO
2026-06-18 21:55:44,1781819744,R_10,4845.04,-1,0.03800000000046566,BACKFILL_AUTO
2026-06-18 21:55:46,1781819746,R_10,4845.024,-1,0.01599999999962165,BACKFILL_AUTO
2026-06-18 21:55:48,1781819748,R_10,4845.032,1,0.007999999999810825,BACKFILL_AUTO
2026-06-18 21:55:50,1781819750,R_10,4844.985,-1,0.04700000000048021,BACKFILL_AUTO
2026-06-18 21:55:52,1781819752,R_10,4844.941,-1,0.04399999999986903,BACKFILL_AUTO
2026-06-18 21:55:54,1781819754,R_10,4844.926,-1,0.014999999999417923,BACKFILL_AUTO
2026-06-18 21:55:56,1781819756,R_10,4845.1,1,0.17399999999997817,BACKFILL_AUTO
2026-06-18 21:55:58,1781819758,R_10,4845.293,1,0.1929999999993015,BACKFILL_AUTO
2026-06-18 21:56:00,1781819760,R_10,4845.291,-1,0.001999999999497959,BACKFILL_AUTO
2026-06-18 21:56:02,1781819762,R_10,4845.281,-1,0.010000000000218279,BACKFILL_AUTO
2026-06-18 21:56:04,1781819764,R_10,4845.153,-1,0.12799999999970169,BACKFILL_AUTO
2026-06-18 21:56:06,1781819766,R_10,4845.137,-1,0.016000000000531145,BACKFILL_AUTO
2026-06-18 21:56:08,1781819768,R_10,4845.26,1,0.12300000000050204,BACKFILL_AUTO
2026-06-18 21:56:10,1781819770,R_10,4845.427,1,0.16699999999946158,BACKFILL_AUTO
2026-06-18 21:56:12,1781819772,R_10,4845.448,1,0.021000000000640284,BACKFILL_AUTO
2026-06-18 21:56:14,1781819774,R_10,4845.504,1,0.05599999999958527,BACKFILL_AUTO
2026-06-18 21:56:16,1781819776,R_10,4845.364,-1,0.14000000000032742,BACKFILL_AUTO
2026-06-18 21:56:18,1781819778,R_10,4845.501,1,0.13700000000062573,BACKFILL_AUTO
2026-06-18 21:56:20,1781819780,R_10,4845.502,1,0.0010000000002037268,BACKFILL_AUTO
2026-06-18 21:56:22,1781819782,R_10,4845.557,1,0.054999999999381544,BACKFILL_AUTO
2026-06-18 21:56:24,1781819784,R_10,4845.406,-1,0.15099999999983993,BACKFILL_AUTO
2026-06-18 21:56:26,1781819786,R_10,4845.522,1,0.11599999999998545,BACKFILL_AUTO
2026-06-18 21:56:28,1781819788,R_10,4845.622,1,0.1000000000003638,BACKFILL_AUTO
2026-06-18 21:56:30,1781819790,R_10,4845.682,1,0.05999999999949068,BACKFILL_AUTO
2026-06-18 21:56:32,1781819792,R_10,4845.618,-1,0.0639999999993961,BACKFILL_AUTO
2026-06-18 21:56:34,1781819794,R_10,4845.555,-1,0.06300000000010186,BACKFILL_AUTO
2026-06-18 21:56:36,1781819796,R_10,4845.39,-1,0.16499999999996362,BACKFILL_AUTO
2026-06-18 21:56:38,1781819798,R_10,4845.674,1,0.28399999999965075,BACKFILL_AUTO
2026-06-18 21:56:40,1781819800,R_10,4845.54,-1,0.13400000000001455,BACKFILL_AUTO
2026-06-18 21:56:42,1781819802,R_10,4845.496,-1,0.04399999999986903,BACKFILL_AUTO
2026-06-18 21:56:44,1781819804,R_10,4845.502,1,0.006000000000312866,BACKFILL_AUTO
2026-06-18 21:56:46,1781819806,R_10,4845.708,1,0.20599999999922147,BACKFILL_AUTO
2026-06-18 21:56:48,1781819808,R_10,4845.865,1,0.1570000000001528,BACKFILL_AUTO
2026-06-18 21:56:50,1781819810,R_10,4845.851,-1,0.014000000000123691,BACKFILL_AUTO
2026-06-18 21:56:52,1781819812,R_10,4845.8,-1,0.05099999999947613,BACKFILL_AUTO
2026-06-18 21:56:54,1781819814,R_10,4845.733,-1,0.06700000000000728,BACKFILL_AUTO
2026-06-18 21:56:56,1781819816,R_10,4845.691,-1,0.042000000000371074,BACKFILL_AUTO
2026-06-18 21:56:58,1781819818,R_10,4845.542,-1,0.14899999999943248,BACKFILL_AUTO
2026-06-18 21:57:00,1781819820,R_10,4845.538,-1,0.004000000000814907,BACKFILL_AUTO
2026-06-18 21:57:02,1781819822,R_10,4845.547,1,0.009000000000014552,BACKFILL_AUTO
2026-06-18 21:57:04,1781819824,R_10,4845.648,1,0.10100000000056752,BACKFILL_AUTO
2026-06-18 21:57:06,1781819826,R_10,4845.781,1,0.13299999999981083,BACKFILL_AUTO
2026-06-18 21:57:08,1781819828,R_10,4845.705,-1,0.07600000000002183,BACKFILL_AUTO
2026-06-18 21:57:10,1781819830,R_10,4845.494,-1,0.2110000000002401,BACKFILL_AUTO
2026-06-18 21:57:12,1781819832,R_10,4845.384,-1,0.10999999999967258,BACKFILL_AUTO
2026-06-18 21:57:14,1781819834,R_10,4845.34,-1,0.04399999999986903,BACKFILL_AUTO
2026-06-18 21:57:16,1781819836,R_10,4845.144,-1,0.1959999999999127,BACKFILL_AUTO
2026-06-18 21:57:18,1781819838,R_10,4845.037,-1,0.1069999999999709,BACKFILL_AUTO
2026-06-18 21:57:20,1781819840,R_10,4845.125,1,0.08799999999973807,BACKFILL_AUTO
2026-06-18 21:57:22,1781819842,R_10,4844.968,-1,0.1570000000001528,BACKFILL_AUTO
2026-06-18 21:57:24,1781819844,R_10,4845.265,1,0.2970000000004802,BACKFILL_AUTO
2026-06-18 21:57:26,1781819846,R_10,4845.27,1,0.005000000000109139,BACKFILL_AUTO
2026-06-18 21:57:28,1781819848,R_10,4845.12,-1,0.1500000000005457,BACKFILL_AUTO
2026-06-18 21:57:30,1781819850,R_10,4845.033,-1,0.08699999999953434,BACKFILL_AUTO
2026-06-18 21:57:32,1781819852,R_10,4845.175,1,0.14199999999982538,BACKFILL_AUTO
2026-06-18 21:57:34,1781819854,R_10,4844.889,-1,0.2860000000000582,BACKFILL_AUTO
2026-06-18 21:57:36,1781819856,R_10,4845.029,1,0.14000000000032742,BACKFILL_AUTO
2026-06-18 21:57:38,1781819858,R_10,4844.831,-1,0.19800000000032014,BACKFILL_AUTO
2026-06-18 21:57:40,1781819860,R_10,4844.707,-1,0.12399999999979627,BACKFILL_AUTO
2026-06-18 21:57:42,1781819862,R_10,4844.863,1,0.15599999999994907,BACKFILL_AUTO
2026-06-18 21:57:44,1781819864,R_10,4844.785,-1,0.07800000000042928,BACKFILL_AUTO
2026-06-18 21:57:46,1781819866,R_10,4844.608,-1,0.17699999999967986,BACKFILL_AUTO
2026-06-18 21:57:48,1781819868,R_10,4844.824,1,0.21599999999943975,BACKFILL_AUTO
2026-06-18 21:57:50,1781819870,R_10,4844.867,1,0.0430000000005748,BACKFILL_AUTO
2026-06-18 21:57:52,1781819872,R_10,4844.667,-1,0.1999999999998181,BACKFILL_AUTO
2026-06-18 21:57:54,1781819874,R_10,4844.79,1,0.12299999999959255,BACKFILL_AUTO
2026-06-18 21:57:56,1781819876,R_10,4844.733,-1,0.056999999999789,BACKFILL_AUTO
2026-06-18 21:57:58,1781819878,R_10,4844.565,-1,0.1680000000005748,BACKFILL_AUTO
2026-06-18 21:58:00,1781819880,R_10,4844.826,1,0.261000000000422,BACKFILL_AUTO
2026-06-18 21:58:02,1781819882,R_10,4844.844,1,0.018000000000029104,BACKFILL_AUTO
2026-06-18 21:58:04,1781819884,R_10,4844.968,1,0.12399999999979627,BACKFILL_AUTO
2026-06-18 21:58:06,1781819886,R_10,4845.145,1,0.17700000000058935,BACKFILL_AUTO
2026-06-18 21:58:08,1781819888,R_10,4845.394,1,0.24899999999979627,BACKFILL_AUTO
2026-06-18 21:58:10,1781819890,R_10,4845.428,1,0.033999999999650754,BACKFILL_AUTO
2026-06-18 21:58:12,1781819892,R_10,4845.48,1,0.05199999999967986,BACKFILL_AUTO
2026-06-18 21:58:14,1781819894,R_10,4845.466,-1,0.013999999999214197,BACKFILL_AUTO
2026-06-18 21:58:16,1781819896,R_10,4845.483,1,0.016999999999825377,BACKFILL_AUTO
2026-06-18 21:58:18,1781819898,R_10,4845.602,1,0.11899999999968713,BACKFILL_AUTO
2026-06-18 21:58:20,1781819900,R_10,4845.441,-1,0.1610000000000582,BACKFILL_AUTO
2026-06-18 21:58:22,1781819902,R_10,4845.396,-1,0.04500000000007276,BACKFILL_AUTO
2026-06-18 21:58:24,1781819904,R_10,4845.395,-1,0.0009999999992942321,BACKFILL_AUTO
2026-06-18 21:58:26,1781819906,R_10,4845.451,1,0.05599999999958527,BACKFILL_AUTO
2026-06-18 21:58:28,1781819908,R_10,4845.52,1,0.06900000000041473,BACKFILL_AUTO
2026-06-18 21:58:30,1781819910,R_10,4845.596,1,0.07599999999911233,BACKFILL_AUTO
2026-06-18 21:58:32,1781819912,R_10,4845.569,-1,0.02699999999913416,BACKFILL_AUTO
2026-06-18 21:58:34,1781819914,R_10,4845.584,1,0.014999999999417923,BACKFILL_AUTO
2026-06-18 21:58:36,1781819916,R_10,4845.685,1,0.10100000000056752,BACKFILL_AUTO
2026-06-18 21:58:38,1781819918,R_10,4845.618,-1,0.06700000000000728,BACKFILL_AUTO
2026-06-18 21:58:40,1781819920,R_10,4845.703,1,0.08500000000003638,BACKFILL_AUTO
2026-06-18 21:58:42,1781819922,R_10,4845.706,1,0.0029999999997016857,BACKFILL_AUTO
2026-06-18 21:58:44,1781819924,R_10,4845.689,-1,0.016999999999825377,BACKFILL_AUTO
2026-06-18 21:58:46,1781819926,R_10,4845.73,1,0.04099999999925785,BACKFILL_AUTO
2026-06-18 21:58:48,1781819928,R_10,4845.694,-1,0.03599999999914871,BACKFILL_AUTO
2026-06-18 21:58:50,1781819930,R_10,4845.74,1,0.04599999999936699,BACKFILL_AUTO
2026-06-18 21:58:52,1781819932,R_10,4845.829,1,0.08899999999994179,BACKFILL_AUTO
2026-06-18 21:58:54,1781819934,R_10,4845.731,-1,0.09799999999995634,BACKFILL_AUTO
2026-06-18 21:58:56,1781819936,R_10,4845.765,1,0.03400000000056025,BACKFILL_AUTO
2026-06-18 21:58:58,1781819938,R_10,4845.811,1,0.04599999999936699,BACKFILL_AUTO
2026-06-18 21:59:00,1781819940,R_10,4845.945,1,0.13400000000001455,BACKFILL_AUTO
2026-06-18 21:59:02,1781819942,R_10,4845.809,-1,0.1359999999995125,BACKFILL_AUTO
2026-06-18 21:59:04,1781819944,R_10,4845.94,1,0.13099999999940337,BACKFILL_AUTO
2026-06-18 21:59:06,1781819946,R_10,4845.988,1,0.04800000000068394,BACKFILL_AUTO
2026-06-18 21:59:08,1781819948,R_10,4845.81,-1,0.17799999999988358,BACKFILL_AUTO
2026-06-18 21:59:10,1781819950,R_10,4845.837,1,0.027000000000043656,BACKFILL_AUTO
2026-06-18 21:59:12,1781819952,R_10,4845.627,-1,0.21000000000003638,BACKFILL_AUTO
2026-06-18 21:59:14,1781819954,R_10,4845.805,1,0.17799999999988358,BACKFILL_AUTO
2026-06-18 21:59:16,1781819956,R_10,4845.659,-1,0.14600000000064028,BACKFILL_AUTO
2026-06-18 21:59:18,1781819958,R_10,4845.584,-1,0.0749999999998181,BACKFILL_AUTO
2026-06-18 21:59:20,1781819960,R_10,4845.533,-1,0.05099999999947613,BACKFILL_AUTO
2026-06-18 21:59:22,1781819962,R_10,4845.501,-1,0.032000000000152795,BACKFILL_AUTO
2026-06-18 21:59:24,1781819964,R_10,4845.699,1,0.19799999999941065,BACKFILL_AUTO
2026-06-18 21:59:26,1781819966,R_10,4845.833,1,0.13400000000001455,BACKFILL_AUTO
2026-06-18 21:59:28,1781819968,R_10,4845.927,1,0.09400000000005093,BACKFILL_AUTO
2026-06-18 21:59:30,1781819970,R_10,4845.922,-1,0.005000000000109139,BACKFILL_AUTO
2026-06-18 21:59:32,1781819972,R_10,4845.865,-1,0.056999999999789,BACKFILL_AUTO
2026-06-18 21:59:34,1781819974,R_10,4845.782,-1,0.08299999999962893,BACKFILL_AUTO
2026-06-18 21:59:36,1781819976,R_10,4845.766,-1,0.016000000000531145,BACKFILL_AUTO
2026-06-18 21:59:38,1781819978,R_10,4845.647,-1,0.11899999999968713,BACKFILL_AUTO
2026-06-18 21:59:40,1781819980,R_10,4845.453,-1,0.19399999999950523,BACKFILL_AUTO
2026-06-18 21:59:42,1781819982,R_10,4845.658,1,0.20499999999992724,BACKFILL_AUTO
2026-06-18 21:59:44,1781819984,R_10,4845.769,1,0.11099999999987631,BACKFILL_AUTO
2026-06-18 21:59:46,1781819986,R_10,4845.837,1,0.068000000000211,BACKFILL_AUTO
2026-06-18 21:59:48,1781819988,R_10,4845.621,-1,0.21600000000034925,BACKFILL_AUTO
2026-06-18 21:59:50,1781819990,R_10,4845.455,-1,0.16600000000016735,BACKFILL_AUTO
2026-06-18 21:59:52,1781819992,R_10,4845.541,1,0.0860000000002401,BACKFILL_AUTO
2026-06-18 21:59:54,1781819994,R_10,4845.487,-1,0.05400000000008731,BACKFILL_AUTO
2026-06-18 21:59:56,1781819996,R_10,4845.339,-1,0.14800000000013824,BACKFILL_AUTO
2026-06-18 21:59:58,1781819998,R_10,4845.449,1,0.10999999999967258,BACKFILL_AUTO
2026-06-18 22:00:00,1781820000,R_10,4845.232,-1,0.21699999999964348,BACKFILL_AUTO
2026-06-18 22:00:02,1781820002,R_10,4845.274,1,0.042000000000371074,BACKFILL_AUTO
2026-06-18 22:00:04,1781820004,R_10,4845.3,1,0.02599999999983993,BACKFILL_AUTO
2026-06-18 22:00:06,1781820006,R_10,4845.159,-1,0.14100000000053114,BACKFILL_AUTO
2026-06-18 22:00:08,1781820008,R_10,4844.917,-1,0.24199999999927968,BACKFILL_AUTO
2026-06-18 22:00:10,1781820010,R_10,4844.913,-1,0.004000000000814907,BACKFILL_AUTO
2026-06-18 22:00:12,1781820012,R_10,4845.04,1,0.12700000000040745,BACKFILL_AUTO
2026-06-18 22:00:14,1781820014,R_10,4844.943,-1,0.09699999999975262,BACKFILL_AUTO
2026-06-18 22:00:16,1781820016,R_10,4844.927,-1,0.016000000000531145,BACKFILL_AUTO
2026-06-18 22:00:18,1781820018,R_10,4845.072,1,0.14500000000043656,BACKFILL_AUTO
2026-06-18 22:00:20,1781820020,R_10,4844.924,-1,0.14800000000013824,BACKFILL_AUTO
2026-06-18 22:00:22,1781820022,R_10,4844.812,-1,0.11200000000008004,BACKFILL_AUTO
2026-06-18 22:00:24,1781820024,R_10,4844.634,-1,0.17799999999988358,BACKFILL_AUTO
2026-06-18 22:00:26,1781820026,R_10,4844.648,1,0.014000000000123691,BACKFILL_AUTO
2026-06-18 22:00:28,1781820028,R_10,4844.89,1,0.24200000000018917,BACKFILL_AUTO
2026-06-18 22:00:30,1781820030,R_10,4844.797,-1,0.0930000000007567,BACKFILL_AUTO
2026-06-18 22:00:32,1781820032,R_10,4845.008,1,0.2110000000002401,BACKFILL_AUTO
2026-06-18 22:00:34,1781820034,R_10,4845.049,1,0.04100000000016735,BACKFILL_AUTO
2026-06-18 22:00:36,1781820036,R_10,4845.037,-1,0.011999999999716238,BACKFILL_AUTO
2026-06-18 22:00:38,1781820038,R_10,4845.079,1,0.04199999999946158,BACKFILL_AUTO
2026-06-18 22:00:40,1781820040,R_10,4845.071,-1,0.007999999999810825,BACKFILL_AUTO
2026-06-18 22:00:42,1781820042,R_10,4845.3,1,0.2290000000002692,BACKFILL_AUTO
2026-06-18 22:00:44,1781820044,R_10,4845.14,-1,0.15999999999985448,BACKFILL_AUTO
2026-06-18 22:00:46,1781820046,R_10,4845.345,1,0.20499999999992724,BACKFILL_AUTO
2026-06-18 22:00:48,1781820048,R_10,4845.379,1,0.033999999999650754,BACKFILL_AUTO
2026-06-18 22:00:50,1781820050,R_10,4845.193,-1,0.1859999999996944,BACKFILL_AUTO
2026-06-18 22:00:52,1781820052,R_10,4845.408,1,0.21500000000014552,BACKFILL_AUTO
2026-06-18 22:00:54,1781820054,R_10,4845.341,-1,0.06700000000000728,BACKFILL_AUTO
2026-06-18 22:00:56,1781820056,R_10,4845.26,-1,0.08100000000013097,BACKFILL_AUTO
2026-06-18 22:00:58,1781820058,R_10,4845.3,1,0.03999999999996362,BACKFILL_AUTO
2026-06-18 22:01:00,1781820060,R_10,4845.324,1,0.023999999999432475,BACKFILL_AUTO
2026-06-18 22:01:02,1781820062,R_10,4845.456,1,0.1320000000005166,BACKFILL_AUTO
2026-06-18 22:01:04,1781820064,R_10,4845.52,1,0.06400000000030559,BACKFILL_AUTO
2026-06-18 22:01:06,1781820066,R_10,4845.713,1,0.1929999999993015,BACKFILL_AUTO
2026-06-18 22:01:08,1781820068,R_10,4845.471,-1,0.24200000000018917,BACKFILL_AUTO
2026-06-18 22:01:10,1781820070,R_10,4845.359,-1,0.11199999999917054,BACKFILL_AUTO
2026-06-18 22:01:12,1781820072,R_10,4845.329,-1,0.030000000000654836,BACKFILL_AUTO
2026-06-18 22:01:14,1781820074,R_10,4845.327,-1,0.001999999999497959,BACKFILL_AUTO
2026-06-18 22:01:16,1781820076,R_10,4845.368,1,0.04100000000016735,BACKFILL_AUTO
2026-06-18 22:01:18,1781820078,R_10,4845.156,-1,0.21200000000044383,BACKFILL_AUTO
2026-06-18 22:01:20,1781820080,R_10,4844.902,-1,0.2539999999999054,BACKFILL_AUTO
2026-06-18 22:01:22,1781820082,R_10,4845.087,1,0.18500000000040018,BACKFILL_AUTO
2026-06-18 22:01:24,1781820084,R_10,4845.02,-1,0.06700000000000728,BACKFILL_AUTO
2026-06-18 22:01:26,1781820086,R_10,4845.01,-1,0.010000000000218279,BACKFILL_AUTO
2026-06-18 22:01:28,1781820088,R_10,4844.83,-1,0.18000000000029104,BACKFILL_AUTO
2026-06-18 22:01:30,1781820090,R_10,4844.803,-1,0.027000000000043656,BACKFILL_AUTO
2026-06-18 22:01:32,1781820092,R_10,4844.803,0,0.0,BACKFILL_AUTO
2026-06-18 22:01:34,1781820094,R_10,4844.843,1,0.03999999999996362,BACKFILL_AUTO
2026-06-18 22:01:36,1781820096,R_10,4844.888,1,0.04500000000007276,BACKFILL_AUTO
2026-06-18 22:01:38,1781820098,R_10,4844.812,-1,0.07600000000002183,BACKFILL_AUTO
2026-06-18 22:01:40,1781820100,R_10,4844.992,1,0.18000000000029104,BACKFILL_AUTO
2026-06-18 22:01:42,1781820102,R_10,4845.182,1,0.18999999999959982,BACKFILL_AUTO
2026-06-18 22:01:44,1781820104,R_10,4845.093,-1,0.08899999999994179,BACKFILL_AUTO
2026-06-18 22:01:46,1781820106,R_10,4845.202,1,0.10900000000037835,BACKFILL_AUTO
2026-06-18 22:01:48,1781820108,R_10,4845.246,1,0.04399999999986903,BACKFILL_AUTO
2026-06-18 22:01:50,1781820110,R_10,4845.32,1,0.07399999999961437,BACKFILL_AUTO
2026-06-18 22:01:52,1781820112,R_10,4845.575,1,0.25500000000010914,BACKFILL_AUTO
2026-06-18 22:01:54,1781820114,R_10,4845.625,1,0.0500000000001819,BACKFILL_AUTO
2026-06-18 22:01:56,1781820116,R_10,4845.672,1,0.04699999999957072,BACKFILL_AUTO
2026-06-18 22:01:58,1781820118,R_10,4845.893,1,0.22100000000045839,BACKFILL_AUTO
2026-06-18 22:02:00,1781820120,R_10,4845.719,-1,0.17399999999997817,BACKFILL_AUTO
2026-06-18 22:02:02,1781820122,R_10,4845.573,-1,0.1459999999997308,BACKFILL_AUTO
2026-06-18 22:02:04,1781820124,R_10,4845.638,1,0.06499999999959982,BACKFILL_AUTO
2026-06-18 22:02:06,1781820126,R_10,4845.677,1,0.03899999999975989,BACKFILL_AUTO
2026-06-18 22:02:08,1781820128,R_10,4845.797,1,0.11999999999989086,BACKFILL_AUTO
2026-06-18 22:02:10,1781820130,R_10,4845.676,-1,0.12099999999918509,BACKFILL_AUTO
2026-06-18 22:02:12,1781820132,R_10,4845.628,-1,0.04800000000068394,BACKFILL_AUTO
2026-06-18 22:02:14,1781820134,R_10,4845.737,1,0.10900000000037835,BACKFILL_AUTO
2026-06-18 22:02:16,1781820136,R_10,4845.797,1,0.05999999999949068,BACKFILL_AUTO
2026-06-18 22:02:18,1781820138,R_10,4845.633,-1,0.1639999999997599,BACKFILL_AUTO
2026-06-18 22:02:20,1781820140,R_10,4845.46,-1,0.17299999999977445,BACKFILL_AUTO
2026-06-18 22:02:22,1781820142,R_10,4845.602,1,0.14199999999982538,BACKFILL_AUTO
2026-06-18 22:02:24,1781820144,R_10,4845.615,1,0.012999999999919964,BACKFILL_AUTO
2026-06-18 22:02:26,1781820146,R_10,4845.723,1,0.10800000000017462,BACKFILL_AUTO
2026-06-18 22:02:28,1781820148,R_10,4845.725,1,0.0020000000004074536,BACKFILL_AUTO
2026-06-18 22:02:30,1781820150,R_10,4845.569,-1,0.15599999999994907,BACKFILL_AUTO
2026-06-18 22:02:32,1781820152,R_10,4845.743,1,0.17399999999997817,BACKFILL_AUTO
2026-06-18 22:02:34,1781820154,R_10,4845.688,-1,0.05500000000029104,BACKFILL_AUTO
2026-06-18 22:02:36,1781820156,R_10,4845.745,1,0.056999999999789,BACKFILL_AUTO
2026-06-18 22:02:38,1781820158,R_10,4845.738,-1,0.006999999999607098,BACKFILL_AUTO
2026-06-18 22:02:40,1781820160,R_10,4845.406,-1,0.3320000000003347,BACKFILL_AUTO
2026-06-18 22:02:42,1781820162,R_10,4845.435,1,0.02900000000045111,BACKFILL_AUTO
2026-06-18 22:02:44,1781820164,R_10,4845.661,1,0.22599999999965803,BACKFILL_AUTO
2026-06-18 22:02:46,1781820166,R_10,4845.749,1,0.08799999999973807,BACKFILL_AUTO
2026-06-18 22:02:48,1781820168,R_10,4845.841,1,0.09200000000055297,BACKFILL_AUTO
2026-06-18 22:02:50,1781820170,R_10,4845.879,1,0.03799999999955617,BACKFILL_AUTO
2026-06-18 22:02:52,1781820172,R_10,4845.881,1,0.0020000000004074536,BACKFILL_AUTO
2026-06-18 22:02:54,1781820174,R_10,4845.745,-1,0.136000000000422,BACKFILL_AUTO
2026-06-18 22:02:56,1781820176,R_10,4845.837,1,0.09200000000055297,BACKFILL_AUTO
2026-06-18 22:02:58,1781820178,R_10,4845.909,1,0.07199999999920692,BACKFILL_AUTO
2026-06-18 22:03:00,1781820180,R_10,4846.154,1,0.24500000000080036,BACKFILL_AUTO
2026-06-18 22:03:02,1781820182,R_10,4846.173,1,0.018999999999323336,BACKFILL_AUTO
2026-06-18 22:03:04,1781820184,R_10,4846.122,-1,0.05099999999947613,BACKFILL_AUTO
2026-06-18 22:03:06,1781820186,R_10,4846.059,-1,0.06300000000010186,BACKFILL_AUTO
2026-06-18 22:03:08,1781820188,R_10,4846.062,1,0.0029999999997016857,BACKFILL_AUTO
2026-06-18 22:03:10,1781820190,R_10,4845.961,-1,0.10099999999965803,BACKFILL_AUTO
2026-06-18 22:03:12,1781820192,R_10,4845.825,-1,0.136000000000422,BACKFILL_AUTO
2026-06-18 22:03:14,1781820194,R_10,4845.637,-1,0.18800000000010186,BACKFILL_AUTO
2026-06-18 22:03:16,1781820196,R_10,4845.631,-1,0.0059999999994033715,BACKFILL_AUTO
2026-06-18 22:03:18,1781820198,R_10,4845.522,-1,0.10900000000037835,BACKFILL_AUTO
2026-06-18 22:03:20,1781820200,R_10,4845.446,-1,0.07600000000002183,BACKFILL_AUTO
2026-06-18 22:03:22,1781820202,R_10,4845.413,-1,0.03300000000035652,BACKFILL_AUTO
2026-06-18 22:03:24,1781820204,R_10,4845.491,1,0.07800000000042928,BACKFILL_AUTO
2026-06-18 22:03:26,1781820206,R_10,4845.628,1,0.13699999999971624,BACKFILL_AUTO
2026-06-18 22:03:28,1781820208,R_10,4845.639,1,0.011000000000422006,BACKFILL_AUTO
2026-06-18 22:03:30,1781820210,R_10,4845.528,-1,0.11099999999987631,BACKFILL_AUTO
2026-06-18 22:03:32,1781820212,R_10,4845.636,1,0.10800000000017462,BACKFILL_AUTO
2026-06-18 22:03:34,1781820214,R_10,4845.78,1,0.14399999999932334,BACKFILL_AUTO
2026-06-18 22:03:36,1781820216,R_10,4845.852,1,0.07200000000011642,BACKFILL_AUTO
2026-06-18 22:03:38,1781820218,R_10,4845.818,-1,0.033999999999650754,BACKFILL_AUTO
2026-06-18 22:03:40,1781820220,R_10,4845.719,-1,0.09900000000016007,BACKFILL_AUTO
2026-06-18 22:03:42,1781820222,R_10,4845.753,1,0.033999999999650754,BACKFILL_AUTO
2026-06-18 22:03:44,1781820224,R_10,4845.682,-1,0.07099999999991269,BACKFILL_AUTO
2026-06-18 22:03:46,1781820226,R_10,4845.657,-1,0.024999999999636202,BACKFILL_AUTO
2026-06-18 22:03:48,1781820228,R_10,4845.612,-1,0.04500000000007276,BACKFILL_AUTO
2026-06-18 22:03:50,1781820230,R_10,4845.472,-1,0.14000000000032742,BACKFILL_AUTO
2026-06-18 22:03:52,1781820232,R_10,4845.525,1,0.052999999999883585,BACKFILL_AUTO
2026-06-18 22:03:54,1781820234,R_10,4845.677,1,0.15200000000004366,BACKFILL_AUTO
2026-06-18 22:03:56,1781820236,R_10,4845.672,-1,0.005000000000109139,BACKFILL_AUTO
2026-06-18 22:03:58,1781820238,R_10,4845.795,1,0.12300000000050204,BACKFILL_AUTO
2026-06-18 22:04:00,1781820240,R_10,4845.925,1,0.13000000000010914,BACKFILL_AUTO
2026-06-18 22:04:02,1781820242,R_10,4845.978,1,0.052999999999883585,BACKFILL_AUTO
2026-06-18 22:04:04,1781820244,R_10,4845.946,-1,0.032000000000152795,BACKFILL_AUTO
2026-06-18 22:04:06,1781820246,R_10,4846.08,1,0.13400000000001455,BACKFILL_AUTO
2026-06-18 22:04:08,1781820248,R_10,4845.999,-1,0.08100000000013097,BACKFILL_AUTO
2026-06-18 22:04:10,1781820250,R_10,4846.207,1,0.20800000000053842,BACKFILL_AUTO
2026-06-18 22:04:12,1781820252,R_10,4846.153,-1,0.05400000000008731,BACKFILL_AUTO
2026-06-18 22:04:14,1781820254,R_10,4846.032,-1,0.12100000000009459,BACKFILL_AUTO
2026-06-18 22:04:16,1781820256,R_10,4846.03,-1,0.0020000000004074536,BACKFILL_AUTO
2026-06-18 22:04:18,1781820258,R_10,4846.058,1,0.028000000000247383,BACKFILL_AUTO
2026-06-18 22:04:20,1781820260,R_10,4846.173,1,0.11499999999978172,BACKFILL_AUTO
2026-06-18 22:04:22,1781820262,R_10,4846.199,1,0.02599999999983993,BACKFILL_AUTO
2026-06-18 22:04:24,1781820264,R_10,4846.17,-1,0.028999999999541615,BACKFILL_AUTO
2026-06-18 22:04:26,1781820266,R_10,4846.137,-1,0.03300000000035652,BACKFILL_AUTO
2026-06-18 22:04:28,1781820268,R_10,4846.003,-1,0.13400000000001455,BACKFILL_AUTO
2026-06-18 22:04:30,1781820270,R_10,4846.063,1,0.06000000000040018,BACKFILL_AUTO
2026-06-18 22:04:32,1781820272,R_10,4845.997,-1,0.06599999999980355,BACKFILL_AUTO
2026-06-18 22:04:34,1781820274,R_10,4845.996,-1,0.0010000000002037268,BACKFILL_AUTO
2026-06-18 22:04:36,1781820276,R_10,4845.85,-1,0.1459999999997308,BACKFILL_AUTO
2026-06-18 22:04:38,1781820278,R_10,4845.811,-1,0.03900000000066939,BACKFILL_AUTO
2026-06-18 22:04:40,1781820280,R_10,4846.104,1,0.2930000000005748,BACKFILL_AUTO
2026-06-18 22:04:42,1781820282,R_10,4846.182,1,0.07799999999951979,BACKFILL_AUTO
2026-06-18 22:04:44,1781820284,R_10,4846.276,1,0.09400000000005093,BACKFILL_AUTO
2026-06-18 22:04:46,1781820286,R_10,4846.291,1,0.015000000000327418,BACKFILL_AUTO
2026-06-18 22:04:48,1781820288,R_10,4846.464,1,0.17299999999977445,BACKFILL_AUTO
2026-06-18 22:04:50,1781820290,R_10,4846.354,-1,0.10999999999967258,BACKFILL_AUTO
2026-06-18 22:04:52,1781820292,R_10,4846.395,1,0.04100000000016735,BACKFILL_AUTO
2026-06-18 22:04:54,1781820294,R_10,4846.283,-1,0.11200000000008004,BACKFILL_AUTO
2026-06-18 22:04:56,1781820296,R_10,4846.38,1,0.09699999999975262,BACKFILL_AUTO
2026-06-18 22:04:58,1781820298,R_10,4846.511,1,0.13100000000031287,BACKFILL_AUTO
2026-06-18 22:05:00,1781820300,R_10,4846.284,-1,0.22700000000077125,BACKFILL_AUTO
2026-06-18 22:05:02,1781820302,R_10,4846.403,1,0.11900000000059663,BACKFILL_AUTO
2026-06-18 22:05:04,1781820304,R_10,4846.563,1,0.15999999999985448,BACKFILL_AUTO
2026-06-18 22:05:06,1781820306,R_10,4846.714,1,0.15099999999983993,BACKFILL_AUTO
2026-06-18 22:05:08,1781820308,R_10,4846.457,-1,0.2569999999996071,BACKFILL_AUTO
2026-06-18 22:05:10,1781820310,R_10,4846.453,-1,0.0039999999999054126,BACKFILL_AUTO
2026-06-18 22:05:12,1781820312,R_10,4846.181,-1,0.272000000000844,BACKFILL_AUTO
2026-06-18 22:05:14,1781820314,R_10,4846.242,1,0.061000000000603904,BACKFILL_AUTO
2026-06-18 22:05:16,1781820316,R_10,4846.39,1,0.14800000000013824,BACKFILL_AUTO
2026-06-18 22:05:18,1781820318,R_10,4846.461,1,0.07099999999991269,BACKFILL_AUTO
2026-06-18 22:05:20,1781820320,R_10,4846.359,-1,0.10199999999986176,BACKFILL_AUTO
2026-06-18 22:05:22,1781820322,R_10,4846.393,1,0.033999999999650754,BACKFILL_AUTO
2026-06-18 22:05:24,1781820324,R_10,4846.549,1,0.15599999999994907,BACKFILL_AUTO
2026-06-18 22:05:26,1781820326,R_10,4846.38,-1,0.16899999999986903,BACKFILL_AUTO
2026-06-18 22:05:28,1781820328,R_10,4846.257,-1,0.12300000000050204,BACKFILL_AUTO
2026-06-18 22:05:30,1781820330,R_10,4846.306,1,0.04899999999997817,BACKFILL_AUTO
2026-06-18 22:05:32,1781820332,R_10,4846.417,1,0.1110000000007858,BACKFILL_AUTO
2026-06-18 22:05:34,1781820334,R_10,4846.266,-1,0.15100000000074942,BACKFILL_AUTO
2026-06-18 22:05:36,1781820336,R_10,4846.058,-1,0.20799999999962893,BACKFILL_AUTO
2026-06-18 22:05:38,1781820338,R_10,4846.22,1,0.16200000000026193,BACKFILL_AUTO
2026-06-18 22:05:40,1781820340,R_10,4846.105,-1,0.11500000000069122,BACKFILL_AUTO
2026-06-18 22:05:42,1781820342,R_10,4846.201,1,0.09600000000045839,BACKFILL_AUTO
2026-06-18 22:05:44,1781820344,R_10,4846.019,-1,0.181999999999789,BACKFILL_AUTO
2026-06-18 22:05:46,1781820346,R_10,4846.085,1,0.06599999999980355,BACKFILL_AUTO
2026-06-18 22:05:48,1781820348,R_10,4846.08,-1,0.005000000000109139,BACKFILL_AUTO
2026-06-18 22:05:50,1781820350,R_10,4846.061,-1,0.01900000000023283,BACKFILL_AUTO
2026-06-18 22:05:52,1781820352,R_10,4846.048,-1,0.012999999999919964,BACKFILL_AUTO
2026-06-18 22:05:54,1781820354,R_10,4846.05,1,0.0020000000004074536,BACKFILL_AUTO
2026-06-18 22:05:56,1781820356,R_10,4846.083,1,0.03299999999944703,BACKFILL_AUTO
2026-06-18 22:05:58,1781820358,R_10,4846.038,-1,0.04500000000007276,BACKFILL_AUTO
2026-06-18 22:06:00,1781820360,R_10,4845.874,-1,0.1639999999997599,BACKFILL_AUTO
2026-06-18 22:06:02,1781820362,R_10,4845.953,1,0.07900000000063301,BACKFILL_AUTO
2026-06-18 22:06:04,1781820364,R_10,4846.056,1,0.10299999999915599,BACKFILL_AUTO
2026-06-18 22:06:06,1781820366,R_10,4846.228,1,0.1720000000004802,BACKFILL_AUTO
2026-06-18 22:06:08,1781820368,R_10,4846.278,1,0.0500000000001819,BACKFILL_AUTO
2026-06-18 22:06:10,1781820370,R_10,4846.353,1,0.0749999999998181,BACKFILL_AUTO
2026-06-18 22:06:12,1781820372,R_10,4846.157,-1,0.1959999999999127,BACKFILL_AUTO
2026-06-18 22:06:14,1781820374,R_10,4845.887,-1,0.27000000000043656,BACKFILL_AUTO
2026-06-18 22:06:16,1781820376,R_10,4845.814,-1,0.07299999999941065,BACKFILL_AUTO
2026-06-18 22:06:18,1781820378,R_10,4845.947,1,0.13299999999981083,BACKFILL_AUTO
2026-06-18 22:06:20,1781820380,R_10,4845.717,-1,0.23000000000047294,BACKFILL_AUTO
2026-06-18 22:06:22,1781820382,R_10,4845.811,1,0.09400000000005093,BACKFILL_AUTO
2026-06-18 22:06:24,1781820384,R_10,4846.02,1,0.20900000000074215,BACKFILL_AUTO
2026-06-18 22:06:26,1781820386,R_10,4846.009,-1,0.011000000000422006,BACKFILL_AUTO
2026-06-18 22:06:28,1781820388,R_10,4846.017,1,0.007999999999810825,BACKFILL_AUTO
2026-06-18 22:06:30,1781820390,R_10,4845.922,-1,0.09500000000025466,BACKFILL_AUTO
2026-06-18 22:06:32,1781820392,R_10,4845.979,1,0.05700000000069849,BACKFILL_AUTO
2026-06-18 22:06:34,1781820394,R_10,4845.933,-1,0.046000000000276486,BACKFILL_AUTO
2026-06-18 22:06:36,1781820396,R_10,4845.863,-1,0.06999999999970896,BACKFILL_AUTO
2026-06-18 22:06:38,1781820398,R_10,4845.85,-1,0.012999999999919964,BACKFILL_AUTO
2026-06-18 22:06:40,1781820400,R_10,4845.877,1,0.027000000000043656,BACKFILL_AUTO
2026-06-18 22:06:42,1781820402,R_10,4845.893,1,0.01599999999962165,BACKFILL_AUTO
2026-06-18 22:06:44,1781820404,R_10,4845.896,1,0.0029999999997016857,BACKFILL_AUTO
2026-06-18 22:06:46,1781820406,R_10,4846.029,1,0.13300000000072032,BACKFILL_AUTO
2026-06-18 22:06:48,1781820408,R_10,4846.186,1,0.1569999999992433,BACKFILL_AUTO
2026-06-18 22:06:50,1781820410,R_10,4846.27,1,0.08400000000074215,BACKFILL_AUTO
2026-06-18 22:06:52,1781820412,R_10,4846.209,-1,0.061000000000603904,BACKFILL_AUTO
2026-06-18 22:06:54,1781820414,R_10,4846.253,1,0.04399999999986903,BACKFILL_AUTO
2026-06-18 22:06:56,1781820416,R_10,4846.125,-1,0.12799999999970169,BACKFILL_AUTO
2026-06-18 22:06:58,1781820418,R_10,4846.062,-1,0.06300000000010186,BACKFILL_AUTO
2026-06-18 22:07:00,1781820420,R_10,4846.211,1,0.14900000000034197,BACKFILL_AUTO
2026-06-18 22:07:02,1781820422,R_10,4846.423,1,0.21199999999953434,BACKFILL_AUTO
2026-06-18 22:07:04,1781820424,R_10,4846.574,1,0.15099999999983993,BACKFILL_AUTO
2026-06-18 22:07:06,1781820426,R_10,4846.323,-1,0.25099999999929423,BACKFILL_AUTO
2026-06-18 22:07:08,1781820428,R_10,4846.43,1,0.1069999999999709,BACKFILL_AUTO
2026-06-18 22:07:10,1781820430,R_10,4846.481,1,0.05099999999947613,BACKFILL_AUTO
2026-06-18 22:07:12,1781820432,R_10,4846.462,-1,0.018999999999323336,BACKFILL_AUTO
2026-06-18 22:07:14,1781820434,R_10,4846.495,1,0.03299999999944703,BACKFILL_AUTO
2026-06-18 22:07:16,1781820436,R_10,4846.448,-1,0.04699999999957072,BACKFILL_AUTO
2026-06-18 22:07:18,1781820438,R_10,4846.416,-1,0.032000000000152795,BACKFILL_AUTO
2026-06-18 22:07:20,1781820440,R_10,4846.316,-1,0.1000000000003638,BACKFILL_AUTO
2026-06-18 22:07:22,1781820442,R_10,4846.21,-1,0.10599999999976717,BACKFILL_AUTO
2026-06-18 22:07:24,1781820444,R_10,4846.055,-1,0.15499999999974534,BACKFILL_AUTO
2026-06-18 22:07:26,1781820446,R_10,4846.112,1,0.056999999999789,BACKFILL_AUTO
2026-06-18 22:07:28,1781820448,R_10,4846.17,1,0.057999999999992724,BACKFILL_AUTO
2026-06-18 22:07:30,1781820450,R_10,4846.251,1,0.08100000000013097,BACKFILL_AUTO
2026-06-18 22:07:32,1781820452,R_10,4846.238,-1,0.012999999999919964,BACKFILL_AUTO
2026-06-18 22:07:34,1781820454,R_10,4846.031,-1,0.2070000000003347,BACKFILL_AUTO
2026-06-18 22:07:36,1781820456,R_10,4845.924,-1,0.1069999999999709,BACKFILL_AUTO
2026-06-18 22:07:38,1781820458,R_10,4846.058,1,0.13400000000001455,BACKFILL_AUTO
2026-06-18 22:07:40,1781820460,R_10,4846.099,1,0.04100000000016735,BACKFILL_AUTO
2026-06-18 22:07:42,1781820462,R_10,4846.019,-1,0.07999999999992724,BACKFILL_AUTO
2026-06-18 22:07:44,1781820464,R_10,4845.946,-1,0.07300000000032014,BACKFILL_AUTO
2026-06-18 22:07:46,1781820466,R_10,4846.087,1,0.14100000000053114,BACKFILL_AUTO
2026-06-18 22:07:48,1781820468,R_10,4846.214,1,0.12699999999949796,BACKFILL_AUTO
2026-06-18 22:07:50,1781820470,R_10,4846.226,1,0.011999999999716238,BACKFILL_AUTO
2026-06-18 22:07:52,1781820472,R_10,4846.034,-1,0.19200000000000728,BACKFILL_AUTO
2026-06-18 22:07:54,1781820474,R_10,4846.024,-1,0.009999999999308784,BACKFILL_AUTO
2026-06-18 22:07:56,1781820476,R_10,4845.943,-1,0.08100000000013097,BACKFILL_AUTO
2026-06-18 22:07:58,1781820478,R_10,4846.068,1,0.125,BACKFILL_AUTO
2026-06-18 22:08:00,1781820480,R_10,4846.067,-1,0.0010000000002037268,BACKFILL_AUTO
2026-06-18 22:08:02,1781820482,R_10,4846.009,-1,0.057999999999992724,BACKFILL_AUTO
2026-06-18 22:08:04,1781820484,R_10,4845.976,-1,0.03300000000035652,BACKFILL_AUTO
2026-06-18 22:08:06,1781820486,R_10,4845.732,-1,0.24399999999968713,BACKFILL_AUTO
2026-06-18 22:08:08,1781820488,R_10,4845.852,1,0.11999999999989086,BACKFILL_AUTO
2026-06-18 22:08:10,1781820490,R_10,4845.714,-1,0.13799999999991996,BACKFILL_AUTO
2026-06-18 22:08:12,1781820492,R_10,4845.677,-1,0.037000000000261934,BACKFILL_AUTO
2026-06-18 22:08:14,1781820494,R_10,4845.853,1,0.17600000000038563,BACKFILL_AUTO
2026-06-18 22:08:16,1781820496,R_10,4845.924,1,0.07099999999991269,BACKFILL_AUTO
2026-06-18 22:08:18,1781820498,R_10,4845.587,-1,0.33699999999953434,BACKFILL_AUTO
2026-06-18 22:08:20,1781820500,R_10,4845.697,1,0.10999999999967258,BACKFILL_AUTO
2026-06-18 22:08:22,1781820502,R_10,4845.639,-1,0.057999999999992724,BACKFILL_AUTO
2026-06-18 22:08:24,1781820504,R_10,4845.664,1,0.024999999999636202,BACKFILL_AUTO
2026-06-18 22:08:26,1781820506,R_10,4845.646,-1,0.018000000000029104,BACKFILL_AUTO
2026-06-18 22:08:28,1781820508,R_10,4845.756,1,0.11000000000058208,BACKFILL_AUTO
2026-06-18 22:08:30,1781820510,R_10,4845.689,-1,0.06700000000000728,BACKFILL_AUTO
2026-06-18 22:08:32,1781820512,R_10,4845.706,1,0.016999999999825377,BACKFILL_AUTO
2026-06-18 22:08:34,1781820514,R_10,4845.396,-1,0.3100000000004002,BACKFILL_AUTO
2026-06-18 22:08:36,1781820516,R_10,4845.541,1,0.14500000000043656,BACKFILL_AUTO
2026-06-18 22:08:38,1781820518,R_10,4845.522,-1,0.01900000000023283,BACKFILL_AUTO
2026-06-18 22:08:40,1781820520,R_10,4845.588,1,0.06599999999980355,BACKFILL_AUTO
2026-06-18 22:08:42,1781820522,R_10,4845.597,1,0.009000000000014552,BACKFILL_AUTO
2026-06-18 22:08:44,1781820524,R_10,4845.254,-1,0.3429999999998472,BACKFILL_AUTO
2026-06-18 22:08:46,1781820526,R_10,4844.921,-1,0.3329999999996289,BACKFILL_AUTO
2026-06-18 22:08:48,1781820528,R_10,4844.903,-1,0.018000000000029104,BACKFILL_AUTO
2026-06-18 22:08:50,1781820530,R_10,4844.886,-1,0.016999999999825377,BACKFILL_AUTO
2026-06-18 22:08:52,1781820532,R_10,4844.972,1,0.08599999999933061,BACKFILL_AUTO
2026-06-18 22:08:54,1781820534,R_10,4845.059,1,0.08700000000044383,BACKFILL_AUTO
2026-06-18 22:08:56,1781820536,R_10,4845.171,1,0.11200000000008004,BACKFILL_AUTO
2026-06-18 22:08:58,1781820538,R_10,4845.359,1,0.18800000000010186,BACKFILL_AUTO
2026-06-18 22:09:00,1781820540,R_10,4845.55,1,0.19099999999980355,BACKFILL_AUTO
2026-06-18 22:09:02,1781820542,R_10,4845.478,-1,0.07200000000011642,BACKFILL_AUTO
2026-06-18 22:09:04,1781820544,R_10,4845.67,1,0.19200000000000728,BACKFILL_AUTO
2026-06-18 22:09:06,1781820546,R_10,4845.804,1,0.13400000000001455,BACKFILL_AUTO
2026-06-18 22:09:08,1781820548,R_10,4845.823,1,0.01900000000023283,BACKFILL_AUTO
2026-06-18 22:09:10,1781820550,R_10,4845.796,-1,0.027000000000043656,BACKFILL_AUTO
2026-06-18 22:09:12,1781820552,R_10,4845.838,1,0.04199999999946158,BACKFILL_AUTO
2026-06-18 22:09:14,1781820554,R_10,4845.78,-1,0.057999999999992724,BACKFILL_AUTO
2026-06-18 22:09:16,1781820556,R_10,4845.83,1,0.0500000000001819,BACKFILL_AUTO
2026-06-18 22:09:18,1781820558,R_10,4845.942,1,0.11200000000008004,BACKFILL_AUTO
2026-06-18 22:09:20,1781820560,R_10,4846.034,1,0.09199999999964348,BACKFILL_AUTO
2026-06-18 22:09:22,1781820562,R_10,4846.051,1,0.01700000000073487,BACKFILL_AUTO
2026-06-18 22:09:24,1781820564,R_10,4845.969,-1,0.0820000000003347,BACKFILL_AUTO
2026-06-18 22:09:26,1781820566,R_10,4846.002,1,0.03300000000035652,BACKFILL_AUTO
2026-06-18 22:09:28,1781820568,R_10,4845.83,-1,0.1720000000004802,BACKFILL_AUTO
2026-06-18 22:09:30,1781820570,R_10,4845.919,1,0.08899999999994179,BACKFILL_AUTO
2026-06-18 22:09:32,1781820572,R_10,4846.029,1,0.11000000000058208,BACKFILL_AUTO
2026-06-18 22:09:34,1781820574,R_10,4846.045,1,0.01599999999962165,BACKFILL_AUTO
2026-06-18 22:09:36,1781820576,R_10,4845.95,-1,0.09500000000025466,BACKFILL_AUTO
2026-06-18 22:09:38,1781820578,R_10,4846.006,1,0.056000000000494765,BACKFILL_AUTO
2026-06-18 22:09:40,1781820580,R_10,4846.133,1,0.12699999999949796,BACKFILL_AUTO
2026-06-18 22:09:42,1781820582,R_10,4846.019,-1,0.113999999999578,BACKFILL_AUTO
2026-06-18 22:09:44,1781820584,R_10,4846.077,1,0.057999999999992724,BACKFILL_AUTO
2026-06-18 22:09:46,1781820586,R_10,4846.034,-1,0.0430000000005748,BACKFILL_AUTO
2026-06-18 22:09:48,1781820588,R_10,4845.887,-1,0.14699999999993452,BACKFILL_AUTO
2026-06-18 22:09:50,1781820590,R_10,4845.754,-1,0.13299999999981083,BACKFILL_AUTO
2026-06-18 22:09:52,1781820592,R_10,4845.602,-1,0.15200000000004366,BACKFILL_AUTO
2026-06-18 22:09:54,1781820594,R_10,4845.769,1,0.16700000000037107,BACKFILL_AUTO
2026-06-18 22:09:56,1781820596,R_10,4845.652,-1,0.11700000000018917,BACKFILL_AUTO
2026-06-18 22:09:58,1781820598,R_10,4845.641,-1,0.011000000000422006,BACKFILL_AUTO
2026-06-18 22:10:00,1781820600,R_10,4845.658,1,0.01700000000073487,BACKFILL_AUTO
2026-06-18 22:10:02,1781820602,R_10,4845.802,1,0.14399999999932334,BACKFILL_AUTO
2026-06-18 22:10:04,1781820604,R_10,4845.834,1,0.032000000000152795,BACKFILL_AUTO
2026-06-18 22:10:06,1781820606,R_10,4845.804,-1,0.02999999999974534,BACKFILL_AUTO
2026-06-18 22:10:08,1781820608,R_10,4845.653,-1,0.15099999999983993,BACKFILL_AUTO
2026-06-18 22:10:10,1781820610,R_10,4845.671,1,0.018000000000029104,BACKFILL_AUTO
2026-06-18 22:10:12,1781820612,R_10,4845.717,1,0.04599999999936699,BACKFILL_AUTO
2026-06-18 22:10:14,1781820614,R_10,4845.419,-1,0.29799999999977445,BACKFILL_AUTO
2026-06-18 22:10:16,1781820616,R_10,4845.566,1,0.14699999999993452,BACKFILL_AUTO
2026-06-18 22:10:18,1781820618,R_10,4845.731,1,0.16499999999996362,BACKFILL_AUTO
2026-06-18 22:10:20,1781820620,R_10,4845.545,-1,0.1859999999996944,BACKFILL_AUTO
2026-06-18 22:10:22,1781820622,R_10,4845.715,1,0.17000000000007276,BACKFILL_AUTO
2026-06-18 22:10:24,1781820624,R_10,4845.349,-1,0.36599999999998545,BACKFILL_AUTO
2026-06-18 22:10:26,1781820626,R_10,4845.327,-1,0.021999999999934516,BACKFILL_AUTO
2026-06-18 22:10:28,1781820628,R_10,4845.146,-1,0.18100000000049477,BACKFILL_AUTO
2026-06-18 22:10:30,1781820630,R_10,4844.993,-1,0.1529999999993379,BACKFILL_AUTO
2026-06-18 22:10:32,1781820632,R_10,4845.152,1,0.15899999999965075,BACKFILL_AUTO
2026-06-18 22:10:34,1781820634,R_10,4845.141,-1,0.011000000000422006,BACKFILL_AUTO
2026-06-18 22:10:36,1781820636,R_10,4845.054,-1,0.08699999999953434,BACKFILL_AUTO
2026-06-18 22:10:38,1781820638,R_10,4844.943,-1,0.11099999999987631,BACKFILL_AUTO
2026-06-18 22:10:40,1781820640,R_10,4845.065,1,0.12199999999938882,BACKFILL_AUTO
2026-06-18 22:10:42,1781820642,R_10,4845.103,1,0.03800000000046566,BACKFILL_AUTO
2026-06-18 22:10:44,1781820644,R_10,4845.031,-1,0.07200000000011642,BACKFILL_AUTO
2026-06-18 22:10:46,1781820646,R_10,4845.209,1,0.17799999999988358,BACKFILL_AUTO
2026-06-18 22:10:48,1781820648,R_10,4845.31,1,0.10100000000056752,BACKFILL_AUTO
2026-06-18 22:10:50,1781820650,R_10,4845.308,-1,0.0020000000004074536,BACKFILL_AUTO
2026-06-18 22:10:52,1781820652,R_10,4845.244,-1,0.06400000000030559,BACKFILL_AUTO
2026-06-18 22:10:54,1781820654,R_10,4845.297,1,0.052999999999883585,BACKFILL_AUTO
2026-06-18 22:10:56,1781820656,R_10,4845.389,1,0.09200000000055297,BACKFILL_AUTO
2026-06-18 22:10:58,1781820658,R_10,4845.398,1,0.009000000000014552,BACKFILL_AUTO
2026-06-18 22:11:00,1781820660,R_10,4845.371,-1,0.027000000000043656,BACKFILL_AUTO
2026-06-18 22:11:02,1781820662,R_10,4845.338,-1,0.03300000000035652,BACKFILL_AUTO
2026-06-18 22:11:04,1781820664,R_10,4845.623,1,0.2849999999998545,BACKFILL_AUTO
2026-06-18 22:11:06,1781820666,R_10,4845.517,-1,0.10599999999976717,BACKFILL_AUTO
2026-06-18 22:11:08,1781820668,R_10,4845.455,-1,0.06199999999989814,BACKFILL_AUTO
2026-06-18 22:11:10,1781820670,R_10,4845.315,-1,0.14000000000032742,BACKFILL_AUTO
2026-06-18 22:11:12,1781820672,R_10,4845.391,1,0.07600000000002183,BACKFILL_AUTO
2026-06-18 22:11:14,1781820674,R_10,4845.252,-1,0.1389999999992142,BACKFILL_AUTO
2026-06-18 22:11:16,1781820676,R_10,4845.405,1,0.1529999999993379,BACKFILL_AUTO
2026-06-18 22:11:18,1781820678,R_10,4845.469,1,0.06400000000030559,BACKFILL_AUTO
2026-06-18 22:11:20,1781820680,R_10,4845.304,-1,0.16499999999996362,BACKFILL_AUTO
2026-06-18 22:11:22,1781820682,R_10,4845.19,-1,0.11400000000048749,BACKFILL_AUTO
2026-06-18 22:11:24,1781820684,R_10,4845.317,1,0.12700000000040745,BACKFILL_AUTO
2026-06-18 22:11:26,1781820686,R_10,4845.238,-1,0.07899999999972351,BACKFILL_AUTO
2026-06-18 22:11:28,1781820688,R_10,4845.266,1,0.027999999999337888,BACKFILL_AUTO
2026-06-18 22:11:30,1781820690,R_10,4845.246,-1,0.019999999999527063,BACKFILL_AUTO
2026-06-18 22:11:32,1781820692,R_10,4845.169,-1,0.07700000000022555,BACKFILL_AUTO
2026-06-18 22:11:34,1781820694,R_10,4845.085,-1,0.08399999999983265,BACKFILL_AUTO
2026-06-18 22:11:36,1781820696,R_10,4845.015,-1,0.06999999999970896,BACKFILL_AUTO
2026-06-18 22:11:38,1781820698,R_10,4845.171,1,0.15599999999994907,BACKFILL_AUTO
2026-06-18 22:11:40,1781820700,R_10,4845.218,1,0.04699999999957072,BACKFILL_AUTO
2026-06-18 22:11:42,1781820702,R_10,4845.259,1,0.04100000000016735,BACKFILL_AUTO
2026-06-18 22:11:44,1781820704,R_10,4845.448,1,0.1890000000003056,BACKFILL_AUTO
2026-06-18 22:11:46,1781820706,R_10,4845.408,-1,0.03999999999996362,BACKFILL_AUTO
2026-06-18 22:11:48,1781820708,R_10,4845.367,-1,0.04100000000016735,BACKFILL_AUTO
2026-06-18 22:11:50,1781820710,R_10,4845.252,-1,0.11499999999978172,BACKFILL_AUTO
2026-06-18 22:11:52,1781820712,R_10,4845.284,1,0.0319999999992433,BACKFILL_AUTO
2026-06-18 22:11:54,1781820714,R_10,4845.421,1,0.13700000000062573,BACKFILL_AUTO
2026-06-18 22:11:56,1781820716,R_10,4845.406,-1,0.015000000000327418,BACKFILL_AUTO
2026-06-18 22:11:58,1781820718,R_10,4845.505,1,0.09900000000016007,BACKFILL_AUTO
2026-06-18 22:12:00,1781820720,R_10,4845.851,1,0.3459999999995489,BACKFILL_AUTO
2026-06-18 22:12:02,1781820722,R_10,4845.901,1,0.0500000000001819,BACKFILL_AUTO
2026-06-18 22:12:04,1781820724,R_10,4845.773,-1,0.12799999999970169,BACKFILL_AUTO
2026-06-18 22:12:06,1781820726,R_10,4845.705,-1,0.068000000000211,BACKFILL_AUTO
2026-06-18 22:12:08,1781820728,R_10,4845.55,-1,0.15499999999974534,BACKFILL_AUTO
2026-06-18 22:12:10,1781820730,R_10,4845.525,-1,0.025000000000545697,BACKFILL_AUTO
2026-06-18 22:12:12,1781820732,R_10,4845.607,1,0.0820000000003347,BACKFILL_AUTO
2026-06-18 22:12:14,1781820734,R_10,4845.906,1,0.29899999999997817,BACKFILL_AUTO
2026-06-18 22:12:16,1781820736,R_10,4845.795,-1,0.11099999999987631,BACKFILL_AUTO
2026-06-18 22:12:18,1781820738,R_10,4845.855,1,0.05999999999949068,BACKFILL_AUTO
2026-06-18 22:12:20,1781820740,R_10,4845.924,1,0.06900000000041473,BACKFILL_AUTO
2026-06-18 22:12:22,1781820742,R_10,4846.043,1,0.11899999999968713,BACKFILL_AUTO
2026-06-18 22:12:24,1781820744,R_10,4846.067,1,0.02400000000034197,BACKFILL_AUTO
2026-06-18 22:12:26,1781820746,R_10,4846.108,1,0.04100000000016735,BACKFILL_AUTO
2026-06-18 22:12:28,1781820748,R_10,4846.063,-1,0.04500000000007276,BACKFILL_AUTO
2026-06-18 22:12:30,1781820750,R_10,4845.939,-1,0.12399999999979627,BACKFILL_AUTO
2026-06-18 22:12:32,1781820752,R_10,4845.873,-1,0.06600000000071304,BACKFILL_AUTO
2026-06-18 22:12:34,1781820754,R_10,4845.675,-1,0.19799999999941065,BACKFILL_AUTO
2026-06-18 22:12:36,1781820756,R_10,4845.399,-1,0.27599999999983993,BACKFILL_AUTO
2026-06-18 22:12:38,1781820758,R_10,4845.479,1,0.07999999999992724,BACKFILL_AUTO
2026-06-18 22:12:40,1781820760,R_10,4845.736,1,0.2569999999996071,BACKFILL_AUTO
2026-06-18 22:12:42,1781820762,R_10,4845.833,1,0.09699999999975262,BACKFILL_AUTO
2026-06-18 22:12:44,1781820764,R_10,4846.009,1,0.17600000000038563,BACKFILL_AUTO
2026-06-18 22:12:46,1781820766,R_10,4846.057,1,0.047999999999774445,BACKFILL_AUTO
2026-06-18 22:12:48,1781820768,R_10,4846.065,1,0.007999999999810825,BACKFILL_AUTO
2026-06-18 22:12:50,1781820770,R_10,4846.172,1,0.1069999999999709,BACKFILL_AUTO
2026-06-18 22:12:52,1781820772,R_10,4845.99,-1,0.181999999999789,BACKFILL_AUTO
2026-06-18 22:12:54,1781820774,R_10,4846.115,1,0.125,BACKFILL_AUTO
2026-06-18 22:12:56,1781820776,R_10,4846.19,1,0.0749999999998181,BACKFILL_AUTO
2026-06-18 22:12:58,1781820778,R_10,4846.305,1,0.11500000000069122,BACKFILL_AUTO
2026-06-18 22:13:00,1781820780,R_10,4846.441,1,0.1359999999995125,BACKFILL_AUTO
2026-06-18 22:13:02,1781820782,R_10,4846.277,-1,0.1639999999997599,BACKFILL_AUTO
2026-06-18 22:13:04,1781820784,R_10,4846.335,1,0.057999999999992724,BACKFILL_AUTO
2026-06-18 22:13:06,1781820786,R_10,4846.162,-1,0.17299999999977445,BACKFILL_AUTO
2026-06-18 22:13:08,1781820788,R_10,4846.117,-1,0.04500000000007276,BACKFILL_AUTO
2026-06-18 22:13:10,1781820790,R_10,4846.094,-1,0.023000000000138243,BACKFILL_AUTO
2026-06-18 22:13:12,1781820792,R_10,4846.08,-1,0.014000000000123691,BACKFILL_AUTO
2026-06-18 22:13:14,1781820794,R_10,4846.178,1,0.09799999999995634,BACKFILL_AUTO
2026-06-18 22:13:16,1781820796,R_10,4846.11,-1,0.068000000000211,BACKFILL_AUTO
2026-06-18 22:13:18,1781820798,R_10,4846.233,1,0.12300000000050204,BACKFILL_AUTO
2026-06-18 22:13:20,1781820800,R_10,4846.065,-1,0.1680000000005748,BACKFILL_AUTO
2026-06-18 22:13:22,1781820802,R_10,4846.045,-1,0.019999999999527063,BACKFILL_AUTO
2026-06-18 22:13:24,1781820804,R_10,4846.1,1,0.05500000000029104,BACKFILL_AUTO
2026-06-18 22:13:26,1781820806,R_10,4845.972,-1,0.12800000000061118,BACKFILL_AUTO
2026-06-18 22:13:28,1781820808,R_10,4845.983,1,0.011000000000422006,BACKFILL_AUTO
2026-06-18 22:13:30,1781820810,R_10,4845.995,1,0.011999999999716238,BACKFILL_AUTO
2026-06-18 22:13:32,1781820812,R_10,4845.976,-1,0.01900000000023283,BACKFILL_AUTO
2026-06-18 22:13:34,1781820814,R_10,4846.033,1,0.05700000000069849,BACKFILL_AUTO
2026-06-18 22:13:36,1781820816,R_10,4846.306,1,0.27299999999922875,BACKFILL_AUTO
2026-06-18 22:13:38,1781820818,R_10,4846.346,1,0.03999999999996362,BACKFILL_AUTO
2026-06-18 22:13:40,1781820820,R_10,4846.486,1,0.14000000000032742,BACKFILL_AUTO
2026-06-18 22:13:42,1781820822,R_10,4846.644,1,0.15800000000035652,BACKFILL_AUTO
2026-06-18 22:13:44,1781820824,R_10,4846.73,1,0.08599999999933061,BACKFILL_AUTO
2026-06-18 22:13:46,1781820826,R_10,4846.8,1,0.07000000000061846,BACKFILL_AUTO
2026-06-18 22:13:48,1781820828,R_10,4846.792,-1,0.007999999999810825,BACKFILL_AUTO
2026-06-18 22:13:50,1781820830,R_10,4846.676,-1,0.11599999999998545,BACKFILL_AUTO
2026-06-18 22:13:52,1781820832,R_10,4846.615,-1,0.061000000000603904,BACKFILL_AUTO
2026-06-18 22:13:54,1781820834,R_10,4846.708,1,0.0929999999998472,BACKFILL_AUTO
2026-06-18 22:13:56,1781820836,R_10,4846.893,1,0.18500000000040018,BACKFILL_AUTO
2026-06-18 22:13:58,1781820838,R_10,4847.0,1,0.1069999999999709,BACKFILL_AUTO
2026-06-18 22:14:00,1781820840,R_10,4846.927,-1,0.07300000000032014,BACKFILL_AUTO
2026-06-18 22:14:02,1781820842,R_10,4846.967,1,0.03999999999996362,BACKFILL_AUTO
2026-06-18 22:14:04,1781820844,R_10,4847.107,1,0.14000000000032742,BACKFILL_AUTO
2026-06-18 22:14:06,1781820846,R_10,4847.109,1,0.0020000000004074536,BACKFILL_AUTO
2026-06-18 22:14:08,1781820848,R_10,4847.165,1,0.05599999999958527,BACKFILL_AUTO
2026-06-18 22:14:10,1781820850,R_10,4847.061,-1,0.10400000000026921,BACKFILL_AUTO
2026-06-18 22:14:12,1781820852,R_10,4846.988,-1,0.07299999999941065,BACKFILL_AUTO
2026-06-18 22:14:14,1781820854,R_10,4846.779,-1,0.20899999999983265,BACKFILL_AUTO
2026-06-18 22:14:16,1781820856,R_10,4846.858,1,0.07899999999972351,BACKFILL_AUTO
2026-06-18 22:14:18,1781820858,R_10,4846.961,1,0.10300000000006548,BACKFILL_AUTO
2026-06-18 22:14:20,1781820860,R_10,4846.792,-1,0.16899999999986903,BACKFILL_AUTO
2026-06-18 22:14:22,1781820862,R_10,4846.903,1,0.11099999999987631,BACKFILL_AUTO
2026-06-18 22:14:24,1781820864,R_10,4846.679,-1,0.22400000000016007,BACKFILL_AUTO
2026-06-18 22:14:26,1781820866,R_10,4846.683,1,0.0039999999999054126,BACKFILL_AUTO
2026-06-18 22:14:28,1781820868,R_10,4846.788,1,0.10499999999956344,BACKFILL_AUTO
2026-06-18 22:14:30,1781820870,R_10,4846.952,1,0.1640000000006694,BACKFILL_AUTO
2026-06-18 22:14:32,1781820872,R_10,4846.718,-1,0.23400000000037835,BACKFILL_AUTO
2026-06-18 22:14:34,1781820874,R_10,4846.642,-1,0.07600000000002183,BACKFILL_AUTO
2026-06-18 22:14:36,1781820876,R_10,4846.777,1,0.13500000000021828,BACKFILL_AUTO
2026-06-18 22:14:38,1781820878,R_10,4846.827,1,0.0500000000001819,BACKFILL_AUTO
2026-06-18 22:14:40,1781820880,R_10,4846.718,-1,0.10900000000037835,BACKFILL_AUTO
2026-06-18 22:14:42,1781820882,R_10,4846.716,-1,0.001999999999497959,BACKFILL_AUTO
2026-06-18 22:14:44,1781820884,R_10,4846.642,-1,0.07400000000052387,BACKFILL_AUTO
2026-06-18 22:14:46,1781820886,R_10,4846.641,-1,0.0010000000002037268,BACKFILL_AUTO
2026-06-18 22:14:48,1781820888,R_10,4846.769,1,0.12800000000061118,BACKFILL_AUTO
2026-06-18 22:14:50,1781820890,R_10,4846.843,1,0.07399999999961437,BACKFILL_AUTO
2026-06-18 22:14:52,1781820892,R_10,4846.786,-1,0.056999999999789,BACKFILL_AUTO
2026-06-18 22:14:54,1781820894,R_10,4846.93,1,0.14400000000023283,BACKFILL_AUTO
2026-06-18 22:14:56,1781820896,R_10,4847.076,1,0.1459999999997308,BACKFILL_AUTO
2026-06-18 22:14:58,1781820898,R_10,4847.188,1,0.11200000000008004,BACKFILL_AUTO
2026-06-18 22:15:00,1781820900,R_10,4847.278,1,0.09000000000014552,BACKFILL_AUTO
2026-06-18 22:15:02,1781820902,R_10,4847.321,1,0.042999999999665306,BACKFILL_AUTO
2026-06-18 22:15:04,1781820904,R_10,4847.184,-1,0.13699999999971624,BACKFILL_AUTO
2026-06-18 22:15:06,1781820906,R_10,4847.293,1,0.10899999999946886,BACKFILL_AUTO
2026-06-18 22:15:08,1781820908,R_10,4847.116,-1,0.17699999999967986,BACKFILL_AUTO
2026-06-18 22:15:10,1781820910,R_10,4847.103,-1,0.012999999999919964,BACKFILL_AUTO
2026-06-18 22:15:12,1781820912,R_10,4847.282,1,0.1790000000000873,BACKFILL_AUTO
2026-06-18 22:15:14,1781820914,R_10,4847.319,1,0.037000000000261934,BACKFILL_AUTO
2026-06-18 22:15:16,1781820916,R_10,4847.549,1,0.22999999999956344,BACKFILL_AUTO
2026-06-18 22:15:18,1781820918,R_10,4847.543,-1,0.006000000000312866,BACKFILL_AUTO
2026-06-18 22:15:20,1781820920,R_10,4847.562,1,0.01900000000023283,BACKFILL_AUTO
2026-06-18 22:15:22,1781820922,R_10,4847.649,1,0.08700000000044383,BACKFILL_AUTO
2026-06-18 22:15:24,1781820924,R_10,4847.606,-1,0.0430000000005748,BACKFILL_AUTO
2026-06-18 22:15:26,1781820926,R_10,4847.679,1,0.07300000000032014,BACKFILL_AUTO
2026-06-18 22:15:28,1781820928,R_10,4847.701,1,0.021999999999934516,BACKFILL_AUTO
2026-06-18 22:15:30,1781820930,R_10,4847.748,1,0.04699999999957072,BACKFILL_AUTO
2026-06-18 22:15:32,1781820932,R_10,4847.901,1,0.15300000000024738,BACKFILL_AUTO
2026-06-18 22:15:34,1781820934,R_10,4847.644,-1,0.2569999999996071,BACKFILL_AUTO
2026-06-18 22:15:36,1781820936,R_10,4847.793,1,0.14899999999943248,BACKFILL_AUTO
2026-06-18 22:15:38,1781820938,R_10,4847.603,-1,0.18999999999959982,BACKFILL_AUTO
2026-06-18 22:15:40,1781820940,R_10,4847.681,1,0.07799999999951979,BACKFILL_AUTO
2026-06-18 22:15:42,1781820942,R_10,4847.929,1,0.24800000000050204,BACKFILL_AUTO
2026-06-18 22:15:44,1781820944,R_10,4847.86,-1,0.06900000000041473,BACKFILL_AUTO
2026-06-18 22:15:46,1781820946,R_10,4847.828,-1,0.0319999999992433,BACKFILL_AUTO
2026-06-18 22:15:48,1781820948,R_10,4847.791,-1,0.037000000000261934,BACKFILL_AUTO
2026-06-18 22:15:50,1781820950,R_10,4847.504,-1,0.28700000000026193,BACKFILL_AUTO
2026-06-18 22:15:52,1781820952,R_10,4847.435,-1,0.06899999999950523,BACKFILL_AUTO
2026-06-18 22:15:54,1781820954,R_10,4847.439,1,0.0039999999999054126,BACKFILL_AUTO
2026-06-18 22:15:56,1781820956,R_10,4847.478,1,0.03899999999975989,BACKFILL_AUTO
2026-06-18 22:15:58,1781820958,R_10,4847.714,1,0.2359999999998763,BACKFILL_AUTO
2026-06-18 22:16:00,1781820960,R_10,4847.578,-1,0.1359999999995125,BACKFILL_AUTO
2026-06-18 22:16:02,1781820962,R_10,4847.622,1,0.04399999999986903,BACKFILL_AUTO
2026-06-18 22:16:04,1781820964,R_10,4847.704,1,0.0819999999994252,BACKFILL_AUTO
2026-06-18 22:16:06,1781820966,R_10,4847.56,-1,0.14399999999932334,BACKFILL_AUTO
2026-06-18 22:16:08,1781820968,R_10,4847.505,-1,0.05500000000029104,BACKFILL_AUTO
2026-06-18 22:16:10,1781820970,R_10,4847.544,1,0.03899999999975989,BACKFILL_AUTO
2026-06-18 22:16:12,1781820972,R_10,4847.521,-1,0.023000000000138243,BACKFILL_AUTO
2026-06-18 22:16:14,1781820974,R_10,4847.419,-1,0.10199999999986176,BACKFILL_AUTO
2026-06-18 22:16:16,1781820976,R_10,4847.45,1,0.03099999999994907,BACKFILL_AUTO
2026-06-18 22:16:18,1781820978,R_10,4847.338,-1,0.11200000000008004,BACKFILL_AUTO
2026-06-18 22:16:20,1781820980,R_10,4847.371,1,0.03300000000035652,BACKFILL_AUTO
2026-06-18 22:16:22,1781820982,R_10,4847.276,-1,0.09500000000025466,BACKFILL_AUTO
2026-06-18 22:16:24,1781820984,R_10,4847.217,-1,0.05900000000019645,BACKFILL_AUTO
2026-06-18 22:16:26,1781820986,R_10,4847.176,-1,0.04099999999925785,BACKFILL_AUTO
2026-06-18 22:16:28,1781820988,R_10,4847.246,1,0.06999999999970896,BACKFILL_AUTO
2026-06-18 22:16:30,1781820990,R_10,4847.211,-1,0.03499999999985448,BACKFILL_AUTO
2026-06-18 22:16:32,1781820992,R_10,4847.305,1,0.09400000000005093,BACKFILL_AUTO
2026-06-18 22:16:34,1781820994,R_10,4847.111,-1,0.19400000000041473,BACKFILL_AUTO
2026-06-18 22:16:36,1781820996,R_10,4847.187,1,0.07600000000002183,BACKFILL_AUTO
2026-06-18 22:16:38,1781820998,R_10,4847.316,1,0.1289999999999054,BACKFILL_AUTO
2026-06-18 22:16:40,1781821000,R_10,4847.302,-1,0.014000000000123691,BACKFILL_AUTO
2026-06-18 22:16:42,1781821002,R_10,4847.217,-1,0.08500000000003638,BACKFILL_AUTO
2026-06-18 22:16:44,1781821004,R_10,4847.255,1,0.03800000000046566,BACKFILL_AUTO
2026-06-18 22:16:46,1781821006,R_10,4847.089,-1,0.16600000000016735,BACKFILL_AUTO
2026-06-18 22:16:48,1781821008,R_10,4847.093,1,0.0039999999999054126,BACKFILL_AUTO
2026-06-18 22:16:50,1781821010,R_10,4846.799,-1,0.29399999999986903,BACKFILL_AUTO
2026-06-18 22:16:52,1781821012,R_10,4847.047,1,0.24799999999959255,BACKFILL_AUTO
2026-06-18 22:16:54,1781821014,R_10,4847.043,-1,0.0039999999999054126,BACKFILL_AUTO
2026-06-18 22:16:56,1781821016,R_10,4846.962,-1,0.08099999999922147,BACKFILL_AUTO
2026-06-18 22:16:58,1781821018,R_10,4847.021,1,0.058999999999286956,BACKFILL_AUTO
2026-06-18 22:17:00,1781821020,R_10,4846.885,-1,0.1359999999995125,BACKFILL_AUTO
2026-06-18 22:17:02,1781821022,R_10,4846.854,-1,0.03099999999994907,BACKFILL_AUTO
2026-06-18 22:17:04,1781821024,R_10,4846.747,-1,0.1069999999999709,BACKFILL_AUTO
2026-06-18 22:17:06,1781821026,R_10,4846.592,-1,0.15500000000065484,BACKFILL_AUTO
2026-06-18 22:17:08,1781821028,R_10,4846.703,1,0.1110000000007858,BACKFILL_AUTO
2026-06-18 22:17:10,1781821030,R_10,4846.652,-1,0.051000000000385626,BACKFILL_AUTO
2026-06-18 22:17:12,1781821032,R_10,4846.828,1,0.17600000000038563,BACKFILL_AUTO
2026-06-18 22:17:14,1781821034,R_10,4846.888,1,0.05999999999949068,BACKFILL_AUTO
2026-06-18 22:17:16,1781821036,R_10,4846.815,-1,0.07300000000032014,BACKFILL_AUTO
2026-06-18 22:17:18,1781821038,R_10,4846.964,1,0.14900000000034197,BACKFILL_AUTO
2026-06-18 22:17:20,1781821040,R_10,4847.028,1,0.06400000000030559,BACKFILL_AUTO
2026-06-18 22:17:22,1781821042,R_10,4846.938,-1,0.09000000000014552,BACKFILL_AUTO
2026-06-18 22:17:24,1781821044,R_10,4847.061,1,0.12299999999959255,BACKFILL_AUTO
2026-06-18 22:17:26,1781821046,R_10,4846.794,-1,0.2669999999998254,BACKFILL_AUTO
2026-06-18 22:17:28,1781821048,R_10,4846.761,-1,0.03299999999944703,BACKFILL_AUTO
2026-06-18 22:17:30,1781821050,R_10,4846.741,-1,0.020000000000436557,BACKFILL_AUTO
2026-06-18 22:17:32,1781821052,R_10,4846.831,1,0.09000000000014552,BACKFILL_AUTO
2026-06-18 22:17:34,1781821054,R_10,4846.814,-1,0.016999999999825377,BACKFILL_AUTO
2026-06-18 22:17:36,1781821056,R_10,4846.66,-1,0.1540000000004511,BACKFILL_AUTO
2026-06-18 22:17:38,1781821058,R_10,4846.785,1,0.125,BACKFILL_AUTO
2026-06-18 22:17:40,1781821060,R_10,4846.898,1,0.11300000000028376,BACKFILL_AUTO
2026-06-18 22:17:42,1781821062,R_10,4846.902,1,0.0039999999999054126,BACKFILL_AUTO
2026-06-18 22:17:44,1781821064,R_10,4846.844,-1,0.057999999999992724,BACKFILL_AUTO
2026-06-18 22:17:46,1781821066,R_10,4846.703,-1,0.14099999999962165,BACKFILL_AUTO
2026-06-18 22:17:48,1781821068,R_10,4846.588,-1,0.11500000000069122,BACKFILL_AUTO
2026-06-18 22:17:50,1781821070,R_10,4846.459,-1,0.1289999999999054,BACKFILL_AUTO
2026-06-18 22:17:52,1781821072,R_10,4846.652,1,0.193000000000211,BACKFILL_AUTO
2026-06-18 22:17:54,1781821074,R_10,4846.649,-1,0.0029999999997016857,BACKFILL_AUTO
2026-06-18 22:17:56,1781821076,R_10,4846.716,1,0.06700000000000728,BACKFILL_AUTO
2026-06-18 22:17:58,1781821078,R_10,4846.709,-1,0.007000000000516593,BACKFILL_AUTO
2026-06-18 22:18:00,1781821080,R_10,4846.62,-1,0.08899999999994179,BACKFILL_AUTO
2026-06-18 22:18:02,1781821082,R_10,4846.837,1,0.21700000000055297,BACKFILL_AUTO
2026-06-18 22:18:04,1781821084,R_10,4846.713,-1,0.12400000000070577,BACKFILL_AUTO
2026-06-18 22:18:06,1781821086,R_10,4846.591,-1,0.12199999999938882,BACKFILL_AUTO
2026-06-18 22:18:08,1781821088,R_10,4846.464,-1,0.12700000000040745,BACKFILL_AUTO
2026-06-18 22:18:10,1781821090,R_10,4846.572,1,0.10800000000017462,BACKFILL_AUTO
2026-06-18 22:18:12,1781821092,R_10,4846.386,-1,0.1859999999996944,BACKFILL_AUTO
2026-06-18 22:18:14,1781821094,R_10,4846.331,-1,0.05500000000029104,BACKFILL_AUTO
2026-06-18 22:18:16,1781821096,R_10,4846.254,-1,0.07700000000022555,BACKFILL_AUTO
2026-06-18 22:18:18,1781821098,R_10,4846.363,1,0.10900000000037835,BACKFILL_AUTO
2026-06-18 22:18:20,1781821100,R_10,4846.577,1,0.2139999999999418,BACKFILL_AUTO
2026-06-18 22:18:22,1781821102,R_10,4846.404,-1,0.17299999999977445,BACKFILL_AUTO
2026-06-18 22:18:24,1781821104,R_10,4846.646,1,0.24199999999927968,BACKFILL_AUTO
2026-06-18 22:18:26,1781821106,R_10,4846.714,1,0.068000000000211,BACKFILL_AUTO
2026-06-18 22:18:28,1781821108,R_10,4846.859,1,0.14500000000043656,BACKFILL_AUTO
2026-06-18 22:18:30,1781821110,R_10,4846.772,-1,0.08700000000044383,BACKFILL_AUTO
2026-06-18 22:18:32,1781821112,R_10,4846.901,1,0.1289999999999054,BACKFILL_AUTO
2026-06-18 22:18:34,1781821114,R_10,4846.885,-1,0.01599999999962165,BACKFILL_AUTO
2026-06-18 22:18:36,1781821116,R_10,4846.787,-1,0.09799999999995634,BACKFILL_AUTO
2026-06-18 22:18:38,1781821118,R_10,4846.65,-1,0.13700000000062573,BACKFILL_AUTO
2026-06-18 22:18:40,1781821120,R_10,4846.581,-1,0.06899999999950523,BACKFILL_AUTO
2026-06-18 22:18:42,1781821122,R_10,4846.769,1,0.18800000000010186,BACKFILL_AUTO
2026-06-18 22:18:44,1781821124,R_10,4846.719,-1,0.0500000000001819,BACKFILL_AUTO
2026-06-18 22:18:46,1781821126,R_10,4846.608,-1,0.11099999999987631,BACKFILL_AUTO
2026-06-18 22:18:48,1781821128,R_10,4846.592,-1,0.016000000000531145,BACKFILL_AUTO
2026-06-18 22:18:50,1781821130,R_10,4846.465,-1,0.12699999999949796,BACKFILL_AUTO
2026-06-18 22:18:52,1781821132,R_10,4846.322,-1,0.1430000000000291,BACKFILL_AUTO
2026-06-18 22:18:54,1781821134,R_10,4846.223,-1,0.09900000000016007,BACKFILL_AUTO
2026-06-18 22:18:56,1781821136,R_10,4845.972,-1,0.2510000000002037,BACKFILL_AUTO
2026-06-18 22:18:58,1781821138,R_10,4845.955,-1,0.016999999999825377,BACKFILL_AUTO
2026-06-18 22:19:00,1781821140,R_10,4845.924,-1,0.03099999999994907,BACKFILL_AUTO
2026-06-18 22:19:02,1781821142,R_10,4846.158,1,0.23400000000037835,BACKFILL_AUTO
2026-06-18 22:19:04,1781821144,R_10,4846.306,1,0.14799999999922875,BACKFILL_AUTO
2026-06-18 22:19:06,1781821146,R_10,4846.387,1,0.08100000000013097,BACKFILL_AUTO
2026-06-18 22:19:08,1781821148,R_10,4846.197,-1,0.18999999999959982,BACKFILL_AUTO
2026-06-18 22:19:10,1781821150,R_10,4846.168,-1,0.02900000000045111,BACKFILL_AUTO
2026-06-18 22:19:12,1781821152,R_10,4846.217,1,0.04899999999997817,BACKFILL_AUTO
2026-06-18 22:19:14,1781821154,R_10,4846.097,-1,0.11999999999989086,BACKFILL_AUTO
2026-06-18 22:19:16,1781821156,R_10,4846.223,1,0.12600000000020373,BACKFILL_AUTO
2026-06-18 22:19:18,1781821158,R_10,4846.193,-1,0.02999999999974534,BACKFILL_AUTO
2026-06-18 22:19:20,1781821160,R_10,4846.111,-1,0.0820000000003347,BACKFILL_AUTO
2026-06-18 22:19:22,1781821162,R_10,4846.228,1,0.11700000000018917,BACKFILL_AUTO
2026-06-18 22:19:24,1781821164,R_10,4846.295,1,0.06700000000000728,BACKFILL_AUTO
2026-06-18 22:19:26,1781821166,R_10,4846.518,1,0.22299999999995634,BACKFILL_AUTO
2026-06-18 22:19:28,1781821168,R_10,4846.5,-1,0.018000000000029104,BACKFILL_AUTO
2026-06-18 22:19:30,1781821170,R_10,4846.682,1,0.181999999999789,BACKFILL_AUTO
2026-06-18 22:19:32,1781821172,R_10,4846.877,1,0.19500000000061846,BACKFILL_AUTO
2026-06-18 22:19:34,1781821174,R_10,4846.945,1,0.06799999999930151,BACKFILL_AUTO
2026-06-18 22:19:36,1781821176,R_10,4846.864,-1,0.08100000000013097,BACKFILL_AUTO
2026-06-18 22:19:38,1781821178,R_10,4847.023,1,0.15900000000056025,BACKFILL_AUTO
2026-06-18 22:19:40,1781821180,R_10,4847.176,1,0.15300000000024738,BACKFILL_AUTO
2026-06-18 22:19:42,1781821182,R_10,4847.097,-1,0.07900000000063301,BACKFILL_AUTO
2026-06-18 22:19:44,1781821184,R_10,4847.107,1,0.010000000000218279,BACKFILL_AUTO
2026-06-18 22:19:46,1781821186,R_10,4847.258,1,0.15099999999983993,BACKFILL_AUTO
2026-06-18 22:19:48,1781821188,R_10,4847.216,-1,0.04199999999946158,BACKFILL_AUTO
2026-06-18 22:19:50,1781821190,R_10,4847.355,1,0.1389999999992142,BACKFILL_AUTO
2026-06-18 22:19:52,1781821192,R_10,4847.409,1,0.05400000000008731,BACKFILL_AUTO
2026-06-18 22:19:54,1781821194,R_10,4847.345,-1,0.0639999999993961,BACKFILL_AUTO
2026-06-18 22:19:56,1781821196,R_10,4847.394,1,0.04899999999997817,BACKFILL_AUTO
2026-06-18 22:19:58,1781821198,R_10,4847.443,1,0.04899999999997817,BACKFILL_AUTO
2026-06-18 22:20:00,1781821200,R_10,4847.296,-1,0.14699999999993452,BACKFILL_AUTO
2026-06-18 22:20:02,1781821202,R_10,4847.241,-1,0.05500000000029104,BACKFILL_AUTO
2026-06-18 22:20:04,1781821204,R_10,4847.486,1,0.24499999999989086,BACKFILL_AUTO
2026-06-18 22:20:06,1781821206,R_10,4847.46,-1,0.02599999999983993,BACKFILL_AUTO
2026-06-18 22:20:08,1781821208,R_10,4847.632,1,0.17199999999957072,BACKFILL_AUTO
2026-06-18 22:20:10,1781821210,R_10,4847.762,1,0.13000000000010914,BACKFILL_AUTO
2026-06-18 22:20:12,1781821212,R_10,4847.545,-1,0.21699999999964348,BACKFILL_AUTO
2026-06-18 22:20:14,1781821214,R_10,4847.453,-1,0.09199999999964348,BACKFILL_AUTO
2026-06-18 22:20:16,1781821216,R_10,4847.339,-1,0.11400000000048749,BACKFILL_AUTO
2026-06-18 22:20:18,1781821218,R_10,4847.391,1,0.05199999999967986,BACKFILL_AUTO
2026-06-18 22:20:20,1781821220,R_10,4847.306,-1,0.08500000000003638,BACKFILL_AUTO
2026-06-18 22:20:22,1781821222,R_10,4847.311,1,0.005000000000109139,BACKFILL_AUTO
2026-06-18 22:20:24,1781821224,R_10,4847.372,1,0.061000000000603904,BACKFILL_AUTO
2026-06-18 22:20:26,1781821226,R_10,4847.48,1,0.10799999999926513,BACKFILL_AUTO
2026-06-18 22:20:28,1781821228,R_10,4847.217,-1,0.26299999999991996,BACKFILL_AUTO
2026-06-18 22:20:30,1781821230,R_10,4847.425,1,0.20800000000053842,BACKFILL_AUTO
2026-06-18 22:20:32,1781821232,R_10,4847.481,1,0.05599999999958527,BACKFILL_AUTO
2026-06-18 22:20:34,1781821234,R_10,4847.475,-1,0.0059999999994033715,BACKFILL_AUTO
2026-06-18 22:20:36,1781821236,R_10,4847.644,1,0.16899999999986903,BACKFILL_AUTO
2026-06-18 22:20:38,1781821238,R_10,4847.742,1,0.09799999999995634,BACKFILL_AUTO
2026-06-18 22:20:40,1781821240,R_10,4847.716,-1,0.02599999999983993,BACKFILL_AUTO
2026-06-18 22:20:42,1781821242,R_10,4847.791,1,0.0749999999998181,BACKFILL_AUTO
2026-06-18 22:20:44,1781821244,R_10,4847.717,-1,0.07400000000052387,BACKFILL_AUTO
2026-06-18 22:20:46,1781821246,R_10,4847.804,1,0.08700000000044383,BACKFILL_AUTO
2026-06-18 22:20:48,1781821248,R_10,4847.623,-1,0.18100000000049477,BACKFILL_AUTO
2026-06-18 22:20:50,1781821250,R_10,4847.734,1,0.1110000000007858,BACKFILL_AUTO
2026-06-18 22:20:52,1781821252,R_10,4847.858,1,0.12399999999979627,BACKFILL_AUTO
2026-06-18 22:20:54,1781821254,R_10,4847.866,1,0.007999999999810825,BACKFILL_AUTO
2026-06-18 22:20:56,1781821256,R_10,4847.944,1,0.07800000000042928,BACKFILL_AUTO
2026-06-18 22:20:58,1781821258,R_10,4847.888,-1,0.056000000000494765,BACKFILL_AUTO
2026-06-18 22:21:00,1781821260,R_10,4848.025,1,0.13699999999971624,BACKFILL_AUTO
2026-06-18 22:21:02,1781821262,R_10,4848.018,-1,0.006999999999607098,BACKFILL_AUTO
2026-06-18 22:21:04,1781821264,R_10,4848.0,-1,0.018000000000029104,BACKFILL_AUTO
2026-06-18 22:21:06,1781821266,R_10,4848.221,1,0.2209999999995489,BACKFILL_AUTO
2026-06-18 22:21:08,1781821268,R_10,4848.228,1,0.007000000000516593,BACKFILL_AUTO
2026-06-18 22:21:10,1781821270,R_10,4848.072,-1,0.15599999999994907,BACKFILL_AUTO
2026-06-18 22:21:12,1781821272,R_10,4848.237,1,0.16499999999996362,BACKFILL_AUTO
2026-06-18 22:21:14,1781821274,R_10,4848.044,-1,0.193000000000211,BACKFILL_AUTO
2026-06-18 22:21:16,1781821276,R_10,4848.057,1,0.012999999999919964,BACKFILL_AUTO
2026-06-18 22:21:18,1781821278,R_10,4848.062,1,0.005000000000109139,BACKFILL_AUTO
2026-06-18 22:21:20,1781821280,R_10,4848.039,-1,0.023000000000138243,BACKFILL_AUTO
2026-06-18 22:21:22,1781821282,R_10,4848.014,-1,0.024999999999636202,BACKFILL_AUTO
2026-06-18 22:21:24,1781821284,R_10,4847.934,-1,0.07999999999992724,BACKFILL_AUTO
2026-06-18 22:21:26,1781821286,R_10,4847.709,-1,0.2250000000003638,BACKFILL_AUTO
2026-06-18 22:21:28,1781821288,R_10,4847.906,1,0.19700000000011642,BACKFILL_AUTO
2026-06-18 22:21:30,1781821290,R_10,4847.858,-1,0.047999999999774445,BACKFILL_AUTO
2026-06-18 22:21:32,1781821292,R_10,4848.117,1,0.25900000000001455,BACKFILL_AUTO
2026-06-18 22:21:34,1781821294,R_10,4848.2,1,0.08299999999962893,BACKFILL_AUTO
2026-06-18 22:21:36,1781821296,R_10,4848.171,-1,0.028999999999541615,BACKFILL_AUTO
2026-06-18 22:21:38,1781821298,R_10,4848.156,-1,0.015000000000327418,BACKFILL_AUTO
2026-06-18 22:21:40,1781821300,R_10,4848.172,1,0.01599999999962165,BACKFILL_AUTO
2026-06-18 22:21:42,1781821302,R_10,4848.088,-1,0.08399999999983265,BACKFILL_AUTO
2026-06-18 22:21:44,1781821304,R_10,4848.027,-1,0.06099999999969441,BACKFILL_AUTO
2026-06-18 22:21:46,1781821306,R_10,4848.026,-1,0.0010000000002037268,BACKFILL_AUTO
2026-06-18 22:21:48,1781821308,R_10,4847.866,-1,0.15999999999985448,BACKFILL_AUTO
2026-06-18 22:21:50,1781821310,R_10,4847.783,-1,0.08299999999962893,BACKFILL_AUTO
2026-06-18 22:21:52,1781821312,R_10,4847.882,1,0.09899999999925058,BACKFILL_AUTO
2026-06-18 22:21:54,1781821314,R_10,4847.924,1,0.042000000000371074,BACKFILL_AUTO
2026-06-18 22:21:56,1781821316,R_10,4847.704,-1,0.22000000000025466,BACKFILL_AUTO
2026-06-18 22:21:58,1781821318,R_10,4847.878,1,0.17399999999997817,BACKFILL_AUTO
2026-06-18 22:22:00,1781821320,R_10,4847.976,1,0.09799999999995634,BACKFILL_AUTO
2026-06-18 22:22:02,1781821322,R_10,4847.974,-1,0.001999999999497959,BACKFILL_AUTO
2026-06-18 22:22:04,1781821324,R_10,4847.795,-1,0.1790000000000873,BACKFILL_AUTO
2026-06-18 22:22:06,1781821326,R_10,4847.875,1,0.07999999999992724,BACKFILL_AUTO
2026-06-18 22:22:08,1781821328,R_10,4847.995,1,0.11999999999989086,BACKFILL_AUTO
2026-06-18 22:22:10,1781821330,R_10,4848.021,1,0.02599999999983993,BACKFILL_AUTO
2026-06-18 22:22:12,1781821332,R_10,4847.987,-1,0.033999999999650754,BACKFILL_AUTO
2026-06-18 22:22:14,1781821334,R_10,4847.705,-1,0.2820000000001528,BACKFILL_AUTO
2026-06-18 22:22:16,1781821336,R_10,4847.665,-1,0.03999999999996362,BACKFILL_AUTO
2026-06-18 22:22:18,1781821338,R_10,4847.691,1,0.02599999999983993,BACKFILL_AUTO
2026-06-18 22:22:20,1781821340,R_10,4847.86,1,0.16899999999986903,BACKFILL_AUTO
2026-06-18 22:22:22,1781821342,R_10,4848.019,1,0.15900000000056025,BACKFILL_AUTO
2026-06-18 22:22:24,1781821344,R_10,4848.132,1,0.11299999999937427,BACKFILL_AUTO
2026-06-18 22:22:26,1781821346,R_10,4848.2,1,0.068000000000211,BACKFILL_AUTO
2026-06-18 22:22:28,1781821348,R_10,4848.184,-1,0.01599999999962165,BACKFILL_AUTO
2026-06-18 22:22:30,1781821350,R_10,4848.045,-1,0.1390000000001237,BACKFILL_AUTO
2026-06-18 22:22:32,1781821352,R_10,4848.088,1,0.042999999999665306,BACKFILL_AUTO
2026-06-18 22:22:34,1781821354,R_10,4848.014,-1,0.07399999999961437,BACKFILL_AUTO
2026-06-18 22:22:36,1781821356,R_10,4847.942,-1,0.07200000000011642,BACKFILL_AUTO
2026-06-18 22:22:38,1781821358,R_10,4848.016,1,0.07399999999961437,BACKFILL_AUTO
2026-06-18 22:22:40,1781821360,R_10,4847.983,-1,0.03299999999944703,BACKFILL_AUTO
2026-06-18 22:22:42,1781821362,R_10,4847.739,-1,0.24400000000059663,BACKFILL_AUTO
2026-06-18 22:22:44,1781821364,R_10,4847.731,-1,0.007999999999810825,BACKFILL_AUTO
2026-06-18 22:22:46,1781821366,R_10,4847.793,1,0.06199999999989814,BACKFILL_AUTO
2026-06-18 22:22:48,1781821368,R_10,4847.874,1,0.08100000000013097,BACKFILL_AUTO
2026-06-18 22:22:50,1781821370,R_10,4847.944,1,0.07000000000061846,BACKFILL_AUTO
2026-06-18 22:22:52,1781821372,R_10,4848.003,1,0.058999999999286956,BACKFILL_AUTO
2026-06-18 22:22:54,1781821374,R_10,4847.959,-1,0.04399999999986903,BACKFILL_AUTO
2026-06-18 22:22:56,1781821376,R_10,4848.046,1,0.08700000000044383,BACKFILL_AUTO
2026-06-18 22:22:58,1781821378,R_10,4848.15,1,0.10399999999935972,BACKFILL_AUTO
2026-06-18 22:23:00,1781821380,R_10,4848.261,1,0.1110000000007858,BACKFILL_AUTO
2026-06-18 22:23:02,1781821382,R_10,4848.331,1,0.06999999999970896,BACKFILL_AUTO
2026-06-18 22:23:04,1781821384,R_10,4848.334,1,0.0029999999997016857,BACKFILL_AUTO
2026-06-18 22:23:06,1781821386,R_10,4848.309,-1,0.024999999999636202,BACKFILL_AUTO
2026-06-18 22:23:08,1781821388,R_10,4848.298,-1,0.011000000000422006,BACKFILL_AUTO
2026-06-18 22:23:10,1781821390,R_10,4848.26,-1,0.03799999999955617,BACKFILL_AUTO
2026-06-18 22:23:12,1781821392,R_10,4848.155,-1,0.10500000000047294,BACKFILL_AUTO
2026-06-18 22:23:14,1781821394,R_10,4847.966,-1,0.1889999999993961,BACKFILL_AUTO
2026-06-18 22:23:16,1781821396,R_10,4847.916,-1,0.0500000000001819,BACKFILL_AUTO
2026-06-18 22:23:18,1781821398,R_10,4847.862,-1,0.05400000000008731,BACKFILL_AUTO
2026-06-18 22:23:20,1781821400,R_10,4847.748,-1,0.11400000000048749,BACKFILL_AUTO
2026-06-18 22:23:22,1781821402,R_10,4847.77,1,0.02200000000084401,BACKFILL_AUTO
2026-06-18 22:23:24,1781821404,R_10,4847.902,1,0.1319999999996071,BACKFILL_AUTO
2026-06-18 22:23:26,1781821406,R_10,4847.792,-1,0.10999999999967258,BACKFILL_AUTO
2026-06-18 22:23:28,1781821408,R_10,4847.693,-1,0.09900000000016007,BACKFILL_AUTO
2026-06-18 22:23:30,1781821410,R_10,4847.462,-1,0.23099999999976717,BACKFILL_AUTO
2026-06-18 22:23:32,1781821412,R_10,4847.393,-1,0.06900000000041473,BACKFILL_AUTO
2026-06-18 22:23:34,1781821414,R_10,4847.443,1,0.0500000000001819,BACKFILL_AUTO
2026-06-18 22:23:36,1781821416,R_10,4847.593,1,0.1499999999996362,BACKFILL_AUTO
2026-06-18 22:23:38,1781821418,R_10,4847.559,-1,0.033999999999650754,BACKFILL_AUTO
2026-06-18 22:23:40,1781821420,R_10,4847.268,-1,0.29100000000016735,BACKFILL_AUTO
2026-06-18 22:23:42,1781821422,R_10,4847.317,1,0.04899999999997817,BACKFILL_AUTO
2026-06-18 22:23:44,1781821424,R_10,4847.156,-1,0.1610000000000582,BACKFILL_AUTO
2026-06-18 22:23:46,1781821426,R_10,4846.956,-1,0.1999999999998181,BACKFILL_AUTO
2026-06-18 22:23:48,1781821428,R_10,4846.954,-1,0.0020000000004074536,BACKFILL_AUTO
2026-06-18 22:23:50,1781821430,R_10,4846.915,-1,0.03899999999975989,BACKFILL_AUTO
2026-06-18 22:23:52,1781821432,R_10,4846.846,-1,0.06900000000041473,BACKFILL_AUTO
2026-06-18 22:23:54,1781821434,R_10,4846.825,-1,0.02099999999973079,BACKFILL_AUTO
2026-06-18 22:23:56,1781821436,R_10,4846.98,1,0.15499999999974534,BACKFILL_AUTO
2026-06-18 22:23:58,1781821438,R_10,4846.905,-1,0.0749999999998181,BACKFILL_AUTO
2026-06-18 22:24:00,1781821440,R_10,4846.865,-1,0.03999999999996362,BACKFILL_AUTO
2026-06-18 22:24:02,1781821442,R_10,4846.868,1,0.0030000000006111804,BACKFILL_AUTO
2026-06-18 22:24:04,1781821444,R_10,4846.908,1,0.03999999999996362,BACKFILL_AUTO
2026-06-18 22:24:06,1781821446,R_10,4846.939,1,0.03099999999994907,BACKFILL_AUTO
2026-06-18 22:24:08,1781821448,R_10,4847.031,1,0.09199999999964348,BACKFILL_AUTO
2026-06-18 22:24:10,1781821450,R_10,4847.34,1,0.30900000000019645,BACKFILL_AUTO
2026-06-18 22:24:12,1781821452,R_10,4847.377,1,0.037000000000261934,BACKFILL_AUTO
2026-06-18 22:24:14,1781821454,R_10,4847.539,1,0.16199999999935244,BACKFILL_AUTO
2026-06-18 22:24:16,1781821456,R_10,4847.724,1,0.18500000000040018,BACKFILL_AUTO
2026-06-18 22:24:18,1781821458,R_10,4847.841,1,0.11700000000018917,BACKFILL_AUTO
2026-06-18 22:24:20,1781821460,R_10,4847.742,-1,0.09900000000016007,BACKFILL_AUTO
2026-06-18 22:24:22,1781821462,R_10,4847.688,-1,0.05400000000008731,BACKFILL_AUTO
2026-06-18 22:24:24,1781821464,R_10,4847.878,1,0.18999999999959982,BACKFILL_AUTO
2026-06-18 22:24:26,1781821466,R_10,4848.035,1,0.1570000000001528,BACKFILL_AUTO
2026-06-18 22:24:28,1781821468,R_10,4848.206,1,0.1710000000002765,BACKFILL_AUTO
2026-06-18 22:24:30,1781821470,R_10,4848.491,1,0.2849999999998545,BACKFILL_AUTO
2026-06-18 22:24:32,1781821472,R_10,4848.558,1,0.06700000000000728,BACKFILL_AUTO
2026-06-18 22:24:34,1781821474,R_10,4848.507,-1,0.051000000000385626,BACKFILL_AUTO
2026-06-18 22:24:36,1781821476,R_10,4848.717,1,0.21000000000003638,BACKFILL_AUTO
2026-06-18 22:24:38,1781821478,R_10,4848.454,-1,0.26299999999991996,BACKFILL_AUTO
2026-06-18 22:24:40,1781821480,R_10,4848.433,-1,0.02099999999973079,BACKFILL_AUTO
2026-06-18 22:24:42,1781821482,R_10,4848.372,-1,0.06099999999969441,BACKFILL_AUTO
2026-06-18 22:24:44,1781821484,R_10,4848.428,1,0.05599999999958527,BACKFILL_AUTO
2026-06-18 22:24:46,1781821486,R_10,4848.398,-1,0.02999999999974534,BACKFILL_AUTO
2026-06-18 22:24:48,1781821488,R_10,4848.538,1,0.13999999999941792,BACKFILL_AUTO
2026-06-18 22:24:50,1781821490,R_10,4848.245,-1,0.2929999999996653,BACKFILL_AUTO
2026-06-18 22:24:52,1781821492,R_10,4848.01,-1,0.23499999999967258,BACKFILL_AUTO
2026-06-18 22:24:54,1781821494,R_10,4848.039,1,0.028999999999541615,BACKFILL_AUTO
2026-06-18 22:24:56,1781821496,R_10,4847.93,-1,0.10899999999946886,BACKFILL_AUTO
2026-06-18 22:24:58,1781821498,R_10,4847.765,-1,0.16499999999996362,BACKFILL_AUTO
2026-06-18 22:25:00,1781821500,R_10,4847.85,1,0.08500000000003638,BACKFILL_AUTO
2026-06-18 22:25:02,1781821502,R_10,4848.005,1,0.15499999999974534,BACKFILL_AUTO
2026-06-18 22:25:04,1781821504,R_10,4848.194,1,0.1890000000003056,BACKFILL_AUTO
2026-06-18 22:25:06,1781821506,R_10,4848.339,1,0.14499999999952706,BACKFILL_AUTO
2026-06-18 22:25:08,1781821508,R_10,4848.3,-1,0.03899999999975989,BACKFILL_AUTO
2026-06-18 22:25:10,1781821510,R_10,4848.302,1,0.001999999999497959,BACKFILL_AUTO
2026-06-18 22:25:12,1781821512,R_10,4848.477,1,0.1750000000001819,BACKFILL_AUTO
2026-06-18 22:25:14,1781821514,R_10,4848.512,1,0.03499999999985448,BACKFILL_AUTO
2026-06-18 22:25:16,1781821516,R_10,4848.68,1,0.1680000000005748,BACKFILL_AUTO
2026-06-18 22:25:18,1781821518,R_10,4848.655,-1,0.025000000000545697,BACKFILL_AUTO
2026-06-18 22:25:20,1781821520,R_10,4848.628,-1,0.027000000000043656,BACKFILL_AUTO
2026-06-18 22:25:22,1781821522,R_10,4848.61,-1,0.018000000000029104,BACKFILL_AUTO
2026-06-18 22:25:24,1781821524,R_10,4848.624,1,0.014000000000123691,BACKFILL_AUTO
2026-06-18 22:25:26,1781821526,R_10,4848.627,1,0.0030000000006111804,BACKFILL_AUTO
2026-06-18 22:25:28,1781821528,R_10,4848.667,1,0.03999999999996362,BACKFILL_AUTO
2026-06-18 22:25:30,1781821530,R_10,4848.809,1,0.14199999999982538,BACKFILL_AUTO
2026-06-18 22:25:32,1781821532,R_10,4848.88,1,0.07099999999991269,BACKFILL_AUTO
2026-06-18 22:25:34,1781821534,R_10,4849.005,1,0.125,BACKFILL_AUTO
2026-06-18 22:25:36,1781821536,R_10,4849.0,-1,0.005000000000109139,BACKFILL_AUTO
2026-06-18 22:25:38,1781821538,R_10,4849.133,1,0.13299999999981083,BACKFILL_AUTO
2026-06-18 22:25:40,1781821540,R_10,4849.123,-1,0.010000000000218279,BACKFILL_AUTO
2026-06-18 22:25:42,1781821542,R_10,4848.849,-1,0.2739999999994325,BACKFILL_AUTO
2026-06-18 22:25:44,1781821544,R_10,4848.85,1,0.0010000000002037268,BACKFILL_AUTO
2026-06-18 22:25:46,1781821546,R_10,4848.861,1,0.01099999999951251,BACKFILL_AUTO
2026-06-18 22:25:48,1781821548,R_10,4849.031,1,0.17000000000007276,BACKFILL_AUTO
2026-06-18 22:25:50,1781821550,R_10,4848.949,-1,0.0820000000003347,BACKFILL_AUTO
2026-06-18 22:25:52,1781821552,R_10,4848.874,-1,0.0749999999998181,BACKFILL_AUTO
2026-06-18 22:25:54,1781821554,R_10,4848.71,-1,0.1639999999997599,BACKFILL_AUTO
2026-06-18 22:25:56,1781821556,R_10,4848.623,-1,0.08700000000044383,BACKFILL_AUTO
2026-06-18 22:25:58,1781821558,R_10,4848.67,1,0.04700000000048021,BACKFILL_AUTO
2026-06-18 22:26:00,1781821560,R_10,4848.678,1,0.007999999999810825,BACKFILL_AUTO
2026-06-18 22:26:02,1781821562,R_10,4848.732,1,0.05400000000008731,BACKFILL_AUTO
2026-06-18 22:26:04,1781821564,R_10,4848.797,1,0.06499999999959982,BACKFILL_AUTO
2026-06-18 22:26:06,1781821566,R_10,4848.548,-1,0.24899999999979627,BACKFILL_AUTO
2026-06-18 22:26:08,1781821568,R_10,4848.613,1,0.06500000000050932,BACKFILL_AUTO
2026-06-18 22:26:10,1781821570,R_10,4848.54,-1,0.07300000000032014,BACKFILL_AUTO
2026-06-18 22:26:12,1781821572,R_10,4848.605,1,0.06499999999959982,BACKFILL_AUTO
2026-06-18 22:26:14,1781821574,R_10,4848.681,1,0.07600000000002183,BACKFILL_AUTO
2026-06-18 22:26:16,1781821576,R_10,4848.648,-1,0.03299999999944703,BACKFILL_AUTO
2026-06-18 22:26:18,1781821578,R_10,4848.661,1,0.012999999999919964,BACKFILL_AUTO
2026-06-18 22:26:20,1781821580,R_10,4848.813,1,0.15200000000004366,BACKFILL_AUTO
2026-06-18 22:26:22,1781821582,R_10,4848.742,-1,0.07099999999991269,BACKFILL_AUTO
2026-06-18 22:26:24,1781821584,R_10,4848.946,1,0.2039999999997235,BACKFILL_AUTO
2026-06-18 22:26:26,1781821586,R_10,4849.012,1,0.06599999999980355,BACKFILL_AUTO
2026-06-18 22:26:28,1781821588,R_10,4849.046,1,0.03400000000056025,BACKFILL_AUTO
2026-06-18 22:26:30,1781821590,R_10,4848.904,-1,0.14199999999982538,BACKFILL_AUTO
2026-06-18 22:26:32,1781821592,R_10,4848.83,-1,0.07400000000052387,BACKFILL_AUTO
2026-06-18 22:26:34,1781821594,R_10,4848.699,-1,0.13100000000031287,BACKFILL_AUTO
2026-06-18 22:26:36,1781821596,R_10,4848.784,1,0.08500000000003638,BACKFILL_AUTO
2026-06-18 22:26:38,1781821598,R_10,4848.749,-1,0.03499999999985448,BACKFILL_AUTO
2026-06-18 22:26:40,1781821600,R_10,4848.648,-1,0.10099999999965803,BACKFILL_AUTO
2026-06-18 22:26:42,1781821602,R_10,4848.509,-1,0.1390000000001237,BACKFILL_AUTO
2026-06-18 22:26:44,1781821604,R_10,4848.664,1,0.15499999999974534,BACKFILL_AUTO
2026-06-18 22:26:46,1781821606,R_10,4848.822,1,0.15800000000035652,BACKFILL_AUTO
2026-06-18 22:26:48,1781821608,R_10,4848.93,1,0.10800000000017462,BACKFILL_AUTO
2026-06-18 22:26:50,1781821610,R_10,4848.824,-1,0.10600000000067666,BACKFILL_AUTO
2026-06-18 22:26:52,1781821612,R_10,4848.825,1,0.0010000000002037268,BACKFILL_AUTO
2026-06-18 22:26:54,1781821614,R_10,4848.919,1,0.09400000000005093,BACKFILL_AUTO
2026-06-18 22:26:56,1781821616,R_10,4848.798,-1,0.12100000000009459,BACKFILL_AUTO
2026-06-18 22:26:58,1781821618,R_10,4848.7,-1,0.09799999999995634,BACKFILL_AUTO
2026-06-18 22:27:00,1781821620,R_10,4848.612,-1,0.08799999999973807,BACKFILL_AUTO
2026-06-18 22:27:02,1781821622,R_10,4848.555,-1,0.056999999999789,BACKFILL_AUTO
2026-06-18 22:27:04,1781821624,R_10,4848.639,1,0.08399999999983265,BACKFILL_AUTO
2026-06-18 22:27:06,1781821626,R_10,4848.757,1,0.11799999999948341,BACKFILL_AUTO
2026-06-18 22:27:08,1781821628,R_10,4848.711,-1,0.04599999999936699,BACKFILL_AUTO
2026-06-18 22:27:10,1781821630,R_10,4848.776,1,0.06499999999959982,BACKFILL_AUTO
2026-06-18 22:27:12,1781821632,R_10,4848.707,-1,0.06899999999950523,BACKFILL_AUTO
2026-06-18 22:27:14,1781821634,R_10,4848.713,1,0.0059999999994033715,BACKFILL_AUTO
2026-06-18 22:27:16,1781821636,R_10,4848.928,1,0.21500000000014552,BACKFILL_AUTO
2026-06-18 22:27:18,1781821638,R_10,4848.92,-1,0.007999999999810825,BACKFILL_AUTO
2026-06-18 22:27:20,1781821640,R_10,4849.012,1,0.09199999999964348,BACKFILL_AUTO
2026-06-18 22:27:22,1781821642,R_10,4848.978,-1,0.033999999999650754,BACKFILL_AUTO
2026-06-18 22:27:24,1781821644,R_10,4848.885,-1,0.0929999999998472,BACKFILL_AUTO
2026-06-18 22:27:26,1781821646,R_10,4848.61,-1,0.2750000000005457,BACKFILL_AUTO
2026-06-18 22:27:28,1781821648,R_10,4848.605,-1,0.005000000000109139,BACKFILL_AUTO
2026-06-18 22:27:30,1781821650,R_10,4848.719,1,0.11400000000048749,BACKFILL_AUTO
2026-06-18 22:27:32,1781821652,R_10,4848.783,1,0.06400000000030559,BACKFILL_AUTO
2026-06-18 22:27:34,1781821654,R_10,4848.858,1,0.0749999999998181,BACKFILL_AUTO
2026-06-18 22:27:36,1781821656,R_10,4848.966,1,0.10800000000017462,BACKFILL_AUTO
2026-06-18 22:27:38,1781821658,R_10,4849.123,1,0.1569999999992433,BACKFILL_AUTO
2026-06-18 22:27:40,1781821660,R_10,4849.072,-1,0.05099999999947613,BACKFILL_AUTO
2026-06-18 22:27:42,1781821662,R_10,4849.11,1,0.03799999999955617,BACKFILL_AUTO
2026-06-18 22:27:44,1781821664,R_10,4849.246,1,0.136000000000422,BACKFILL_AUTO
2026-06-18 22:27:46,1781821666,R_10,4848.954,-1,0.2920000000003711,BACKFILL_AUTO
2026-06-18 22:27:48,1781821668,R_10,4848.858,-1,0.09599999999954889,BACKFILL_AUTO
2026-06-18 22:27:50,1781821670,R_10,4848.787,-1,0.07099999999991269,BACKFILL_AUTO
2026-06-18 22:27:52,1781821672,R_10,4848.731,-1,0.056000000000494765,BACKFILL_AUTO
2026-06-18 22:27:54,1781821674,R_10,4848.688,-1,0.042999999999665306,BACKFILL_AUTO
2026-06-18 22:27:56,1781821676,R_10,4848.842,1,0.15399999999954161,BACKFILL_AUTO
2026-06-18 22:27:58,1781821678,R_10,4848.854,1,0.012000000000625732,BACKFILL_AUTO
2026-06-18 22:28:00,1781821680,R_10,4849.071,1,0.21699999999964348,BACKFILL_AUTO
2026-06-18 22:28:02,1781821682,R_10,4849.108,1,0.037000000000261934,BACKFILL_AUTO
2026-06-18 22:28:04,1781821684,R_10,4849.139,1,0.03099999999994907,BACKFILL_AUTO
2026-06-18 22:28:06,1781821686,R_10,4849.271,1,0.1319999999996071,BACKFILL_AUTO
2026-06-18 22:28:08,1781821688,R_10,4849.361,1,0.09000000000014552,BACKFILL_AUTO
2026-06-18 22:28:10,1781821690,R_10,4849.336,-1,0.024999999999636202,BACKFILL_AUTO
2026-06-18 22:28:12,1781821692,R_10,4849.418,1,0.0819999999994252,BACKFILL_AUTO
2026-06-18 22:28:14,1781821694,R_10,4849.461,1,0.0430000000005748,BACKFILL_AUTO
2026-06-18 22:28:16,1781821696,R_10,4849.535,1,0.07399999999961437,BACKFILL_AUTO
2026-06-18 22:28:18,1781821698,R_10,4849.489,-1,0.046000000000276486,BACKFILL_AUTO
2026-06-18 22:28:20,1781821700,R_10,4849.507,1,0.018000000000029104,BACKFILL_AUTO
2026-06-18 22:28:22,1781821702,R_10,4849.616,1,0.10900000000037835,BACKFILL_AUTO
2026-06-18 22:28:24,1781821704,R_10,4849.561,-1,0.05500000000029104,BACKFILL_AUTO
2026-06-18 22:28:26,1781821706,R_10,4849.483,-1,0.07799999999951979,BACKFILL_AUTO
2026-06-18 22:28:28,1781821708,R_10,4849.599,1,0.11599999999998545,BACKFILL_AUTO
2026-06-18 22:28:30,1781821710,R_10,4849.596,-1,0.0030000000006111804,BACKFILL_AUTO
2026-06-18 22:28:32,1781821712,R_10,4849.517,-1,0.07899999999972351,BACKFILL_AUTO
2026-06-18 22:28:34,1781821714,R_10,4849.539,1,0.021999999999934516,BACKFILL_AUTO
2026-06-18 22:28:36,1781821716,R_10,4849.492,-1,0.04699999999957072,BACKFILL_AUTO
2026-06-18 22:28:38,1781821718,R_10,4849.336,-1,0.15599999999994907,BACKFILL_AUTO
2026-06-18 22:28:40,1781821720,R_10,4849.507,1,0.170999999999367,BACKFILL_AUTO
2026-06-18 22:28:42,1781821722,R_10,4849.76,1,0.2530000000006112,BACKFILL_AUTO
2026-06-18 22:28:44,1781821724,R_10,4849.648,-1,0.11200000000008004,BACKFILL_AUTO
2026-06-18 22:28:46,1781821726,R_10,4849.808,1,0.15999999999985448,BACKFILL_AUTO
2026-06-18 22:28:48,1781821728,R_10,4849.761,-1,0.04699999999957072,BACKFILL_AUTO
2026-06-18 22:28:50,1781821730,R_10,4849.87,1,0.10899999999946886,BACKFILL_AUTO
2026-06-18 22:28:52,1781821732,R_10,4849.797,-1,0.07300000000032014,BACKFILL_AUTO
2026-06-18 22:28:54,1781821734,R_10,4849.733,-1,0.0639999999993961,BACKFILL_AUTO
2026-06-18 22:28:56,1781821736,R_10,4849.841,1,0.10800000000017462,BACKFILL_AUTO
2026-06-18 22:28:58,1781821738,R_10,4849.571,-1,0.27000000000043656,BACKFILL_AUTO
2026-06-18 22:29:00,1781821740,R_10,4849.425,-1,0.1459999999997308,BACKFILL_AUTO
2026-06-18 22:29:02,1781821742,R_10,4849.534,1,0.10899999999946886,BACKFILL_AUTO
2026-06-18 22:29:04,1781821744,R_10,4849.587,1,0.05300000000079308,BACKFILL_AUTO
2026-06-18 22:29:06,1781821746,R_10,4849.554,-1,0.03300000000035652,BACKFILL_AUTO
2026-06-18 22:29:08,1781821748,R_10,4849.678,1,0.12399999999979627,BACKFILL_AUTO
2026-06-18 22:29:10,1781821750,R_10,4849.732,1,0.05400000000008731,BACKFILL_AUTO
2026-06-18 22:29:12,1781821752,R_10,4849.703,-1,0.028999999999541615,BACKFILL_AUTO
2026-06-18 22:29:14,1781821754,R_10,4849.547,-1,0.15600000000085856,BACKFILL_AUTO
2026-06-18 22:29:16,1781821756,R_10,4849.864,1,0.3170000000000073,BACKFILL_AUTO
2026-06-18 22:29:18,1781821758,R_10,4849.686,-1,0.17799999999988358,BACKFILL_AUTO
2026-06-18 22:29:20,1781821760,R_10,4849.6,-1,0.08599999999933061,BACKFILL_AUTO
2026-06-18 22:29:22,1781821762,R_10,4849.677,1,0.07699999999931606,BACKFILL_AUTO
2026-06-18 22:29:24,1781821764,R_10,4849.8,1,0.12300000000050204,BACKFILL_AUTO
2026-06-18 22:29:26,1781821766,R_10,4849.692,-1,0.10800000000017462,BACKFILL_AUTO
2026-06-18 22:29:28,1781821768,R_10,4849.832,1,0.14000000000032742,BACKFILL_AUTO
2026-06-18 22:29:30,1781821770,R_10,4849.775,-1,0.05700000000069849,BACKFILL_AUTO
2026-06-18 22:29:32,1781821772,R_10,4849.656,-1,0.11899999999968713,BACKFILL_AUTO
2026-06-18 22:29:34,1781821774,R_10,4849.866,1,0.21000000000003638,BACKFILL_AUTO
2026-06-18 22:29:36,1781821776,R_10,4849.911,1,0.04500000000007276,BACKFILL_AUTO
2026-06-18 22:29:38,1781821778,R_10,4850.013,1,0.10199999999986176,BACKFILL_AUTO
2026-06-18 22:29:40,1781821780,R_10,4850.01,-1,0.0029999999997016857,BACKFILL_AUTO
2026-06-18 22:29:42,1781821782,R_10,4849.962,-1,0.047999999999774445,BACKFILL_AUTO
2026-06-18 22:29:44,1781821784,R_10,4850.221,1,0.25899999999910506,BACKFILL_AUTO
2026-06-18 22:29:46,1781821786,R_10,4850.418,1,0.19700000000011642,BACKFILL_AUTO
2026-06-18 22:29:48,1781821788,R_10,4850.389,-1,0.028999999999541615,BACKFILL_AUTO
2026-06-18 22:29:50,1781821790,R_10,4850.369,-1,0.020000000000436557,BACKFILL_AUTO
2026-06-18 22:29:52,1781821792,R_10,4850.305,-1,0.0639999999993961,BACKFILL_AUTO
2026-06-18 22:29:54,1781821794,R_10,4850.191,-1,0.11400000000048749,BACKFILL_AUTO
2026-06-18 22:29:56,1781821796,R_10,4850.077,-1,0.113999999999578,BACKFILL_AUTO
2026-06-18 22:29:58,1781821798,R_10,4849.966,-1,0.11099999999987631,BACKFILL_AUTO
2026-06-18 22:30:00,1781821800,R_10,4850.106,1,0.13999999999941792,BACKFILL_AUTO
2026-06-18 22:30:02,1781821802,R_10,4850.151,1,0.04500000000007276,BACKFILL_AUTO
2026-06-18 22:30:04,1781821804,R_10,4850.202,1,0.051000000000385626,BACKFILL_AUTO
2026-06-18 22:30:06,1781821806,R_10,4850.279,1,0.07700000000022555,BACKFILL_AUTO
2026-06-18 22:30:08,1781821808,R_10,4850.208,-1,0.07100000000082218,BACKFILL_AUTO
2026-06-18 22:30:10,1781821810,R_10,4850.105,-1,0.10300000000006548,BACKFILL_AUTO
2026-06-18 22:30:12,1781821812,R_10,4850.042,-1,0.06299999999919237,BACKFILL_AUTO
2026-06-18 22:30:14,1781821814,R_10,4850.139,1,0.09699999999975262,BACKFILL_AUTO
2026-06-18 22:30:16,1781821816,R_10,4850.229,1,0.09000000000014552,BACKFILL_AUTO
2026-06-18 22:30:18,1781821818,R_10,4850.126,-1,0.10300000000006548,BACKFILL_AUTO
2026-06-18 22:30:20,1781821820,R_10,4850.068,-1,0.057999999999992724,BACKFILL_AUTO
2026-06-18 22:30:22,1781821822,R_10,4850.14,1,0.07200000000011642,BACKFILL_AUTO
2026-06-18 22:30:24,1781821824,R_10,4850.239,1,0.09899999999925058,BACKFILL_AUTO
2026-06-18 22:30:26,1781821826,R_10,4850.486,1,0.24700000000029831,BACKFILL_AUTO
2026-06-18 22:30:28,1781821828,R_10,4850.448,-1,0.03799999999955617,BACKFILL_AUTO
2026-06-18 22:30:30,1781821830,R_10,4850.648,1,0.1999999999998181,BACKFILL_AUTO
2026-06-18 22:30:32,1781821832,R_10,4850.617,-1,0.03099999999994907,BACKFILL_AUTO
2026-06-18 22:30:34,1781821834,R_10,4850.538,-1,0.07900000000063301,BACKFILL_AUTO
2026-06-18 22:30:36,1781821836,R_10,4850.462,-1,0.07599999999911233,BACKFILL_AUTO
2026-06-18 22:30:38,1781821838,R_10,4850.58,1,0.11799999999948341,BACKFILL_AUTO
2026-06-18 22:30:40,1781821840,R_10,4850.422,-1,0.15800000000035652,BACKFILL_AUTO
2026-06-18 22:30:42,1781821842,R_10,4850.523,1,0.10100000000056752,BACKFILL_AUTO
2026-06-18 22:30:44,1781821844,R_10,4850.447,-1,0.07600000000002183,BACKFILL_AUTO
2026-06-18 22:30:46,1781821846,R_10,4850.565,1,0.11799999999948341,BACKFILL_AUTO
2026-06-18 22:30:48,1781821848,R_10,4850.478,-1,0.08699999999953434,BACKFILL_AUTO
2026-06-18 22:30:50,1781821850,R_10,4850.492,1,0.014000000000123691,BACKFILL_AUTO
2026-06-18 22:30:52,1781821852,R_10,4850.484,-1,0.007999999999810825,BACKFILL_AUTO
2026-06-18 22:30:54,1781821854,R_10,4850.487,1,0.0029999999997016857,BACKFILL_AUTO
2026-06-18 22:30:56,1781821856,R_10,4850.455,-1,0.032000000000152795,BACKFILL_AUTO
2026-06-18 22:30:58,1781821858,R_10,4850.563,1,0.10800000000017462,BACKFILL_AUTO
2026-06-18 22:31:00,1781821860,R_10,4850.446,-1,0.11700000000018917,BACKFILL_AUTO
2026-06-18 22:31:02,1781821862,R_10,4850.521,1,0.0749999999998181,BACKFILL_AUTO
2026-06-18 22:31:04,1781821864,R_10,4850.695,1,0.17399999999997817,BACKFILL_AUTO
2026-06-18 22:31:06,1781821866,R_10,4850.668,-1,0.027000000000043656,BACKFILL_AUTO
2026-06-18 22:31:08,1781821868,R_10,4850.803,1,0.13500000000021828,BACKFILL_AUTO
2026-06-18 22:31:10,1781821870,R_10,4850.83,1,0.027000000000043656,BACKFILL_AUTO
2026-06-18 22:31:12,1781821872,R_10,4850.773,-1,0.056999999999789,BACKFILL_AUTO
2026-06-18 22:31:14,1781821874,R_10,4850.703,-1,0.06999999999970896,BACKFILL_AUTO
2026-06-18 22:31:16,1781821876,R_10,4850.877,1,0.17399999999997817,BACKFILL_AUTO
2026-06-18 22:31:18,1781821878,R_10,4850.75,-1,0.12700000000040745,BACKFILL_AUTO
2026-06-18 22:31:20,1781821880,R_10,4850.838,1,0.08799999999973807,BACKFILL_AUTO
2026-06-18 22:31:22,1781821882,R_10,4850.779,-1,0.058999999999286956,BACKFILL_AUTO
2026-06-18 22:31:24,1781821884,R_10,4850.842,1,0.06299999999919237,BACKFILL_AUTO
2026-06-18 22:31:26,1781821886,R_10,4850.804,-1,0.03799999999955617,BACKFILL_AUTO
2026-06-18 22:31:28,1781821888,R_10,4851.019,1,0.21500000000014552,BACKFILL_AUTO
2026-06-18 22:31:30,1781821890,R_10,4850.93,-1,0.08899999999994179,BACKFILL_AUTO
2026-06-18 22:31:32,1781821892,R_10,4850.913,-1,0.01700000000073487,BACKFILL_AUTO
2026-06-18 22:31:34,1781821894,R_10,4850.984,1,0.07100000000082218,BACKFILL_AUTO
2026-06-18 22:31:36,1781821896,R_10,4850.979,-1,0.005000000000109139,BACKFILL_AUTO
2026-06-18 22:31:38,1781821898,R_10,4851.051,1,0.07200000000011642,BACKFILL_AUTO
2026-06-18 22:31:40,1781821900,R_10,4850.999,-1,0.05200000000058935,BACKFILL_AUTO
2026-06-18 22:31:42,1781821902,R_10,4851.072,1,0.07300000000032014,BACKFILL_AUTO
2026-06-18 22:31:44,1781821904,R_10,4851.078,1,0.006000000000312866,BACKFILL_AUTO
2026-06-18 22:31:46,1781821906,R_10,4851.181,1,0.10299999999915599,BACKFILL_AUTO
2026-06-18 22:31:48,1781821908,R_10,4851.162,-1,0.018999999999323336,BACKFILL_AUTO
2026-06-18 22:31:50,1781821910,R_10,4851.127,-1,0.03499999999985448,BACKFILL_AUTO
2026-06-18 22:31:52,1781821912,R_10,4850.882,-1,0.24500000000080036,BACKFILL_AUTO
2026-06-18 22:31:54,1781821914,R_10,4850.686,-1,0.1959999999999127,BACKFILL_AUTO
2026-06-18 22:31:56,1781821916,R_10,4850.779,1,0.0930000000007567,BACKFILL_AUTO
2026-06-18 22:31:58,1781821918,R_10,4850.667,-1,0.11200000000008004,BACKFILL_AUTO
2026-06-18 22:32:00,1781821920,R_10,4850.74,1,0.07299999999941065,BACKFILL_AUTO
2026-06-18 22:32:02,1781821922,R_10,4850.524,-1,0.21599999999943975,BACKFILL_AUTO
2026-06-18 22:32:04,1781821924,R_10,4850.347,-1,0.17700000000058935,BACKFILL_AUTO
2026-06-18 22:32:06,1781821926,R_10,4850.378,1,0.03099999999994907,BACKFILL_AUTO
2026-06-18 22:32:08,1781821928,R_10,4850.233,-1,0.14499999999952706,BACKFILL_AUTO
2026-06-18 22:32:10,1781821930,R_10,4850.243,1,0.010000000000218279,BACKFILL_AUTO
2026-06-18 22:32:12,1781821932,R_10,4850.102,-1,0.14100000000053114,BACKFILL_AUTO
2026-06-18 22:32:14,1781821934,R_10,4850.077,-1,0.024999999999636202,BACKFILL_AUTO
2026-06-18 22:32:16,1781821936,R_10,4849.837,-1,0.23999999999978172,BACKFILL_AUTO
2026-06-18 22:32:18,1781821938,R_10,4849.608,-1,0.2290000000002692,BACKFILL_AUTO
2026-06-18 22:32:20,1781821940,R_10,4849.605,-1,0.0030000000006111804,BACKFILL_AUTO
2026-06-18 22:32:22,1781821942,R_10,4849.61,1,0.005000000000109139,BACKFILL_AUTO
2026-06-18 22:32:24,1781821944,R_10,4849.559,-1,0.05099999999947613,BACKFILL_AUTO
2026-06-18 22:32:26,1781821946,R_10,4849.562,1,0.0029999999997016857,BACKFILL_AUTO
2026-06-18 22:32:28,1781821948,R_10,4849.617,1,0.05500000000029104,BACKFILL_AUTO
2026-06-18 22:32:30,1781821950,R_10,4849.538,-1,0.07900000000063301,BACKFILL_AUTO
2026-06-18 22:32:32,1781821952,R_10,4849.799,1,0.261000000000422,BACKFILL_AUTO
2026-06-18 22:32:34,1781821954,R_10,4849.713,-1,0.0860000000002401,BACKFILL_AUTO
2026-06-18 22:32:36,1781821956,R_10,4849.808,1,0.09500000000025466,BACKFILL_AUTO
2026-06-18 22:32:38,1781821958,R_10,4849.761,-1,0.04699999999957072,BACKFILL_AUTO
2026-06-18 22:32:40,1781821960,R_10,4849.741,-1,0.020000000000436557,BACKFILL_AUTO
2026-06-18 22:32:42,1781821962,R_10,4849.974,1,0.23300000000017462,BACKFILL_AUTO
2026-06-18 22:32:44,1781821964,R_10,4849.973,-1,0.0010000000002037268,BACKFILL_AUTO
2026-06-18 22:32:46,1781821966,R_10,4850.006,1,0.03300000000035652,BACKFILL_AUTO
2026-06-18 22:32:48,1781821968,R_10,4850.137,1,0.13099999999940337,BACKFILL_AUTO
2026-06-18 22:32:50,1781821970,R_10,4850.249,1,0.11200000000008004,BACKFILL_AUTO
2026-06-18 22:32:52,1781821972,R_10,4850.221,-1,0.028000000000247383,BACKFILL_AUTO
2026-06-18 22:32:54,1781821974,R_10,4850.064,-1,0.1569999999992433,BACKFILL_AUTO
2026-06-18 22:32:56,1781821976,R_10,4850.019,-1,0.04500000000007276,BACKFILL_AUTO
2026-06-18 22:32:58,1781821978,R_10,4849.99,-1,0.02900000000045111,BACKFILL_AUTO
2026-06-18 22:33:00,1781821980,R_10,4850.039,1,0.04899999999997817,BACKFILL_AUTO
2026-06-18 22:33:02,1781821982,R_10,4849.804,-1,0.23499999999967258,BACKFILL_AUTO
2026-06-18 22:33:04,1781821984,R_10,4849.615,-1,0.1890000000003056,BACKFILL_AUTO
2026-06-18 22:33:06,1781821986,R_10,4849.64,1,0.025000000000545697,BACKFILL_AUTO
2026-06-18 22:33:08,1781821988,R_10,4849.567,-1,0.07300000000032014,BACKFILL_AUTO
2026-06-18 22:33:10,1781821990,R_10,4849.303,-1,0.2640000000001237,BACKFILL_AUTO
2026-06-18 22:33:12,1781821992,R_10,4849.555,1,0.25200000000040745,BACKFILL_AUTO
2026-06-18 22:33:14,1781821994,R_10,4849.289,-1,0.26600000000053114,BACKFILL_AUTO
2026-06-18 22:33:16,1781821996,R_10,4849.549,1,0.2600000000002183,BACKFILL_AUTO
2026-06-18 22:33:18,1781821998,R_10,4849.747,1,0.19800000000032014,BACKFILL_AUTO
2026-06-18 22:33:20,1781822000,R_10,4849.676,-1,0.07099999999991269,BACKFILL_AUTO
2026-06-18 22:33:22,1781822002,R_10,4849.837,1,0.1610000000000582,BACKFILL_AUTO
2026-06-18 22:33:24,1781822004,R_10,4849.956,1,0.11899999999968713,BACKFILL_AUTO
2026-06-18 22:33:26,1781822006,R_10,4850.17,1,0.2139999999999418,BACKFILL_AUTO
2026-06-18 22:33:28,1781822008,R_10,4850.393,1,0.22299999999995634,BACKFILL_AUTO
2026-06-18 22:33:30,1781822010,R_10,4850.444,1,0.051000000000385626,BACKFILL_AUTO
2026-06-18 22:33:32,1781822012,R_10,4850.574,1,0.12999999999919964,BACKFILL_AUTO
2026-06-18 22:33:34,1781822014,R_10,4850.738,1,0.1640000000006694,BACKFILL_AUTO
2026-06-18 22:33:36,1781822016,R_10,4850.695,-1,0.0430000000005748,BACKFILL_AUTO
2026-06-18 22:33:38,1781822018,R_10,4850.662,-1,0.03299999999944703,BACKFILL_AUTO
2026-06-18 22:33:40,1781822020,R_10,4850.806,1,0.14399999999932334,BACKFILL_AUTO
2026-06-18 22:33:42,1781822022,R_10,4850.874,1,0.068000000000211,BACKFILL_AUTO
2026-06-18 22:33:44,1781822024,R_10,4850.907,1,0.03300000000035652,BACKFILL_AUTO
2026-06-18 22:33:46,1781822026,R_10,4850.981,1,0.07399999999961437,BACKFILL_AUTO
2026-06-18 22:33:48,1781822028,R_10,4850.903,-1,0.07799999999951979,BACKFILL_AUTO
2026-06-18 22:33:50,1781822030,R_10,4850.937,1,0.033999999999650754,BACKFILL_AUTO
2026-06-18 22:33:52,1781822032,R_10,4850.952,1,0.015000000000327418,BACKFILL_AUTO
2026-06-18 22:33:54,1781822034,R_10,4850.885,-1,0.06700000000000728,BACKFILL_AUTO
2026-06-18 22:33:56,1781822036,R_10,4850.705,-1,0.18000000000029104,BACKFILL_AUTO
2026-06-18 22:33:58,1781822038,R_10,4850.743,1,0.03800000000046566,BACKFILL_AUTO
2026-06-18 22:34:00,1781822040,R_10,4850.612,-1,0.13100000000031287,BACKFILL_AUTO
2026-06-18 22:34:02,1781822042,R_10,4850.449,-1,0.16300000000046566,BACKFILL_AUTO
2026-06-18 22:34:04,1781822044,R_10,4850.278,-1,0.170999999999367,BACKFILL_AUTO
2026-06-18 22:34:06,1781822046,R_10,4850.374,1,0.09599999999954889,BACKFILL_AUTO
2026-06-18 22:34:08,1781822048,R_10,4850.498,1,0.12399999999979627,BACKFILL_AUTO
2026-06-18 22:34:10,1781822050,R_10,4850.305,-1,0.1929999999993015,BACKFILL_AUTO
2026-06-18 22:34:12,1781822052,R_10,4850.406,1,0.10099999999965803,BACKFILL_AUTO
2026-06-18 22:34:14,1781822054,R_10,4850.493,1,0.08700000000044383,BACKFILL_AUTO
2026-06-18 22:34:16,1781822056,R_10,4850.48,-1,0.01300000000082946,BACKFILL_AUTO
2026-06-18 22:34:18,1781822058,R_10,4850.334,-1,0.1459999999997308,BACKFILL_AUTO
2026-06-18 22:34:20,1781822060,R_10,4849.937,-1,0.3969999999999345,BACKFILL_AUTO
2026-06-18 22:34:22,1781822062,R_10,4849.925,-1,0.011999999999716238,BACKFILL_AUTO
2026-06-18 22:34:24,1781822064,R_10,4850.044,1,0.11899999999968713,BACKFILL_AUTO
2026-06-18 22:34:26,1781822066,R_10,4850.087,1,0.0430000000005748,BACKFILL_AUTO
2026-06-18 22:34:28,1781822068,R_10,4850.136,1,0.04899999999997817,BACKFILL_AUTO
2026-06-18 22:34:30,1781822070,R_10,4850.028,-1,0.10800000000017462,BACKFILL_AUTO
2026-06-18 22:34:32,1781822072,R_10,4850.038,1,0.009999999999308784,BACKFILL_AUTO
2026-06-18 22:34:34,1781822074,R_10,4849.885,-1,0.1529999999993379,BACKFILL_AUTO
2026-06-18 22:34:36,1781822076,R_10,4850.078,1,0.193000000000211,BACKFILL_AUTO
2026-06-18 22:34:38,1781822078,R_10,4849.806,-1,0.272000000000844,BACKFILL_AUTO
2026-06-18 22:34:40,1781822080,R_10,4849.745,-1,0.06099999999969441,BACKFILL_AUTO
2026-06-18 22:34:42,1781822082,R_10,4849.894,1,0.14900000000034197,BACKFILL_AUTO
2026-06-18 22:34:44,1781822084,R_10,4849.981,1,0.08699999999953434,BACKFILL_AUTO
2026-06-18 22:34:46,1781822086,R_10,4849.864,-1,0.11700000000018917,BACKFILL_AUTO
2026-06-18 22:34:48,1781822088,R_10,4849.849,-1,0.014999999999417923,BACKFILL_AUTO
2026-06-18 22:34:50,1781822090,R_10,4849.844,-1,0.005000000000109139,BACKFILL_AUTO
2026-06-18 22:34:52,1781822092,R_10,4850.141,1,0.2969999999995707,BACKFILL_AUTO
2026-06-18 22:34:54,1781822094,R_10,4850.095,-1,0.04599999999936699,BACKFILL_AUTO
2026-06-18 22:34:56,1781822096,R_10,4850.045,-1,0.0500000000001819,BACKFILL_AUTO
2026-06-18 22:34:58,1781822098,R_10,4850.019,-1,0.02599999999983993,BACKFILL_AUTO
2026-06-18 22:35:00,1781822100,R_10,4850.013,-1,0.006000000000312866,BACKFILL_AUTO
2026-06-18 22:35:02,1781822102,R_10,4849.96,-1,0.052999999999883585,BACKFILL_AUTO
2026-06-18 22:35:04,1781822104,R_10,4850.06,1,0.1000000000003638,BACKFILL_AUTO
2026-06-18 22:35:06,1781822106,R_10,4849.991,-1,0.06900000000041473,BACKFILL_AUTO
2026-06-18 22:35:08,1781822108,R_10,4849.876,-1,0.11499999999978172,BACKFILL_AUTO
2026-06-18 22:35:10,1781822110,R_10,4849.757,-1,0.11900000000059663,BACKFILL_AUTO
2026-06-18 22:35:12,1781822112,R_10,4849.673,-1,0.08399999999983265,BACKFILL_AUTO
2026-06-18 22:35:14,1781822114,R_10,4849.85,1,0.17700000000058935,BACKFILL_AUTO
2026-06-18 22:35:16,1781822116,R_10,4849.817,-1,0.03300000000035652,BACKFILL_AUTO
2026-06-18 22:35:18,1781822118,R_10,4849.723,-1,0.09400000000005093,BACKFILL_AUTO
2026-06-18 22:35:20,1781822120,R_10,4849.761,1,0.03800000000046566,BACKFILL_AUTO
2026-06-18 22:35:22,1781822122,R_10,4849.96,1,0.19899999999961437,BACKFILL_AUTO
2026-06-18 22:35:24,1781822124,R_10,4849.941,-1,0.01900000000023283,BACKFILL_AUTO
2026-06-18 22:35:26,1781822126,R_10,4849.745,-1,0.1959999999999127,BACKFILL_AUTO
2026-06-18 22:35:28,1781822128,R_10,4849.642,-1,0.10300000000006548,BACKFILL_AUTO
2026-06-18 22:35:30,1781822130,R_10,4849.856,1,0.2139999999999418,BACKFILL_AUTO
2026-06-18 22:35:32,1781822132,R_10,4849.65,-1,0.20600000000013097,BACKFILL_AUTO
2026-06-18 22:35:34,1781822134,R_10,4849.657,1,0.007000000000516593,BACKFILL_AUTO
2026-06-18 22:35:36,1781822136,R_10,4849.715,1,0.057999999999992724,BACKFILL_AUTO
2026-06-18 22:35:38,1781822138,R_10,4849.615,-1,0.1000000000003638,BACKFILL_AUTO
2026-06-18 22:35:40,1781822140,R_10,4849.561,-1,0.05400000000008731,BACKFILL_AUTO
2026-06-18 22:35:42,1781822142,R_10,4849.631,1,0.07000000000061846,BACKFILL_AUTO
2026-06-18 22:35:44,1781822144,R_10,4849.507,-1,0.12400000000070577,BACKFILL_AUTO
2026-06-18 22:35:46,1781822146,R_10,4849.692,1,0.18500000000040018,BACKFILL_AUTO
2026-06-18 22:35:48,1781822148,R_10,4849.763,1,0.07099999999991269,BACKFILL_AUTO
2026-06-18 22:35:50,1781822150,R_10,4849.955,1,0.19200000000000728,BACKFILL_AUTO
2026-06-18 22:35:52,1781822152,R_10,4849.884,-1,0.07099999999991269,BACKFILL_AUTO
2026-06-18 22:35:54,1781822154,R_10,4849.925,1,0.04100000000016735,BACKFILL_AUTO
2026-06-18 22:35:56,1781822156,R_10,4850.153,1,0.22800000000006548,BACKFILL_AUTO
2026-06-18 22:35:58,1781822158,R_10,4850.111,-1,0.042000000000371074,BACKFILL_AUTO
2026-06-18 22:36:00,1781822160,R_10,4850.237,1,0.12600000000020373,BACKFILL_AUTO
2026-06-18 22:36:02,1781822162,R_10,4850.234,-1,0.0029999999997016857,BACKFILL_AUTO
2026-06-18 22:36:04,1781822164,R_10,4850.114,-1,0.12000000000080036,BACKFILL_AUTO
2026-06-18 22:36:06,1781822166,R_10,4850.097,-1,0.016999999999825377,BACKFILL_AUTO
2026-06-18 22:36:08,1781822168,R_10,4850.047,-1,0.0500000000001819,BACKFILL_AUTO
2026-06-18 22:36:10,1781822170,R_10,4849.965,-1,0.0819999999994252,BACKFILL_AUTO
2026-06-18 22:36:12,1781822172,R_10,4849.727,-1,0.23800000000028376,BACKFILL_AUTO
2026-06-18 22:36:14,1781822174,R_10,4849.684,-1,0.042999999999665306,BACKFILL_AUTO
2026-06-18 22:36:16,1781822176,R_10,4849.631,-1,0.052999999999883585,BACKFILL_AUTO
2026-06-18 22:36:18,1781822178,R_10,4849.9,1,0.26899999999932334,BACKFILL_AUTO
2026-06-18 22:36:20,1781822180,R_10,4850.054,1,0.1540000000004511,BACKFILL_AUTO
2026-06-18 22:36:22,1781822182,R_10,4850.037,-1,0.016999999999825377,BACKFILL_AUTO
2026-06-18 22:36:24,1781822184,R_10,4849.888,-1,0.14900000000034197,BACKFILL_AUTO
2026-06-18 22:36:26,1781822186,R_10,4849.998,1,0.10999999999967258,BACKFILL_AUTO
2026-06-18 22:36:28,1781822188,R_10,4849.903,-1,0.09499999999934516,BACKFILL_AUTO
2026-06-18 22:36:30,1781822190,R_10,4849.889,-1,0.014000000000123691,BACKFILL_AUTO
2026-06-18 22:36:32,1781822192,R_10,4849.999,1,0.10999999999967258,BACKFILL_AUTO
2026-06-18 22:36:34,1781822194,R_10,4850.028,1,0.02900000000045111,BACKFILL_AUTO
2026-06-18 22:36:36,1781822196,R_10,4849.952,-1,0.07600000000002183,BACKFILL_AUTO
2026-06-18 22:36:38,1781822198,R_10,4849.847,-1,0.10500000000047294,BACKFILL_AUTO
2026-06-18 22:36:40,1781822200,R_10,4849.723,-1,0.12399999999979627,BACKFILL_AUTO
2026-06-18 22:36:42,1781822202,R_10,4849.65,-1,0.07300000000032014,BACKFILL_AUTO
2026-06-18 22:36:44,1781822204,R_10,4849.573,-1,0.07699999999931606,BACKFILL_AUTO
2026-06-18 22:36:46,1781822206,R_10,4849.66,1,0.08699999999953434,BACKFILL_AUTO
2026-06-18 22:36:48,1781822208,R_10,4849.902,1,0.24200000000018917,BACKFILL_AUTO
2026-06-18 22:36:50,1781822210,R_10,4850.085,1,0.18299999999999272,BACKFILL_AUTO
2026-06-18 22:36:52,1781822212,R_10,4850.09,1,0.005000000000109139,BACKFILL_AUTO
2026-06-18 22:36:54,1781822214,R_10,4850.051,-1,0.03899999999975989,BACKFILL_AUTO
2026-06-18 22:36:56,1781822216,R_10,4849.881,-1,0.17000000000007276,BACKFILL_AUTO
2026-06-18 22:36:58,1781822218,R_10,4849.616,-1,0.2650000000003274,BACKFILL_AUTO
2026-06-18 22:37:00,1781822220,R_10,4849.435,-1,0.18099999999958527,BACKFILL_AUTO
2026-06-18 22:37:02,1781822222,R_10,4849.304,-1,0.13100000000031287,BACKFILL_AUTO
2026-06-18 22:37:04,1781822224,R_10,4849.271,-1,0.03300000000035652,BACKFILL_AUTO
2026-06-18 22:37:06,1781822226,R_10,4849.366,1,0.09500000000025466,BACKFILL_AUTO
2026-06-18 22:37:08,1781822228,R_10,4849.382,1,0.01599999999962165,BACKFILL_AUTO
2026-06-18 22:37:10,1781822230,R_10,4849.41,1,0.028000000000247383,BACKFILL_AUTO
2026-06-18 22:37:12,1781822232,R_10,4849.582,1,0.1720000000004802,BACKFILL_AUTO
2026-06-18 22:37:14,1781822234,R_10,4849.482,-1,0.1000000000003638,BACKFILL_AUTO
2026-06-18 22:37:16,1781822236,R_10,4849.547,1,0.06499999999959982,BACKFILL_AUTO
2026-06-18 22:37:18,1781822238,R_10,4849.542,-1,0.004999999999199645,BACKFILL_AUTO
2026-06-18 22:37:20,1781822240,R_10,4849.341,-1,0.20100000000002183,BACKFILL_AUTO
2026-06-18 22:37:22,1781822242,R_10,4849.221,-1,0.12000000000080036,BACKFILL_AUTO
2026-06-18 22:37:24,1781822244,R_10,4849.185,-1,0.03599999999914871,BACKFILL_AUTO
2026-06-18 22:37:26,1781822246,R_10,4849.262,1,0.07699999999931606,BACKFILL_AUTO
2026-06-18 22:37:28,1781822248,R_10,4849.452,1,0.19000000000050932,BACKFILL_AUTO
2026-06-18 22:37:30,1781822250,R_10,4849.699,1,0.24699999999938882,BACKFILL_AUTO
2026-06-18 22:37:32,1781822252,R_10,4849.735,1,0.03600000000005821,BACKFILL_AUTO
2026-06-18 22:37:34,1781822254,R_10,4849.999,1,0.2640000000001237,BACKFILL_AUTO
2026-06-18 22:37:36,1781822256,R_10,4849.869,-1,0.13000000000010914,BACKFILL_AUTO
2026-06-18 22:37:38,1781822258,R_10,4849.87,1,0.0010000000002037268,BACKFILL_AUTO
2026-06-18 22:37:40,1781822260,R_10,4849.838,-1,0.032000000000152795,BACKFILL_AUTO
2026-06-18 22:37:42,1781822262,R_10,4849.81,-1,0.027999999999337888,BACKFILL_AUTO
2026-06-18 22:37:44,1781822264,R_10,4849.913,1,0.10299999999915599,BACKFILL_AUTO
2026-06-18 22:37:46,1781822266,R_10,4849.93,1,0.01700000000073487,BACKFILL_AUTO
2026-06-18 22:37:48,1781822268,R_10,4849.978,1,0.047999999999774445,BACKFILL_AUTO
2026-06-18 22:37:50,1781822270,R_10,4849.885,-1,0.0929999999998472,BACKFILL_AUTO
2026-06-18 22:37:52,1781822272,R_10,4849.871,-1,0.014000000000123691,BACKFILL_AUTO
2026-06-18 22:37:54,1781822274,R_10,4849.974,1,0.10300000000006548,BACKFILL_AUTO
2026-06-18 22:37:56,1781822276,R_10,4849.874,-1,0.1000000000003638,BACKFILL_AUTO
2026-06-18 22:37:58,1781822278,R_10,4849.904,1,0.030000000000654836,BACKFILL_AUTO
2026-06-18 22:38:00,1781822280,R_10,4849.997,1,0.0929999999998472,BACKFILL_AUTO
2026-06-18 22:38:02,1781822282,R_10,4849.831,-1,0.16600000000016735,BACKFILL_AUTO
2026-06-18 22:38:04,1781822284,R_10,4849.908,1,0.07700000000022555,BACKFILL_AUTO
2026-06-18 22:38:06,1781822286,R_10,4849.752,-1,0.15599999999994907,BACKFILL_AUTO
2026-06-18 22:38:08,1781822288,R_10,4849.824,1,0.07199999999920692,BACKFILL_AUTO
2026-06-18 22:38:10,1781822290,R_10,4849.873,1,0.04899999999997817,BACKFILL_AUTO
2026-06-18 22:38:12,1781822292,R_10,4849.77,-1,0.10299999999915599,BACKFILL_AUTO
2026-06-18 22:38:14,1781822294,R_10,4849.552,-1,0.2180000000007567,BACKFILL_AUTO
2026-06-18 22:38:16,1781822296,R_10,4849.531,-1,0.02099999999973079,BACKFILL_AUTO
2026-06-18 22:38:18,1781822298,R_10,4849.369,-1,0.16200000000026193,BACKFILL_AUTO
2026-06-18 22:38:20,1781822300,R_10,4849.482,1,0.11300000000028376,BACKFILL_AUTO
2026-06-18 22:38:22,1781822302,R_10,4849.315,-1,0.16700000000037107,BACKFILL_AUTO
2026-06-18 22:38:24,1781822304,R_10,4849.243,-1,0.07199999999920692,BACKFILL_AUTO
2026-06-18 22:38:26,1781822306,R_10,4849.289,1,0.04599999999936699,BACKFILL_AUTO
2026-06-18 22:38:28,1781822308,R_10,4849.447,1,0.15800000000035652,BACKFILL_AUTO
2026-06-18 22:38:30,1781822310,R_10,4849.672,1,0.2249999999994543,BACKFILL_AUTO
2026-06-18 22:38:32,1781822312,R_10,4849.701,1,0.02900000000045111,BACKFILL_AUTO
2026-06-18 22:38:34,1781822314,R_10,4849.934,1,0.23300000000017462,BACKFILL_AUTO
2026-06-18 22:38:36,1781822316,R_10,4849.95,1,0.01599999999962165,BACKFILL_AUTO
2026-06-18 22:38:38,1781822318,R_10,4849.896,-1,0.05400000000008731,BACKFILL_AUTO
2026-06-18 22:38:40,1781822320,R_10,4849.829,-1,0.06700000000000728,BACKFILL_AUTO
2026-06-18 22:38:42,1781822322,R_10,4850.016,1,0.18699999999989814,BACKFILL_AUTO
2026-06-18 22:38:44,1781822324,R_10,4850.03,1,0.014000000000123691,BACKFILL_AUTO
2026-06-18 22:38:46,1781822326,R_10,4850.248,1,0.2179999999998472,BACKFILL_AUTO
2026-06-18 22:38:48,1781822328,R_10,4850.137,-1,0.11099999999987631,BACKFILL_AUTO
2026-06-18 22:38:50,1781822330,R_10,4850.399,1,0.26200000000062573,BACKFILL_AUTO
2026-06-18 22:38:52,1781822332,R_10,4850.311,-1,0.08800000000064756,BACKFILL_AUTO
2026-06-18 22:38:54,1781822334,R_10,4850.287,-1,0.023999999999432475,BACKFILL_AUTO
2026-06-18 22:38:56,1781822336,R_10,4850.492,1,0.20499999999992724,BACKFILL_AUTO
2026-06-18 22:38:58,1781822338,R_10,4850.618,1,0.12600000000020373,BACKFILL_AUTO
2026-06-18 22:39:00,1781822340,R_10,4850.559,-1,0.05900000000019645,BACKFILL_AUTO
2026-06-18 22:39:02,1781822342,R_10,4850.797,1,0.23799999999937427,BACKFILL_AUTO
2026-06-18 22:39:04,1781822344,R_10,4850.903,1,0.10600000000067666,BACKFILL_AUTO
2026-06-18 22:39:06,1781822346,R_10,4851.002,1,0.09900000000016007,BACKFILL_AUTO
2026-06-18 22:39:08,1781822348,R_10,4850.99,-1,0.012000000000625732,BACKFILL_AUTO
2026-06-18 22:39:10,1781822350,R_10,4851.245,1,0.25500000000010914,BACKFILL_AUTO
2026-06-18 22:39:12,1781822352,R_10,4851.47,1,0.2250000000003638,BACKFILL_AUTO
2026-06-18 22:39:14,1781822354,R_10,4851.695,1,0.2249999999994543,BACKFILL_AUTO
2026-06-18 22:39:16,1781822356,R_10,4851.427,-1,0.2680000000000291,BACKFILL_AUTO
2026-06-18 22:39:18,1781822358,R_10,4851.481,1,0.05400000000008731,BACKFILL_AUTO
2026-06-18 22:39:20,1781822360,R_10,4851.241,-1,0.23999999999978172,BACKFILL_AUTO
2026-06-18 22:39:22,1781822362,R_10,4851.433,1,0.19200000000000728,BACKFILL_AUTO
2026-06-18 22:39:24,1781822364,R_10,4851.32,-1,0.11300000000028376,BACKFILL_AUTO
2026-06-18 22:39:26,1781822366,R_10,4851.239,-1,0.08100000000013097,BACKFILL_AUTO
2026-06-18 22:39:28,1781822368,R_10,4851.228,-1,0.01099999999951251,BACKFILL_AUTO
2026-06-18 22:39:30,1781822370,R_10,4851.251,1,0.023000000000138243,BACKFILL_AUTO
2026-06-18 22:39:32,1781822372,R_10,4851.305,1,0.05400000000008731,BACKFILL_AUTO
2026-06-18 22:39:34,1781822374,R_10,4851.349,1,0.04399999999986903,BACKFILL_AUTO
2026-06-18 22:39:36,1781822376,R_10,4851.521,1,0.17199999999957072,BACKFILL_AUTO
2026-06-18 22:39:38,1781822378,R_10,4851.542,1,0.021000000000640284,BACKFILL_AUTO
2026-06-18 22:39:40,1781822380,R_10,4851.417,-1,0.125,BACKFILL_AUTO
2026-06-18 22:39:42,1781822382,R_10,4851.285,-1,0.1320000000005166,BACKFILL_AUTO
2026-06-18 22:39:44,1781822384,R_10,4851.045,-1,0.23999999999978172,BACKFILL_AUTO
2026-06-18 22:39:46,1781822386,R_10,4851.246,1,0.20100000000002183,BACKFILL_AUTO
2026-06-18 22:39:48,1781822388,R_10,4851.316,1,0.06999999999970896,BACKFILL_AUTO
2026-06-18 22:39:50,1781822390,R_10,4851.174,-1,0.14199999999982538,BACKFILL_AUTO
2026-06-18 22:39:52,1781822392,R_10,4851.109,-1,0.06499999999959982,BACKFILL_AUTO
2026-06-18 22:39:54,1781822394,R_10,4851.206,1,0.09699999999975262,BACKFILL_AUTO
2026-06-18 22:39:56,1781822396,R_10,4851.359,1,0.15300000000024738,BACKFILL_AUTO
2026-06-18 22:39:58,1781822398,R_10,4851.533,1,0.17399999999997817,BACKFILL_AUTO
2026-06-18 22:40:00,1781822400,R_10,4851.409,-1,0.12400000000070577,BACKFILL_AUTO
2026-06-18 22:40:02,1781822402,R_10,4851.475,1,0.06600000000071304,BACKFILL_AUTO
2026-06-18 22:40:04,1781822404,R_10,4851.575,1,0.0999999999994543,BACKFILL_AUTO
2026-06-18 22:40:06,1781822406,R_10,4851.74,1,0.16499999999996362,BACKFILL_AUTO
2026-06-18 22:40:08,1781822408,R_10,4851.718,-1,0.021999999999934516,BACKFILL_AUTO
2026-06-18 22:40:10,1781822410,R_10,4851.728,1,0.010000000000218279,BACKFILL_AUTO
2026-06-18 22:40:12,1781822412,R_10,4851.512,-1,0.21600000000034925,BACKFILL_AUTO
2026-06-18 22:40:14,1781822414,R_10,4851.284,-1,0.22800000000006548,BACKFILL_AUTO
2026-06-18 22:40:16,1781822416,R_10,4851.369,1,0.08500000000003638,BACKFILL_AUTO
2026-06-18 22:40:18,1781822418,R_10,4851.353,-1,0.01599999999962165,BACKFILL_AUTO
2026-06-18 22:40:20,1781822420,R_10,4851.526,1,0.17299999999977445,BACKFILL_AUTO
2026-06-18 22:40:22,1781822422,R_10,4851.536,1,0.010000000000218279,BACKFILL_AUTO
2026-06-18 22:40:24,1781822424,R_10,4851.673,1,0.13699999999971624,BACKFILL_AUTO
2026-06-18 22:40:26,1781822426,R_10,4851.825,1,0.15200000000004366,BACKFILL_AUTO
2026-06-18 22:40:28,1781822428,R_10,4851.792,-1,0.03299999999944703,BACKFILL_AUTO
2026-06-18 22:40:30,1781822430,R_10,4851.766,-1,0.026000000000749424,BACKFILL_AUTO
2026-06-18 22:40:32,1781822432,R_10,4851.841,1,0.0750000000007276,BACKFILL_AUTO
2026-06-18 22:40:34,1781822434,R_10,4851.81,-1,0.03099999999994907,BACKFILL_AUTO
2026-06-18 22:40:36,1781822436,R_10,4851.846,1,0.03599999999914871,BACKFILL_AUTO
2026-06-18 22:40:38,1781822438,R_10,4851.916,1,0.07000000000061846,BACKFILL_AUTO
2026-06-18 22:40:40,1781822440,R_10,4851.763,-1,0.15300000000024738,BACKFILL_AUTO
2026-06-18 22:40:42,1781822442,R_10,4851.8,1,0.037000000000261934,BACKFILL_AUTO
2026-06-18 22:40:44,1781822444,R_10,4851.969,1,0.16899999999986903,BACKFILL_AUTO
2026-06-18 22:40:46,1781822446,R_10,4851.673,-1,0.2960000000002765,BACKFILL_AUTO
2026-06-18 22:40:48,1781822448,R_10,4851.595,-1,0.07799999999951979,BACKFILL_AUTO
2026-06-18 22:40:50,1781822450,R_10,4851.627,1,0.032000000000152795,BACKFILL_AUTO
2026-06-18 22:40:52,1781822452,R_10,4851.625,-1,0.0020000000004074536,BACKFILL_AUTO
2026-06-18 22:40:54,1781822454,R_10,4851.584,-1,0.04100000000016735,BACKFILL_AUTO
2026-06-18 22:40:56,1781822456,R_10,4851.778,1,0.19400000000041473,BACKFILL_AUTO
2026-06-18 22:40:58,1781822458,R_10,4851.923,1,0.14499999999952706,BACKFILL_AUTO
2026-06-18 22:41:00,1781822460,R_10,4851.835,-1,0.08799999999973807,BACKFILL_AUTO
2026-06-18 22:41:02,1781822462,R_10,4852.029,1,0.19400000000041473,BACKFILL_AUTO
2026-06-18 22:41:04,1781822464,R_10,4852.016,-1,0.01300000000082946,BACKFILL_AUTO
2026-06-18 22:41:06,1781822466,R_10,4851.915,-1,0.10099999999965803,BACKFILL_AUTO
2026-06-18 22:41:08,1781822468,R_10,4851.708,-1,0.2070000000003347,BACKFILL_AUTO
2026-06-18 22:41:10,1781822470,R_10,4851.769,1,0.061000000000603904,BACKFILL_AUTO
2026-06-18 22:41:12,1781822472,R_10,4851.774,1,0.005000000000109139,BACKFILL_AUTO
2026-06-18 22:41:14,1781822474,R_10,4851.79,1,0.01599999999962165,BACKFILL_AUTO
2026-06-18 22:41:16,1781822476,R_10,4851.869,1,0.07899999999972351,BACKFILL_AUTO
2026-06-18 22:41:18,1781822478,R_10,4851.663,-1,0.20600000000013097,BACKFILL_AUTO
2026-06-18 22:41:20,1781822480,R_10,4851.562,-1,0.10099999999965803,BACKFILL_AUTO
2026-06-18 22:41:22,1781822482,R_10,4851.482,-1,0.07999999999992724,BACKFILL_AUTO
2026-06-18 22:41:24,1781822484,R_10,4851.321,-1,0.1610000000000582,BACKFILL_AUTO
2026-06-18 22:41:26,1781822486,R_10,4851.437,1,0.11599999999998545,BACKFILL_AUTO
2026-06-18 22:41:28,1781822488,R_10,4851.473,1,0.03600000000005821,BACKFILL_AUTO
2026-06-18 22:41:30,1781822490,R_10,4851.226,-1,0.24700000000029831,BACKFILL_AUTO
2026-06-18 22:41:32,1781822492,R_10,4851.197,-1,0.028999999999541615,BACKFILL_AUTO
2026-06-18 22:41:34,1781822494,R_10,4851.345,1,0.14800000000013824,BACKFILL_AUTO
2026-06-18 22:41:36,1781822496,R_10,4851.421,1,0.07600000000002183,BACKFILL_AUTO
2026-06-18 22:41:38,1781822498,R_10,4851.24,-1,0.18100000000049477,BACKFILL_AUTO
2026-06-18 22:41:40,1781822500,R_10,4851.439,1,0.19900000000052387,BACKFILL_AUTO
2026-06-18 22:41:42,1781822502,R_10,4851.486,1,0.04699999999957072,BACKFILL_AUTO
2026-06-18 22:41:44,1781822504,R_10,4851.363,-1,0.12299999999959255,BACKFILL_AUTO
2026-06-18 22:41:46,1781822506,R_10,4851.639,1,0.27599999999983993,BACKFILL_AUTO
2026-06-18 22:41:48,1781822508,R_10,4851.555,-1,0.08399999999983265,BACKFILL_AUTO
2026-06-18 22:41:50,1781822510,R_10,4851.524,-1,0.03099999999994907,BACKFILL_AUTO
2026-06-18 22:41:52,1781822512,R_10,4851.53,1,0.0059999999994033715,BACKFILL_AUTO
2026-06-18 22:41:54,1781822514,R_10,4851.721,1,0.19099999999980355,BACKFILL_AUTO
2026-06-18 22:41:56,1781822516,R_10,4851.686,-1,0.03499999999985448,BACKFILL_AUTO
2026-06-18 22:41:58,1781822518,R_10,4851.646,-1,0.03999999999996362,BACKFILL_AUTO
2026-06-18 22:42:00,1781822520,R_10,4851.602,-1,0.04399999999986903,BACKFILL_AUTO
2026-06-18 22:42:02,1781822522,R_10,4851.65,1,0.047999999999774445,BACKFILL_AUTO
2026-06-18 22:42:04,1781822524,R_10,4851.612,-1,0.03799999999955617,BACKFILL_AUTO
2026-06-18 22:42:06,1781822526,R_10,4851.583,-1,0.02900000000045111,BACKFILL_AUTO
2026-06-18 22:42:08,1781822528,R_10,4851.567,-1,0.01599999999962165,BACKFILL_AUTO
2026-06-18 22:42:10,1781822530,R_10,4851.215,-1,0.35199999999986176,BACKFILL_AUTO
2026-06-18 22:42:12,1781822532,R_10,4851.203,-1,0.011999999999716238,BACKFILL_AUTO
2026-06-18 22:42:14,1781822534,R_10,4851.202,-1,0.0010000000002037268,BACKFILL_AUTO
2026-06-18 22:42:16,1781822536,R_10,4851.216,1,0.014000000000123691,BACKFILL_AUTO
2026-06-18 22:42:18,1781822538,R_10,4851.168,-1,0.04800000000068394,BACKFILL_AUTO
2026-06-18 22:42:20,1781822540,R_10,4851.019,-1,0.14899999999943248,BACKFILL_AUTO
2026-06-18 22:42:22,1781822542,R_10,4851.075,1,0.05599999999958527,BACKFILL_AUTO
2026-06-18 22:42:24,1781822544,R_10,4850.957,-1,0.11799999999948341,BACKFILL_AUTO
2026-06-18 22:42:26,1781822546,R_10,4850.78,-1,0.17700000000058935,BACKFILL_AUTO
2026-06-18 22:42:28,1781822548,R_10,4850.712,-1,0.06799999999930151,BACKFILL_AUTO
2026-06-18 22:42:30,1781822550,R_10,4850.868,1,0.15599999999994907,BACKFILL_AUTO
2026-06-18 22:42:32,1781822552,R_10,4851.098,1,0.22999999999956344,BACKFILL_AUTO
2026-06-18 22:42:34,1781822554,R_10,4851.305,1,0.2070000000003347,BACKFILL_AUTO
2026-06-18 22:42:36,1781822556,R_10,4851.215,-1,0.09000000000014552,BACKFILL_AUTO
2026-06-18 22:42:38,1781822558,R_10,4851.194,-1,0.02099999999973079,BACKFILL_AUTO
2026-06-18 22:42:40,1781822560,R_10,4851.174,-1,0.020000000000436557,BACKFILL_AUTO
2026-06-18 22:42:42,1781822562,R_10,4851.108,-1,0.06599999999980355,BACKFILL_AUTO
2026-06-18 22:42:44,1781822564,R_10,4851.187,1,0.07899999999972351,BACKFILL_AUTO
2026-06-18 22:42:46,1781822566,R_10,4851.237,1,0.0500000000001819,BACKFILL_AUTO
2026-06-18 22:42:48,1781822568,R_10,4851.305,1,0.068000000000211,BACKFILL_AUTO
2026-06-18 22:42:50,1781822570,R_10,4851.147,-1,0.15800000000035652,BACKFILL_AUTO
2026-06-18 22:42:52,1781822572,R_10,4851.134,-1,0.012999999999919964,BACKFILL_AUTO
2026-06-18 22:42:54,1781822574,R_10,4851.228,1,0.09400000000005093,BACKFILL_AUTO
2026-06-18 22:42:56,1781822576,R_10,4851.14,-1,0.08799999999973807,BACKFILL_AUTO
2026-06-18 22:42:58,1781822578,R_10,4851.207,1,0.06700000000000728,BACKFILL_AUTO
2026-06-18 22:43:00,1781822580,R_10,4851.022,-1,0.18500000000040018,BACKFILL_AUTO
2026-06-18 22:43:02,1781822582,R_10,4851.013,-1,0.009000000000014552,BACKFILL_AUTO
2026-06-18 22:43:04,1781822584,R_10,4851.183,1,0.17000000000007276,BACKFILL_AUTO
2026-06-18 22:43:06,1781822586,R_10,4851.323,1,0.14000000000032742,BACKFILL_AUTO
2026-06-18 22:43:08,1781822588,R_10,4851.141,-1,0.1820000000006985,BACKFILL_AUTO
2026-06-18 22:43:10,1781822590,R_10,4851.228,1,0.08700000000044383,BACKFILL_AUTO
2026-06-18 22:43:12,1781822592,R_10,4851.084,-1,0.14400000000023283,BACKFILL_AUTO
2026-06-18 22:43:14,1781822594,R_10,4851.096,1,0.011999999999716238,BACKFILL_AUTO
2026-06-18 22:43:16,1781822596,R_10,4851.094,-1,0.001999999999497959,BACKFILL_AUTO
2026-06-18 22:43:18,1781822598,R_10,4851.265,1,0.1710000000002765,BACKFILL_AUTO
2026-06-18 22:43:20,1781822600,R_10,4851.457,1,0.19200000000000728,BACKFILL_AUTO
2026-06-18 22:43:22,1781822602,R_10,4851.696,1,0.238999999999578,BACKFILL_AUTO
2026-06-18 22:43:24,1781822604,R_10,4851.635,-1,0.06099999999969441,BACKFILL_AUTO
2026-06-18 22:43:26,1781822606,R_10,4851.571,-1,0.06400000000030559,BACKFILL_AUTO
2026-06-18 22:43:28,1781822608,R_10,4851.421,-1,0.1499999999996362,BACKFILL_AUTO
2026-06-18 22:43:30,1781822610,R_10,4851.62,1,0.19899999999961437,BACKFILL_AUTO
2026-06-18 22:43:32,1781822612,R_10,4851.799,1,0.1790000000000873,BACKFILL_AUTO
2026-06-18 22:43:34,1781822614,R_10,4851.952,1,0.15300000000024738,BACKFILL_AUTO
2026-06-18 22:43:36,1781822616,R_10,4851.847,-1,0.10500000000047294,BACKFILL_AUTO
2026-06-18 22:43:38,1781822618,R_10,4851.791,-1,0.05599999999958527,BACKFILL_AUTO
2026-06-18 22:43:40,1781822620,R_10,4851.719,-1,0.07200000000011642,BACKFILL_AUTO
2026-06-18 22:43:42,1781822622,R_10,4851.805,1,0.0860000000002401,BACKFILL_AUTO
2026-06-18 22:43:44,1781822624,R_10,4852.093,1,0.28799999999955617,BACKFILL_AUTO
2026-06-18 22:43:46,1781822626,R_10,4851.968,-1,0.125,BACKFILL_AUTO
2026-06-18 22:43:48,1781822628,R_10,4851.875,-1,0.0929999999998472,BACKFILL_AUTO
2026-06-18 22:43:50,1781822630,R_10,4851.897,1,0.021999999999934516,BACKFILL_AUTO
2026-06-18 22:43:52,1781822632,R_10,4851.829,-1,0.068000000000211,BACKFILL_AUTO
2026-06-18 22:43:54,1781822634,R_10,4851.953,1,0.12400000000070577,BACKFILL_AUTO
2026-06-18 22:43:56,1781822636,R_10,4851.821,-1,0.1320000000005166,BACKFILL_AUTO
2026-06-18 22:43:58,1781822638,R_10,4851.601,-1,0.22000000000025466,BACKFILL_AUTO
2026-06-18 22:44:00,1781822640,R_10,4851.603,1,0.0020000000004074536,BACKFILL_AUTO
2026-06-18 22:44:02,1781822642,R_10,4851.794,1,0.19099999999980355,BACKFILL_AUTO
2026-06-18 22:44:04,1781822644,R_10,4851.883,1,0.08899999999994179,BACKFILL_AUTO
2026-06-18 22:44:06,1781822646,R_10,4851.809,-1,0.07399999999961437,BACKFILL_AUTO
2026-06-18 22:44:08,1781822648,R_10,4851.811,1,0.001999999999497959,BACKFILL_AUTO
2026-06-18 22:44:10,1781822650,R_10,4851.627,-1,0.18399999999928696,BACKFILL_AUTO
2026-06-18 22:44:12,1781822652,R_10,4851.703,1,0.07600000000002183,BACKFILL_AUTO
2026-06-18 22:44:14,1781822654,R_10,4851.812,1,0.10899999999946886,BACKFILL_AUTO
2026-06-18 22:44:16,1781822656,R_10,4851.609,-1,0.2029999999995198,BACKFILL_AUTO
2026-06-18 22:44:18,1781822658,R_10,4851.558,-1,0.051000000000385626,BACKFILL_AUTO
2026-06-18 22:44:20,1781822660,R_10,4851.708,1,0.1499999999996362,BACKFILL_AUTO
2026-06-18 22:44:22,1781822662,R_10,4851.436,-1,0.2719999999999345,BACKFILL_AUTO
2026-06-18 22:44:24,1781822664,R_10,4851.381,-1,0.054999999999381544,BACKFILL_AUTO
2026-06-18 22:44:26,1781822666,R_10,4851.438,1,0.056999999999789,BACKFILL_AUTO
2026-06-18 22:44:28,1781822668,R_10,4851.236,-1,0.20200000000022555,BACKFILL_AUTO
2026-06-18 22:44:30,1781822670,R_10,4851.267,1,0.03099999999994907,BACKFILL_AUTO
2026-06-18 22:44:32,1781822672,R_10,4851.332,1,0.06500000000050932,BACKFILL_AUTO
2026-06-18 22:44:34,1781822674,R_10,4851.213,-1,0.11900000000059663,BACKFILL_AUTO
2026-06-18 22:44:36,1781822676,R_10,4851.273,1,0.06000000000040018,BACKFILL_AUTO
2026-06-18 22:44:38,1781822678,R_10,4851.358,1,0.08500000000003638,BACKFILL_AUTO
2026-06-18 22:44:40,1781822680,R_10,4851.579,1,0.2209999999995489,BACKFILL_AUTO
2026-06-18 22:44:42,1781822682,R_10,4851.461,-1,0.11799999999948341,BACKFILL_AUTO
2026-06-18 22:44:44,1781822684,R_10,4851.308,-1,0.15300000000024738,BACKFILL_AUTO
2026-06-18 22:44:46,1781822686,R_10,4851.329,1,0.02099999999973079,BACKFILL_AUTO
2026-06-18 22:44:48,1781822688,R_10,4851.183,-1,0.1459999999997308,BACKFILL_AUTO
2026-06-18 22:44:50,1781822690,R_10,4851.154,-1,0.028999999999541615,BACKFILL_AUTO
2026-06-18 22:44:52,1781822692,R_10,4851.179,1,0.024999999999636202,BACKFILL_AUTO
2026-06-18 22:44:54,1781822694,R_10,4851.352,1,0.17299999999977445,BACKFILL_AUTO
2026-06-18 22:44:56,1781822696,R_10,4851.403,1,0.051000000000385626,BACKFILL_AUTO
2026-06-18 22:44:58,1781822698,R_10,4851.602,1,0.19899999999961437,BACKFILL_AUTO
2026-06-18 22:45:00,1781822700,R_10,4851.581,-1,0.02099999999973079,BACKFILL_AUTO
2026-06-18 22:45:02,1781822702,R_10,4851.5,-1,0.08100000000013097,BACKFILL_AUTO
2026-06-18 22:45:04,1781822704,R_10,4851.677,1,0.17699999999967986,BACKFILL_AUTO
2026-06-18 22:45:06,1781822706,R_10,4851.855,1,0.17799999999988358,BACKFILL_AUTO
2026-06-18 22:45:08,1781822708,R_10,4852.136,1,0.28100000000085856,BACKFILL_AUTO
2026-06-18 22:45:10,1781822710,R_10,4852.182,1,0.04599999999936699,BACKFILL_AUTO
2026-06-18 22:45:12,1781822712,R_10,4851.889,-1,0.2929999999996653,BACKFILL_AUTO
2026-06-18 22:45:14,1781822714,R_10,4851.925,1,0.03600000000005821,BACKFILL_AUTO
2026-06-18 22:45:16,1781822716,R_10,4851.874,-1,0.051000000000385626,BACKFILL_AUTO
2026-06-18 22:45:18,1781822718,R_10,4852.067,1,0.193000000000211,BACKFILL_AUTO
2026-06-18 22:45:20,1781822720,R_10,4852.076,1,0.009000000000014552,BACKFILL_AUTO
2026-06-18 22:45:22,1781822722,R_10,4852.045,-1,0.03099999999994907,BACKFILL_AUTO
2026-06-18 22:45:24,1781822724,R_10,4851.852,-1,0.193000000000211,BACKFILL_AUTO
2026-06-18 22:45:26,1781822726,R_10,4851.677,-1,0.1750000000001819,BACKFILL_AUTO
2026-06-18 22:45:28,1781822728,R_10,4851.532,-1,0.14499999999952706,BACKFILL_AUTO
2026-06-18 22:45:30,1781822730,R_10,4851.405,-1,0.12700000000040745,BACKFILL_AUTO
2026-06-18 22:45:32,1781822732,R_10,4851.416,1,0.011000000000422006,BACKFILL_AUTO
2026-06-18 22:45:34,1781822734,R_10,4851.331,-1,0.08500000000003638,BACKFILL_AUTO
2026-06-18 22:45:36,1781822736,R_10,4851.349,1,0.018000000000029104,BACKFILL_AUTO
2026-06-18 22:45:38,1781822738,R_10,4851.387,1,0.03799999999955617,BACKFILL_AUTO
2026-06-18 22:45:40,1781822740,R_10,4851.484,1,0.09700000000066211,BACKFILL_AUTO
2026-06-18 22:45:42,1781822742,R_10,4851.476,-1,0.00800000000072032,BACKFILL_AUTO
2026-06-18 22:45:44,1781822744,R_10,4851.493,1,0.01700000000073487,BACKFILL_AUTO
2026-06-18 22:45:46,1781822746,R_10,4851.333,-1,0.16000000000076398,BACKFILL_AUTO
2026-06-18 22:45:48,1781822748,R_10,4851.267,-1,0.06599999999980355,BACKFILL_AUTO
2026-06-18 22:45:50,1781822750,R_10,4851.129,-1,0.13799999999991996,BACKFILL_AUTO
2026-06-18 22:45:52,1781822752,R_10,4850.983,-1,0.1459999999997308,BACKFILL_AUTO
2026-06-18 22:45:54,1781822754,R_10,4851.252,1,0.26900000000023283,BACKFILL_AUTO
2026-06-18 22:45:56,1781822756,R_10,4851.215,-1,0.037000000000261934,BACKFILL_AUTO
2026-06-18 22:45:58,1781822758,R_10,4851.302,1,0.08699999999953434,BACKFILL_AUTO
2026-06-18 22:46:00,1781822760,R_10,4851.275,-1,0.027000000000043656,BACKFILL_AUTO
2026-06-18 22:46:02,1781822762,R_10,4851.219,-1,0.05599999999958527,BACKFILL_AUTO
2026-06-18 22:46:04,1781822764,R_10,4851.291,1,0.07200000000011642,BACKFILL_AUTO
2026-06-18 22:46:06,1781822766,R_10,4851.379,1,0.08799999999973807,BACKFILL_AUTO
2026-06-18 22:46:08,1781822768,R_10,4851.331,-1,0.047999999999774445,BACKFILL_AUTO
2026-06-18 22:46:10,1781822770,R_10,4851.35,1,0.01900000000023283,BACKFILL_AUTO
2026-06-18 22:46:12,1781822772,R_10,4851.389,1,0.03899999999975989,BACKFILL_AUTO
2026-06-18 22:46:14,1781822774,R_10,4851.414,1,0.024999999999636202,BACKFILL_AUTO
2026-06-18 22:46:16,1781822776,R_10,4851.297,-1,0.11700000000018917,BACKFILL_AUTO
2026-06-18 22:46:18,1781822778,R_10,4851.359,1,0.06200000000080763,BACKFILL_AUTO
2026-06-18 22:46:20,1781822780,R_10,4851.179,-1,0.18000000000029104,BACKFILL_AUTO
2026-06-18 22:46:22,1781822782,R_10,4851.175,-1,0.0039999999999054126,BACKFILL_AUTO
2026-06-18 22:46:24,1781822784,R_10,4851.144,-1,0.03099999999994907,BACKFILL_AUTO
2026-06-18 22:46:26,1781822786,R_10,4851.387,1,0.2429999999994834,BACKFILL_AUTO
2026-06-18 22:46:28,1781822788,R_10,4851.153,-1,0.23399999999946886,BACKFILL_AUTO
2026-06-18 22:46:30,1781822790,R_10,4851.134,-1,0.01900000000023283,BACKFILL_AUTO
2026-06-18 22:46:32,1781822792,R_10,4851.14,1,0.006000000000312866,BACKFILL_AUTO
2026-06-18 22:46:34,1781822794,R_10,4851.142,1,0.001999999999497959,BACKFILL_AUTO
2026-06-18 22:46:36,1781822796,R_10,4851.17,1,0.028000000000247383,BACKFILL_AUTO
2026-06-18 22:46:38,1781822798,R_10,4851.227,1,0.056999999999789,BACKFILL_AUTO
2026-06-18 22:46:40,1781822800,R_10,4851.426,1,0.19900000000052387,BACKFILL_AUTO
2026-06-18 22:46:42,1781822802,R_10,4851.343,-1,0.08300000000053842,BACKFILL_AUTO
2026-06-18 22:46:44,1781822804,R_10,4851.372,1,0.02900000000045111,BACKFILL_AUTO
2026-06-18 22:46:46,1781822806,R_10,4851.321,-1,0.051000000000385626,BACKFILL_AUTO
2026-06-18 22:46:48,1781822808,R_10,4851.326,1,0.005000000000109139,BACKFILL_AUTO
2026-06-18 22:46:50,1781822810,R_10,4851.255,-1,0.07099999999991269,BACKFILL_AUTO
2026-06-18 22:46:52,1781822812,R_10,4851.304,1,0.04899999999997817,BACKFILL_AUTO
2026-06-18 22:46:54,1781822814,R_10,4851.432,1,0.12799999999970169,BACKFILL_AUTO
2026-06-18 22:46:56,1781822816,R_10,4851.496,1,0.06400000000030559,BACKFILL_AUTO
2026-06-18 22:46:58,1781822818,R_10,4851.519,1,0.023000000000138243,BACKFILL_AUTO
2026-06-18 22:47:00,1781822820,R_10,4851.445,-1,0.07400000000052387,BACKFILL_AUTO
2026-06-18 22:47:02,1781822822,R_10,4851.533,1,0.08800000000064756,BACKFILL_AUTO
2026-06-18 22:47:04,1781822824,R_10,4851.833,1,0.2999999999992724,BACKFILL_AUTO
2026-06-18 22:47:06,1781822826,R_10,4851.692,-1,0.14099999999962165,BACKFILL_AUTO
2026-06-18 22:47:08,1781822828,R_10,4851.608,-1,0.08399999999983265,BACKFILL_AUTO
2026-06-18 22:47:10,1781822830,R_10,4851.619,1,0.01099999999951251,BACKFILL_AUTO
2026-06-18 22:47:12,1781822832,R_10,4851.777,1,0.15800000000035652,BACKFILL_AUTO
2026-06-18 22:47:14,1781822834,R_10,4851.845,1,0.068000000000211,BACKFILL_AUTO
2026-06-18 22:47:16,1781822836,R_10,4851.83,-1,0.015000000000327418,BACKFILL_AUTO
2026-06-18 22:47:18,1781822838,R_10,4851.978,1,0.14800000000013824,BACKFILL_AUTO
2026-06-18 22:47:20,1781822840,R_10,4851.901,-1,0.07700000000022555,BACKFILL_AUTO
2026-06-18 22:47:22,1781822842,R_10,4852.048,1,0.14699999999993452,BACKFILL_AUTO
2026-06-18 22:47:24,1781822844,R_10,4852.217,1,0.16899999999986903,BACKFILL_AUTO
2026-06-18 22:47:26,1781822846,R_10,4852.174,-1,0.042999999999665306,BACKFILL_AUTO
2026-06-18 22:47:28,1781822848,R_10,4852.201,1,0.027000000000043656,BACKFILL_AUTO
2026-06-18 22:47:30,1781822850,R_10,4851.906,-1,0.29500000000007276,BACKFILL_AUTO
2026-06-18 22:47:32,1781822852,R_10,4851.815,-1,0.09100000000034925,BACKFILL_AUTO
2026-06-18 22:47:34,1781822854,R_10,4851.653,-1,0.16199999999935244,BACKFILL_AUTO
2026-06-18 22:47:36,1781822856,R_10,4851.601,-1,0.05200000000058935,BACKFILL_AUTO
2026-06-18 22:47:38,1781822858,R_10,4851.432,-1,0.16899999999986903,BACKFILL_AUTO
2026-06-18 22:47:40,1781822860,R_10,4851.509,1,0.07700000000022555,BACKFILL_AUTO
2026-06-18 22:47:42,1781822862,R_10,4851.401,-1,0.10800000000017462,BACKFILL_AUTO
2026-06-18 22:47:44,1781822864,R_10,4851.585,1,0.18400000000019645,BACKFILL_AUTO
2026-06-18 22:47:46,1781822866,R_10,4851.311,-1,0.27400000000034197,BACKFILL_AUTO
2026-06-18 22:47:48,1781822868,R_10,4851.292,-1,0.018999999999323336,BACKFILL_AUTO
2026-06-18 22:47:50,1781822870,R_10,4851.575,1,0.282999999999447,BACKFILL_AUTO
2026-06-18 22:47:52,1781822872,R_10,4851.369,-1,0.20600000000013097,BACKFILL_AUTO
2026-06-18 22:47:54,1781822874,R_10,4851.458,1,0.08899999999994179,BACKFILL_AUTO
2026-06-18 22:47:56,1781822876,R_10,4851.409,-1,0.04899999999997817,BACKFILL_AUTO
2026-06-18 22:47:58,1781822878,R_10,4851.311,-1,0.09799999999995634,BACKFILL_AUTO
2026-06-18 22:48:00,1781822880,R_10,4851.19,-1,0.12100000000009459,BACKFILL_AUTO
2026-06-18 22:48:02,1781822882,R_10,4851.203,1,0.01300000000082946,BACKFILL_AUTO
2026-06-18 22:48:04,1781822884,R_10,4851.251,1,0.047999999999774445,BACKFILL_AUTO
2026-06-18 22:48:06,1781822886,R_10,4851.128,-1,0.12300000000050204,BACKFILL_AUTO
2026-06-18 22:48:08,1781822888,R_10,4851.023,-1,0.10499999999956344,BACKFILL_AUTO
2026-06-18 22:48:10,1781822890,R_10,4851.004,-1,0.01900000000023283,BACKFILL_AUTO
2026-06-18 22:48:12,1781822892,R_10,4850.809,-1,0.19499999999970896,BACKFILL_AUTO
2026-06-18 22:48:14,1781822894,R_10,4850.787,-1,0.021999999999934516,BACKFILL_AUTO
2026-06-18 22:48:16,1781822896,R_10,4850.655,-1,0.1320000000005166,BACKFILL_AUTO
2026-06-18 22:48:18,1781822898,R_10,4850.718,1,0.06300000000010186,BACKFILL_AUTO
2026-06-18 22:48:20,1781822900,R_10,4850.679,-1,0.03899999999975989,BACKFILL_AUTO
2026-06-18 22:48:22,1781822902,R_10,4850.758,1,0.07899999999972351,BACKFILL_AUTO
2026-06-18 22:48:24,1781822904,R_10,4850.71,-1,0.047999999999774445,BACKFILL_AUTO
2026-06-18 22:48:26,1781822906,R_10,4850.522,-1,0.18800000000010186,BACKFILL_AUTO
2026-06-18 22:48:28,1781822908,R_10,4850.402,-1,0.11999999999989086,BACKFILL_AUTO
2026-06-18 22:48:30,1781822910,R_10,4850.36,-1,0.042000000000371074,BACKFILL_AUTO
2026-06-18 22:48:32,1781822912,R_10,4850.42,1,0.06000000000040018,BACKFILL_AUTO
2026-06-18 22:48:34,1781822914,R_10,4850.302,-1,0.1180000000003929,BACKFILL_AUTO
2026-06-18 22:48:36,1781822916,R_10,4850.477,1,0.1750000000001819,BACKFILL_AUTO
2026-06-18 22:48:38,1781822918,R_10,4850.237,-1,0.23999999999978172,BACKFILL_AUTO
2026-06-18 22:48:40,1781822920,R_10,4850.175,-1,0.06199999999989814,BACKFILL_AUTO
2026-06-18 22:48:42,1781822922,R_10,4850.078,-1,0.09699999999975262,BACKFILL_AUTO
2026-06-18 22:48:44,1781822924,R_10,4850.235,1,0.1569999999992433,BACKFILL_AUTO
2026-06-18 22:48:46,1781822926,R_10,4850.38,1,0.14500000000043656,BACKFILL_AUTO
2026-06-18 22:48:48,1781822928,R_10,4850.546,1,0.16600000000016735,BACKFILL_AUTO
2026-06-18 22:48:50,1781822930,R_10,4850.562,1,0.01599999999962165,BACKFILL_AUTO
2026-06-18 22:48:52,1781822932,R_10,4850.639,1,0.07700000000022555,BACKFILL_AUTO
2026-06-18 22:48:54,1781822934,R_10,4850.846,1,0.2069999999994252,BACKFILL_AUTO
2026-06-18 22:48:56,1781822936,R_10,4850.62,-1,0.22599999999965803,BACKFILL_AUTO
2026-06-18 22:48:58,1781822938,R_10,4850.578,-1,0.04199999999946158,BACKFILL_AUTO
2026-06-18 22:49:00,1781822940,R_10,4850.784,1,0.20599999999922147,BACKFILL_AUTO
2026-06-18 22:49:02,1781822942,R_10,4850.885,1,0.10100000000056752,BACKFILL_AUTO
2026-06-18 22:49:04,1781822944,R_10,4850.612,-1,0.27300000000013824,BACKFILL_AUTO
2026-06-18 22:49:06,1781822946,R_10,4850.63,1,0.018000000000029104,BACKFILL_AUTO
2026-06-18 22:49:08,1781822948,R_10,4850.647,1,0.016999999999825377,BACKFILL_AUTO
2026-06-18 22:49:10,1781822950,R_10,4850.79,1,0.1430000000000291,BACKFILL_AUTO
2026-06-18 22:49:12,1781822952,R_10,4850.559,-1,0.23099999999976717,BACKFILL_AUTO
2026-06-18 22:49:14,1781822954,R_10,4850.499,-1,0.06000000000040018,BACKFILL_AUTO
2026-06-18 22:49:16,1781822956,R_10,4850.465,-1,0.033999999999650754,BACKFILL_AUTO
2026-06-18 22:49:18,1781822958,R_10,4850.365,-1,0.1000000000003638,BACKFILL_AUTO
2026-06-18 22:49:20,1781822960,R_10,4850.284,-1,0.08100000000013097,BACKFILL_AUTO
2026-06-18 22:49:22,1781822962,R_10,4850.193,-1,0.09099999999943975,BACKFILL_AUTO
2026-06-18 22:49:24,1781822964,R_10,4850.091,-1,0.10199999999986176,BACKFILL_AUTO
2026-06-18 22:49:26,1781822966,R_10,4849.98,-1,0.1110000000007858,BACKFILL_AUTO
2026-06-18 22:49:28,1781822968,R_10,4849.873,-1,0.1069999999999709,BACKFILL_AUTO
2026-06-18 22:49:30,1781822970,R_10,4849.757,-1,0.11599999999998545,BACKFILL_AUTO
2026-06-18 22:49:32,1781822972,R_10,4849.713,-1,0.04399999999986903,BACKFILL_AUTO
2026-06-18 22:49:34,1781822974,R_10,4849.884,1,0.1710000000002765,BACKFILL_AUTO
2026-06-18 22:49:36,1781822976,R_10,4849.746,-1,0.13799999999991996,BACKFILL_AUTO
2026-06-18 22:49:38,1781822978,R_10,4849.905,1,0.15899999999965075,BACKFILL_AUTO
2026-06-18 22:49:40,1781822980,R_10,4850.078,1,0.17300000000068394,BACKFILL_AUTO
2026-06-18 22:49:42,1781822982,R_10,4850.128,1,0.049999999999272404,BACKFILL_AUTO
2026-06-18 22:49:44,1781822984,R_10,4849.968,-1,0.15999999999985448,BACKFILL_AUTO
2026-06-18 22:49:46,1781822986,R_10,4850.039,1,0.07099999999991269,BACKFILL_AUTO
2026-06-18 22:49:48,1781822988,R_10,4850.079,1,0.03999999999996362,BACKFILL_AUTO
2026-06-18 22:49:50,1781822990,R_10,4850.108,1,0.02900000000045111,BACKFILL_AUTO
2026-06-18 22:49:52,1781822992,R_10,4850.127,1,0.01900000000023283,BACKFILL_AUTO
2026-06-18 22:49:54,1781822994,R_10,4850.044,-1,0.08300000000053842,BACKFILL_AUTO
2026-06-18 22:49:56,1781822996,R_10,4849.972,-1,0.07200000000011642,BACKFILL_AUTO
2026-06-18 22:49:58,1781822998,R_10,4849.977,1,0.005000000000109139,BACKFILL_AUTO
2026-06-18 22:50:00,1781823000,R_10,4850.04,1,0.06300000000010186,BACKFILL_AUTO
2026-06-18 22:50:02,1781823002,R_10,4850.051,1,0.011000000000422006,BACKFILL_AUTO
2026-06-18 22:50:04,1781823004,R_10,4849.826,-1,0.2250000000003638,BACKFILL_AUTO
2026-06-18 22:50:06,1781823006,R_10,4849.987,1,0.1610000000000582,BACKFILL_AUTO
2026-06-18 22:50:08,1781823008,R_10,4849.976,-1,0.011000000000422006,BACKFILL_AUTO
2026-06-18 22:50:10,1781823010,R_10,4849.984,1,0.00800000000072032,BACKFILL_AUTO
2026-06-18 22:50:12,1781823012,R_10,4849.842,-1,0.14200000000073487,BACKFILL_AUTO
2026-06-18 22:50:14,1781823014,R_10,4849.767,-1,0.0749999999998181,BACKFILL_AUTO
2026-06-18 22:50:16,1781823016,R_10,4849.654,-1,0.11299999999937427,BACKFILL_AUTO
2026-06-18 22:50:18,1781823018,R_10,4849.603,-1,0.051000000000385626,BACKFILL_AUTO
2026-06-18 22:50:20,1781823020,R_10,4849.667,1,0.06400000000030559,BACKFILL_AUTO
2026-06-18 22:50:22,1781823022,R_10,4849.571,-1,0.09600000000045839,BACKFILL_AUTO
2026-06-18 22:50:24,1781823024,R_10,4849.638,1,0.06700000000000728,BACKFILL_AUTO
2026-06-18 22:50:26,1781823026,R_10,4849.697,1,0.05900000000019645,BACKFILL_AUTO
2026-06-18 22:50:28,1781823028,R_10,4849.717,1,0.019999999999527063,BACKFILL_AUTO
2026-06-18 22:50:30,1781823030,R_10,4849.529,-1,0.18799999999919237,BACKFILL_AUTO
2026-06-18 22:50:32,1781823032,R_10,4849.366,-1,0.16300000000046566,BACKFILL_AUTO
2026-06-18 22:50:34,1781823034,R_10,4849.429,1,0.06300000000010186,BACKFILL_AUTO
2026-06-18 22:50:36,1781823036,R_10,4849.381,-1,0.047999999999774445,BACKFILL_AUTO
2026-06-18 22:50:38,1781823038,R_10,4849.619,1,0.23799999999937427,BACKFILL_AUTO
2026-06-18 22:50:40,1781823040,R_10,4849.602,-1,0.016999999999825377,BACKFILL_AUTO
2026-06-18 22:50:42,1781823042,R_10,4849.856,1,0.2539999999999054,BACKFILL_AUTO
2026-06-18 22:50:44,1781823044,R_10,4849.988,1,0.1320000000005166,BACKFILL_AUTO
2026-06-18 22:50:46,1781823046,R_10,4850.248,1,0.2599999999993088,BACKFILL_AUTO
2026-06-18 22:50:48,1781823048,R_10,4850.307,1,0.05900000000019645,BACKFILL_AUTO
2026-06-18 22:50:50,1781823050,R_10,4850.242,-1,0.06499999999959982,BACKFILL_AUTO
2026-06-18 22:50:52,1781823052,R_10,4850.477,1,0.23499999999967258,BACKFILL_AUTO
2026-06-18 22:50:54,1781823054,R_10,4850.602,1,0.125,BACKFILL_AUTO
2026-06-18 22:50:56,1781823056,R_10,4850.444,-1,0.15799999999944703,BACKFILL_AUTO
2026-06-18 22:50:58,1781823058,R_10,4850.71,1,0.26599999999962165,BACKFILL_AUTO
2026-06-18 22:51:00,1781823060,R_10,4850.697,-1,0.012999999999919964,BACKFILL_AUTO
2026-06-18 22:51:02,1781823062,R_10,4850.534,-1,0.16300000000046566,BACKFILL_AUTO
2026-06-18 22:51:04,1781823064,R_10,4850.613,1,0.07900000000063301,BACKFILL_AUTO
2026-06-18 22:51:06,1781823066,R_10,4850.522,-1,0.09100000000034925,BACKFILL_AUTO
2026-06-18 22:51:08,1781823068,R_10,4850.513,-1,0.009000000000014552,BACKFILL_AUTO
2026-06-18 22:51:10,1781823070,R_10,4850.595,1,0.0820000000003347,BACKFILL_AUTO
2026-06-18 22:51:12,1781823072,R_10,4850.645,1,0.0500000000001819,BACKFILL_AUTO
2026-06-18 22:51:14,1781823074,R_10,4850.732,1,0.08699999999953434,BACKFILL_AUTO
2026-06-18 22:51:16,1781823076,R_10,4850.842,1,0.10999999999967258,BACKFILL_AUTO
2026-06-18 22:51:18,1781823078,R_10,4850.773,-1,0.06899999999950523,BACKFILL_AUTO
2026-06-18 22:51:20,1781823080,R_10,4850.73,-1,0.0430000000005748,BACKFILL_AUTO
2026-06-18 22:51:22,1781823082,R_10,4850.595,-1,0.13499999999930878,BACKFILL_AUTO
2026-06-18 22:51:24,1781823084,R_10,4850.622,1,0.027000000000043656,BACKFILL_AUTO
2026-06-18 22:51:26,1781823086,R_10,4850.57,-1,0.05200000000058935,BACKFILL_AUTO
2026-06-18 22:51:28,1781823088,R_10,4850.629,1,0.05900000000019645,BACKFILL_AUTO
2026-06-18 22:51:30,1781823090,R_10,4850.659,1,0.02999999999974534,BACKFILL_AUTO
2026-06-18 22:51:32,1781823092,R_10,4850.519,-1,0.13999999999941792,BACKFILL_AUTO
2026-06-18 22:51:34,1781823094,R_10,4850.453,-1,0.06599999999980355,BACKFILL_AUTO
2026-06-18 22:51:36,1781823096,R_10,4850.382,-1,0.07100000000082218,BACKFILL_AUTO
2026-06-18 22:51:38,1781823098,R_10,4850.201,-1,0.18099999999958527,BACKFILL_AUTO
2026-06-18 22:51:40,1781823100,R_10,4850.227,1,0.02599999999983993,BACKFILL_AUTO
2026-06-18 22:51:42,1781823102,R_10,4850.297,1,0.06999999999970896,BACKFILL_AUTO
2026-06-18 22:51:44,1781823104,R_10,4850.19,-1,0.1069999999999709,BACKFILL_AUTO
2026-06-18 22:51:46,1781823106,R_10,4849.907,-1,0.282999999999447,BACKFILL_AUTO
2026-06-18 22:51:48,1781823108,R_10,4849.834,-1,0.07300000000032014,BACKFILL_AUTO
2026-06-18 22:51:50,1781823110,R_10,4849.686,-1,0.14800000000013824,BACKFILL_AUTO
2026-06-18 22:51:52,1781823112,R_10,4849.938,1,0.25200000000040745,BACKFILL_AUTO
2026-06-18 22:51:54,1781823114,R_10,4849.997,1,0.05900000000019645,BACKFILL_AUTO
2026-06-18 22:51:56,1781823116,R_10,4849.944,-1,0.052999999999883585,BACKFILL_AUTO
2026-06-18 22:51:58,1781823118,R_10,4849.911,-1,0.03300000000035652,BACKFILL_AUTO
2026-06-18 22:52:00,1781823120,R_10,4849.779,-1,0.1319999999996071,BACKFILL_AUTO
2026-06-18 22:52:02,1781823122,R_10,4849.603,-1,0.17600000000038563,BACKFILL_AUTO
2026-06-18 22:52:04,1781823124,R_10,4849.591,-1,0.011999999999716238,BACKFILL_AUTO
2026-06-18 22:52:06,1781823126,R_10,4849.745,1,0.15399999999954161,BACKFILL_AUTO
2026-06-18 22:52:08,1781823128,R_10,4849.844,1,0.09900000000016007,BACKFILL_AUTO
2026-06-18 22:52:10,1781823130,R_10,4849.909,1,0.06499999999959982,BACKFILL_AUTO
2026-06-18 22:52:12,1781823132,R_10,4849.835,-1,0.07399999999961437,BACKFILL_AUTO
2026-06-18 22:52:14,1781823134,R_10,4849.895,1,0.06000000000040018,BACKFILL_AUTO
2026-06-18 22:52:16,1781823136,R_10,4849.948,1,0.052999999999883585,BACKFILL_AUTO
2026-06-18 22:52:18,1781823138,R_10,4849.94,-1,0.00800000000072032,BACKFILL_AUTO
2026-06-18 22:52:20,1781823140,R_10,4850.084,1,0.14400000000023283,BACKFILL_AUTO
2026-06-18 22:52:22,1781823142,R_10,4850.03,-1,0.05400000000008731,BACKFILL_AUTO
2026-06-18 22:52:24,1781823144,R_10,4850.084,1,0.05400000000008731,BACKFILL_AUTO
2026-06-18 22:52:26,1781823146,R_10,4850.069,-1,0.014999999999417923,BACKFILL_AUTO
2026-06-18 22:52:28,1781823148,R_10,4850.088,1,0.018999999999323336,BACKFILL_AUTO
2026-06-18 22:52:30,1781823150,R_10,4849.881,-1,0.2069999999994252,BACKFILL_AUTO
2026-06-18 22:52:32,1781823152,R_10,4849.863,-1,0.018000000000029104,BACKFILL_AUTO
2026-06-18 22:52:34,1781823154,R_10,4849.891,1,0.027999999999337888,BACKFILL_AUTO
2026-06-18 22:52:36,1781823156,R_10,4849.827,-1,0.0639999999993961,BACKFILL_AUTO
2026-06-18 22:52:38,1781823158,R_10,4849.862,1,0.03499999999985448,BACKFILL_AUTO
2026-06-18 22:52:40,1781823160,R_10,4849.811,-1,0.051000000000385626,BACKFILL_AUTO
2026-06-18 22:52:42,1781823162,R_10,4849.492,-1,0.31899999999950523,BACKFILL_AUTO
2026-06-18 22:52:44,1781823164,R_10,4849.461,-1,0.03099999999994907,BACKFILL_AUTO
2026-06-18 22:52:46,1781823166,R_10,4849.455,-1,0.006000000000312866,BACKFILL_AUTO
2026-06-18 22:52:48,1781823168,R_10,4849.332,-1,0.12299999999959255,BACKFILL_AUTO
2026-06-18 22:52:50,1781823170,R_10,4849.413,1,0.08099999999922147,BACKFILL_AUTO
2026-06-18 22:52:52,1781823172,R_10,4849.456,1,0.0430000000005748,BACKFILL_AUTO
2026-06-18 22:52:54,1781823174,R_10,4849.581,1,0.125,BACKFILL_AUTO
2026-06-18 22:52:56,1781823176,R_10,4849.528,-1,0.052999999999883585,BACKFILL_AUTO
2026-06-18 22:52:58,1781823178,R_10,4849.712,1,0.18400000000019645,BACKFILL_AUTO
2026-06-18 22:53:00,1781823180,R_10,4849.554,-1,0.15800000000035652,BACKFILL_AUTO
2026-06-18 22:53:02,1781823182,R_10,4849.337,-1,0.21699999999964348,BACKFILL_AUTO
2026-06-18 22:53:04,1781823184,R_10,4849.263,-1,0.07400000000052387,BACKFILL_AUTO
2026-06-18 22:53:06,1781823186,R_10,4849.304,1,0.04100000000016735,BACKFILL_AUTO
2026-06-18 22:53:08,1781823188,R_10,4849.182,-1,0.12200000000029831,BACKFILL_AUTO
2026-06-18 22:53:10,1781823190,R_10,4849.281,1,0.09900000000016007,BACKFILL_AUTO
2026-06-18 22:53:12,1781823192,R_10,4849.223,-1,0.057999999999992724,BACKFILL_AUTO
2026-06-18 22:53:14,1781823194,R_10,4849.216,-1,0.006999999999607098,BACKFILL_AUTO
2026-06-18 22:53:16,1781823196,R_10,4849.23,1,0.013999999999214197,BACKFILL_AUTO
2026-06-18 22:53:18,1781823198,R_10,4849.226,-1,0.0039999999999054126,BACKFILL_AUTO
2026-06-18 22:53:20,1781823200,R_10,4849.073,-1,0.1529999999993379,BACKFILL_AUTO
2026-06-18 22:53:22,1781823202,R_10,4849.059,-1,0.014000000000123691,BACKFILL_AUTO
2026-06-18 22:53:24,1781823204,R_10,4849.115,1,0.05599999999958527,BACKFILL_AUTO
2026-06-18 22:53:26,1781823206,R_10,4849.075,-1,0.03999999999996362,BACKFILL_AUTO
2026-06-18 22:53:28,1781823208,R_10,4848.989,-1,0.0860000000002401,BACKFILL_AUTO
2026-06-18 22:53:30,1781823210,R_10,4848.846,-1,0.1430000000000291,BACKFILL_AUTO
2026-06-18 22:53:32,1781823212,R_10,4848.858,1,0.012000000000625732,BACKFILL_AUTO
2026-06-18 22:53:34,1781823214,R_10,4848.802,-1,0.056000000000494765,BACKFILL_AUTO
2026-06-18 22:53:36,1781823216,R_10,4848.7,-1,0.10199999999986176,BACKFILL_AUTO
2026-06-18 22:53:38,1781823218,R_10,4848.751,1,0.051000000000385626,BACKFILL_AUTO
2026-06-18 22:53:40,1781823220,R_10,4848.786,1,0.03499999999985448,BACKFILL_AUTO
2026-06-18 22:53:42,1781823222,R_10,4848.901,1,0.11499999999978172,BACKFILL_AUTO
2026-06-18 22:53:44,1781823224,R_10,4848.893,-1,0.007999999999810825,BACKFILL_AUTO
2026-06-18 22:53:46,1781823226,R_10,4848.708,-1,0.18500000000040018,BACKFILL_AUTO
2026-06-18 22:53:48,1781823228,R_10,4848.815,1,0.1069999999999709,BACKFILL_AUTO
2026-06-18 22:53:50,1781823230,R_10,4848.811,-1,0.0039999999999054126,BACKFILL_AUTO
2026-06-18 22:53:52,1781823232,R_10,4848.815,1,0.0039999999999054126,BACKFILL_AUTO
2026-06-18 22:53:54,1781823234,R_10,4848.822,1,0.007000000000516593,BACKFILL_AUTO
2026-06-18 22:53:56,1781823236,R_10,4848.759,-1,0.06300000000010186,BACKFILL_AUTO
2026-06-18 22:53:58,1781823238,R_10,4848.694,-1,0.06499999999959982,BACKFILL_AUTO
2026-06-18 22:54:00,1781823240,R_10,4848.831,1,0.13699999999971624,BACKFILL_AUTO
2026-06-18 22:54:02,1781823242,R_10,4849.092,1,0.2609999999995125,BACKFILL_AUTO
2026-06-18 22:54:04,1781823244,R_10,4849.108,1,0.016000000000531145,BACKFILL_AUTO
2026-06-18 22:54:06,1781823246,R_10,4849.118,1,0.010000000000218279,BACKFILL_AUTO
2026-06-18 22:54:08,1781823248,R_10,4849.228,1,0.10999999999967258,BACKFILL_AUTO
2026-06-18 22:54:10,1781823250,R_10,4849.442,1,0.2139999999999418,BACKFILL_AUTO
2026-06-18 22:54:12,1781823252,R_10,4849.36,-1,0.0820000000003347,BACKFILL_AUTO
2026-06-18 22:54:14,1781823254,R_10,4849.187,-1,0.17299999999977445,BACKFILL_AUTO
2026-06-18 22:54:16,1781823256,R_10,4849.164,-1,0.023000000000138243,BACKFILL_AUTO
2026-06-18 22:54:18,1781823258,R_10,4849.255,1,0.09100000000034925,BACKFILL_AUTO
2026-06-18 22:54:20,1781823260,R_10,4849.325,1,0.06999999999970896,BACKFILL_AUTO
2026-06-18 22:54:22,1781823262,R_10,4849.405,1,0.07999999999992724,BACKFILL_AUTO
2026-06-18 22:54:24,1781823264,R_10,4849.447,1,0.042000000000371074,BACKFILL_AUTO
2026-06-18 22:54:26,1781823266,R_10,4849.377,-1,0.06999999999970896,BACKFILL_AUTO
2026-06-18 22:54:28,1781823268,R_10,4849.242,-1,0.13500000000021828,BACKFILL_AUTO
2026-06-18 22:54:30,1781823270,R_10,4849.393,1,0.15099999999983993,BACKFILL_AUTO
2026-06-18 22:54:32,1781823272,R_10,4849.299,-1,0.09400000000005093,BACKFILL_AUTO
2026-06-18 22:54:34,1781823274,R_10,4849.327,1,0.028000000000247383,BACKFILL_AUTO
2026-06-18 22:54:36,1781823276,R_10,4849.271,-1,0.056000000000494765,BACKFILL_AUTO
2026-06-18 22:54:38,1781823278,R_10,4849.305,1,0.03400000000056025,BACKFILL_AUTO
2026-06-18 22:54:40,1781823280,R_10,4849.335,1,0.02999999999974534,BACKFILL_AUTO
2026-06-18 22:54:42,1781823282,R_10,4849.454,1,0.11899999999968713,BACKFILL_AUTO
2026-06-18 22:54:44,1781823284,R_10,4849.191,-1,0.26299999999991996,BACKFILL_AUTO
2026-06-18 22:54:46,1781823286,R_10,4849.281,1,0.09000000000014552,BACKFILL_AUTO
2026-06-18 22:54:48,1781823288,R_10,4849.082,-1,0.19899999999961437,BACKFILL_AUTO
2026-06-18 22:54:50,1781823290,R_10,4849.168,1,0.08599999999933061,BACKFILL_AUTO
2026-06-18 22:54:52,1781823292,R_10,4849.323,1,0.15500000000065484,BACKFILL_AUTO
2026-06-18 22:54:54,1781823294,R_10,4849.273,-1,0.0500000000001819,BACKFILL_AUTO
2026-06-18 22:54:56,1781823296,R_10,4849.353,1,0.07999999999992724,BACKFILL_AUTO
2026-06-18 22:54:58,1781823298,R_10,4849.418,1,0.06499999999959982,BACKFILL_AUTO
2026-06-18 22:55:00,1781823300,R_10,4849.553,1,0.13500000000021828,BACKFILL_AUTO
2026-06-18 22:55:02,1781823302,R_10,4849.468,-1,0.08500000000003638,BACKFILL_AUTO
2026-06-18 22:55:04,1781823304,R_10,4849.638,1,0.17000000000007276,BACKFILL_AUTO
2026-06-18 22:55:06,1781823306,R_10,4849.789,1,0.15099999999983993,BACKFILL_AUTO
2026-06-18 22:55:08,1781823308,R_10,4849.653,-1,0.1359999999995125,BACKFILL_AUTO
2026-06-18 22:55:10,1781823310,R_10,4849.772,1,0.11899999999968713,BACKFILL_AUTO
2026-06-18 22:55:12,1781823312,R_10,4850.023,1,0.2510000000002037,BACKFILL_AUTO
2026-06-18 22:55:14,1781823314,R_10,4849.962,-1,0.06099999999969441,BACKFILL_AUTO
2026-06-18 22:55:16,1781823316,R_10,4850.138,1,0.17599999999947613,BACKFILL_AUTO
2026-06-18 22:55:18,1781823318,R_10,4850.301,1,0.16300000000046566,BACKFILL_AUTO
2026-06-18 22:55:20,1781823320,R_10,4850.11,-1,0.19100000000071304,BACKFILL_AUTO
2026-06-18 22:55:22,1781823322,R_10,4850.259,1,0.14900000000034197,BACKFILL_AUTO
2026-06-18 22:55:24,1781823324,R_10,4850.235,-1,0.02400000000034197,BACKFILL_AUTO
2026-06-18 22:55:26,1781823326,R_10,4850.198,-1,0.03699999999935244,BACKFILL_AUTO
2026-06-18 22:55:28,1781823328,R_10,4850.254,1,0.05599999999958527,BACKFILL_AUTO
2026-06-18 22:55:30,1781823330,R_10,4850.21,-1,0.04399999999986903,BACKFILL_AUTO
2026-06-18 22:55:32,1781823332,R_10,4850.198,-1,0.011999999999716238,BACKFILL_AUTO
2026-06-18 22:55:34,1781823334,R_10,4850.263,1,0.06499999999959982,BACKFILL_AUTO
2026-06-18 22:55:36,1781823336,R_10,4850.089,-1,0.17399999999997817,BACKFILL_AUTO
2026-06-18 22:55:38,1781823338,R_10,4849.985,-1,0.10400000000026921,BACKFILL_AUTO
2026-06-18 22:55:40,1781823340,R_10,4850.066,1,0.08100000000013097,BACKFILL_AUTO
2026-06-18 22:55:42,1781823342,R_10,4850.024,-1,0.04199999999946158,BACKFILL_AUTO
2026-06-18 22:55:44,1781823344,R_10,4849.958,-1,0.06600000000071304,BACKFILL_AUTO
2026-06-18 22:55:46,1781823346,R_10,4850.146,1,0.18800000000010186,BACKFILL_AUTO
2026-06-18 22:55:48,1781823348,R_10,4849.924,-1,0.22199999999975262,BACKFILL_AUTO
2026-06-18 22:55:50,1781823350,R_10,4849.927,1,0.0029999999997016857,BACKFILL_AUTO
2026-06-18 22:55:52,1781823352,R_10,4849.837,-1,0.08999999999923602,BACKFILL_AUTO
2026-06-18 22:55:54,1781823354,R_10,4849.883,1,0.04599999999936699,BACKFILL_AUTO
2026-06-18 22:55:56,1781823356,R_10,4849.992,1,0.10900000000037835,BACKFILL_AUTO
2026-06-18 22:55:58,1781823358,R_10,4849.863,-1,0.1289999999999054,BACKFILL_AUTO
2026-06-18 22:56:00,1781823360,R_10,4849.829,-1,0.03400000000056025,BACKFILL_AUTO
2026-06-18 22:56:02,1781823362,R_10,4850.221,1,0.3919999999998254,BACKFILL_AUTO
2026-06-18 22:56:04,1781823364,R_10,4850.316,1,0.09500000000025466,BACKFILL_AUTO
2026-06-18 22:56:06,1781823366,R_10,4850.461,1,0.14500000000043656,BACKFILL_AUTO
2026-06-18 22:56:08,1781823368,R_10,4850.302,-1,0.15900000000056025,BACKFILL_AUTO
2026-06-18 22:56:10,1781823370,R_10,4850.297,-1,0.005000000000109139,BACKFILL_AUTO
2026-06-18 22:56:12,1781823372,R_10,4850.221,-1,0.07600000000002183,BACKFILL_AUTO
2026-06-18 22:56:14,1781823374,R_10,4850.164,-1,0.056999999999789,BACKFILL_AUTO
2026-06-18 22:56:16,1781823376,R_10,4850.207,1,0.0430000000005748,BACKFILL_AUTO
2026-06-18 22:56:18,1781823378,R_10,4850.208,1,0.0009999999992942321,BACKFILL_AUTO
2026-06-18 22:56:20,1781823380,R_10,4850.145,-1,0.06299999999919237,BACKFILL_AUTO
2026-06-18 22:56:22,1781823382,R_10,4850.328,1,0.18299999999999272,BACKFILL_AUTO
2026-06-18 22:56:24,1781823384,R_10,4850.559,1,0.23099999999976717,BACKFILL_AUTO
2026-06-18 22:56:26,1781823386,R_10,4850.822,1,0.26299999999991996,BACKFILL_AUTO
2026-06-18 22:56:28,1781823388,R_10,4850.918,1,0.09599999999954889,BACKFILL_AUTO
2026-06-18 22:56:30,1781823390,R_10,4850.746,-1,0.17199999999957072,BACKFILL_AUTO
2026-06-18 22:56:32,1781823392,R_10,4850.716,-1,0.02999999999974534,BACKFILL_AUTO
2026-06-18 22:56:34,1781823394,R_10,4850.76,1,0.04399999999986903,BACKFILL_AUTO
2026-06-18 22:56:36,1781823396,R_10,4850.681,-1,0.07900000000063301,BACKFILL_AUTO
2026-06-18 22:56:38,1781823398,R_10,4850.999,1,0.318000000000211,BACKFILL_AUTO
2026-06-18 22:56:40,1781823400,R_10,4850.995,-1,0.0039999999999054126,BACKFILL_AUTO
2026-06-18 22:56:42,1781823402,R_10,4850.954,-1,0.04100000000016735,BACKFILL_AUTO
2026-06-18 22:56:44,1781823404,R_10,4850.999,1,0.04500000000007276,BACKFILL_AUTO
2026-06-18 22:56:46,1781823406,R_10,4851.093,1,0.09400000000005093,BACKFILL_AUTO
2026-06-18 22:56:48,1781823408,R_10,4851.091,-1,0.001999999999497959,BACKFILL_AUTO
2026-06-18 22:56:50,1781823410,R_10,4851.109,1,0.018000000000029104,BACKFILL_AUTO
2026-06-18 22:56:52,1781823412,R_10,4851.332,1,0.22299999999995634,BACKFILL_AUTO
2026-06-18 22:56:54,1781823414,R_10,4851.395,1,0.06300000000010186,BACKFILL_AUTO
2026-06-18 22:56:56,1781823416,R_10,4851.367,-1,0.028000000000247383,BACKFILL_AUTO
2026-06-18 22:56:58,1781823418,R_10,4851.376,1,0.009000000000014552,BACKFILL_AUTO
2026-06-18 22:57:00,1781823420,R_10,4851.442,1,0.06599999999980355,BACKFILL_AUTO
2026-06-18 22:57:02,1781823422,R_10,4851.549,1,0.1069999999999709,BACKFILL_AUTO
2026-06-18 22:57:04,1781823424,R_10,4851.483,-1,0.06599999999980355,BACKFILL_AUTO
2026-06-18 22:57:06,1781823426,R_10,4851.516,1,0.03299999999944703,BACKFILL_AUTO
2026-06-18 22:57:08,1781823428,R_10,4851.523,1,0.007000000000516593,BACKFILL_AUTO
2026-06-18 22:57:10,1781823430,R_10,4851.585,1,0.06199999999989814,BACKFILL_AUTO
2026-06-18 22:57:12,1781823432,R_10,4851.462,-1,0.12299999999959255,BACKFILL_AUTO
2026-06-18 22:57:14,1781823434,R_10,4851.477,1,0.014999999999417923,BACKFILL_AUTO
2026-06-18 22:57:16,1781823436,R_10,4851.261,-1,0.21599999999943975,BACKFILL_AUTO
2026-06-18 22:57:18,1781823438,R_10,4851.197,-1,0.06400000000030559,BACKFILL_AUTO
2026-06-18 22:57:20,1781823440,R_10,4851.191,-1,0.006000000000312866,BACKFILL_AUTO
2026-06-18 22:57:22,1781823442,R_10,4851.228,1,0.037000000000261934,BACKFILL_AUTO
2026-06-18 22:57:24,1781823444,R_10,4851.234,1,0.006000000000312866,BACKFILL_AUTO
2026-06-18 22:57:26,1781823446,R_10,4851.045,-1,0.1890000000003056,BACKFILL_AUTO
2026-06-18 22:57:28,1781823448,R_10,4851.119,1,0.07399999999961437,BACKFILL_AUTO
2026-06-18 22:57:30,1781823450,R_10,4851.016,-1,0.10300000000006548,BACKFILL_AUTO
2026-06-18 22:57:32,1781823452,R_10,4850.954,-1,0.06199999999989814,BACKFILL_AUTO
2026-06-18 22:57:34,1781823454,R_10,4851.043,1,0.08899999999994179,BACKFILL_AUTO
2026-06-18 22:57:36,1781823456,R_10,4851.097,1,0.05400000000008731,BACKFILL_AUTO
2026-06-18 22:57:38,1781823458,R_10,4850.962,-1,0.13499999999930878,BACKFILL_AUTO
2026-06-18 22:57:40,1781823460,R_10,4850.943,-1,0.01900000000023283,BACKFILL_AUTO
2026-06-18 22:57:42,1781823462,R_10,4850.807,-1,0.136000000000422,BACKFILL_AUTO
2026-06-18 22:57:44,1781823464,R_10,4850.777,-1,0.02999999999974534,BACKFILL_AUTO
2026-06-18 22:57:46,1781823466,R_10,4850.777,0,0.0,BACKFILL_AUTO
2026-06-18 22:57:48,1781823468,R_10,4850.54,-1,0.23700000000008004,BACKFILL_AUTO
2026-06-18 22:57:50,1781823470,R_10,4850.381,-1,0.15899999999965075,BACKFILL_AUTO
2026-06-18 22:57:52,1781823472,R_10,4850.263,-1,0.1180000000003929,BACKFILL_AUTO
2026-06-18 22:57:54,1781823474,R_10,4850.283,1,0.020000000000436557,BACKFILL_AUTO
2026-06-18 22:57:56,1781823476,R_10,4850.335,1,0.05199999999967986,BACKFILL_AUTO
2026-06-18 22:57:58,1781823478,R_10,4850.25,-1,0.08500000000003638,BACKFILL_AUTO
2026-06-18 22:58:00,1781823480,R_10,4850.281,1,0.03099999999994907,BACKFILL_AUTO
2026-06-18 22:58:02,1781823482,R_10,4850.6,1,0.31900000000041473,BACKFILL_AUTO
2026-06-18 22:58:04,1781823484,R_10,4850.575,-1,0.025000000000545697,BACKFILL_AUTO
2026-06-18 22:58:06,1781823486,R_10,4850.56,-1,0.014999999999417923,BACKFILL_AUTO
2026-06-18 22:58:08,1781823488,R_10,4850.396,-1,0.1640000000006694,BACKFILL_AUTO
2026-06-18 22:58:10,1781823490,R_10,4850.472,1,0.07600000000002183,BACKFILL_AUTO
2026-06-18 22:58:12,1781823492,R_10,4850.471,-1,0.0010000000002037268,BACKFILL_AUTO
2026-06-18 22:58:14,1781823494,R_10,4850.451,-1,0.019999999999527063,BACKFILL_AUTO
2026-06-18 22:58:16,1781823496,R_10,4850.504,1,0.052999999999883585,BACKFILL_AUTO
2026-06-18 22:58:18,1781823498,R_10,4850.449,-1,0.05500000000029104,BACKFILL_AUTO
2026-06-18 22:58:20,1781823500,R_10,4850.354,-1,0.09499999999934516,BACKFILL_AUTO
2026-06-18 22:58:22,1781823502,R_10,4850.375,1,0.02099999999973079,BACKFILL_AUTO
2026-06-18 22:58:24,1781823504,R_10,4850.43,1,0.05500000000029104,BACKFILL_AUTO
2026-06-18 22:58:26,1781823506,R_10,4850.512,1,0.0819999999994252,BACKFILL_AUTO
2026-06-18 22:58:28,1781823508,R_10,4850.66,1,0.14800000000013824,BACKFILL_AUTO
2026-06-18 22:58:30,1781823510,R_10,4850.657,-1,0.0029999999997016857,BACKFILL_AUTO
2026-06-18 22:58:32,1781823512,R_10,4850.711,1,0.05400000000008731,BACKFILL_AUTO
2026-06-18 22:58:34,1781823514,R_10,4850.554,-1,0.1570000000001528,BACKFILL_AUTO
2026-06-18 22:58:36,1781823516,R_10,4850.509,-1,0.04500000000007276,BACKFILL_AUTO
2026-06-18 22:58:38,1781823518,R_10,4850.834,1,0.3249999999998181,BACKFILL_AUTO
2026-06-18 22:58:40,1781823520,R_10,4850.83,-1,0.0039999999999054126,BACKFILL_AUTO
2026-06-18 22:58:42,1781823522,R_10,4850.81,-1,0.019999999999527063,BACKFILL_AUTO
2026-06-18 22:58:44,1781823524,R_10,4850.636,-1,0.17399999999997817,BACKFILL_AUTO
2026-06-18 22:58:46,1781823526,R_10,4850.495,-1,0.14100000000053114,BACKFILL_AUTO
2026-06-18 22:58:48,1781823528,R_10,4850.354,-1,0.14099999999962165,BACKFILL_AUTO
2026-06-18 22:58:50,1781823530,R_10,4850.39,1,0.03600000000005821,BACKFILL_AUTO
2026-06-18 22:58:52,1781823532,R_10,4850.368,-1,0.021999999999934516,BACKFILL_AUTO
2026-06-18 22:58:54,1781823534,R_10,4850.448,1,0.07999999999992724,BACKFILL_AUTO
2026-06-18 22:58:56,1781823536,R_10,4850.367,-1,0.08100000000013097,BACKFILL_AUTO
2026-06-18 22:58:58,1781823538,R_10,4850.594,1,0.22699999999986176,BACKFILL_AUTO
2026-06-18 22:59:00,1781823540,R_10,4850.681,1,0.08699999999953434,BACKFILL_AUTO
2026-06-18 22:59:02,1781823542,R_10,4850.768,1,0.08700000000044383,BACKFILL_AUTO
2026-06-18 22:59:04,1781823544,R_10,4850.826,1,0.057999999999992724,BACKFILL_AUTO
2026-06-18 22:59:06,1781823546,R_10,4850.901,1,0.0749999999998181,BACKFILL_AUTO
2026-06-18 22:59:08,1781823548,R_10,4850.79,-1,0.11099999999987631,BACKFILL_AUTO
2026-06-18 22:59:10,1781823550,R_10,4850.86,1,0.06999999999970896,BACKFILL_AUTO
2026-06-18 22:59:12,1781823552,R_10,4850.797,-1,0.06300000000010186,BACKFILL_AUTO
2026-06-18 22:59:14,1781823554,R_10,4850.539,-1,0.2579999999998108,BACKFILL_AUTO
2026-06-18 22:59:16,1781823556,R_10,4850.583,1,0.04399999999986903,BACKFILL_AUTO
2026-06-18 22:59:18,1781823558,R_10,4850.502,-1,0.08099999999922147,BACKFILL_AUTO
2026-06-18 22:59:20,1781823560,R_10,4850.637,1,0.13499999999930878,BACKFILL_AUTO
2026-06-18 22:59:22,1781823562,R_10,4850.688,1,0.051000000000385626,BACKFILL_AUTO
2026-06-18 22:59:24,1781823564,R_10,4850.807,1,0.11899999999968713,BACKFILL_AUTO
2026-06-18 22:59:26,1781823566,R_10,4850.377,-1,0.42999999999938154,BACKFILL_AUTO
2026-06-18 22:59:28,1781823568,R_10,4850.572,1,0.19499999999970896,BACKFILL_AUTO
2026-06-18 22:59:30,1781823570,R_10,4850.651,1,0.07899999999972351,BACKFILL_AUTO
2026-06-18 22:59:32,1781823572,R_10,4850.725,1,0.07400000000052387,BACKFILL_AUTO
2026-06-18 22:59:34,1781823574,R_10,4850.689,-1,0.03600000000005821,BACKFILL_AUTO
2026-06-18 22:59:36,1781823576,R_10,4850.648,-1,0.04100000000016735,BACKFILL_AUTO
2026-06-18 22:59:38,1781823578,R_10,4850.501,-1,0.14699999999993452,BACKFILL_AUTO
2026-06-18 22:59:40,1781823580,R_10,4850.656,1,0.15499999999974534,BACKFILL_AUTO
2026-06-18 22:59:42,1781823582,R_10,4850.507,-1,0.14900000000034197,BACKFILL_AUTO
2026-06-18 22:59:44,1781823584,R_10,4850.372,-1,0.13499999999930878,BACKFILL_AUTO
2026-06-18 22:59:46,1781823586,R_10,4850.445,1,0.07299999999941065,BACKFILL_AUTO
2026-06-18 22:59:48,1781823588,R_10,4850.606,1,0.1610000000000582,BACKFILL_AUTO
2026-06-18 22:59:50,1781823590,R_10,4850.457,-1,0.14899999999943248,BACKFILL_AUTO
2026-06-18 22:59:52,1781823592,R_10,4850.302,-1,0.15500000000065484,BACKFILL_AUTO
2026-06-18 22:59:54,1781823594,R_10,4850.18,-1,0.12199999999938882,BACKFILL_AUTO
2026-06-18 22:59:56,1781823596,R_10,4850.37,1,0.18999999999959982,BACKFILL_AUTO
2026-06-18 22:59:58,1781823598,R_10,4850.538,1,0.1679999999996653,BACKFILL_AUTO
2026-06-18 23:00:00,1781823600,R_10,4850.523,-1,0.014999999999417923,BACKFILL_AUTO
2026-06-18 23:00:02,1781823602,R_10,4850.655,1,0.1319999999996071,BACKFILL_AUTO
2026-06-18 23:00:04,1781823604,R_10,4850.819,1,0.1640000000006694,BACKFILL_AUTO
2026-06-18 23:00:06,1781823606,R_10,4850.629,-1,0.19000000000050932,BACKFILL_AUTO
2026-06-18 23:00:08,1781823608,R_10,4850.474,-1,0.15499999999974534,BACKFILL_AUTO
2026-06-18 23:00:10,1781823610,R_10,4850.649,1,0.1750000000001819,BACKFILL_AUTO
2026-06-18 23:00:12,1781823612,R_10,4850.832,1,0.18299999999999272,BACKFILL_AUTO
2026-06-18 23:00:14,1781823614,R_10,4850.875,1,0.042999999999665306,BACKFILL_AUTO
2026-06-18 23:00:16,1781823616,R_10,4850.992,1,0.11700000000018917,BACKFILL_AUTO
2026-06-18 23:00:18,1781823618,R_10,4851.058,1,0.06599999999980355,BACKFILL_AUTO
2026-06-18 23:00:20,1781823620,R_10,4851.157,1,0.09900000000016007,BACKFILL_AUTO
2026-06-18 23:00:22,1781823622,R_10,4851.133,-1,0.02400000000034197,BACKFILL_AUTO
2026-06-18 23:00:24,1781823624,R_10,4851.068,-1,0.06499999999959982,BACKFILL_AUTO
2026-06-18 23:00:26,1781823626,R_10,4850.996,-1,0.07200000000011642,BACKFILL_AUTO
2026-06-18 23:00:28,1781823628,R_10,4851.09,1,0.09400000000005093,BACKFILL_AUTO
2026-06-18 23:00:30,1781823630,R_10,4851.063,-1,0.027000000000043656,BACKFILL_AUTO
2026-06-18 23:00:32,1781823632,R_10,4850.876,-1,0.18699999999989814,BACKFILL_AUTO
2026-06-18 23:00:34,1781823634,R_10,4851.131,1,0.25500000000010914,BACKFILL_AUTO
2026-06-18 23:00:36,1781823636,R_10,4851.103,-1,0.028000000000247383,BACKFILL_AUTO
2026-06-18 23:00:38,1781823638,R_10,4851.199,1,0.09599999999954889,BACKFILL_AUTO
2026-06-18 23:00:40,1781823640,R_10,4851.056,-1,0.1430000000000291,BACKFILL_AUTO
2026-06-18 23:00:42,1781823642,R_10,4851.083,1,0.027000000000043656,BACKFILL_AUTO
2026-06-18 23:00:44,1781823644,R_10,4850.873,-1,0.21000000000003638,BACKFILL_AUTO
2026-06-18 23:00:46,1781823646,R_10,4850.633,-1,0.23999999999978172,BACKFILL_AUTO
2026-06-18 23:00:48,1781823648,R_10,4850.554,-1,0.07899999999972351,BACKFILL_AUTO
2026-06-18 23:00:50,1781823650,R_10,4850.606,1,0.05199999999967986,BACKFILL_AUTO
2026-06-18 23:00:52,1781823652,R_10,4850.694,1,0.08800000000064756,BACKFILL_AUTO
2026-06-18 23:00:54,1781823654,R_10,4850.61,-1,0.08400000000074215,BACKFILL_AUTO
2026-06-18 23:00:56,1781823656,R_10,4850.722,1,0.11200000000008004,BACKFILL_AUTO
2026-06-18 23:00:58,1781823658,R_10,4850.539,-1,0.18299999999999272,BACKFILL_AUTO
2026-06-18 23:01:00,1781823660,R_10,4850.395,-1,0.14399999999932334,BACKFILL_AUTO
2026-06-18 23:01:02,1781823662,R_10,4850.309,-1,0.0860000000002401,BACKFILL_AUTO
2026-06-18 23:01:04,1781823664,R_10,4850.271,-1,0.03800000000046566,BACKFILL_AUTO
2026-06-18 23:01:06,1781823666,R_10,4850.284,1,0.012999999999919964,BACKFILL_AUTO
2026-06-18 23:01:08,1781823668,R_10,4850.364,1,0.07999999999992724,BACKFILL_AUTO
2026-06-18 23:01:10,1781823670,R_10,4850.392,1,0.028000000000247383,BACKFILL_AUTO
2026-06-18 23:01:12,1781823672,R_10,4850.318,-1,0.07399999999961437,BACKFILL_AUTO
2026-06-18 23:01:14,1781823674,R_10,4850.326,1,0.007999999999810825,BACKFILL_AUTO
2026-06-18 23:01:16,1781823676,R_10,4850.28,-1,0.046000000000276486,BACKFILL_AUTO
2026-06-18 23:01:18,1781823678,R_10,4850.329,1,0.04899999999997817,BACKFILL_AUTO
2026-06-18 23:01:20,1781823680,R_10,4850.284,-1,0.04500000000007276,BACKFILL_AUTO
2026-06-18 23:01:22,1781823682,R_10,4850.234,-1,0.049999999999272404,BACKFILL_AUTO
2026-06-18 23:01:24,1781823684,R_10,4850.341,1,0.1069999999999709,BACKFILL_AUTO
2026-06-18 23:01:26,1781823686,R_10,4850.393,1,0.05199999999967986,BACKFILL_AUTO
2026-06-18 23:01:28,1781823688,R_10,4850.494,1,0.10099999999965803,BACKFILL_AUTO
2026-06-18 23:01:30,1781823690,R_10,4850.361,-1,0.13299999999981083,BACKFILL_AUTO
2026-06-18 23:01:32,1781823692,R_10,4850.428,1,0.06700000000000728,BACKFILL_AUTO
2026-06-18 23:01:34,1781823694,R_10,4850.342,-1,0.0860000000002401,BACKFILL_AUTO
2026-06-18 23:01:36,1781823696,R_10,4850.29,-1,0.05199999999967986,BACKFILL_AUTO
2026-06-18 23:01:38,1781823698,R_10,4850.314,1,0.02400000000034197,BACKFILL_AUTO
2026-06-18 23:01:40,1781823700,R_10,4850.17,-1,0.14400000000023283,BACKFILL_AUTO
2026-06-18 23:01:42,1781823702,R_10,4850.05,-1,0.11999999999989086,BACKFILL_AUTO
2026-06-18 23:01:44,1781823704,R_10,4850.013,-1,0.037000000000261934,BACKFILL_AUTO
2026-06-18 23:01:46,1781823706,R_10,4849.905,-1,0.10800000000017462,BACKFILL_AUTO
2026-06-18 23:01:48,1781823708,R_10,4849.722,-1,0.18299999999999272,BACKFILL_AUTO
2026-06-18 23:01:50,1781823710,R_10,4849.55,-1,0.17199999999957072,BACKFILL_AUTO
2026-06-18 23:01:52,1781823712,R_10,4849.488,-1,0.06199999999989814,BACKFILL_AUTO
2026-06-18 23:01:54,1781823714,R_10,4849.452,-1,0.03600000000005821,BACKFILL_AUTO
2026-06-18 23:01:56,1781823716,R_10,4849.403,-1,0.04899999999997817,BACKFILL_AUTO
2026-06-18 23:01:58,1781823718,R_10,4849.328,-1,0.0749999999998181,BACKFILL_AUTO
2026-06-18 23:02:00,1781823720,R_10,4849.373,1,0.044999999999163265,BACKFILL_AUTO
2026-06-18 23:02:02,1781823722,R_10,4849.447,1,0.07400000000052387,BACKFILL_AUTO
2026-06-18 23:02:04,1781823724,R_10,4849.509,1,0.06199999999989814,BACKFILL_AUTO
2026-06-18 23:02:06,1781823726,R_10,4849.317,-1,0.19200000000000728,BACKFILL_AUTO
2026-06-18 23:02:08,1781823728,R_10,4849.369,1,0.05199999999967986,BACKFILL_AUTO
2026-06-18 23:02:10,1781823730,R_10,4849.3,-1,0.06899999999950523,BACKFILL_AUTO
2026-06-18 23:02:12,1781823732,R_10,4849.294,-1,0.006000000000312866,BACKFILL_AUTO
2026-06-18 23:02:14,1781823734,R_10,4849.428,1,0.13400000000001455,BACKFILL_AUTO
2026-06-18 23:02:16,1781823736,R_10,4849.54,1,0.11200000000008004,BACKFILL_AUTO
2026-06-18 23:02:18,1781823738,R_10,4849.627,1,0.08700000000044383,BACKFILL_AUTO
2026-06-18 23:02:20,1781823740,R_10,4849.622,-1,0.005000000000109139,BACKFILL_AUTO
2026-06-18 23:02:22,1781823742,R_10,4849.845,1,0.22299999999995634,BACKFILL_AUTO
2026-06-18 23:02:24,1781823744,R_10,4849.861,1,0.01599999999962165,BACKFILL_AUTO
2026-06-18 23:02:26,1781823746,R_10,4849.813,-1,0.047999999999774445,BACKFILL_AUTO
2026-06-18 23:02:28,1781823748,R_10,4849.743,-1,0.06999999999970896,BACKFILL_AUTO
2026-06-18 23:02:30,1781823750,R_10,4849.821,1,0.07799999999951979,BACKFILL_AUTO
2026-06-18 23:02:32,1781823752,R_10,4849.964,1,0.1430000000000291,BACKFILL_AUTO
2026-06-18 23:02:34,1781823754,R_10,4849.918,-1,0.046000000000276486,BACKFILL_AUTO
2026-06-18 23:02:36,1781823756,R_10,4849.869,-1,0.04899999999997817,BACKFILL_AUTO
2026-06-18 23:02:38,1781823758,R_10,4849.628,-1,0.24099999999998545,BACKFILL_AUTO
2026-06-18 23:02:40,1781823760,R_10,4849.353,-1,0.2749999999996362,BACKFILL_AUTO
2026-06-18 23:02:42,1781823762,R_10,4849.506,1,0.15300000000024738,BACKFILL_AUTO
2026-06-18 23:02:44,1781823764,R_10,4849.508,1,0.001999999999497959,BACKFILL_AUTO
2026-06-18 23:02:46,1781823766,R_10,4849.59,1,0.0820000000003347,BACKFILL_AUTO
2026-06-18 23:02:48,1781823768,R_10,4849.833,1,0.2429999999994834,BACKFILL_AUTO
2026-06-18 23:02:50,1781823770,R_10,4849.86,1,0.027000000000043656,BACKFILL_AUTO
2026-06-18 23:02:52,1781823772,R_10,4849.969,1,0.10900000000037835,BACKFILL_AUTO
2026-06-18 23:02:54,1781823774,R_10,4849.88,-1,0.08899999999994179,BACKFILL_AUTO
2026-06-18 23:02:56,1781823776,R_10,4850.029,1,0.14900000000034197,BACKFILL_AUTO
2026-06-18 23:02:58,1781823778,R_10,4849.97,-1,0.05900000000019645,BACKFILL_AUTO
2026-06-18 23:03:00,1781823780,R_10,4849.877,-1,0.0929999999998472,BACKFILL_AUTO
2026-06-18 23:03:02,1781823782,R_10,4849.788,-1,0.08900000000085129,BACKFILL_AUTO
2026-06-18 23:03:04,1781823784,R_10,4849.589,-1,0.19899999999961437,BACKFILL_AUTO
2026-06-18 23:03:06,1781823786,R_10,4849.615,1,0.02599999999983993,BACKFILL_AUTO
2026-06-18 23:03:08,1781823788,R_10,4849.397,-1,0.2179999999998472,BACKFILL_AUTO
2026-06-18 23:03:10,1781823790,R_10,4849.281,-1,0.11599999999998545,BACKFILL_AUTO
2026-06-18 23:03:12,1781823792,R_10,4849.121,-1,0.15999999999985448,BACKFILL_AUTO
2026-06-18 23:03:14,1781823794,R_10,4849.293,1,0.17199999999957072,BACKFILL_AUTO
2026-06-18 23:03:16,1781823796,R_10,4849.329,1,0.03600000000005821,BACKFILL_AUTO
2026-06-18 23:03:18,1781823798,R_10,4849.462,1,0.13300000000072032,BACKFILL_AUTO
2026-06-18 23:03:20,1781823800,R_10,4849.548,1,0.08599999999933061,BACKFILL_AUTO
2026-06-18 23:03:22,1781823802,R_10,4849.505,-1,0.042999999999665306,BACKFILL_AUTO
2026-06-18 23:03:24,1781823804,R_10,4849.399,-1,0.10599999999976717,BACKFILL_AUTO
2026-06-18 23:03:26,1781823806,R_10,4849.545,1,0.1459999999997308,BACKFILL_AUTO
2026-06-18 23:03:28,1781823808,R_10,4849.478,-1,0.06700000000000728,BACKFILL_AUTO
2026-06-18 23:03:30,1781823810,R_10,4849.738,1,0.2600000000002183,BACKFILL_AUTO
2026-06-18 23:03:32,1781823812,R_10,4849.529,-1,0.20899999999983265,BACKFILL_AUTO
2026-06-18 23:03:34,1781823814,R_10,4849.479,-1,0.0500000000001819,BACKFILL_AUTO
2026-06-18 23:03:36,1781823816,R_10,4849.57,1,0.09099999999943975,BACKFILL_AUTO
2026-06-18 23:03:38,1781823818,R_10,4849.441,-1,0.1289999999999054,BACKFILL_AUTO
2026-06-18 23:03:40,1781823820,R_10,4849.404,-1,0.03699999999935244,BACKFILL_AUTO
2026-06-18 23:03:42,1781823822,R_10,4849.47,1,0.06599999999980355,BACKFILL_AUTO
2026-06-18 23:03:44,1781823824,R_10,4849.595,1,0.125,BACKFILL_AUTO
2026-06-18 23:03:46,1781823826,R_10,4849.543,-1,0.05200000000058935,BACKFILL_AUTO
2026-06-18 23:03:48,1781823828,R_10,4849.613,1,0.07000000000061846,BACKFILL_AUTO
2026-06-18 23:03:50,1781823830,R_10,4849.505,-1,0.10800000000017462,BACKFILL_AUTO
2026-06-18 23:03:52,1781823832,R_10,4849.562,1,0.056999999999789,BACKFILL_AUTO
2026-06-18 23:03:54,1781823834,R_10,4849.246,-1,0.31599999999980355,BACKFILL_AUTO
2026-06-18 23:03:56,1781823836,R_10,4849.411,1,0.16499999999996362,BACKFILL_AUTO
2026-06-18 23:03:58,1781823838,R_10,4849.272,-1,0.1390000000001237,BACKFILL_AUTO
2026-06-18 23:04:00,1781823840,R_10,4849.254,-1,0.018000000000029104,BACKFILL_AUTO
2026-06-18 23:04:02,1781823842,R_10,4849.184,-1,0.06999999999970896,BACKFILL_AUTO
2026-06-18 23:04:04,1781823844,R_10,4849.276,1,0.09199999999964348,BACKFILL_AUTO
2026-06-18 23:04:06,1781823846,R_10,4849.196,-1,0.07999999999992724,BACKFILL_AUTO
2026-06-18 23:04:08,1781823848,R_10,4849.19,-1,0.006000000000312866,BACKFILL_AUTO
2026-06-18 23:04:10,1781823850,R_10,4849.249,1,0.05900000000019645,BACKFILL_AUTO
2026-06-18 23:04:12,1781823852,R_10,4849.141,-1,0.10800000000017462,BACKFILL_AUTO
2026-06-18 23:04:14,1781823854,R_10,4849.127,-1,0.013999999999214197,BACKFILL_AUTO
2026-06-18 23:04:16,1781823856,R_10,4849.133,1,0.0059999999994033715,BACKFILL_AUTO
2026-06-18 23:04:18,1781823858,R_10,4848.916,-1,0.21699999999964348,BACKFILL_AUTO
2026-06-18 23:04:20,1781823860,R_10,4848.928,1,0.011999999999716238,BACKFILL_AUTO
2026-06-18 23:04:22,1781823862,R_10,4848.934,1,0.006000000000312866,BACKFILL_AUTO
2026-06-18 23:04:24,1781823864,R_10,4848.883,-1,0.051000000000385626,BACKFILL_AUTO
2026-06-18 23:04:26,1781823866,R_10,4848.847,-1,0.03600000000005821,BACKFILL_AUTO
2026-06-18 23:04:28,1781823868,R_10,4848.939,1,0.09200000000055297,BACKFILL_AUTO
2026-06-18 23:04:30,1781823870,R_10,4849.085,1,0.1459999999997308,BACKFILL_AUTO
2026-06-18 23:04:32,1781823872,R_10,4849.129,1,0.04399999999986903,BACKFILL_AUTO
2026-06-18 23:04:34,1781823874,R_10,4849.187,1,0.057999999999992724,BACKFILL_AUTO
2026-06-18 23:04:36,1781823876,R_10,4849.414,1,0.22699999999986176,BACKFILL_AUTO
2026-06-18 23:04:38,1781823878,R_10,4849.558,1,0.14400000000023283,BACKFILL_AUTO
2026-06-18 23:04:40,1781823880,R_10,4849.442,-1,0.11599999999998545,BACKFILL_AUTO
2026-06-18 23:04:42,1781823882,R_10,4849.656,1,0.2139999999999418,BACKFILL_AUTO
2026-06-18 23:04:44,1781823884,R_10,4849.596,-1,0.06000000000040018,BACKFILL_AUTO
2026-06-18 23:04:46,1781823886,R_10,4849.766,1,0.17000000000007276,BACKFILL_AUTO
2026-06-18 23:04:48,1781823888,R_10,4849.745,-1,0.02099999999973079,BACKFILL_AUTO
2026-06-18 23:04:50,1781823890,R_10,4849.598,-1,0.14699999999993452,BACKFILL_AUTO
2026-06-18 23:04:52,1781823892,R_10,4849.634,1,0.03600000000005821,BACKFILL_AUTO
2026-06-18 23:04:54,1781823894,R_10,4849.461,-1,0.17299999999977445,BACKFILL_AUTO
2026-06-18 23:04:56,1781823896,R_10,4849.379,-1,0.0820000000003347,BACKFILL_AUTO
2026-06-18 23:04:58,1781823898,R_10,4849.154,-1,0.2249999999994543,BACKFILL_AUTO
2026-06-18 23:05:00,1781823900,R_10,4849.072,-1,0.0820000000003347,BACKFILL_AUTO
2026-06-18 23:05:02,1781823902,R_10,4848.934,-1,0.13799999999991996,BACKFILL_AUTO
2026-06-18 23:05:04,1781823904,R_10,4849.069,1,0.13500000000021828,BACKFILL_AUTO
2026-06-18 23:05:06,1781823906,R_10,4848.951,-1,0.1180000000003929,BACKFILL_AUTO
2026-06-18 23:05:08,1781823908,R_10,4848.813,-1,0.13799999999991996,BACKFILL_AUTO
2026-06-18 23:05:10,1781823910,R_10,4848.827,1,0.014000000000123691,BACKFILL_AUTO
2026-06-18 23:05:12,1781823912,R_10,4848.673,-1,0.1540000000004511,BACKFILL_AUTO
2026-06-18 23:05:14,1781823914,R_10,4848.836,1,0.16300000000046566,BACKFILL_AUTO
2026-06-18 23:05:16,1781823916,R_10,4848.74,-1,0.09600000000045839,BACKFILL_AUTO
2026-06-18 23:05:18,1781823918,R_10,4848.863,1,0.12300000000050204,BACKFILL_AUTO
2026-06-18 23:05:20,1781823920,R_10,4848.689,-1,0.17399999999997817,BACKFILL_AUTO
2026-06-18 23:05:22,1781823922,R_10,4848.832,1,0.1430000000000291,BACKFILL_AUTO
2026-06-18 23:05:24,1781823924,R_10,4848.819,-1,0.012999999999919964,BACKFILL_AUTO
2026-06-18 23:05:26,1781823926,R_10,4848.69,-1,0.1290000000008149,BACKFILL_AUTO
2026-06-18 23:05:28,1781823928,R_10,4848.607,-1,0.08299999999962893,BACKFILL_AUTO
2026-06-18 23:05:30,1781823930,R_10,4848.454,-1,0.15300000000024738,BACKFILL_AUTO
2026-06-18 23:05:32,1781823932,R_10,4848.369,-1,0.08500000000003638,BACKFILL_AUTO
2026-06-18 23:05:34,1781823934,R_10,4848.271,-1,0.09799999999995634,BACKFILL_AUTO
2026-06-18 23:05:36,1781823936,R_10,4848.661,1,0.3900000000003274,BACKFILL_AUTO
2026-06-18 23:05:38,1781823938,R_10,4848.564,-1,0.09699999999975262,BACKFILL_AUTO
2026-06-18 23:05:40,1781823940,R_10,4848.627,1,0.06300000000010186,BACKFILL_AUTO
2026-06-18 23:05:42,1781823942,R_10,4848.877,1,0.25,BACKFILL_AUTO
2026-06-18 23:05:44,1781823944,R_10,4849.133,1,0.25599999999940337,BACKFILL_AUTO
2026-06-18 23:05:46,1781823946,R_10,4849.33,1,0.19700000000011642,BACKFILL_AUTO
2026-06-18 23:05:48,1781823948,R_10,4849.365,1,0.03499999999985448,BACKFILL_AUTO
2026-06-18 23:05:50,1781823950,R_10,4849.233,-1,0.1319999999996071,BACKFILL_AUTO
2026-06-18 23:05:52,1781823952,R_10,4849.28,1,0.04699999999957072,BACKFILL_AUTO
2026-06-18 23:05:54,1781823954,R_10,4849.181,-1,0.09900000000016007,BACKFILL_AUTO
2026-06-18 23:05:56,1781823956,R_10,4849.163,-1,0.018000000000029104,BACKFILL_AUTO
2026-06-18 23:05:58,1781823958,R_10,4849.132,-1,0.03099999999994907,BACKFILL_AUTO
2026-06-18 23:06:00,1781823960,R_10,4849.094,-1,0.03799999999955617,BACKFILL_AUTO
2026-06-18 23:06:02,1781823962,R_10,4848.954,-1,0.14000000000032742,BACKFILL_AUTO
2026-06-18 23:06:04,1781823964,R_10,4849.092,1,0.13799999999991996,BACKFILL_AUTO
2026-06-18 23:06:06,1781823966,R_10,4849.044,-1,0.047999999999774445,BACKFILL_AUTO
2026-06-18 23:06:08,1781823968,R_10,4848.965,-1,0.07899999999972351,BACKFILL_AUTO
2026-06-18 23:06:10,1781823970,R_10,4849.187,1,0.22199999999975262,BACKFILL_AUTO
2026-06-18 23:06:12,1781823972,R_10,4849.251,1,0.06400000000030559,BACKFILL_AUTO
2026-06-18 23:06:14,1781823974,R_10,4849.086,-1,0.16499999999996362,BACKFILL_AUTO
2026-06-18 23:06:16,1781823976,R_10,4849.041,-1,0.04500000000007276,BACKFILL_AUTO
2026-06-18 23:06:18,1781823978,R_10,4849.055,1,0.014000000000123691,BACKFILL_AUTO
2026-06-18 23:06:20,1781823980,R_10,4849.112,1,0.056999999999789,BACKFILL_AUTO
2026-06-18 23:06:22,1781823982,R_10,4849.139,1,0.027000000000043656,BACKFILL_AUTO
2026-06-18 23:06:24,1781823984,R_10,4849.36,1,0.2209999999995489,BACKFILL_AUTO
2026-06-18 23:06:26,1781823986,R_10,4849.397,1,0.037000000000261934,BACKFILL_AUTO
2026-06-18 23:06:28,1781823988,R_10,4849.304,-1,0.0929999999998472,BACKFILL_AUTO
2026-06-18 23:06:30,1781823990,R_10,4849.292,-1,0.011999999999716238,BACKFILL_AUTO
2026-06-18 23:06:32,1781823992,R_10,4849.33,1,0.03799999999955617,BACKFILL_AUTO
2026-06-18 23:06:34,1781823994,R_10,4849.267,-1,0.06300000000010186,BACKFILL_AUTO
2026-06-18 23:06:36,1781823996,R_10,4849.366,1,0.09900000000016007,BACKFILL_AUTO
2026-06-18 23:06:38,1781823998,R_10,4849.245,-1,0.12100000000009459,BACKFILL_AUTO
2026-06-18 23:06:40,1781824000,R_10,4849.331,1,0.0860000000002401,BACKFILL_AUTO
2026-06-18 23:06:42,1781824002,R_10,4849.17,-1,0.1610000000000582,BACKFILL_AUTO
2026-06-18 23:06:44,1781824004,R_10,4849.026,-1,0.14400000000023283,BACKFILL_AUTO
2026-06-18 23:06:46,1781824006,R_10,4849.148,1,0.12200000000029831,BACKFILL_AUTO
2026-06-18 23:06:48,1781824008,R_10,4849.134,-1,0.014000000000123691,BACKFILL_AUTO
2026-06-18 23:06:50,1781824010,R_10,4849.015,-1,0.11899999999968713,BACKFILL_AUTO
2026-06-18 23:06:52,1781824012,R_10,4849.068,1,0.052999999999883585,BACKFILL_AUTO
2026-06-18 23:06:54,1781824014,R_10,4849.293,1,0.2249999999994543,BACKFILL_AUTO
2026-06-18 23:06:56,1781824016,R_10,4849.369,1,0.07600000000002183,BACKFILL_AUTO
2026-06-18 23:06:58,1781824018,R_10,4849.231,-1,0.13799999999991996,BACKFILL_AUTO
2026-06-18 23:07:00,1781824020,R_10,4849.524,1,0.2930000000005748,BACKFILL_AUTO
2026-06-18 23:07:02,1781824022,R_10,4849.45,-1,0.07400000000052387,BACKFILL_AUTO
2026-06-18 23:07:04,1781824024,R_10,4849.382,-1,0.068000000000211,BACKFILL_AUTO
2026-06-18 23:07:06,1781824026,R_10,4849.385,1,0.0030000000006111804,BACKFILL_AUTO
2026-06-18 23:07:08,1781824028,R_10,4849.472,1,0.08699999999953434,BACKFILL_AUTO
2026-06-18 23:07:10,1781824030,R_10,4849.423,-1,0.04899999999997817,BACKFILL_AUTO
2026-06-18 23:07:12,1781824032,R_10,4849.546,1,0.12300000000050204,BACKFILL_AUTO
2026-06-18 23:07:14,1781824034,R_10,4849.635,1,0.08899999999994179,BACKFILL_AUTO
2026-06-18 23:07:16,1781824036,R_10,4849.657,1,0.021999999999934516,BACKFILL_AUTO
2026-06-18 23:07:18,1781824038,R_10,4849.799,1,0.14199999999982538,BACKFILL_AUTO
2026-06-18 23:07:20,1781824040,R_10,4849.586,-1,0.21299999999973807,BACKFILL_AUTO
2026-06-18 23:07:22,1781824042,R_10,4849.765,1,0.1790000000000873,BACKFILL_AUTO
2026-06-18 23:07:24,1781824044,R_10,4849.79,1,0.024999999999636202,BACKFILL_AUTO
2026-06-18 23:07:26,1781824046,R_10,4849.922,1,0.1319999999996071,BACKFILL_AUTO
2026-06-18 23:07:28,1781824048,R_10,4849.868,-1,0.05399999999917782,BACKFILL_AUTO
2026-06-18 23:07:30,1781824050,R_10,4849.937,1,0.06899999999950523,BACKFILL_AUTO
2026-06-18 23:07:32,1781824052,R_10,4849.979,1,0.042000000000371074,BACKFILL_AUTO
2026-06-18 23:07:34,1781824054,R_10,4849.774,-1,0.20499999999992724,BACKFILL_AUTO
2026-06-18 23:07:36,1781824056,R_10,4849.699,-1,0.0750000000007276,BACKFILL_AUTO
2026-06-18 23:07:38,1781824058,R_10,4849.631,-1,0.06799999999930151,BACKFILL_AUTO
2026-06-18 23:07:40,1781824060,R_10,4849.595,-1,0.03600000000005821,BACKFILL_AUTO
2026-06-18 23:07:42,1781824062,R_10,4849.773,1,0.17799999999988358,BACKFILL_AUTO
2026-06-18 23:07:44,1781824064,R_10,4849.85,1,0.07700000000022555,BACKFILL_AUTO
2026-06-18 23:07:46,1781824066,R_10,4849.677,-1,0.17300000000068394,BACKFILL_AUTO
2026-06-18 23:07:48,1781824068,R_10,4849.591,-1,0.08599999999933061,BACKFILL_AUTO
2026-06-18 23:07:50,1781824070,R_10,4849.44,-1,0.15100000000074942,BACKFILL_AUTO
2026-06-18 23:07:52,1781824072,R_10,4849.481,1,0.04100000000016735,BACKFILL_AUTO
2026-06-18 23:07:54,1781824074,R_10,4849.388,-1,0.0929999999998472,BACKFILL_AUTO
2026-06-18 23:07:56,1781824076,R_10,4849.343,-1,0.04500000000007276,BACKFILL_AUTO
2026-06-18 23:07:58,1781824078,R_10,4849.467,1,0.12399999999979627,BACKFILL_AUTO
2026-06-18 23:08:00,1781824080,R_10,4849.438,-1,0.028999999999541615,BACKFILL_AUTO
2026-06-18 23:08:02,1781824082,R_10,4849.306,-1,0.1320000000005166,BACKFILL_AUTO
2026-06-18 23:08:04,1781824084,R_10,4849.085,-1,0.2209999999995489,BACKFILL_AUTO
2026-06-18 23:08:06,1781824086,R_10,4849.153,1,0.068000000000211,BACKFILL_AUTO
2026-06-18 23:08:08,1781824088,R_10,4849.292,1,0.1390000000001237,BACKFILL_AUTO
2026-06-18 23:08:10,1781824090,R_10,4849.13,-1,0.16200000000026193,BACKFILL_AUTO
2026-06-18 23:08:12,1781824092,R_10,4849.117,-1,0.012999999999919964,BACKFILL_AUTO
2026-06-18 23:08:14,1781824094,R_10,4849.078,-1,0.03899999999975989,BACKFILL_AUTO
2026-06-18 23:08:16,1781824096,R_10,4848.967,-1,0.1110000000007858,BACKFILL_AUTO
2026-06-18 23:08:18,1781824098,R_10,4849.043,1,0.07600000000002183,BACKFILL_AUTO
2026-06-18 23:08:20,1781824100,R_10,4849.266,1,0.22299999999995634,BACKFILL_AUTO
2026-06-18 23:08:22,1781824102,R_10,4849.323,1,0.05700000000069849,BACKFILL_AUTO
2026-06-18 23:08:24,1781824104,R_10,4849.211,-1,0.11200000000008004,BACKFILL_AUTO
2026-06-18 23:08:26,1781824106,R_10,4849.105,-1,0.10600000000067666,BACKFILL_AUTO
2026-06-18 23:08:28,1781824108,R_10,4849.032,-1,0.07299999999941065,BACKFILL_AUTO
2026-06-18 23:08:30,1781824110,R_10,4848.881,-1,0.15099999999983993,BACKFILL_AUTO
2026-06-18 23:08:32,1781824112,R_10,4849.052,1,0.170999999999367,BACKFILL_AUTO
2026-06-18 23:08:34,1781824114,R_10,4848.891,-1,0.1610000000000582,BACKFILL_AUTO
2026-06-18 23:08:36,1781824116,R_10,4848.838,-1,0.052999999999883585,BACKFILL_AUTO
2026-06-18 23:08:38,1781824118,R_10,4848.726,-1,0.11200000000008004,BACKFILL_AUTO
2026-06-18 23:08:40,1781824120,R_10,4848.947,1,0.22100000000045839,BACKFILL_AUTO
2026-06-18 23:08:42,1781824122,R_10,4848.978,1,0.03099999999994907,BACKFILL_AUTO
2026-06-18 23:08:44,1781824124,R_10,4849.045,1,0.06700000000000728,BACKFILL_AUTO
2026-06-18 23:08:46,1781824126,R_10,4848.933,-1,0.11200000000008004,BACKFILL_AUTO
2026-06-18 23:08:48,1781824128,R_10,4848.873,-1,0.06000000000040018,BACKFILL_AUTO
2026-06-18 23:08:50,1781824130,R_10,4848.954,1,0.08100000000013097,BACKFILL_AUTO
2026-06-18 23:08:52,1781824132,R_10,4849.093,1,0.1390000000001237,BACKFILL_AUTO
2026-06-18 23:08:54,1781824134,R_10,4849.164,1,0.07099999999991269,BACKFILL_AUTO
2026-06-18 23:08:56,1781824136,R_10,4849.065,-1,0.09900000000016007,BACKFILL_AUTO
2026-06-18 23:08:58,1781824138,R_10,4849.194,1,0.1290000000008149,BACKFILL_AUTO
2026-06-18 23:09:00,1781824140,R_10,4849.02,-1,0.17399999999997817,BACKFILL_AUTO
2026-06-18 23:09:02,1781824142,R_10,4849.128,1,0.10799999999926513,BACKFILL_AUTO
2026-06-18 23:09:04,1781824144,R_10,4848.983,-1,0.14499999999952706,BACKFILL_AUTO
2026-06-18 23:09:06,1781824146,R_10,4848.897,-1,0.0860000000002401,BACKFILL_AUTO
2026-06-18 23:09:08,1781824148,R_10,4848.808,-1,0.08899999999994179,BACKFILL_AUTO
2026-06-18 23:09:10,1781824150,R_10,4848.81,1,0.0020000000004074536,BACKFILL_AUTO
2026-06-18 23:09:12,1781824152,R_10,4848.537,-1,0.27300000000013824,BACKFILL_AUTO
2026-06-18 23:09:14,1781824154,R_10,4848.637,1,0.0999999999994543,BACKFILL_AUTO
2026-06-18 23:09:16,1781824156,R_10,4848.746,1,0.10900000000037835,BACKFILL_AUTO
2026-06-18 23:09:18,1781824158,R_10,4848.656,-1,0.09000000000014552,BACKFILL_AUTO
2026-06-18 23:09:20,1781824160,R_10,4848.47,-1,0.1859999999996944,BACKFILL_AUTO
2026-06-18 23:09:22,1781824162,R_10,4848.338,-1,0.1320000000005166,BACKFILL_AUTO
2026-06-18 23:09:24,1781824164,R_10,4848.376,1,0.03800000000046566,BACKFILL_AUTO
2026-06-18 23:09:26,1781824166,R_10,4848.272,-1,0.10400000000026921,BACKFILL_AUTO
2026-06-18 23:09:28,1781824168,R_10,4848.234,-1,0.03799999999955617,BACKFILL_AUTO
2026-06-18 23:09:30,1781824170,R_10,4848.287,1,0.052999999999883585,BACKFILL_AUTO
2026-06-18 23:09:32,1781824172,R_10,4848.123,-1,0.1640000000006694,BACKFILL_AUTO
2026-06-18 23:09:34,1781824174,R_10,4848.109,-1,0.013999999999214197,BACKFILL_AUTO
2026-06-18 23:09:36,1781824176,R_10,4848.092,-1,0.01700000000073487,BACKFILL_AUTO
2026-06-18 23:09:38,1781824178,R_10,4847.993,-1,0.09899999999925058,BACKFILL_AUTO
2026-06-18 23:09:40,1781824180,R_10,4847.977,-1,0.016000000000531145,BACKFILL_AUTO
2026-06-18 23:09:42,1781824182,R_10,4847.912,-1,0.06499999999959982,BACKFILL_AUTO
2026-06-18 23:09:44,1781824184,R_10,4847.862,-1,0.0500000000001819,BACKFILL_AUTO
2026-06-18 23:09:46,1781824186,R_10,4847.714,-1,0.14800000000013824,BACKFILL_AUTO
2026-06-18 23:09:48,1781824188,R_10,4847.701,-1,0.012999999999919964,BACKFILL_AUTO
2026-06-18 23:09:50,1781824190,R_10,4847.783,1,0.0820000000003347,BACKFILL_AUTO
2026-06-18 23:09:52,1781824192,R_10,4847.606,-1,0.17700000000058935,BACKFILL_AUTO
2026-06-18 23:09:54,1781824194,R_10,4847.53,-1,0.07600000000002183,BACKFILL_AUTO
2026-06-18 23:09:56,1781824196,R_10,4847.621,1,0.09100000000034925,BACKFILL_AUTO
2026-06-18 23:09:58,1781824198,R_10,4847.567,-1,0.05400000000008731,BACKFILL_AUTO
2026-06-18 23:10:00,1781824200,R_10,4847.331,-1,0.2359999999998763,BACKFILL_AUTO
2026-06-18 23:10:02,1781824202,R_10,4847.393,1,0.06199999999989814,BACKFILL_AUTO
2026-06-18 23:10:04,1781824204,R_10,4847.454,1,0.06099999999969441,BACKFILL_AUTO
2026-06-18 23:10:06,1781824206,R_10,4847.379,-1,0.0749999999998181,BACKFILL_AUTO
2026-06-18 23:10:08,1781824208,R_10,4847.466,1,0.08700000000044383,BACKFILL_AUTO
2026-06-18 23:10:10,1781824210,R_10,4847.401,-1,0.06500000000050932,BACKFILL_AUTO
2026-06-18 23:10:12,1781824212,R_10,4847.572,1,0.1710000000002765,BACKFILL_AUTO
2026-06-18 23:10:14,1781824214,R_10,4847.61,1,0.03799999999955617,BACKFILL_AUTO
2026-06-18 23:10:16,1781824216,R_10,4847.579,-1,0.03099999999994907,BACKFILL_AUTO
2026-06-18 23:10:18,1781824218,R_10,4847.463,-1,0.11599999999998545,BACKFILL_AUTO
2026-06-18 23:10:20,1781824220,R_10,4847.591,1,0.12800000000061118,BACKFILL_AUTO
2026-06-18 23:10:22,1781824222,R_10,4847.644,1,0.052999999999883585,BACKFILL_AUTO
2026-06-18 23:10:24,1781824224,R_10,4847.558,-1,0.0860000000002401,BACKFILL_AUTO
2026-06-18 23:10:26,1781824226,R_10,4847.416,-1,0.14199999999982538,BACKFILL_AUTO
2026-06-18 23:10:28,1781824228,R_10,4847.41,-1,0.006000000000312866,BACKFILL_AUTO
2026-06-18 23:10:30,1781824230,R_10,4847.682,1,0.2719999999999345,BACKFILL_AUTO
2026-06-18 23:10:32,1781824232,R_10,4847.717,1,0.03499999999985448,BACKFILL_AUTO
2026-06-18 23:10:34,1781824234,R_10,4847.827,1,0.11000000000058208,BACKFILL_AUTO
2026-06-18 23:10:36,1781824236,R_10,4848.118,1,0.29100000000016735,BACKFILL_AUTO
2026-06-18 23:10:38,1781824238,R_10,4848.164,1,0.04599999999936699,BACKFILL_AUTO
2026-06-18 23:10:40,1781824240,R_10,4848.142,-1,0.021999999999934516,BACKFILL_AUTO
2026-06-18 23:10:42,1781824242,R_10,4847.965,-1,0.17699999999967986,BACKFILL_AUTO
2026-06-18 23:10:44,1781824244,R_10,4847.844,-1,0.12100000000009459,BACKFILL_AUTO
2026-06-18 23:10:46,1781824246,R_10,4847.636,-1,0.20799999999962893,BACKFILL_AUTO
2026-06-18 23:10:48,1781824248,R_10,4847.387,-1,0.24900000000070577,BACKFILL_AUTO
2026-06-18 23:10:50,1781824250,R_10,4847.437,1,0.0500000000001819,BACKFILL_AUTO
2026-06-18 23:10:52,1781824252,R_10,4847.492,1,0.05500000000029104,BACKFILL_AUTO
2026-06-18 23:10:54,1781824254,R_10,4847.497,1,0.005000000000109139,BACKFILL_AUTO
2026-06-18 23:10:56,1781824256,R_10,4847.473,-1,0.02400000000034197,BACKFILL_AUTO
2026-06-18 23:10:58,1781824258,R_10,4847.446,-1,0.027000000000043656,BACKFILL_AUTO
2026-06-18 23:11:00,1781824260,R_10,4847.355,-1,0.09100000000034925,BACKFILL_AUTO
2026-06-18 23:11:02,1781824262,R_10,4847.403,1,0.04800000000068394,BACKFILL_AUTO
2026-06-18 23:11:04,1781824264,R_10,4847.553,1,0.1499999999996362,BACKFILL_AUTO
2026-06-18 23:11:06,1781824266,R_10,4847.388,-1,0.16499999999996362,BACKFILL_AUTO
2026-06-18 23:11:08,1781824268,R_10,4847.527,1,0.1390000000001237,BACKFILL_AUTO
2026-06-18 23:11:10,1781824270,R_10,4847.568,1,0.04100000000016735,BACKFILL_AUTO
2026-06-18 23:11:12,1781824272,R_10,4847.497,-1,0.07099999999991269,BACKFILL_AUTO
2026-06-18 23:11:14,1781824274,R_10,4847.558,1,0.06099999999969441,BACKFILL_AUTO
2026-06-18 23:11:16,1781824276,R_10,4847.573,1,0.015000000000327418,BACKFILL_AUTO
2026-06-18 23:11:18,1781824278,R_10,4847.579,1,0.0059999999994033715,BACKFILL_AUTO
2026-06-18 23:11:20,1781824280,R_10,4847.474,-1,0.10499999999956344,BACKFILL_AUTO
2026-06-18 23:11:22,1781824282,R_10,4847.542,1,0.068000000000211,BACKFILL_AUTO
2026-06-18 23:11:24,1781824284,R_10,4847.512,-1,0.030000000000654836,BACKFILL_AUTO
2026-06-18 23:11:26,1781824286,R_10,4847.756,1,0.24400000000059663,BACKFILL_AUTO
2026-06-18 23:11:28,1781824288,R_10,4847.764,1,0.007999999999810825,BACKFILL_AUTO
2026-06-18 23:11:30,1781824290,R_10,4847.875,1,0.11099999999987631,BACKFILL_AUTO
2026-06-18 23:11:32,1781824292,R_10,4847.811,-1,0.06400000000030559,BACKFILL_AUTO
2026-06-18 23:11:34,1781824294,R_10,4847.813,1,0.0020000000004074536,BACKFILL_AUTO
2026-06-18 23:11:36,1781824296,R_10,4847.802,-1,0.011000000000422006,BACKFILL_AUTO
2026-06-18 23:11:38,1781824298,R_10,4847.741,-1,0.06099999999969441,BACKFILL_AUTO
2026-06-18 23:11:40,1781824300,R_10,4847.695,-1,0.046000000000276486,BACKFILL_AUTO
2026-06-18 23:11:42,1781824302,R_10,4847.548,-1,0.14699999999993452,BACKFILL_AUTO
2026-06-18 23:11:44,1781824304,R_10,4847.408,-1,0.13999999999941792,BACKFILL_AUTO
2026-06-18 23:11:46,1781824306,R_10,4847.512,1,0.10399999999935972,BACKFILL_AUTO
2026-06-18 23:11:48,1781824308,R_10,4847.556,1,0.04399999999986903,BACKFILL_AUTO
2026-06-18 23:11:50,1781824310,R_10,4847.546,-1,0.009999999999308784,BACKFILL_AUTO
2026-06-18 23:11:52,1781824312,R_10,4847.711,1,0.16499999999996362,BACKFILL_AUTO
2026-06-18 23:11:54,1781824314,R_10,4847.603,-1,0.10800000000017462,BACKFILL_AUTO
2026-06-18 23:11:56,1781824316,R_10,4847.663,1,0.05999999999949068,BACKFILL_AUTO
2026-06-18 23:11:58,1781824318,R_10,4847.894,1,0.23100000000067666,BACKFILL_AUTO
2026-06-18 23:12:00,1781824320,R_10,4847.876,-1,0.018000000000029104,BACKFILL_AUTO
2026-06-18 23:12:02,1781824322,R_10,4847.841,-1,0.03499999999985448,BACKFILL_AUTO
2026-06-18 23:12:04,1781824324,R_10,4847.691,-1,0.1500000000005457,BACKFILL_AUTO
2026-06-18 23:12:06,1781824326,R_10,4847.603,-1,0.08799999999973807,BACKFILL_AUTO
2026-06-18 23:12:08,1781824328,R_10,4847.452,-1,0.15099999999983993,BACKFILL_AUTO
2026-06-18 23:12:10,1781824330,R_10,4847.631,1,0.1790000000000873,BACKFILL_AUTO
2026-06-18 23:12:12,1781824332,R_10,4847.789,1,0.15799999999944703,BACKFILL_AUTO
2026-06-18 23:12:14,1781824334,R_10,4847.877,1,0.08800000000064756,BACKFILL_AUTO
2026-06-18 23:12:16,1781824336,R_10,4847.758,-1,0.11900000000059663,BACKFILL_AUTO
2026-06-18 23:12:18,1781824338,R_10,4847.608,-1,0.1499999999996362,BACKFILL_AUTO
2026-06-18 23:12:20,1781824340,R_10,4847.807,1,0.19899999999961437,BACKFILL_AUTO
2026-06-18 23:12:22,1781824342,R_10,4847.827,1,0.020000000000436557,BACKFILL_AUTO
2026-06-18 23:12:24,1781824344,R_10,4847.711,-1,0.11599999999998545,BACKFILL_AUTO
2026-06-18 23:12:26,1781824346,R_10,4847.737,1,0.02599999999983993,BACKFILL_AUTO
2026-06-18 23:12:28,1781824348,R_10,4847.618,-1,0.11899999999968713,BACKFILL_AUTO
2026-06-18 23:12:30,1781824350,R_10,4847.394,-1,0.22400000000016007,BACKFILL_AUTO
2026-06-18 23:12:32,1781824352,R_10,4847.556,1,0.16199999999935244,BACKFILL_AUTO
2026-06-18 23:12:34,1781824354,R_10,4847.481,-1,0.0749999999998181,BACKFILL_AUTO
2026-06-18 23:12:36,1781824356,R_10,4847.502,1,0.021000000000640284,BACKFILL_AUTO
2026-06-18 23:12:38,1781824358,R_10,4847.631,1,0.1289999999999054,BACKFILL_AUTO
2026-06-18 23:12:40,1781824360,R_10,4847.728,1,0.09699999999975262,BACKFILL_AUTO
2026-06-18 23:12:42,1781824362,R_10,4847.784,1,0.05599999999958527,BACKFILL_AUTO
2026-06-18 23:12:44,1781824364,R_10,4847.681,-1,0.10300000000006548,BACKFILL_AUTO
2026-06-18 23:12:46,1781824366,R_10,4847.602,-1,0.07899999999972351,BACKFILL_AUTO
2026-06-18 23:12:48,1781824368,R_10,4847.414,-1,0.18800000000010186,BACKFILL_AUTO
2026-06-18 23:12:50,1781824370,R_10,4847.322,-1,0.09199999999964348,BACKFILL_AUTO
2026-06-18 23:12:52,1781824372,R_10,4847.299,-1,0.023000000000138243,BACKFILL_AUTO
2026-06-18 23:12:54,1781824374,R_10,4847.428,1,0.1289999999999054,BACKFILL_AUTO
2026-06-18 23:12:56,1781824376,R_10,4847.425,-1,0.0029999999997016857,BACKFILL_AUTO
2026-06-18 23:12:58,1781824378,R_10,4847.622,1,0.19700000000011642,BACKFILL_AUTO
2026-06-18 23:13:00,1781824380,R_10,4847.693,1,0.07099999999991269,BACKFILL_AUTO
2026-06-18 23:13:02,1781824382,R_10,4847.675,-1,0.018000000000029104,BACKFILL_AUTO
2026-06-18 23:13:04,1781824384,R_10,4847.342,-1,0.3330000000005384,BACKFILL_AUTO
2026-06-18 23:13:06,1781824386,R_10,4847.459,1,0.11700000000018917,BACKFILL_AUTO
2026-06-18 23:13:08,1781824388,R_10,4847.441,-1,0.018000000000029104,BACKFILL_AUTO
2026-06-18 23:13:10,1781824390,R_10,4847.339,-1,0.10199999999986176,BACKFILL_AUTO
2026-06-18 23:13:12,1781824392,R_10,4847.276,-1,0.06300000000010186,BACKFILL_AUTO
2026-06-18 23:13:14,1781824394,R_10,4847.264,-1,0.011999999999716238,BACKFILL_AUTO
2026-06-18 23:13:16,1781824396,R_10,4847.189,-1,0.0749999999998181,BACKFILL_AUTO
2026-06-18 23:13:18,1781824398,R_10,4847.044,-1,0.14500000000043656,BACKFILL_AUTO
2026-06-18 23:13:20,1781824400,R_10,4847.28,1,0.2359999999998763,BACKFILL_AUTO
2026-06-18 23:13:22,1781824402,R_10,4847.153,-1,0.12699999999949796,BACKFILL_AUTO
2026-06-18 23:13:24,1781824404,R_10,4847.28,1,0.12699999999949796,BACKFILL_AUTO
2026-06-18 23:13:26,1781824406,R_10,4847.06,-1,0.21999999999934516,BACKFILL_AUTO
2026-06-18 23:13:28,1781824408,R_10,4847.094,1,0.033999999999650754,BACKFILL_AUTO
2026-06-18 23:13:30,1781824410,R_10,4847.145,1,0.051000000000385626,BACKFILL_AUTO
2026-06-18 23:13:32,1781824412,R_10,4847.007,-1,0.13800000000082946,BACKFILL_AUTO
2026-06-18 23:13:34,1781824414,R_10,4847.187,1,0.18000000000029104,BACKFILL_AUTO
2026-06-18 23:13:36,1781824416,R_10,4847.225,1,0.03800000000046566,BACKFILL_AUTO
2026-06-18 23:13:38,1781824418,R_10,4847.079,-1,0.14600000000064028,BACKFILL_AUTO
2026-06-18 23:13:40,1781824420,R_10,4847.236,1,0.1570000000001528,BACKFILL_AUTO
2026-06-18 23:13:42,1781824422,R_10,4847.313,1,0.07700000000022555,BACKFILL_AUTO
2026-06-18 23:13:44,1781824424,R_10,4847.369,1,0.05599999999958527,BACKFILL_AUTO
2026-06-18 23:13:46,1781824426,R_10,4847.234,-1,0.13499999999930878,BACKFILL_AUTO
2026-06-18 23:13:48,1781824428,R_10,4847.346,1,0.11199999999917054,BACKFILL_AUTO
2026-06-18 23:13:50,1781824430,R_10,4847.475,1,0.1290000000008149,BACKFILL_AUTO
2026-06-18 23:13:52,1781824432,R_10,4847.501,1,0.02599999999983993,BACKFILL_AUTO
2026-06-18 23:13:54,1781824434,R_10,4847.536,1,0.03499999999985448,BACKFILL_AUTO
2026-06-18 23:13:56,1781824436,R_10,4847.536,0,0.0,BACKFILL_AUTO
2026-06-18 23:13:58,1781824438,R_10,4847.463,-1,0.07300000000032014,BACKFILL_AUTO
2026-06-18 23:14:00,1781824440,R_10,4847.435,-1,0.027999999999337888,BACKFILL_AUTO
2026-06-18 23:14:02,1781824442,R_10,4847.605,1,0.16999999999916326,BACKFILL_AUTO
2026-06-18 23:14:04,1781824444,R_10,4847.495,-1,0.10999999999967258,BACKFILL_AUTO
2026-06-18 23:14:06,1781824446,R_10,4847.447,-1,0.047999999999774445,BACKFILL_AUTO
2026-06-18 23:14:08,1781824448,R_10,4847.576,1,0.1289999999999054,BACKFILL_AUTO
2026-06-18 23:14:10,1781824450,R_10,4847.667,1,0.09100000000034925,BACKFILL_AUTO
2026-06-18 23:14:12,1781824452,R_10,4847.64,-1,0.027000000000043656,BACKFILL_AUTO
2026-06-18 23:14:14,1781824454,R_10,4847.951,1,0.3109999999996944,BACKFILL_AUTO
2026-06-18 23:14:16,1781824456,R_10,4847.672,-1,0.2790000000004511,BACKFILL_AUTO
2026-06-18 23:14:18,1781824458,R_10,4847.507,-1,0.16499999999996362,BACKFILL_AUTO
2026-06-18 23:14:20,1781824460,R_10,4847.617,1,0.11000000000058208,BACKFILL_AUTO
2026-06-18 23:14:22,1781824462,R_10,4847.617,0,0.0,BACKFILL_AUTO
2026-06-18 23:14:24,1781824464,R_10,4847.54,-1,0.07700000000022555,BACKFILL_AUTO
2026-06-18 23:14:26,1781824466,R_10,4847.532,-1,0.007999999999810825,BACKFILL_AUTO
2026-06-18 23:14:28,1781824468,R_10,4847.544,1,0.011999999999716238,BACKFILL_AUTO
2026-06-18 23:14:30,1781824470,R_10,4847.459,-1,0.08500000000003638,BACKFILL_AUTO
2026-06-18 23:14:32,1781824472,R_10,4847.6,1,0.14100000000053114,BACKFILL_AUTO
2026-06-18 23:14:34,1781824474,R_10,4847.647,1,0.04699999999957072,BACKFILL_AUTO
2026-06-18 23:14:36,1781824476,R_10,4847.621,-1,0.02599999999983993,BACKFILL_AUTO
2026-06-18 23:14:38,1781824478,R_10,4847.755,1,0.13400000000001455,BACKFILL_AUTO
2026-06-18 23:14:40,1781824480,R_10,4847.905,1,0.1499999999996362,BACKFILL_AUTO
2026-06-18 23:14:42,1781824482,R_10,4847.875,-1,0.02999999999974534,BACKFILL_AUTO
2026-06-18 23:14:44,1781824484,R_10,4847.874,-1,0.0010000000002037268,BACKFILL_AUTO
2026-06-18 23:14:46,1781824486,R_10,4847.765,-1,0.10899999999946886,BACKFILL_AUTO
2026-06-18 23:14:48,1781824488,R_10,4847.706,-1,0.05900000000019645,BACKFILL_AUTO
2026-06-18 23:14:50,1781824490,R_10,4847.685,-1,0.02099999999973079,BACKFILL_AUTO
2026-06-18 23:14:52,1781824492,R_10,4847.671,-1,0.014000000000123691,BACKFILL_AUTO
2026-06-18 23:14:54,1781824494,R_10,4847.659,-1,0.012000000000625732,BACKFILL_AUTO
2026-06-18 23:14:56,1781824496,R_10,4847.669,1,0.010000000000218279,BACKFILL_AUTO
2026-06-18 23:14:58,1781824498,R_10,4847.887,1,0.2179999999998472,BACKFILL_AUTO
2026-06-18 23:15:00,1781824500,R_10,4847.802,-1,0.08500000000003638,BACKFILL_AUTO
2026-06-18 23:15:02,1781824502,R_10,4847.561,-1,0.24099999999998545,BACKFILL_AUTO
2026-06-18 23:15:04,1781824504,R_10,4847.561,0,0.0,BACKFILL_AUTO
2026-06-18 23:15:06,1781824506,R_10,4847.36,-1,0.20100000000002183,BACKFILL_AUTO
2026-06-18 23:15:08,1781824508,R_10,4847.39,1,0.030000000000654836,BACKFILL_AUTO
2026-06-18 23:15:10,1781824510,R_10,4847.484,1,0.09400000000005093,BACKFILL_AUTO
2026-06-18 23:15:12,1781824512,R_10,4847.693,1,0.20899999999983265,BACKFILL_AUTO
2026-06-18 23:15:14,1781824514,R_10,4847.784,1,0.09099999999943975,BACKFILL_AUTO
2026-06-18 23:15:16,1781824516,R_10,4847.696,-1,0.08799999999973807,BACKFILL_AUTO
2026-06-18 23:15:18,1781824518,R_10,4847.779,1,0.08300000000053842,BACKFILL_AUTO
2026-06-18 23:15:20,1781824520,R_10,4847.858,1,0.07899999999972351,BACKFILL_AUTO
2026-06-18 23:15:22,1781824522,R_10,4847.715,-1,0.1430000000000291,BACKFILL_AUTO
2026-06-18 23:15:24,1781824524,R_10,4847.512,-1,0.20300000000042928,BACKFILL_AUTO
2026-06-18 23:15:26,1781824526,R_10,4847.45,-1,0.06199999999989814,BACKFILL_AUTO
2026-06-18 23:15:28,1781824528,R_10,4847.612,1,0.16200000000026193,BACKFILL_AUTO
2026-06-18 23:15:30,1781824530,R_10,4847.493,-1,0.11899999999968713,BACKFILL_AUTO
2026-06-18 23:15:32,1781824532,R_10,4847.519,1,0.02599999999983993,BACKFILL_AUTO
2026-06-18 23:15:34,1781824534,R_10,4847.689,1,0.17000000000007276,BACKFILL_AUTO
2026-06-18 23:15:36,1781824536,R_10,4847.924,1,0.23499999999967258,BACKFILL_AUTO
2026-06-18 23:15:38,1781824538,R_10,4847.936,1,0.011999999999716238,BACKFILL_AUTO
2026-06-18 23:15:40,1781824540,R_10,4847.702,-1,0.23399999999946886,BACKFILL_AUTO
2026-06-18 23:15:42,1781824542,R_10,4847.441,-1,0.261000000000422,BACKFILL_AUTO
2026-06-18 23:15:44,1781824544,R_10,4847.508,1,0.06700000000000728,BACKFILL_AUTO
2026-06-18 23:15:46,1781824546,R_10,4847.317,-1,0.19099999999980355,BACKFILL_AUTO
2026-06-18 23:15:48,1781824548,R_10,4847.32,1,0.0029999999997016857,BACKFILL_AUTO
2026-06-18 23:15:50,1781824550,R_10,4847.336,1,0.016000000000531145,BACKFILL_AUTO
2026-06-18 23:15:52,1781824552,R_10,4847.337,1,0.0010000000002037268,BACKFILL_AUTO
2026-06-18 23:15:54,1781824554,R_10,4847.178,-1,0.15900000000056025,BACKFILL_AUTO
2026-06-18 23:15:56,1781824556,R_10,4847.132,-1,0.046000000000276486,BACKFILL_AUTO
2026-06-18 23:15:58,1781824558,R_10,4847.201,1,0.06900000000041473,BACKFILL_AUTO
2026-06-18 23:16:00,1781824560,R_10,4847.115,-1,0.0860000000002401,BACKFILL_AUTO
2026-06-18 23:16:02,1781824562,R_10,4847.048,-1,0.06700000000000728,BACKFILL_AUTO
2026-06-18 23:16:04,1781824564,R_10,4847.232,1,0.18400000000019645,BACKFILL_AUTO
2026-06-18 23:16:06,1781824566,R_10,4847.334,1,0.10199999999986176,BACKFILL_AUTO
2026-06-18 23:16:08,1781824568,R_10,4847.193,-1,0.14099999999962165,BACKFILL_AUTO
2026-06-18 23:16:10,1781824570,R_10,4847.254,1,0.06099999999969441,BACKFILL_AUTO
2026-06-18 23:16:12,1781824572,R_10,4847.19,-1,0.06400000000030559,BACKFILL_AUTO
2026-06-18 23:16:14,1781824574,R_10,4846.857,-1,0.3329999999996289,BACKFILL_AUTO
2026-06-18 23:16:16,1781824576,R_10,4846.786,-1,0.07099999999991269,BACKFILL_AUTO
2026-06-18 23:16:18,1781824578,R_10,4846.604,-1,0.181999999999789,BACKFILL_AUTO
2026-06-18 23:16:20,1781824580,R_10,4846.572,-1,0.032000000000152795,BACKFILL_AUTO
2026-06-18 23:16:22,1781824582,R_10,4846.803,1,0.23099999999976717,BACKFILL_AUTO
2026-06-18 23:16:24,1781824584,R_10,4846.83,1,0.027000000000043656,BACKFILL_AUTO
2026-06-18 23:16:26,1781824586,R_10,4846.654,-1,0.17599999999947613,BACKFILL_AUTO
2026-06-18 23:16:28,1781824588,R_10,4846.668,1,0.013999999999214197,BACKFILL_AUTO
2026-06-18 23:16:30,1781824590,R_10,4846.604,-1,0.0639999999993961,BACKFILL_AUTO
2026-06-18 23:16:32,1781824592,R_10,4846.674,1,0.06999999999970896,BACKFILL_AUTO
2026-06-18 23:16:34,1781824594,R_10,4846.612,-1,0.06199999999989814,BACKFILL_AUTO
2026-06-18 23:16:36,1781824596,R_10,4846.579,-1,0.03300000000035652,BACKFILL_AUTO
2026-06-18 23:16:38,1781824598,R_10,4846.516,-1,0.06300000000010186,BACKFILL_AUTO
2026-06-18 23:16:40,1781824600,R_10,4846.543,1,0.027000000000043656,BACKFILL_AUTO
2026-06-18 23:16:42,1781824602,R_10,4846.573,1,0.030000000000654836,BACKFILL_AUTO
2026-06-18 23:16:44,1781824604,R_10,4846.472,-1,0.10100000000056752,BACKFILL_AUTO
2026-06-18 23:16:46,1781824606,R_10,4846.509,1,0.037000000000261934,BACKFILL_AUTO
2026-06-18 23:16:48,1781824608,R_10,4846.406,-1,0.10300000000006548,BACKFILL_AUTO
2026-06-18 23:16:50,1781824610,R_10,4846.399,-1,0.006999999999607098,BACKFILL_AUTO
2026-06-18 23:16:52,1781824612,R_10,4846.426,1,0.027000000000043656,BACKFILL_AUTO
2026-06-18 23:16:54,1781824614,R_10,4846.412,-1,0.014000000000123691,BACKFILL_AUTO
2026-06-18 23:16:56,1781824616,R_10,4846.384,-1,0.028000000000247383,BACKFILL_AUTO
2026-06-18 23:16:58,1781824618,R_10,4846.262,-1,0.12200000000029831,BACKFILL_AUTO
2026-06-18 23:17:00,1781824620,R_10,4846.142,-1,0.11999999999989086,BACKFILL_AUTO
2026-06-18 23:17:02,1781824622,R_10,4845.874,-1,0.2680000000000291,BACKFILL_AUTO
2026-06-18 23:17:04,1781824624,R_10,4845.986,1,0.11200000000008004,BACKFILL_AUTO
2026-06-18 23:17:06,1781824626,R_10,4846.053,1,0.06700000000000728,BACKFILL_AUTO
2026-06-18 23:17:08,1781824628,R_10,4846.293,1,0.23999999999978172,BACKFILL_AUTO
2026-06-18 23:17:10,1781824630,R_10,4846.174,-1,0.11899999999968713,BACKFILL_AUTO
2026-06-18 23:17:12,1781824632,R_10,4846.274,1,0.1000000000003638,BACKFILL_AUTO
2026-06-18 23:17:14,1781824634,R_10,4846.162,-1,0.11200000000008004,BACKFILL_AUTO
2026-06-18 23:17:16,1781824636,R_10,4846.108,-1,0.05400000000008731,BACKFILL_AUTO
2026-06-18 23:17:18,1781824638,R_10,4846.007,-1,0.10100000000056752,BACKFILL_AUTO
2026-06-18 23:17:20,1781824640,R_10,4845.992,-1,0.014999999999417923,BACKFILL_AUTO
2026-06-18 23:17:22,1781824642,R_10,4846.03,1,0.03799999999955617,BACKFILL_AUTO
2026-06-18 23:17:24,1781824644,R_10,4845.832,-1,0.19799999999941065,BACKFILL_AUTO
2026-06-18 23:17:26,1781824646,R_10,4845.703,-1,0.1289999999999054,BACKFILL_AUTO
2026-06-18 23:17:28,1781824648,R_10,4845.608,-1,0.09500000000025466,BACKFILL_AUTO
2026-06-18 23:17:30,1781824650,R_10,4845.564,-1,0.04399999999986903,BACKFILL_AUTO
2026-06-18 23:17:32,1781824652,R_10,4845.52,-1,0.04399999999986903,BACKFILL_AUTO
2026-06-18 23:17:34,1781824654,R_10,4845.489,-1,0.031000000000858563,BACKFILL_AUTO
2026-06-18 23:17:36,1781824656,R_10,4845.361,-1,0.12799999999970169,BACKFILL_AUTO
2026-06-18 23:17:38,1781824658,R_10,4845.468,1,0.1069999999999709,BACKFILL_AUTO
2026-06-18 23:17:40,1781824660,R_10,4845.504,1,0.03600000000005821,BACKFILL_AUTO
2026-06-18 23:17:42,1781824662,R_10,4845.509,1,0.005000000000109139,BACKFILL_AUTO
2026-06-18 23:17:44,1781824664,R_10,4845.439,-1,0.06999999999970896,BACKFILL_AUTO
2026-06-18 23:17:46,1781824666,R_10,4845.247,-1,0.19200000000000728,BACKFILL_AUTO
2026-06-18 23:17:48,1781824668,R_10,4845.281,1,0.033999999999650754,BACKFILL_AUTO
2026-06-18 23:17:50,1781824670,R_10,4845.31,1,0.02900000000045111,BACKFILL_AUTO
2026-06-18 23:17:52,1781824672,R_10,4845.325,1,0.014999999999417923,BACKFILL_AUTO
2026-06-18 23:17:54,1781824674,R_10,4845.285,-1,0.03999999999996362,BACKFILL_AUTO
2026-06-18 23:17:56,1781824676,R_10,4845.514,1,0.2290000000002692,BACKFILL_AUTO
2026-06-18 23:17:58,1781824678,R_10,4845.539,1,0.024999999999636202,BACKFILL_AUTO
2026-06-18 23:18:00,1781824680,R_10,4845.455,-1,0.08399999999983265,BACKFILL_AUTO
2026-06-18 23:18:02,1781824682,R_10,4845.414,-1,0.04100000000016735,BACKFILL_AUTO
2026-06-18 23:18:04,1781824684,R_10,4845.166,-1,0.24799999999959255,BACKFILL_AUTO
2026-06-18 23:18:06,1781824686,R_10,4845.212,1,0.046000000000276486,BACKFILL_AUTO
2026-06-18 23:18:08,1781824688,R_10,4845.117,-1,0.09500000000025466,BACKFILL_AUTO
2026-06-18 23:18:10,1781824690,R_10,4845.146,1,0.028999999999541615,BACKFILL_AUTO
2026-06-18 23:18:12,1781824692,R_10,4845.218,1,0.07200000000011642,BACKFILL_AUTO
2026-06-18 23:18:14,1781824694,R_10,4845.3,1,0.0820000000003347,BACKFILL_AUTO
2026-06-18 23:18:16,1781824696,R_10,4845.31,1,0.010000000000218279,BACKFILL_AUTO
2026-06-18 23:18:18,1781824698,R_10,4845.221,-1,0.08900000000085129,BACKFILL_AUTO
2026-06-18 23:18:20,1781824700,R_10,4845.233,1,0.012000000000625732,BACKFILL_AUTO
2026-06-18 23:18:22,1781824702,R_10,4845.356,1,0.12299999999959255,BACKFILL_AUTO
2026-06-18 23:18:24,1781824704,R_10,4845.461,1,0.10500000000047294,BACKFILL_AUTO
2026-06-18 23:18:26,1781824706,R_10,4845.462,1,0.0010000000002037268,BACKFILL_AUTO
2026-06-18 23:18:28,1781824708,R_10,4845.405,-1,0.05700000000069849,BACKFILL_AUTO
2026-06-18 23:18:30,1781824710,R_10,4845.389,-1,0.01599999999962165,BACKFILL_AUTO
2026-06-18 23:18:32,1781824712,R_10,4845.158,-1,0.23099999999976717,BACKFILL_AUTO
2026-06-18 23:18:34,1781824714,R_10,4845.075,-1,0.08300000000053842,BACKFILL_AUTO
2026-06-18 23:18:36,1781824716,R_10,4845.02,-1,0.054999999999381544,BACKFILL_AUTO
2026-06-18 23:18:38,1781824718,R_10,4845.093,1,0.07299999999941065,BACKFILL_AUTO
2026-06-18 23:18:40,1781824720,R_10,4845.018,-1,0.0749999999998181,BACKFILL_AUTO
2026-06-18 23:18:42,1781824722,R_10,4845.225,1,0.2070000000003347,BACKFILL_AUTO
2026-06-18 23:18:44,1781824724,R_10,4845.327,1,0.10199999999986176,BACKFILL_AUTO
2026-06-18 23:18:46,1781824726,R_10,4845.586,1,0.25900000000001455,BACKFILL_AUTO
2026-06-18 23:18:48,1781824728,R_10,4845.638,1,0.05199999999967986,BACKFILL_AUTO
2026-06-18 23:18:50,1781824730,R_10,4845.688,1,0.0500000000001819,BACKFILL_AUTO
2026-06-18 23:18:52,1781824732,R_10,4845.752,1,0.06400000000030559,BACKFILL_AUTO
2026-06-18 23:18:54,1781824734,R_10,4845.822,1,0.06999999999970896,BACKFILL_AUTO
2026-06-18 23:18:56,1781824736,R_10,4845.806,-1,0.016000000000531145,BACKFILL_AUTO
2026-06-18 23:18:58,1781824738,R_10,4845.647,-1,0.15899999999965075,BACKFILL_AUTO
2026-06-18 23:19:00,1781824740,R_10,4845.74,1,0.0929999999998472,BACKFILL_AUTO
2026-06-18 23:19:02,1781824742,R_10,4845.643,-1,0.09699999999975262,BACKFILL_AUTO
2026-06-18 23:19:04,1781824744,R_10,4845.42,-1,0.22299999999995634,BACKFILL_AUTO
2026-06-18 23:19:06,1781824746,R_10,4845.412,-1,0.007999999999810825,BACKFILL_AUTO
2026-06-18 23:19:08,1781824748,R_10,4845.518,1,0.10599999999976717,BACKFILL_AUTO
2026-06-18 23:19:10,1781824750,R_10,4845.533,1,0.015000000000327418,BACKFILL_AUTO
2026-06-18 23:19:12,1781824752,R_10,4845.779,1,0.2460000000000946,BACKFILL_AUTO
2026-06-18 23:19:14,1781824754,R_10,4845.7,-1,0.07900000000063301,BACKFILL_AUTO
2026-06-18 23:19:16,1781824756,R_10,4845.749,1,0.04899999999997817,BACKFILL_AUTO
2026-06-18 23:19:18,1781824758,R_10,4845.791,1,0.042000000000371074,BACKFILL_AUTO
2026-06-18 23:19:20,1781824760,R_10,4845.908,1,0.11700000000018917,BACKFILL_AUTO
2026-06-18 23:19:22,1781824762,R_10,4845.902,-1,0.006000000000312866,BACKFILL_AUTO
2026-06-18 23:19:24,1781824764,R_10,4845.729,-1,0.17299999999977445,BACKFILL_AUTO
2026-06-18 23:19:26,1781824766,R_10,4845.651,-1,0.07800000000042928,BACKFILL_AUTO
2026-06-18 23:19:28,1781824768,R_10,4845.71,1,0.05900000000019645,BACKFILL_AUTO
2026-06-18 23:19:30,1781824770,R_10,4845.959,1,0.24899999999979627,BACKFILL_AUTO
2026-06-18 23:19:32,1781824772,R_10,4845.994,1,0.03499999999985448,BACKFILL_AUTO
2026-06-18 23:19:34,1781824774,R_10,4845.914,-1,0.07999999999992724,BACKFILL_AUTO
2026-06-18 23:19:36,1781824776,R_10,4846.018,1,0.10400000000026921,BACKFILL_AUTO
2026-06-18 23:19:38,1781824778,R_10,4846.095,1,0.07700000000022555,BACKFILL_AUTO
2026-06-18 23:19:40,1781824780,R_10,4846.179,1,0.08399999999983265,BACKFILL_AUTO
2026-06-18 23:19:42,1781824782,R_10,4846.291,1,0.11200000000008004,BACKFILL_AUTO
2026-06-18 23:19:44,1781824784,R_10,4846.268,-1,0.023000000000138243,BACKFILL_AUTO
2026-06-18 23:19:46,1781824786,R_10,4846.293,1,0.024999999999636202,BACKFILL_AUTO
2026-06-18 23:19:48,1781824788,R_10,4846.315,1,0.021999999999934516,BACKFILL_AUTO
2026-06-18 23:19:50,1781824790,R_10,4846.195,-1,0.11999999999989086,BACKFILL_AUTO
2026-06-18 23:19:52,1781824792,R_10,4846.167,-1,0.027999999999337888,BACKFILL_AUTO
2026-06-18 23:19:54,1781824794,R_10,4846.196,1,0.028999999999541615,BACKFILL_AUTO
2026-06-18 23:19:56,1781824796,R_10,4846.29,1,0.09400000000005093,BACKFILL_AUTO
2026-06-18 23:19:58,1781824798,R_10,4846.22,-1,0.06999999999970896,BACKFILL_AUTO
2026-06-18 23:20:00,1781824800,R_10,4846.171,-1,0.04899999999997817,BACKFILL_AUTO
2026-06-18 23:20:02,1781824802,R_10,4846.149,-1,0.021999999999934516,BACKFILL_AUTO
2026-06-18 23:20:04,1781824804,R_10,4846.161,1,0.011999999999716238,BACKFILL_AUTO
2026-06-18 23:20:06,1781824806,R_10,4846.249,1,0.08799999999973807,BACKFILL_AUTO
2026-06-18 23:20:08,1781824808,R_10,4846.342,1,0.0929999999998472,BACKFILL_AUTO
2026-06-18 23:20:10,1781824810,R_10,4846.201,-1,0.14099999999962165,BACKFILL_AUTO
2026-06-18 23:20:12,1781824812,R_10,4846.34,1,0.1390000000001237,BACKFILL_AUTO
2026-06-18 23:20:14,1781824814,R_10,4846.26,-1,0.07999999999992724,BACKFILL_AUTO
2026-06-18 23:20:16,1781824816,R_10,4846.245,-1,0.015000000000327418,BACKFILL_AUTO
2026-06-18 23:20:18,1781824818,R_10,4846.373,1,0.12799999999970169,BACKFILL_AUTO
2026-06-18 23:20:20,1781824820,R_10,4846.428,1,0.05500000000029104,BACKFILL_AUTO
2026-06-18 23:20:22,1781824822,R_10,4846.234,-1,0.19399999999950523,BACKFILL_AUTO
2026-06-18 23:20:24,1781824824,R_10,4846.422,1,0.18799999999919237,BACKFILL_AUTO
2026-06-18 23:20:26,1781824826,R_10,4846.523,1,0.10100000000056752,BACKFILL_AUTO
2026-06-18 23:20:28,1781824828,R_10,4846.737,1,0.2139999999999418,BACKFILL_AUTO
2026-06-18 23:20:30,1781824830,R_10,4846.771,1,0.033999999999650754,BACKFILL_AUTO
2026-06-18 23:20:32,1781824832,R_10,4846.805,1,0.03400000000056025,BACKFILL_AUTO
2026-06-18 23:20:34,1781824834,R_10,4846.805,0,0.0,BACKFILL_AUTO
2026-06-18 23:20:36,1781824836,R_10,4846.926,1,0.12100000000009459,BACKFILL_AUTO
2026-06-18 23:20:38,1781824838,R_10,4846.89,-1,0.03600000000005821,BACKFILL_AUTO
2026-06-18 23:20:40,1781824840,R_10,4846.905,1,0.014999999999417923,BACKFILL_AUTO
2026-06-18 23:20:42,1781824842,R_10,4846.946,1,0.04100000000016735,BACKFILL_AUTO
2026-06-18 23:20:44,1781824844,R_10,4847.089,1,0.1430000000000291,BACKFILL_AUTO
2026-06-18 23:20:46,1781824846,R_10,4847.069,-1,0.019999999999527063,BACKFILL_AUTO
2026-06-18 23:20:48,1781824848,R_10,4847.294,1,0.2249999999994543,BACKFILL_AUTO
2026-06-18 23:20:50,1781824850,R_10,4847.294,0,0.0,BACKFILL_AUTO
2026-06-18 23:20:52,1781824852,R_10,4847.366,1,0.07200000000011642,BACKFILL_AUTO
2026-06-18 23:20:54,1781824854,R_10,4847.195,-1,0.1710000000002765,BACKFILL_AUTO
2026-06-18 23:20:56,1781824856,R_10,4847.236,1,0.04100000000016735,BACKFILL_AUTO
2026-06-18 23:20:58,1781824858,R_10,4847.407,1,0.1710000000002765,BACKFILL_AUTO
2026-06-18 23:21:00,1781824860,R_10,4847.279,-1,0.12799999999970169,BACKFILL_AUTO
2026-06-18 23:21:02,1781824862,R_10,4847.063,-1,0.21600000000034925,BACKFILL_AUTO
2026-06-18 23:21:04,1781824864,R_10,4847.079,1,0.01599999999962165,BACKFILL_AUTO
2026-06-18 23:21:06,1781824866,R_10,4846.949,-1,0.13000000000010914,BACKFILL_AUTO
2026-06-18 23:21:08,1781824868,R_10,4846.965,1,0.016000000000531145,BACKFILL_AUTO
2026-06-18 23:21:10,1781824870,R_10,4846.953,-1,0.011999999999716238,BACKFILL_AUTO
2026-06-18 23:21:12,1781824872,R_10,4846.791,-1,0.16200000000026193,BACKFILL_AUTO
2026-06-18 23:21:14,1781824874,R_10,4846.851,1,0.05999999999949068,BACKFILL_AUTO
2026-06-18 23:21:16,1781824876,R_10,4846.999,1,0.14800000000013824,BACKFILL_AUTO
2026-06-18 23:21:18,1781824878,R_10,4846.997,-1,0.001999999999497959,BACKFILL_AUTO
2026-06-18 23:21:20,1781824880,R_10,4846.881,-1,0.11599999999998545,BACKFILL_AUTO
2026-06-18 23:21:22,1781824882,R_10,4846.683,-1,0.19800000000032014,BACKFILL_AUTO
2026-06-18 23:21:24,1781824884,R_10,4846.746,1,0.06300000000010186,BACKFILL_AUTO
2026-06-18 23:21:26,1781824886,R_10,4846.624,-1,0.12200000000029831,BACKFILL_AUTO
2026-06-18 23:21:28,1781824888,R_10,4846.352,-1,0.2719999999999345,BACKFILL_AUTO
2026-06-18 23:21:30,1781824890,R_10,4846.413,1,0.06099999999969441,BACKFILL_AUTO
2026-06-18 23:21:32,1781824892,R_10,4846.522,1,0.10900000000037835,BACKFILL_AUTO
2026-06-18 23:21:34,1781824894,R_10,4846.48,-1,0.042000000000371074,BACKFILL_AUTO
2026-06-18 23:21:36,1781824896,R_10,4846.637,1,0.1570000000001528,BACKFILL_AUTO
2026-06-18 23:21:38,1781824898,R_10,4846.885,1,0.24800000000050204,BACKFILL_AUTO
2026-06-18 23:21:40,1781824900,R_10,4846.803,-1,0.0820000000003347,BACKFILL_AUTO
2026-06-18 23:21:42,1781824902,R_10,4846.78,-1,0.023000000000138243,BACKFILL_AUTO
2026-06-18 23:21:44,1781824904,R_10,4846.702,-1,0.07799999999951979,BACKFILL_AUTO
2026-06-18 23:21:46,1781824906,R_10,4846.763,1,0.06099999999969441,BACKFILL_AUTO
2026-06-18 23:21:48,1781824908,R_10,4846.719,-1,0.04399999999986903,BACKFILL_AUTO
2026-06-18 23:21:50,1781824910,R_10,4846.671,-1,0.047999999999774445,BACKFILL_AUTO
2026-06-18 23:21:52,1781824912,R_10,4846.591,-1,0.07999999999992724,BACKFILL_AUTO
2026-06-18 23:21:54,1781824914,R_10,4846.401,-1,0.19000000000050932,BACKFILL_AUTO
2026-06-18 23:21:56,1781824916,R_10,4846.252,-1,0.14899999999943248,BACKFILL_AUTO
2026-06-18 23:21:58,1781824918,R_10,4846.116,-1,0.136000000000422,BACKFILL_AUTO
2026-06-18 23:22:00,1781824920,R_10,4846.178,1,0.06199999999989814,BACKFILL_AUTO
2026-06-18 23:22:02,1781824922,R_10,4846.214,1,0.03600000000005821,BACKFILL_AUTO
2026-06-18 23:22:04,1781824924,R_10,4846.405,1,0.19099999999980355,BACKFILL_AUTO
2026-06-18 23:22:06,1781824926,R_10,4846.776,1,0.3710000000000946,BACKFILL_AUTO
2026-06-18 23:22:08,1781824928,R_10,4846.745,-1,0.03099999999994907,BACKFILL_AUTO
2026-06-18 23:22:10,1781824930,R_10,4846.796,1,0.051000000000385626,BACKFILL_AUTO
2026-06-18 23:22:12,1781824932,R_10,4846.86,1,0.0639999999993961,BACKFILL_AUTO
2026-06-18 23:22:14,1781824934,R_10,4846.95,1,0.09000000000014552,BACKFILL_AUTO
2026-06-18 23:22:16,1781824936,R_10,4847.057,1,0.1069999999999709,BACKFILL_AUTO
2026-06-18 23:22:18,1781824938,R_10,4846.879,-1,0.17799999999988358,BACKFILL_AUTO
2026-06-18 23:22:20,1781824940,R_10,4846.812,-1,0.06700000000000728,BACKFILL_AUTO
2026-06-18 23:22:22,1781824942,R_10,4846.561,-1,0.2510000000002037,BACKFILL_AUTO
2026-06-18 23:22:24,1781824944,R_10,4846.441,-1,0.11999999999989086,BACKFILL_AUTO
2026-06-18 23:22:26,1781824946,R_10,4846.593,1,0.15200000000004366,BACKFILL_AUTO
2026-06-18 23:22:28,1781824948,R_10,4846.581,-1,0.011999999999716238,BACKFILL_AUTO
2026-06-18 23:22:30,1781824950,R_10,4846.489,-1,0.09200000000055297,BACKFILL_AUTO
2026-06-18 23:22:32,1781824952,R_10,4846.339,-1,0.1499999999996362,BACKFILL_AUTO
2026-06-18 23:22:34,1781824954,R_10,4846.216,-1,0.12299999999959255,BACKFILL_AUTO
2026-06-18 23:22:36,1781824956,R_10,4846.126,-1,0.09000000000014552,BACKFILL_AUTO
2026-06-18 23:22:38,1781824958,R_10,4846.148,1,0.021999999999934516,BACKFILL_AUTO
2026-06-18 23:22:40,1781824960,R_10,4846.074,-1,0.07400000000052387,BACKFILL_AUTO
2026-06-18 23:22:42,1781824962,R_10,4846.133,1,0.05900000000019645,BACKFILL_AUTO
2026-06-18 23:22:44,1781824964,R_10,4846.153,1,0.020000000000436557,BACKFILL_AUTO
2026-06-18 23:22:46,1781824966,R_10,4846.012,-1,0.14100000000053114,BACKFILL_AUTO
2026-06-18 23:22:48,1781824968,R_10,4845.813,-1,0.19899999999961437,BACKFILL_AUTO
2026-06-18 23:22:50,1781824970,R_10,4845.761,-1,0.05199999999967986,BACKFILL_AUTO
2026-06-18 23:22:52,1781824972,R_10,4845.55,-1,0.2110000000002401,BACKFILL_AUTO
2026-06-18 23:22:54,1781824974,R_10,4845.698,1,0.14800000000013824,BACKFILL_AUTO
2026-06-18 23:22:56,1781824976,R_10,4845.715,1,0.016999999999825377,BACKFILL_AUTO
2026-06-18 23:22:58,1781824978,R_10,4845.76,1,0.04500000000007276,BACKFILL_AUTO
2026-06-18 23:23:00,1781824980,R_10,4845.764,1,0.0039999999999054126,BACKFILL_AUTO
2026-06-18 23:23:02,1781824982,R_10,4845.85,1,0.0860000000002401,BACKFILL_AUTO
2026-06-18 23:23:04,1781824984,R_10,4846.157,1,0.306999999999789,BACKFILL_AUTO
2026-06-18 23:23:06,1781824986,R_10,4846.083,-1,0.07400000000052387,BACKFILL_AUTO
2026-06-18 23:23:08,1781824988,R_10,4845.977,-1,0.10599999999976717,BACKFILL_AUTO
2026-06-18 23:23:10,1781824990,R_10,4845.79,-1,0.18699999999989814,BACKFILL_AUTO
2026-06-18 23:23:12,1781824992,R_10,4845.891,1,0.10099999999965803,BACKFILL_AUTO
2026-06-18 23:23:14,1781824994,R_10,4845.966,1,0.0750000000007276,BACKFILL_AUTO
2026-06-18 23:23:16,1781824996,R_10,4845.845,-1,0.12100000000009459,BACKFILL_AUTO
2026-06-18 23:23:18,1781824998,R_10,4846.095,1,0.25,BACKFILL_AUTO
2026-06-18 23:23:20,1781825000,R_10,4846.091,-1,0.0039999999999054126,BACKFILL_AUTO
2026-06-18 23:23:22,1781825002,R_10,4846.044,-1,0.04700000000048021,BACKFILL_AUTO
2026-06-18 23:23:24,1781825004,R_10,4846.112,1,0.068000000000211,BACKFILL_AUTO
2026-06-18 23:23:26,1781825006,R_10,4846.075,-1,0.037000000000261934,BACKFILL_AUTO
2026-06-18 23:23:28,1781825008,R_10,4845.96,-1,0.11499999999978172,BACKFILL_AUTO
2026-06-18 23:23:30,1781825010,R_10,4845.893,-1,0.06700000000000728,BACKFILL_AUTO
2026-06-18 23:23:32,1781825012,R_10,4845.632,-1,0.261000000000422,BACKFILL_AUTO
2026-06-18 23:23:34,1781825014,R_10,4845.794,1,0.16200000000026193,BACKFILL_AUTO
2026-06-18 23:23:36,1781825016,R_10,4845.689,-1,0.10499999999956344,BACKFILL_AUTO
2026-06-18 23:23:38,1781825018,R_10,4845.705,1,0.01599999999962165,BACKFILL_AUTO
2026-06-18 23:23:40,1781825020,R_10,4845.494,-1,0.2110000000002401,BACKFILL_AUTO
2026-06-18 23:23:42,1781825022,R_10,4845.372,-1,0.12199999999938882,BACKFILL_AUTO
2026-06-18 23:23:44,1781825024,R_10,4845.218,-1,0.1540000000004511,BACKFILL_AUTO
2026-06-18 23:23:46,1781825026,R_10,4845.102,-1,0.11599999999998545,BACKFILL_AUTO
2026-06-18 23:23:48,1781825028,R_10,4845.002,-1,0.0999999999994543,BACKFILL_AUTO
2026-06-18 23:23:50,1781825030,R_10,4845.1,1,0.09799999999995634,BACKFILL_AUTO
2026-06-18 23:23:52,1781825032,R_10,4845.102,1,0.001999999999497959,BACKFILL_AUTO
2026-06-18 23:23:54,1781825034,R_10,4844.909,-1,0.193000000000211,BACKFILL_AUTO
2026-06-18 23:23:56,1781825036,R_10,4844.982,1,0.07300000000032014,BACKFILL_AUTO
2026-06-18 23:23:58,1781825038,R_10,4845.006,1,0.02400000000034197,BACKFILL_AUTO
2026-06-18 23:24:00,1781825040,R_10,4845.007,1,0.0009999999992942321,BACKFILL_AUTO
2026-06-18 23:24:02,1781825042,R_10,4845.082,1,0.0750000000007276,BACKFILL_AUTO
2026-06-18 23:24:04,1781825044,R_10,4844.865,-1,0.21700000000055297,BACKFILL_AUTO
2026-06-18 23:24:06,1781825046,R_10,4844.795,-1,0.06999999999970896,BACKFILL_AUTO
2026-06-18 23:24:08,1781825048,R_10,4844.857,1,0.06199999999989814,BACKFILL_AUTO
2026-06-18 23:24:10,1781825050,R_10,4844.829,-1,0.028000000000247383,BACKFILL_AUTO
2026-06-18 23:24:12,1781825052,R_10,4844.838,1,0.009000000000014552,BACKFILL_AUTO
2026-06-18 23:24:14,1781825054,R_10,4844.75,-1,0.08799999999973807,BACKFILL_AUTO
2026-06-18 23:24:16,1781825056,R_10,4844.874,1,0.12399999999979627,BACKFILL_AUTO
2026-06-18 23:24:18,1781825058,R_10,4844.565,-1,0.30900000000019645,BACKFILL_AUTO
2026-06-18 23:24:20,1781825060,R_10,4844.67,1,0.10500000000047294,BACKFILL_AUTO
2026-06-18 23:24:22,1781825062,R_10,4844.653,-1,0.016999999999825377,BACKFILL_AUTO
2026-06-18 23:24:24,1781825064,R_10,4844.527,-1,0.12600000000020373,BACKFILL_AUTO
2026-06-18 23:24:26,1781825066,R_10,4844.38,-1,0.14699999999993452,BACKFILL_AUTO
2026-06-18 23:24:28,1781825068,R_10,4844.402,1,0.021999999999934516,BACKFILL_AUTO
2026-06-18 23:24:30,1781825070,R_10,4844.319,-1,0.08299999999962893,BACKFILL_AUTO
2026-06-18 23:24:32,1781825072,R_10,4844.413,1,0.09399999999914144,BACKFILL_AUTO
2026-06-18 23:24:34,1781825074,R_10,4844.29,-1,0.12299999999959255,BACKFILL_AUTO
2026-06-18 23:24:36,1781825076,R_10,4844.404,1,0.11400000000048749,BACKFILL_AUTO
2026-06-18 23:24:38,1781825078,R_10,4844.271,-1,0.13300000000072032,BACKFILL_AUTO
2026-06-18 23:24:40,1781825080,R_10,4844.267,-1,0.0039999999999054126,BACKFILL_AUTO
2026-06-18 23:24:42,1781825082,R_10,4844.192,-1,0.0749999999998181,BACKFILL_AUTO
2026-06-18 23:24:44,1781825084,R_10,4844.122,-1,0.06999999999970896,BACKFILL_AUTO
2026-06-18 23:24:46,1781825086,R_10,4844.086,-1,0.03600000000005821,BACKFILL_AUTO
2026-06-18 23:24:48,1781825088,R_10,4844.035,-1,0.051000000000385626,BACKFILL_AUTO
2026-06-18 23:24:50,1781825090,R_10,4844.188,1,0.15300000000024738,BACKFILL_AUTO
2026-06-18 23:24:52,1781825092,R_10,4844.374,1,0.1859999999996944,BACKFILL_AUTO
2026-06-18 23:24:54,1781825094,R_10,4844.371,-1,0.0029999999997016857,BACKFILL_AUTO
2026-06-18 23:24:56,1781825096,R_10,4844.41,1,0.03899999999975989,BACKFILL_AUTO
2026-06-18 23:24:58,1781825098,R_10,4844.244,-1,0.16600000000016735,BACKFILL_AUTO
2026-06-18 23:25:00,1781825100,R_10,4844.05,-1,0.19399999999950523,BACKFILL_AUTO
2026-06-18 23:25:02,1781825102,R_10,4843.888,-1,0.16200000000026193,BACKFILL_AUTO
2026-06-18 23:25:04,1781825104,R_10,4843.93,1,0.042000000000371074,BACKFILL_AUTO
2026-06-18 23:25:06,1781825106,R_10,4843.745,-1,0.18500000000040018,BACKFILL_AUTO
2026-06-18 23:25:08,1781825108,R_10,4843.72,-1,0.024999999999636202,BACKFILL_AUTO
2026-06-18 23:25:10,1781825110,R_10,4843.832,1,0.11200000000008004,BACKFILL_AUTO
2026-06-18 23:25:12,1781825112,R_10,4843.841,1,0.009000000000014552,BACKFILL_AUTO
2026-06-18 23:25:14,1781825114,R_10,4844.025,1,0.18399999999928696,BACKFILL_AUTO
2026-06-18 23:25:16,1781825116,R_10,4844.107,1,0.0820000000003347,BACKFILL_AUTO
2026-06-18 23:25:18,1781825118,R_10,4844.066,-1,0.04100000000016735,BACKFILL_AUTO
2026-06-18 23:25:20,1781825120,R_10,4844.242,1,0.17600000000038563,BACKFILL_AUTO
2026-06-18 23:25:22,1781825122,R_10,4844.159,-1,0.08300000000053842,BACKFILL_AUTO
2026-06-18 23:25:24,1781825124,R_10,4844.175,1,0.016000000000531145,BACKFILL_AUTO
2026-06-18 23:25:26,1781825126,R_10,4844.085,-1,0.09000000000014552,BACKFILL_AUTO
2026-06-18 23:25:28,1781825128,R_10,4844.074,-1,0.011000000000422006,BACKFILL_AUTO
2026-06-18 23:25:30,1781825130,R_10,4844.007,-1,0.06700000000000728,BACKFILL_AUTO
2026-06-18 23:25:32,1781825132,R_10,4843.832,-1,0.1749999999992724,BACKFILL_AUTO
2026-06-18 23:25:34,1781825134,R_10,4843.874,1,0.04199999999946158,BACKFILL_AUTO
2026-06-18 23:25:36,1781825136,R_10,4844.146,1,0.2719999999999345,BACKFILL_AUTO
2026-06-18 23:25:38,1781825138,R_10,4844.214,1,0.068000000000211,BACKFILL_AUTO
2026-06-18 23:25:40,1781825140,R_10,4844.17,-1,0.04399999999986903,BACKFILL_AUTO
2026-06-18 23:25:42,1781825142,R_10,4844.24,1,0.06999999999970896,BACKFILL_AUTO
2026-06-18 23:25:44,1781825144,R_10,4844.144,-1,0.09599999999954889,BACKFILL_AUTO
2026-06-18 23:25:46,1781825146,R_10,4844.067,-1,0.07700000000022555,BACKFILL_AUTO
2026-06-18 23:25:48,1781825148,R_10,4844.246,1,0.1790000000000873,BACKFILL_AUTO
2026-06-18 23:25:50,1781825150,R_10,4844.344,1,0.09799999999995634,BACKFILL_AUTO
2026-06-18 23:25:52,1781825152,R_10,4844.412,1,0.068000000000211,BACKFILL_AUTO
2026-06-18 23:25:54,1781825154,R_10,4844.386,-1,0.02599999999983993,BACKFILL_AUTO
2026-06-18 23:25:56,1781825156,R_10,4844.581,1,0.19499999999970896,BACKFILL_AUTO
2026-06-18 23:25:58,1781825158,R_10,4844.46,-1,0.12100000000009459,BACKFILL_AUTO
2026-06-18 23:26:00,1781825160,R_10,4844.343,-1,0.11700000000018917,BACKFILL_AUTO
2026-06-18 23:26:02,1781825162,R_10,4844.399,1,0.056000000000494765,BACKFILL_AUTO
2026-06-18 23:26:04,1781825164,R_10,4844.66,1,0.2609999999995125,BACKFILL_AUTO
2026-06-18 23:26:06,1781825166,R_10,4844.821,1,0.1610000000000582,BACKFILL_AUTO
2026-06-18 23:26:08,1781825168,R_10,4844.984,1,0.16300000000046566,BACKFILL_AUTO
2026-06-18 23:26:10,1781825170,R_10,4845.018,1,0.033999999999650754,BACKFILL_AUTO
2026-06-18 23:26:12,1781825172,R_10,4844.956,-1,0.06199999999989814,BACKFILL_AUTO
2026-06-18 23:26:14,1781825174,R_10,4844.912,-1,0.04399999999986903,BACKFILL_AUTO
2026-06-18 23:26:16,1781825176,R_10,4844.85,-1,0.06199999999989814,BACKFILL_AUTO
2026-06-18 23:26:18,1781825178,R_10,4844.826,-1,0.02400000000034197,BACKFILL_AUTO
2026-06-18 23:26:20,1781825180,R_10,4844.872,1,0.046000000000276486,BACKFILL_AUTO
2026-06-18 23:26:22,1781825182,R_10,4844.727,-1,0.14500000000043656,BACKFILL_AUTO
2026-06-18 23:26:24,1781825184,R_10,4844.921,1,0.19400000000041473,BACKFILL_AUTO
2026-06-18 23:26:26,1781825186,R_10,4845.04,1,0.11899999999968713,BACKFILL_AUTO
2026-06-18 23:26:28,1781825188,R_10,4845.07,1,0.02999999999974534,BACKFILL_AUTO
2026-06-18 23:26:30,1781825190,R_10,4845.274,1,0.204000000000633,BACKFILL_AUTO
2026-06-18 23:26:32,1781825192,R_10,4845.239,-1,0.035000000000763976,BACKFILL_AUTO
2026-06-18 23:26:34,1781825194,R_10,4845.089,-1,0.1499999999996362,BACKFILL_AUTO
2026-06-18 23:26:36,1781825196,R_10,4844.914,-1,0.1750000000001819,BACKFILL_AUTO
2026-06-18 23:26:38,1781825198,R_10,4844.914,0,0.0,BACKFILL_AUTO
2026-06-18 23:26:40,1781825200,R_10,4844.809,-1,0.10499999999956344,BACKFILL_AUTO
2026-06-18 23:26:42,1781825202,R_10,4844.717,-1,0.09200000000055297,BACKFILL_AUTO
2026-06-18 23:26:44,1781825204,R_10,4844.582,-1,0.13499999999930878,BACKFILL_AUTO
2026-06-18 23:26:46,1781825206,R_10,4844.542,-1,0.03999999999996362,BACKFILL_AUTO
2026-06-18 23:26:48,1781825208,R_10,4844.662,1,0.11999999999989086,BACKFILL_AUTO
2026-06-18 23:26:50,1781825210,R_10,4844.814,1,0.15200000000004366,BACKFILL_AUTO
2026-06-18 23:26:52,1781825212,R_10,4844.853,1,0.03899999999975989,BACKFILL_AUTO
2026-06-18 23:26:54,1781825214,R_10,4844.656,-1,0.19700000000011642,BACKFILL_AUTO
2026-06-18 23:26:56,1781825216,R_10,4844.443,-1,0.21299999999973807,BACKFILL_AUTO
2026-06-18 23:26:58,1781825218,R_10,4844.485,1,0.04199999999946158,BACKFILL_AUTO
2026-06-18 23:27:00,1781825220,R_10,4844.329,-1,0.15599999999994907,BACKFILL_AUTO
2026-06-18 23:27:02,1781825222,R_10,4844.359,1,0.030000000000654836,BACKFILL_AUTO
2026-06-18 23:27:04,1781825224,R_10,4844.466,1,0.1069999999999709,BACKFILL_AUTO
2026-06-18 23:27:06,1781825226,R_10,4844.527,1,0.06099999999969441,BACKFILL_AUTO
2026-06-18 23:27:08,1781825228,R_10,4844.424,-1,0.10300000000006548,BACKFILL_AUTO
2026-06-18 23:27:10,1781825230,R_10,4844.358,-1,0.06599999999980355,BACKFILL_AUTO
2026-06-18 23:27:12,1781825232,R_10,4844.205,-1,0.15300000000024738,BACKFILL_AUTO
2026-06-18 23:27:14,1781825234,R_10,4844.213,1,0.007999999999810825,BACKFILL_AUTO
2026-06-18 23:27:16,1781825236,R_10,4844.33,1,0.11700000000018917,BACKFILL_AUTO
2026-06-18 23:27:18,1781825238,R_10,4844.299,-1,0.03099999999994907,BACKFILL_AUTO
2026-06-18 23:27:20,1781825240,R_10,4844.334,1,0.03499999999985448,BACKFILL_AUTO
2026-06-18 23:27:22,1781825242,R_10,4844.184,-1,0.1499999999996362,BACKFILL_AUTO
2026-06-18 23:27:24,1781825244,R_10,4844.143,-1,0.04100000000016735,BACKFILL_AUTO
2026-06-18 23:27:26,1781825246,R_10,4843.988,-1,0.15499999999974534,BACKFILL_AUTO
2026-06-18 23:27:28,1781825248,R_10,4843.933,-1,0.05500000000029104,BACKFILL_AUTO
2026-06-18 23:27:30,1781825250,R_10,4843.748,-1,0.18500000000040018,BACKFILL_AUTO
2026-06-18 23:27:32,1781825252,R_10,4843.813,1,0.06500000000050932,BACKFILL_AUTO
2026-06-18 23:27:34,1781825254,R_10,4843.902,1,0.08899999999994179,BACKFILL_AUTO
2026-06-18 23:27:36,1781825256,R_10,4843.952,1,0.0500000000001819,BACKFILL_AUTO
2026-06-18 23:27:38,1781825258,R_10,4843.8,-1,0.15200000000004366,BACKFILL_AUTO
2026-06-18 23:27:40,1781825260,R_10,4843.881,1,0.08100000000013097,BACKFILL_AUTO
2026-06-18 23:27:42,1781825262,R_10,4843.718,-1,0.16300000000046566,BACKFILL_AUTO
2026-06-18 23:27:44,1781825264,R_10,4843.581,-1,0.13699999999971624,BACKFILL_AUTO
2026-06-18 23:27:46,1781825266,R_10,4843.427,-1,0.1540000000004511,BACKFILL_AUTO
2026-06-18 23:27:48,1781825268,R_10,4843.398,-1,0.028999999999541615,BACKFILL_AUTO
2026-06-18 23:27:50,1781825270,R_10,4843.65,1,0.25199999999949796,BACKFILL_AUTO
2026-06-18 23:27:52,1781825272,R_10,4843.596,-1,0.05400000000008731,BACKFILL_AUTO
2026-06-18 23:27:54,1781825274,R_10,4843.533,-1,0.06299999999919237,BACKFILL_AUTO
2026-06-18 23:27:56,1781825276,R_10,4843.44,-1,0.0930000000007567,BACKFILL_AUTO
2026-06-18 23:27:58,1781825278,R_10,4843.664,1,0.22400000000016007,BACKFILL_AUTO
2026-06-18 23:28:00,1781825280,R_10,4843.566,-1,0.09799999999995634,BACKFILL_AUTO
2026-06-18 23:28:02,1781825282,R_10,4843.626,1,0.06000000000040018,BACKFILL_AUTO
2026-06-18 23:28:04,1781825284,R_10,4843.713,1,0.08699999999953434,BACKFILL_AUTO
2026-06-18 23:28:06,1781825286,R_10,4843.766,1,0.052999999999883585,BACKFILL_AUTO
2026-06-18 23:28:08,1781825288,R_10,4843.95,1,0.18400000000019645,BACKFILL_AUTO
2026-06-18 23:28:10,1781825290,R_10,4843.959,1,0.009000000000014552,BACKFILL_AUTO
2026-06-18 23:28:12,1781825292,R_10,4843.916,-1,0.042999999999665306,BACKFILL_AUTO
2026-06-18 23:28:14,1781825294,R_10,4843.774,-1,0.14199999999982538,BACKFILL_AUTO
2026-06-18 23:28:16,1781825296,R_10,4844.019,1,0.24499999999989086,BACKFILL_AUTO
2026-06-18 23:28:18,1781825298,R_10,4844.106,1,0.08699999999953434,BACKFILL_AUTO
2026-06-18 23:28:20,1781825300,R_10,4843.961,-1,0.14499999999952706,BACKFILL_AUTO
2026-06-18 23:28:22,1781825302,R_10,4843.97,1,0.009000000000014552,BACKFILL_AUTO
2026-06-18 23:28:24,1781825304,R_10,4844.296,1,0.32600000000002183,BACKFILL_AUTO
2026-06-18 23:28:26,1781825306,R_10,4844.307,1,0.01099999999951251,BACKFILL_AUTO
2026-06-18 23:28:28,1781825308,R_10,4844.101,-1,0.20600000000013097,BACKFILL_AUTO
2026-06-18 23:28:30,1781825310,R_10,4844.008,-1,0.0929999999998472,BACKFILL_AUTO
2026-06-18 23:28:32,1781825312,R_10,4844.051,1,0.0430000000005748,BACKFILL_AUTO
2026-06-18 23:28:34,1781825314,R_10,4844.067,1,0.01599999999962165,BACKFILL_AUTO
2026-06-18 23:28:36,1781825316,R_10,4843.786,-1,0.28099999999994907,BACKFILL_AUTO
2026-06-18 23:28:38,1781825318,R_10,4843.745,-1,0.04100000000016735,BACKFILL_AUTO
2026-06-18 23:28:40,1781825320,R_10,4843.744,-1,0.0010000000002037268,BACKFILL_AUTO
2026-06-18 23:28:42,1781825322,R_10,4844.004,1,0.2600000000002183,BACKFILL_AUTO
2026-06-18 23:28:44,1781825324,R_10,4844.007,1,0.0029999999997016857,BACKFILL_AUTO
2026-06-18 23:28:46,1781825326,R_10,4843.951,-1,0.05599999999958527,BACKFILL_AUTO
2026-06-18 23:28:48,1781825328,R_10,4844.005,1,0.05400000000008731,BACKFILL_AUTO
2026-06-18 23:28:50,1781825330,R_10,4844.255,1,0.25,BACKFILL_AUTO
2026-06-18 23:28:52,1781825332,R_10,4844.451,1,0.1959999999999127,BACKFILL_AUTO
2026-06-18 23:28:54,1781825334,R_10,4844.466,1,0.015000000000327418,BACKFILL_AUTO
2026-06-18 23:28:56,1781825336,R_10,4844.522,1,0.05599999999958527,BACKFILL_AUTO
2026-06-18 23:28:58,1781825338,R_10,4844.313,-1,0.20899999999983265,BACKFILL_AUTO
2026-06-18 23:29:00,1781825340,R_10,4844.194,-1,0.11899999999968713,BACKFILL_AUTO
2026-06-18 23:29:02,1781825342,R_10,4844.256,1,0.06199999999989814,BACKFILL_AUTO
2026-06-18 23:29:04,1781825344,R_10,4844.068,-1,0.18800000000010186,BACKFILL_AUTO
2026-06-18 23:29:06,1781825346,R_10,4844.12,1,0.05199999999967986,BACKFILL_AUTO
2026-06-18 23:29:08,1781825348,R_10,4844.142,1,0.021999999999934516,BACKFILL_AUTO
2026-06-18 23:29:10,1781825350,R_10,4844.13,-1,0.011999999999716238,BACKFILL_AUTO
2026-06-18 23:29:12,1781825352,R_10,4844.072,-1,0.057999999999992724,BACKFILL_AUTO
2026-06-18 23:29:14,1781825354,R_10,4843.852,-1,0.22000000000025466,BACKFILL_AUTO
2026-06-18 23:29:16,1781825356,R_10,4843.567,-1,0.2849999999998545,BACKFILL_AUTO
2026-06-18 23:29:18,1781825358,R_10,4843.685,1,0.1180000000003929,BACKFILL_AUTO
2026-06-18 23:29:20,1781825360,R_10,4843.686,1,0.0009999999992942321,BACKFILL_AUTO
2026-06-18 23:29:22,1781825362,R_10,4843.662,-1,0.023999999999432475,BACKFILL_AUTO
2026-06-18 23:29:24,1781825364,R_10,4843.716,1,0.05400000000008731,BACKFILL_AUTO
2026-06-18 23:29:26,1781825366,R_10,4843.689,-1,0.027000000000043656,BACKFILL_AUTO
2026-06-18 23:29:28,1781825368,R_10,4843.542,-1,0.14699999999993452,BACKFILL_AUTO
2026-06-18 23:29:30,1781825370,R_10,4843.308,-1,0.23400000000037835,BACKFILL_AUTO
2026-06-18 23:29:32,1781825372,R_10,4843.23,-1,0.07800000000042928,BACKFILL_AUTO
2026-06-18 23:29:34,1781825374,R_10,4843.427,1,0.19700000000011642,BACKFILL_AUTO
2026-06-18 23:29:36,1781825376,R_10,4843.59,1,0.16300000000046566,BACKFILL_AUTO
2026-06-18 23:29:38,1781825378,R_10,4843.773,1,0.18299999999999272,BACKFILL_AUTO
2026-06-18 23:29:40,1781825380,R_10,4843.819,1,0.046000000000276486,BACKFILL_AUTO
2026-06-18 23:29:42,1781825382,R_10,4843.897,1,0.07799999999951979,BACKFILL_AUTO
2026-06-18 23:29:44,1781825384,R_10,4843.877,-1,0.019999999999527063,BACKFILL_AUTO
2026-06-18 23:29:46,1781825386,R_10,4843.81,-1,0.06700000000000728,BACKFILL_AUTO
2026-06-18 23:29:48,1781825388,R_10,4843.88,1,0.06999999999970896,BACKFILL_AUTO
2026-06-18 23:29:50,1781825390,R_10,4843.786,-1,0.09400000000005093,BACKFILL_AUTO
2026-06-18 23:29:52,1781825392,R_10,4843.601,-1,0.18500000000040018,BACKFILL_AUTO
2026-06-18 23:29:54,1781825394,R_10,4843.427,-1,0.17399999999997817,BACKFILL_AUTO
2026-06-18 23:29:56,1781825396,R_10,4843.384,-1,0.042999999999665306,BACKFILL_AUTO
2026-06-18 23:29:58,1781825398,R_10,4843.316,-1,0.068000000000211,BACKFILL_AUTO
2026-06-18 23:30:00,1781825400,R_10,4843.299,-1,0.016999999999825377,BACKFILL_AUTO
2026-06-18 23:30:02,1781825402,R_10,4843.261,-1,0.03799999999955617,BACKFILL_AUTO
2026-06-18 23:30:04,1781825404,R_10,4843.228,-1,0.03300000000035652,BACKFILL_AUTO
2026-06-18 23:30:06,1781825406,R_10,4843.159,-1,0.06900000000041473,BACKFILL_AUTO
2026-06-18 23:30:08,1781825408,R_10,4843.244,1,0.08500000000003638,BACKFILL_AUTO
2026-06-18 23:30:10,1781825410,R_10,4843.242,-1,0.001999999999497959,BACKFILL_AUTO
2026-06-18 23:30:12,1781825412,R_10,4843.232,-1,0.010000000000218279,BACKFILL_AUTO
2026-06-18 23:30:14,1781825414,R_10,4843.096,-1,0.136000000000422,BACKFILL_AUTO
2026-06-18 23:30:16,1781825416,R_10,4843.099,1,0.0030000000006111804,BACKFILL_AUTO
2026-06-18 23:30:18,1781825418,R_10,4843.236,1,0.13699999999971624,BACKFILL_AUTO
2026-06-18 23:30:20,1781825420,R_10,4843.144,-1,0.09199999999964348,BACKFILL_AUTO
2026-06-18 23:30:22,1781825422,R_10,4843.201,1,0.056999999999789,BACKFILL_AUTO
2026-06-18 23:30:24,1781825424,R_10,4843.261,1,0.06000000000040018,BACKFILL_AUTO
2026-06-18 23:30:26,1781825426,R_10,4843.313,1,0.05199999999967986,BACKFILL_AUTO
2026-06-18 23:30:28,1781825428,R_10,4843.096,-1,0.21700000000055297,BACKFILL_AUTO
2026-06-18 23:30:30,1781825430,R_10,4843.125,1,0.02900000000045111,BACKFILL_AUTO
2026-06-18 23:30:32,1781825432,R_10,4843.194,1,0.06900000000041473,BACKFILL_AUTO
2026-06-18 23:30:34,1781825434,R_10,4843.248,1,0.05399999999917782,BACKFILL_AUTO
2026-06-18 23:30:36,1781825436,R_10,4843.208,-1,0.03999999999996362,BACKFILL_AUTO
2026-06-18 23:30:38,1781825438,R_10,4843.074,-1,0.13400000000001455,BACKFILL_AUTO
2026-06-18 23:30:40,1781825440,R_10,4843.209,1,0.13500000000021828,BACKFILL_AUTO
2026-06-18 23:30:42,1781825442,R_10,4843.218,1,0.009000000000014552,BACKFILL_AUTO
2026-06-18 23:30:44,1781825444,R_10,4843.063,-1,0.15499999999974534,BACKFILL_AUTO
2026-06-18 23:30:46,1781825446,R_10,4842.883,-1,0.18000000000029104,BACKFILL_AUTO
2026-06-18 23:30:48,1781825448,R_10,4842.871,-1,0.011999999999716238,BACKFILL_AUTO
2026-06-18 23:30:50,1781825450,R_10,4843.016,1,0.14499999999952706,BACKFILL_AUTO
2026-06-18 23:30:52,1781825452,R_10,4843.146,1,0.13000000000010914,BACKFILL_AUTO
2026-06-18 23:30:54,1781825454,R_10,4843.319,1,0.17300000000068394,BACKFILL_AUTO
2026-06-18 23:30:56,1781825456,R_10,4843.194,-1,0.125,BACKFILL_AUTO
2026-06-18 23:30:58,1781825458,R_10,4843.15,-1,0.04400000000077853,BACKFILL_AUTO
2026-06-18 23:31:00,1781825460,R_10,4843.244,1,0.09400000000005093,BACKFILL_AUTO
2026-06-18 23:31:02,1781825462,R_10,4843.135,-1,0.10899999999946886,BACKFILL_AUTO
2026-06-18 23:31:04,1781825464,R_10,4843.163,1,0.027999999999337888,BACKFILL_AUTO
2026-06-18 23:31:06,1781825466,R_10,4843.276,1,0.11300000000028376,BACKFILL_AUTO
2026-06-18 23:31:08,1781825468,R_10,4843.279,1,0.0030000000006111804,BACKFILL_AUTO
2026-06-18 23:31:10,1781825470,R_10,4843.534,1,0.25499999999919964,BACKFILL_AUTO
2026-06-18 23:31:12,1781825472,R_10,4843.38,-1,0.15399999999954161,BACKFILL_AUTO
2026-06-18 23:31:14,1781825474,R_10,4843.374,-1,0.006000000000312866,BACKFILL_AUTO
2026-06-18 23:31:16,1781825476,R_10,4843.268,-1,0.10599999999976717,BACKFILL_AUTO
2026-06-18 23:31:18,1781825478,R_10,4843.286,1,0.018000000000029104,BACKFILL_AUTO
2026-06-18 23:31:20,1781825480,R_10,4843.306,1,0.019999999999527063,BACKFILL_AUTO
2026-06-18 23:31:22,1781825482,R_10,4843.12,-1,0.1859999999996944,BACKFILL_AUTO
2026-06-18 23:31:24,1781825484,R_10,4843.119,-1,0.0010000000002037268,BACKFILL_AUTO
2026-06-18 23:31:26,1781825486,R_10,4843.203,1,0.08400000000074215,BACKFILL_AUTO
2026-06-18 23:31:28,1781825488,R_10,4843.254,1,0.05099999999947613,BACKFILL_AUTO
2026-06-18 23:31:30,1781825490,R_10,4843.021,-1,0.23300000000017462,BACKFILL_AUTO
2026-06-18 23:31:32,1781825492,R_10,4843.097,1,0.07600000000002183,BACKFILL_AUTO
2026-06-18 23:31:34,1781825494,R_10,4843.009,-1,0.08799999999973807,BACKFILL_AUTO
2026-06-18 23:31:36,1781825496,R_10,4842.779,-1,0.22999999999956344,BACKFILL_AUTO
2026-06-18 23:31:38,1781825498,R_10,4842.616,-1,0.16300000000046566,BACKFILL_AUTO
2026-06-18 23:31:40,1781825500,R_10,4842.709,1,0.0929999999998472,BACKFILL_AUTO
2026-06-18 23:31:42,1781825502,R_10,4842.758,1,0.04899999999997817,BACKFILL_AUTO
2026-06-18 23:31:44,1781825504,R_10,4842.912,1,0.1540000000004511,BACKFILL_AUTO
2026-06-18 23:31:46,1781825506,R_10,4842.705,-1,0.2070000000003347,BACKFILL_AUTO
2026-06-18 23:31:48,1781825508,R_10,4842.702,-1,0.0029999999997016857,BACKFILL_AUTO
2026-06-18 23:31:50,1781825510,R_10,4842.992,1,0.2899999999999636,BACKFILL_AUTO
2026-06-18 23:31:52,1781825512,R_10,4843.006,1,0.014000000000123691,BACKFILL_AUTO
2026-06-18 23:31:54,1781825514,R_10,4842.892,-1,0.11400000000048749,BACKFILL_AUTO
2026-06-18 23:31:56,1781825516,R_10,4842.897,1,0.005000000000109139,BACKFILL_AUTO
2026-06-18 23:31:58,1781825518,R_10,4843.041,1,0.14400000000023283,BACKFILL_AUTO
2026-06-18 23:32:00,1781825520,R_10,4843.071,1,0.02999999999974534,BACKFILL_AUTO
2026-06-18 23:32:02,1781825522,R_10,4843.085,1,0.014000000000123691,BACKFILL_AUTO
2026-06-18 23:32:04,1781825524,R_10,4843.276,1,0.19099999999980355,BACKFILL_AUTO
2026-06-18 23:32:06,1781825526,R_10,4843.337,1,0.061000000000603904,BACKFILL_AUTO
2026-06-18 23:32:08,1781825528,R_10,4843.289,-1,0.04800000000068394,BACKFILL_AUTO
2026-06-18 23:32:10,1781825530,R_10,4843.162,-1,0.12699999999949796,BACKFILL_AUTO
2026-06-18 23:32:12,1781825532,R_10,4843.228,1,0.06599999999980355,BACKFILL_AUTO
2026-06-18 23:32:14,1781825534,R_10,4843.019,-1,0.20899999999983265,BACKFILL_AUTO
2026-06-18 23:32:16,1781825536,R_10,4842.984,-1,0.03499999999985448,BACKFILL_AUTO
2026-06-18 23:32:18,1781825538,R_10,4842.818,-1,0.16600000000016735,BACKFILL_AUTO
2026-06-18 23:32:20,1781825540,R_10,4842.777,-1,0.04100000000016735,BACKFILL_AUTO
2026-06-18 23:32:22,1781825542,R_10,4842.832,1,0.05500000000029104,BACKFILL_AUTO
2026-06-18 23:32:24,1781825544,R_10,4842.782,-1,0.0500000000001819,BACKFILL_AUTO
2026-06-18 23:32:26,1781825546,R_10,4842.856,1,0.07399999999961437,BACKFILL_AUTO
2026-06-18 23:32:28,1781825548,R_10,4842.813,-1,0.042999999999665306,BACKFILL_AUTO
2026-06-18 23:32:30,1781825550,R_10,4842.725,-1,0.08799999999973807,BACKFILL_AUTO
2026-06-18 23:32:32,1781825552,R_10,4842.453,-1,0.2719999999999345,BACKFILL_AUTO
2026-06-18 23:32:34,1781825554,R_10,4842.349,-1,0.10400000000026921,BACKFILL_AUTO
2026-06-18 23:32:36,1781825556,R_10,4842.124,-1,0.2250000000003638,BACKFILL_AUTO
2026-06-18 23:32:38,1781825558,R_10,4842.23,1,0.10599999999976717,BACKFILL_AUTO
2026-06-18 23:32:40,1781825560,R_10,4842.151,-1,0.07899999999972351,BACKFILL_AUTO
2026-06-18 23:32:42,1781825562,R_10,4842.116,-1,0.03499999999985448,BACKFILL_AUTO
2026-06-18 23:32:44,1781825564,R_10,4842.306,1,0.18999999999959982,BACKFILL_AUTO
2026-06-18 23:32:46,1781825566,R_10,4842.395,1,0.08900000000085129,BACKFILL_AUTO
2026-06-18 23:32:48,1781825568,R_10,4842.404,1,0.009000000000014552,BACKFILL_AUTO
2026-06-18 23:32:50,1781825570,R_10,4842.366,-1,0.03800000000046566,BACKFILL_AUTO
2026-06-18 23:32:52,1781825572,R_10,4842.405,1,0.03899999999975989,BACKFILL_AUTO
2026-06-18 23:32:54,1781825574,R_10,4842.547,1,0.14199999999982538,BACKFILL_AUTO
2026-06-18 23:32:56,1781825576,R_10,4842.763,1,0.21600000000034925,BACKFILL_AUTO
2026-06-18 23:32:58,1781825578,R_10,4842.679,-1,0.08399999999983265,BACKFILL_AUTO
2026-06-18 23:33:00,1781825580,R_10,4842.636,-1,0.042999999999665306,BACKFILL_AUTO
2026-06-18 23:33:02,1781825582,R_10,4842.661,1,0.024999999999636202,BACKFILL_AUTO
2026-06-18 23:33:04,1781825584,R_10,4842.451,-1,0.21000000000003638,BACKFILL_AUTO
2026-06-18 23:33:06,1781825586,R_10,4842.371,-1,0.07999999999992724,BACKFILL_AUTO
2026-06-18 23:33:08,1781825588,R_10,4842.044,-1,0.32700000000022555,BACKFILL_AUTO
2026-06-18 23:33:10,1781825590,R_10,4842.14,1,0.09600000000045839,BACKFILL_AUTO
2026-06-18 23:33:12,1781825592,R_10,4842.206,1,0.06599999999980355,BACKFILL_AUTO
2026-06-18 23:33:14,1781825594,R_10,4842.277,1,0.07099999999991269,BACKFILL_AUTO
2026-06-18 23:33:16,1781825596,R_10,4842.266,-1,0.011000000000422006,BACKFILL_AUTO
2026-06-18 23:33:18,1781825598,R_10,4842.384,1,0.1180000000003929,BACKFILL_AUTO
2026-06-18 23:33:20,1781825600,R_10,4842.416,1,0.032000000000152795,BACKFILL_AUTO
2026-06-18 23:33:22,1781825602,R_10,4842.576,1,0.15999999999985448,BACKFILL_AUTO
2026-06-18 23:33:24,1781825604,R_10,4842.795,1,0.21900000000005093,BACKFILL_AUTO
2026-06-18 23:33:26,1781825606,R_10,4843.016,1,0.2209999999995489,BACKFILL_AUTO
2026-06-18 23:33:28,1781825608,R_10,4843.17,1,0.1540000000004511,BACKFILL_AUTO
2026-06-18 23:33:30,1781825610,R_10,4843.255,1,0.08500000000003638,BACKFILL_AUTO
2026-06-18 23:33:32,1781825612,R_10,4843.461,1,0.20600000000013097,BACKFILL_AUTO
2026-06-18 23:33:34,1781825614,R_10,4843.306,-1,0.15500000000065484,BACKFILL_AUTO
2026-06-18 23:33:36,1781825616,R_10,4843.246,-1,0.05999999999949068,BACKFILL_AUTO
2026-06-18 23:33:38,1781825618,R_10,4843.148,-1,0.09799999999995634,BACKFILL_AUTO
2026-06-18 23:33:40,1781825620,R_10,4843.045,-1,0.10300000000006548,BACKFILL_AUTO
2026-06-18 23:33:42,1781825622,R_10,4842.994,-1,0.051000000000385626,BACKFILL_AUTO
2026-06-18 23:33:44,1781825624,R_10,4843.058,1,0.06400000000030559,BACKFILL_AUTO
2026-06-18 23:33:46,1781825626,R_10,4843.202,1,0.14400000000023283,BACKFILL_AUTO
2026-06-18 23:33:48,1781825628,R_10,4843.26,1,0.057999999999992724,BACKFILL_AUTO
2026-06-18 23:33:50,1781825630,R_10,4843.38,1,0.11999999999989086,BACKFILL_AUTO
2026-06-18 23:33:52,1781825632,R_10,4843.709,1,0.3289999999997235,BACKFILL_AUTO
2026-06-18 23:33:54,1781825634,R_10,4843.835,1,0.12600000000020373,BACKFILL_AUTO
2026-06-18 23:33:56,1781825636,R_10,4844.039,1,0.2039999999997235,BACKFILL_AUTO
2026-06-18 23:33:58,1781825638,R_10,4843.892,-1,0.14699999999993452,BACKFILL_AUTO
2026-06-18 23:34:00,1781825640,R_10,4843.778,-1,0.113999999999578,BACKFILL_AUTO
2026-06-18 23:34:02,1781825642,R_10,4843.801,1,0.023000000000138243,BACKFILL_AUTO
2026-06-18 23:34:04,1781825644,R_10,4843.781,-1,0.020000000000436557,BACKFILL_AUTO
2026-06-18 23:34:06,1781825646,R_10,4843.662,-1,0.11899999999968713,BACKFILL_AUTO
2026-06-18 23:34:08,1781825648,R_10,4843.663,1,0.0009999999992942321,BACKFILL_AUTO
2026-06-18 23:34:10,1781825650,R_10,4843.721,1,0.057999999999992724,BACKFILL_AUTO
2026-06-18 23:34:12,1781825652,R_10,4843.815,1,0.09400000000005093,BACKFILL_AUTO
2026-06-18 23:34:14,1781825654,R_10,4843.734,-1,0.08099999999922147,BACKFILL_AUTO
2026-06-18 23:34:16,1781825656,R_10,4843.827,1,0.0929999999998472,BACKFILL_AUTO
2026-06-18 23:34:18,1781825658,R_10,4844.039,1,0.21199999999953434,BACKFILL_AUTO
2026-06-18 23:34:20,1781825660,R_10,4843.995,-1,0.04399999999986903,BACKFILL_AUTO
2026-06-18 23:34:22,1781825662,R_10,4844.065,1,0.06999999999970896,BACKFILL_AUTO
2026-06-18 23:34:24,1781825664,R_10,4844.192,1,0.12700000000040745,BACKFILL_AUTO
2026-06-18 23:34:26,1781825666,R_10,4844.147,-1,0.04500000000007276,BACKFILL_AUTO
2026-06-18 23:34:28,1781825668,R_10,4844.362,1,0.21500000000014552,BACKFILL_AUTO
2026-06-18 23:34:30,1781825670,R_10,4844.357,-1,0.005000000000109139,BACKFILL_AUTO
2026-06-18 23:34:32,1781825672,R_10,4844.368,1,0.011000000000422006,BACKFILL_AUTO
2026-06-18 23:34:34,1781825674,R_10,4844.153,-1,0.21500000000014552,BACKFILL_AUTO
2026-06-18 23:34:36,1781825676,R_10,4844.026,-1,0.12700000000040745,BACKFILL_AUTO
2026-06-18 23:34:38,1781825678,R_10,4843.974,-1,0.05199999999967986,BACKFILL_AUTO
2026-06-18 23:34:40,1781825680,R_10,4844.053,1,0.07899999999972351,BACKFILL_AUTO
2026-06-18 23:34:42,1781825682,R_10,4844.085,1,0.032000000000152795,BACKFILL_AUTO
2026-06-18 23:34:44,1781825684,R_10,4844.211,1,0.12600000000020373,BACKFILL_AUTO
2026-06-18 23:34:46,1781825686,R_10,4844.175,-1,0.03600000000005821,BACKFILL_AUTO
2026-06-18 23:34:48,1781825688,R_10,4844.329,1,0.15399999999954161,BACKFILL_AUTO
2026-06-18 23:34:50,1781825690,R_10,4844.297,-1,0.032000000000152795,BACKFILL_AUTO
2026-06-18 23:34:52,1781825692,R_10,4844.107,-1,0.18999999999959982,BACKFILL_AUTO
2026-06-18 23:34:54,1781825694,R_10,4844.325,1,0.2179999999998472,BACKFILL_AUTO
2026-06-18 23:34:56,1781825696,R_10,4844.322,-1,0.0029999999997016857,BACKFILL_AUTO
2026-06-18 23:34:58,1781825698,R_10,4844.154,-1,0.1679999999996653,BACKFILL_AUTO
2026-06-18 23:35:00,1781825700,R_10,4844.084,-1,0.07000000000061846,BACKFILL_AUTO
2026-06-18 23:35:02,1781825702,R_10,4843.951,-1,0.13299999999981083,BACKFILL_AUTO
2026-06-18 23:35:04,1781825704,R_10,4843.789,-1,0.16200000000026193,BACKFILL_AUTO
2026-06-18 23:35:06,1781825706,R_10,4843.924,1,0.13500000000021828,BACKFILL_AUTO
2026-06-18 23:35:08,1781825708,R_10,4843.991,1,0.06700000000000728,BACKFILL_AUTO
2026-06-18 23:35:10,1781825710,R_10,4844.153,1,0.16200000000026193,BACKFILL_AUTO
2026-06-18 23:35:12,1781825712,R_10,4844.229,1,0.07600000000002183,BACKFILL_AUTO
2026-06-18 23:35:14,1781825714,R_10,4844.234,1,0.005000000000109139,BACKFILL_AUTO
2026-06-18 23:35:16,1781825716,R_10,4844.258,1,0.023999999999432475,BACKFILL_AUTO
2026-06-18 23:35:18,1781825718,R_10,4844.231,-1,0.027000000000043656,BACKFILL_AUTO
2026-06-18 23:35:20,1781825720,R_10,4844.253,1,0.021999999999934516,BACKFILL_AUTO
2026-06-18 23:35:22,1781825722,R_10,4844.169,-1,0.08399999999983265,BACKFILL_AUTO
2026-06-18 23:35:24,1781825724,R_10,4844.486,1,0.3170000000000073,BACKFILL_AUTO
2026-06-18 23:35:26,1781825726,R_10,4844.371,-1,0.11499999999978172,BACKFILL_AUTO
2026-06-18 23:35:28,1781825728,R_10,4844.597,1,0.22599999999965803,BACKFILL_AUTO
2026-06-18 23:35:30,1781825730,R_10,4844.705,1,0.10800000000017462,BACKFILL_AUTO
2026-06-18 23:35:32,1781825732,R_10,4844.702,-1,0.0029999999997016857,BACKFILL_AUTO
2026-06-18 23:35:34,1781825734,R_10,4844.919,1,0.21699999999964348,BACKFILL_AUTO
2026-06-18 23:35:36,1781825736,R_10,4844.726,-1,0.193000000000211,BACKFILL_AUTO
2026-06-18 23:35:38,1781825738,R_10,4844.696,-1,0.02999999999974534,BACKFILL_AUTO
2026-06-18 23:35:40,1781825740,R_10,4844.714,1,0.018000000000029104,BACKFILL_AUTO
2026-06-18 23:35:42,1781825742,R_10,4844.701,-1,0.012999999999919964,BACKFILL_AUTO
2026-06-18 23:35:44,1781825744,R_10,4844.647,-1,0.05400000000008731,BACKFILL_AUTO
2026-06-18 23:35:46,1781825746,R_10,4844.714,1,0.06700000000000728,BACKFILL_AUTO
2026-06-18 23:35:48,1781825748,R_10,4844.755,1,0.04100000000016735,BACKFILL_AUTO
2026-06-18 23:35:50,1781825750,R_10,4844.627,-1,0.12799999999970169,BACKFILL_AUTO
2026-06-18 23:35:52,1781825752,R_10,4844.507,-1,0.12000000000080036,BACKFILL_AUTO
2026-06-18 23:35:54,1781825754,R_10,4844.542,1,0.035000000000763976,BACKFILL_AUTO
2026-06-18 23:35:56,1781825756,R_10,4844.63,1,0.08799999999973807,BACKFILL_AUTO
2026-06-18 23:35:58,1781825758,R_10,4844.753,1,0.12299999999959255,BACKFILL_AUTO
2026-06-18 23:36:00,1781825760,R_10,4844.807,1,0.05400000000008731,BACKFILL_AUTO
2026-06-18 23:36:02,1781825762,R_10,4844.663,-1,0.14400000000023283,BACKFILL_AUTO
2026-06-18 23:36:04,1781825764,R_10,4844.609,-1,0.05399999999917782,BACKFILL_AUTO
2026-06-18 23:36:06,1781825766,R_10,4844.464,-1,0.14500000000043656,BACKFILL_AUTO
2026-06-18 23:36:08,1781825768,R_10,4844.479,1,0.015000000000327418,BACKFILL_AUTO
2026-06-18 23:36:10,1781825770,R_10,4844.575,1,0.09599999999954889,BACKFILL_AUTO
2026-06-18 23:36:12,1781825772,R_10,4844.865,1,0.2899999999999636,BACKFILL_AUTO
2026-06-18 23:36:14,1781825774,R_10,4845.058,1,0.193000000000211,BACKFILL_AUTO
2026-06-18 23:36:16,1781825776,R_10,4845.316,1,0.2579999999998108,BACKFILL_AUTO
2026-06-18 23:36:18,1781825778,R_10,4845.178,-1,0.13799999999991996,BACKFILL_AUTO
2026-06-18 23:36:20,1781825780,R_10,4845.12,-1,0.057999999999992724,BACKFILL_AUTO
2026-06-18 23:36:22,1781825782,R_10,4845.07,-1,0.0500000000001819,BACKFILL_AUTO
2026-06-18 23:36:24,1781825784,R_10,4845.209,1,0.1390000000001237,BACKFILL_AUTO
2026-06-18 23:36:26,1781825786,R_10,4845.175,-1,0.033999999999650754,BACKFILL_AUTO
2026-06-18 23:36:28,1781825788,R_10,4845.163,-1,0.012000000000625732,BACKFILL_AUTO
2026-06-18 23:36:30,1781825790,R_10,4845.073,-1,0.08999999999923602,BACKFILL_AUTO
2026-06-18 23:36:32,1781825792,R_10,4844.927,-1,0.14600000000064028,BACKFILL_AUTO
2026-06-18 23:36:34,1781825794,R_10,4844.752,-1,0.1749999999992724,BACKFILL_AUTO
2026-06-18 23:36:36,1781825796,R_10,4844.794,1,0.04199999999946158,BACKFILL_AUTO
2026-06-18 23:36:38,1781825798,R_10,4844.863,1,0.06900000000041473,BACKFILL_AUTO
2026-06-18 23:36:40,1781825800,R_10,4844.786,-1,0.07700000000022555,BACKFILL_AUTO
2026-06-18 23:36:42,1781825802,R_10,4844.709,-1,0.07700000000022555,BACKFILL_AUTO
2026-06-18 23:36:44,1781825804,R_10,4844.798,1,0.08899999999994179,BACKFILL_AUTO
2026-06-18 23:36:46,1781825806,R_10,4844.676,-1,0.12199999999938882,BACKFILL_AUTO
2026-06-18 23:36:48,1781825808,R_10,4844.488,-1,0.18800000000010186,BACKFILL_AUTO
2026-06-18 23:36:50,1781825810,R_10,4844.494,1,0.0059999999994033715,BACKFILL_AUTO
2026-06-18 23:36:52,1781825812,R_10,4844.461,-1,0.03299999999944703,BACKFILL_AUTO
2026-06-18 23:36:54,1781825814,R_10,4844.505,1,0.04399999999986903,BACKFILL_AUTO
2026-06-18 23:36:56,1781825816,R_10,4844.387,-1,0.1180000000003929,BACKFILL_AUTO
2026-06-18 23:36:58,1781825818,R_10,4844.457,1,0.07000000000061846,BACKFILL_AUTO
2026-06-18 23:37:00,1781825820,R_10,4844.44,-1,0.01700000000073487,BACKFILL_AUTO
2026-06-18 23:37:02,1781825822,R_10,4844.347,-1,0.0929999999998472,BACKFILL_AUTO
2026-06-18 23:37:04,1781825824,R_10,4844.438,1,0.09100000000034925,BACKFILL_AUTO
2026-06-18 23:37:06,1781825826,R_10,4844.303,-1,0.13500000000021828,BACKFILL_AUTO
2026-06-18 23:37:08,1781825828,R_10,4844.372,1,0.06900000000041473,BACKFILL_AUTO
2026-06-18 23:37:10,1781825830,R_10,4844.331,-1,0.04100000000016735,BACKFILL_AUTO
2026-06-18 23:37:12,1781825832,R_10,4844.36,1,0.028999999999541615,BACKFILL_AUTO
2026-06-18 23:37:14,1781825834,R_10,4844.371,1,0.011000000000422006,BACKFILL_AUTO
2026-06-18 23:37:16,1781825836,R_10,4844.477,1,0.10599999999976717,BACKFILL_AUTO
2026-06-18 23:37:18,1781825838,R_10,4844.531,1,0.05400000000008731,BACKFILL_AUTO
2026-06-18 23:37:20,1781825840,R_10,4844.51,-1,0.02099999999973079,BACKFILL_AUTO
2026-06-18 23:37:22,1781825842,R_10,4844.571,1,0.06099999999969441,BACKFILL_AUTO
2026-06-18 23:37:24,1781825844,R_10,4844.562,-1,0.009000000000014552,BACKFILL_AUTO
2026-06-18 23:37:26,1781825846,R_10,4844.552,-1,0.010000000000218279,BACKFILL_AUTO
2026-06-18 23:37:28,1781825848,R_10,4844.668,1,0.11599999999998545,BACKFILL_AUTO
2026-06-18 23:37:30,1781825850,R_10,4844.693,1,0.025000000000545697,BACKFILL_AUTO
2026-06-18 23:37:32,1781825852,R_10,4844.622,-1,0.07099999999991269,BACKFILL_AUTO
2026-06-18 23:37:34,1781825854,R_10,4844.671,1,0.04899999999997817,BACKFILL_AUTO
2026-06-18 23:37:36,1781825856,R_10,4844.752,1,0.08100000000013097,BACKFILL_AUTO
2026-06-18 23:37:38,1781825858,R_10,4844.746,-1,0.006000000000312866,BACKFILL_AUTO
2026-06-18 23:37:40,1781825860,R_10,4844.841,1,0.09500000000025466,BACKFILL_AUTO
2026-06-18 23:37:42,1781825862,R_10,4844.719,-1,0.12200000000029831,BACKFILL_AUTO
2026-06-18 23:37:44,1781825864,R_10,4844.72,1,0.0010000000002037268,BACKFILL_AUTO
2026-06-18 23:37:46,1781825866,R_10,4844.762,1,0.04199999999946158,BACKFILL_AUTO
2026-06-18 23:37:48,1781825868,R_10,4844.737,-1,0.024999999999636202,BACKFILL_AUTO
2026-06-18 23:37:50,1781825870,R_10,4844.928,1,0.19099999999980355,BACKFILL_AUTO
2026-06-18 23:37:52,1781825872,R_10,4844.889,-1,0.03899999999975989,BACKFILL_AUTO
2026-06-18 23:37:54,1781825874,R_10,4844.819,-1,0.06999999999970896,BACKFILL_AUTO
2026-06-18 23:37:56,1781825876,R_10,4844.968,1,0.14899999999943248,BACKFILL_AUTO
2026-06-18 23:37:58,1781825878,R_10,4844.88,-1,0.08799999999973807,BACKFILL_AUTO
2026-06-18 23:38:00,1781825880,R_10,4844.833,-1,0.04700000000048021,BACKFILL_AUTO
2026-06-18 23:38:02,1781825882,R_10,4844.708,-1,0.125,BACKFILL_AUTO
2026-06-18 23:38:04,1781825884,R_10,4844.713,1,0.005000000000109139,BACKFILL_AUTO
2026-06-18 23:38:06,1781825886,R_10,4844.854,1,0.14100000000053114,BACKFILL_AUTO
2026-06-18 23:38:08,1781825888,R_10,4844.864,1,0.009999999999308784,BACKFILL_AUTO
2026-06-18 23:38:10,1781825890,R_10,4844.879,1,0.015000000000327418,BACKFILL_AUTO
2026-06-18 23:38:12,1781825892,R_10,4844.845,-1,0.033999999999650754,BACKFILL_AUTO
2026-06-18 23:38:14,1781825894,R_10,4844.831,-1,0.014000000000123691,BACKFILL_AUTO
2026-06-18 23:38:16,1781825896,R_10,4844.884,1,0.052999999999883585,BACKFILL_AUTO
2026-06-18 23:38:18,1781825898,R_10,4845.088,1,0.2039999999997235,BACKFILL_AUTO
2026-06-18 23:38:20,1781825900,R_10,4845.214,1,0.12600000000020373,BACKFILL_AUTO
2026-06-18 23:38:22,1781825902,R_10,4845.186,-1,0.028000000000247383,BACKFILL_AUTO
2026-06-18 23:38:24,1781825904,R_10,4845.14,-1,0.04599999999936699,BACKFILL_AUTO
2026-06-18 23:38:26,1781825906,R_10,4845.179,1,0.03899999999975989,BACKFILL_AUTO
2026-06-18 23:38:28,1781825908,R_10,4845.179,0,0.0,BACKFILL_AUTO
2026-06-18 23:38:30,1781825910,R_10,4845.231,1,0.05199999999967986,BACKFILL_AUTO
2026-06-18 23:38:32,1781825912,R_10,4845.371,1,0.14000000000032742,BACKFILL_AUTO
2026-06-18 23:38:34,1781825914,R_10,4845.251,-1,0.11999999999989086,BACKFILL_AUTO
2026-06-18 23:38:36,1781825916,R_10,4845.224,-1,0.027000000000043656,BACKFILL_AUTO
2026-06-18 23:38:38,1781825918,R_10,4845.296,1,0.07200000000011642,BACKFILL_AUTO
2026-06-18 23:38:40,1781825920,R_10,4845.185,-1,0.11099999999987631,BACKFILL_AUTO
2026-06-18 23:38:42,1781825922,R_10,4845.233,1,0.047999999999774445,BACKFILL_AUTO
2026-06-18 23:38:44,1781825924,R_10,4845.278,1,0.04500000000007276,BACKFILL_AUTO
2026-06-18 23:38:46,1781825926,R_10,4845.192,-1,0.0860000000002401,BACKFILL_AUTO
2026-06-18 23:38:48,1781825928,R_10,4845.204,1,0.011999999999716238,BACKFILL_AUTO
2026-06-18 23:38:50,1781825930,R_10,4845.134,-1,0.06999999999970896,BACKFILL_AUTO
2026-06-18 23:38:52,1781825932,R_10,4845.04,-1,0.09400000000005093,BACKFILL_AUTO
2026-06-18 23:38:54,1781825934,R_10,4844.905,-1,0.13500000000021828,BACKFILL_AUTO
2026-06-18 23:38:56,1781825936,R_10,4844.86,-1,0.04500000000007276,BACKFILL_AUTO
2026-06-18 23:38:58,1781825938,R_10,4844.753,-1,0.1069999999999709,BACKFILL_AUTO
2026-06-18 23:39:00,1781825940,R_10,4844.924,1,0.1710000000002765,BACKFILL_AUTO
2026-06-18 23:39:02,1781825942,R_10,4844.884,-1,0.03999999999996362,BACKFILL_AUTO
2026-06-18 23:39:04,1781825944,R_10,4844.861,-1,0.023000000000138243,BACKFILL_AUTO
2026-06-18 23:39:06,1781825946,R_10,4844.754,-1,0.1069999999999709,BACKFILL_AUTO
2026-06-18 23:39:08,1781825948,R_10,4844.679,-1,0.0749999999998181,BACKFILL_AUTO
2026-06-18 23:39:10,1781825950,R_10,4844.686,1,0.006999999999607098,BACKFILL_AUTO
2026-06-18 23:39:12,1781825952,R_10,4844.781,1,0.09500000000025466,BACKFILL_AUTO
2026-06-18 23:39:14,1781825954,R_10,4844.775,-1,0.006000000000312866,BACKFILL_AUTO
2026-06-18 23:39:16,1781825956,R_10,4844.845,1,0.07000000000061846,BACKFILL_AUTO
2026-06-18 23:39:18,1781825958,R_10,4844.941,1,0.09599999999954889,BACKFILL_AUTO
2026-06-18 23:39:20,1781825960,R_10,4844.952,1,0.011000000000422006,BACKFILL_AUTO
2026-06-18 23:39:22,1781825962,R_10,4845.022,1,0.06999999999970896,BACKFILL_AUTO
2026-06-18 23:39:24,1781825964,R_10,4844.933,-1,0.08899999999994179,BACKFILL_AUTO
2026-06-18 23:39:26,1781825966,R_10,4845.226,1,0.2929999999996653,BACKFILL_AUTO
2026-06-18 23:39:28,1781825968,R_10,4845.077,-1,0.14899999999943248,BACKFILL_AUTO
2026-06-18 23:39:30,1781825970,R_10,4845.074,-1,0.0030000000006111804,BACKFILL_AUTO
2026-06-18 23:39:32,1781825972,R_10,4845.09,1,0.016000000000531145,BACKFILL_AUTO
2026-06-18 23:39:34,1781825974,R_10,4845.002,-1,0.08799999999973807,BACKFILL_AUTO
2026-06-18 23:39:36,1781825976,R_10,4844.991,-1,0.011000000000422006,BACKFILL_AUTO
2026-06-18 23:39:38,1781825978,R_10,4845.054,1,0.06300000000010186,BACKFILL_AUTO
2026-06-18 23:39:40,1781825980,R_10,4845.334,1,0.27999999999974534,BACKFILL_AUTO
2026-06-18 23:39:42,1781825982,R_10,4845.281,-1,0.052999999999883585,BACKFILL_AUTO
2026-06-18 23:39:44,1781825984,R_10,4845.339,1,0.057999999999992724,BACKFILL_AUTO
2026-06-18 23:39:46,1781825986,R_10,4845.383,1,0.04399999999986903,BACKFILL_AUTO
2026-06-18 23:39:48,1781825988,R_10,4845.443,1,0.06000000000040018,BACKFILL_AUTO
2026-06-18 23:39:50,1781825990,R_10,4845.392,-1,0.051000000000385626,BACKFILL_AUTO
2026-06-18 23:39:52,1781825992,R_10,4845.212,-1,0.17999999999938154,BACKFILL_AUTO
2026-06-18 23:39:54,1781825994,R_10,4845.261,1,0.04899999999997817,BACKFILL_AUTO
2026-06-18 23:39:56,1781825996,R_10,4845.245,-1,0.016000000000531145,BACKFILL_AUTO
2026-06-18 23:39:58,1781825998,R_10,4845.211,-1,0.033999999999650754,BACKFILL_AUTO
2026-06-18 23:40:00,1781826000,R_10,4845.169,-1,0.042000000000371074,BACKFILL_AUTO
2026-06-18 23:40:02,1781826002,R_10,4845.123,-1,0.046000000000276486,BACKFILL_AUTO
2026-06-18 23:40:04,1781826004,R_10,4845.217,1,0.09400000000005093,BACKFILL_AUTO
2026-06-18 23:40:06,1781826006,R_10,4845.2,-1,0.016999999999825377,BACKFILL_AUTO
2026-06-18 23:40:08,1781826008,R_10,4845.064,-1,0.1359999999995125,BACKFILL_AUTO
2026-06-18 23:40:10,1781826010,R_10,4845.076,1,0.011999999999716238,BACKFILL_AUTO
2026-06-18 23:40:12,1781826012,R_10,4845.021,-1,0.05500000000029104,BACKFILL_AUTO
2026-06-18 23:40:14,1781826014,R_10,4844.982,-1,0.03899999999975989,BACKFILL_AUTO
2026-06-18 23:40:16,1781826016,R_10,4845.019,1,0.037000000000261934,BACKFILL_AUTO
2026-06-18 23:40:18,1781826018,R_10,4845.143,1,0.12399999999979627,BACKFILL_AUTO
2026-06-18 23:40:20,1781826020,R_10,4845.051,-1,0.09199999999964348,BACKFILL_AUTO
2026-06-18 23:40:22,1781826022,R_10,4844.952,-1,0.09900000000016007,BACKFILL_AUTO
2026-06-18 23:40:24,1781826024,R_10,4844.993,1,0.04100000000016735,BACKFILL_AUTO
2026-06-18 23:40:26,1781826026,R_10,4844.736,-1,0.2570000000005166,BACKFILL_AUTO
2026-06-18 23:40:28,1781826028,R_10,4844.659,-1,0.07700000000022555,BACKFILL_AUTO
2026-06-18 23:40:30,1781826030,R_10,4844.684,1,0.025000000000545697,BACKFILL_AUTO
2026-06-18 23:40:32,1781826032,R_10,4844.67,-1,0.014000000000123691,BACKFILL_AUTO
2026-06-18 23:40:34,1781826034,R_10,4844.566,-1,0.10400000000026921,BACKFILL_AUTO
2026-06-18 23:40:36,1781826036,R_10,4844.355,-1,0.2110000000002401,BACKFILL_AUTO
2026-06-18 23:40:38,1781826038,R_10,4844.308,-1,0.04699999999957072,BACKFILL_AUTO
2026-06-18 23:40:40,1781826040,R_10,4844.575,1,0.2669999999998254,BACKFILL_AUTO
2026-06-18 23:40:42,1781826042,R_10,4844.401,-1,0.17399999999997817,BACKFILL_AUTO
2026-06-18 23:40:44,1781826044,R_10,4844.531,1,0.13000000000010914,BACKFILL_AUTO
2026-06-18 23:40:46,1781826046,R_10,4844.459,-1,0.07200000000011642,BACKFILL_AUTO
2026-06-18 23:40:48,1781826048,R_10,4844.408,-1,0.05099999999947613,BACKFILL_AUTO
2026-06-18 23:40:50,1781826050,R_10,4844.496,1,0.08799999999973807,BACKFILL_AUTO
2026-06-18 23:40:52,1781826052,R_10,4844.538,1,0.04199999999946158,BACKFILL_AUTO
2026-06-18 23:40:54,1781826054,R_10,4844.612,1,0.07400000000052387,BACKFILL_AUTO
2026-06-18 23:40:56,1781826056,R_10,4844.67,1,0.057999999999992724,BACKFILL_AUTO
2026-06-18 23:40:58,1781826058,R_10,4844.856,1,0.1859999999996944,BACKFILL_AUTO
2026-06-18 23:41:00,1781826060,R_10,4844.958,1,0.10199999999986176,BACKFILL_AUTO
2026-06-18 23:41:02,1781826062,R_10,4845.005,1,0.04700000000048021,BACKFILL_AUTO
2026-06-18 23:41:04,1781826064,R_10,4845.121,1,0.11599999999998545,BACKFILL_AUTO
2026-06-18 23:41:06,1781826066,R_10,4845.033,-1,0.08799999999973807,BACKFILL_AUTO
2026-06-18 23:41:08,1781826068,R_10,4845.298,1,0.2649999999994179,BACKFILL_AUTO
2026-06-18 23:41:10,1781826070,R_10,4845.319,1,0.021000000000640284,BACKFILL_AUTO
2026-06-18 23:41:12,1781826072,R_10,4845.336,1,0.016999999999825377,BACKFILL_AUTO
2026-06-18 23:41:14,1781826074,R_10,4845.29,-1,0.046000000000276486,BACKFILL_AUTO
2026-06-18 23:41:16,1781826076,R_10,4845.351,1,0.06099999999969441,BACKFILL_AUTO
2026-06-18 23:41:18,1781826078,R_10,4845.247,-1,0.10399999999935972,BACKFILL_AUTO
2026-06-18 23:41:20,1781826080,R_10,4845.176,-1,0.07099999999991269,BACKFILL_AUTO
2026-06-18 23:41:22,1781826082,R_10,4845.119,-1,0.05700000000069849,BACKFILL_AUTO
2026-06-18 23:41:24,1781826084,R_10,4844.978,-1,0.14099999999962165,BACKFILL_AUTO
2026-06-18 23:41:26,1781826086,R_10,4845.127,1,0.14900000000034197,BACKFILL_AUTO
2026-06-18 23:41:28,1781826088,R_10,4845.145,1,0.018000000000029104,BACKFILL_AUTO
2026-06-18 23:41:30,1781826090,R_10,4845.189,1,0.04399999999986903,BACKFILL_AUTO
2026-06-18 23:41:32,1781826092,R_10,4845.115,-1,0.07400000000052387,BACKFILL_AUTO
2026-06-18 23:41:34,1781826094,R_10,4845.155,1,0.03999999999996362,BACKFILL_AUTO
2026-06-18 23:41:36,1781826096,R_10,4845.317,1,0.16200000000026193,BACKFILL_AUTO
2026-06-18 23:41:38,1781826098,R_10,4845.238,-1,0.07899999999972351,BACKFILL_AUTO
2026-06-18 23:41:40,1781826100,R_10,4845.16,-1,0.07800000000042928,BACKFILL_AUTO
2026-06-18 23:41:42,1781826102,R_10,4845.164,1,0.0039999999999054126,BACKFILL_AUTO
2026-06-18 23:41:44,1781826104,R_10,4845.25,1,0.0860000000002401,BACKFILL_AUTO
2026-06-18 23:41:46,1781826106,R_10,4845.407,1,0.1570000000001528,BACKFILL_AUTO
2026-06-18 23:41:48,1781826108,R_10,4845.346,-1,0.061000000000603904,BACKFILL_AUTO
2026-06-18 23:41:50,1781826110,R_10,4845.467,1,0.12100000000009459,BACKFILL_AUTO
2026-06-18 23:41:52,1781826112,R_10,4845.471,1,0.0039999999999054126,BACKFILL_AUTO
2026-06-18 23:41:54,1781826114,R_10,4845.434,-1,0.03699999999935244,BACKFILL_AUTO
2026-06-18 23:41:56,1781826116,R_10,4845.669,1,0.23499999999967258,BACKFILL_AUTO
2026-06-18 23:41:58,1781826118,R_10,4845.696,1,0.027000000000043656,BACKFILL_AUTO
2026-06-18 23:42:00,1781826120,R_10,4845.852,1,0.15599999999994907,BACKFILL_AUTO
2026-06-18 23:42:02,1781826122,R_10,4845.794,-1,0.057999999999992724,BACKFILL_AUTO
2026-06-18 23:42:04,1781826124,R_10,4845.984,1,0.19000000000050932,BACKFILL_AUTO
2026-06-18 23:42:06,1781826126,R_10,4845.778,-1,0.20600000000013097,BACKFILL_AUTO
2026-06-18 23:42:08,1781826128,R_10,4845.935,1,0.1570000000001528,BACKFILL_AUTO
2026-06-18 23:42:10,1781826130,R_10,4845.825,-1,0.11000000000058208,BACKFILL_AUTO
2026-06-18 23:42:12,1781826132,R_10,4846.087,1,0.26200000000062573,BACKFILL_AUTO
2026-06-18 23:42:14,1781826134,R_10,4845.973,-1,0.11400000000048749,BACKFILL_AUTO
2026-06-18 23:42:16,1781826136,R_10,4845.818,-1,0.15499999999974534,BACKFILL_AUTO
2026-06-18 23:42:18,1781826138,R_10,4845.916,1,0.09799999999995634,BACKFILL_AUTO
2026-06-18 23:42:20,1781826140,R_10,4845.819,-1,0.09699999999975262,BACKFILL_AUTO
2026-06-18 23:42:22,1781826142,R_10,4845.467,-1,0.35200000000077125,BACKFILL_AUTO
2026-06-18 23:42:24,1781826144,R_10,4845.525,1,0.057999999999992724,BACKFILL_AUTO
2026-06-18 23:42:26,1781826146,R_10,4845.427,-1,0.09799999999995634,BACKFILL_AUTO
2026-06-18 23:42:28,1781826148,R_10,4845.675,1,0.24800000000050204,BACKFILL_AUTO
2026-06-18 23:42:30,1781826150,R_10,4845.639,-1,0.03600000000005821,BACKFILL_AUTO
2026-06-18 23:42:32,1781826152,R_10,4845.627,-1,0.011999999999716238,BACKFILL_AUTO
2026-06-18 23:42:34,1781826154,R_10,4845.643,1,0.01599999999962165,BACKFILL_AUTO
2026-06-18 23:42:36,1781826156,R_10,4845.449,-1,0.19400000000041473,BACKFILL_AUTO
2026-06-18 23:42:38,1781826158,R_10,4845.42,-1,0.028999999999541615,BACKFILL_AUTO
2026-06-18 23:42:40,1781826160,R_10,4845.363,-1,0.056999999999789,BACKFILL_AUTO
2026-06-18 23:42:42,1781826162,R_10,4845.527,1,0.1639999999997599,BACKFILL_AUTO
2026-06-18 23:42:44,1781826164,R_10,4845.508,-1,0.01900000000023283,BACKFILL_AUTO
2026-06-18 23:42:46,1781826166,R_10,4845.424,-1,0.08399999999983265,BACKFILL_AUTO
2026-06-18 23:42:48,1781826168,R_10,4845.438,1,0.014000000000123691,BACKFILL_AUTO
2026-06-18 23:42:50,1781826170,R_10,4845.475,1,0.037000000000261934,BACKFILL_AUTO
2026-06-18 23:42:52,1781826172,R_10,4845.384,-1,0.09100000000034925,BACKFILL_AUTO
2026-06-18 23:42:54,1781826174,R_10,4845.382,-1,0.0020000000004074536,BACKFILL_AUTO
2026-06-18 23:42:56,1781826176,R_10,4845.659,1,0.27700000000004366,BACKFILL_AUTO
2026-06-18 23:42:58,1781826178,R_10,4845.345,-1,0.3139999999993961,BACKFILL_AUTO
2026-06-18 23:43:00,1781826180,R_10,4845.375,1,0.02999999999974534,BACKFILL_AUTO
2026-06-18 23:43:02,1781826182,R_10,4845.277,-1,0.09799999999995634,BACKFILL_AUTO
2026-06-18 23:43:04,1781826184,R_10,4845.439,1,0.16200000000026193,BACKFILL_AUTO
2026-06-18 23:43:06,1781826186,R_10,4845.507,1,0.06799999999930151,BACKFILL_AUTO
2026-06-18 23:43:08,1781826188,R_10,4845.512,1,0.005000000000109139,BACKFILL_AUTO
2026-06-18 23:43:10,1781826190,R_10,4845.407,-1,0.10499999999956344,BACKFILL_AUTO
2026-06-18 23:43:12,1781826192,R_10,4845.354,-1,0.052999999999883585,BACKFILL_AUTO
2026-06-18 23:43:14,1781826194,R_10,4845.253,-1,0.10100000000056752,BACKFILL_AUTO
2026-06-18 23:43:16,1781826196,R_10,4845.193,-1,0.05999999999949068,BACKFILL_AUTO
2026-06-18 23:43:18,1781826198,R_10,4845.287,1,0.09400000000005093,BACKFILL_AUTO
2026-06-18 23:43:20,1781826200,R_10,4845.311,1,0.023999999999432475,BACKFILL_AUTO
2026-06-18 23:43:22,1781826202,R_10,4845.477,1,0.16600000000016735,BACKFILL_AUTO
2026-06-18 23:43:24,1781826204,R_10,4845.719,1,0.24200000000018917,BACKFILL_AUTO
2026-06-18 23:43:26,1781826206,R_10,4845.779,1,0.06000000000040018,BACKFILL_AUTO
2026-06-18 23:43:28,1781826208,R_10,4845.693,-1,0.0860000000002401,BACKFILL_AUTO
2026-06-18 23:43:30,1781826210,R_10,4845.744,1,0.05099999999947613,BACKFILL_AUTO
2026-06-18 23:43:32,1781826212,R_10,4845.721,-1,0.023000000000138243,BACKFILL_AUTO
2026-06-18 23:43:34,1781826214,R_10,4845.748,1,0.027000000000043656,BACKFILL_AUTO
2026-06-18 23:43:36,1781826216,R_10,4845.617,-1,0.13099999999940337,BACKFILL_AUTO
2026-06-18 23:43:38,1781826218,R_10,4845.68,1,0.06300000000010186,BACKFILL_AUTO
2026-06-18 23:43:40,1781826220,R_10,4845.935,1,0.25500000000010914,BACKFILL_AUTO
2026-06-18 23:43:42,1781826222,R_10,4845.623,-1,0.31200000000080763,BACKFILL_AUTO
2026-06-18 23:43:44,1781826224,R_10,4845.569,-1,0.05399999999917782,BACKFILL_AUTO
2026-06-18 23:43:46,1781826226,R_10,4845.583,1,0.013999999999214197,BACKFILL_AUTO
2026-06-18 23:43:48,1781826228,R_10,4845.772,1,0.1890000000003056,BACKFILL_AUTO
2026-06-18 23:43:50,1781826230,R_10,4846.034,1,0.26199999999971624,BACKFILL_AUTO
2026-06-18 23:43:52,1781826232,R_10,4846.092,1,0.057999999999992724,BACKFILL_AUTO
2026-06-18 23:43:54,1781826234,R_10,4845.965,-1,0.12699999999949796,BACKFILL_AUTO
2026-06-18 23:43:56,1781826236,R_10,4846.027,1,0.06199999999989814,BACKFILL_AUTO
2026-06-18 23:43:58,1781826238,R_10,4846.001,-1,0.02599999999983993,BACKFILL_AUTO
2026-06-18 23:44:00,1781826240,R_10,4846.284,1,0.282999999999447,BACKFILL_AUTO
2026-06-18 23:44:02,1781826242,R_10,4846.383,1,0.09900000000016007,BACKFILL_AUTO
2026-06-18 23:44:04,1781826244,R_10,4846.228,-1,0.15499999999974534,BACKFILL_AUTO
2026-06-18 23:44:06,1781826246,R_10,4846.229,1,0.0010000000002037268,BACKFILL_AUTO
2026-06-18 23:44:08,1781826248,R_10,4846.225,-1,0.0039999999999054126,BACKFILL_AUTO
2026-06-18 23:44:10,1781826250,R_10,4846.355,1,0.12999999999919964,BACKFILL_AUTO
2026-06-18 23:44:12,1781826252,R_10,4846.378,1,0.023000000000138243,BACKFILL_AUTO
2026-06-18 23:44:14,1781826254,R_10,4846.464,1,0.0860000000002401,BACKFILL_AUTO
2026-06-18 23:44:16,1781826256,R_10,4846.404,-1,0.05999999999949068,BACKFILL_AUTO
2026-06-18 23:44:18,1781826258,R_10,4846.362,-1,0.042000000000371074,BACKFILL_AUTO
2026-06-18 23:44:20,1781826260,R_10,4846.435,1,0.07300000000032014,BACKFILL_AUTO
2026-06-18 23:44:22,1781826262,R_10,4846.588,1,0.1529999999993379,BACKFILL_AUTO
2026-06-18 23:44:24,1781826264,R_10,4846.779,1,0.19100000000071304,BACKFILL_AUTO
2026-06-18 23:44:26,1781826266,R_10,4846.671,-1,0.10800000000017462,BACKFILL_AUTO
2026-06-18 23:44:28,1781826268,R_10,4846.708,1,0.03699999999935244,BACKFILL_AUTO
2026-06-18 23:44:30,1781826270,R_10,4846.644,-1,0.0639999999993961,BACKFILL_AUTO
2026-06-18 23:44:32,1781826272,R_10,4846.81,1,0.16600000000016735,BACKFILL_AUTO
2026-06-18 23:44:34,1781826274,R_10,4846.891,1,0.08099999999922147,BACKFILL_AUTO
2026-06-18 23:44:36,1781826276,R_10,4846.911,1,0.020000000000436557,BACKFILL_AUTO
2026-06-18 23:44:38,1781826278,R_10,4847.092,1,0.18099999999958527,BACKFILL_AUTO
2026-06-18 23:44:40,1781826280,R_10,4847.112,1,0.020000000000436557,BACKFILL_AUTO
2026-06-18 23:44:42,1781826282,R_10,4847.192,1,0.07999999999992724,BACKFILL_AUTO
2026-06-18 23:44:44,1781826284,R_10,4847.144,-1,0.047999999999774445,BACKFILL_AUTO
2026-06-18 23:44:46,1781826286,R_10,4847.163,1,0.018999999999323336,BACKFILL_AUTO
2026-06-18 23:44:48,1781826288,R_10,4846.997,-1,0.16599999999925785,BACKFILL_AUTO
2026-06-18 23:44:50,1781826290,R_10,4846.948,-1,0.04899999999997817,BACKFILL_AUTO
2026-06-18 23:44:52,1781826292,R_10,4846.964,1,0.01599999999962165,BACKFILL_AUTO
2026-06-18 23:44:54,1781826294,R_10,4846.837,-1,0.12699999999949796,BACKFILL_AUTO
2026-06-18 23:44:56,1781826296,R_10,4846.757,-1,0.08000000000083674,BACKFILL_AUTO
2026-06-18 23:44:58,1781826298,R_10,4846.875,1,0.1180000000003929,BACKFILL_AUTO
2026-06-18 23:45:00,1781826300,R_10,4846.782,-1,0.0929999999998472,BACKFILL_AUTO
2026-06-18 23:45:02,1781826302,R_10,4846.77,-1,0.011999999999716238,BACKFILL_AUTO
2026-06-18 23:45:04,1781826304,R_10,4846.607,-1,0.16300000000046566,BACKFILL_AUTO
2026-06-18 23:45:06,1781826306,R_10,4846.685,1,0.07800000000042928,BACKFILL_AUTO
2026-06-18 23:45:08,1781826308,R_10,4846.704,1,0.018999999999323336,BACKFILL_AUTO
2026-06-18 23:45:10,1781826310,R_10,4846.683,-1,0.02099999999973079,BACKFILL_AUTO
2026-06-18 23:45:12,1781826312,R_10,4846.669,-1,0.014000000000123691,BACKFILL_AUTO
2026-06-18 23:45:14,1781826314,R_10,4846.538,-1,0.13100000000031287,BACKFILL_AUTO
2026-06-18 23:45:16,1781826316,R_10,4846.565,1,0.027000000000043656,BACKFILL_AUTO
2026-06-18 23:45:18,1781826318,R_10,4846.6,1,0.035000000000763976,BACKFILL_AUTO
2026-06-18 23:45:20,1781826320,R_10,4846.571,-1,0.02900000000045111,BACKFILL_AUTO
2026-06-18 23:45:22,1781826322,R_10,4846.561,-1,0.010000000000218279,BACKFILL_AUTO
2026-06-18 23:45:24,1781826324,R_10,4846.431,-1,0.13000000000010914,BACKFILL_AUTO
2026-06-18 23:45:26,1781826326,R_10,4846.533,1,0.10200000000077125,BACKFILL_AUTO
2026-06-18 23:45:28,1781826328,R_10,4846.614,1,0.08099999999922147,BACKFILL_AUTO
2026-06-18 23:45:30,1781826330,R_10,4846.552,-1,0.06199999999989814,BACKFILL_AUTO
2026-06-18 23:45:32,1781826332,R_10,4846.796,1,0.24400000000059663,BACKFILL_AUTO
2026-06-18 23:45:34,1781826334,R_10,4846.665,-1,0.13100000000031287,BACKFILL_AUTO
2026-06-18 23:45:36,1781826336,R_10,4846.92,1,0.25500000000010914,BACKFILL_AUTO
2026-06-18 23:45:38,1781826338,R_10,4847.197,1,0.27700000000004366,BACKFILL_AUTO
2026-06-18 23:45:40,1781826340,R_10,4847.125,-1,0.07200000000011642,BACKFILL_AUTO
2026-06-18 23:45:42,1781826342,R_10,4847.247,1,0.12200000000029831,BACKFILL_AUTO
2026-06-18 23:45:44,1781826344,R_10,4847.392,1,0.14499999999952706,BACKFILL_AUTO
2026-06-18 23:45:46,1781826346,R_10,4847.524,1,0.1320000000005166,BACKFILL_AUTO
2026-06-18 23:45:48,1781826348,R_10,4847.6,1,0.07600000000002183,BACKFILL_AUTO
2026-06-18 23:45:50,1781826350,R_10,4847.54,-1,0.06000000000040018,BACKFILL_AUTO
2026-06-18 23:45:52,1781826352,R_10,4847.59,1,0.0500000000001819,BACKFILL_AUTO
2026-06-18 23:45:54,1781826354,R_10,4847.487,-1,0.10300000000006548,BACKFILL_AUTO
2026-06-18 23:45:56,1781826356,R_10,4847.489,1,0.001999999999497959,BACKFILL_AUTO
2026-06-18 23:45:58,1781826358,R_10,4847.315,-1,0.17399999999997817,BACKFILL_AUTO
2026-06-18 23:46:00,1781826360,R_10,4847.239,-1,0.07600000000002183,BACKFILL_AUTO
2026-06-18 23:46:02,1781826362,R_10,4847.174,-1,0.06499999999959982,BACKFILL_AUTO
2026-06-18 23:46:04,1781826364,R_10,4846.994,-1,0.18000000000029104,BACKFILL_AUTO
2026-06-18 23:46:06,1781826366,R_10,4846.974,-1,0.019999999999527063,BACKFILL_AUTO
2026-06-18 23:46:08,1781826368,R_10,4846.99,1,0.01599999999962165,BACKFILL_AUTO
2026-06-18 23:46:10,1781826370,R_10,4847.047,1,0.056999999999789,BACKFILL_AUTO
2026-06-18 23:46:12,1781826372,R_10,4847.015,-1,0.0319999999992433,BACKFILL_AUTO
2026-06-18 23:46:14,1781826374,R_10,4846.87,-1,0.14500000000043656,BACKFILL_AUTO
2026-06-18 23:46:16,1781826376,R_10,4847.038,1,0.1679999999996653,BACKFILL_AUTO
2026-06-18 23:46:18,1781826378,R_10,4846.722,-1,0.31599999999980355,BACKFILL_AUTO
2026-06-18 23:46:20,1781826380,R_10,4846.78,1,0.057999999999992724,BACKFILL_AUTO
2026-06-18 23:46:22,1781826382,R_10,4846.809,1,0.02900000000045111,BACKFILL_AUTO
2026-06-18 23:46:24,1781826384,R_10,4846.853,1,0.04399999999986903,BACKFILL_AUTO
2026-06-18 23:46:26,1781826386,R_10,4846.7,-1,0.15300000000024738,BACKFILL_AUTO
2026-06-18 23:46:28,1781826388,R_10,4846.947,1,0.24700000000029831,BACKFILL_AUTO
2026-06-18 23:46:30,1781826390,R_10,4846.972,1,0.024999999999636202,BACKFILL_AUTO
2026-06-18 23:46:32,1781826392,R_10,4847.025,1,0.052999999999883585,BACKFILL_AUTO
2026-06-18 23:46:34,1781826394,R_10,4846.854,-1,0.170999999999367,BACKFILL_AUTO
2026-06-18 23:46:36,1781826396,R_10,4846.972,1,0.11799999999948341,BACKFILL_AUTO
2026-06-18 23:46:38,1781826398,R_10,4846.947,-1,0.024999999999636202,BACKFILL_AUTO
2026-06-18 23:46:40,1781826400,R_10,4847.101,1,0.15399999999954161,BACKFILL_AUTO
2026-06-18 23:46:42,1781826402,R_10,4846.934,-1,0.16699999999946158,BACKFILL_AUTO
2026-06-18 23:46:44,1781826404,R_10,4846.855,-1,0.07900000000063301,BACKFILL_AUTO
2026-06-18 23:46:46,1781826406,R_10,4846.84,-1,0.014999999999417923,BACKFILL_AUTO
2026-06-18 23:46:48,1781826408,R_10,4846.975,1,0.13500000000021828,BACKFILL_AUTO
2026-06-18 23:46:50,1781826410,R_10,4846.843,-1,0.1320000000005166,BACKFILL_AUTO
2026-06-18 23:46:52,1781826412,R_10,4847.081,1,0.23800000000028376,BACKFILL_AUTO
2026-06-18 23:46:54,1781826414,R_10,4847.114,1,0.03299999999944703,BACKFILL_AUTO
2026-06-18 23:46:56,1781826416,R_10,4847.007,-1,0.1069999999999709,BACKFILL_AUTO
2026-06-18 23:46:58,1781826418,R_10,4846.86,-1,0.14699999999993452,BACKFILL_AUTO
2026-06-18 23:47:00,1781826420,R_10,4846.829,-1,0.03099999999994907,BACKFILL_AUTO
2026-06-18 23:47:02,1781826422,R_10,4846.78,-1,0.04899999999997817,BACKFILL_AUTO
2026-06-18 23:47:04,1781826424,R_10,4846.897,1,0.11700000000018917,BACKFILL_AUTO
2026-06-18 23:47:06,1781826426,R_10,4846.946,1,0.04899999999997817,BACKFILL_AUTO
2026-06-18 23:47:08,1781826428,R_10,4846.694,-1,0.25199999999949796,BACKFILL_AUTO
2026-06-18 23:47:10,1781826430,R_10,4846.56,-1,0.13400000000001455,BACKFILL_AUTO
2026-06-18 23:47:12,1781826432,R_10,4846.514,-1,0.046000000000276486,BACKFILL_AUTO
2026-06-18 23:47:14,1781826434,R_10,4846.435,-1,0.07899999999972351,BACKFILL_AUTO
2026-06-18 23:47:16,1781826436,R_10,4846.594,1,0.15899999999965075,BACKFILL_AUTO
2026-06-18 23:47:18,1781826438,R_10,4846.463,-1,0.13100000000031287,BACKFILL_AUTO
2026-06-18 23:47:20,1781826440,R_10,4846.558,1,0.09500000000025466,BACKFILL_AUTO
2026-06-18 23:47:22,1781826442,R_10,4846.558,0,0.0,BACKFILL_AUTO
2026-06-18 23:47:24,1781826444,R_10,4846.726,1,0.1679999999996653,BACKFILL_AUTO
2026-06-18 23:47:26,1781826446,R_10,4846.876,1,0.1500000000005457,BACKFILL_AUTO
2026-06-18 23:47:28,1781826448,R_10,4846.754,-1,0.12200000000029831,BACKFILL_AUTO
2026-06-18 23:47:30,1781826450,R_10,4846.855,1,0.10099999999965803,BACKFILL_AUTO
2026-06-18 23:47:32,1781826452,R_10,4846.978,1,0.12300000000050204,BACKFILL_AUTO
2026-06-18 23:47:34,1781826454,R_10,4847.166,1,0.18800000000010186,BACKFILL_AUTO
2026-06-18 23:47:36,1781826456,R_10,4847.02,-1,0.1459999999997308,BACKFILL_AUTO
2026-06-18 23:47:38,1781826458,R_10,4847.277,1,0.2569999999996071,BACKFILL_AUTO
2026-06-18 23:47:40,1781826460,R_10,4847.257,-1,0.020000000000436557,BACKFILL_AUTO
2026-06-18 23:47:42,1781826462,R_10,4847.474,1,0.21700000000055297,BACKFILL_AUTO
2026-06-18 23:47:44,1781826464,R_10,4847.56,1,0.0860000000002401,BACKFILL_AUTO
2026-06-18 23:47:46,1781826466,R_10,4847.485,-1,0.0750000000007276,BACKFILL_AUTO
2026-06-18 23:47:48,1781826468,R_10,4847.58,1,0.09500000000025466,BACKFILL_AUTO
2026-06-18 23:47:50,1781826470,R_10,4847.494,-1,0.0860000000002401,BACKFILL_AUTO
2026-06-18 23:47:52,1781826472,R_10,4847.449,-1,0.04500000000007276,BACKFILL_AUTO
2026-06-18 23:47:54,1781826474,R_10,4847.484,1,0.035000000000763976,BACKFILL_AUTO
2026-06-18 23:47:56,1781826476,R_10,4847.399,-1,0.08500000000003638,BACKFILL_AUTO
2026-06-18 23:47:58,1781826478,R_10,4847.197,-1,0.20200000000022555,BACKFILL_AUTO
2026-06-18 23:48:00,1781826480,R_10,4847.179,-1,0.018000000000029104,BACKFILL_AUTO
2026-06-18 23:48:02,1781826482,R_10,4847.162,-1,0.016999999999825377,BACKFILL_AUTO
2026-06-18 23:48:04,1781826484,R_10,4847.189,1,0.027000000000043656,BACKFILL_AUTO
2026-06-18 23:48:06,1781826486,R_10,4846.892,-1,0.2970000000004802,BACKFILL_AUTO
2026-06-18 23:48:08,1781826488,R_10,4846.983,1,0.09100000000034925,BACKFILL_AUTO
2026-06-18 23:48:10,1781826490,R_10,4847.078,1,0.09500000000025466,BACKFILL_AUTO
2026-06-18 23:48:12,1781826492,R_10,4846.894,-1,0.18400000000019645,BACKFILL_AUTO
2026-06-18 23:48:14,1781826494,R_10,4846.956,1,0.06199999999989814,BACKFILL_AUTO
2026-06-18 23:48:16,1781826496,R_10,4846.938,-1,0.018000000000029104,BACKFILL_AUTO
2026-06-18 23:48:18,1781826498,R_10,4846.774,-1,0.1639999999997599,BACKFILL_AUTO
2026-06-18 23:48:20,1781826500,R_10,4846.79,1,0.01599999999962165,BACKFILL_AUTO
2026-06-18 23:48:22,1781826502,R_10,4846.785,-1,0.005000000000109139,BACKFILL_AUTO
2026-06-18 23:48:24,1781826504,R_10,4846.803,1,0.018000000000029104,BACKFILL_AUTO
2026-06-18 23:48:26,1781826506,R_10,4846.75,-1,0.052999999999883585,BACKFILL_AUTO
2026-06-18 23:48:28,1781826508,R_10,4846.753,1,0.0029999999997016857,BACKFILL_AUTO
2026-06-18 23:48:30,1781826510,R_10,4846.786,1,0.03300000000035652,BACKFILL_AUTO
2026-06-18 23:48:32,1781826512,R_10,4846.769,-1,0.016999999999825377,BACKFILL_AUTO
2026-06-18 23:48:34,1781826514,R_10,4846.557,-1,0.21200000000044383,BACKFILL_AUTO
2026-06-18 23:48:36,1781826516,R_10,4846.501,-1,0.05599999999958527,BACKFILL_AUTO
2026-06-18 23:48:38,1781826518,R_10,4846.427,-1,0.07400000000052387,BACKFILL_AUTO
2026-06-18 23:48:40,1781826520,R_10,4846.223,-1,0.2039999999997235,BACKFILL_AUTO
2026-06-18 23:48:42,1781826522,R_10,4846.287,1,0.06400000000030559,BACKFILL_AUTO
2026-06-18 23:48:44,1781826524,R_10,4846.34,1,0.052999999999883585,BACKFILL_AUTO
2026-06-18 23:48:46,1781826526,R_10,4846.558,1,0.2179999999998472,BACKFILL_AUTO
2026-06-18 23:48:48,1781826528,R_10,4846.52,-1,0.03799999999955617,BACKFILL_AUTO
2026-06-18 23:48:50,1781826530,R_10,4846.593,1,0.07299999999941065,BACKFILL_AUTO
2026-06-18 23:48:52,1781826532,R_10,4846.531,-1,0.06199999999989814,BACKFILL_AUTO
2026-06-18 23:48:54,1781826534,R_10,4846.452,-1,0.07899999999972351,BACKFILL_AUTO
2026-06-18 23:48:56,1781826536,R_10,4846.376,-1,0.07600000000002183,BACKFILL_AUTO
2026-06-18 23:48:58,1781826538,R_10,4845.974,-1,0.40200000000004366,BACKFILL_AUTO
2026-06-18 23:49:00,1781826540,R_10,4846.045,1,0.07099999999991269,BACKFILL_AUTO
2026-06-18 23:49:02,1781826542,R_10,4846.002,-1,0.042999999999665306,BACKFILL_AUTO
2026-06-18 23:49:04,1781826544,R_10,4845.974,-1,0.028000000000247383,BACKFILL_AUTO
2026-06-18 23:49:06,1781826546,R_10,4845.978,1,0.0039999999999054126,BACKFILL_AUTO
2026-06-18 23:49:08,1781826548,R_10,4845.964,-1,0.014000000000123691,BACKFILL_AUTO
2026-06-18 23:49:10,1781826550,R_10,4846.063,1,0.09900000000016007,BACKFILL_AUTO
2026-06-18 23:49:12,1781826552,R_10,4846.274,1,0.2110000000002401,BACKFILL_AUTO
2026-06-18 23:49:14,1781826554,R_10,4846.212,-1,0.06199999999989814,BACKFILL_AUTO
2026-06-18 23:49:16,1781826556,R_10,4846.068,-1,0.14400000000023283,BACKFILL_AUTO
2026-06-18 23:49:18,1781826558,R_10,4846.244,1,0.17599999999947613,BACKFILL_AUTO
2026-06-18 23:49:20,1781826560,R_10,4846.342,1,0.09799999999995634,BACKFILL_AUTO
2026-06-18 23:49:22,1781826562,R_10,4846.101,-1,0.24099999999998545,BACKFILL_AUTO
2026-06-18 23:49:24,1781826564,R_10,4846.268,1,0.16700000000037107,BACKFILL_AUTO
2026-06-18 23:49:26,1781826566,R_10,4846.344,1,0.07600000000002183,BACKFILL_AUTO
2026-06-18 23:49:28,1781826568,R_10,4846.236,-1,0.10800000000017462,BACKFILL_AUTO
2026-06-18 23:49:30,1781826570,R_10,4846.235,-1,0.0010000000002037268,BACKFILL_AUTO
2026-06-18 23:49:32,1781826572,R_10,4846.13,-1,0.10499999999956344,BACKFILL_AUTO
2026-06-18 23:49:34,1781826574,R_10,4845.901,-1,0.2290000000002692,BACKFILL_AUTO
2026-06-18 23:49:36,1781826576,R_10,4845.861,-1,0.03999999999996362,BACKFILL_AUTO
2026-06-18 23:49:38,1781826578,R_10,4845.968,1,0.1069999999999709,BACKFILL_AUTO
2026-06-18 23:49:40,1781826580,R_10,4845.899,-1,0.06899999999950523,BACKFILL_AUTO
2026-06-18 23:49:42,1781826582,R_10,4845.913,1,0.013999999999214197,BACKFILL_AUTO
2026-06-18 23:49:44,1781826584,R_10,4845.934,1,0.021000000000640284,BACKFILL_AUTO
2026-06-18 23:49:46,1781826586,R_10,4845.942,1,0.007999999999810825,BACKFILL_AUTO
2026-06-18 23:49:48,1781826588,R_10,4845.923,-1,0.01900000000023283,BACKFILL_AUTO
2026-06-18 23:49:50,1781826590,R_10,4845.774,-1,0.14899999999943248,BACKFILL_AUTO
2026-06-18 23:49:52,1781826592,R_10,4845.679,-1,0.09500000000025466,BACKFILL_AUTO
2026-06-18 23:49:54,1781826594,R_10,4845.705,1,0.02599999999983993,BACKFILL_AUTO
2026-06-18 23:49:56,1781826596,R_10,4845.878,1,0.17299999999977445,BACKFILL_AUTO
2026-06-18 23:49:58,1781826598,R_10,4845.948,1,0.07000000000061846,BACKFILL_AUTO
2026-06-18 23:50:00,1781826600,R_10,4845.896,-1,0.05200000000058935,BACKFILL_AUTO
2026-06-18 23:50:02,1781826602,R_10,4845.913,1,0.016999999999825377,BACKFILL_AUTO
2026-06-18 23:50:04,1781826604,R_10,4845.952,1,0.03900000000066939,BACKFILL_AUTO
2026-06-18 23:50:06,1781826606,R_10,4846.073,1,0.12100000000009459,BACKFILL_AUTO
2026-06-18 23:50:08,1781826608,R_10,4846.116,1,0.042999999999665306,BACKFILL_AUTO
2026-06-18 23:50:10,1781826610,R_10,4846.091,-1,0.024999999999636202,BACKFILL_AUTO
2026-06-18 23:50:12,1781826612,R_10,4846.312,1,0.2209999999995489,BACKFILL_AUTO
2026-06-18 23:50:14,1781826614,R_10,4846.35,1,0.03800000000046566,BACKFILL_AUTO
2026-06-18 23:50:16,1781826616,R_10,4846.389,1,0.03899999999975989,BACKFILL_AUTO
2026-06-18 23:50:18,1781826618,R_10,4846.369,-1,0.020000000000436557,BACKFILL_AUTO
2026-06-18 23:50:20,1781826620,R_10,4846.321,-1,0.047999999999774445,BACKFILL_AUTO
2026-06-18 23:50:22,1781826622,R_10,4846.371,1,0.0500000000001819,BACKFILL_AUTO
2026-06-18 23:50:24,1781826624,R_10,4846.357,-1,0.014000000000123691,BACKFILL_AUTO
2026-06-18 23:50:26,1781826626,R_10,4846.52,1,0.16300000000046566,BACKFILL_AUTO
2026-06-18 23:50:28,1781826628,R_10,4846.547,1,0.02699999999913416,BACKFILL_AUTO
2026-06-18 23:50:30,1781826630,R_10,4846.518,-1,0.028999999999541615,BACKFILL_AUTO
2026-06-18 23:50:32,1781826632,R_10,4846.506,-1,0.011999999999716238,BACKFILL_AUTO
2026-06-18 23:50:34,1781826634,R_10,4846.233,-1,0.27300000000013824,BACKFILL_AUTO
2026-06-18 23:50:36,1781826636,R_10,4846.322,1,0.08899999999994179,BACKFILL_AUTO
2026-06-18 23:50:38,1781826638,R_10,4846.198,-1,0.12399999999979627,BACKFILL_AUTO
2026-06-18 23:50:40,1781826640,R_10,4846.132,-1,0.06600000000071304,BACKFILL_AUTO
2026-06-18 23:50:42,1781826642,R_10,4846.102,-1,0.02999999999974534,BACKFILL_AUTO
2026-06-18 23:50:44,1781826644,R_10,4846.219,1,0.11700000000018917,BACKFILL_AUTO
2026-06-18 23:50:46,1781826646,R_10,4846.217,-1,0.0020000000004074536,BACKFILL_AUTO
2026-06-18 23:50:48,1781826648,R_10,4846.092,-1,0.125,BACKFILL_AUTO
2026-06-18 23:50:50,1781826650,R_10,4845.742,-1,0.3499999999994543,BACKFILL_AUTO
2026-06-18 23:50:52,1781826652,R_10,4845.927,1,0.18499999999949068,BACKFILL_AUTO
2026-06-18 23:50:54,1781826654,R_10,4845.99,1,0.06300000000010186,BACKFILL_AUTO
2026-06-18 23:50:56,1781826656,R_10,4846.09,1,0.1000000000003638,BACKFILL_AUTO
2026-06-18 23:50:58,1781826658,R_10,4846.079,-1,0.011000000000422006,BACKFILL_AUTO
2026-06-18 23:51:00,1781826660,R_10,4846.225,1,0.14600000000064028,BACKFILL_AUTO
2026-06-18 23:51:02,1781826662,R_10,4846.481,1,0.25599999999940337,BACKFILL_AUTO
2026-06-18 23:51:04,1781826664,R_10,4846.407,-1,0.07399999999961437,BACKFILL_AUTO
2026-06-18 23:51:06,1781826666,R_10,4846.57,1,0.16299999999955617,BACKFILL_AUTO
2026-06-18 23:51:08,1781826668,R_10,4846.577,1,0.007000000000516593,BACKFILL_AUTO
2026-06-18 23:51:10,1781826670,R_10,4846.47,-1,0.1069999999999709,BACKFILL_AUTO
2026-06-18 23:51:12,1781826672,R_10,4846.48,1,0.009999999999308784,BACKFILL_AUTO
2026-06-18 23:51:14,1781826674,R_10,4846.221,-1,0.25900000000001455,BACKFILL_AUTO
2026-06-18 23:51:16,1781826676,R_10,4846.077,-1,0.14399999999932334,BACKFILL_AUTO
2026-06-18 23:51:18,1781826678,R_10,4846.003,-1,0.07400000000052387,BACKFILL_AUTO
2026-06-18 23:51:20,1781826680,R_10,4846.029,1,0.026000000000749424,BACKFILL_AUTO
2026-06-18 23:51:22,1781826682,R_10,4845.959,-1,0.07000000000061846,BACKFILL_AUTO
2026-06-18 23:51:24,1781826684,R_10,4846.067,1,0.10800000000017462,BACKFILL_AUTO
2026-06-18 23:51:26,1781826686,R_10,4845.969,-1,0.09799999999995634,BACKFILL_AUTO
2026-06-18 23:51:28,1781826688,R_10,4846.031,1,0.06199999999989814,BACKFILL_AUTO
2026-06-18 23:51:30,1781826690,R_10,4845.976,-1,0.05500000000029104,BACKFILL_AUTO
2026-06-18 23:51:32,1781826692,R_10,4845.713,-1,0.26299999999991996,BACKFILL_AUTO
2026-06-18 23:51:34,1781826694,R_10,4845.713,0,0.0,BACKFILL_AUTO
2026-06-18 23:51:36,1781826696,R_10,4845.681,-1,0.032000000000152795,BACKFILL_AUTO
2026-06-18 23:51:38,1781826698,R_10,4846.004,1,0.32300000000032014,BACKFILL_AUTO
2026-06-18 23:51:40,1781826700,R_10,4845.941,-1,0.06300000000010186,BACKFILL_AUTO
2026-06-18 23:51:42,1781826702,R_10,4845.976,1,0.03499999999985448,BACKFILL_AUTO
2026-06-18 23:51:44,1781826704,R_10,4845.973,-1,0.0029999999997016857,BACKFILL_AUTO
2026-06-18 23:51:46,1781826706,R_10,4845.86,-1,0.11300000000028376,BACKFILL_AUTO
2026-06-18 23:51:48,1781826708,R_10,4845.933,1,0.07300000000032014,BACKFILL_AUTO
2026-06-18 23:51:50,1781826710,R_10,4845.973,1,0.03999999999996362,BACKFILL_AUTO
2026-06-18 23:51:52,1781826712,R_10,4846.005,1,0.032000000000152795,BACKFILL_AUTO
2026-06-18 23:51:54,1781826714,R_10,4845.983,-1,0.021999999999934516,BACKFILL_AUTO
2026-06-18 23:51:56,1781826716,R_10,4845.999,1,0.01599999999962165,BACKFILL_AUTO
2026-06-18 23:51:58,1781826718,R_10,4845.885,-1,0.113999999999578,BACKFILL_AUTO
2026-06-18 23:52:00,1781826720,R_10,4845.661,-1,0.22400000000016007,BACKFILL_AUTO
2026-06-18 23:52:02,1781826722,R_10,4845.854,1,0.193000000000211,BACKFILL_AUTO
2026-06-18 23:52:04,1781826724,R_10,4845.876,1,0.021999999999934516,BACKFILL_AUTO
2026-06-18 23:52:06,1781826726,R_10,4845.689,-1,0.18699999999989814,BACKFILL_AUTO
2026-06-18 23:52:08,1781826728,R_10,4845.785,1,0.09599999999954889,BACKFILL_AUTO
2026-06-18 23:52:10,1781826730,R_10,4845.933,1,0.14800000000013824,BACKFILL_AUTO
2026-06-18 23:52:12,1781826732,R_10,4845.786,-1,0.14699999999993452,BACKFILL_AUTO
2026-06-18 23:52:14,1781826734,R_10,4845.837,1,0.051000000000385626,BACKFILL_AUTO
2026-06-18 23:52:16,1781826736,R_10,4845.932,1,0.09499999999934516,BACKFILL_AUTO
2026-06-18 23:52:18,1781826738,R_10,4846.042,1,0.11000000000058208,BACKFILL_AUTO
2026-06-18 23:52:20,1781826740,R_10,4846.141,1,0.09899999999925058,BACKFILL_AUTO
2026-06-18 23:52:22,1781826742,R_10,4846.129,-1,0.011999999999716238,BACKFILL_AUTO
2026-06-18 23:52:24,1781826744,R_10,4846.287,1,0.15800000000035652,BACKFILL_AUTO
2026-06-18 23:52:26,1781826746,R_10,4846.322,1,0.03499999999985448,BACKFILL_AUTO
2026-06-18 23:52:28,1781826748,R_10,4846.388,1,0.06599999999980355,BACKFILL_AUTO
2026-06-18 23:52:30,1781826750,R_10,4846.218,-1,0.17000000000007276,BACKFILL_AUTO
2026-06-18 23:52:32,1781826752,R_10,4845.845,-1,0.37299999999959255,BACKFILL_AUTO
2026-06-18 23:52:34,1781826754,R_10,4845.677,-1,0.1680000000005748,BACKFILL_AUTO
2026-06-18 23:52:36,1781826756,R_10,4845.785,1,0.10800000000017462,BACKFILL_AUTO
2026-06-18 23:52:38,1781826758,R_10,4845.853,1,0.068000000000211,BACKFILL_AUTO
2026-06-18 23:52:40,1781826760,R_10,4845.654,-1,0.19899999999961437,BACKFILL_AUTO
2026-06-18 23:52:42,1781826762,R_10,4845.766,1,0.11199999999917054,BACKFILL_AUTO
2026-06-18 23:52:44,1781826764,R_10,4845.627,-1,0.1389999999992142,BACKFILL_AUTO
2026-06-18 23:52:46,1781826766,R_10,4845.644,1,0.016999999999825377,BACKFILL_AUTO
2026-06-18 23:52:48,1781826768,R_10,4845.635,-1,0.009000000000014552,BACKFILL_AUTO
2026-06-18 23:52:50,1781826770,R_10,4845.523,-1,0.11200000000008004,BACKFILL_AUTO
2026-06-18 23:52:52,1781826772,R_10,4845.423,-1,0.1000000000003638,BACKFILL_AUTO
2026-06-18 23:52:54,1781826774,R_10,4845.32,-1,0.10300000000006548,BACKFILL_AUTO
2026-06-18 23:52:56,1781826776,R_10,4845.312,-1,0.007999999999810825,BACKFILL_AUTO
2026-06-18 23:52:58,1781826778,R_10,4845.247,-1,0.06499999999959982,BACKFILL_AUTO
2026-06-18 23:53:00,1781826780,R_10,4845.288,1,0.04099999999925785,BACKFILL_AUTO
2026-06-18 23:53:02,1781826782,R_10,4845.112,-1,0.17599999999947613,BACKFILL_AUTO
2026-06-18 23:53:04,1781826784,R_10,4845.031,-1,0.08100000000013097,BACKFILL_AUTO
2026-06-18 23:53:06,1781826786,R_10,4845.13,1,0.09900000000016007,BACKFILL_AUTO
2026-06-18 23:53:08,1781826788,R_10,4845.171,1,0.04100000000016735,BACKFILL_AUTO
2026-06-18 23:53:10,1781826790,R_10,4845.2,1,0.028999999999541615,BACKFILL_AUTO
2026-06-18 23:53:12,1781826792,R_10,4844.806,-1,0.39400000000023283,BACKFILL_AUTO
2026-06-18 23:53:14,1781826794,R_10,4844.825,1,0.01900000000023283,BACKFILL_AUTO
2026-06-18 23:53:16,1781826796,R_10,4845.055,1,0.23000000000047294,BACKFILL_AUTO
2026-06-18 23:53:18,1781826798,R_10,4845.036,-1,0.01900000000023283,BACKFILL_AUTO
2026-06-18 23:53:20,1781826800,R_10,4844.993,-1,0.042999999999665306,BACKFILL_AUTO
2026-06-18 23:53:22,1781826802,R_10,4844.912,-1,0.08100000000013097,BACKFILL_AUTO
2026-06-18 23:53:24,1781826804,R_10,4844.833,-1,0.07900000000063301,BACKFILL_AUTO
2026-06-18 23:53:26,1781826806,R_10,4844.769,-1,0.0639999999993961,BACKFILL_AUTO
2026-06-18 23:53:28,1781826808,R_10,4844.647,-1,0.12200000000029831,BACKFILL_AUTO
2026-06-18 23:53:30,1781826810,R_10,4844.652,1,0.005000000000109139,BACKFILL_AUTO
2026-06-18 23:53:32,1781826812,R_10,4844.792,1,0.14000000000032742,BACKFILL_AUTO
2026-06-18 23:53:34,1781826814,R_10,4844.822,1,0.02999999999974534,BACKFILL_AUTO
2026-06-18 23:53:36,1781826816,R_10,4844.857,1,0.03499999999985448,BACKFILL_AUTO
2026-06-18 23:53:38,1781826818,R_10,4844.754,-1,0.10300000000006548,BACKFILL_AUTO
2026-06-18 23:53:40,1781826820,R_10,4844.557,-1,0.19700000000011642,BACKFILL_AUTO
2026-06-18 23:53:42,1781826822,R_10,4844.655,1,0.09799999999995634,BACKFILL_AUTO
2026-06-18 23:53:44,1781826824,R_10,4844.547,-1,0.10800000000017462,BACKFILL_AUTO
2026-06-18 23:53:46,1781826826,R_10,4844.571,1,0.02400000000034197,BACKFILL_AUTO
2026-06-18 23:53:48,1781826828,R_10,4844.696,1,0.125,BACKFILL_AUTO
2026-06-18 23:53:50,1781826830,R_10,4844.739,1,0.042999999999665306,BACKFILL_AUTO
2026-06-18 23:53:52,1781826832,R_10,4844.62,-1,0.11899999999968713,BACKFILL_AUTO
2026-06-18 23:53:54,1781826834,R_10,4844.656,1,0.03600000000005821,BACKFILL_AUTO
2026-06-18 23:53:56,1781826836,R_10,4844.714,1,0.057999999999992724,BACKFILL_AUTO
2026-06-18 23:53:58,1781826838,R_10,4844.612,-1,0.10199999999986176,BACKFILL_AUTO
2026-06-18 23:54:00,1781826840,R_10,4844.802,1,0.18999999999959982,BACKFILL_AUTO
2026-06-18 23:54:02,1781826842,R_10,4844.871,1,0.06900000000041473,BACKFILL_AUTO
2026-06-18 23:54:04,1781826844,R_10,4844.736,-1,0.13500000000021828,BACKFILL_AUTO
2026-06-18 23:54:06,1781826846,R_10,4844.795,1,0.05900000000019645,BACKFILL_AUTO
2026-06-18 23:54:08,1781826848,R_10,4844.79,-1,0.005000000000109139,BACKFILL_AUTO
2026-06-18 23:54:10,1781826850,R_10,4844.518,-1,0.2719999999999345,BACKFILL_AUTO
2026-06-18 23:54:12,1781826852,R_10,4844.435,-1,0.08299999999962893,BACKFILL_AUTO
2026-06-18 23:54:14,1781826854,R_10,4844.726,1,0.29099999999925785,BACKFILL_AUTO
2026-06-18 23:54:16,1781826856,R_10,4844.88,1,0.1540000000004511,BACKFILL_AUTO
2026-06-18 23:54:18,1781826858,R_10,4844.928,1,0.047999999999774445,BACKFILL_AUTO
2026-06-18 23:54:20,1781826860,R_10,4844.994,1,0.06599999999980355,BACKFILL_AUTO
2026-06-18 23:54:22,1781826862,R_10,4845.226,1,0.2319999999999709,BACKFILL_AUTO
2026-06-18 23:54:24,1781826864,R_10,4845.12,-1,0.10599999999976717,BACKFILL_AUTO
2026-06-18 23:54:26,1781826866,R_10,4844.971,-1,0.14900000000034197,BACKFILL_AUTO
2026-06-18 23:54:28,1781826868,R_10,4844.805,-1,0.16599999999925785,BACKFILL_AUTO
2026-06-18 23:54:30,1781826870,R_10,4844.839,1,0.033999999999650754,BACKFILL_AUTO
2026-06-18 23:54:32,1781826872,R_10,4844.801,-1,0.03799999999955617,BACKFILL_AUTO
2026-06-18 23:54:34,1781826874,R_10,4844.741,-1,0.06000000000040018,BACKFILL_AUTO
2026-06-18 23:54:36,1781826876,R_10,4844.871,1,0.13000000000010914,BACKFILL_AUTO
2026-06-18 23:54:38,1781826878,R_10,4844.752,-1,0.11899999999968713,BACKFILL_AUTO
2026-06-18 23:54:40,1781826880,R_10,4844.523,-1,0.2290000000002692,BACKFILL_AUTO
2026-06-18 23:54:42,1781826882,R_10,4844.367,-1,0.15599999999994907,BACKFILL_AUTO
2026-06-18 23:54:44,1781826884,R_10,4844.731,1,0.363999999999578,BACKFILL_AUTO
2026-06-18 23:54:46,1781826886,R_10,4844.676,-1,0.054999999999381544,BACKFILL_AUTO
2026-06-18 23:54:48,1781826888,R_10,4844.666,-1,0.010000000000218279,BACKFILL_AUTO
2026-06-18 23:54:50,1781826890,R_10,4844.698,1,0.032000000000152795,BACKFILL_AUTO
2026-06-18 23:54:52,1781826892,R_10,4844.666,-1,0.032000000000152795,BACKFILL_AUTO
2026-06-18 23:54:54,1781826894,R_10,4844.625,-1,0.04100000000016735,BACKFILL_AUTO
2026-06-18 23:54:56,1781826896,R_10,4844.495,-1,0.13000000000010914,BACKFILL_AUTO
2026-06-18 23:54:58,1781826898,R_10,4844.347,-1,0.14800000000013824,BACKFILL_AUTO
2026-06-18 23:55:00,1781826900,R_10,4844.446,1,0.09900000000016007,BACKFILL_AUTO
2026-06-18 23:55:02,1781826902,R_10,4844.527,1,0.08100000000013097,BACKFILL_AUTO
2026-06-18 23:55:04,1781826904,R_10,4844.535,1,0.007999999999810825,BACKFILL_AUTO
2026-06-18 23:55:06,1781826906,R_10,4844.396,-1,0.1390000000001237,BACKFILL_AUTO
2026-06-18 23:55:08,1781826908,R_10,4844.397,1,0.0010000000002037268,BACKFILL_AUTO
2026-06-18 23:55:10,1781826910,R_10,4844.373,-1,0.02400000000034197,BACKFILL_AUTO
2026-06-18 23:55:12,1781826912,R_10,4844.622,1,0.24900000000070577,BACKFILL_AUTO
2026-06-18 23:55:14,1781826914,R_10,4844.715,1,0.0929999999998472,BACKFILL_AUTO
2026-06-18 23:55:16,1781826916,R_10,4844.539,-1,0.17600000000038563,BACKFILL_AUTO
2026-06-18 23:55:18,1781826918,R_10,4844.658,1,0.11900000000059663,BACKFILL_AUTO
2026-06-18 23:55:20,1781826920,R_10,4844.514,-1,0.14400000000023283,BACKFILL_AUTO
2026-06-18 23:55:22,1781826922,R_10,4844.484,-1,0.02999999999974534,BACKFILL_AUTO
2026-06-18 23:55:24,1781826924,R_10,4844.49,1,0.0059999999994033715,BACKFILL_AUTO
2026-06-18 23:55:26,1781826926,R_10,4844.434,-1,0.05599999999958527,BACKFILL_AUTO
2026-06-18 23:55:28,1781826928,R_10,4844.575,1,0.14099999999962165,BACKFILL_AUTO
2026-06-18 23:55:30,1781826930,R_10,4844.273,-1,0.30199999999967986,BACKFILL_AUTO
2026-06-18 23:55:32,1781826932,R_10,4844.326,1,0.052999999999883585,BACKFILL_AUTO
2026-06-18 23:55:34,1781826934,R_10,4844.321,-1,0.005000000000109139,BACKFILL_AUTO
2026-06-18 23:55:36,1781826936,R_10,4844.22,-1,0.10099999999965803,BACKFILL_AUTO
2026-06-18 23:55:38,1781826938,R_10,4844.187,-1,0.03300000000035652,BACKFILL_AUTO
2026-06-18 23:55:40,1781826940,R_10,4843.944,-1,0.2429999999994834,BACKFILL_AUTO
2026-06-18 23:55:42,1781826942,R_10,4843.891,-1,0.05300000000079308,BACKFILL_AUTO
2026-06-18 23:55:44,1781826944,R_10,4843.851,-1,0.03999999999996362,BACKFILL_AUTO
2026-06-18 23:55:46,1781826946,R_10,4843.704,-1,0.14699999999993452,BACKFILL_AUTO
2026-06-18 23:55:48,1781826948,R_10,4843.899,1,0.19500000000061846,BACKFILL_AUTO
2026-06-18 23:55:50,1781826950,R_10,4844.155,1,0.25599999999940337,BACKFILL_AUTO
2026-06-18 23:55:52,1781826952,R_10,4844.222,1,0.06700000000000728,BACKFILL_AUTO
2026-06-18 23:55:54,1781826954,R_10,4844.323,1,0.10100000000056752,BACKFILL_AUTO
2026-06-18 23:55:56,1781826956,R_10,4844.318,-1,0.005000000000109139,BACKFILL_AUTO
2026-06-18 23:55:58,1781826958,R_10,4844.175,-1,0.1430000000000291,BACKFILL_AUTO
2026-06-18 23:56:00,1781826960,R_10,4844.104,-1,0.07099999999991269,BACKFILL_AUTO
2026-06-18 23:56:02,1781826962,R_10,4844.005,-1,0.09900000000016007,BACKFILL_AUTO
2026-06-18 23:56:04,1781826964,R_10,4844.082,1,0.07700000000022555,BACKFILL_AUTO
2026-06-18 23:56:06,1781826966,R_10,4844.08,-1,0.0020000000004074536,BACKFILL_AUTO
2026-06-18 23:56:08,1781826968,R_10,4843.899,-1,0.18099999999958527,BACKFILL_AUTO
2026-06-18 23:56:10,1781826970,R_10,4844.109,1,0.21000000000003638,BACKFILL_AUTO
2026-06-18 23:56:12,1781826972,R_10,4844.211,1,0.10199999999986176,BACKFILL_AUTO
2026-06-18 23:56:14,1781826974,R_10,4844.137,-1,0.07400000000052387,BACKFILL_AUTO
2026-06-18 23:56:16,1781826976,R_10,4843.851,-1,0.2860000000000582,BACKFILL_AUTO
2026-06-18 23:56:18,1781826978,R_10,4843.833,-1,0.018000000000029104,BACKFILL_AUTO
2026-06-18 23:56:20,1781826980,R_10,4843.885,1,0.05200000000058935,BACKFILL_AUTO
2026-06-18 23:56:22,1781826982,R_10,4843.751,-1,0.13400000000001455,BACKFILL_AUTO
2026-06-18 23:56:24,1781826984,R_10,4843.759,1,0.007999999999810825,BACKFILL_AUTO
2026-06-18 23:56:26,1781826986,R_10,4843.712,-1,0.04699999999957072,BACKFILL_AUTO
2026-06-18 23:56:28,1781826988,R_10,4843.71,-1,0.0020000000004074536,BACKFILL_AUTO
2026-06-18 23:56:30,1781826990,R_10,4843.762,1,0.05199999999967986,BACKFILL_AUTO
2026-06-18 23:56:32,1781826992,R_10,4843.765,1,0.0030000000006111804,BACKFILL_AUTO
2026-06-18 23:56:34,1781826994,R_10,4843.816,1,0.05099999999947613,BACKFILL_AUTO
2026-06-18 23:56:36,1781826996,R_10,4843.926,1,0.11000000000058208,BACKFILL_AUTO
2026-06-18 23:56:38,1781826998,R_10,4843.856,-1,0.07000000000061846,BACKFILL_AUTO
2026-06-18 23:56:40,1781827000,R_10,4843.819,-1,0.03699999999935244,BACKFILL_AUTO
2026-06-18 23:56:42,1781827002,R_10,4843.88,1,0.06099999999969441,BACKFILL_AUTO
2026-06-18 23:56:44,1781827004,R_10,4843.97,1,0.09000000000014552,BACKFILL_AUTO
2026-06-18 23:56:46,1781827006,R_10,4844.03,1,0.05999999999949068,BACKFILL_AUTO
2026-06-18 23:56:48,1781827008,R_10,4843.915,-1,0.11499999999978172,BACKFILL_AUTO
2026-06-18 23:56:50,1781827010,R_10,4843.827,-1,0.08799999999973807,BACKFILL_AUTO
2026-06-18 23:56:52,1781827012,R_10,4843.764,-1,0.06300000000010186,BACKFILL_AUTO
2026-06-18 23:56:54,1781827014,R_10,4843.809,1,0.04500000000007276,BACKFILL_AUTO
2026-06-18 23:56:56,1781827016,R_10,4844.038,1,0.22899999999935972,BACKFILL_AUTO
2026-06-18 23:56:58,1781827018,R_10,4843.976,-1,0.06199999999989814,BACKFILL_AUTO
2026-06-18 23:57:00,1781827020,R_10,4843.896,-1,0.07999999999992724,BACKFILL_AUTO
2026-06-18 23:57:02,1781827022,R_10,4844.063,1,0.16700000000037107,BACKFILL_AUTO
2026-06-18 23:57:04,1781827024,R_10,4844.108,1,0.04500000000007276,BACKFILL_AUTO
2026-06-18 23:57:06,1781827026,R_10,4843.977,-1,0.13100000000031287,BACKFILL_AUTO
2026-06-18 23:57:08,1781827028,R_10,4843.84,-1,0.13699999999971624,BACKFILL_AUTO
2026-06-18 23:57:10,1781827030,R_10,4843.835,-1,0.005000000000109139,BACKFILL_AUTO
2026-06-18 23:57:12,1781827032,R_10,4843.808,-1,0.027000000000043656,BACKFILL_AUTO
2026-06-18 23:57:14,1781827034,R_10,4843.924,1,0.11599999999998545,BACKFILL_AUTO
2026-06-18 23:57:16,1781827036,R_10,4843.763,-1,0.1610000000000582,BACKFILL_AUTO
2026-06-18 23:57:18,1781827038,R_10,4843.794,1,0.03099999999994907,BACKFILL_AUTO
2026-06-18 23:57:20,1781827040,R_10,4843.794,0,0.0,BACKFILL_AUTO
2026-06-18 23:57:22,1781827042,R_10,4843.782,-1,0.011999999999716238,BACKFILL_AUTO
2026-06-18 23:57:24,1781827044,R_10,4843.972,1,0.18999999999959982,BACKFILL_AUTO
2026-06-18 23:57:26,1781827046,R_10,4843.894,-1,0.07799999999951979,BACKFILL_AUTO
2026-06-18 23:57:28,1781827048,R_10,4843.605,-1,0.2890000000006694,BACKFILL_AUTO
2026-06-18 23:57:30,1781827050,R_10,4843.795,1,0.19000000000050932,BACKFILL_AUTO
2026-06-18 23:57:32,1781827052,R_10,4843.838,1,0.042999999999665306,BACKFILL_AUTO
2026-06-18 23:57:34,1781827054,R_10,4843.932,1,0.09400000000005093,BACKFILL_AUTO
2026-06-18 23:57:36,1781827056,R_10,4843.835,-1,0.09699999999975262,BACKFILL_AUTO
2026-06-18 23:57:38,1781827058,R_10,4843.729,-1,0.10599999999976717,BACKFILL_AUTO
2026-06-18 23:57:40,1781827060,R_10,4843.759,1,0.02999999999974534,BACKFILL_AUTO
2026-06-18 23:57:42,1781827062,R_10,4844.0,1,0.24099999999998545,BACKFILL_AUTO
2026-06-18 23:57:44,1781827064,R_10,4843.905,-1,0.09500000000025466,BACKFILL_AUTO
2026-06-18 23:57:46,1781827066,R_10,4843.855,-1,0.0500000000001819,BACKFILL_AUTO
2026-06-18 23:57:48,1781827068,R_10,4843.674,-1,0.18099999999958527,BACKFILL_AUTO
2026-06-18 23:57:50,1781827070,R_10,4843.516,-1,0.15800000000035652,BACKFILL_AUTO
2026-06-18 23:57:52,1781827072,R_10,4843.384,-1,0.1319999999996071,BACKFILL_AUTO
2026-06-18 23:57:54,1781827074,R_10,4843.53,1,0.1459999999997308,BACKFILL_AUTO
2026-06-18 23:57:56,1781827076,R_10,4843.931,1,0.40099999999983993,BACKFILL_AUTO
2026-06-18 23:57:58,1781827078,R_10,4843.868,-1,0.06299999999919237,BACKFILL_AUTO
2026-06-18 23:58:00,1781827080,R_10,4843.778,-1,0.09000000000014552,BACKFILL_AUTO
2026-06-18 23:58:02,1781827082,R_10,4843.845,1,0.06700000000000728,BACKFILL_AUTO
2026-06-18 23:58:04,1781827084,R_10,4844.022,1,0.17699999999967986,BACKFILL_AUTO
2026-06-18 23:58:06,1781827086,R_10,4844.281,1,0.25900000000001455,BACKFILL_AUTO
2026-06-18 23:58:08,1781827088,R_10,4844.196,-1,0.08500000000003638,BACKFILL_AUTO
2026-06-18 23:58:10,1781827090,R_10,4844.313,1,0.11700000000018917,BACKFILL_AUTO
2026-06-18 23:58:12,1781827092,R_10,4844.217,-1,0.09600000000045839,BACKFILL_AUTO
2026-06-18 23:58:14,1781827094,R_10,4844.016,-1,0.20100000000002183,BACKFILL_AUTO
2026-06-18 23:58:16,1781827096,R_10,4844.253,1,0.23700000000008004,BACKFILL_AUTO
2026-06-18 23:58:18,1781827098,R_10,4844.278,1,0.025000000000545697,BACKFILL_AUTO
2026-06-18 23:58:20,1781827100,R_10,4844.411,1,0.13299999999981083,BACKFILL_AUTO
2026-06-18 23:58:22,1781827102,R_10,4844.519,1,0.10800000000017462,BACKFILL_AUTO
2026-06-18 23:58:24,1781827104,R_10,4844.47,-1,0.04899999999997817,BACKFILL_AUTO
2026-06-18 23:58:26,1781827106,R_10,4844.397,-1,0.07300000000032014,BACKFILL_AUTO
2026-06-18 23:58:28,1781827108,R_10,4844.471,1,0.07399999999961437,BACKFILL_AUTO
2026-06-18 23:58:30,1781827110,R_10,4844.303,-1,0.1679999999996653,BACKFILL_AUTO
2026-06-18 23:58:32,1781827112,R_10,4844.228,-1,0.0749999999998181,BACKFILL_AUTO
2026-06-18 23:58:34,1781827114,R_10,4844.144,-1,0.08399999999983265,BACKFILL_AUTO
2026-06-18 23:58:36,1781827116,R_10,4844.103,-1,0.04100000000016735,BACKFILL_AUTO
2026-06-18 23:58:38,1781827118,R_10,4844.111,1,0.007999999999810825,BACKFILL_AUTO
2026-06-18 23:58:40,1781827120,R_10,4844.056,-1,0.05500000000029104,BACKFILL_AUTO
2026-06-18 23:58:42,1781827122,R_10,4844.186,1,0.13000000000010914,BACKFILL_AUTO
2026-06-18 23:58:44,1781827124,R_10,4844.329,1,0.1430000000000291,BACKFILL_AUTO
2026-06-18 23:58:46,1781827126,R_10,4844.503,1,0.17399999999997817,BACKFILL_AUTO
2026-06-18 23:58:48,1781827128,R_10,4844.476,-1,0.027000000000043656,BACKFILL_AUTO
2026-06-18 23:58:50,1781827130,R_10,4844.431,-1,0.04500000000007276,BACKFILL_AUTO
2026-06-18 23:58:52,1781827132,R_10,4844.607,1,0.17600000000038563,BACKFILL_AUTO
2026-06-18 23:58:54,1781827134,R_10,4844.59,-1,0.016999999999825377,BACKFILL_AUTO
2026-06-18 23:58:56,1781827136,R_10,4844.727,1,0.13699999999971624,BACKFILL_AUTO
2026-06-18 23:58:58,1781827138,R_10,4844.943,1,0.21600000000034925,BACKFILL_AUTO
2026-06-18 23:59:00,1781827140,R_10,4844.891,-1,0.05200000000058935,BACKFILL_AUTO
2026-06-18 23:59:02,1781827142,R_10,4844.986,1,0.09500000000025466,BACKFILL_AUTO
2026-06-18 23:59:04,1781827144,R_10,4844.955,-1,0.03099999999994907,BACKFILL_AUTO
2026-06-18 23:59:06,1781827146,R_10,4844.962,1,0.007000000000516593,BACKFILL_AUTO
2026-06-18 23:59:08,1781827148,R_10,4845.001,1,0.03899999999975989,BACKFILL_AUTO
2026-06-18 23:59:10,1781827150,R_10,4844.986,-1,0.015000000000327418,BACKFILL_AUTO
2026-06-18 23:59:12,1781827152,R_10,4844.84,-1,0.1459999999997308,BACKFILL_AUTO
2026-06-18 23:59:14,1781827154,R_10,4844.877,1,0.037000000000261934,BACKFILL_AUTO
2026-06-18 23:59:16,1781827156,R_10,4844.952,1,0.0749999999998181,BACKFILL_AUTO
2026-06-18 23:59:18,1781827158,R_10,4845.053,1,0.10099999999965803,BACKFILL_AUTO
2026-06-18 23:59:20,1781827160,R_10,4845.044,-1,0.009000000000014552,BACKFILL_AUTO
2026-06-18 23:59:22,1781827162,R_10,4845.005,-1,0.03899999999975989,BACKFILL_AUTO
2026-06-18 23:59:24,1781827164,R_10,4844.66,-1,0.34500000000025466,BACKFILL_AUTO
2026-06-18 23:59:26,1781827166,R_10,4844.521,-1,0.1390000000001237,BACKFILL_AUTO
2026-06-18 23:59:28,1781827168,R_10,4844.488,-1,0.03299999999944703,BACKFILL_AUTO
2026-06-18 23:59:30,1781827170,R_10,4844.478,-1,0.010000000000218279,BACKFILL_AUTO
2026-06-18 23:59:32,1781827172,R_10,4844.323,-1,0.15499999999974534,BACKFILL_AUTO
2026-06-18 23:59:34,1781827174,R_10,4844.212,-1,0.11099999999987631,BACKFILL_AUTO
2026-06-18 23:59:36,1781827176,R_10,4844.167,-1,0.04500000000007276,BACKFILL_AUTO
2026-06-18 23:59:38,1781827178,R_10,4844.209,1,0.04199999999946158,BACKFILL_AUTO
2026-06-18 23:59:40,1781827180,R_10,4844.191,-1,0.018000000000029104,BACKFILL_AUTO
2026-06-18 23:59:42,1781827182,R_10,4844.154,-1,0.03699999999935244,BACKFILL_AUTO
2026-06-18 23:59:44,1781827184,R_10,4844.062,-1,0.09200000000055297,BACKFILL_AUTO
2026-06-18 23:59:46,1781827186,R_10,4844.207,1,0.14500000000043656,BACKFILL_AUTO
2026-06-18 23:59:48,1781827188,R_10,4844.064,-1,0.1430000000000291,BACKFILL_AUTO
2026-06-18 23:59:50,1781827190,R_10,4843.958,-1,0.10600000000067666,BACKFILL_AUTO
2026-06-18 23:59:52,1781827192,R_10,4843.878,-1,0.07999999999992724,BACKFILL_AUTO
2026-06-18 23:59:54,1781827194,R_10,4844.117,1,0.2390000000004875,BACKFILL_AUTO
2026-06-18 23:59:56,1781827196,R_10,4844.089,-1,0.028000000000247383,BACKFILL_AUTO
2026-06-18 23:59:58,1781827198,R_10,4844.204,1,0.11499999999978172,BACKFILL_AUTO
2026-06-19 00:00:00,1781827200,R_10,4844.414,1,0.21000000000003638,BACKFILL_AUTO
2026-06-19 00:00:02,1781827202,R_10,4844.404,-1,0.009999999999308784,BACKFILL_AUTO
2026-06-19 00:00:04,1781827204,R_10,4844.361,-1,0.0430000000005748,BACKFILL_AUTO
2026-06-19 00:00:06,1781827206,R_10,4844.35,-1,0.01099999999951251,BACKFILL_AUTO
2026-06-19 00:00:08,1781827208,R_10,4844.245,-1,0.10500000000047294,BACKFILL_AUTO
2026-06-19 00:00:10,1781827210,R_10,4844.218,-1,0.027000000000043656,BACKFILL_AUTO
2026-06-19 00:00:12,1781827212,R_10,4844.408,1,0.19000000000050932,BACKFILL_AUTO
2026-06-19 00:00:14,1781827214,R_10,4844.38,-1,0.028000000000247383,BACKFILL_AUTO
2026-06-19 00:00:16,1781827216,R_10,4844.311,-1,0.06900000000041473,BACKFILL_AUTO
2026-06-19 00:00:18,1781827218,R_10,4844.422,1,0.11099999999987631,BACKFILL_AUTO
2026-06-19 00:00:20,1781827220,R_10,4844.24,-1,0.181999999999789,BACKFILL_AUTO
2026-06-19 00:00:22,1781827222,R_10,4844.146,-1,0.09400000000005093,BACKFILL_AUTO
2026-06-19 00:00:24,1781827224,R_10,4844.05,-1,0.09599999999954889,BACKFILL_AUTO
2026-06-19 00:00:26,1781827226,R_10,4844.04,-1,0.010000000000218279,BACKFILL_AUTO
2026-06-19 00:00:28,1781827228,R_10,4843.892,-1,0.14800000000013824,BACKFILL_AUTO
2026-06-19 00:00:30,1781827230,R_10,4843.872,-1,0.019999999999527063,BACKFILL_AUTO
2026-06-19 00:00:32,1781827232,R_10,4843.961,1,0.08899999999994179,BACKFILL_AUTO
2026-06-19 00:00:34,1781827234,R_10,4843.904,-1,0.056999999999789,BACKFILL_AUTO
2026-06-19 00:00:36,1781827236,R_10,4843.99,1,0.08599999999933061,BACKFILL_AUTO
2026-06-19 00:00:38,1781827238,R_10,4844.193,1,0.20300000000042928,BACKFILL_AUTO
2026-06-19 00:00:40,1781827240,R_10,4844.295,1,0.10199999999986176,BACKFILL_AUTO
2026-06-19 00:00:42,1781827242,R_10,4844.29,-1,0.005000000000109139,BACKFILL_AUTO
2026-06-19 00:00:44,1781827244,R_10,4844.22,-1,0.06999999999970896,BACKFILL_AUTO
2026-06-19 00:00:46,1781827246,R_10,4844.126,-1,0.09400000000005093,BACKFILL_AUTO
2026-06-19 00:00:48,1781827248,R_10,4844.088,-1,0.03800000000046566,BACKFILL_AUTO
2026-06-19 00:00:50,1781827250,R_10,4844.122,1,0.03400000000056025,BACKFILL_AUTO
2026-06-19 00:00:52,1781827252,R_10,4844.206,1,0.08399999999983265,BACKFILL_AUTO
2026-06-19 00:00:54,1781827254,R_10,4844.061,-1,0.14500000000043656,BACKFILL_AUTO
2026-06-19 00:00:56,1781827256,R_10,4843.939,-1,0.12199999999938882,BACKFILL_AUTO
2026-06-19 00:00:58,1781827258,R_10,4843.837,-1,0.10199999999986176,BACKFILL_AUTO
2026-06-19 00:01:00,1781827260,R_10,4843.757,-1,0.08000000000083674,BACKFILL_AUTO
2026-06-19 00:01:02,1781827262,R_10,4843.793,1,0.03600000000005821,BACKFILL_AUTO
2026-06-19 00:01:04,1781827264,R_10,4843.909,1,0.11599999999998545,BACKFILL_AUTO
2026-06-19 00:01:06,1781827266,R_10,4843.849,-1,0.05999999999949068,BACKFILL_AUTO
2026-06-19 00:01:08,1781827268,R_10,4843.939,1,0.09000000000014552,BACKFILL_AUTO
2026-06-19 00:01:10,1781827270,R_10,4843.904,-1,0.03499999999985448,BACKFILL_AUTO
2026-06-19 00:01:12,1781827272,R_10,4844.077,1,0.17299999999977445,BACKFILL_AUTO
2026-06-19 00:01:14,1781827274,R_10,4844.162,1,0.08500000000003638,BACKFILL_AUTO
2026-06-19 00:01:16,1781827276,R_10,4844.197,1,0.03499999999985448,BACKFILL_AUTO
2026-06-19 00:01:18,1781827278,R_10,4844.15,-1,0.04700000000048021,BACKFILL_AUTO
2026-06-19 00:01:20,1781827280,R_10,4844.517,1,0.3670000000001892,BACKFILL_AUTO
2026-06-19 00:01:22,1781827282,R_10,4844.582,1,0.06500000000050932,BACKFILL_AUTO
2026-06-19 00:01:24,1781827284,R_10,4844.587,1,0.005000000000109139,BACKFILL_AUTO
2026-06-19 00:01:26,1781827286,R_10,4844.583,-1,0.004000000000814907,BACKFILL_AUTO
2026-06-19 00:01:28,1781827288,R_10,4844.618,1,0.035000000000763976,BACKFILL_AUTO
2026-06-19 00:01:30,1781827290,R_10,4844.584,-1,0.03400000000056025,BACKFILL_AUTO
2026-06-19 00:01:32,1781827292,R_10,4844.543,-1,0.04100000000016735,BACKFILL_AUTO
2026-06-19 00:01:34,1781827294,R_10,4844.482,-1,0.06099999999969441,BACKFILL_AUTO
2026-06-19 00:01:36,1781827296,R_10,4844.626,1,0.14400000000023283,BACKFILL_AUTO
2026-06-19 00:01:38,1781827298,R_10,4844.596,-1,0.030000000000654836,BACKFILL_AUTO
2026-06-19 00:01:40,1781827300,R_10,4844.557,-1,0.03899999999975989,BACKFILL_AUTO
2026-06-19 00:01:42,1781827302,R_10,4844.528,-1,0.028999999999541615,BACKFILL_AUTO
2026-06-19 00:01:44,1781827304,R_10,4844.576,1,0.047999999999774445,BACKFILL_AUTO
2026-06-19 00:01:46,1781827306,R_10,4844.671,1,0.09500000000025466,BACKFILL_AUTO
2026-06-19 00:01:48,1781827308,R_10,4844.665,-1,0.006000000000312866,BACKFILL_AUTO
2026-06-19 00:01:50,1781827310,R_10,4844.819,1,0.1540000000004511,BACKFILL_AUTO
2026-06-19 00:01:52,1781827312,R_10,4844.628,-1,0.19100000000071304,BACKFILL_AUTO
2026-06-19 00:01:54,1781827314,R_10,4844.435,-1,0.1929999999993015,BACKFILL_AUTO
2026-06-19 00:01:56,1781827316,R_10,4844.435,0,0.0,BACKFILL_AUTO
2026-06-19 00:01:58,1781827318,R_10,4844.633,1,0.19799999999941065,BACKFILL_AUTO
2026-06-19 00:02:00,1781827320,R_10,4844.529,-1,0.10399999999935972,BACKFILL_AUTO
2026-06-19 00:02:02,1781827322,R_10,4844.667,1,0.13799999999991996,BACKFILL_AUTO
2026-06-19 00:02:04,1781827324,R_10,4844.449,-1,0.2180000000007567,BACKFILL_AUTO
2026-06-19 00:02:06,1781827326,R_10,4844.476,1,0.027000000000043656,BACKFILL_AUTO
2026-06-19 00:02:08,1781827328,R_10,4844.261,-1,0.21499999999923602,BACKFILL_AUTO
2026-06-19 00:02:10,1781827330,R_10,4844.358,1,0.09699999999975262,BACKFILL_AUTO
2026-06-19 00:02:12,1781827332,R_10,4844.451,1,0.0929999999998472,BACKFILL_AUTO
2026-06-19 00:02:14,1781827334,R_10,4844.666,1,0.21500000000014552,BACKFILL_AUTO
2026-06-19 00:02:16,1781827336,R_10,4844.87,1,0.2039999999997235,BACKFILL_AUTO
2026-06-19 00:02:18,1781827338,R_10,4844.861,-1,0.009000000000014552,BACKFILL_AUTO
2026-06-19 00:02:20,1781827340,R_10,4845.022,1,0.1610000000000582,BACKFILL_AUTO
2026-06-19 00:02:22,1781827342,R_10,4845.0,-1,0.021999999999934516,BACKFILL_AUTO
2026-06-19 00:02:24,1781827344,R_10,4845.073,1,0.07300000000032014,BACKFILL_AUTO
2026-06-19 00:02:26,1781827346,R_10,4844.953,-1,0.11999999999989086,BACKFILL_AUTO
2026-06-19 00:02:28,1781827348,R_10,4845.043,1,0.08999999999923602,BACKFILL_AUTO
2026-06-19 00:02:30,1781827350,R_10,4844.926,-1,0.11699999999927968,BACKFILL_AUTO
2026-06-19 00:02:32,1781827352,R_10,4844.728,-1,0.19800000000032014,BACKFILL_AUTO
2026-06-19 00:02:34,1781827354,R_10,4844.726,-1,0.0020000000004074536,BACKFILL_AUTO
2026-06-19 00:02:36,1781827356,R_10,4844.627,-1,0.09899999999925058,BACKFILL_AUTO
2026-06-19 00:02:38,1781827358,R_10,4844.386,-1,0.24099999999998545,BACKFILL_AUTO
2026-06-19 00:02:40,1781827360,R_10,4844.472,1,0.08599999999933061,BACKFILL_AUTO
2026-06-19 00:02:42,1781827362,R_10,4844.429,-1,0.042999999999665306,BACKFILL_AUTO
2026-06-19 00:02:44,1781827364,R_10,4844.267,-1,0.16200000000026193,BACKFILL_AUTO
2026-06-19 00:02:46,1781827366,R_10,4844.188,-1,0.07899999999972351,BACKFILL_AUTO
2026-06-19 00:02:48,1781827368,R_10,4844.288,1,0.0999999999994543,BACKFILL_AUTO
2026-06-19 00:02:50,1781827370,R_10,4844.203,-1,0.08499999999912689,BACKFILL_AUTO
2026-06-19 00:02:52,1781827372,R_10,4844.154,-1,0.04899999999997817,BACKFILL_AUTO
2026-06-19 00:02:54,1781827374,R_10,4844.263,1,0.10899999999946886,BACKFILL_AUTO
2026-06-19 00:02:56,1781827376,R_10,4844.087,-1,0.17599999999947613,BACKFILL_AUTO
2026-06-19 00:02:58,1781827378,R_10,4844.168,1,0.08099999999922147,BACKFILL_AUTO
2026-06-19 00:03:00,1781827380,R_10,4844.341,1,0.17300000000068394,BACKFILL_AUTO
2026-06-19 00:03:02,1781827382,R_10,4844.428,1,0.08699999999953434,BACKFILL_AUTO
2026-06-19 00:03:04,1781827384,R_10,4844.252,-1,0.17599999999947613,BACKFILL_AUTO
2026-06-19 00:03:06,1781827386,R_10,4844.219,-1,0.03300000000035652,BACKFILL_AUTO
2026-06-19 00:03:08,1781827388,R_10,4844.341,1,0.12200000000029831,BACKFILL_AUTO
2026-06-19 00:03:10,1781827390,R_10,4844.289,-1,0.05200000000058935,BACKFILL_AUTO
2026-06-19 00:03:12,1781827392,R_10,4844.467,1,0.17799999999988358,BACKFILL_AUTO
2026-06-19 00:03:14,1781827394,R_10,4844.427,-1,0.03999999999996362,BACKFILL_AUTO
2026-06-19 00:03:16,1781827396,R_10,4844.688,1,0.261000000000422,BACKFILL_AUTO
2026-06-19 00:03:18,1781827398,R_10,4844.771,1,0.08299999999962893,BACKFILL_AUTO
2026-06-19 00:03:20,1781827400,R_10,4844.825,1,0.05400000000008731,BACKFILL_AUTO
2026-06-19 00:03:22,1781827402,R_10,4844.93,1,0.10500000000047294,BACKFILL_AUTO
2026-06-19 00:03:24,1781827404,R_10,4845.099,1,0.16899999999986903,BACKFILL_AUTO
2026-06-19 00:03:26,1781827406,R_10,4845.197,1,0.09799999999995634,BACKFILL_AUTO
2026-06-19 00:03:28,1781827408,R_10,4845.21,1,0.012999999999919964,BACKFILL_AUTO
2026-06-19 00:03:30,1781827410,R_10,4844.934,-1,0.27599999999983993,BACKFILL_AUTO
2026-06-19 00:03:32,1781827412,R_10,4844.79,-1,0.14400000000023283,BACKFILL_AUTO
2026-06-19 00:03:34,1781827414,R_10,4844.817,1,0.027000000000043656,BACKFILL_AUTO
2026-06-19 00:03:36,1781827416,R_10,4844.721,-1,0.09600000000045839,BACKFILL_AUTO
2026-06-19 00:03:38,1781827418,R_10,4844.915,1,0.19400000000041473,BACKFILL_AUTO
2026-06-19 00:03:40,1781827420,R_10,4844.909,-1,0.006000000000312866,BACKFILL_AUTO
2026-06-19 00:03:42,1781827422,R_10,4844.635,-1,0.2739999999994325,BACKFILL_AUTO
2026-06-19 00:03:44,1781827424,R_10,4844.696,1,0.06099999999969441,BACKFILL_AUTO
2026-06-19 00:03:46,1781827426,R_10,4844.736,1,0.03999999999996362,BACKFILL_AUTO
2026-06-19 00:03:48,1781827428,R_10,4844.849,1,0.11300000000028376,BACKFILL_AUTO
2026-06-19 00:03:50,1781827430,R_10,4844.837,-1,0.011999999999716238,BACKFILL_AUTO
2026-06-19 00:03:52,1781827432,R_10,4844.918,1,0.08099999999922147,BACKFILL_AUTO
2026-06-19 00:03:54,1781827434,R_10,4845.058,1,0.14000000000032742,BACKFILL_AUTO
2026-06-19 00:03:56,1781827436,R_10,4845.135,1,0.07700000000022555,BACKFILL_AUTO
2026-06-19 00:03:58,1781827438,R_10,4844.913,-1,0.2220000000006621,BACKFILL_AUTO
2026-06-19 00:04:00,1781827440,R_10,4844.899,-1,0.013999999999214197,BACKFILL_AUTO
2026-06-19 00:04:02,1781827442,R_10,4845.025,1,0.12599999999929423,BACKFILL_AUTO
2026-06-19 00:04:04,1781827444,R_10,4845.185,1,0.16000000000076398,BACKFILL_AUTO
2026-06-19 00:04:06,1781827446,R_10,4845.155,-1,0.030000000000654836,BACKFILL_AUTO
2026-06-19 00:04:08,1781827448,R_10,4845.025,-1,0.13000000000010914,BACKFILL_AUTO
2026-06-19 00:04:10,1781827450,R_10,4845.037,1,0.012000000000625732,BACKFILL_AUTO
2026-06-19 00:04:12,1781827452,R_10,4845.137,1,0.0999999999994543,BACKFILL_AUTO
2026-06-19 00:04:14,1781827454,R_10,4845.212,1,0.0750000000007276,BACKFILL_AUTO
2026-06-19 00:04:16,1781827456,R_10,4845.077,-1,0.13500000000021828,BACKFILL_AUTO
2026-06-19 00:04:18,1781827458,R_10,4845.141,1,0.0639999999993961,BACKFILL_AUTO
2026-06-19 00:04:20,1781827460,R_10,4845.29,1,0.14900000000034197,BACKFILL_AUTO
2026-06-19 00:04:22,1781827462,R_10,4845.278,-1,0.011999999999716238,BACKFILL_AUTO
2026-06-19 00:04:24,1781827464,R_10,4845.272,-1,0.006000000000312866,BACKFILL_AUTO
2026-06-19 00:04:26,1781827466,R_10,4845.239,-1,0.03300000000035652,BACKFILL_AUTO
2026-06-19 00:04:28,1781827468,R_10,4845.424,1,0.18500000000040018,BACKFILL_AUTO
2026-06-19 00:04:30,1781827470,R_10,4845.442,1,0.018000000000029104,BACKFILL_AUTO
2026-06-19 00:04:32,1781827472,R_10,4845.278,-1,0.1639999999997599,BACKFILL_AUTO
2026-06-19 00:04:34,1781827474,R_10,4845.275,-1,0.0030000000006111804,BACKFILL_AUTO
2026-06-19 00:04:36,1781827476,R_10,4845.351,1,0.07600000000002183,BACKFILL_AUTO
2026-06-19 00:04:38,1781827478,R_10,4845.079,-1,0.2719999999999345,BACKFILL_AUTO
2026-06-19 00:04:40,1781827480,R_10,4845.167,1,0.08800000000064756,BACKFILL_AUTO
2026-06-19 00:04:42,1781827482,R_10,4845.113,-1,0.05400000000008731,BACKFILL_AUTO
2026-06-19 00:04:44,1781827484,R_10,4845.026,-1,0.08700000000044383,BACKFILL_AUTO
2026-06-19 00:04:46,1781827486,R_10,4844.981,-1,0.04500000000007276,BACKFILL_AUTO
2026-06-19 00:04:48,1781827488,R_10,4844.922,-1,0.05900000000019645,BACKFILL_AUTO
2026-06-19 00:04:50,1781827490,R_10,4844.893,-1,0.028999999999541615,BACKFILL_AUTO
2026-06-19 00:04:52,1781827492,R_10,4844.844,-1,0.04899999999997817,BACKFILL_AUTO
2026-06-19 00:04:54,1781827494,R_10,4844.884,1,0.03999999999996362,BACKFILL_AUTO
2026-06-19 00:04:56,1781827496,R_10,4844.677,-1,0.2070000000003347,BACKFILL_AUTO
2026-06-19 00:04:58,1781827498,R_10,4844.783,1,0.10600000000067666,BACKFILL_AUTO
2026-06-19 00:05:00,1781827500,R_10,4844.87,1,0.08699999999953434,BACKFILL_AUTO
2026-06-19 00:05:02,1781827502,R_10,4845.134,1,0.2640000000001237,BACKFILL_AUTO
2026-06-19 00:05:04,1781827504,R_10,4845.024,-1,0.10999999999967258,BACKFILL_AUTO
2026-06-19 00:05:06,1781827506,R_10,4845.071,1,0.04699999999957072,BACKFILL_AUTO
2026-06-19 00:05:08,1781827508,R_10,4845.174,1,0.10300000000006548,BACKFILL_AUTO
2026-06-19 00:05:10,1781827510,R_10,4845.157,-1,0.016999999999825377,BACKFILL_AUTO
2026-06-19 00:05:12,1781827512,R_10,4845.08,-1,0.07700000000022555,BACKFILL_AUTO
2026-06-19 00:05:14,1781827514,R_10,4845.069,-1,0.01099999999951251,BACKFILL_AUTO
2026-06-19 00:05:16,1781827516,R_10,4845.151,1,0.0819999999994252,BACKFILL_AUTO
2026-06-19 00:05:18,1781827518,R_10,4845.059,-1,0.09199999999964348,BACKFILL_AUTO
2026-06-19 00:05:20,1781827520,R_10,4845.057,-1,0.0020000000004074536,BACKFILL_AUTO
2026-06-19 00:05:22,1781827522,R_10,4845.164,1,0.1069999999999709,BACKFILL_AUTO
2026-06-19 00:05:24,1781827524,R_10,4845.342,1,0.17799999999988358,BACKFILL_AUTO
2026-06-19 00:05:26,1781827526,R_10,4845.251,-1,0.09099999999943975,BACKFILL_AUTO
2026-06-19 00:05:28,1781827528,R_10,4845.17,-1,0.08100000000013097,BACKFILL_AUTO
2026-06-19 00:05:30,1781827530,R_10,4845.297,1,0.12699999999949796,BACKFILL_AUTO
2026-06-19 00:05:32,1781827532,R_10,4845.354,1,0.05700000000069849,BACKFILL_AUTO
2026-06-19 00:05:34,1781827534,R_10,4845.253,-1,0.10100000000056752,BACKFILL_AUTO
2026-06-19 00:05:36,1781827536,R_10,4845.324,1,0.07099999999991269,BACKFILL_AUTO
2026-06-19 00:05:38,1781827538,R_10,4845.311,-1,0.012999999999919964,BACKFILL_AUTO
2026-06-19 00:05:40,1781827540,R_10,4845.369,1,0.057999999999992724,BACKFILL_AUTO
2026-06-19 00:05:42,1781827542,R_10,4845.503,1,0.13400000000001455,BACKFILL_AUTO
2026-06-19 00:05:44,1781827544,R_10,4845.385,-1,0.11799999999948341,BACKFILL_AUTO
2026-06-19 00:05:46,1781827546,R_10,4845.184,-1,0.20100000000002183,BACKFILL_AUTO
2026-06-19 00:05:48,1781827548,R_10,4845.23,1,0.04599999999936699,BACKFILL_AUTO
2026-06-19 00:05:50,1781827550,R_10,4845.013,-1,0.21699999999964348,BACKFILL_AUTO
2026-06-19 00:05:52,1781827552,R_10,4845.205,1,0.19200000000000728,BACKFILL_AUTO
2026-06-19 00:05:54,1781827554,R_10,4845.352,1,0.14699999999993452,BACKFILL_AUTO
2026-06-19 00:05:56,1781827556,R_10,4845.18,-1,0.17199999999957072,BACKFILL_AUTO
2026-06-19 00:05:58,1781827558,R_10,4845.175,-1,0.005000000000109139,BACKFILL_AUTO
2026-06-19 00:06:00,1781827560,R_10,4845.138,-1,0.037000000000261934,BACKFILL_AUTO
2026-06-19 00:06:02,1781827562,R_10,4844.992,-1,0.1459999999997308,BACKFILL_AUTO
2026-06-19 00:06:04,1781827564,R_10,4844.915,-1,0.07700000000022555,BACKFILL_AUTO
2026-06-19 00:06:06,1781827566,R_10,4844.843,-1,0.07200000000011642,BACKFILL_AUTO
2026-06-19 00:06:08,1781827568,R_10,4844.812,-1,0.03099999999994907,BACKFILL_AUTO
2026-06-19 00:06:10,1781827570,R_10,4844.739,-1,0.07300000000032014,BACKFILL_AUTO
2026-06-19 00:06:12,1781827572,R_10,4844.702,-1,0.03699999999935244,BACKFILL_AUTO
2026-06-19 00:06:14,1781827574,R_10,4844.644,-1,0.057999999999992724,BACKFILL_AUTO
2026-06-19 00:06:16,1781827576,R_10,4844.755,1,0.11099999999987631,BACKFILL_AUTO
2026-06-19 00:06:18,1781827578,R_10,4844.847,1,0.09199999999964348,BACKFILL_AUTO
2026-06-19 00:06:20,1781827580,R_10,4844.774,-1,0.07299999999941065,BACKFILL_AUTO
2026-06-19 00:06:22,1781827582,R_10,4844.885,1,0.11099999999987631,BACKFILL_AUTO
2026-06-19 00:06:24,1781827584,R_10,4844.98,1,0.09499999999934516,BACKFILL_AUTO
2026-06-19 00:06:26,1781827586,R_10,4845.029,1,0.04900000000088767,BACKFILL_AUTO
2026-06-19 00:06:28,1781827588,R_10,4845.087,1,0.057999999999992724,BACKFILL_AUTO
2026-06-19 00:06:30,1781827590,R_10,4845.224,1,0.13699999999971624,BACKFILL_AUTO
2026-06-19 00:06:32,1781827592,R_10,4845.313,1,0.08899999999994179,BACKFILL_AUTO
2026-06-19 00:06:34,1781827594,R_10,4845.216,-1,0.09699999999975262,BACKFILL_AUTO
2026-06-19 00:06:36,1781827596,R_10,4845.159,-1,0.05700000000069849,BACKFILL_AUTO
2026-06-19 00:06:38,1781827598,R_10,4845.158,-1,0.0009999999992942321,BACKFILL_AUTO
2026-06-19 00:06:40,1781827600,R_10,4845.337,1,0.1790000000000873,BACKFILL_AUTO
2026-06-19 00:06:42,1781827602,R_10,4845.52,1,0.18299999999999272,BACKFILL_AUTO
2026-06-19 00:06:44,1781827604,R_10,4845.622,1,0.10199999999986176,BACKFILL_AUTO
2026-06-19 00:06:46,1781827606,R_10,4845.447,-1,0.1750000000001819,BACKFILL_AUTO
2026-06-19 00:06:48,1781827608,R_10,4845.608,1,0.1610000000000582,BACKFILL_AUTO
2026-06-19 00:06:50,1781827610,R_10,4845.518,-1,0.09000000000014552,BACKFILL_AUTO
2026-06-19 00:06:52,1781827612,R_10,4845.244,-1,0.27400000000034197,BACKFILL_AUTO
2026-06-19 00:06:54,1781827614,R_10,4845.129,-1,0.11499999999978172,BACKFILL_AUTO
2026-06-19 00:06:56,1781827616,R_10,4845.314,1,0.18500000000040018,BACKFILL_AUTO
2026-06-19 00:06:58,1781827618,R_10,4845.101,-1,0.21300000000064756,BACKFILL_AUTO
2026-06-19 00:07:00,1781827620,R_10,4845.19,1,0.08899999999994179,BACKFILL_AUTO
2026-06-19 00:07:02,1781827622,R_10,4844.969,-1,0.2209999999995489,BACKFILL_AUTO
2026-06-19 00:07:04,1781827624,R_10,4844.892,-1,0.07700000000022555,BACKFILL_AUTO
2026-06-19 00:07:06,1781827626,R_10,4844.974,1,0.0820000000003347,BACKFILL_AUTO
2026-06-19 00:07:08,1781827628,R_10,4844.904,-1,0.06999999999970896,BACKFILL_AUTO
2026-06-19 00:07:10,1781827630,R_10,4844.902,-1,0.0020000000004074536,BACKFILL_AUTO
2026-06-19 00:07:12,1781827632,R_10,4845.056,1,0.15399999999954161,BACKFILL_AUTO
2026-06-19 00:07:14,1781827634,R_10,4845.026,-1,0.02999999999974534,BACKFILL_AUTO
2026-06-19 00:07:16,1781827636,R_10,4844.951,-1,0.0749999999998181,BACKFILL_AUTO
2026-06-19 00:07:18,1781827638,R_10,4844.739,-1,0.21200000000044383,BACKFILL_AUTO
2026-06-19 00:07:20,1781827640,R_10,4844.758,1,0.01900000000023283,BACKFILL_AUTO
2026-06-19 00:07:22,1781827642,R_10,4844.815,1,0.056999999999789,BACKFILL_AUTO
2026-06-19 00:07:24,1781827644,R_10,4844.706,-1,0.10899999999946886,BACKFILL_AUTO
2026-06-19 00:07:26,1781827646,R_10,4844.667,-1,0.03899999999975989,BACKFILL_AUTO
2026-06-19 00:07:28,1781827648,R_10,4844.797,1,0.12999999999919964,BACKFILL_AUTO
2026-06-19 00:07:30,1781827650,R_10,4844.736,-1,0.06099999999969441,BACKFILL_AUTO
2026-06-19 00:07:32,1781827652,R_10,4844.824,1,0.08799999999973807,BACKFILL_AUTO
2026-06-19 00:07:34,1781827654,R_10,4844.824,0,0.0,BACKFILL_AUTO
2026-06-19 00:07:36,1781827656,R_10,4844.698,-1,0.12599999999929423,BACKFILL_AUTO
2026-06-19 00:07:38,1781827658,R_10,4844.514,-1,0.18400000000019645,BACKFILL_AUTO
2026-06-19 00:07:40,1781827660,R_10,4844.611,1,0.09699999999975262,BACKFILL_AUTO
2026-06-19 00:07:42,1781827662,R_10,4844.669,1,0.057999999999992724,BACKFILL_AUTO
2026-06-19 00:07:44,1781827664,R_10,4844.641,-1,0.028000000000247383,BACKFILL_AUTO
2026-06-19 00:07:46,1781827666,R_10,4844.642,1,0.0010000000002037268,BACKFILL_AUTO
2026-06-19 00:07:48,1781827668,R_10,4844.764,1,0.12200000000029831,BACKFILL_AUTO
2026-06-19 00:07:50,1781827670,R_10,4844.508,-1,0.25600000000031287,BACKFILL_AUTO
2026-06-19 00:07:52,1781827672,R_10,4844.522,1,0.014000000000123691,BACKFILL_AUTO
2026-06-19 00:07:54,1781827674,R_10,4844.402,-1,0.11999999999989086,BACKFILL_AUTO
2026-06-19 00:07:56,1781827676,R_10,4844.311,-1,0.09100000000034925,BACKFILL_AUTO
2026-06-19 00:07:58,1781827678,R_10,4844.447,1,0.136000000000422,BACKFILL_AUTO
2026-06-19 00:08:00,1781827680,R_10,4844.471,1,0.023999999999432475,BACKFILL_AUTO
2026-06-19 00:08:02,1781827682,R_10,4844.657,1,0.1860000000006039,BACKFILL_AUTO
2026-06-19 00:08:04,1781827684,R_10,4844.529,-1,0.12799999999970169,BACKFILL_AUTO
2026-06-19 00:08:06,1781827686,R_10,4844.569,1,0.03999999999996362,BACKFILL_AUTO
2026-06-19 00:08:08,1781827688,R_10,4844.498,-1,0.07100000000082218,BACKFILL_AUTO
2026-06-19 00:08:10,1781827690,R_10,4844.332,-1,0.16599999999925785,BACKFILL_AUTO
2026-06-19 00:08:12,1781827692,R_10,4844.231,-1,0.10100000000056752,BACKFILL_AUTO
2026-06-19 00:08:14,1781827694,R_10,4844.162,-1,0.06899999999950523,BACKFILL_AUTO
2026-06-19 00:08:16,1781827696,R_10,4844.025,-1,0.13700000000062573,BACKFILL_AUTO
2026-06-19 00:08:18,1781827698,R_10,4843.699,-1,0.32600000000002183,BACKFILL_AUTO
2026-06-19 00:08:20,1781827700,R_10,4843.621,-1,0.07799999999951979,BACKFILL_AUTO
2026-06-19 00:08:22,1781827702,R_10,4843.848,1,0.22699999999986176,BACKFILL_AUTO
2026-06-19 00:08:24,1781827704,R_10,4843.725,-1,0.12299999999959255,BACKFILL_AUTO
2026-06-19 00:08:26,1781827706,R_10,4843.805,1,0.07999999999992724,BACKFILL_AUTO
2026-06-19 00:08:28,1781827708,R_10,4843.692,-1,0.11300000000028376,BACKFILL_AUTO
2026-06-19 00:08:30,1781827710,R_10,4843.666,-1,0.02599999999983993,BACKFILL_AUTO
2026-06-19 00:08:32,1781827712,R_10,4843.633,-1,0.03300000000035652,BACKFILL_AUTO
2026-06-19 00:08:34,1781827714,R_10,4843.638,1,0.005000000000109139,BACKFILL_AUTO
2026-06-19 00:08:36,1781827716,R_10,4843.884,1,0.2460000000000946,BACKFILL_AUTO
2026-06-19 00:08:38,1781827718,R_10,4843.952,1,0.068000000000211,BACKFILL_AUTO
2026-06-19 00:08:40,1781827720,R_10,4843.854,-1,0.09799999999995634,BACKFILL_AUTO
2026-06-19 00:08:42,1781827722,R_10,4843.666,-1,0.18800000000010186,BACKFILL_AUTO
2026-06-19 00:08:44,1781827724,R_10,4843.819,1,0.15300000000024738,BACKFILL_AUTO
2026-06-19 00:08:46,1781827726,R_10,4843.88,1,0.06099999999969441,BACKFILL_AUTO
2026-06-19 00:08:48,1781827728,R_10,4843.714,-1,0.16600000000016735,BACKFILL_AUTO
2026-06-19 00:08:50,1781827730,R_10,4843.755,1,0.04100000000016735,BACKFILL_AUTO
2026-06-19 00:08:52,1781827732,R_10,4843.541,-1,0.2139999999999418,BACKFILL_AUTO
2026-06-19 00:08:54,1781827734,R_10,4843.571,1,0.02999999999974534,BACKFILL_AUTO
2026-06-19 00:08:56,1781827736,R_10,4843.534,-1,0.037000000000261934,BACKFILL_AUTO
2026-06-19 00:08:58,1781827738,R_10,4843.512,-1,0.021999999999934516,BACKFILL_AUTO
2026-06-19 00:09:00,1781827740,R_10,4843.454,-1,0.057999999999992724,BACKFILL_AUTO
2026-06-19 00:09:02,1781827742,R_10,4843.563,1,0.10900000000037835,BACKFILL_AUTO
2026-06-19 00:09:04,1781827744,R_10,4843.328,-1,0.23499999999967258,BACKFILL_AUTO
2026-06-19 00:09:06,1781827746,R_10,4843.359,1,0.03099999999994907,BACKFILL_AUTO
2026-06-19 00:09:08,1781827748,R_10,4843.378,1,0.018999999999323336,BACKFILL_AUTO
2026-06-19 00:09:10,1781827750,R_10,4843.335,-1,0.042999999999665306,BACKFILL_AUTO
2026-06-19 00:09:12,1781827752,R_10,4843.324,-1,0.011000000000422006,BACKFILL_AUTO
2026-06-19 00:09:14,1781827754,R_10,4843.334,1,0.010000000000218279,BACKFILL_AUTO
2026-06-19 00:09:16,1781827756,R_10,4843.549,1,0.21500000000014552,BACKFILL_AUTO
2026-06-19 00:09:18,1781827758,R_10,4843.59,1,0.04100000000016735,BACKFILL_AUTO
2026-06-19 00:09:20,1781827760,R_10,4843.519,-1,0.07099999999991269,BACKFILL_AUTO
2026-06-19 00:09:22,1781827762,R_10,4843.6,1,0.08100000000013097,BACKFILL_AUTO
2026-06-19 00:09:24,1781827764,R_10,4843.55,-1,0.0500000000001819,BACKFILL_AUTO
2026-06-19 00:09:26,1781827766,R_10,4843.487,-1,0.06300000000010186,BACKFILL_AUTO
2026-06-19 00:09:28,1781827768,R_10,4843.526,1,0.03899999999975989,BACKFILL_AUTO
2026-06-19 00:09:30,1781827770,R_10,4843.474,-1,0.05199999999967986,BACKFILL_AUTO
2026-06-19 00:09:32,1781827772,R_10,4843.651,1,0.17699999999967986,BACKFILL_AUTO
2026-06-19 00:09:34,1781827774,R_10,4843.561,-1,0.09000000000014552,BACKFILL_AUTO
2026-06-19 00:09:36,1781827776,R_10,4843.435,-1,0.12599999999929423,BACKFILL_AUTO
2026-06-19 00:09:38,1781827778,R_10,4843.447,1,0.011999999999716238,BACKFILL_AUTO
2026-06-19 00:09:40,1781827780,R_10,4843.375,-1,0.07200000000011642,BACKFILL_AUTO
2026-06-19 00:09:42,1781827782,R_10,4843.287,-1,0.08799999999973807,BACKFILL_AUTO
2026-06-19 00:09:44,1781827784,R_10,4843.35,1,0.06300000000010186,BACKFILL_AUTO
2026-06-19 00:09:46,1781827786,R_10,4843.324,-1,0.026000000000749424,BACKFILL_AUTO
2026-06-19 00:09:48,1781827788,R_10,4843.447,1,0.12300000000050204,BACKFILL_AUTO
2026-06-19 00:09:50,1781827790,R_10,4843.365,-1,0.0820000000003347,BACKFILL_AUTO
2026-06-19 00:09:52,1781827792,R_10,4843.171,-1,0.19399999999950523,BACKFILL_AUTO
2026-06-19 00:09:54,1781827794,R_10,4843.135,-1,0.03600000000005821,BACKFILL_AUTO
2026-06-19 00:09:56,1781827796,R_10,4843.197,1,0.06199999999989814,BACKFILL_AUTO
2026-06-19 00:09:58,1781827798,R_10,4843.262,1,0.06499999999959982,BACKFILL_AUTO
2026-06-19 00:10:00,1781827800,R_10,4843.23,-1,0.032000000000152795,BACKFILL_AUTO
2026-06-19 00:10:02,1781827802,R_10,4843.369,1,0.1390000000001237,BACKFILL_AUTO
2026-06-19 00:10:04,1781827804,R_10,4843.308,-1,0.06099999999969441,BACKFILL_AUTO
2026-06-19 00:10:06,1781827806,R_10,4843.297,-1,0.011000000000422006,BACKFILL_AUTO
2026-06-19 00:10:08,1781827808,R_10,4843.266,-1,0.03099999999994907,BACKFILL_AUTO
2026-06-19 00:10:10,1781827810,R_10,4843.594,1,0.3280000000004293,BACKFILL_AUTO
2026-06-19 00:10:12,1781827812,R_10,4843.4,-1,0.19400000000041473,BACKFILL_AUTO
2026-06-19 00:10:14,1781827814,R_10,4843.394,-1,0.0059999999994033715,BACKFILL_AUTO
2026-06-19 00:10:16,1781827816,R_10,4843.511,1,0.11700000000018917,BACKFILL_AUTO
2026-06-19 00:10:18,1781827818,R_10,4843.538,1,0.02699999999913416,BACKFILL_AUTO
2026-06-19 00:10:20,1781827820,R_10,4843.565,1,0.027000000000043656,BACKFILL_AUTO
2026-06-19 00:10:22,1781827822,R_10,4843.338,-1,0.22699999999986176,BACKFILL_AUTO
2026-06-19 00:10:24,1781827824,R_10,4843.289,-1,0.04899999999997817,BACKFILL_AUTO
2026-06-19 00:10:26,1781827826,R_10,4843.371,1,0.0820000000003347,BACKFILL_AUTO
2026-06-19 00:10:28,1781827828,R_10,4843.475,1,0.10400000000026921,BACKFILL_AUTO
2026-06-19 00:10:30,1781827830,R_10,4843.516,1,0.04099999999925785,BACKFILL_AUTO
2026-06-19 00:10:32,1781827832,R_10,4843.38,-1,0.1359999999995125,BACKFILL_AUTO
2026-06-19 00:10:34,1781827834,R_10,4843.578,1,0.19800000000032014,BACKFILL_AUTO
2026-06-19 00:10:36,1781827836,R_10,4843.564,-1,0.014000000000123691,BACKFILL_AUTO
2026-06-19 00:10:38,1781827838,R_10,4843.465,-1,0.09900000000016007,BACKFILL_AUTO
2026-06-19 00:10:40,1781827840,R_10,4843.459,-1,0.006000000000312866,BACKFILL_AUTO
2026-06-19 00:10:42,1781827842,R_10,4843.465,1,0.006000000000312866,BACKFILL_AUTO
2026-06-19 00:10:44,1781827844,R_10,4843.435,-1,0.02999999999974534,BACKFILL_AUTO
2026-06-19 00:10:46,1781827846,R_10,4843.475,1,0.03999999999996362,BACKFILL_AUTO
2026-06-19 00:10:48,1781827848,R_10,4843.515,1,0.03999999999996362,BACKFILL_AUTO
2026-06-19 00:10:50,1781827850,R_10,4843.652,1,0.13699999999971624,BACKFILL_AUTO
2026-06-19 00:10:52,1781827852,R_10,4843.783,1,0.13100000000031287,BACKFILL_AUTO
2026-06-19 00:10:54,1781827854,R_10,4843.805,1,0.021999999999934516,BACKFILL_AUTO
2026-06-19 00:10:56,1781827856,R_10,4843.773,-1,0.032000000000152795,BACKFILL_AUTO
2026-06-19 00:10:58,1781827858,R_10,4843.724,-1,0.04899999999997817,BACKFILL_AUTO
2026-06-19 00:11:00,1781827860,R_10,4843.705,-1,0.01900000000023283,BACKFILL_AUTO
2026-06-19 00:11:02,1781827862,R_10,4843.696,-1,0.009000000000014552,BACKFILL_AUTO
2026-06-19 00:11:04,1781827864,R_10,4843.661,-1,0.03499999999985448,BACKFILL_AUTO
2026-06-19 00:11:06,1781827866,R_10,4843.52,-1,0.14099999999962165,BACKFILL_AUTO
2026-06-19 00:11:08,1781827868,R_10,4843.562,1,0.04199999999946158,BACKFILL_AUTO
2026-06-19 00:11:10,1781827870,R_10,4843.457,-1,0.10499999999956344,BACKFILL_AUTO
2026-06-19 00:11:12,1781827872,R_10,4843.554,1,0.09699999999975262,BACKFILL_AUTO
2026-06-19 00:11:14,1781827874,R_10,4843.512,-1,0.042000000000371074,BACKFILL_AUTO
2026-06-19 00:11:16,1781827876,R_10,4843.338,-1,0.17399999999997817,BACKFILL_AUTO
2026-06-19 00:11:18,1781827878,R_10,4843.046,-1,0.2919999999994616,BACKFILL_AUTO
2026-06-19 00:11:20,1781827880,R_10,4842.999,-1,0.04700000000048021,BACKFILL_AUTO
2026-06-19 00:11:22,1781827882,R_10,4843.026,1,0.027000000000043656,BACKFILL_AUTO
2026-06-19 00:11:24,1781827884,R_10,4843.013,-1,0.012999999999919964,BACKFILL_AUTO
2026-06-19 00:11:26,1781827886,R_10,4842.974,-1,0.03899999999975989,BACKFILL_AUTO
2026-06-19 00:11:28,1781827888,R_10,4842.929,-1,0.04500000000007276,BACKFILL_AUTO
2026-06-19 00:11:30,1781827890,R_10,4842.908,-1,0.02099999999973079,BACKFILL_AUTO
2026-06-19 00:11:32,1781827892,R_10,4842.95,1,0.04199999999946158,BACKFILL_AUTO
2026-06-19 00:11:34,1781827894,R_10,4842.799,-1,0.15099999999983993,BACKFILL_AUTO
2026-06-19 00:11:36,1781827896,R_10,4842.902,1,0.10300000000006548,BACKFILL_AUTO
2026-06-19 00:11:38,1781827898,R_10,4843.01,1,0.10800000000017462,BACKFILL_AUTO
2026-06-19 00:11:40,1781827900,R_10,4843.096,1,0.08599999999933061,BACKFILL_AUTO
2026-06-19 00:11:42,1781827902,R_10,4843.17,1,0.07400000000052387,BACKFILL_AUTO
2026-06-19 00:11:44,1781827904,R_10,4843.062,-1,0.10800000000017462,BACKFILL_AUTO
2026-06-19 00:11:46,1781827906,R_10,4843.244,1,0.181999999999789,BACKFILL_AUTO
2026-06-19 00:11:48,1781827908,R_10,4843.18,-1,0.0639999999993961,BACKFILL_AUTO
2026-06-19 00:11:50,1781827910,R_10,4843.274,1,0.09400000000005093,BACKFILL_AUTO
2026-06-19 00:11:52,1781827912,R_10,4843.056,-1,0.2180000000007567,BACKFILL_AUTO
2026-06-19 00:11:54,1781827914,R_10,4843.279,1,0.22300000000086584,BACKFILL_AUTO
2026-06-19 00:11:56,1781827916,R_10,4843.201,-1,0.07800000000042928,BACKFILL_AUTO
2026-06-19 00:11:58,1781827918,R_10,4843.047,-1,0.1540000000004511,BACKFILL_AUTO
2026-06-19 00:12:00,1781827920,R_10,4843.019,-1,0.027999999999337888,BACKFILL_AUTO
2026-06-19 00:12:02,1781827922,R_10,4842.89,-1,0.1289999999999054,BACKFILL_AUTO
2026-06-19 00:12:04,1781827924,R_10,4842.933,1,0.042999999999665306,BACKFILL_AUTO
2026-06-19 00:12:06,1781827926,R_10,4842.977,1,0.04399999999986903,BACKFILL_AUTO
2026-06-19 00:12:08,1781827928,R_10,4843.049,1,0.07200000000011642,BACKFILL_AUTO
2026-06-19 00:12:10,1781827930,R_10,4843.084,1,0.03499999999985448,BACKFILL_AUTO
2026-06-19 00:12:12,1781827932,R_10,4843.111,1,0.027000000000043656,BACKFILL_AUTO
2026-06-19 00:12:14,1781827934,R_10,4843.126,1,0.015000000000327418,BACKFILL_AUTO
2026-06-19 00:12:16,1781827936,R_10,4843.127,1,0.0010000000002037268,BACKFILL_AUTO
2026-06-19 00:12:18,1781827938,R_10,4843.094,-1,0.03300000000035652,BACKFILL_AUTO
2026-06-19 00:12:20,1781827940,R_10,4843.005,-1,0.08899999999994179,BACKFILL_AUTO
2026-06-19 00:12:22,1781827942,R_10,4842.826,-1,0.1790000000000873,BACKFILL_AUTO
2026-06-19 00:12:24,1781827944,R_10,4842.856,1,0.02999999999974534,BACKFILL_AUTO
2026-06-19 00:12:26,1781827946,R_10,4842.944,1,0.08800000000064756,BACKFILL_AUTO
2026-06-19 00:12:28,1781827948,R_10,4842.912,-1,0.032000000000152795,BACKFILL_AUTO
2026-06-19 00:12:30,1781827950,R_10,4842.854,-1,0.057999999999992724,BACKFILL_AUTO
2026-06-19 00:12:32,1781827952,R_10,4843.002,1,0.14800000000013824,BACKFILL_AUTO
2026-06-19 00:12:34,1781827954,R_10,4842.931,-1,0.07100000000082218,BACKFILL_AUTO
2026-06-19 00:12:36,1781827956,R_10,4842.934,1,0.0030000000006111804,BACKFILL_AUTO
2026-06-19 00:12:38,1781827958,R_10,4843.114,1,0.17999999999938154,BACKFILL_AUTO
2026-06-19 00:12:40,1781827960,R_10,4842.99,-1,0.12399999999979627,BACKFILL_AUTO
2026-06-19 00:12:42,1781827962,R_10,4843.092,1,0.10199999999986176,BACKFILL_AUTO
2026-06-19 00:12:44,1781827964,R_10,4843.102,1,0.010000000000218279,BACKFILL_AUTO
2026-06-19 00:12:46,1781827966,R_10,4843.357,1,0.25500000000010914,BACKFILL_AUTO
2026-06-19 00:12:48,1781827968,R_10,4843.323,-1,0.033999999999650754,BACKFILL_AUTO
2026-06-19 00:12:50,1781827970,R_10,4843.527,1,0.2039999999997235,BACKFILL_AUTO
2026-06-19 00:12:52,1781827972,R_10,4843.605,1,0.07799999999951979,BACKFILL_AUTO
2026-06-19 00:12:54,1781827974,R_10,4843.62,1,0.015000000000327418,BACKFILL_AUTO
2026-06-19 00:12:56,1781827976,R_10,4843.749,1,0.1289999999999054,BACKFILL_AUTO
2026-06-19 00:12:58,1781827978,R_10,4843.677,-1,0.07200000000011642,BACKFILL_AUTO
2026-06-19 00:13:00,1781827980,R_10,4843.649,-1,0.027999999999337888,BACKFILL_AUTO
2026-06-19 00:13:02,1781827982,R_10,4843.888,1,0.238999999999578,BACKFILL_AUTO
2026-06-19 00:13:04,1781827984,R_10,4843.947,1,0.05900000000019645,BACKFILL_AUTO
2026-06-19 00:13:06,1781827986,R_10,4844.102,1,0.15499999999974534,BACKFILL_AUTO
2026-06-19 00:13:08,1781827988,R_10,4844.133,1,0.03099999999994907,BACKFILL_AUTO
2026-06-19 00:13:10,1781827990,R_10,4844.176,1,0.0430000000005748,BACKFILL_AUTO
2026-06-19 00:13:12,1781827992,R_10,4844.301,1,0.125,BACKFILL_AUTO
2026-06-19 00:13:14,1781827994,R_10,4844.079,-1,0.2220000000006621,BACKFILL_AUTO
2026-06-19 00:13:16,1781827996,R_10,4844.008,-1,0.07099999999991269,BACKFILL_AUTO
2026-06-19 00:13:18,1781827998,R_10,4844.08,1,0.07200000000011642,BACKFILL_AUTO
2026-06-19 00:13:20,1781828000,R_10,4844.103,1,0.023000000000138243,BACKFILL_AUTO
2026-06-19 00:13:22,1781828002,R_10,4844.21,1,0.1069999999999709,BACKFILL_AUTO
2026-06-19 00:13:24,1781828004,R_10,4844.069,-1,0.14099999999962165,BACKFILL_AUTO
2026-06-19 00:13:26,1781828006,R_10,4844.224,1,0.15499999999974534,BACKFILL_AUTO
2026-06-19 00:13:28,1781828008,R_10,4844.118,-1,0.10599999999976717,BACKFILL_AUTO
2026-06-19 00:13:30,1781828010,R_10,4844.097,-1,0.021000000000640284,BACKFILL_AUTO
2026-06-19 00:13:32,1781828012,R_10,4844.072,-1,0.024999999999636202,BACKFILL_AUTO
2026-06-19 00:13:34,1781828014,R_10,4844.049,-1,0.023000000000138243,BACKFILL_AUTO
2026-06-19 00:13:36,1781828016,R_10,4844.152,1,0.10300000000006548,BACKFILL_AUTO
2026-06-19 00:13:38,1781828018,R_10,4844.25,1,0.09799999999995634,BACKFILL_AUTO
2026-06-19 00:13:40,1781828020,R_10,4844.241,-1,0.009000000000014552,BACKFILL_AUTO
2026-06-19 00:13:42,1781828022,R_10,4844.139,-1,0.10199999999986176,BACKFILL_AUTO
2026-06-19 00:13:44,1781828024,R_10,4844.212,1,0.07300000000032014,BACKFILL_AUTO
2026-06-19 00:13:46,1781828026,R_10,4844.312,1,0.0999999999994543,BACKFILL_AUTO
2026-06-19 00:13:48,1781828028,R_10,4844.436,1,0.12399999999979627,BACKFILL_AUTO
2026-06-19 00:13:50,1781828030,R_10,4844.51,1,0.07400000000052387,BACKFILL_AUTO
2026-06-19 00:13:52,1781828032,R_10,4844.488,-1,0.021999999999934516,BACKFILL_AUTO
2026-06-19 00:13:54,1781828034,R_10,4844.144,-1,0.34400000000005093,BACKFILL_AUTO
2026-06-19 00:13:56,1781828036,R_10,4844.34,1,0.1959999999999127,BACKFILL_AUTO
2026-06-19 00:13:58,1781828038,R_10,4844.138,-1,0.20200000000022555,BACKFILL_AUTO
2026-06-19 00:14:00,1781828040,R_10,4844.123,-1,0.015000000000327418,BACKFILL_AUTO
2026-06-19 00:14:02,1781828042,R_10,4844.177,1,0.05400000000008731,BACKFILL_AUTO
2026-06-19 00:14:04,1781828044,R_10,4844.137,-1,0.03999999999996362,BACKFILL_AUTO
2026-06-19 00:14:06,1781828046,R_10,4844.229,1,0.09200000000055297,BACKFILL_AUTO
2026-06-19 00:14:08,1781828048,R_10,4844.333,1,0.10399999999935972,BACKFILL_AUTO
2026-06-19 00:14:10,1781828050,R_10,4844.393,1,0.06000000000040018,BACKFILL_AUTO
2026-06-19 00:14:12,1781828052,R_10,4844.235,-1,0.15800000000035652,BACKFILL_AUTO
2026-06-19 00:14:14,1781828054,R_10,4844.323,1,0.08800000000064756,BACKFILL_AUTO
2026-06-19 00:14:16,1781828056,R_10,4843.85,-1,0.47299999999995634,BACKFILL_AUTO
2026-06-19 00:14:18,1781828058,R_10,4843.816,-1,0.03400000000056025,BACKFILL_AUTO
2026-06-19 00:14:20,1781828060,R_10,4844.005,1,0.1890000000003056,BACKFILL_AUTO
2026-06-19 00:14:22,1781828062,R_10,4844.093,1,0.08799999999973807,BACKFILL_AUTO
2026-06-19 00:14:24,1781828064,R_10,4844.053,-1,0.03999999999996362,BACKFILL_AUTO
2026-06-19 00:14:26,1781828066,R_10,4844.089,1,0.03600000000005821,BACKFILL_AUTO
2026-06-19 00:14:28,1781828068,R_10,4844.089,0,0.0,BACKFILL_AUTO
2026-06-19 00:14:30,1781828070,R_10,4843.737,-1,0.35199999999986176,BACKFILL_AUTO
2026-06-19 00:14:32,1781828072,R_10,4843.695,-1,0.042000000000371074,BACKFILL_AUTO
2026-06-19 00:14:34,1781828074,R_10,4843.645,-1,0.049999999999272404,BACKFILL_AUTO
2026-06-19 00:14:36,1781828076,R_10,4843.704,1,0.058999999999286956,BACKFILL_AUTO
2026-06-19 00:14:38,1781828078,R_10,4843.645,-1,0.058999999999286956,BACKFILL_AUTO
2026-06-19 00:14:40,1781828080,R_10,4843.397,-1,0.24800000000050204,BACKFILL_AUTO
2026-06-19 00:14:42,1781828082,R_10,4843.155,-1,0.24200000000018917,BACKFILL_AUTO
2026-06-19 00:14:44,1781828084,R_10,4843.492,1,0.33700000000044383,BACKFILL_AUTO
2026-06-19 00:14:46,1781828086,R_10,4843.718,1,0.22599999999965803,BACKFILL_AUTO
2026-06-19 00:14:48,1781828088,R_10,4843.618,-1,0.0999999999994543,BACKFILL_AUTO
2026-06-19 00:14:50,1781828090,R_10,4843.803,1,0.18499999999949068,BACKFILL_AUTO
2026-06-19 00:14:52,1781828092,R_10,4843.877,1,0.07400000000052387,BACKFILL_AUTO
2026-06-19 00:14:54,1781828094,R_10,4843.831,-1,0.046000000000276486,BACKFILL_AUTO
2026-06-19 00:14:56,1781828096,R_10,4843.947,1,0.11599999999998545,BACKFILL_AUTO
2026-06-19 00:14:58,1781828098,R_10,4844.007,1,0.05999999999949068,BACKFILL_AUTO
2026-06-19 00:15:00,1781828100,R_10,4843.771,-1,0.2359999999998763,BACKFILL_AUTO
2026-06-19 00:15:02,1781828102,R_10,4843.943,1,0.1720000000004802,BACKFILL_AUTO
2026-06-19 00:15:04,1781828104,R_10,4843.907,-1,0.03600000000005821,BACKFILL_AUTO
2026-06-19 00:15:06,1781828106,R_10,4843.849,-1,0.057999999999992724,BACKFILL_AUTO
2026-06-19 00:15:08,1781828108,R_10,4844.064,1,0.21500000000014552,BACKFILL_AUTO
2026-06-19 00:15:10,1781828110,R_10,4844.279,1,0.21500000000014552,BACKFILL_AUTO
2026-06-19 00:15:12,1781828112,R_10,4844.178,-1,0.10100000000056752,BACKFILL_AUTO
2026-06-19 00:15:14,1781828114,R_10,4844.261,1,0.08300000000053842,BACKFILL_AUTO
2026-06-19 00:15:16,1781828116,R_10,4844.208,-1,0.05300000000079308,BACKFILL_AUTO
2026-06-19 00:15:18,1781828118,R_10,4843.986,-1,0.22199999999975262,BACKFILL_AUTO
2026-06-19 00:15:20,1781828120,R_10,4844.068,1,0.0820000000003347,BACKFILL_AUTO
2026-06-19 00:15:22,1781828122,R_10,4843.999,-1,0.06900000000041473,BACKFILL_AUTO
2026-06-19 00:15:24,1781828124,R_10,4844.086,1,0.08700000000044383,BACKFILL_AUTO
2026-06-19 00:15:26,1781828126,R_10,4844.203,1,0.11700000000018917,BACKFILL_AUTO
2026-06-19 00:15:28,1781828128,R_10,4844.294,1,0.09099999999943975,BACKFILL_AUTO
2026-06-19 00:15:30,1781828130,R_10,4844.309,1,0.015000000000327418,BACKFILL_AUTO
2026-06-19 00:15:32,1781828132,R_10,4844.334,1,0.024999999999636202,BACKFILL_AUTO
2026-06-19 00:15:34,1781828134,R_10,4844.41,1,0.07600000000002183,BACKFILL_AUTO
2026-06-19 00:15:36,1781828136,R_10,4844.508,1,0.09799999999995634,BACKFILL_AUTO
2026-06-19 00:15:38,1781828138,R_10,4844.655,1,0.14699999999993452,BACKFILL_AUTO
2026-06-19 00:15:40,1781828140,R_10,4844.561,-1,0.09400000000005093,BACKFILL_AUTO
2026-06-19 00:15:42,1781828142,R_10,4844.68,1,0.11900000000059663,BACKFILL_AUTO
2026-06-19 00:15:44,1781828144,R_10,4844.637,-1,0.0430000000005748,BACKFILL_AUTO
2026-06-19 00:15:46,1781828146,R_10,4844.718,1,0.08100000000013097,BACKFILL_AUTO
2026-06-19 00:15:48,1781828148,R_10,4844.744,1,0.02599999999983993,BACKFILL_AUTO
2026-06-19 00:15:50,1781828150,R_10,4844.741,-1,0.0029999999997016857,BACKFILL_AUTO
2026-06-19 00:15:52,1781828152,R_10,4844.691,-1,0.0500000000001819,BACKFILL_AUTO
2026-06-19 00:15:54,1781828154,R_10,4844.676,-1,0.014999999999417923,BACKFILL_AUTO
2026-06-19 00:15:56,1781828156,R_10,4844.524,-1,0.15200000000004366,BACKFILL_AUTO
2026-06-19 00:15:58,1781828158,R_10,4844.361,-1,0.16300000000046566,BACKFILL_AUTO
2026-06-19 00:16:00,1781828160,R_10,4844.565,1,0.2039999999997235,BACKFILL_AUTO
2026-06-19 00:16:02,1781828162,R_10,4844.487,-1,0.07799999999951979,BACKFILL_AUTO
2026-06-19 00:16:04,1781828164,R_10,4844.44,-1,0.04700000000048021,BACKFILL_AUTO
2026-06-19 00:16:06,1781828166,R_10,4844.619,1,0.1790000000000873,BACKFILL_AUTO
2026-06-19 00:16:08,1781828168,R_10,4844.845,1,0.22600000000056752,BACKFILL_AUTO
2026-06-19 00:16:10,1781828170,R_10,4844.928,1,0.08299999999962893,BACKFILL_AUTO
2026-06-19 00:16:12,1781828172,R_10,4844.923,-1,0.005000000000109139,BACKFILL_AUTO
2026-06-19 00:16:14,1781828174,R_10,4845.073,1,0.1500000000005457,BACKFILL_AUTO
2026-06-19 00:16:16,1781828176,R_10,4845.145,1,0.07200000000011642,BACKFILL_AUTO
2026-06-19 00:16:18,1781828178,R_10,4845.057,-1,0.08800000000064756,BACKFILL_AUTO
2026-06-19 00:16:20,1781828180,R_10,4845.236,1,0.1790000000000873,BACKFILL_AUTO
2026-06-19 00:16:22,1781828182,R_10,4845.223,-1,0.012999999999919964,BACKFILL_AUTO
2026-06-19 00:16:24,1781828184,R_10,4845.251,1,0.028000000000247383,BACKFILL_AUTO
2026-06-19 00:16:26,1781828186,R_10,4845.264,1,0.012999999999919964,BACKFILL_AUTO
2026-06-19 00:16:28,1781828188,R_10,4845.285,1,0.02099999999973079,BACKFILL_AUTO
2026-06-19 00:16:30,1781828190,R_10,4845.096,-1,0.1890000000003056,BACKFILL_AUTO
2026-06-19 00:16:32,1781828192,R_10,4844.887,-1,0.20899999999983265,BACKFILL_AUTO
2026-06-19 00:16:34,1781828194,R_10,4844.853,-1,0.033999999999650754,BACKFILL_AUTO
2026-06-19 00:16:36,1781828196,R_10,4845.283,1,0.43000000000029104,BACKFILL_AUTO
2026-06-19 00:16:38,1781828198,R_10,4845.265,-1,0.018000000000029104,BACKFILL_AUTO
2026-06-19 00:16:40,1781828200,R_10,4845.338,1,0.07299999999941065,BACKFILL_AUTO
2026-06-19 00:16:42,1781828202,R_10,4845.354,1,0.016000000000531145,BACKFILL_AUTO
2026-06-19 00:16:44,1781828204,R_10,4845.438,1,0.08399999999983265,BACKFILL_AUTO
2026-06-19 00:16:46,1781828206,R_10,4845.363,-1,0.0749999999998181,BACKFILL_AUTO
2026-06-19 00:16:48,1781828208,R_10,4845.317,-1,0.046000000000276486,BACKFILL_AUTO
2026-06-19 00:16:50,1781828210,R_10,4845.292,-1,0.024999999999636202,BACKFILL_AUTO
2026-06-19 00:16:52,1781828212,R_10,4845.422,1,0.12999999999919964,BACKFILL_AUTO
2026-06-19 00:16:54,1781828214,R_10,4845.35,-1,0.07199999999920692,BACKFILL_AUTO
2026-06-19 00:16:56,1781828216,R_10,4845.228,-1,0.12200000000029831,BACKFILL_AUTO
2026-06-19 00:16:58,1781828218,R_10,4845.342,1,0.113999999999578,BACKFILL_AUTO
2026-06-19 00:17:00,1781828220,R_10,4845.132,-1,0.21000000000003638,BACKFILL_AUTO
2026-06-19 00:17:02,1781828222,R_10,4845.053,-1,0.07899999999972351,BACKFILL_AUTO
2026-06-19 00:17:04,1781828224,R_10,4845.053,0,0.0,BACKFILL_AUTO
2026-06-19 00:17:06,1781828226,R_10,4845.072,1,0.01900000000023283,BACKFILL_AUTO
2026-06-19 00:17:08,1781828228,R_10,4845.272,1,0.1999999999998181,BACKFILL_AUTO
2026-06-19 00:17:10,1781828230,R_10,4845.162,-1,0.10999999999967258,BACKFILL_AUTO
2026-06-19 00:17:12,1781828232,R_10,4845.156,-1,0.006000000000312866,BACKFILL_AUTO
2026-06-19 00:17:14,1781828234,R_10,4845.337,1,0.18100000000049477,BACKFILL_AUTO
2026-06-19 00:17:16,1781828236,R_10,4845.315,-1,0.02200000000084401,BACKFILL_AUTO
2026-06-19 00:17:18,1781828238,R_10,4845.427,1,0.11200000000008004,BACKFILL_AUTO
2026-06-19 00:17:20,1781828240,R_10,4845.379,-1,0.047999999999774445,BACKFILL_AUTO
2026-06-19 00:17:22,1781828242,R_10,4845.52,1,0.14100000000053114,BACKFILL_AUTO
2026-06-19 00:17:24,1781828244,R_10,4845.385,-1,0.13500000000021828,BACKFILL_AUTO
2026-06-19 00:17:26,1781828246,R_10,4845.521,1,0.1359999999995125,BACKFILL_AUTO
2026-06-19 00:17:28,1781828248,R_10,4845.501,-1,0.019999999999527063,BACKFILL_AUTO
2026-06-19 00:17:30,1781828250,R_10,4845.332,-1,0.16899999999986903,BACKFILL_AUTO
2026-06-19 00:17:32,1781828252,R_10,4845.379,1,0.04699999999957072,BACKFILL_AUTO
2026-06-19 00:17:34,1781828254,R_10,4845.375,-1,0.0039999999999054126,BACKFILL_AUTO
2026-06-19 00:17:36,1781828256,R_10,4845.364,-1,0.011000000000422006,BACKFILL_AUTO
2026-06-19 00:17:38,1781828258,R_10,4845.413,1,0.04899999999997817,BACKFILL_AUTO
2026-06-19 00:17:40,1781828260,R_10,4845.435,1,0.02200000000084401,BACKFILL_AUTO
2026-06-19 00:17:42,1781828262,R_10,4845.544,1,0.10899999999946886,BACKFILL_AUTO
2026-06-19 00:17:44,1781828264,R_10,4845.278,-1,0.26599999999962165,BACKFILL_AUTO
2026-06-19 00:17:46,1781828266,R_10,4845.276,-1,0.0020000000004074536,BACKFILL_AUTO
2026-06-19 00:17:48,1781828268,R_10,4845.295,1,0.01900000000023283,BACKFILL_AUTO
2026-06-19 00:17:50,1781828270,R_10,4845.354,1,0.05900000000019645,BACKFILL_AUTO
2026-06-19 00:17:52,1781828272,R_10,4845.473,1,0.11899999999968713,BACKFILL_AUTO
2026-06-19 00:17:54,1781828274,R_10,4845.659,1,0.1859999999996944,BACKFILL_AUTO
2026-06-19 00:17:56,1781828276,R_10,4845.525,-1,0.13400000000001455,BACKFILL_AUTO
2026-06-19 00:17:58,1781828278,R_10,4845.452,-1,0.07299999999941065,BACKFILL_AUTO
2026-06-19 00:18:00,1781828280,R_10,4845.526,1,0.07399999999961437,BACKFILL_AUTO
2026-06-19 00:18:02,1781828282,R_10,4845.435,-1,0.09099999999943975,BACKFILL_AUTO
2026-06-19 00:18:04,1781828284,R_10,4845.512,1,0.07699999999931606,BACKFILL_AUTO
2026-06-19 00:18:06,1781828286,R_10,4845.581,1,0.06900000000041473,BACKFILL_AUTO
2026-06-19 00:18:08,1781828288,R_10,4845.601,1,0.019999999999527063,BACKFILL_AUTO
2026-06-19 00:18:10,1781828290,R_10,4845.687,1,0.0860000000002401,BACKFILL_AUTO
2026-06-19 00:18:12,1781828292,R_10,4845.538,-1,0.14900000000034197,BACKFILL_AUTO
2026-06-19 00:18:14,1781828294,R_10,4845.587,1,0.04900000000088767,BACKFILL_AUTO
2026-06-19 00:18:16,1781828296,R_10,4845.606,1,0.018999999999323336,BACKFILL_AUTO
2026-06-19 00:18:18,1781828298,R_10,4845.655,1,0.04899999999997817,BACKFILL_AUTO
2026-06-19 00:18:20,1781828300,R_10,4845.638,-1,0.016999999999825377,BACKFILL_AUTO
2026-06-19 00:18:22,1781828302,R_10,4845.613,-1,0.024999999999636202,BACKFILL_AUTO
2026-06-19 00:18:24,1781828304,R_10,4845.822,1,0.20899999999983265,BACKFILL_AUTO
2026-06-19 00:18:26,1781828306,R_10,4845.938,1,0.11599999999998545,BACKFILL_AUTO
2026-06-19 00:18:28,1781828308,R_10,4846.093,1,0.15499999999974534,BACKFILL_AUTO
2026-06-19 00:18:30,1781828310,R_10,4846.088,-1,0.005000000000109139,BACKFILL_AUTO
2026-06-19 00:18:32,1781828312,R_10,4846.393,1,0.30500000000029104,BACKFILL_AUTO
2026-06-19 00:18:34,1781828314,R_10,4846.172,-1,0.22100000000045839,BACKFILL_AUTO
2026-06-19 00:18:36,1781828316,R_10,4846.146,-1,0.02599999999983993,BACKFILL_AUTO
2026-06-19 00:18:38,1781828318,R_10,4845.9,-1,0.2460000000000946,BACKFILL_AUTO
2026-06-19 00:18:40,1781828320,R_10,4845.752,-1,0.14799999999922875,BACKFILL_AUTO
2026-06-19 00:18:42,1781828322,R_10,4845.761,1,0.009000000000014552,BACKFILL_AUTO
2026-06-19 00:18:44,1781828324,R_10,4845.712,-1,0.04899999999997817,BACKFILL_AUTO
2026-06-19 00:18:46,1781828326,R_10,4845.846,1,0.13399999999910506,BACKFILL_AUTO
2026-06-19 00:18:48,1781828328,R_10,4845.687,-1,0.15899999999965075,BACKFILL_AUTO
2026-06-19 00:18:50,1781828330,R_10,4845.678,-1,0.009000000000014552,BACKFILL_AUTO
2026-06-19 00:18:52,1781828332,R_10,4845.542,-1,0.1359999999995125,BACKFILL_AUTO
2026-06-19 00:18:54,1781828334,R_10,4845.286,-1,0.25600000000031287,BACKFILL_AUTO
2026-06-19 00:18:56,1781828336,R_10,4845.25,-1,0.03600000000005821,BACKFILL_AUTO
2026-06-19 00:18:58,1781828338,R_10,4845.391,1,0.14099999999962165,BACKFILL_AUTO
2026-06-19 00:19:00,1781828340,R_10,4845.21,-1,0.18099999999958527,BACKFILL_AUTO
2026-06-19 00:19:02,1781828342,R_10,4845.225,1,0.015000000000327418,BACKFILL_AUTO
2026-06-19 00:19:04,1781828344,R_10,4845.241,1,0.01599999999962165,BACKFILL_AUTO
2026-06-19 00:19:06,1781828346,R_10,4845.412,1,0.1710000000002765,BACKFILL_AUTO
2026-06-19 00:19:08,1781828348,R_10,4845.486,1,0.07399999999961437,BACKFILL_AUTO
2026-06-19 00:19:10,1781828350,R_10,4845.48,-1,0.006000000000312866,BACKFILL_AUTO
2026-06-19 00:19:12,1781828352,R_10,4845.584,1,0.10400000000026921,BACKFILL_AUTO
2026-06-19 00:19:14,1781828354,R_10,4845.442,-1,0.14199999999982538,BACKFILL_AUTO
2026-06-19 00:19:16,1781828356,R_10,4845.605,1,0.16299999999955617,BACKFILL_AUTO
2026-06-19 00:19:18,1781828358,R_10,4845.572,-1,0.03299999999944703,BACKFILL_AUTO
2026-06-19 00:19:20,1781828360,R_10,4845.489,-1,0.08300000000053842,BACKFILL_AUTO
2026-06-19 00:19:22,1781828362,R_10,4845.514,1,0.025000000000545697,BACKFILL_AUTO
2026-06-19 00:19:24,1781828364,R_10,4845.675,1,0.1610000000000582,BACKFILL_AUTO
2026-06-19 00:19:26,1781828366,R_10,4845.62,-1,0.05500000000029104,BACKFILL_AUTO
2026-06-19 00:19:28,1781828368,R_10,4845.612,-1,0.007999999999810825,BACKFILL_AUTO
2026-06-19 00:19:30,1781828370,R_10,4845.689,1,0.07700000000022555,BACKFILL_AUTO
2026-06-19 00:19:32,1781828372,R_10,4845.741,1,0.05199999999967986,BACKFILL_AUTO
2026-06-19 00:19:34,1781828374,R_10,4845.697,-1,0.04399999999986903,BACKFILL_AUTO
2026-06-19 00:19:36,1781828376,R_10,4845.919,1,0.22199999999975262,BACKFILL_AUTO
2026-06-19 00:19:38,1781828378,R_10,4845.955,1,0.03600000000005821,BACKFILL_AUTO
2026-06-19 00:19:40,1781828380,R_10,4845.974,1,0.01900000000023283,BACKFILL_AUTO
2026-06-19 00:19:42,1781828382,R_10,4845.921,-1,0.052999999999883585,BACKFILL_AUTO
2026-06-19 00:19:44,1781828384,R_10,4845.896,-1,0.025000000000545697,BACKFILL_AUTO
2026-06-19 00:19:46,1781828386,R_10,4845.756,-1,0.13999999999941792,BACKFILL_AUTO
2026-06-19 00:19:48,1781828388,R_10,4845.502,-1,0.2539999999999054,BACKFILL_AUTO
2026-06-19 00:19:50,1781828390,R_10,4845.458,-1,0.04400000000077853,BACKFILL_AUTO
2026-06-19 00:19:52,1781828392,R_10,4845.398,-1,0.05999999999949068,BACKFILL_AUTO
2026-06-19 00:19:54,1781828394,R_10,4845.416,1,0.018000000000029104,BACKFILL_AUTO
2026-06-19 00:19:56,1781828396,R_10,4845.393,-1,0.023000000000138243,BACKFILL_AUTO
2026-06-19 00:19:58,1781828398,R_10,4845.35,-1,0.042999999999665306,BACKFILL_AUTO
2026-06-19 00:20:00,1781828400,R_10,4845.276,-1,0.07400000000052387,BACKFILL_AUTO
2026-06-19 00:20:02,1781828402,R_10,4844.929,-1,0.3469999999997526,BACKFILL_AUTO
2026-06-19 00:20:04,1781828404,R_10,4844.991,1,0.06199999999989814,BACKFILL_AUTO
2026-06-19 00:20:06,1781828406,R_10,4845.112,1,0.12100000000009459,BACKFILL_AUTO
2026-06-19 00:20:08,1781828408,R_10,4845.117,1,0.005000000000109139,BACKFILL_AUTO
2026-06-19 00:20:10,1781828410,R_10,4845.053,-1,0.06400000000030559,BACKFILL_AUTO
2026-06-19 00:20:12,1781828412,R_10,4845.152,1,0.09900000000016007,BACKFILL_AUTO
2026-06-19 00:20:14,1781828414,R_10,4845.075,-1,0.07700000000022555,BACKFILL_AUTO
2026-06-19 00:20:16,1781828416,R_10,4845.115,1,0.03999999999996362,BACKFILL_AUTO
2026-06-19 00:20:18,1781828418,R_10,4845.205,1,0.09000000000014552,BACKFILL_AUTO
2026-06-19 00:20:20,1781828420,R_10,4844.984,-1,0.2209999999995489,BACKFILL_AUTO
2026-06-19 00:20:22,1781828422,R_10,4844.9,-1,0.08400000000074215,BACKFILL_AUTO
2026-06-19 00:20:24,1781828424,R_10,4845.006,1,0.10600000000067666,BACKFILL_AUTO
2026-06-19 00:20:26,1781828426,R_10,4844.972,-1,0.03400000000056025,BACKFILL_AUTO
2026-06-19 00:20:28,1781828428,R_10,4845.081,1,0.10900000000037835,BACKFILL_AUTO
2026-06-19 00:20:30,1781828430,R_10,4845.038,-1,0.0430000000005748,BACKFILL_AUTO
2026-06-19 00:20:32,1781828432,R_10,4845.103,1,0.06500000000050932,BACKFILL_AUTO
2026-06-19 00:20:34,1781828434,R_10,4845.284,1,0.18099999999958527,BACKFILL_AUTO
2026-06-19 00:20:36,1781828436,R_10,4845.228,-1,0.05599999999958527,BACKFILL_AUTO
2026-06-19 00:20:38,1781828438,R_10,4845.047,-1,0.18100000000049477,BACKFILL_AUTO
2026-06-19 00:20:40,1781828440,R_10,4844.953,-1,0.09399999999914144,BACKFILL_AUTO
2026-06-19 00:20:42,1781828442,R_10,4845.097,1,0.14399999999932334,BACKFILL_AUTO
2026-06-19 00:20:44,1781828444,R_10,4845.132,1,0.03499999999985448,BACKFILL_AUTO
2026-06-19 00:20:46,1781828446,R_10,4845.021,-1,0.11099999999987631,BACKFILL_AUTO
2026-06-19 00:20:48,1781828448,R_10,4845.129,1,0.10800000000017462,BACKFILL_AUTO
2026-06-19 00:20:50,1781828450,R_10,4845.423,1,0.29399999999986903,BACKFILL_AUTO
2026-06-19 00:20:52,1781828452,R_10,4845.517,1,0.09400000000005093,BACKFILL_AUTO
2026-06-19 00:20:54,1781828454,R_10,4845.416,-1,0.10099999999965803,BACKFILL_AUTO
2026-06-19 00:20:56,1781828456,R_10,4845.316,-1,0.1000000000003638,BACKFILL_AUTO
2026-06-19 00:20:58,1781828458,R_10,4845.301,-1,0.014999999999417923,BACKFILL_AUTO
2026-06-19 00:21:00,1781828460,R_10,4845.279,-1,0.021999999999934516,BACKFILL_AUTO
2026-06-19 00:21:02,1781828462,R_10,4845.467,1,0.18799999999919237,BACKFILL_AUTO
2026-06-19 00:21:04,1781828464,R_10,4845.127,-1,0.339999999999236,BACKFILL_AUTO
2026-06-19 00:21:06,1781828466,R_10,4845.32,1,0.1929999999993015,BACKFILL_AUTO
2026-06-19 00:21:08,1781828468,R_10,4845.167,-1,0.1529999999993379,BACKFILL_AUTO
2026-06-19 00:21:10,1781828470,R_10,4845.288,1,0.12099999999918509,BACKFILL_AUTO
2026-06-19 00:21:12,1781828472,R_10,4845.271,-1,0.016999999999825377,BACKFILL_AUTO
2026-06-19 00:21:14,1781828474,R_10,4845.417,1,0.14600000000064028,BACKFILL_AUTO
2026-06-19 00:21:16,1781828476,R_10,4845.711,1,0.29399999999986903,BACKFILL_AUTO
2026-06-19 00:21:18,1781828478,R_10,4845.642,-1,0.06900000000041473,BACKFILL_AUTO
2026-06-19 00:21:20,1781828480,R_10,4845.492,-1,0.1499999999996362,BACKFILL_AUTO
2026-06-19 00:21:22,1781828482,R_10,4845.535,1,0.042999999999665306,BACKFILL_AUTO
2026-06-19 00:21:24,1781828484,R_10,4845.463,-1,0.07200000000011642,BACKFILL_AUTO
2026-06-19 00:21:26,1781828486,R_10,4845.298,-1,0.16499999999996362,BACKFILL_AUTO
2026-06-19 00:21:28,1781828488,R_10,4845.032,-1,0.26599999999962165,BACKFILL_AUTO
2026-06-19 00:21:30,1781828490,R_10,4845.015,-1,0.016999999999825377,BACKFILL_AUTO
2026-06-19 00:21:32,1781828492,R_10,4845.055,1,0.03999999999996362,BACKFILL_AUTO
2026-06-19 00:21:34,1781828494,R_10,4844.939,-1,0.11599999999998545,BACKFILL_AUTO
2026-06-19 00:21:36,1781828496,R_10,4844.967,1,0.027999999999337888,BACKFILL_AUTO
2026-06-19 00:21:38,1781828498,R_10,4844.843,-1,0.12399999999979627,BACKFILL_AUTO
2026-06-19 00:21:40,1781828500,R_10,4844.983,1,0.14000000000032742,BACKFILL_AUTO
2026-06-19 00:21:42,1781828502,R_10,4845.324,1,0.34099999999943975,BACKFILL_AUTO
2026-06-19 00:21:44,1781828504,R_10,4845.372,1,0.04800000000068394,BACKFILL_AUTO
2026-06-19 00:21:46,1781828506,R_10,4845.337,-1,0.03499999999985448,BACKFILL_AUTO
2026-06-19 00:21:48,1781828508,R_10,4845.194,-1,0.1430000000000291,BACKFILL_AUTO
2026-06-19 00:21:50,1781828510,R_10,4845.201,1,0.006999999999607098,BACKFILL_AUTO
2026-06-19 00:21:52,1781828512,R_10,4845.284,1,0.08299999999962893,BACKFILL_AUTO
2026-06-19 00:21:54,1781828514,R_10,4844.947,-1,0.33699999999953434,BACKFILL_AUTO
2026-06-19 00:21:56,1781828516,R_10,4845.006,1,0.05900000000019645,BACKFILL_AUTO
2026-06-19 00:21:58,1781828518,R_10,4845.07,1,0.0639999999993961,BACKFILL_AUTO
2026-06-19 00:22:00,1781828520,R_10,4845.161,1,0.09100000000034925,BACKFILL_AUTO
2026-06-19 00:22:02,1781828522,R_10,4845.3,1,0.1390000000001237,BACKFILL_AUTO
2026-06-19 00:22:04,1781828524,R_10,4845.28,-1,0.020000000000436557,BACKFILL_AUTO
2026-06-19 00:22:06,1781828526,R_10,4845.104,-1,0.17599999999947613,BACKFILL_AUTO
2026-06-19 00:22:08,1781828528,R_10,4845.306,1,0.20199999999931606,BACKFILL_AUTO
2026-06-19 00:22:10,1781828530,R_10,4845.368,1,0.06200000000080763,BACKFILL_AUTO
2026-06-19 00:22:12,1781828532,R_10,4845.422,1,0.05399999999917782,BACKFILL_AUTO
2026-06-19 00:22:14,1781828534,R_10,4845.544,1,0.12200000000029831,BACKFILL_AUTO
2026-06-19 00:22:16,1781828536,R_10,4845.552,1,0.007999999999810825,BACKFILL_AUTO
2026-06-19 00:22:18,1781828538,R_10,4845.654,1,0.10200000000077125,BACKFILL_AUTO
2026-06-19 00:22:20,1781828540,R_10,4845.678,1,0.023999999999432475,BACKFILL_AUTO
2026-06-19 00:22:22,1781828542,R_10,4845.711,1,0.03300000000035652,BACKFILL_AUTO
2026-06-19 00:22:24,1781828544,R_10,4845.765,1,0.05400000000008731,BACKFILL_AUTO
2026-06-19 00:22:26,1781828546,R_10,4845.831,1,0.06599999999980355,BACKFILL_AUTO
2026-06-19 00:22:28,1781828548,R_10,4845.749,-1,0.0820000000003347,BACKFILL_AUTO
2026-06-19 00:22:30,1781828550,R_10,4845.619,-1,0.13000000000010914,BACKFILL_AUTO
2026-06-19 00:22:32,1781828552,R_10,4845.679,1,0.06000000000040018,BACKFILL_AUTO
2026-06-19 00:22:34,1781828554,R_10,4845.748,1,0.06899999999950523,BACKFILL_AUTO
2026-06-19 00:22:36,1781828556,R_10,4845.927,1,0.1790000000000873,BACKFILL_AUTO
2026-06-19 00:22:38,1781828558,R_10,4846.106,1,0.1790000000000873,BACKFILL_AUTO
2026-06-19 00:22:40,1781828560,R_10,4846.104,-1,0.001999999999497959,BACKFILL_AUTO
2026-06-19 00:22:42,1781828562,R_10,4845.971,-1,0.13300000000072032,BACKFILL_AUTO
2026-06-19 00:22:44,1781828564,R_10,4845.901,-1,0.06999999999970896,BACKFILL_AUTO
2026-06-19 00:22:46,1781828566,R_10,4845.907,1,0.006000000000312866,BACKFILL_AUTO
2026-06-19 00:22:48,1781828568,R_10,4846.04,1,0.13299999999981083,BACKFILL_AUTO
2026-06-19 00:22:50,1781828570,R_10,4846.149,1,0.10900000000037835,BACKFILL_AUTO
2026-06-19 00:22:52,1781828572,R_10,4846.166,1,0.016999999999825377,BACKFILL_AUTO
2026-06-19 00:22:54,1781828574,R_10,4846.406,1,0.23999999999978172,BACKFILL_AUTO
2026-06-19 00:22:56,1781828576,R_10,4846.4,-1,0.006000000000312866,BACKFILL_AUTO
2026-06-19 00:22:58,1781828578,R_10,4846.389,-1,0.01099999999951251,BACKFILL_AUTO
2026-06-19 00:23:00,1781828580,R_10,4846.463,1,0.07399999999961437,BACKFILL_AUTO
2026-06-19 00:23:02,1781828582,R_10,4846.361,-1,0.10199999999986176,BACKFILL_AUTO
2026-06-19 00:23:04,1781828584,R_10,4846.272,-1,0.08899999999994179,BACKFILL_AUTO
2026-06-19 00:23:06,1781828586,R_10,4846.35,1,0.07800000000042928,BACKFILL_AUTO
2026-06-19 00:23:08,1781828588,R_10,4846.36,1,0.009999999999308784,BACKFILL_AUTO
2026-06-19 00:23:10,1781828590,R_10,4846.452,1,0.09200000000055297,BACKFILL_AUTO
2026-06-19 00:23:12,1781828592,R_10,4846.472,1,0.019999999999527063,BACKFILL_AUTO
2026-06-19 00:23:14,1781828594,R_10,4846.382,-1,0.09000000000014552,BACKFILL_AUTO
2026-06-19 00:23:16,1781828596,R_10,4846.342,-1,0.03999999999996362,BACKFILL_AUTO
2026-06-19 00:23:18,1781828598,R_10,4846.426,1,0.08400000000074215,BACKFILL_AUTO
2026-06-19 00:23:20,1781828600,R_10,4846.445,1,0.018999999999323336,BACKFILL_AUTO
2026-06-19 00:23:22,1781828602,R_10,4846.204,-1,0.24099999999998545,BACKFILL_AUTO
2026-06-19 00:23:24,1781828604,R_10,4846.034,-1,0.17000000000007276,BACKFILL_AUTO
2026-06-19 00:23:26,1781828606,R_10,4845.901,-1,0.13299999999981083,BACKFILL_AUTO
2026-06-19 00:23:28,1781828608,R_10,4845.673,-1,0.22800000000006548,BACKFILL_AUTO
2026-06-19 00:23:30,1781828610,R_10,4845.646,-1,0.027000000000043656,BACKFILL_AUTO
2026-06-19 00:23:32,1781828612,R_10,4845.775,1,0.1289999999999054,BACKFILL_AUTO
2026-06-19 00:23:34,1781828614,R_10,4845.691,-1,0.08399999999983265,BACKFILL_AUTO
2026-06-19 00:23:36,1781828616,R_10,4845.628,-1,0.06300000000010186,BACKFILL_AUTO
2026-06-19 00:23:38,1781828618,R_10,4845.601,-1,0.027000000000043656,BACKFILL_AUTO
2026-06-19 00:23:40,1781828620,R_10,4845.564,-1,0.03699999999935244,BACKFILL_AUTO
2026-06-19 00:23:42,1781828622,R_10,4845.535,-1,0.02900000000045111,BACKFILL_AUTO
2026-06-19 00:23:44,1781828624,R_10,4845.643,1,0.10800000000017462,BACKFILL_AUTO
2026-06-19 00:23:46,1781828626,R_10,4845.466,-1,0.17699999999967986,BACKFILL_AUTO
2026-06-19 00:23:48,1781828628,R_10,4845.574,1,0.10799999999926513,BACKFILL_AUTO
2026-06-19 00:23:50,1781828630,R_10,4845.706,1,0.1320000000005166,BACKFILL_AUTO
2026-06-19 00:23:52,1781828632,R_10,4845.61,-1,0.09600000000045839,BACKFILL_AUTO
2026-06-19 00:23:54,1781828634,R_10,4845.647,1,0.037000000000261934,BACKFILL_AUTO
2026-06-19 00:23:56,1781828636,R_10,4845.63,-1,0.016999999999825377,BACKFILL_AUTO
2026-06-19 00:23:58,1781828638,R_10,4845.687,1,0.056999999999789,BACKFILL_AUTO
2026-06-19 00:24:00,1781828640,R_10,4845.867,1,0.18000000000029104,BACKFILL_AUTO
2026-06-19 00:24:02,1781828642,R_10,4845.924,1,0.056999999999789,BACKFILL_AUTO
2026-06-19 00:24:04,1781828644,R_10,4845.812,-1,0.11200000000008004,BACKFILL_AUTO
2026-06-19 00:24:06,1781828646,R_10,4845.947,1,0.13500000000021828,BACKFILL_AUTO
2026-06-19 00:24:08,1781828648,R_10,4846.052,1,0.10499999999956344,BACKFILL_AUTO
2026-06-19 00:24:10,1781828650,R_10,4846.004,-1,0.047999999999774445,BACKFILL_AUTO
2026-06-19 00:24:12,1781828652,R_10,4846.004,0,0.0,BACKFILL_AUTO
2026-06-19 00:24:14,1781828654,R_10,4846.039,1,0.03499999999985448,BACKFILL_AUTO
2026-06-19 00:24:16,1781828656,R_10,4846.125,1,0.0860000000002401,BACKFILL_AUTO
2026-06-19 00:24:18,1781828658,R_10,4846.092,-1,0.03300000000035652,BACKFILL_AUTO
2026-06-19 00:24:20,1781828660,R_10,4845.848,-1,0.24399999999968713,BACKFILL_AUTO
2026-06-19 00:24:22,1781828662,R_10,4845.782,-1,0.06599999999980355,BACKFILL_AUTO
2026-06-19 00:24:24,1781828664,R_10,4845.815,1,0.03299999999944703,BACKFILL_AUTO
2026-06-19 00:24:26,1781828666,R_10,4845.834,1,0.01900000000023283,BACKFILL_AUTO
2026-06-19 00:24:28,1781828668,R_10,4845.789,-1,0.04500000000007276,BACKFILL_AUTO
2026-06-19 00:24:30,1781828670,R_10,4845.671,-1,0.11799999999948341,BACKFILL_AUTO
2026-06-19 00:24:32,1781828672,R_10,4845.631,-1,0.03999999999996362,BACKFILL_AUTO
2026-06-19 00:24:34,1781828674,R_10,4845.777,1,0.1459999999997308,BACKFILL_AUTO
2026-06-19 00:24:36,1781828676,R_10,4845.909,1,0.1319999999996071,BACKFILL_AUTO
2026-06-19 00:24:38,1781828678,R_10,4845.727,-1,0.181999999999789,BACKFILL_AUTO
2026-06-19 00:24:40,1781828680,R_10,4845.703,-1,0.023999999999432475,BACKFILL_AUTO
2026-06-19 00:24:42,1781828682,R_10,4845.507,-1,0.19600000000082218,BACKFILL_AUTO
2026-06-19 00:24:44,1781828684,R_10,4845.486,-1,0.02099999999973079,BACKFILL_AUTO
2026-06-19 00:24:46,1781828686,R_10,4845.512,1,0.02599999999983993,BACKFILL_AUTO
2026-06-19 00:24:48,1781828688,R_10,4845.6,1,0.08800000000064756,BACKFILL_AUTO
2026-06-19 00:24:50,1781828690,R_10,4845.483,-1,0.11700000000018917,BACKFILL_AUTO
2026-06-19 00:24:52,1781828692,R_10,4845.144,-1,0.3389999999999418,BACKFILL_AUTO
2026-06-19 00:24:54,1781828694,R_10,4845.011,-1,0.13299999999981083,BACKFILL_AUTO
2026-06-19 00:24:56,1781828696,R_10,4845.022,1,0.01099999999951251,BACKFILL_AUTO
2026-06-19 00:24:58,1781828698,R_10,4844.841,-1,0.18099999999958527,BACKFILL_AUTO
2026-06-19 00:25:00,1781828700,R_10,4844.73,-1,0.1110000000007858,BACKFILL_AUTO
2026-06-19 00:25:02,1781828702,R_10,4844.821,1,0.09100000000034925,BACKFILL_AUTO
2026-06-19 00:25:04,1781828704,R_10,4844.823,1,0.0020000000004074536,BACKFILL_AUTO
2026-06-19 00:25:06,1781828706,R_10,4844.851,1,0.027999999999337888,BACKFILL_AUTO
2026-06-19 00:25:08,1781828708,R_10,4844.905,1,0.05400000000008731,BACKFILL_AUTO
2026-06-19 00:25:10,1781828710,R_10,4844.918,1,0.012999999999919964,BACKFILL_AUTO
2026-06-19 00:25:12,1781828712,R_10,4844.829,-1,0.08899999999994179,BACKFILL_AUTO
2026-06-19 00:25:14,1781828714,R_10,4845.011,1,0.1820000000006985,BACKFILL_AUTO
2026-06-19 00:25:16,1781828716,R_10,4844.81,-1,0.20100000000002183,BACKFILL_AUTO
2026-06-19 00:25:18,1781828718,R_10,4844.738,-1,0.07200000000011642,BACKFILL_AUTO
2026-06-19 00:25:20,1781828720,R_10,4844.912,1,0.17399999999997817,BACKFILL_AUTO
2026-06-19 00:25:22,1781828722,R_10,4844.852,-1,0.06000000000040018,BACKFILL_AUTO
2026-06-19 00:25:24,1781828724,R_10,4844.857,1,0.005000000000109139,BACKFILL_AUTO
2026-06-19 00:25:26,1781828726,R_10,4844.916,1,0.05900000000019645,BACKFILL_AUTO
2026-06-19 00:25:28,1781828728,R_10,4844.82,-1,0.09600000000045839,BACKFILL_AUTO
2026-06-19 00:25:30,1781828730,R_10,4844.741,-1,0.07899999999972351,BACKFILL_AUTO
2026-06-19 00:25:32,1781828732,R_10,4844.771,1,0.02999999999974534,BACKFILL_AUTO
2026-06-19 00:25:34,1781828734,R_10,4844.792,1,0.021000000000640284,BACKFILL_AUTO
2026-06-19 00:25:36,1781828736,R_10,4844.715,-1,0.07700000000022555,BACKFILL_AUTO
2026-06-19 00:25:38,1781828738,R_10,4844.762,1,0.04699999999957072,BACKFILL_AUTO
2026-06-19 00:25:40,1781828740,R_10,4844.629,-1,0.13299999999981083,BACKFILL_AUTO
2026-06-19 00:25:42,1781828742,R_10,4844.65,1,0.02099999999973079,BACKFILL_AUTO
2026-06-19 00:25:44,1781828744,R_10,4844.761,1,0.1110000000007858,BACKFILL_AUTO
2026-06-19 00:25:46,1781828746,R_10,4844.866,1,0.10499999999956344,BACKFILL_AUTO
2026-06-19 00:25:48,1781828748,R_10,4844.899,1,0.03300000000035652,BACKFILL_AUTO
2026-06-19 00:25:50,1781828750,R_10,4844.738,-1,0.1610000000000582,BACKFILL_AUTO
2026-06-19 00:25:52,1781828752,R_10,4844.675,-1,0.06300000000010186,BACKFILL_AUTO
2026-06-19 00:25:54,1781828754,R_10,4844.82,1,0.14499999999952706,BACKFILL_AUTO
2026-06-19 00:25:56,1781828756,R_10,4844.858,1,0.03800000000046566,BACKFILL_AUTO
2026-06-19 00:25:58,1781828758,R_10,4844.855,-1,0.0030000000006111804,BACKFILL_AUTO
2026-06-19 00:26:00,1781828760,R_10,4844.847,-1,0.007999999999810825,BACKFILL_AUTO
2026-06-19 00:26:02,1781828762,R_10,4844.858,1,0.011000000000422006,BACKFILL_AUTO
2026-06-19 00:26:04,1781828764,R_10,4844.833,-1,0.025000000000545697,BACKFILL_AUTO
2026-06-19 00:26:06,1781828766,R_10,4844.996,1,0.16300000000046566,BACKFILL_AUTO
2026-06-19 00:26:08,1781828768,R_10,4844.906,-1,0.09000000000014552,BACKFILL_AUTO
2026-06-19 00:26:10,1781828770,R_10,4845.145,1,0.2390000000004875,BACKFILL_AUTO
2026-06-19 00:26:12,1781828772,R_10,4845.349,1,0.2039999999997235,BACKFILL_AUTO
2026-06-19 00:26:14,1781828774,R_10,4845.374,1,0.024999999999636202,BACKFILL_AUTO
2026-06-19 00:26:16,1781828776,R_10,4845.454,1,0.07999999999992724,BACKFILL_AUTO
2026-06-19 00:26:18,1781828778,R_10,4845.439,-1,0.014999999999417923,BACKFILL_AUTO
2026-06-19 00:26:20,1781828780,R_10,4845.461,1,0.021999999999934516,BACKFILL_AUTO
2026-06-19 00:26:22,1781828782,R_10,4845.618,1,0.1570000000001528,BACKFILL_AUTO
2026-06-19 00:26:24,1781828784,R_10,4845.692,1,0.07399999999961437,BACKFILL_AUTO
2026-06-19 00:26:26,1781828786,R_10,4845.838,1,0.1459999999997308,BACKFILL_AUTO
2026-06-19 00:26:28,1781828788,R_10,4845.892,1,0.05400000000008731,BACKFILL_AUTO
2026-06-19 00:26:30,1781828790,R_10,4845.738,-1,0.15399999999954161,BACKFILL_AUTO
2026-06-19 00:26:32,1781828792,R_10,4845.775,1,0.03699999999935244,BACKFILL_AUTO
2026-06-19 00:26:34,1781828794,R_10,4845.846,1,0.07099999999991269,BACKFILL_AUTO
2026-06-19 00:26:36,1781828796,R_10,4845.864,1,0.018000000000029104,BACKFILL_AUTO
2026-06-19 00:26:38,1781828798,R_10,4845.964,1,0.1000000000003638,BACKFILL_AUTO
2026-06-19 00:26:40,1781828800,R_10,4845.93,-1,0.033999999999650754,BACKFILL_AUTO
2026-06-19 00:26:42,1781828802,R_10,4846.057,1,0.12699999999949796,BACKFILL_AUTO
2026-06-19 00:26:44,1781828804,R_10,4845.94,-1,0.11700000000018917,BACKFILL_AUTO
2026-06-19 00:26:46,1781828806,R_10,4846.036,1,0.09600000000045839,BACKFILL_AUTO
2026-06-19 00:26:48,1781828808,R_10,4845.984,-1,0.05199999999967986,BACKFILL_AUTO
2026-06-19 00:26:50,1781828810,R_10,4845.92,-1,0.06400000000030559,BACKFILL_AUTO
2026-06-19 00:26:52,1781828812,R_10,4845.778,-1,0.14199999999982538,BACKFILL_AUTO
2026-06-19 00:26:54,1781828814,R_10,4845.621,-1,0.1570000000001528,BACKFILL_AUTO
2026-06-19 00:26:56,1781828816,R_10,4845.576,-1,0.04500000000007276,BACKFILL_AUTO
2026-06-19 00:26:58,1781828818,R_10,4845.642,1,0.06599999999980355,BACKFILL_AUTO
2026-06-19 00:27:00,1781828820,R_10,4845.523,-1,0.11899999999968713,BACKFILL_AUTO
2026-06-19 00:27:02,1781828822,R_10,4845.638,1,0.11499999999978172,BACKFILL_AUTO
2026-06-19 00:27:04,1781828824,R_10,4845.694,1,0.056000000000494765,BACKFILL_AUTO
2026-06-19 00:27:06,1781828826,R_10,4845.788,1,0.09399999999914144,BACKFILL_AUTO
2026-06-19 00:27:08,1781828828,R_10,4845.665,-1,0.12299999999959255,BACKFILL_AUTO
2026-06-19 00:27:10,1781828830,R_10,4845.666,1,0.0010000000002037268,BACKFILL_AUTO
2026-06-19 00:27:12,1781828832,R_10,4845.625,-1,0.04100000000016735,BACKFILL_AUTO
2026-06-19 00:27:14,1781828834,R_10,4845.72,1,0.09500000000025466,BACKFILL_AUTO
2026-06-19 00:27:16,1781828836,R_10,4845.683,-1,0.037000000000261934,BACKFILL_AUTO
2026-06-19 00:27:18,1781828838,R_10,4845.802,1,0.11899999999968713,BACKFILL_AUTO
2026-06-19 00:27:20,1781828840,R_10,4845.753,-1,0.04899999999997817,BACKFILL_AUTO
2026-06-19 00:27:22,1781828842,R_10,4845.925,1,0.1720000000004802,BACKFILL_AUTO
2026-06-19 00:27:24,1781828844,R_10,4845.883,-1,0.042000000000371074,BACKFILL_AUTO
2026-06-19 00:27:26,1781828846,R_10,4845.93,1,0.04700000000048021,BACKFILL_AUTO
2026-06-19 00:27:28,1781828848,R_10,4845.813,-1,0.11700000000018917,BACKFILL_AUTO
2026-06-19 00:27:30,1781828850,R_10,4845.804,-1,0.009000000000014552,BACKFILL_AUTO
2026-06-19 00:27:32,1781828852,R_10,4845.7,-1,0.10400000000026921,BACKFILL_AUTO
2026-06-19 00:27:34,1781828854,R_10,4845.516,-1,0.18400000000019645,BACKFILL_AUTO
2026-06-19 00:27:36,1781828856,R_10,4845.626,1,0.11000000000058208,BACKFILL_AUTO
2026-06-19 00:27:38,1781828858,R_10,4845.562,-1,0.06400000000030559,BACKFILL_AUTO
2026-06-19 00:27:40,1781828860,R_10,4845.439,-1,0.12299999999959255,BACKFILL_AUTO
2026-06-19 00:27:42,1781828862,R_10,4845.483,1,0.04399999999986903,BACKFILL_AUTO
2026-06-19 00:27:44,1781828864,R_10,4845.524,1,0.04100000000016735,BACKFILL_AUTO
2026-06-19 00:27:46,1781828866,R_10,4845.543,1,0.018999999999323336,BACKFILL_AUTO
2026-06-19 00:27:48,1781828868,R_10,4845.542,-1,0.0009999999992942321,BACKFILL_AUTO
2026-06-19 00:27:50,1781828870,R_10,4845.438,-1,0.10400000000026921,BACKFILL_AUTO
2026-06-19 00:27:52,1781828872,R_10,4845.561,1,0.12299999999959255,BACKFILL_AUTO
2026-06-19 00:27:54,1781828874,R_10,4845.691,1,0.13000000000010914,BACKFILL_AUTO
2026-06-19 00:27:56,1781828876,R_10,4845.658,-1,0.03299999999944703,BACKFILL_AUTO
2026-06-19 00:27:58,1781828878,R_10,4845.707,1,0.04899999999997817,BACKFILL_AUTO
2026-06-19 00:28:00,1781828880,R_10,4845.606,-1,0.10100000000056752,BACKFILL_AUTO
2026-06-19 00:28:02,1781828882,R_10,4845.582,-1,0.023999999999432475,BACKFILL_AUTO
2026-06-19 00:28:04,1781828884,R_10,4845.673,1,0.09099999999943975,BACKFILL_AUTO
2026-06-19 00:28:06,1781828886,R_10,4845.864,1,0.19099999999980355,BACKFILL_AUTO
2026-06-19 00:28:08,1781828888,R_10,4845.916,1,0.05200000000058935,BACKFILL_AUTO
2026-06-19 00:28:10,1781828890,R_10,4845.91,-1,0.006000000000312866,BACKFILL_AUTO
2026-06-19 00:28:12,1781828892,R_10,4845.806,-1,0.10400000000026921,BACKFILL_AUTO
2026-06-19 00:28:14,1781828894,R_10,4845.91,1,0.10400000000026921,BACKFILL_AUTO
2026-06-19 00:28:16,1781828896,R_10,4845.905,-1,0.005000000000109139,BACKFILL_AUTO
2026-06-19 00:28:18,1781828898,R_10,4845.846,-1,0.05900000000019645,BACKFILL_AUTO
2026-06-19 00:28:20,1781828900,R_10,4846.006,1,0.16000000000076398,BACKFILL_AUTO
2026-06-19 00:28:22,1781828902,R_10,4845.95,-1,0.056000000000494765,BACKFILL_AUTO
2026-06-19 00:28:24,1781828904,R_10,4846.115,1,0.16499999999996362,BACKFILL_AUTO
2026-06-19 00:28:26,1781828906,R_10,4846.183,1,0.068000000000211,BACKFILL_AUTO
2026-06-19 00:28:28,1781828908,R_10,4846.393,1,0.21000000000003638,BACKFILL_AUTO
2026-06-19 00:28:30,1781828910,R_10,4846.368,-1,0.024999999999636202,BACKFILL_AUTO
2026-06-19 00:28:32,1781828912,R_10,4846.531,1,0.16299999999955617,BACKFILL_AUTO
2026-06-19 00:28:34,1781828914,R_10,4846.482,-1,0.04899999999997817,BACKFILL_AUTO
2026-06-19 00:28:36,1781828916,R_10,4846.534,1,0.05199999999967986,BACKFILL_AUTO
2026-06-19 00:28:38,1781828918,R_10,4846.6,1,0.06600000000071304,BACKFILL_AUTO
2026-06-19 00:28:40,1781828920,R_10,4846.673,1,0.07299999999941065,BACKFILL_AUTO
2026-06-19 00:28:42,1781828922,R_10,4846.482,-1,0.19099999999980355,BACKFILL_AUTO
2026-06-19 00:28:44,1781828924,R_10,4846.481,-1,0.0010000000002037268,BACKFILL_AUTO
2026-06-19 00:28:46,1781828926,R_10,4846.813,1,0.3320000000003347,BACKFILL_AUTO
2026-06-19 00:28:48,1781828928,R_10,4846.894,1,0.08100000000013097,BACKFILL_AUTO
2026-06-19 00:28:50,1781828930,R_10,4846.918,1,0.023999999999432475,BACKFILL_AUTO
2026-06-19 00:28:52,1781828932,R_10,4846.921,1,0.0030000000006111804,BACKFILL_AUTO
2026-06-19 00:28:54,1781828934,R_10,4846.782,-1,0.1390000000001237,BACKFILL_AUTO
2026-06-19 00:28:56,1781828936,R_10,4846.884,1,0.10199999999986176,BACKFILL_AUTO
2026-06-19 00:28:58,1781828938,R_10,4847.13,1,0.2460000000000946,BACKFILL_AUTO
2026-06-19 00:29:00,1781828940,R_10,4847.342,1,0.21199999999953434,BACKFILL_AUTO
2026-06-19 00:29:02,1781828942,R_10,4847.439,1,0.09700000000066211,BACKFILL_AUTO
2026-06-19 00:29:04,1781828944,R_10,4847.353,-1,0.0860000000002401,BACKFILL_AUTO
2026-06-19 00:29:06,1781828946,R_10,4847.603,1,0.25,BACKFILL_AUTO
2026-06-19 00:29:08,1781828948,R_10,4847.815,1,0.21199999999953434,BACKFILL_AUTO
2026-06-19 00:29:10,1781828950,R_10,4847.997,1,0.1820000000006985,BACKFILL_AUTO
2026-06-19 00:29:12,1781828952,R_10,4847.961,-1,0.03600000000005821,BACKFILL_AUTO
2026-06-19 00:29:14,1781828954,R_10,4848.202,1,0.24099999999998545,BACKFILL_AUTO
2026-06-19 00:29:16,1781828956,R_10,4848.164,-1,0.03800000000046566,BACKFILL_AUTO
2026-06-19 00:29:18,1781828958,R_10,4848.242,1,0.07800000000042928,BACKFILL_AUTO
2026-06-19 00:29:20,1781828960,R_10,4848.387,1,0.14499999999952706,BACKFILL_AUTO
2026-06-19 00:29:22,1781828962,R_10,4848.487,1,0.1000000000003638,BACKFILL_AUTO
2026-06-19 00:29:24,1781828964,R_10,4848.529,1,0.042000000000371074,BACKFILL_AUTO
2026-06-19 00:29:26,1781828966,R_10,4848.623,1,0.09399999999914144,BACKFILL_AUTO
2026-06-19 00:29:28,1781828968,R_10,4848.493,-1,0.12999999999919964,BACKFILL_AUTO
2026-06-19 00:29:30,1781828970,R_10,4848.424,-1,0.06900000000041473,BACKFILL_AUTO
2026-06-19 00:29:32,1781828972,R_10,4848.479,1,0.05500000000029104,BACKFILL_AUTO
2026-06-19 00:29:34,1781828974,R_10,4848.478,-1,0.0010000000002037268,BACKFILL_AUTO
2026-06-19 00:29:36,1781828976,R_10,4848.503,1,0.024999999999636202,BACKFILL_AUTO
2026-06-19 00:29:38,1781828978,R_10,4848.576,1,0.07300000000032014,BACKFILL_AUTO
2026-06-19 00:29:40,1781828980,R_10,4848.362,-1,0.2139999999999418,BACKFILL_AUTO
2026-06-19 00:29:42,1781828982,R_10,4848.348,-1,0.014000000000123691,BACKFILL_AUTO
2026-06-19 00:29:44,1781828984,R_10,4848.314,-1,0.033999999999650754,BACKFILL_AUTO
2026-06-19 00:29:46,1781828986,R_10,4848.331,1,0.016999999999825377,BACKFILL_AUTO
2026-06-19 00:29:48,1781828988,R_10,4848.435,1,0.10400000000026921,BACKFILL_AUTO
2026-06-19 00:29:50,1781828990,R_10,4848.401,-1,0.03400000000056025,BACKFILL_AUTO
2026-06-19 00:29:52,1781828992,R_10,4848.597,1,0.1959999999999127,BACKFILL_AUTO
2026-06-19 00:29:54,1781828994,R_10,4848.505,-1,0.09199999999964348,BACKFILL_AUTO
2026-06-19 00:29:56,1781828996,R_10,4848.316,-1,0.1890000000003056,BACKFILL_AUTO
2026-06-19 00:29:58,1781828998,R_10,4848.405,1,0.08899999999994179,BACKFILL_AUTO
2026-06-19 00:30:00,1781829000,R_10,4848.397,-1,0.007999999999810825,BACKFILL_AUTO
2026-06-19 00:30:02,1781829002,R_10,4848.147,-1,0.25,BACKFILL_AUTO
2026-06-19 00:30:04,1781829004,R_10,4848.134,-1,0.012999999999919964,BACKFILL_AUTO
2026-06-19 00:30:06,1781829006,R_10,4848.092,-1,0.042000000000371074,BACKFILL_AUTO
2026-06-19 00:30:08,1781829008,R_10,4848.079,-1,0.012999999999919964,BACKFILL_AUTO
2026-06-19 00:30:10,1781829010,R_10,4848.152,1,0.07300000000032014,BACKFILL_AUTO
2026-06-19 00:30:12,1781829012,R_10,4848.007,-1,0.14500000000043656,BACKFILL_AUTO
2026-06-19 00:30:14,1781829014,R_10,4848.002,-1,0.004999999999199645,BACKFILL_AUTO
2026-06-19 00:30:16,1781829016,R_10,4847.892,-1,0.11000000000058208,BACKFILL_AUTO
2026-06-19 00:30:18,1781829018,R_10,4847.849,-1,0.042999999999665306,BACKFILL_AUTO
2026-06-19 00:30:20,1781829020,R_10,4847.945,1,0.09599999999954889,BACKFILL_AUTO
2026-06-19 00:30:22,1781829022,R_10,4848.189,1,0.24400000000059663,BACKFILL_AUTO
2026-06-19 00:30:24,1781829024,R_10,4848.258,1,0.06899999999950523,BACKFILL_AUTO
2026-06-19 00:30:26,1781829026,R_10,4848.224,-1,0.033999999999650754,BACKFILL_AUTO
2026-06-19 00:30:28,1781829028,R_10,4848.27,1,0.046000000000276486,BACKFILL_AUTO
2026-06-19 00:30:30,1781829030,R_10,4848.315,1,0.044999999999163265,BACKFILL_AUTO
2026-06-19 00:30:32,1781829032,R_10,4848.081,-1,0.23399999999946886,BACKFILL_AUTO
2026-06-19 00:30:34,1781829034,R_10,4848.225,1,0.14400000000023283,BACKFILL_AUTO
2026-06-19 00:30:36,1781829036,R_10,4848.132,-1,0.0930000000007567,BACKFILL_AUTO
2026-06-19 00:30:38,1781829038,R_10,4848.082,-1,0.049999999999272404,BACKFILL_AUTO
2026-06-19 00:30:40,1781829040,R_10,4848.11,1,0.027999999999337888,BACKFILL_AUTO
2026-06-19 00:30:42,1781829042,R_10,4848.073,-1,0.03699999999935244,BACKFILL_AUTO
2026-06-19 00:30:44,1781829044,R_10,4848.056,-1,0.01700000000073487,BACKFILL_AUTO
2026-06-19 00:30:46,1781829046,R_10,4848.107,1,0.051000000000385626,BACKFILL_AUTO
2026-06-19 00:30:48,1781829048,R_10,4848.024,-1,0.08299999999962893,BACKFILL_AUTO
2026-06-19 00:30:50,1781829050,R_10,4848.052,1,0.027999999999337888,BACKFILL_AUTO
2026-06-19 00:30:52,1781829052,R_10,4847.867,-1,0.18499999999949068,BACKFILL_AUTO
2026-06-19 00:30:54,1781829054,R_10,4847.921,1,0.05400000000008731,BACKFILL_AUTO
2026-06-19 00:30:56,1781829056,R_10,4847.931,1,0.009999999999308784,BACKFILL_AUTO
2026-06-19 00:30:58,1781829058,R_10,4847.938,1,0.007000000000516593,BACKFILL_AUTO
2026-06-19 00:31:00,1781829060,R_10,4847.988,1,0.0500000000001819,BACKFILL_AUTO
2026-06-19 00:31:02,1781829062,R_10,4848.046,1,0.057999999999992724,BACKFILL_AUTO
2026-06-19 00:31:04,1781829064,R_10,4848.083,1,0.03699999999935244,BACKFILL_AUTO
2026-06-19 00:31:06,1781829066,R_10,4848.144,1,0.061000000000603904,BACKFILL_AUTO
2026-06-19 00:31:08,1781829068,R_10,4848.25,1,0.10599999999976717,BACKFILL_AUTO
2026-06-19 00:31:10,1781829070,R_10,4848.431,1,0.18099999999958527,BACKFILL_AUTO
2026-06-19 00:31:12,1781829072,R_10,4848.315,-1,0.11599999999998545,BACKFILL_AUTO
2026-06-19 00:31:14,1781829074,R_10,4848.214,-1,0.10099999999965803,BACKFILL_AUTO
2026-06-19 00:31:16,1781829076,R_10,4848.307,1,0.0929999999998472,BACKFILL_AUTO
2026-06-19 00:31:18,1781829078,R_10,4848.271,-1,0.03600000000005821,BACKFILL_AUTO
2026-06-19 00:31:20,1781829080,R_10,4848.13,-1,0.14099999999962165,BACKFILL_AUTO
2026-06-19 00:31:22,1781829082,R_10,4848.012,-1,0.1180000000003929,BACKFILL_AUTO
2026-06-19 00:31:24,1781829084,R_10,4848.063,1,0.051000000000385626,BACKFILL_AUTO
2026-06-19 00:31:26,1781829086,R_10,4848.197,1,0.13400000000001455,BACKFILL_AUTO
2026-06-19 00:31:28,1781829088,R_10,4848.298,1,0.10099999999965803,BACKFILL_AUTO
2026-06-19 00:31:30,1781829090,R_10,4848.214,-1,0.08399999999983265,BACKFILL_AUTO
2026-06-19 00:31:32,1781829092,R_10,4848.318,1,0.10400000000026921,BACKFILL_AUTO
2026-06-19 00:31:34,1781829094,R_10,4848.301,-1,0.016999999999825377,BACKFILL_AUTO
2026-06-19 00:31:36,1781829096,R_10,4848.353,1,0.05199999999967986,BACKFILL_AUTO
2026-06-19 00:31:38,1781829098,R_10,4848.38,1,0.027000000000043656,BACKFILL_AUTO
2026-06-19 00:31:40,1781829100,R_10,4848.359,-1,0.02099999999973079,BACKFILL_AUTO
2026-06-19 00:31:42,1781829102,R_10,4848.694,1,0.3350000000000364,BACKFILL_AUTO
2026-06-19 00:31:44,1781829104,R_10,4848.656,-1,0.03800000000046566,BACKFILL_AUTO
2026-06-19 00:31:46,1781829106,R_10,4848.846,1,0.18999999999959982,BACKFILL_AUTO
2026-06-19 00:31:48,1781829108,R_10,4848.878,1,0.032000000000152795,BACKFILL_AUTO
2026-06-19 00:31:50,1781829110,R_10,4849.047,1,0.16899999999986903,BACKFILL_AUTO
2026-06-19 00:31:52,1781829112,R_10,4848.963,-1,0.08399999999983265,BACKFILL_AUTO
2026-06-19 00:31:54,1781829114,R_10,4849.267,1,0.3040000000000873,BACKFILL_AUTO
2026-06-19 00:31:56,1781829116,R_10,4849.052,-1,0.21500000000014552,BACKFILL_AUTO
2026-06-19 00:31:58,1781829118,R_10,4849.029,-1,0.02299999999922875,BACKFILL_AUTO
2026-06-19 00:32:00,1781829120,R_10,4849.024,-1,0.005000000000109139,BACKFILL_AUTO
2026-06-19 00:32:02,1781829122,R_10,4849.117,1,0.0929999999998472,BACKFILL_AUTO
2026-06-19 00:32:04,1781829124,R_10,4849.176,1,0.05900000000019645,BACKFILL_AUTO
2026-06-19 00:32:06,1781829126,R_10,4849.019,-1,0.1570000000001528,BACKFILL_AUTO
2026-06-19 00:32:08,1781829128,R_10,4848.994,-1,0.025000000000545697,BACKFILL_AUTO
2026-06-19 00:32:10,1781829130,R_10,4848.993,-1,0.0009999999992942321,BACKFILL_AUTO
2026-06-19 00:32:12,1781829132,R_10,4849.129,1,0.1359999999995125,BACKFILL_AUTO
2026-06-19 00:32:14,1781829134,R_10,4849.093,-1,0.03600000000005821,BACKFILL_AUTO
2026-06-19 00:32:16,1781829136,R_10,4848.951,-1,0.14199999999982538,BACKFILL_AUTO
2026-06-19 00:32:18,1781829138,R_10,4849.0,1,0.04899999999997817,BACKFILL_AUTO
2026-06-19 00:32:20,1781829140,R_10,4848.844,-1,0.15599999999994907,BACKFILL_AUTO
2026-06-19 00:32:22,1781829142,R_10,4848.935,1,0.09100000000034925,BACKFILL_AUTO
2026-06-19 00:32:24,1781829144,R_10,4848.781,-1,0.1540000000004511,BACKFILL_AUTO
2026-06-19 00:32:26,1781829146,R_10,4848.859,1,0.07800000000042928,BACKFILL_AUTO
2026-06-19 00:32:28,1781829148,R_10,4848.605,-1,0.2540000000008149,BACKFILL_AUTO
2026-06-19 00:32:30,1781829150,R_10,4848.462,-1,0.1429999999991196,BACKFILL_AUTO
2026-06-19 00:32:32,1781829152,R_10,4848.421,-1,0.04100000000016735,BACKFILL_AUTO
2026-06-19 00:32:34,1781829154,R_10,4848.391,-1,0.030000000000654836,BACKFILL_AUTO
2026-06-19 00:32:36,1781829156,R_10,4848.369,-1,0.021999999999934516,BACKFILL_AUTO
2026-06-19 00:32:38,1781829158,R_10,4848.272,-1,0.09699999999975262,BACKFILL_AUTO
2026-06-19 00:32:40,1781829160,R_10,4848.306,1,0.033999999999650754,BACKFILL_AUTO
2026-06-19 00:32:42,1781829162,R_10,4848.241,-1,0.06499999999959982,BACKFILL_AUTO
2026-06-19 00:32:44,1781829164,R_10,4848.087,-1,0.15399999999954161,BACKFILL_AUTO
2026-06-19 00:32:46,1781829166,R_10,4848.165,1,0.07799999999951979,BACKFILL_AUTO
2026-06-19 00:32:48,1781829168,R_10,4848.439,1,0.27400000000034197,BACKFILL_AUTO
2026-06-19 00:32:50,1781829170,R_10,4848.42,-1,0.01900000000023283,BACKFILL_AUTO
2026-06-19 00:32:52,1781829172,R_10,4848.472,1,0.05199999999967986,BACKFILL_AUTO
2026-06-19 00:32:54,1781829174,R_10,4848.61,1,0.13799999999991996,BACKFILL_AUTO
2026-06-19 00:32:56,1781829176,R_10,4848.433,-1,0.17699999999967986,BACKFILL_AUTO
2026-06-19 00:32:58,1781829178,R_10,4848.47,1,0.037000000000261934,BACKFILL_AUTO
2026-06-19 00:33:00,1781829180,R_10,4848.292,-1,0.17799999999988358,BACKFILL_AUTO
2026-06-19 00:33:02,1781829182,R_10,4848.287,-1,0.005000000000109139,BACKFILL_AUTO
2026-06-19 00:33:04,1781829184,R_10,4848.496,1,0.20899999999983265,BACKFILL_AUTO
2026-06-19 00:33:06,1781829186,R_10,4848.403,-1,0.0929999999998472,BACKFILL_AUTO
2026-06-19 00:33:08,1781829188,R_10,4848.381,-1,0.021999999999934516,BACKFILL_AUTO
2026-06-19 00:33:10,1781829190,R_10,4848.288,-1,0.0930000000007567,BACKFILL_AUTO
2026-06-19 00:33:12,1781829192,R_10,4848.561,1,0.27300000000013824,BACKFILL_AUTO
2026-06-19 00:33:14,1781829194,R_10,4848.346,-1,0.21500000000014552,BACKFILL_AUTO
2026-06-19 00:33:16,1781829196,R_10,4848.436,1,0.09000000000014552,BACKFILL_AUTO
2026-06-19 00:33:18,1781829198,R_10,4848.706,1,0.27000000000043656,BACKFILL_AUTO
2026-06-19 00:33:20,1781829200,R_10,4848.889,1,0.18299999999999272,BACKFILL_AUTO
2026-06-19 00:33:22,1781829202,R_10,4848.994,1,0.10499999999956344,BACKFILL_AUTO
2026-06-19 00:33:24,1781829204,R_10,4848.959,-1,0.03499999999985448,BACKFILL_AUTO
2026-06-19 00:33:26,1781829206,R_10,4849.29,1,0.33100000000013097,BACKFILL_AUTO
2026-06-19 00:33:28,1781829208,R_10,4849.13,-1,0.15999999999985448,BACKFILL_AUTO
2026-06-19 00:33:30,1781829210,R_10,4849.367,1,0.23700000000008004,BACKFILL_AUTO
2026-06-19 00:33:32,1781829212,R_10,4849.32,-1,0.04700000000048021,BACKFILL_AUTO
2026-06-19 00:33:34,1781829214,R_10,4849.321,1,0.0010000000002037268,BACKFILL_AUTO
2026-06-19 00:33:36,1781829216,R_10,4849.412,1,0.09100000000034925,BACKFILL_AUTO
2026-06-19 00:33:38,1781829218,R_10,4849.321,-1,0.09100000000034925,BACKFILL_AUTO
2026-06-19 00:33:40,1781829220,R_10,4849.432,1,0.11099999999987631,BACKFILL_AUTO
2026-06-19 00:33:42,1781829222,R_10,4849.473,1,0.04100000000016735,BACKFILL_AUTO
2026-06-19 00:33:44,1781829224,R_10,4849.484,1,0.011000000000422006,BACKFILL_AUTO
2026-06-19 00:33:46,1781829226,R_10,4849.313,-1,0.1710000000002765,BACKFILL_AUTO
2026-06-19 00:33:48,1781829228,R_10,4849.479,1,0.16600000000016735,BACKFILL_AUTO
2026-06-19 00:33:50,1781829230,R_10,4849.617,1,0.13799999999991996,BACKFILL_AUTO
2026-06-19 00:33:52,1781829232,R_10,4849.552,-1,0.06500000000050932,BACKFILL_AUTO
2026-06-19 00:33:54,1781829234,R_10,4849.338,-1,0.2139999999999418,BACKFILL_AUTO
2026-06-19 00:33:56,1781829236,R_10,4849.264,-1,0.07399999999961437,BACKFILL_AUTO
2026-06-19 00:33:58,1781829238,R_10,4849.242,-1,0.021999999999934516,BACKFILL_AUTO
2026-06-19 00:34:00,1781829240,R_10,4849.214,-1,0.028000000000247383,BACKFILL_AUTO
2026-06-19 00:34:02,1781829242,R_10,4849.296,1,0.0820000000003347,BACKFILL_AUTO
2026-06-19 00:34:04,1781829244,R_10,4849.234,-1,0.06199999999989814,BACKFILL_AUTO
2026-06-19 00:34:06,1781829246,R_10,4849.092,-1,0.14200000000073487,BACKFILL_AUTO
2026-06-19 00:34:08,1781829248,R_10,4848.969,-1,0.12299999999959255,BACKFILL_AUTO
2026-06-19 00:34:10,1781829250,R_10,4848.99,1,0.02099999999973079,BACKFILL_AUTO
2026-06-19 00:34:12,1781829252,R_10,4849.058,1,0.068000000000211,BACKFILL_AUTO
2026-06-19 00:34:14,1781829254,R_10,4849.458,1,0.3999999999996362,BACKFILL_AUTO
2026-06-19 00:34:16,1781829256,R_10,4849.381,-1,0.07699999999931606,BACKFILL_AUTO
2026-06-19 00:34:18,1781829258,R_10,4849.325,-1,0.056000000000494765,BACKFILL_AUTO
2026-06-19 00:34:20,1781829260,R_10,4849.316,-1,0.009000000000014552,BACKFILL_AUTO
2026-06-19 00:34:22,1781829262,R_10,4849.093,-1,0.22299999999995634,BACKFILL_AUTO
2026-06-19 00:34:24,1781829264,R_10,4849.07,-1,0.023000000000138243,BACKFILL_AUTO
2026-06-19 00:34:26,1781829266,R_10,4849.127,1,0.05700000000069849,BACKFILL_AUTO
2026-06-19 00:34:28,1781829268,R_10,4848.966,-1,0.1610000000000582,BACKFILL_AUTO
2026-06-19 00:34:30,1781829270,R_10,4849.0,1,0.033999999999650754,BACKFILL_AUTO
2026-06-19 00:34:32,1781829272,R_10,4849.088,1,0.08799999999973807,BACKFILL_AUTO
2026-06-19 00:34:34,1781829274,R_10,4849.304,1,0.21600000000034925,BACKFILL_AUTO
2026-06-19 00:34:36,1781829276,R_10,4849.435,1,0.13100000000031287,BACKFILL_AUTO
2026-06-19 00:34:38,1781829278,R_10,4849.499,1,0.0639999999993961,BACKFILL_AUTO
2026-06-19 00:34:40,1781829280,R_10,4849.561,1,0.06199999999989814,BACKFILL_AUTO
2026-06-19 00:34:42,1781829282,R_10,4849.643,1,0.0820000000003347,BACKFILL_AUTO
2026-06-19 00:34:44,1781829284,R_10,4849.622,-1,0.02099999999973079,BACKFILL_AUTO
2026-06-19 00:34:46,1781829286,R_10,4849.545,-1,0.07700000000022555,BACKFILL_AUTO
2026-06-19 00:34:48,1781829288,R_10,4849.689,1,0.14400000000023283,BACKFILL_AUTO
2026-06-19 00:34:50,1781829290,R_10,4849.753,1,0.0639999999993961,BACKFILL_AUTO
2026-06-19 00:34:52,1781829292,R_10,4849.624,-1,0.1289999999999054,BACKFILL_AUTO
2026-06-19 00:34:54,1781829294,R_10,4849.964,1,0.3400000000001455,BACKFILL_AUTO
2026-06-19 00:34:56,1781829296,R_10,4849.975,1,0.011000000000422006,BACKFILL_AUTO
2026-06-19 00:34:58,1781829298,R_10,4849.938,-1,0.037000000000261934,BACKFILL_AUTO
2026-06-19 00:35:00,1781829300,R_10,4849.749,-1,0.1890000000003056,BACKFILL_AUTO
2026-06-19 00:35:02,1781829302,R_10,4849.76,1,0.011000000000422006,BACKFILL_AUTO
2026-06-19 00:35:04,1781829304,R_10,4849.821,1,0.06099999999969441,BACKFILL_AUTO
2026-06-19 00:35:06,1781829306,R_10,4849.862,1,0.04100000000016735,BACKFILL_AUTO
2026-06-19 00:35:08,1781829308,R_10,4849.843,-1,0.01900000000023283,BACKFILL_AUTO
2026-06-19 00:35:10,1781829310,R_10,4849.72,-1,0.12299999999959255,BACKFILL_AUTO
2026-06-19 00:35:12,1781829312,R_10,4849.879,1,0.15899999999965075,BACKFILL_AUTO
2026-06-19 00:35:14,1781829314,R_10,4849.708,-1,0.1710000000002765,BACKFILL_AUTO
2026-06-19 00:35:16,1781829316,R_10,4849.628,-1,0.07999999999992724,BACKFILL_AUTO
2026-06-19 00:35:18,1781829318,R_10,4849.773,1,0.14500000000043656,BACKFILL_AUTO
2026-06-19 00:35:20,1781829320,R_10,4849.59,-1,0.18299999999999272,BACKFILL_AUTO
2026-06-19 00:35:22,1781829322,R_10,4849.71,1,0.11999999999989086,BACKFILL_AUTO
2026-06-19 00:35:24,1781829324,R_10,4849.788,1,0.07799999999951979,BACKFILL_AUTO
2026-06-19 00:35:26,1781829326,R_10,4849.584,-1,0.2039999999997235,BACKFILL_AUTO
2026-06-19 00:35:28,1781829328,R_10,4849.583,-1,0.0010000000002037268,BACKFILL_AUTO
2026-06-19 00:35:30,1781829330,R_10,4849.592,1,0.009000000000014552,BACKFILL_AUTO
2026-06-19 00:35:32,1781829332,R_10,4849.576,-1,0.01599999999962165,BACKFILL_AUTO
2026-06-19 00:35:34,1781829334,R_10,4849.463,-1,0.11300000000028376,BACKFILL_AUTO
2026-06-19 00:35:36,1781829336,R_10,4849.566,1,0.10300000000006548,BACKFILL_AUTO
2026-06-19 00:35:38,1781829338,R_10,4849.586,1,0.020000000000436557,BACKFILL_AUTO
2026-06-19 00:35:40,1781829340,R_10,4849.513,-1,0.07300000000032014,BACKFILL_AUTO
2026-06-19 00:35:42,1781829342,R_10,4849.576,1,0.06300000000010186,BACKFILL_AUTO
2026-06-19 00:35:44,1781829344,R_10,4849.555,-1,0.02099999999973079,BACKFILL_AUTO
2026-06-19 00:35:46,1781829346,R_10,4849.676,1,0.12100000000009459,BACKFILL_AUTO
2026-06-19 00:35:48,1781829348,R_10,4849.687,1,0.01099999999951251,BACKFILL_AUTO
2026-06-19 00:35:50,1781829350,R_10,4849.723,1,0.03600000000005821,BACKFILL_AUTO
2026-06-19 00:35:52,1781829352,R_10,4849.623,-1,0.1000000000003638,BACKFILL_AUTO
2026-06-19 00:35:54,1781829354,R_10,4849.742,1,0.11900000000059663,BACKFILL_AUTO
2026-06-19 00:35:56,1781829356,R_10,4849.885,1,0.1430000000000291,BACKFILL_AUTO
2026-06-19 00:35:58,1781829358,R_10,4849.751,-1,0.13400000000001455,BACKFILL_AUTO
2026-06-19 00:36:00,1781829360,R_10,4849.773,1,0.021999999999934516,BACKFILL_AUTO
2026-06-19 00:36:02,1781829362,R_10,4849.718,-1,0.05500000000029104,BACKFILL_AUTO
2026-06-19 00:36:04,1781829364,R_10,4849.767,1,0.04899999999997817,BACKFILL_AUTO
2026-06-19 00:36:06,1781829366,R_10,4849.606,-1,0.1610000000000582,BACKFILL_AUTO
2026-06-19 00:36:08,1781829368,R_10,4849.797,1,0.19099999999980355,BACKFILL_AUTO
2026-06-19 00:36:10,1781829370,R_10,4849.748,-1,0.04899999999997817,BACKFILL_AUTO
2026-06-19 00:36:12,1781829372,R_10,4849.792,1,0.04400000000077853,BACKFILL_AUTO
2026-06-19 00:36:14,1781829374,R_10,4849.823,1,0.03099999999994907,BACKFILL_AUTO
2026-06-19 00:36:16,1781829376,R_10,4850.021,1,0.19799999999941065,BACKFILL_AUTO
2026-06-19 00:36:18,1781829378,R_10,4850.201,1,0.18000000000029104,BACKFILL_AUTO
2026-06-19 00:36:20,1781829380,R_10,4850.189,-1,0.011999999999716238,BACKFILL_AUTO
2026-06-19 00:36:22,1781829382,R_10,4850.187,-1,0.0020000000004074536,BACKFILL_AUTO
2026-06-19 00:36:24,1781829384,R_10,4850.05,-1,0.13699999999971624,BACKFILL_AUTO
2026-06-19 00:36:26,1781829386,R_10,4850.262,1,0.21199999999953434,BACKFILL_AUTO
2026-06-19 00:36:28,1781829388,R_10,4850.116,-1,0.1459999999997308,BACKFILL_AUTO
2026-06-19 00:36:30,1781829390,R_10,4850.083,-1,0.03300000000035652,BACKFILL_AUTO
2026-06-19 00:36:32,1781829392,R_10,4849.932,-1,0.15099999999983993,BACKFILL_AUTO
2026-06-19 00:36:34,1781829394,R_10,4850.022,1,0.09000000000014552,BACKFILL_AUTO
2026-06-19 00:36:36,1781829396,R_10,4850.109,1,0.08700000000044383,BACKFILL_AUTO
2026-06-19 00:36:38,1781829398,R_10,4850.252,1,0.1430000000000291,BACKFILL_AUTO
2026-06-19 00:36:40,1781829400,R_10,4850.305,1,0.052999999999883585,BACKFILL_AUTO
2026-06-19 00:36:42,1781829402,R_10,4850.283,-1,0.021999999999934516,BACKFILL_AUTO
2026-06-19 00:36:44,1781829404,R_10,4850.131,-1,0.15200000000004366,BACKFILL_AUTO
2026-06-19 00:36:46,1781829406,R_10,4850.217,1,0.08599999999933061,BACKFILL_AUTO
2026-06-19 00:36:48,1781829408,R_10,4850.234,1,0.01700000000073487,BACKFILL_AUTO
2026-06-19 00:36:50,1781829410,R_10,4850.261,1,0.027000000000043656,BACKFILL_AUTO
2026-06-19 00:36:52,1781829412,R_10,4850.166,-1,0.09500000000025466,BACKFILL_AUTO
2026-06-19 00:36:54,1781829414,R_10,4850.38,1,0.2139999999999418,BACKFILL_AUTO
2026-06-19 00:36:56,1781829416,R_10,4850.466,1,0.0860000000002401,BACKFILL_AUTO
2026-06-19 00:36:58,1781829418,R_10,4850.421,-1,0.04500000000007276,BACKFILL_AUTO
2026-06-19 00:37:00,1781829420,R_10,4850.477,1,0.05599999999958527,BACKFILL_AUTO
2026-06-19 00:37:02,1781829422,R_10,4850.553,1,0.07600000000002183,BACKFILL_AUTO
2026-06-19 00:37:04,1781829424,R_10,4850.343,-1,0.21000000000003638,BACKFILL_AUTO
2026-06-19 00:37:06,1781829426,R_10,4850.639,1,0.2960000000002765,BACKFILL_AUTO
2026-06-19 00:37:08,1781829428,R_10,4850.9,1,0.2609999999995125,BACKFILL_AUTO
2026-06-19 00:37:10,1781829430,R_10,4850.76,-1,0.13999999999941792,BACKFILL_AUTO
2026-06-19 00:37:12,1781829432,R_10,4850.88,1,0.11999999999989086,BACKFILL_AUTO
2026-06-19 00:37:14,1781829434,R_10,4850.868,-1,0.011999999999716238,BACKFILL_AUTO
2026-06-19 00:37:16,1781829436,R_10,4850.769,-1,0.09900000000016007,BACKFILL_AUTO
2026-06-19 00:37:18,1781829438,R_10,4850.894,1,0.125,BACKFILL_AUTO
2026-06-19 00:37:20,1781829440,R_10,4850.953,1,0.05900000000019645,BACKFILL_AUTO
2026-06-19 00:37:22,1781829442,R_10,4850.847,-1,0.10600000000067666,BACKFILL_AUTO
2026-06-19 00:37:24,1781829444,R_10,4850.832,-1,0.014999999999417923,BACKFILL_AUTO
2026-06-19 00:37:26,1781829446,R_10,4850.731,-1,0.10100000000056752,BACKFILL_AUTO
2026-06-19 00:37:28,1781829448,R_10,4850.718,-1,0.012999999999919964,BACKFILL_AUTO
2026-06-19 00:37:30,1781829450,R_10,4850.777,1,0.05900000000019645,BACKFILL_AUTO
2026-06-19 00:37:32,1781829452,R_10,4850.725,-1,0.05199999999967986,BACKFILL_AUTO
2026-06-19 00:37:34,1781829454,R_10,4850.875,1,0.1499999999996362,BACKFILL_AUTO
2026-06-19 00:37:36,1781829456,R_10,4850.872,-1,0.0029999999997016857,BACKFILL_AUTO
2026-06-19 00:37:38,1781829458,R_10,4850.762,-1,0.11000000000058208,BACKFILL_AUTO
2026-06-19 00:37:40,1781829460,R_10,4850.785,1,0.023000000000138243,BACKFILL_AUTO
2026-06-19 00:37:42,1781829462,R_10,4850.679,-1,0.10599999999976717,BACKFILL_AUTO
2026-06-19 00:37:44,1781829464,R_10,4850.714,1,0.03499999999985448,BACKFILL_AUTO
2026-06-19 00:37:46,1781829466,R_10,4850.78,1,0.06599999999980355,BACKFILL_AUTO
2026-06-19 00:37:48,1781829468,R_10,4850.842,1,0.06199999999989814,BACKFILL_AUTO
2026-06-19 00:37:50,1781829470,R_10,4850.854,1,0.012000000000625732,BACKFILL_AUTO
2026-06-19 00:37:52,1781829472,R_10,4850.871,1,0.016999999999825377,BACKFILL_AUTO
2026-06-19 00:37:54,1781829474,R_10,4851.021,1,0.1499999999996362,BACKFILL_AUTO
2026-06-19 00:37:56,1781829476,R_10,4851.204,1,0.18299999999999272,BACKFILL_AUTO
2026-06-19 00:37:58,1781829478,R_10,4851.222,1,0.018000000000029104,BACKFILL_AUTO
2026-06-19 00:38:00,1781829480,R_10,4851.058,-1,0.1639999999997599,BACKFILL_AUTO
2026-06-19 00:38:02,1781829482,R_10,4851.009,-1,0.04899999999997817,BACKFILL_AUTO
2026-06-19 00:38:04,1781829484,R_10,4851.022,1,0.012999999999919964,BACKFILL_AUTO
2026-06-19 00:38:06,1781829486,R_10,4850.826,-1,0.1959999999999127,BACKFILL_AUTO
2026-06-19 00:38:08,1781829488,R_10,4850.915,1,0.08899999999994179,BACKFILL_AUTO
2026-06-19 00:38:10,1781829490,R_10,4850.766,-1,0.14900000000034197,BACKFILL_AUTO
2026-06-19 00:38:12,1781829492,R_10,4850.719,-1,0.04699999999957072,BACKFILL_AUTO
2026-06-19 00:38:14,1781829494,R_10,4850.532,-1,0.18699999999989814,BACKFILL_AUTO
2026-06-19 00:38:16,1781829496,R_10,4850.478,-1,0.05400000000008731,BACKFILL_AUTO
2026-06-19 00:38:18,1781829498,R_10,4850.7,1,0.22199999999975262,BACKFILL_AUTO
2026-06-19 00:38:20,1781829500,R_10,4850.645,-1,0.054999999999381544,BACKFILL_AUTO
2026-06-19 00:38:22,1781829502,R_10,4850.723,1,0.07799999999951979,BACKFILL_AUTO
2026-06-19 00:38:24,1781829504,R_10,4850.722,-1,0.0010000000002037268,BACKFILL_AUTO
2026-06-19 00:38:26,1781829506,R_10,4850.741,1,0.01900000000023283,BACKFILL_AUTO
2026-06-19 00:38:28,1781829508,R_10,4850.518,-1,0.22299999999995634,BACKFILL_AUTO
2026-06-19 00:38:30,1781829510,R_10,4850.493,-1,0.024999999999636202,BACKFILL_AUTO
2026-06-19 00:38:32,1781829512,R_10,4850.53,1,0.03699999999935244,BACKFILL_AUTO
2026-06-19 00:38:34,1781829514,R_10,4850.729,1,0.19900000000052387,BACKFILL_AUTO
2026-06-19 00:38:36,1781829516,R_10,4850.891,1,0.16199999999935244,BACKFILL_AUTO
2026-06-19 00:38:38,1781829518,R_10,4850.874,-1,0.016999999999825377,BACKFILL_AUTO
2026-06-19 00:38:40,1781829520,R_10,4850.762,-1,0.11200000000008004,BACKFILL_AUTO
2026-06-19 00:38:42,1781829522,R_10,4850.92,1,0.15800000000035652,BACKFILL_AUTO
2026-06-19 00:38:44,1781829524,R_10,4850.738,-1,0.181999999999789,BACKFILL_AUTO
2026-06-19 00:38:46,1781829526,R_10,4850.828,1,0.09000000000014552,BACKFILL_AUTO
2026-06-19 00:38:48,1781829528,R_10,4850.687,-1,0.14100000000053114,BACKFILL_AUTO
2026-06-19 00:38:50,1781829530,R_10,4850.547,-1,0.14000000000032742,BACKFILL_AUTO
2026-06-19 00:38:52,1781829532,R_10,4850.475,-1,0.07199999999920692,BACKFILL_AUTO
2026-06-19 00:38:54,1781829534,R_10,4850.711,1,0.2359999999998763,BACKFILL_AUTO
2026-06-19 00:38:56,1781829536,R_10,4850.778,1,0.06700000000000728,BACKFILL_AUTO
2026-06-19 00:38:58,1781829538,R_10,4850.714,-1,0.06400000000030559,BACKFILL_AUTO
2026-06-19 00:39:00,1781829540,R_10,4850.8,1,0.0860000000002401,BACKFILL_AUTO
2026-06-19 00:39:02,1781829542,R_10,4850.813,1,0.012999999999919964,BACKFILL_AUTO
2026-06-19 00:39:04,1781829544,R_10,4850.743,-1,0.06999999999970896,BACKFILL_AUTO
2026-06-19 00:39:06,1781829546,R_10,4850.692,-1,0.051000000000385626,BACKFILL_AUTO
2026-06-19 00:39:08,1781829548,R_10,4850.547,-1,0.14500000000043656,BACKFILL_AUTO
2026-06-19 00:39:10,1781829550,R_10,4850.497,-1,0.049999999999272404,BACKFILL_AUTO
2026-06-19 00:39:12,1781829552,R_10,4850.572,1,0.0749999999998181,BACKFILL_AUTO
2026-06-19 00:39:14,1781829554,R_10,4850.603,1,0.03099999999994907,BACKFILL_AUTO
2026-06-19 00:39:16,1781829556,R_10,4850.523,-1,0.07999999999992724,BACKFILL_AUTO
2026-06-19 00:39:18,1781829558,R_10,4850.269,-1,0.2539999999999054,BACKFILL_AUTO
2026-06-19 00:39:20,1781829560,R_10,4850.308,1,0.03899999999975989,BACKFILL_AUTO
2026-06-19 00:39:22,1781829562,R_10,4850.299,-1,0.009000000000014552,BACKFILL_AUTO
2026-06-19 00:39:24,1781829564,R_10,4850.189,-1,0.10999999999967258,BACKFILL_AUTO
2026-06-19 00:39:26,1781829566,R_10,4850.151,-1,0.03800000000046566,BACKFILL_AUTO
2026-06-19 00:39:28,1781829568,R_10,4850.241,1,0.09000000000014552,BACKFILL_AUTO
2026-06-19 00:39:30,1781829570,R_10,4850.265,1,0.02400000000034197,BACKFILL_AUTO
2026-06-19 00:39:32,1781829572,R_10,4850.316,1,0.05099999999947613,BACKFILL_AUTO
2026-06-19 00:39:34,1781829574,R_10,4850.061,-1,0.25500000000010914,BACKFILL_AUTO
2026-06-19 00:39:36,1781829576,R_10,4850.172,1,0.11099999999987631,BACKFILL_AUTO
2026-06-19 00:39:38,1781829578,R_10,4850.162,-1,0.009999999999308784,BACKFILL_AUTO
2026-06-19 00:39:40,1781829580,R_10,4850.269,1,0.1069999999999709,BACKFILL_AUTO
2026-06-19 00:39:42,1781829582,R_10,4850.524,1,0.25500000000010914,BACKFILL_AUTO
2026-06-19 00:39:44,1781829584,R_10,4850.591,1,0.06700000000000728,BACKFILL_AUTO
2026-06-19 00:39:46,1781829586,R_10,4850.476,-1,0.11500000000069122,BACKFILL_AUTO
2026-06-19 00:39:48,1781829588,R_10,4850.749,1,0.27300000000013824,BACKFILL_AUTO
2026-06-19 00:39:50,1781829590,R_10,4850.831,1,0.0820000000003347,BACKFILL_AUTO
2026-06-19 00:39:52,1781829592,R_10,4850.919,1,0.08799999999973807,BACKFILL_AUTO
2026-06-19 00:39:54,1781829594,R_10,4850.547,-1,0.3720000000002983,BACKFILL_AUTO
2026-06-19 00:39:56,1781829596,R_10,4850.347,-1,0.1999999999998181,BACKFILL_AUTO
2026-06-19 00:39:58,1781829598,R_10,4850.299,-1,0.047999999999774445,BACKFILL_AUTO
2026-06-19 00:40:00,1781829600,R_10,4850.47,1,0.1710000000002765,BACKFILL_AUTO
2026-06-19 00:40:02,1781829602,R_10,4850.36,-1,0.11000000000058208,BACKFILL_AUTO
2026-06-19 00:40:04,1781829604,R_10,4850.326,-1,0.033999999999650754,BACKFILL_AUTO
2026-06-19 00:40:06,1781829606,R_10,4850.314,-1,0.011999999999716238,BACKFILL_AUTO
2026-06-19 00:40:08,1781829608,R_10,4850.487,1,0.17299999999977445,BACKFILL_AUTO
2026-06-19 00:40:10,1781829610,R_10,4850.423,-1,0.06400000000030559,BACKFILL_AUTO
2026-06-19 00:40:12,1781829612,R_10,4850.528,1,0.10500000000047294,BACKFILL_AUTO
2026-06-19 00:40:14,1781829614,R_10,4850.655,1,0.12699999999949796,BACKFILL_AUTO
2026-06-19 00:40:16,1781829616,R_10,4850.566,-1,0.08899999999994179,BACKFILL_AUTO
2026-06-19 00:40:18,1781829618,R_10,4850.559,-1,0.006999999999607098,BACKFILL_AUTO
2026-06-19 00:40:20,1781829620,R_10,4850.538,-1,0.021000000000640284,BACKFILL_AUTO
2026-06-19 00:40:22,1781829622,R_10,4850.511,-1,0.02699999999913416,BACKFILL_AUTO
2026-06-19 00:40:24,1781829624,R_10,4850.487,-1,0.02400000000034197,BACKFILL_AUTO
2026-06-19 00:40:26,1781829626,R_10,4850.494,1,0.006999999999607098,BACKFILL_AUTO
2026-06-19 00:40:28,1781829628,R_10,4850.52,1,0.026000000000749424,BACKFILL_AUTO
2026-06-19 00:40:30,1781829630,R_10,4850.414,-1,0.10600000000067666,BACKFILL_AUTO
2026-06-19 00:40:32,1781829632,R_10,4850.424,1,0.010000000000218279,BACKFILL_AUTO
2026-06-19 00:40:34,1781829634,R_10,4850.519,1,0.09500000000025466,BACKFILL_AUTO
2026-06-19 00:40:36,1781829636,R_10,4850.549,1,0.02999999999974534,BACKFILL_AUTO
2026-06-19 00:40:38,1781829638,R_10,4850.47,-1,0.07899999999972351,BACKFILL_AUTO
2026-06-19 00:40:40,1781829640,R_10,4850.225,-1,0.24499999999989086,BACKFILL_AUTO
2026-06-19 00:40:42,1781829642,R_10,4850.237,1,0.011999999999716238,BACKFILL_AUTO
2026-06-19 00:40:44,1781829644,R_10,4850.42,1,0.18299999999999272,BACKFILL_AUTO
2026-06-19 00:40:46,1781829646,R_10,4850.349,-1,0.07099999999991269,BACKFILL_AUTO
2026-06-19 00:40:48,1781829648,R_10,4850.308,-1,0.04100000000016735,BACKFILL_AUTO
2026-06-19 00:40:50,1781829650,R_10,4850.17,-1,0.13799999999991996,BACKFILL_AUTO
2026-06-19 00:40:52,1781829652,R_10,4849.977,-1,0.193000000000211,BACKFILL_AUTO
2026-06-19 00:40:54,1781829654,R_10,4849.69,-1,0.28700000000026193,BACKFILL_AUTO
2026-06-19 00:40:56,1781829656,R_10,4849.532,-1,0.15799999999944703,BACKFILL_AUTO
2026-06-19 00:40:58,1781829658,R_10,4849.472,-1,0.06000000000040018,BACKFILL_AUTO
2026-06-19 00:41:00,1781829660,R_10,4849.503,1,0.03099999999994907,BACKFILL_AUTO
2026-06-19 00:41:02,1781829662,R_10,4849.43,-1,0.07299999999941065,BACKFILL_AUTO
2026-06-19 00:41:04,1781829664,R_10,4849.458,1,0.027999999999337888,BACKFILL_AUTO
2026-06-19 00:41:06,1781829666,R_10,4849.439,-1,0.018999999999323336,BACKFILL_AUTO
2026-06-19 00:41:08,1781829668,R_10,4849.268,-1,0.1710000000002765,BACKFILL_AUTO
2026-06-19 00:41:10,1781829670,R_10,4849.244,-1,0.02400000000034197,BACKFILL_AUTO
2026-06-19 00:41:12,1781829672,R_10,4849.304,1,0.06000000000040018,BACKFILL_AUTO
2026-06-19 00:41:14,1781829674,R_10,4849.491,1,0.18699999999989814,BACKFILL_AUTO
2026-06-19 00:41:16,1781829676,R_10,4849.475,-1,0.01599999999962165,BACKFILL_AUTO
2026-06-19 00:41:18,1781829678,R_10,4849.555,1,0.07999999999992724,BACKFILL_AUTO
2026-06-19 00:41:20,1781829680,R_10,4849.516,-1,0.03900000000066939,BACKFILL_AUTO
2026-06-19 00:41:22,1781829682,R_10,4849.738,1,0.2220000000006621,BACKFILL_AUTO
2026-06-19 00:41:24,1781829684,R_10,4849.88,1,0.14199999999982538,BACKFILL_AUTO
2026-06-19 00:41:26,1781829686,R_10,4849.824,-1,0.056000000000494765,BACKFILL_AUTO
2026-06-19 00:41:28,1781829688,R_10,4849.929,1,0.10500000000047294,BACKFILL_AUTO
2026-06-19 00:41:30,1781829690,R_10,4849.821,-1,0.10800000000017462,BACKFILL_AUTO
2026-06-19 00:41:32,1781829692,R_10,4849.904,1,0.08300000000053842,BACKFILL_AUTO
2026-06-19 00:41:34,1781829694,R_10,4849.767,-1,0.13700000000062573,BACKFILL_AUTO
2026-06-19 00:41:36,1781829696,R_10,4849.922,1,0.15499999999974534,BACKFILL_AUTO
2026-06-19 00:41:38,1781829698,R_10,4849.905,-1,0.016999999999825377,BACKFILL_AUTO
2026-06-19 00:41:40,1781829700,R_10,4849.797,-1,0.10800000000017462,BACKFILL_AUTO
2026-06-19 00:41:42,1781829702,R_10,4850.027,1,0.23000000000047294,BACKFILL_AUTO
2026-06-19 00:41:44,1781829704,R_10,4850.082,1,0.05500000000029104,BACKFILL_AUTO
2026-06-19 00:41:46,1781829706,R_10,4850.244,1,0.16199999999935244,BACKFILL_AUTO
2026-06-19 00:41:48,1781829708,R_10,4850.25,1,0.006000000000312866,BACKFILL_AUTO
2026-06-19 00:41:50,1781829710,R_10,4850.257,1,0.006999999999607098,BACKFILL_AUTO
2026-06-19 00:41:52,1781829712,R_10,4850.342,1,0.08500000000003638,BACKFILL_AUTO
2026-06-19 00:41:54,1781829714,R_10,4850.386,1,0.04400000000077853,BACKFILL_AUTO
2026-06-19 00:41:56,1781829716,R_10,4850.299,-1,0.08700000000044383,BACKFILL_AUTO
2026-06-19 00:41:58,1781829718,R_10,4850.284,-1,0.015000000000327418,BACKFILL_AUTO
2026-06-19 00:42:00,1781829720,R_10,4850.349,1,0.06500000000050932,BACKFILL_AUTO
2026-06-19 00:42:02,1781829722,R_10,4850.098,-1,0.2510000000002037,BACKFILL_AUTO
2026-06-19 00:42:04,1781829724,R_10,4850.119,1,0.02099999999973079,BACKFILL_AUTO
2026-06-19 00:42:06,1781829726,R_10,4850.23,1,0.11099999999987631,BACKFILL_AUTO
2026-06-19 00:42:08,1781829728,R_10,4850.217,-1,0.012999999999919964,BACKFILL_AUTO
2026-06-19 00:42:10,1781829730,R_10,4850.184,-1,0.03299999999944703,BACKFILL_AUTO
2026-06-19 00:42:12,1781829732,R_10,4850.14,-1,0.04399999999986903,BACKFILL_AUTO
2026-06-19 00:42:14,1781829734,R_10,4850.086,-1,0.05400000000008731,BACKFILL_AUTO
2026-06-19 00:42:16,1781829736,R_10,4850.251,1,0.16499999999996362,BACKFILL_AUTO
2026-06-19 00:42:18,1781829738,R_10,4850.074,-1,0.17700000000058935,BACKFILL_AUTO
2026-06-19 00:42:20,1781829740,R_10,4850.172,1,0.09799999999995634,BACKFILL_AUTO
2026-06-19 00:42:22,1781829742,R_10,4850.06,-1,0.11199999999917054,BACKFILL_AUTO
2026-06-19 00:42:24,1781829744,R_10,4849.983,-1,0.07700000000022555,BACKFILL_AUTO
2026-06-19 00:42:26,1781829746,R_10,4850.067,1,0.08399999999983265,BACKFILL_AUTO
2026-06-19 00:42:28,1781829748,R_10,4849.889,-1,0.17799999999988358,BACKFILL_AUTO
2026-06-19 00:42:30,1781829750,R_10,4850.003,1,0.113999999999578,BACKFILL_AUTO
2026-06-19 00:42:32,1781829752,R_10,4850.12,1,0.11700000000018917,BACKFILL_AUTO
2026-06-19 00:42:34,1781829754,R_10,4850.046,-1,0.07399999999961437,BACKFILL_AUTO
2026-06-19 00:42:36,1781829756,R_10,4849.861,-1,0.18500000000040018,BACKFILL_AUTO
2026-06-19 00:42:38,1781829758,R_10,4849.953,1,0.09200000000055297,BACKFILL_AUTO
2026-06-19 00:42:40,1781829760,R_10,4850.195,1,0.24199999999927968,BACKFILL_AUTO
2026-06-19 00:42:42,1781829762,R_10,4850.442,1,0.24700000000029831,BACKFILL_AUTO
2026-06-19 00:42:44,1781829764,R_10,4850.359,-1,0.08299999999962893,BACKFILL_AUTO
2026-06-19 00:42:46,1781829766,R_10,4850.358,-1,0.0010000000002037268,BACKFILL_AUTO
2026-06-19 00:42:48,1781829768,R_10,4850.338,-1,0.020000000000436557,BACKFILL_AUTO
2026-06-19 00:42:50,1781829770,R_10,4850.369,1,0.03099999999994907,BACKFILL_AUTO
2026-06-19 00:42:52,1781829772,R_10,4850.212,-1,0.1569999999992433,BACKFILL_AUTO
2026-06-19 00:42:54,1781829774,R_10,4850.358,1,0.1459999999997308,BACKFILL_AUTO
2026-06-19 00:42:56,1781829776,R_10,4850.504,1,0.1459999999997308,BACKFILL_AUTO
2026-06-19 00:42:58,1781829778,R_10,4850.526,1,0.021999999999934516,BACKFILL_AUTO
2026-06-19 00:43:00,1781829780,R_10,4850.579,1,0.052999999999883585,BACKFILL_AUTO
2026-06-19 00:43:02,1781829782,R_10,4850.524,-1,0.054999999999381544,BACKFILL_AUTO
2026-06-19 00:43:04,1781829784,R_10,4850.443,-1,0.08100000000013097,BACKFILL_AUTO
2026-06-19 00:43:06,1781829786,R_10,4850.46,1,0.016999999999825377,BACKFILL_AUTO
2026-06-19 00:43:08,1781829788,R_10,4850.478,1,0.018000000000029104,BACKFILL_AUTO
2026-06-19 00:43:10,1781829790,R_10,4850.424,-1,0.05400000000008731,BACKFILL_AUTO
2026-06-19 00:43:12,1781829792,R_10,4850.42,-1,0.0039999999999054126,BACKFILL_AUTO
2026-06-19 00:43:14,1781829794,R_10,4850.35,-1,0.06999999999970896,BACKFILL_AUTO
2026-06-19 00:43:16,1781829796,R_10,4850.159,-1,0.19100000000071304,BACKFILL_AUTO
2026-06-19 00:43:18,1781829798,R_10,4849.92,-1,0.238999999999578,BACKFILL_AUTO
2026-06-19 00:43:20,1781829800,R_10,4849.819,-1,0.10099999999965803,BACKFILL_AUTO
2026-06-19 00:43:22,1781829802,R_10,4849.858,1,0.03899999999975989,BACKFILL_AUTO
2026-06-19 00:43:24,1781829804,R_10,4849.776,-1,0.0820000000003347,BACKFILL_AUTO
2026-06-19 00:43:26,1781829806,R_10,4849.561,-1,0.21500000000014552,BACKFILL_AUTO
2026-06-19 00:43:28,1781829808,R_10,4849.628,1,0.06700000000000728,BACKFILL_AUTO
2026-06-19 00:43:30,1781829810,R_10,4849.549,-1,0.07899999999972351,BACKFILL_AUTO
2026-06-19 00:43:32,1781829812,R_10,4849.655,1,0.10599999999976717,BACKFILL_AUTO
2026-06-19 00:43:34,1781829814,R_10,4849.497,-1,0.15799999999944703,BACKFILL_AUTO
2026-06-19 00:43:36,1781829816,R_10,4849.376,-1,0.12100000000009459,BACKFILL_AUTO
2026-06-19 00:43:38,1781829818,R_10,4849.274,-1,0.10199999999986176,BACKFILL_AUTO
2026-06-19 00:43:40,1781829820,R_10,4849.289,1,0.014999999999417923,BACKFILL_AUTO
2026-06-19 00:43:42,1781829822,R_10,4849.377,1,0.08800000000064756,BACKFILL_AUTO
2026-06-19 00:43:44,1781829824,R_10,4849.217,-1,0.16000000000076398,BACKFILL_AUTO
2026-06-19 00:43:46,1781829826,R_10,4849.299,1,0.0820000000003347,BACKFILL_AUTO
2026-06-19 00:43:48,1781829828,R_10,4849.214,-1,0.08500000000003638,BACKFILL_AUTO
2026-06-19 00:43:50,1781829830,R_10,4849.123,-1,0.09100000000034925,BACKFILL_AUTO
2026-06-19 00:43:52,1781829832,R_10,4849.109,-1,0.013999999999214197,BACKFILL_AUTO
2026-06-19 00:43:54,1781829834,R_10,4849.328,1,0.21900000000005093,BACKFILL_AUTO
2026-06-19 00:43:56,1781829836,R_10,4849.532,1,0.2039999999997235,BACKFILL_AUTO
2026-06-19 00:43:58,1781829838,R_10,4849.617,1,0.08500000000003638,BACKFILL_AUTO
2026-06-19 00:44:00,1781829840,R_10,4849.44,-1,0.17700000000058935,BACKFILL_AUTO
2026-06-19 00:44:02,1781829842,R_10,4849.41,-1,0.02999999999974534,BACKFILL_AUTO
2026-06-19 00:44:04,1781829844,R_10,4849.489,1,0.07899999999972351,BACKFILL_AUTO
2026-06-19 00:44:06,1781829846,R_10,4849.398,-1,0.09099999999943975,BACKFILL_AUTO
2026-06-19 00:44:08,1781829848,R_10,4849.495,1,0.09699999999975262,BACKFILL_AUTO
2026-06-19 00:44:10,1781829850,R_10,4849.474,-1,0.02099999999973079,BACKFILL_AUTO
2026-06-19 00:44:12,1781829852,R_10,4849.315,-1,0.15900000000056025,BACKFILL_AUTO
2026-06-19 00:44:14,1781829854,R_10,4849.362,1,0.04700000000048021,BACKFILL_AUTO
2026-06-19 00:44:16,1781829856,R_10,4849.336,-1,0.02599999999983993,BACKFILL_AUTO
2026-06-19 00:44:18,1781829858,R_10,4849.545,1,0.20899999999983265,BACKFILL_AUTO
2026-06-19 00:44:20,1781829860,R_10,4849.702,1,0.1570000000001528,BACKFILL_AUTO
2026-06-19 00:44:22,1781829862,R_10,4849.885,1,0.18299999999999272,BACKFILL_AUTO
2026-06-19 00:44:24,1781829864,R_10,4849.815,-1,0.07000000000061846,BACKFILL_AUTO
2026-06-19 00:44:26,1781829866,R_10,4849.81,-1,0.004999999999199645,BACKFILL_AUTO
2026-06-19 00:44:28,1781829868,R_10,4849.867,1,0.056999999999789,BACKFILL_AUTO
2026-06-19 00:44:30,1781829870,R_10,4849.71,-1,0.1570000000001528,BACKFILL_AUTO
2026-06-19 00:44:32,1781829872,R_10,4849.504,-1,0.20600000000013097,BACKFILL_AUTO
2026-06-19 00:44:34,1781829874,R_10,4849.786,1,0.2820000000001528,BACKFILL_AUTO
2026-06-19 00:44:36,1781829876,R_10,4850.01,1,0.22400000000016007,BACKFILL_AUTO
2026-06-19 00:44:38,1781829878,R_10,4850.048,1,0.03799999999955617,BACKFILL_AUTO
2026-06-19 00:44:40,1781829880,R_10,4850.02,-1,0.027999999999337888,BACKFILL_AUTO
2026-06-19 00:44:42,1781829882,R_10,4849.999,-1,0.021000000000640284,BACKFILL_AUTO
2026-06-19 00:44:44,1781829884,R_10,4849.988,-1,0.01099999999951251,BACKFILL_AUTO
2026-06-19 00:44:46,1781829886,R_10,4849.988,0,0.0,BACKFILL_AUTO
2026-06-19 00:44:48,1781829888,R_10,4850.021,1,0.03299999999944703,BACKFILL_AUTO
2026-06-19 00:44:50,1781829890,R_10,4850.071,1,0.0500000000001819,BACKFILL_AUTO
2026-06-19 00:44:52,1781829892,R_10,4849.885,-1,0.1859999999996944,BACKFILL_AUTO
2026-06-19 00:44:54,1781829894,R_10,4849.626,-1,0.25900000000001455,BACKFILL_AUTO
2026-06-19 00:44:56,1781829896,R_10,4849.561,-1,0.06500000000050932,BACKFILL_AUTO
2026-06-19 00:44:58,1781829898,R_10,4849.46,-1,0.10099999999965803,BACKFILL_AUTO
2026-06-19 00:45:00,1781829900,R_10,4849.538,1,0.07799999999951979,BACKFILL_AUTO
2026-06-19 00:45:02,1781829902,R_10,4849.503,-1,0.03499999999985448,BACKFILL_AUTO
2026-06-19 00:45:04,1781829904,R_10,4849.659,1,0.15599999999994907,BACKFILL_AUTO
2026-06-19 00:45:06,1781829906,R_10,4849.544,-1,0.11499999999978172,BACKFILL_AUTO
2026-06-19 00:45:08,1781829908,R_10,4849.66,1,0.11599999999998545,BACKFILL_AUTO
2026-06-19 00:45:10,1781829910,R_10,4849.68,1,0.020000000000436557,BACKFILL_AUTO
2026-06-19 00:45:12,1781829912,R_10,4849.595,-1,0.08500000000003638,BACKFILL_AUTO
2026-06-19 00:45:14,1781829914,R_10,4849.588,-1,0.007000000000516593,BACKFILL_AUTO
2026-06-19 00:45:16,1781829916,R_10,4849.501,-1,0.08699999999953434,BACKFILL_AUTO
2026-06-19 00:45:18,1781829918,R_10,4849.455,-1,0.046000000000276486,BACKFILL_AUTO
2026-06-19 00:45:20,1781829920,R_10,4849.547,1,0.09199999999964348,BACKFILL_AUTO
2026-06-19 00:45:22,1781829922,R_10,4849.471,-1,0.07600000000002183,BACKFILL_AUTO
2026-06-19 00:45:24,1781829924,R_10,4849.374,-1,0.09699999999975262,BACKFILL_AUTO
2026-06-19 00:45:26,1781829926,R_10,4849.267,-1,0.1069999999999709,BACKFILL_AUTO
2026-06-19 00:45:28,1781829928,R_10,4849.483,1,0.21600000000034925,BACKFILL_AUTO
2026-06-19 00:45:30,1781829930,R_10,4849.603,1,0.11999999999989086,BACKFILL_AUTO
2026-06-19 00:45:32,1781829932,R_10,4849.405,-1,0.19800000000032014,BACKFILL_AUTO
2026-06-19 00:45:34,1781829934,R_10,4849.408,1,0.0030000000006111804,BACKFILL_AUTO
2026-06-19 00:45:36,1781829936,R_10,4849.608,1,0.1999999999998181,BACKFILL_AUTO
2026-06-19 00:45:38,1781829938,R_10,4849.665,1,0.056999999999789,BACKFILL_AUTO
2026-06-19 00:45:40,1781829940,R_10,4849.615,-1,0.0500000000001819,BACKFILL_AUTO
2026-06-19 00:45:42,1781829942,R_10,4849.709,1,0.09400000000005093,BACKFILL_AUTO
2026-06-19 00:45:44,1781829944,R_10,4849.767,1,0.057999999999992724,BACKFILL_AUTO
2026-06-19 00:45:46,1781829946,R_10,4849.789,1,0.021999999999934516,BACKFILL_AUTO
2026-06-19 00:45:48,1781829948,R_10,4849.594,-1,0.19499999999970896,BACKFILL_AUTO
2026-06-19 00:45:50,1781829950,R_10,4849.634,1,0.03999999999996362,BACKFILL_AUTO
2026-06-19 00:45:52,1781829952,R_10,4849.709,1,0.0749999999998181,BACKFILL_AUTO
2026-06-19 00:45:54,1781829954,R_10,4849.697,-1,0.011999999999716238,BACKFILL_AUTO
2026-06-19 00:45:56,1781829956,R_10,4849.595,-1,0.10199999999986176,BACKFILL_AUTO
2026-06-19 00:45:58,1781829958,R_10,4849.676,1,0.08100000000013097,BACKFILL_AUTO
2026-06-19 00:46:00,1781829960,R_10,4849.627,-1,0.04899999999997817,BACKFILL_AUTO
2026-06-19 00:46:02,1781829962,R_10,4849.604,-1,0.023000000000138243,BACKFILL_AUTO
2026-06-19 00:46:04,1781829964,R_10,4849.658,1,0.05400000000008731,BACKFILL_AUTO
2026-06-19 00:46:06,1781829966,R_10,4849.667,1,0.009000000000014552,BACKFILL_AUTO
2026-06-19 00:46:08,1781829968,R_10,4849.741,1,0.07399999999961437,BACKFILL_AUTO
2026-06-19 00:46:10,1781829970,R_10,4849.633,-1,0.10800000000017462,BACKFILL_AUTO
2026-06-19 00:46:12,1781829972,R_10,4849.731,1,0.09799999999995634,BACKFILL_AUTO
2026-06-19 00:46:14,1781829974,R_10,4849.689,-1,0.04199999999946158,BACKFILL_AUTO
2026-06-19 00:46:16,1781829976,R_10,4849.55,-1,0.1390000000001237,BACKFILL_AUTO
2026-06-19 00:46:18,1781829978,R_10,4849.324,-1,0.22600000000056752,BACKFILL_AUTO
2026-06-19 00:46:20,1781829980,R_10,4849.367,1,0.0430000000005748,BACKFILL_AUTO
2026-06-19 00:46:22,1781829982,R_10,4849.357,-1,0.010000000000218279,BACKFILL_AUTO
2026-06-19 00:46:24,1781829984,R_10,4849.335,-1,0.021999999999934516,BACKFILL_AUTO
2026-06-19 00:46:26,1781829986,R_10,4849.219,-1,0.11599999999998545,BACKFILL_AUTO
2026-06-19 00:46:28,1781829988,R_10,4849.363,1,0.14400000000023283,BACKFILL_AUTO
2026-06-19 00:46:30,1781829990,R_10,4849.464,1,0.10099999999965803,BACKFILL_AUTO
2026-06-19 00:46:32,1781829992,R_10,4849.162,-1,0.30199999999967986,BACKFILL_AUTO
2026-06-19 00:46:34,1781829994,R_10,4849.297,1,0.13499999999930878,BACKFILL_AUTO
2026-06-19 00:46:36,1781829996,R_10,4849.133,-1,0.1639999999997599,BACKFILL_AUTO
2026-06-19 00:46:38,1781829998,R_10,4849.222,1,0.08899999999994179,BACKFILL_AUTO
2026-06-19 00:46:40,1781830000,R_10,4849.309,1,0.08700000000044383,BACKFILL_AUTO
2026-06-19 00:46:42,1781830002,R_10,4849.293,-1,0.016000000000531145,BACKFILL_AUTO
2026-06-19 00:46:44,1781830004,R_10,4849.299,1,0.006000000000312866,BACKFILL_AUTO
2026-06-19 00:46:46,1781830006,R_10,4849.141,-1,0.15800000000035652,BACKFILL_AUTO
2026-06-19 00:46:48,1781830008,R_10,4849.137,-1,0.0039999999999054126,BACKFILL_AUTO
2026-06-19 00:46:50,1781830010,R_10,4849.081,-1,0.05599999999958527,BACKFILL_AUTO
2026-06-19 00:46:52,1781830012,R_10,4849.113,1,0.032000000000152795,BACKFILL_AUTO
2026-06-19 00:46:54,1781830014,R_10,4849.253,1,0.13999999999941792,BACKFILL_AUTO
2026-06-19 00:46:56,1781830016,R_10,4849.375,1,0.12200000000029831,BACKFILL_AUTO
2026-06-19 00:46:58,1781830018,R_10,4849.372,-1,0.0029999999997016857,BACKFILL_AUTO
2026-06-19 00:47:00,1781830020,R_10,4849.533,1,0.1610000000000582,BACKFILL_AUTO
2026-06-19 00:47:02,1781830022,R_10,4849.754,1,0.2209999999995489,BACKFILL_AUTO
2026-06-19 00:47:04,1781830024,R_10,4849.661,-1,0.0929999999998472,BACKFILL_AUTO
2026-06-19 00:47:06,1781830026,R_10,4849.464,-1,0.19700000000011642,BACKFILL_AUTO
2026-06-19 00:47:08,1781830028,R_10,4849.473,1,0.009000000000014552,BACKFILL_AUTO
2026-06-19 00:47:10,1781830030,R_10,4849.34,-1,0.13299999999981083,BACKFILL_AUTO
2026-06-19 00:47:12,1781830032,R_10,4849.382,1,0.04199999999946158,BACKFILL_AUTO
2026-06-19 00:47:14,1781830034,R_10,4849.401,1,0.01900000000023283,BACKFILL_AUTO
2026-06-19 00:47:16,1781830036,R_10,4849.347,-1,0.05400000000008731,BACKFILL_AUTO
2026-06-19 00:47:18,1781830038,R_10,4849.332,-1,0.014999999999417923,BACKFILL_AUTO
2026-06-19 00:47:20,1781830040,R_10,4849.467,1,0.13499999999930878,BACKFILL_AUTO
2026-06-19 00:47:22,1781830042,R_10,4849.73,1,0.26299999999991996,BACKFILL_AUTO
2026-06-19 00:47:24,1781830044,R_10,4849.862,1,0.1320000000005166,BACKFILL_AUTO
2026-06-19 00:47:26,1781830046,R_10,4849.975,1,0.11300000000028376,BACKFILL_AUTO
2026-06-19 00:47:28,1781830048,R_10,4850.02,1,0.04500000000007276,BACKFILL_AUTO
2026-06-19 00:47:30,1781830050,R_10,4849.876,-1,0.14400000000023283,BACKFILL_AUTO
2026-06-19 00:47:32,1781830052,R_10,4849.583,-1,0.2930000000005748,BACKFILL_AUTO
2026-06-19 00:47:34,1781830054,R_10,4849.645,1,0.06200000000080763,BACKFILL_AUTO
2026-06-19 00:47:36,1781830056,R_10,4849.845,1,0.1999999999998181,BACKFILL_AUTO
2026-06-19 00:47:38,1781830058,R_10,4850.014,1,0.16899999999986903,BACKFILL_AUTO
2026-06-19 00:47:40,1781830060,R_10,4849.918,-1,0.09600000000045839,BACKFILL_AUTO
2026-06-19 00:47:42,1781830062,R_10,4849.875,-1,0.042999999999665306,BACKFILL_AUTO
2026-06-19 00:47:44,1781830064,R_10,4850.011,1,0.136000000000422,BACKFILL_AUTO
2026-06-19 00:47:46,1781830066,R_10,4850.027,1,0.01599999999962165,BACKFILL_AUTO
2026-06-19 00:47:48,1781830068,R_10,4849.865,-1,0.16200000000026193,BACKFILL_AUTO
2026-06-19 00:47:50,1781830070,R_10,4849.998,1,0.13299999999981083,BACKFILL_AUTO
2026-06-19 00:47:52,1781830072,R_10,4850.103,1,0.10500000000047294,BACKFILL_AUTO
2026-06-19 00:47:54,1781830074,R_10,4849.937,-1,0.16600000000016735,BACKFILL_AUTO
2026-06-19 00:47:56,1781830076,R_10,4850.02,1,0.08300000000053842,BACKFILL_AUTO
2026-06-19 00:47:58,1781830078,R_10,4850.09,1,0.06999999999970896,BACKFILL_AUTO
2026-06-19 00:48:00,1781830080,R_10,4850.02,-1,0.06999999999970896,BACKFILL_AUTO
2026-06-19 00:48:02,1781830082,R_10,4850.015,-1,0.005000000000109139,BACKFILL_AUTO
2026-06-19 00:48:04,1781830084,R_10,4850.008,-1,0.007000000000516593,BACKFILL_AUTO
2026-06-19 00:48:06,1781830086,R_10,4849.845,-1,0.16299999999955617,BACKFILL_AUTO
2026-06-19 00:48:08,1781830088,R_10,4849.826,-1,0.01900000000023283,BACKFILL_AUTO
2026-06-19 00:48:10,1781830090,R_10,4849.702,-1,0.12399999999979627,BACKFILL_AUTO
2026-06-19 00:48:12,1781830092,R_10,4849.792,1,0.09000000000014552,BACKFILL_AUTO
2026-06-19 00:48:14,1781830094,R_10,4849.795,1,0.0029999999997016857,BACKFILL_AUTO
2026-06-19 00:48:16,1781830096,R_10,4849.688,-1,0.1069999999999709,BACKFILL_AUTO
2026-06-19 00:48:18,1781830098,R_10,4849.741,1,0.052999999999883585,BACKFILL_AUTO
2026-06-19 00:48:20,1781830100,R_10,4849.476,-1,0.2650000000003274,BACKFILL_AUTO
2026-06-19 00:48:22,1781830102,R_10,4849.605,1,0.1289999999999054,BACKFILL_AUTO
2026-06-19 00:48:24,1781830104,R_10,4849.438,-1,0.16699999999946158,BACKFILL_AUTO
2026-06-19 00:48:26,1781830106,R_10,4849.476,1,0.03799999999955617,BACKFILL_AUTO
2026-06-19 00:48:28,1781830108,R_10,4849.299,-1,0.17699999999967986,BACKFILL_AUTO
2026-06-19 00:48:30,1781830110,R_10,4849.449,1,0.1499999999996362,BACKFILL_AUTO
2026-06-19 00:48:32,1781830112,R_10,4849.541,1,0.09200000000055297,BACKFILL_AUTO
2026-06-19 00:48:34,1781830114,R_10,4849.669,1,0.12799999999970169,BACKFILL_AUTO
2026-06-19 00:48:36,1781830116,R_10,4849.428,-1,0.24099999999998545,BACKFILL_AUTO
2026-06-19 00:48:38,1781830118,R_10,4849.268,-1,0.15999999999985448,BACKFILL_AUTO
2026-06-19 00:48:40,1781830120,R_10,4849.145,-1,0.12299999999959255,BACKFILL_AUTO
2026-06-19 00:48:42,1781830122,R_10,4849.2,1,0.054999999999381544,BACKFILL_AUTO
2026-06-19 00:48:44,1781830124,R_10,4849.181,-1,0.01900000000023283,BACKFILL_AUTO
2026-06-19 00:48:46,1781830126,R_10,4849.314,1,0.13300000000072032,BACKFILL_AUTO
2026-06-19 00:48:48,1781830128,R_10,4849.136,-1,0.17799999999988358,BACKFILL_AUTO
2026-06-19 00:48:50,1781830130,R_10,4849.032,-1,0.10400000000026921,BACKFILL_AUTO
2026-06-19 00:48:52,1781830132,R_10,4849.162,1,0.13000000000010914,BACKFILL_AUTO
2026-06-19 00:48:54,1781830134,R_10,4849.486,1,0.3239999999996144,BACKFILL_AUTO
2026-06-19 00:48:56,1781830136,R_10,4849.559,1,0.07300000000032014,BACKFILL_AUTO
2026-06-19 00:48:58,1781830138,R_10,4849.553,-1,0.006000000000312866,BACKFILL_AUTO
2026-06-19 00:49:00,1781830140,R_10,4849.602,1,0.04899999999997817,BACKFILL_AUTO
2026-06-19 00:49:02,1781830142,R_10,4849.656,1,0.05400000000008731,BACKFILL_AUTO
2026-06-19 00:49:04,1781830144,R_10,4849.642,-1,0.014000000000123691,BACKFILL_AUTO
2026-06-19 00:49:06,1781830146,R_10,4849.7,1,0.057999999999992724,BACKFILL_AUTO
2026-06-19 00:49:08,1781830148,R_10,4849.602,-1,0.09799999999995634,BACKFILL_AUTO
2026-06-19 00:49:10,1781830150,R_10,4849.876,1,0.27400000000034197,BACKFILL_AUTO
2026-06-19 00:49:12,1781830152,R_10,4849.679,-1,0.19700000000011642,BACKFILL_AUTO
2026-06-19 00:49:14,1781830154,R_10,4849.87,1,0.19099999999980355,BACKFILL_AUTO
2026-06-19 00:49:16,1781830156,R_10,4849.744,-1,0.12600000000020373,BACKFILL_AUTO
2026-06-19 00:49:18,1781830158,R_10,4849.693,-1,0.05099999999947613,BACKFILL_AUTO
2026-06-19 00:49:20,1781830160,R_10,4849.691,-1,0.0020000000004074536,BACKFILL_AUTO
2026-06-19 00:49:22,1781830162,R_10,4849.71,1,0.01900000000023283,BACKFILL_AUTO
2026-06-19 00:49:24,1781830164,R_10,4849.68,-1,0.02999999999974534,BACKFILL_AUTO
2026-06-19 00:49:26,1781830166,R_10,4849.682,1,0.001999999999497959,BACKFILL_AUTO
2026-06-19 00:49:28,1781830168,R_10,4849.635,-1,0.04699999999957072,BACKFILL_AUTO
2026-06-19 00:49:30,1781830170,R_10,4849.801,1,0.16600000000016735,BACKFILL_AUTO
2026-06-19 00:49:32,1781830172,R_10,4849.709,-1,0.09200000000055297,BACKFILL_AUTO
2026-06-19 00:49:34,1781830174,R_10,4849.794,1,0.08500000000003638,BACKFILL_AUTO
2026-06-19 00:49:36,1781830176,R_10,4849.543,-1,0.2510000000002037,BACKFILL_AUTO
2026-06-19 00:49:38,1781830178,R_10,4849.423,-1,0.11999999999989086,BACKFILL_AUTO
2026-06-19 00:49:40,1781830180,R_10,4849.305,-1,0.11799999999948341,BACKFILL_AUTO
2026-06-19 00:49:42,1781830182,R_10,4849.297,-1,0.00800000000072032,BACKFILL_AUTO
2026-06-19 00:49:44,1781830184,R_10,4849.425,1,0.12800000000061118,BACKFILL_AUTO
2026-06-19 00:49:46,1781830186,R_10,4849.434,1,0.009000000000014552,BACKFILL_AUTO
2026-06-19 00:49:48,1781830188,R_10,4849.428,-1,0.006000000000312866,BACKFILL_AUTO
2026-06-19 00:49:50,1781830190,R_10,4849.73,1,0.30199999999967986,BACKFILL_AUTO
2026-06-19 00:49:52,1781830192,R_10,4849.991,1,0.261000000000422,BACKFILL_AUTO
2026-06-19 00:49:54,1781830194,R_10,4849.894,-1,0.09699999999975262,BACKFILL_AUTO
2026-06-19 00:49:56,1781830196,R_10,4849.735,-1,0.15900000000056025,BACKFILL_AUTO
2026-06-19 00:49:58,1781830198,R_10,4849.6,-1,0.13499999999930878,BACKFILL_AUTO
2026-06-19 00:50:00,1781830200,R_10,4849.563,-1,0.037000000000261934,BACKFILL_AUTO
2026-06-19 00:50:02,1781830202,R_10,4849.434,-1,0.1289999999999054,BACKFILL_AUTO
2026-06-19 00:50:04,1781830204,R_10,4849.311,-1,0.12300000000050204,BACKFILL_AUTO
2026-06-19 00:50:06,1781830206,R_10,4849.427,1,0.11599999999998545,BACKFILL_AUTO
2026-06-19 00:50:08,1781830208,R_10,4849.453,1,0.026000000000749424,BACKFILL_AUTO
2026-06-19 00:50:10,1781830210,R_10,4849.344,-1,0.10900000000037835,BACKFILL_AUTO
2026-06-19 00:50:12,1781830212,R_10,4849.132,-1,0.21200000000044383,BACKFILL_AUTO
2026-06-19 00:50:14,1781830214,R_10,4849.233,1,0.10100000000056752,BACKFILL_AUTO
2026-06-19 00:50:16,1781830216,R_10,4849.348,1,0.11499999999978172,BACKFILL_AUTO
2026-06-19 00:50:18,1781830218,R_10,4849.338,-1,0.010000000000218279,BACKFILL_AUTO
2026-06-19 00:50:20,1781830220,R_10,4849.321,-1,0.016999999999825377,BACKFILL_AUTO
2026-06-19 00:50:22,1781830222,R_10,4849.303,-1,0.018000000000029104,BACKFILL_AUTO
2026-06-19 00:50:24,1781830224,R_10,4849.456,1,0.15300000000024738,BACKFILL_AUTO
2026-06-19 00:50:26,1781830226,R_10,4849.383,-1,0.07300000000032014,BACKFILL_AUTO
2026-06-19 00:50:28,1781830228,R_10,4849.325,-1,0.057999999999992724,BACKFILL_AUTO
2026-06-19 00:50:30,1781830230,R_10,4849.34,1,0.015000000000327418,BACKFILL_AUTO
2026-06-19 00:50:32,1781830232,R_10,4849.509,1,0.16899999999986903,BACKFILL_AUTO
2026-06-19 00:50:34,1781830234,R_10,4849.567,1,0.057999999999992724,BACKFILL_AUTO
2026-06-19 00:50:36,1781830236,R_10,4849.383,-1,0.18400000000019645,BACKFILL_AUTO
2026-06-19 00:50:38,1781830238,R_10,4849.402,1,0.01900000000023283,BACKFILL_AUTO
2026-06-19 00:50:40,1781830240,R_10,4849.542,1,0.14000000000032742,BACKFILL_AUTO
2026-06-19 00:50:42,1781830242,R_10,4849.604,1,0.06199999999989814,BACKFILL_AUTO
2026-06-19 00:50:44,1781830244,R_10,4849.601,-1,0.0030000000006111804,BACKFILL_AUTO
2026-06-19 00:50:46,1781830246,R_10,4849.559,-1,0.04199999999946158,BACKFILL_AUTO
2026-06-19 00:50:48,1781830248,R_10,4849.713,1,0.15399999999954161,BACKFILL_AUTO
2026-06-19 00:50:50,1781830250,R_10,4849.837,1,0.12400000000070577,BACKFILL_AUTO
2026-06-19 00:50:52,1781830252,R_10,4850.0,1,0.16299999999955617,BACKFILL_AUTO
2026-06-19 00:50:54,1781830254,R_10,4849.908,-1,0.09199999999964348,BACKFILL_AUTO
2026-06-19 00:50:56,1781830256,R_10,4849.721,-1,0.18700000000080763,BACKFILL_AUTO
2026-06-19 00:50:58,1781830258,R_10,4849.815,1,0.09400000000005093,BACKFILL_AUTO
2026-06-19 00:51:00,1781830260,R_10,4849.673,-1,0.14199999999982538,BACKFILL_AUTO
2026-06-19 00:51:02,1781830262,R_10,4849.571,-1,0.10199999999986176,BACKFILL_AUTO
2026-06-19 00:51:04,1781830264,R_10,4849.61,1,0.03899999999975989,BACKFILL_AUTO
2026-06-19 00:51:06,1781830266,R_10,4849.53,-1,0.07999999999992724,BACKFILL_AUTO
2026-06-19 00:51:08,1781830268,R_10,4849.475,-1,0.054999999999381544,BACKFILL_AUTO
2026-06-19 00:51:10,1781830270,R_10,4849.421,-1,0.05400000000008731,BACKFILL_AUTO
2026-06-19 00:51:12,1781830272,R_10,4849.385,-1,0.03600000000005821,BACKFILL_AUTO
2026-06-19 00:51:14,1781830274,R_10,4849.328,-1,0.056999999999789,BACKFILL_AUTO
2026-06-19 00:51:16,1781830276,R_10,4849.192,-1,0.136000000000422,BACKFILL_AUTO
2026-06-19 00:51:18,1781830278,R_10,4849.352,1,0.15999999999985448,BACKFILL_AUTO
2026-06-19 00:51:20,1781830280,R_10,4849.28,-1,0.07200000000011642,BACKFILL_AUTO
2026-06-19 00:51:22,1781830282,R_10,4849.266,-1,0.014000000000123691,BACKFILL_AUTO
2026-06-19 00:51:24,1781830284,R_10,4849.495,1,0.2290000000002692,BACKFILL_AUTO
2026-06-19 00:51:26,1781830286,R_10,4849.872,1,0.37700000000040745,BACKFILL_AUTO
2026-06-19 00:51:28,1781830288,R_10,4850.042,1,0.17000000000007276,BACKFILL_AUTO
2026-06-19 00:51:30,1781830290,R_10,4850.126,1,0.08399999999983265,BACKFILL_AUTO
2026-06-19 00:51:32,1781830292,R_10,4850.157,1,0.03099999999994907,BACKFILL_AUTO
2026-06-19 00:51:34,1781830294,R_10,4850.175,1,0.018000000000029104,BACKFILL_AUTO
2026-06-19 00:51:36,1781830296,R_10,4849.9,-1,0.2750000000005457,BACKFILL_AUTO
2026-06-19 00:51:38,1781830298,R_10,4849.883,-1,0.016999999999825377,BACKFILL_AUTO
2026-06-19 00:51:40,1781830300,R_10,4849.714,-1,0.16899999999986903,BACKFILL_AUTO
2026-06-19 00:51:42,1781830302,R_10,4849.483,-1,0.23099999999976717,BACKFILL_AUTO
2026-06-19 00:51:44,1781830304,R_10,4849.412,-1,0.07099999999991269,BACKFILL_AUTO
2026-06-19 00:51:46,1781830306,R_10,4849.462,1,0.0500000000001819,BACKFILL_AUTO
2026-06-19 00:51:48,1781830308,R_10,4849.389,-1,0.07300000000032014,BACKFILL_AUTO
2026-06-19 00:51:50,1781830310,R_10,4849.399,1,0.010000000000218279,BACKFILL_AUTO
2026-06-19 00:51:52,1781830312,R_10,4849.371,-1,0.028000000000247383,BACKFILL_AUTO
2026-06-19 00:51:54,1781830314,R_10,4849.352,-1,0.01900000000023283,BACKFILL_AUTO
2026-06-19 00:51:56,1781830316,R_10,4849.396,1,0.04399999999986903,BACKFILL_AUTO
2026-06-19 00:51:58,1781830318,R_10,4849.299,-1,0.09699999999975262,BACKFILL_AUTO
2026-06-19 00:52:00,1781830320,R_10,4849.14,-1,0.15899999999965075,BACKFILL_AUTO
2026-06-19 00:52:02,1781830322,R_10,4849.178,1,0.03799999999955617,BACKFILL_AUTO
2026-06-19 00:52:04,1781830324,R_10,4849.167,-1,0.01099999999951251,BACKFILL_AUTO
2026-06-19 00:52:06,1781830326,R_10,4849.366,1,0.19899999999961437,BACKFILL_AUTO
2026-06-19 00:52:08,1781830328,R_10,4849.438,1,0.07200000000011642,BACKFILL_AUTO
2026-06-19 00:52:10,1781830330,R_10,4849.498,1,0.05999999999949068,BACKFILL_AUTO
2026-06-19 00:52:12,1781830332,R_10,4849.431,-1,0.06700000000000728,BACKFILL_AUTO
2026-06-19 00:52:14,1781830334,R_10,4849.449,1,0.018000000000029104,BACKFILL_AUTO
2026-06-19 00:52:16,1781830336,R_10,4849.515,1,0.06600000000071304,BACKFILL_AUTO
2026-06-19 00:52:18,1781830338,R_10,4849.461,-1,0.05400000000008731,BACKFILL_AUTO
2026-06-19 00:52:20,1781830340,R_10,4849.425,-1,0.03600000000005821,BACKFILL_AUTO
2026-06-19 00:52:22,1781830342,R_10,4849.521,1,0.09599999999954889,BACKFILL_AUTO
2026-06-19 00:52:24,1781830344,R_10,4849.201,-1,0.31999999999970896,BACKFILL_AUTO
2026-06-19 00:52:26,1781830346,R_10,4849.284,1,0.08299999999962893,BACKFILL_AUTO
2026-06-19 00:52:28,1781830348,R_10,4849.278,-1,0.0059999999994033715,BACKFILL_AUTO
2026-06-19 00:52:30,1781830350,R_10,4849.057,-1,0.22100000000045839,BACKFILL_AUTO
2026-06-19 00:52:32,1781830352,R_10,4849.166,1,0.10900000000037835,BACKFILL_AUTO
2026-06-19 00:52:34,1781830354,R_10,4848.887,-1,0.2790000000004511,BACKFILL_AUTO
2026-06-19 00:52:36,1781830356,R_10,4849.044,1,0.1570000000001528,BACKFILL_AUTO
2026-06-19 00:52:38,1781830358,R_10,4849.01,-1,0.033999999999650754,BACKFILL_AUTO
2026-06-19 00:52:40,1781830360,R_10,4849.214,1,0.2039999999997235,BACKFILL_AUTO
2026-06-19 00:52:42,1781830362,R_10,4849.22,1,0.006000000000312866,BACKFILL_AUTO
2026-06-19 00:52:44,1781830364,R_10,4849.062,-1,0.15800000000035652,BACKFILL_AUTO
2026-06-19 00:52:46,1781830366,R_10,4848.945,-1,0.11700000000018917,BACKFILL_AUTO
2026-06-19 00:52:48,1781830368,R_10,4849.066,1,0.12100000000009459,BACKFILL_AUTO
2026-06-19 00:52:50,1781830370,R_10,4849.002,-1,0.0639999999993961,BACKFILL_AUTO
2026-06-19 00:52:52,1781830372,R_10,4848.996,-1,0.006000000000312866,BACKFILL_AUTO
2026-06-19 00:52:54,1781830374,R_10,4848.717,-1,0.2790000000004511,BACKFILL_AUTO
2026-06-19 00:52:56,1781830376,R_10,4848.914,1,0.19700000000011642,BACKFILL_AUTO
2026-06-19 00:52:58,1781830378,R_10,4848.728,-1,0.1859999999996944,BACKFILL_AUTO
2026-06-19 00:53:00,1781830380,R_10,4848.934,1,0.20600000000013097,BACKFILL_AUTO
2026-06-19 00:53:02,1781830382,R_10,4849.22,1,0.2860000000000582,BACKFILL_AUTO
2026-06-19 00:53:04,1781830384,R_10,4849.253,1,0.03299999999944703,BACKFILL_AUTO
2026-06-19 00:53:06,1781830386,R_10,4849.237,-1,0.01599999999962165,BACKFILL_AUTO
2026-06-19 00:53:08,1781830388,R_10,4849.189,-1,0.047999999999774445,BACKFILL_AUTO
2026-06-19 00:53:10,1781830390,R_10,4849.141,-1,0.04800000000068394,BACKFILL_AUTO
2026-06-19 00:53:12,1781830392,R_10,4848.921,-1,0.21999999999934516,BACKFILL_AUTO
2026-06-19 00:53:14,1781830394,R_10,4849.003,1,0.0819999999994252,BACKFILL_AUTO
2026-06-19 00:53:16,1781830396,R_10,4849.087,1,0.08400000000074215,BACKFILL_AUTO
2026-06-19 00:53:18,1781830398,R_10,4849.212,1,0.125,BACKFILL_AUTO
2026-06-19 00:53:20,1781830400,R_10,4849.374,1,0.16199999999935244,BACKFILL_AUTO
2026-06-19 00:53:22,1781830402,R_10,4849.444,1,0.07000000000061846,BACKFILL_AUTO
2026-06-19 00:53:24,1781830404,R_10,4849.533,1,0.08899999999994179,BACKFILL_AUTO
2026-06-19 00:53:26,1781830406,R_10,4849.593,1,0.05999999999949068,BACKFILL_AUTO
2026-06-19 00:53:28,1781830408,R_10,4849.702,1,0.10900000000037835,BACKFILL_AUTO
2026-06-19 00:53:30,1781830410,R_10,4849.788,1,0.08599999999933061,BACKFILL_AUTO
2026-06-19 00:53:32,1781830412,R_10,4849.693,-1,0.09499999999934516,BACKFILL_AUTO
2026-06-19 00:53:34,1781830414,R_10,4849.818,1,0.125,BACKFILL_AUTO
2026-06-19 00:53:36,1781830416,R_10,4849.953,1,0.13500000000021828,BACKFILL_AUTO
2026-06-19 00:53:38,1781830418,R_10,4850.051,1,0.09799999999995634,BACKFILL_AUTO
2026-06-19 00:53:40,1781830420,R_10,4850.074,1,0.02299999999922875,BACKFILL_AUTO
2026-06-19 00:53:42,1781830422,R_10,4850.003,-1,0.07099999999991269,BACKFILL_AUTO
2026-06-19 00:53:44,1781830424,R_10,4850.047,1,0.04399999999986903,BACKFILL_AUTO
2026-06-19 00:53:46,1781830426,R_10,4849.964,-1,0.08299999999962893,BACKFILL_AUTO
2026-06-19 00:53:48,1781830428,R_10,4850.138,1,0.17399999999997817,BACKFILL_AUTO
2026-06-19 00:53:50,1781830430,R_10,4850.266,1,0.12799999999970169,BACKFILL_AUTO
2026-06-19 00:53:52,1781830432,R_10,4850.326,1,0.06000000000040018,BACKFILL_AUTO
2026-06-19 00:53:54,1781830434,R_10,4850.122,-1,0.2039999999997235,BACKFILL_AUTO
2026-06-19 00:53:56,1781830436,R_10,4850.248,1,0.12599999999929423,BACKFILL_AUTO
2026-06-19 00:53:58,1781830438,R_10,4850.377,1,0.1290000000008149,BACKFILL_AUTO
2026-06-19 00:54:00,1781830440,R_10,4850.18,-1,0.19700000000011642,BACKFILL_AUTO
2026-06-19 00:54:02,1781830442,R_10,4850.237,1,0.056999999999789,BACKFILL_AUTO
2026-06-19 00:54:04,1781830444,R_10,4850.483,1,0.2460000000000946,BACKFILL_AUTO
2026-06-19 00:54:06,1781830446,R_10,4850.506,1,0.023000000000138243,BACKFILL_AUTO
2026-06-19 00:54:08,1781830448,R_10,4850.555,1,0.04899999999997817,BACKFILL_AUTO
2026-06-19 00:54:10,1781830450,R_10,4850.321,-1,0.23400000000037835,BACKFILL_AUTO
2026-06-19 00:54:12,1781830452,R_10,4850.343,1,0.021999999999934516,BACKFILL_AUTO
2026-06-19 00:54:14,1781830454,R_10,4850.232,-1,0.11099999999987631,BACKFILL_AUTO
2026-06-19 00:54:16,1781830456,R_10,4850.246,1,0.014000000000123691,BACKFILL_AUTO
2026-06-19 00:54:18,1781830458,R_10,4850.209,-1,0.037000000000261934,BACKFILL_AUTO
2026-06-19 00:54:20,1781830460,R_10,4850.291,1,0.0820000000003347,BACKFILL_AUTO
2026-06-19 00:54:22,1781830462,R_10,4850.234,-1,0.056999999999789,BACKFILL_AUTO
2026-06-19 00:54:24,1781830464,R_10,4850.288,1,0.05399999999917782,BACKFILL_AUTO
2026-06-19 00:54:26,1781830466,R_10,4850.252,-1,0.03599999999914871,BACKFILL_AUTO
2026-06-19 00:54:28,1781830468,R_10,4850.255,1,0.0029999999997016857,BACKFILL_AUTO
2026-06-19 00:54:30,1781830470,R_10,4850.229,-1,0.02599999999983993,BACKFILL_AUTO
2026-06-19 00:54:32,1781830472,R_10,4850.25,1,0.02099999999973079,BACKFILL_AUTO
2026-06-19 00:54:34,1781830474,R_10,4850.085,-1,0.16499999999996362,BACKFILL_AUTO
2026-06-19 00:54:36,1781830476,R_10,4850.128,1,0.042999999999665306,BACKFILL_AUTO
2026-06-19 00:54:38,1781830478,R_10,4850.057,-1,0.07099999999991269,BACKFILL_AUTO
2026-06-19 00:54:40,1781830480,R_10,4850.191,1,0.13400000000001455,BACKFILL_AUTO
2026-06-19 00:54:42,1781830482,R_10,4850.156,-1,0.03499999999985448,BACKFILL_AUTO
2026-06-19 00:54:44,1781830484,R_10,4850.131,-1,0.024999999999636202,BACKFILL_AUTO
2026-06-19 00:54:46,1781830486,R_10,4850.187,1,0.05599999999958527,BACKFILL_AUTO
2026-06-19 00:54:48,1781830488,R_10,4850.099,-1,0.08799999999973807,BACKFILL_AUTO
2026-06-19 00:54:50,1781830490,R_10,4850.23,1,0.13099999999940337,BACKFILL_AUTO
2026-06-19 00:54:52,1781830492,R_10,4850.299,1,0.06900000000041473,BACKFILL_AUTO
2026-06-19 00:54:54,1781830494,R_10,4850.403,1,0.10400000000026921,BACKFILL_AUTO
2026-06-19 00:54:56,1781830496,R_10,4850.256,-1,0.14699999999993452,BACKFILL_AUTO
2026-06-19 00:54:58,1781830498,R_10,4850.17,-1,0.0860000000002401,BACKFILL_AUTO
2026-06-19 00:55:00,1781830500,R_10,4850.291,1,0.12100000000009459,BACKFILL_AUTO
2026-06-19 00:55:02,1781830502,R_10,4850.49,1,0.19899999999961437,BACKFILL_AUTO
2026-06-19 00:55:04,1781830504,R_10,4850.416,-1,0.07399999999961437,BACKFILL_AUTO
2026-06-19 00:55:06,1781830506,R_10,4850.412,-1,0.0039999999999054126,BACKFILL_AUTO
2026-06-19 00:55:08,1781830508,R_10,4850.221,-1,0.19100000000071304,BACKFILL_AUTO
2026-06-19 00:55:10,1781830510,R_10,4850.346,1,0.125,BACKFILL_AUTO
2026-06-19 00:55:12,1781830512,R_10,4850.225,-1,0.12099999999918509,BACKFILL_AUTO
2026-06-19 00:55:14,1781830514,R_10,4850.283,1,0.057999999999992724,BACKFILL_AUTO
2026-06-19 00:55:16,1781830516,R_10,4850.408,1,0.125,BACKFILL_AUTO
2026-06-19 00:55:18,1781830518,R_10,4850.369,-1,0.03900000000066939,BACKFILL_AUTO
2026-06-19 00:55:20,1781830520,R_10,4850.211,-1,0.15799999999944703,BACKFILL_AUTO
2026-06-19 00:55:22,1781830522,R_10,4850.202,-1,0.009000000000014552,BACKFILL_AUTO
2026-06-19 00:55:24,1781830524,R_10,4850.027,-1,0.1750000000001819,BACKFILL_AUTO
2026-06-19 00:55:26,1781830526,R_10,4849.964,-1,0.06300000000010186,BACKFILL_AUTO
2026-06-19 00:55:28,1781830528,R_10,4849.817,-1,0.14699999999993452,BACKFILL_AUTO
2026-06-19 00:55:30,1781830530,R_10,4849.831,1,0.014000000000123691,BACKFILL_AUTO
2026-06-19 00:55:32,1781830532,R_10,4849.647,-1,0.18400000000019645,BACKFILL_AUTO
2026-06-19 00:55:34,1781830534,R_10,4849.704,1,0.056999999999789,BACKFILL_AUTO
2026-06-19 00:55:36,1781830536,R_10,4849.521,-1,0.18299999999999272,BACKFILL_AUTO
2026-06-19 00:55:38,1781830538,R_10,4849.599,1,0.07800000000042928,BACKFILL_AUTO
2026-06-19 00:55:40,1781830540,R_10,4849.483,-1,0.11599999999998545,BACKFILL_AUTO
2026-06-19 00:55:42,1781830542,R_10,4849.372,-1,0.11099999999987631,BACKFILL_AUTO
2026-06-19 00:55:44,1781830544,R_10,4849.347,-1,0.025000000000545697,BACKFILL_AUTO
2026-06-19 00:55:46,1781830546,R_10,4849.361,1,0.014000000000123691,BACKFILL_AUTO
2026-06-19 00:55:48,1781830548,R_10,4849.437,1,0.07600000000002183,BACKFILL_AUTO
2026-06-19 00:55:50,1781830550,R_10,4849.448,1,0.011000000000422006,BACKFILL_AUTO
2026-06-19 00:55:52,1781830552,R_10,4849.308,-1,0.14000000000032742,BACKFILL_AUTO
2026-06-19 00:55:54,1781830554,R_10,4849.192,-1,0.11599999999998545,BACKFILL_AUTO
2026-06-19 00:55:56,1781830556,R_10,4849.304,1,0.11200000000008004,BACKFILL_AUTO
2026-06-19 00:55:58,1781830558,R_10,4849.434,1,0.13000000000010914,BACKFILL_AUTO
2026-06-19 00:56:00,1781830560,R_10,4849.513,1,0.07899999999972351,BACKFILL_AUTO
2026-06-19 00:56:02,1781830562,R_10,4849.366,-1,0.14699999999993452,BACKFILL_AUTO
2026-06-19 00:56:04,1781830564,R_10,4849.668,1,0.30199999999967986,BACKFILL_AUTO
2026-06-19 00:56:06,1781830566,R_10,4849.734,1,0.06600000000071304,BACKFILL_AUTO
2026-06-19 00:56:08,1781830568,R_10,4849.931,1,0.19699999999920692,BACKFILL_AUTO
2026-06-19 00:56:10,1781830570,R_10,4850.077,1,0.14600000000064028,BACKFILL_AUTO
2026-06-19 00:56:12,1781830572,R_10,4850.184,1,0.1069999999999709,BACKFILL_AUTO
2026-06-19 00:56:14,1781830574,R_10,4850.1,-1,0.08399999999983265,BACKFILL_AUTO
2026-06-19 00:56:16,1781830576,R_10,4850.04,-1,0.06000000000040018,BACKFILL_AUTO
2026-06-19 00:56:18,1781830578,R_10,4850.125,1,0.08500000000003638,BACKFILL_AUTO
2026-06-19 00:56:20,1781830580,R_10,4849.945,-1,0.18000000000029104,BACKFILL_AUTO
2026-06-19 00:56:22,1781830582,R_10,4849.922,-1,0.023000000000138243,BACKFILL_AUTO
2026-06-19 00:56:24,1781830584,R_10,4849.774,-1,0.14799999999922875,BACKFILL_AUTO
2026-06-19 00:56:26,1781830586,R_10,4849.624,-1,0.1500000000005457,BACKFILL_AUTO
2026-06-19 00:56:28,1781830588,R_10,4849.643,1,0.01900000000023283,BACKFILL_AUTO
2026-06-19 00:56:30,1781830590,R_10,4849.444,-1,0.19899999999961437,BACKFILL_AUTO
2026-06-19 00:56:32,1781830592,R_10,4849.396,-1,0.04800000000068394,BACKFILL_AUTO
2026-06-19 00:56:34,1781830594,R_10,4849.559,1,0.16300000000046566,BACKFILL_AUTO
2026-06-19 00:56:36,1781830596,R_10,4849.448,-1,0.11099999999987631,BACKFILL_AUTO
2026-06-19 00:56:38,1781830598,R_10,4849.303,-1,0.14500000000043656,BACKFILL_AUTO
2026-06-19 00:56:40,1781830600,R_10,4849.288,-1,0.015000000000327418,BACKFILL_AUTO
2026-06-19 00:56:42,1781830602,R_10,4849.173,-1,0.11499999999978172,BACKFILL_AUTO
2026-06-19 00:56:44,1781830604,R_10,4848.943,-1,0.22999999999956344,BACKFILL_AUTO
2026-06-19 00:56:46,1781830606,R_10,4849.012,1,0.06899999999950523,BACKFILL_AUTO
2026-06-19 00:56:48,1781830608,R_10,4848.955,-1,0.056999999999789,BACKFILL_AUTO
2026-06-19 00:56:50,1781830610,R_10,4848.914,-1,0.04100000000016735,BACKFILL_AUTO
2026-06-19 00:56:52,1781830612,R_10,4849.026,1,0.11200000000008004,BACKFILL_AUTO
2026-06-19 00:56:54,1781830614,R_10,4849.246,1,0.22000000000025466,BACKFILL_AUTO
2026-06-19 00:56:56,1781830616,R_10,4849.236,-1,0.010000000000218279,BACKFILL_AUTO
2026-06-19 00:56:58,1781830618,R_10,4849.157,-1,0.07899999999972351,BACKFILL_AUTO
2026-06-19 00:57:00,1781830620,R_10,4849.167,1,0.010000000000218279,BACKFILL_AUTO
2026-06-19 00:57:02,1781830622,R_10,4849.142,-1,0.025000000000545697,BACKFILL_AUTO
2026-06-19 00:57:04,1781830624,R_10,4849.158,1,0.016000000000531145,BACKFILL_AUTO
2026-06-19 00:57:06,1781830626,R_10,4848.928,-1,0.23000000000047294,BACKFILL_AUTO
2026-06-19 00:57:08,1781830628,R_10,4848.975,1,0.04700000000048021,BACKFILL_AUTO
2026-06-19 00:57:10,1781830630,R_10,4848.997,1,0.021999999999934516,BACKFILL_AUTO
2026-06-19 00:57:12,1781830632,R_10,4849.045,1,0.047999999999774445,BACKFILL_AUTO
2026-06-19 00:57:14,1781830634,R_10,4849.266,1,0.2209999999995489,BACKFILL_AUTO
2026-06-19 00:57:16,1781830636,R_10,4849.26,-1,0.0059999999994033715,BACKFILL_AUTO
2026-06-19 00:57:18,1781830638,R_10,4849.386,1,0.12600000000020373,BACKFILL_AUTO
2026-06-19 00:57:20,1781830640,R_10,4849.457,1,0.07099999999991269,BACKFILL_AUTO
2026-06-19 00:57:22,1781830642,R_10,4849.3,-1,0.1570000000001528,BACKFILL_AUTO
2026-06-19 00:57:24,1781830644,R_10,4849.103,-1,0.19700000000011642,BACKFILL_AUTO
2026-06-19 00:57:26,1781830646,R_10,4849.146,1,0.042999999999665306,BACKFILL_AUTO
2026-06-19 00:57:28,1781830648,R_10,4848.927,-1,0.21900000000005093,BACKFILL_AUTO
2026-06-19 00:57:30,1781830650,R_10,4848.977,1,0.0500000000001819,BACKFILL_AUTO
2026-06-19 00:57:32,1781830652,R_10,4849.171,1,0.19400000000041473,BACKFILL_AUTO
2026-06-19 00:57:34,1781830654,R_10,4849.247,1,0.07600000000002183,BACKFILL_AUTO
2026-06-19 00:57:36,1781830656,R_10,4849.347,1,0.0999999999994543,BACKFILL_AUTO
2026-06-19 00:57:38,1781830658,R_10,4849.287,-1,0.05999999999949068,BACKFILL_AUTO
2026-06-19 00:57:40,1781830660,R_10,4849.37,1,0.08299999999962893,BACKFILL_AUTO
2026-06-19 00:57:42,1781830662,R_10,4849.313,-1,0.056999999999789,BACKFILL_AUTO
2026-06-19 00:57:44,1781830664,R_10,4849.58,1,0.2669999999998254,BACKFILL_AUTO
2026-06-19 00:57:46,1781830666,R_10,4849.567,-1,0.012999999999919964,BACKFILL_AUTO
2026-06-19 00:57:48,1781830668,R_10,4849.526,-1,0.04100000000016735,BACKFILL_AUTO
2026-06-19 00:57:50,1781830670,R_10,4849.695,1,0.16899999999986903,BACKFILL_AUTO
2026-06-19 00:57:52,1781830672,R_10,4849.906,1,0.2110000000002401,BACKFILL_AUTO
2026-06-19 00:57:54,1781830674,R_10,4849.72,-1,0.1859999999996944,BACKFILL_AUTO
2026-06-19 00:57:56,1781830676,R_10,4849.623,-1,0.09700000000066211,BACKFILL_AUTO
2026-06-19 00:57:58,1781830678,R_10,4849.699,1,0.07600000000002183,BACKFILL_AUTO
2026-06-19 00:58:00,1781830680,R_10,4849.591,-1,0.10799999999926513,BACKFILL_AUTO
2026-06-19 00:58:02,1781830682,R_10,4849.369,-1,0.2220000000006621,BACKFILL_AUTO
2026-06-19 00:58:04,1781830684,R_10,4849.25,-1,0.11899999999968713,BACKFILL_AUTO
2026-06-19 00:58:06,1781830686,R_10,4849.44,1,0.18999999999959982,BACKFILL_AUTO
2026-06-19 00:58:08,1781830688,R_10,4849.301,-1,0.1389999999992142,BACKFILL_AUTO
2026-06-19 00:58:10,1781830690,R_10,4849.12,-1,0.18100000000049477,BACKFILL_AUTO
2026-06-19 00:58:12,1781830692,R_10,4849.095,-1,0.024999999999636202,BACKFILL_AUTO
2026-06-19 00:58:14,1781830694,R_10,4848.922,-1,0.17300000000068394,BACKFILL_AUTO
2026-06-19 00:58:16,1781830696,R_10,4848.653,-1,0.26899999999932334,BACKFILL_AUTO
2026-06-19 00:58:18,1781830698,R_10,4848.749,1,0.09599999999954889,BACKFILL_AUTO
2026-06-19 00:58:20,1781830700,R_10,4848.825,1,0.07600000000002183,BACKFILL_AUTO
2026-06-19 00:58:22,1781830702,R_10,4848.617,-1,0.20799999999962893,BACKFILL_AUTO
2026-06-19 00:58:24,1781830704,R_10,4848.446,-1,0.1710000000002765,BACKFILL_AUTO
2026-06-19 00:58:26,1781830706,R_10,4848.702,1,0.25600000000031287,BACKFILL_AUTO
2026-06-19 00:58:28,1781830708,R_10,4848.785,1,0.08299999999962893,BACKFILL_AUTO
2026-06-19 00:58:30,1781830710,R_10,4848.847,1,0.06199999999989814,BACKFILL_AUTO
2026-06-19 00:58:32,1781830712,R_10,4848.896,1,0.04899999999997817,BACKFILL_AUTO
2026-06-19 00:58:34,1781830714,R_10,4848.987,1,0.09100000000034925,BACKFILL_AUTO
2026-06-19 00:58:36,1781830716,R_10,4848.938,-1,0.04899999999997817,BACKFILL_AUTO
2026-06-19 00:58:38,1781830718,R_10,4849.063,1,0.125,BACKFILL_AUTO
2026-06-19 00:58:40,1781830720,R_10,4849.034,-1,0.02900000000045111,BACKFILL_AUTO
2026-06-19 00:58:42,1781830722,R_10,4849.016,-1,0.018000000000029104,BACKFILL_AUTO
2026-06-19 00:58:44,1781830724,R_10,4848.935,-1,0.08099999999922147,BACKFILL_AUTO
2026-06-19 00:58:46,1781830726,R_10,4849.072,1,0.13699999999971624,BACKFILL_AUTO
2026-06-19 00:58:48,1781830728,R_10,4848.908,-1,0.1639999999997599,BACKFILL_AUTO
2026-06-19 00:58:50,1781830730,R_10,4848.793,-1,0.11500000000069122,BACKFILL_AUTO
2026-06-19 00:58:52,1781830732,R_10,4848.885,1,0.09200000000055297,BACKFILL_AUTO
2026-06-19 00:58:54,1781830734,R_10,4848.944,1,0.05900000000019645,BACKFILL_AUTO
2026-06-19 00:58:56,1781830736,R_10,4848.8,-1,0.14400000000023283,BACKFILL_AUTO
2026-06-19 00:58:58,1781830738,R_10,4848.821,1,0.02099999999973079,BACKFILL_AUTO
2026-06-19 00:59:00,1781830740,R_10,4848.881,1,0.06000000000040018,BACKFILL_AUTO
2026-06-19 00:59:02,1781830742,R_10,4848.944,1,0.06300000000010186,BACKFILL_AUTO
2026-06-19 00:59:04,1781830744,R_10,4848.776,-1,0.1680000000005748,BACKFILL_AUTO
2026-06-19 00:59:06,1781830746,R_10,4848.623,-1,0.15300000000024738,BACKFILL_AUTO
2026-06-19 00:59:08,1781830748,R_10,4848.512,-1,0.11099999999987631,BACKFILL_AUTO
2026-06-19 00:59:10,1781830750,R_10,4848.214,-1,0.29799999999977445,BACKFILL_AUTO
2026-06-19 00:59:12,1781830752,R_10,4848.226,1,0.011999999999716238,BACKFILL_AUTO
2026-06-19 00:59:14,1781830754,R_10,4848.151,-1,0.0749999999998181,BACKFILL_AUTO
2026-06-19 00:59:16,1781830756,R_10,4848.138,-1,0.012999999999919964,BACKFILL_AUTO
2026-06-19 00:59:18,1781830758,R_10,4848.189,1,0.051000000000385626,BACKFILL_AUTO
2026-06-19 00:59:20,1781830760,R_10,4848.242,1,0.052999999999883585,BACKFILL_AUTO
2026-06-19 00:59:22,1781830762,R_10,4848.298,1,0.05599999999958527,BACKFILL_AUTO
2026-06-19 00:59:24,1781830764,R_10,4848.195,-1,0.10300000000006548,BACKFILL_AUTO
2026-06-19 00:59:26,1781830766,R_10,4848.262,1,0.06700000000000728,BACKFILL_AUTO
2026-06-19 00:59:28,1781830768,R_10,4848.147,-1,0.11499999999978172,BACKFILL_AUTO
2026-06-19 00:59:30,1781830770,R_10,4848.161,1,0.014000000000123691,BACKFILL_AUTO
2026-06-19 00:59:32,1781830772,R_10,4848.063,-1,0.09799999999995634,BACKFILL_AUTO
2026-06-19 00:59:34,1781830774,R_10,4848.095,1,0.032000000000152795,BACKFILL_AUTO
2026-06-19 00:59:36,1781830776,R_10,4848.147,1,0.05199999999967986,BACKFILL_AUTO
2026-06-19 00:59:38,1781830778,R_10,4847.928,-1,0.21900000000005093,BACKFILL_AUTO
2026-06-19 00:59:40,1781830780,R_10,4847.942,1,0.014000000000123691,BACKFILL_AUTO
2026-06-19 00:59:42,1781830782,R_10,4848.021,1,0.07899999999972351,BACKFILL_AUTO
2026-06-19 00:59:44,1781830784,R_10,4848.075,1,0.05400000000008731,BACKFILL_AUTO
2026-06-19 00:59:46,1781830786,R_10,4848.21,1,0.13500000000021828,BACKFILL_AUTO
2026-06-19 00:59:48,1781830788,R_10,4848.144,-1,0.06599999999980355,BACKFILL_AUTO
2026-06-19 00:59:50,1781830790,R_10,4848.305,1,0.1610000000000582,BACKFILL_AUTO
2026-06-19 00:59:52,1781830792,R_10,4848.138,-1,0.16700000000037107,BACKFILL_AUTO
2026-06-19 00:59:54,1781830794,R_10,4848.247,1,0.10900000000037835,BACKFILL_AUTO
2026-06-19 00:59:56,1781830796,R_10,4848.141,-1,0.10600000000067666,BACKFILL_AUTO
2026-06-19 00:59:58,1781830798,R_10,4847.998,-1,0.1430000000000291,BACKFILL_AUTO
2026-06-19 01:00:00,1781830800,R_10,4847.91,-1,0.08799999999973807,BACKFILL_AUTO
2026-06-19 01:00:02,1781830802,R_10,4847.833,-1,0.07700000000022555,BACKFILL_AUTO
2026-06-19 01:00:04,1781830804,R_10,4847.902,1,0.06900000000041473,BACKFILL_AUTO
2026-06-19 01:00:06,1781830806,R_10,4847.856,-1,0.046000000000276486,BACKFILL_AUTO
2026-06-19 01:00:08,1781830808,R_10,4847.806,-1,0.0500000000001819,BACKFILL_AUTO
2026-06-19 01:00:10,1781830810,R_10,4847.992,1,0.1860000000006039,BACKFILL_AUTO
2026-06-19 01:00:12,1781830812,R_10,4848.097,1,0.10499999999956344,BACKFILL_AUTO
2026-06-19 01:00:14,1781830814,R_10,4848.111,1,0.014000000000123691,BACKFILL_AUTO
2026-06-19 01:00:16,1781830816,R_10,4848.223,1,0.11200000000008004,BACKFILL_AUTO
2026-06-19 01:00:18,1781830818,R_10,4848.077,-1,0.1459999999997308,BACKFILL_AUTO
2026-06-19 01:00:20,1781830820,R_10,4848.028,-1,0.04899999999997817,BACKFILL_AUTO
2026-06-19 01:00:22,1781830822,R_10,4847.971,-1,0.05700000000069849,BACKFILL_AUTO
2026-06-19 01:00:24,1781830824,R_10,4847.849,-1,0.12199999999938882,BACKFILL_AUTO
2026-06-19 01:00:26,1781830826,R_10,4847.986,1,0.13699999999971624,BACKFILL_AUTO
2026-06-19 01:00:28,1781830828,R_10,4848.057,1,0.07099999999991269,BACKFILL_AUTO
2026-06-19 01:00:30,1781830830,R_10,4847.943,-1,0.113999999999578,BACKFILL_AUTO
2026-06-19 01:00:32,1781830832,R_10,4848.044,1,0.10099999999965803,BACKFILL_AUTO
2026-06-19 01:00:34,1781830834,R_10,4848.167,1,0.12300000000050204,BACKFILL_AUTO
2026-06-19 01:00:36,1781830836,R_10,4848.156,-1,0.011000000000422006,BACKFILL_AUTO
2026-06-19 01:00:38,1781830838,R_10,4848.075,-1,0.08100000000013097,BACKFILL_AUTO
2026-06-19 01:00:40,1781830840,R_10,4848.132,1,0.056999999999789,BACKFILL_AUTO
2026-06-19 01:00:42,1781830842,R_10,4848.159,1,0.027000000000043656,BACKFILL_AUTO
2026-06-19 01:00:44,1781830844,R_10,4848.164,1,0.005000000000109139,BACKFILL_AUTO
2026-06-19 01:00:46,1781830846,R_10,4848.08,-1,0.08399999999983265,BACKFILL_AUTO
2026-06-19 01:00:48,1781830848,R_10,4848.011,-1,0.06899999999950523,BACKFILL_AUTO
2026-06-19 01:00:50,1781830850,R_10,4847.909,-1,0.10200000000077125,BACKFILL_AUTO
2026-06-19 01:00:52,1781830852,R_10,4847.927,1,0.018000000000029104,BACKFILL_AUTO
2026-06-19 01:00:54,1781830854,R_10,4848.032,1,0.10500000000047294,BACKFILL_AUTO
2026-06-19 01:00:56,1781830856,R_10,4848.086,1,0.05400000000008731,BACKFILL_AUTO
2026-06-19 01:00:58,1781830858,R_10,4848.235,1,0.14899999999943248,BACKFILL_AUTO
2026-06-19 01:01:00,1781830860,R_10,4848.166,-1,0.06899999999950523,BACKFILL_AUTO
2026-06-19 01:01:02,1781830862,R_10,4848.305,1,0.1390000000001237,BACKFILL_AUTO
2026-06-19 01:01:04,1781830864,R_10,4848.276,-1,0.02900000000045111,BACKFILL_AUTO
2026-06-19 01:01:06,1781830866,R_10,4848.19,-1,0.0860000000002401,BACKFILL_AUTO
2026-06-19 01:01:08,1781830868,R_10,4848.459,1,0.26900000000023283,BACKFILL_AUTO
2026-06-19 01:01:10,1781830870,R_10,4848.49,1,0.03099999999994907,BACKFILL_AUTO
2026-06-19 01:01:12,1781830872,R_10,4848.67,1,0.18000000000029104,BACKFILL_AUTO
2026-06-19 01:01:14,1781830874,R_10,4848.652,-1,0.018000000000029104,BACKFILL_AUTO
2026-06-19 01:01:16,1781830876,R_10,4848.655,1,0.0029999999997016857,BACKFILL_AUTO
2026-06-19 01:01:18,1781830878,R_10,4848.618,-1,0.03699999999935244,BACKFILL_AUTO
2026-06-19 01:01:20,1781830880,R_10,4848.876,1,0.2579999999998108,BACKFILL_AUTO
2026-06-19 01:01:22,1781830882,R_10,4848.983,1,0.1069999999999709,BACKFILL_AUTO
2026-06-19 01:01:24,1781830884,R_10,4849.03,1,0.04699999999957072,BACKFILL_AUTO
2026-06-19 01:01:26,1781830886,R_10,4849.111,1,0.08100000000013097,BACKFILL_AUTO
2026-06-19 01:01:28,1781830888,R_10,4848.931,-1,0.18000000000029104,BACKFILL_AUTO
2026-06-19 01:01:30,1781830890,R_10,4848.807,-1,0.12399999999979627,BACKFILL_AUTO
2026-06-19 01:01:32,1781830892,R_10,4848.83,1,0.023000000000138243,BACKFILL_AUTO
2026-06-19 01:01:34,1781830894,R_10,4848.583,-1,0.24700000000029831,BACKFILL_AUTO
2026-06-19 01:01:36,1781830896,R_10,4848.628,1,0.04500000000007276,BACKFILL_AUTO
2026-06-19 01:01:38,1781830898,R_10,4848.497,-1,0.13099999999940337,BACKFILL_AUTO
2026-06-19 01:01:40,1781830900,R_10,4848.479,-1,0.018000000000029104,BACKFILL_AUTO
2026-06-19 01:01:42,1781830902,R_10,4848.576,1,0.09699999999975262,BACKFILL_AUTO
2026-06-19 01:01:44,1781830904,R_10,4848.77,1,0.19400000000041473,BACKFILL_AUTO
2026-06-19 01:01:46,1781830906,R_10,4848.946,1,0.17599999999947613,BACKFILL_AUTO
2026-06-19 01:01:48,1781830908,R_10,4848.821,-1,0.125,BACKFILL_AUTO
2026-06-19 01:01:50,1781830910,R_10,4848.808,-1,0.012999999999919964,BACKFILL_AUTO
2026-06-19 01:01:52,1781830912,R_10,4848.736,-1,0.07200000000011642,BACKFILL_AUTO
2026-06-19 01:01:54,1781830914,R_10,4848.626,-1,0.10999999999967258,BACKFILL_AUTO
2026-06-19 01:01:56,1781830916,R_10,4848.564,-1,0.06199999999989814,BACKFILL_AUTO
2026-06-19 01:01:58,1781830918,R_10,4848.786,1,0.22199999999975262,BACKFILL_AUTO
2026-06-19 01:02:00,1781830920,R_10,4848.762,-1,0.02400000000034197,BACKFILL_AUTO
2026-06-19 01:02:02,1781830922,R_10,4848.834,1,0.07200000000011642,BACKFILL_AUTO
2026-06-19 01:02:04,1781830924,R_10,4848.735,-1,0.09900000000016007,BACKFILL_AUTO
2026-06-19 01:02:06,1781830926,R_10,4848.747,1,0.012000000000625732,BACKFILL_AUTO
2026-06-19 01:02:08,1781830928,R_10,4848.733,-1,0.014000000000123691,BACKFILL_AUTO
2026-06-19 01:02:10,1781830930,R_10,4848.844,1,0.11099999999987631,BACKFILL_AUTO
2026-06-19 01:02:12,1781830932,R_10,4848.865,1,0.02099999999973079,BACKFILL_AUTO
2026-06-19 01:02:14,1781830934,R_10,4849.002,1,0.13700000000062573,BACKFILL_AUTO
2026-06-19 01:02:16,1781830936,R_10,4848.675,-1,0.32700000000022555,BACKFILL_AUTO
2026-06-19 01:02:18,1781830938,R_10,4848.745,1,0.06999999999970896,BACKFILL_AUTO
2026-06-19 01:02:20,1781830940,R_10,4848.646,-1,0.09900000000016007,BACKFILL_AUTO
2026-06-19 01:02:22,1781830942,R_10,4848.464,-1,0.181999999999789,BACKFILL_AUTO
2026-06-19 01:02:24,1781830944,R_10,4848.511,1,0.04700000000048021,BACKFILL_AUTO
2026-06-19 01:02:26,1781830946,R_10,4848.552,1,0.04099999999925785,BACKFILL_AUTO
2026-06-19 01:02:28,1781830948,R_10,4848.626,1,0.07400000000052387,BACKFILL_AUTO
2026-06-19 01:02:30,1781830950,R_10,4848.718,1,0.09199999999964348,BACKFILL_AUTO
2026-06-19 01:02:32,1781830952,R_10,4848.659,-1,0.05900000000019645,BACKFILL_AUTO
2026-06-19 01:02:34,1781830954,R_10,4849.027,1,0.3680000000003929,BACKFILL_AUTO
2026-06-19 01:02:36,1781830956,R_10,4849.03,1,0.0029999999997016857,BACKFILL_AUTO
2026-06-19 01:02:38,1781830958,R_10,4848.925,-1,0.10499999999956344,BACKFILL_AUTO
2026-06-19 01:02:40,1781830960,R_10,4848.891,-1,0.03400000000056025,BACKFILL_AUTO
2026-06-19 01:02:42,1781830962,R_10,4848.756,-1,0.13499999999930878,BACKFILL_AUTO
2026-06-19 01:02:44,1781830964,R_10,4848.842,1,0.08599999999933061,BACKFILL_AUTO
2026-06-19 01:02:46,1781830966,R_10,4848.937,1,0.09500000000025466,BACKFILL_AUTO
2026-06-19 01:02:48,1781830968,R_10,4848.972,1,0.03499999999985448,BACKFILL_AUTO
2026-06-19 01:02:50,1781830970,R_10,4848.903,-1,0.06899999999950523,BACKFILL_AUTO
2026-06-19 01:02:52,1781830972,R_10,4848.81,-1,0.0929999999998472,BACKFILL_AUTO
2026-06-19 01:02:54,1781830974,R_10,4849.052,1,0.24199999999927968,BACKFILL_AUTO
2026-06-19 01:02:56,1781830976,R_10,4849.214,1,0.16200000000026193,BACKFILL_AUTO
2026-06-19 01:02:58,1781830978,R_10,4849.167,-1,0.04699999999957072,BACKFILL_AUTO
2026-06-19 01:03:00,1781830980,R_10,4849.287,1,0.11999999999989086,BACKFILL_AUTO
2026-06-19 01:03:02,1781830982,R_10,4849.388,1,0.10099999999965803,BACKFILL_AUTO
2026-06-19 01:03:04,1781830984,R_10,4849.518,1,0.13000000000010914,BACKFILL_AUTO
2026-06-19 01:03:06,1781830986,R_10,4849.736,1,0.2179999999998472,BACKFILL_AUTO
2026-06-19 01:03:08,1781830988,R_10,4849.801,1,0.06500000000050932,BACKFILL_AUTO
2026-06-19 01:03:10,1781830990,R_10,4849.749,-1,0.05200000000058935,BACKFILL_AUTO
2026-06-19 01:03:12,1781830992,R_10,4849.825,1,0.07600000000002183,BACKFILL_AUTO
2026-06-19 01:03:14,1781830994,R_10,4849.845,1,0.020000000000436557,BACKFILL_AUTO
2026-06-19 01:03:16,1781830996,R_10,4849.93,1,0.08500000000003638,BACKFILL_AUTO
2026-06-19 01:03:18,1781830998,R_10,4849.823,-1,0.1069999999999709,BACKFILL_AUTO
2026-06-19 01:03:20,1781831000,R_10,4849.839,1,0.01599999999962165,BACKFILL_AUTO
2026-06-19 01:03:22,1781831002,R_10,4849.81,-1,0.028999999999541615,BACKFILL_AUTO
2026-06-19 01:03:24,1781831004,R_10,4849.789,-1,0.021000000000640284,BACKFILL_AUTO
2026-06-19 01:03:26,1781831006,R_10,4849.851,1,0.06199999999989814,BACKFILL_AUTO
2026-06-19 01:03:28,1781831008,R_10,4849.951,1,0.1000000000003638,BACKFILL_AUTO
2026-06-19 01:03:30,1781831010,R_10,4850.126,1,0.1750000000001819,BACKFILL_AUTO
2026-06-19 01:03:32,1781831012,R_10,4850.363,1,0.23700000000008004,BACKFILL_AUTO
2026-06-19 01:03:34,1781831014,R_10,4850.481,1,0.11799999999948341,BACKFILL_AUTO
2026-06-19 01:03:36,1781831016,R_10,4850.453,-1,0.027999999999337888,BACKFILL_AUTO
2026-06-19 01:03:38,1781831018,R_10,4850.423,-1,0.030000000000654836,BACKFILL_AUTO
2026-06-19 01:03:40,1781831020,R_10,4850.452,1,0.02900000000045111,BACKFILL_AUTO
2026-06-19 01:03:42,1781831022,R_10,4850.618,1,0.16600000000016735,BACKFILL_AUTO
2026-06-19 01:03:44,1781831024,R_10,4850.529,-1,0.08899999999994179,BACKFILL_AUTO
2026-06-19 01:03:46,1781831026,R_10,4850.385,-1,0.14400000000023283,BACKFILL_AUTO
2026-06-19 01:03:48,1781831028,R_10,4850.287,-1,0.09799999999995634,BACKFILL_AUTO
2026-06-19 01:03:50,1781831030,R_10,4850.229,-1,0.057999999999992724,BACKFILL_AUTO
2026-06-19 01:03:52,1781831032,R_10,4850.195,-1,0.03400000000056025,BACKFILL_AUTO
2026-06-19 01:03:54,1781831034,R_10,4850.147,-1,0.047999999999774445,BACKFILL_AUTO
2026-06-19 01:03:56,1781831036,R_10,4850.008,-1,0.1390000000001237,BACKFILL_AUTO
2026-06-19 01:03:58,1781831038,R_10,4849.967,-1,0.04100000000016735,BACKFILL_AUTO
2026-06-19 01:04:00,1781831040,R_10,4849.823,-1,0.14399999999932334,BACKFILL_AUTO
2026-06-19 01:04:02,1781831042,R_10,4849.814,-1,0.009000000000014552,BACKFILL_AUTO
2026-06-19 01:04:04,1781831044,R_10,4849.902,1,0.08799999999973807,BACKFILL_AUTO
2026-06-19 01:04:06,1781831046,R_10,4849.825,-1,0.07700000000022555,BACKFILL_AUTO
2026-06-19 01:04:08,1781831048,R_10,4849.839,1,0.014000000000123691,BACKFILL_AUTO
2026-06-19 01:04:10,1781831050,R_10,4849.722,-1,0.11700000000018917,BACKFILL_AUTO
2026-06-19 01:04:12,1781831052,R_10,4849.904,1,0.1820000000006985,BACKFILL_AUTO
2026-06-19 01:04:14,1781831054,R_10,4850.171,1,0.2669999999998254,BACKFILL_AUTO
2026-06-19 01:04:16,1781831056,R_10,4850.239,1,0.06799999999930151,BACKFILL_AUTO
2026-06-19 01:04:18,1781831058,R_10,4850.339,1,0.1000000000003638,BACKFILL_AUTO
2026-06-19 01:04:20,1781831060,R_10,4850.175,-1,0.1639999999997599,BACKFILL_AUTO
2026-06-19 01:04:22,1781831062,R_10,4850.073,-1,0.10199999999986176,BACKFILL_AUTO
2026-06-19 01:04:24,1781831064,R_10,4850.069,-1,0.0039999999999054126,BACKFILL_AUTO
2026-06-19 01:04:26,1781831066,R_10,4850.031,-1,0.03800000000046566,BACKFILL_AUTO
2026-06-19 01:04:28,1781831068,R_10,4850.19,1,0.15899999999965075,BACKFILL_AUTO
2026-06-19 01:04:30,1781831070,R_10,4850.165,-1,0.024999999999636202,BACKFILL_AUTO
2026-06-19 01:04:32,1781831072,R_10,4850.09,-1,0.0749999999998181,BACKFILL_AUTO
2026-06-19 01:04:34,1781831074,R_10,4850.142,1,0.05199999999967986,BACKFILL_AUTO
2026-06-19 01:04:36,1781831076,R_10,4850.19,1,0.047999999999774445,BACKFILL_AUTO
2026-06-19 01:04:38,1781831078,R_10,4850.066,-1,0.12399999999979627,BACKFILL_AUTO
2026-06-19 01:04:40,1781831080,R_10,4849.989,-1,0.07700000000022555,BACKFILL_AUTO
2026-06-19 01:04:42,1781831082,R_10,4849.852,-1,0.13699999999971624,BACKFILL_AUTO
2026-06-19 01:04:44,1781831084,R_10,4849.936,1,0.08399999999983265,BACKFILL_AUTO
2026-06-19 01:04:46,1781831086,R_10,4850.069,1,0.13300000000072032,BACKFILL_AUTO
2026-06-19 01:04:48,1781831088,R_10,4850.127,1,0.057999999999992724,BACKFILL_AUTO
2026-06-19 01:04:50,1781831090,R_10,4850.16,1,0.03299999999944703,BACKFILL_AUTO
2026-06-19 01:04:52,1781831092,R_10,4850.152,-1,0.007999999999810825,BACKFILL_AUTO
2026-06-19 01:04:54,1781831094,R_10,4850.213,1,0.06099999999969441,BACKFILL_AUTO
2026-06-19 01:04:56,1781831096,R_10,4850.053,-1,0.15999999999985448,BACKFILL_AUTO
2026-06-19 01:04:58,1781831098,R_10,4850.051,-1,0.001999999999497959,BACKFILL_AUTO
2026-06-19 01:05:00,1781831100,R_10,4849.888,-1,0.16300000000046566,BACKFILL_AUTO
2026-06-19 01:05:02,1781831102,R_10,4849.792,-1,0.09599999999954889,BACKFILL_AUTO
2026-06-19 01:05:04,1781831104,R_10,4849.591,-1,0.20100000000002183,BACKFILL_AUTO
2026-06-19 01:05:06,1781831106,R_10,4849.508,-1,0.08300000000053842,BACKFILL_AUTO
2026-06-19 01:05:08,1781831108,R_10,4849.393,-1,0.11499999999978172,BACKFILL_AUTO
2026-06-19 01:05:10,1781831110,R_10,4849.579,1,0.1859999999996944,BACKFILL_AUTO
2026-06-19 01:05:12,1781831112,R_10,4849.435,-1,0.14399999999932334,BACKFILL_AUTO
2026-06-19 01:05:14,1781831114,R_10,4849.422,-1,0.01300000000082946,BACKFILL_AUTO
2026-06-19 01:05:16,1781831116,R_10,4849.326,-1,0.09599999999954889,BACKFILL_AUTO
2026-06-19 01:05:18,1781831118,R_10,4849.466,1,0.14000000000032742,BACKFILL_AUTO
2026-06-19 01:05:20,1781831120,R_10,4849.327,-1,0.1390000000001237,BACKFILL_AUTO
2026-06-19 01:05:22,1781831122,R_10,4849.472,1,0.14499999999952706,BACKFILL_AUTO
2026-06-19 01:05:24,1781831124,R_10,4849.528,1,0.056000000000494765,BACKFILL_AUTO
2026-06-19 01:05:26,1781831126,R_10,4849.534,1,0.0059999999994033715,BACKFILL_AUTO
2026-06-19 01:05:28,1781831128,R_10,4849.68,1,0.14600000000064028,BACKFILL_AUTO
2026-06-19 01:05:30,1781831130,R_10,4849.782,1,0.10199999999986176,BACKFILL_AUTO
2026-06-19 01:05:32,1781831132,R_10,4849.999,1,0.21699999999964348,BACKFILL_AUTO
2026-06-19 01:05:34,1781831134,R_10,4850.014,1,0.015000000000327418,BACKFILL_AUTO
2026-06-19 01:05:36,1781831136,R_10,4850.072,1,0.057999999999992724,BACKFILL_AUTO
2026-06-19 01:05:38,1781831138,R_10,4850.162,1,0.09000000000014552,BACKFILL_AUTO
2026-06-19 01:05:40,1781831140,R_10,4850.329,1,0.16699999999946158,BACKFILL_AUTO
2026-06-19 01:05:42,1781831142,R_10,4850.35,1,0.021000000000640284,BACKFILL_AUTO
2026-06-19 01:05:44,1781831144,R_10,4850.426,1,0.07600000000002183,BACKFILL_AUTO
2026-06-19 01:05:46,1781831146,R_10,4850.458,1,0.0319999999992433,BACKFILL_AUTO
2026-06-19 01:05:48,1781831148,R_10,4850.583,1,0.125,BACKFILL_AUTO
2026-06-19 01:05:50,1781831150,R_10,4850.614,1,0.03099999999994907,BACKFILL_AUTO
2026-06-19 01:05:52,1781831152,R_10,4850.543,-1,0.07099999999991269,BACKFILL_AUTO
2026-06-19 01:05:54,1781831154,R_10,4850.525,-1,0.018000000000029104,BACKFILL_AUTO
2026-06-19 01:05:56,1781831156,R_10,4850.476,-1,0.04899999999997817,BACKFILL_AUTO
2026-06-19 01:05:58,1781831158,R_10,4850.625,1,0.14900000000034197,BACKFILL_AUTO
2026-06-19 01:06:00,1781831160,R_10,4850.656,1,0.03099999999994907,BACKFILL_AUTO
2026-06-19 01:06:02,1781831162,R_10,4850.607,-1,0.04899999999997817,BACKFILL_AUTO
2026-06-19 01:06:04,1781831164,R_10,4850.698,1,0.09100000000034925,BACKFILL_AUTO
2026-06-19 01:06:06,1781831166,R_10,4850.551,-1,0.14699999999993452,BACKFILL_AUTO
2026-06-19 01:06:08,1781831168,R_10,4850.552,1,0.0009999999992942321,BACKFILL_AUTO
2026-06-19 01:06:10,1781831170,R_10,4850.458,-1,0.09400000000005093,BACKFILL_AUTO
2026-06-19 01:06:12,1781831172,R_10,4850.27,-1,0.18799999999919237,BACKFILL_AUTO
2026-06-19 01:06:14,1781831174,R_10,4850.145,-1,0.125,BACKFILL_AUTO
2026-06-19 01:06:16,1781831176,R_10,4849.94,-1,0.20500000000083674,BACKFILL_AUTO
2026-06-19 01:06:18,1781831178,R_10,4849.978,1,0.03800000000046566,BACKFILL_AUTO
2026-06-19 01:06:20,1781831180,R_10,4849.998,1,0.019999999999527063,BACKFILL_AUTO
2026-06-19 01:06:22,1781831182,R_10,4849.914,-1,0.08399999999983265,BACKFILL_AUTO
2026-06-19 01:06:24,1781831184,R_10,4849.976,1,0.06199999999989814,BACKFILL_AUTO
2026-06-19 01:06:26,1781831186,R_10,4849.922,-1,0.05400000000008731,BACKFILL_AUTO
2026-06-19 01:06:28,1781831188,R_10,4849.74,-1,0.181999999999789,BACKFILL_AUTO
2026-06-19 01:06:30,1781831190,R_10,4849.736,-1,0.0039999999999054126,BACKFILL_AUTO
2026-06-19 01:06:32,1781831192,R_10,4849.481,-1,0.25500000000010914,BACKFILL_AUTO
2026-06-19 01:06:34,1781831194,R_10,4849.368,-1,0.11299999999937427,BACKFILL_AUTO
2026-06-19 01:06:36,1781831196,R_10,4849.29,-1,0.07800000000042928,BACKFILL_AUTO
2026-06-19 01:06:38,1781831198,R_10,4849.474,1,0.18400000000019645,BACKFILL_AUTO
2026-06-19 01:06:40,1781831200,R_10,4849.438,-1,0.03600000000005821,BACKFILL_AUTO
2026-06-19 01:06:42,1781831202,R_10,4849.374,-1,0.06400000000030559,BACKFILL_AUTO
2026-06-19 01:06:44,1781831204,R_10,4849.326,-1,0.047999999999774445,BACKFILL_AUTO
2026-06-19 01:06:46,1781831206,R_10,4849.399,1,0.07300000000032014,BACKFILL_AUTO
2026-06-19 01:06:48,1781831208,R_10,4849.564,1,0.16499999999996362,BACKFILL_AUTO
2026-06-19 01:06:50,1781831210,R_10,4849.613,1,0.04899999999997817,BACKFILL_AUTO
2026-06-19 01:06:52,1781831212,R_10,4849.433,-1,0.18000000000029104,BACKFILL_AUTO
2026-06-19 01:06:54,1781831214,R_10,4849.613,1,0.18000000000029104,BACKFILL_AUTO
2026-06-19 01:06:56,1781831216,R_10,4849.703,1,0.09000000000014552,BACKFILL_AUTO
2026-06-19 01:06:58,1781831218,R_10,4849.684,-1,0.01900000000023283,BACKFILL_AUTO
2026-06-19 01:07:00,1781831220,R_10,4849.721,1,0.03699999999935244,BACKFILL_AUTO
2026-06-19 01:07:02,1781831222,R_10,4849.541,-1,0.17999999999938154,BACKFILL_AUTO
2026-06-19 01:07:04,1781831224,R_10,4849.406,-1,0.13500000000021828,BACKFILL_AUTO
2026-06-19 01:07:06,1781831226,R_10,4849.186,-1,0.22000000000025466,BACKFILL_AUTO
2026-06-19 01:07:08,1781831228,R_10,4849.112,-1,0.07399999999961437,BACKFILL_AUTO
2026-06-19 01:07:10,1781831230,R_10,4849.119,1,0.006999999999607098,BACKFILL_AUTO
2026-06-19 01:07:12,1781831232,R_10,4849.285,1,0.16600000000016735,BACKFILL_AUTO
2026-06-19 01:07:14,1781831234,R_10,4849.172,-1,0.11300000000028376,BACKFILL_AUTO
2026-06-19 01:07:16,1781831236,R_10,4849.179,1,0.007000000000516593,BACKFILL_AUTO
2026-06-19 01:07:18,1781831238,R_10,4849.249,1,0.06999999999970896,BACKFILL_AUTO
2026-06-19 01:07:20,1781831240,R_10,4849.623,1,0.3739999999997963,BACKFILL_AUTO
2026-06-19 01:07:22,1781831242,R_10,4849.678,1,0.05500000000029104,BACKFILL_AUTO
2026-06-19 01:07:24,1781831244,R_10,4849.559,-1,0.11899999999968713,BACKFILL_AUTO
2026-06-19 01:07:26,1781831246,R_10,4849.447,-1,0.11200000000008004,BACKFILL_AUTO
2026-06-19 01:07:28,1781831248,R_10,4849.513,1,0.06599999999980355,BACKFILL_AUTO
2026-06-19 01:07:30,1781831250,R_10,4849.39,-1,0.12299999999959255,BACKFILL_AUTO
2026-06-19 01:07:32,1781831252,R_10,4849.383,-1,0.007000000000516593,BACKFILL_AUTO
2026-06-19 01:07:34,1781831254,R_10,4849.225,-1,0.15799999999944703,BACKFILL_AUTO
2026-06-19 01:07:36,1781831256,R_10,4849.52,1,0.29500000000007276,BACKFILL_AUTO
2026-06-19 01:07:38,1781831258,R_10,4849.383,-1,0.13700000000062573,BACKFILL_AUTO
2026-06-19 01:07:40,1781831260,R_10,4849.551,1,0.1680000000005748,BACKFILL_AUTO
2026-06-19 01:07:42,1781831262,R_10,4849.472,-1,0.07900000000063301,BACKFILL_AUTO
2026-06-19 01:07:44,1781831264,R_10,4849.314,-1,0.15799999999944703,BACKFILL_AUTO
2026-06-19 01:07:46,1781831266,R_10,4849.362,1,0.047999999999774445,BACKFILL_AUTO
2026-06-19 01:07:48,1781831268,R_10,4849.288,-1,0.07400000000052387,BACKFILL_AUTO
2026-06-19 01:07:50,1781831270,R_10,4849.568,1,0.28000000000065484,BACKFILL_AUTO
2026-06-19 01:07:52,1781831272,R_10,4849.661,1,0.0929999999998472,BACKFILL_AUTO
2026-06-19 01:07:54,1781831274,R_10,4849.721,1,0.05999999999949068,BACKFILL_AUTO
2026-06-19 01:07:56,1781831276,R_10,4849.542,-1,0.17899999999917782,BACKFILL_AUTO
2026-06-19 01:07:58,1781831278,R_10,4849.426,-1,0.11599999999998545,BACKFILL_AUTO
2026-06-19 01:08:00,1781831280,R_10,4849.528,1,0.10199999999986176,BACKFILL_AUTO
2026-06-19 01:08:02,1781831282,R_10,4849.404,-1,0.12399999999979627,BACKFILL_AUTO
2026-06-19 01:08:04,1781831284,R_10,4849.379,-1,0.025000000000545697,BACKFILL_AUTO
2026-06-19 01:08:06,1781831286,R_10,4849.201,-1,0.17799999999988358,BACKFILL_AUTO
2026-06-19 01:08:08,1781831288,R_10,4849.306,1,0.10499999999956344,BACKFILL_AUTO
2026-06-19 01:08:10,1781831290,R_10,4849.369,1,0.06300000000010186,BACKFILL_AUTO
2026-06-19 01:08:12,1781831292,R_10,4849.305,-1,0.0639999999993961,BACKFILL_AUTO
2026-06-19 01:08:14,1781831294,R_10,4849.462,1,0.1570000000001528,BACKFILL_AUTO
2026-06-19 01:08:16,1781831296,R_10,4849.399,-1,0.06300000000010186,BACKFILL_AUTO
2026-06-19 01:08:18,1781831298,R_10,4849.29,-1,0.10900000000037835,BACKFILL_AUTO
2026-06-19 01:08:20,1781831300,R_10,4849.302,1,0.011999999999716238,BACKFILL_AUTO
2026-06-19 01:08:22,1781831302,R_10,4849.298,-1,0.0039999999999054126,BACKFILL_AUTO
2026-06-19 01:08:24,1781831304,R_10,4849.146,-1,0.15200000000004366,BACKFILL_AUTO
2026-06-19 01:08:26,1781831306,R_10,4849.015,-1,0.13099999999940337,BACKFILL_AUTO
2026-06-19 01:08:28,1781831308,R_10,4849.083,1,0.06799999999930151,BACKFILL_AUTO
2026-06-19 01:08:30,1781831310,R_10,4849.075,-1,0.007999999999810825,BACKFILL_AUTO
2026-06-19 01:08:32,1781831312,R_10,4848.987,-1,0.08799999999973807,BACKFILL_AUTO
2026-06-19 01:08:34,1781831314,R_10,4849.216,1,0.2290000000002692,BACKFILL_AUTO
2026-06-19 01:08:36,1781831316,R_10,4849.304,1,0.08799999999973807,BACKFILL_AUTO
2026-06-19 01:08:38,1781831318,R_10,4849.368,1,0.06400000000030559,BACKFILL_AUTO
2026-06-19 01:08:40,1781831320,R_10,4849.357,-1,0.011000000000422006,BACKFILL_AUTO
2026-06-19 01:08:42,1781831322,R_10,4849.371,1,0.014000000000123691,BACKFILL_AUTO
2026-06-19 01:08:44,1781831324,R_10,4849.586,1,0.21500000000014552,BACKFILL_AUTO
2026-06-19 01:08:46,1781831326,R_10,4849.503,-1,0.08300000000053842,BACKFILL_AUTO
2026-06-19 01:08:48,1781831328,R_10,4849.629,1,0.12600000000020373,BACKFILL_AUTO
2026-06-19 01:08:50,1781831330,R_10,4849.525,-1,0.10400000000026921,BACKFILL_AUTO
2026-06-19 01:08:52,1781831332,R_10,4849.481,-1,0.04399999999986903,BACKFILL_AUTO
2026-06-19 01:08:54,1781831334,R_10,4849.451,-1,0.02999999999974534,BACKFILL_AUTO
2026-06-19 01:08:56,1781831336,R_10,4849.472,1,0.02099999999973079,BACKFILL_AUTO
2026-06-19 01:08:58,1781831338,R_10,4849.572,1,0.1000000000003638,BACKFILL_AUTO
2026-06-19 01:09:00,1781831340,R_10,4849.752,1,0.18000000000029104,BACKFILL_AUTO
2026-06-19 01:09:02,1781831342,R_10,4849.557,-1,0.19500000000061846,BACKFILL_AUTO
2026-06-19 01:09:04,1781831344,R_10,4849.736,1,0.1790000000000873,BACKFILL_AUTO
2026-06-19 01:09:06,1781831346,R_10,4849.713,-1,0.023000000000138243,BACKFILL_AUTO
2026-06-19 01:09:08,1781831348,R_10,4849.729,1,0.016000000000531145,BACKFILL_AUTO
2026-06-19 01:09:10,1781831350,R_10,4850.031,1,0.30199999999967986,BACKFILL_AUTO
2026-06-19 01:09:12,1781831352,R_10,4849.835,-1,0.1959999999999127,BACKFILL_AUTO
2026-06-19 01:09:14,1781831354,R_10,4849.807,-1,0.028000000000247383,BACKFILL_AUTO
2026-06-19 01:09:16,1781831356,R_10,4849.83,1,0.023000000000138243,BACKFILL_AUTO
2026-06-19 01:09:18,1781831358,R_10,4849.921,1,0.09100000000034925,BACKFILL_AUTO
2026-06-19 01:09:20,1781831360,R_10,4849.904,-1,0.016999999999825377,BACKFILL_AUTO
2026-06-19 01:09:22,1781831362,R_10,4849.989,1,0.08499999999912689,BACKFILL_AUTO
2026-06-19 01:09:24,1781831364,R_10,4849.969,-1,0.019999999999527063,BACKFILL_AUTO
2026-06-19 01:09:26,1781831366,R_10,4849.918,-1,0.051000000000385626,BACKFILL_AUTO
2026-06-19 01:09:28,1781831368,R_10,4850.174,1,0.25600000000031287,BACKFILL_AUTO
2026-06-19 01:09:30,1781831370,R_10,4850.033,-1,0.14099999999962165,BACKFILL_AUTO
2026-06-19 01:09:32,1781831372,R_10,4849.797,-1,0.2360000000007858,BACKFILL_AUTO
2026-06-19 01:09:34,1781831374,R_10,4850.124,1,0.32700000000022555,BACKFILL_AUTO
2026-06-19 01:09:36,1781831376,R_10,4850.026,-1,0.09799999999995634,BACKFILL_AUTO
2026-06-19 01:09:38,1781831378,R_10,4849.951,-1,0.0749999999998181,BACKFILL_AUTO
2026-06-19 01:09:40,1781831380,R_10,4849.913,-1,0.03800000000046566,BACKFILL_AUTO
2026-06-19 01:09:42,1781831382,R_10,4849.869,-1,0.04399999999986903,BACKFILL_AUTO
2026-06-19 01:09:44,1781831384,R_10,4850.027,1,0.15800000000035652,BACKFILL_AUTO
2026-06-19 01:09:46,1781831386,R_10,4849.886,-1,0.14099999999962165,BACKFILL_AUTO
2026-06-19 01:09:48,1781831388,R_10,4850.017,1,0.13099999999940337,BACKFILL_AUTO
2026-06-19 01:09:50,1781831390,R_10,4850.206,1,0.1890000000003056,BACKFILL_AUTO
2026-06-19 01:09:52,1781831392,R_10,4850.432,1,0.22599999999965803,BACKFILL_AUTO
2026-06-19 01:09:54,1781831394,R_10,4850.438,1,0.006000000000312866,BACKFILL_AUTO
2026-06-19 01:09:56,1781831396,R_10,4850.54,1,0.10199999999986176,BACKFILL_AUTO
2026-06-19 01:09:58,1781831398,R_10,4850.639,1,0.09900000000016007,BACKFILL_AUTO
2026-06-19 01:10:00,1781831400,R_10,4850.821,1,0.181999999999789,BACKFILL_AUTO
2026-06-19 01:10:02,1781831402,R_10,4850.827,1,0.006000000000312866,BACKFILL_AUTO
2026-06-19 01:10:04,1781831404,R_10,4850.937,1,0.10999999999967258,BACKFILL_AUTO
2026-06-19 01:10:06,1781831406,R_10,4850.927,-1,0.010000000000218279,BACKFILL_AUTO
2026-06-19 01:10:08,1781831408,R_10,4850.861,-1,0.06599999999980355,BACKFILL_AUTO
2026-06-19 01:10:10,1781831410,R_10,4851.041,1,0.18000000000029104,BACKFILL_AUTO
2026-06-19 01:10:12,1781831412,R_10,4851.14,1,0.09900000000016007,BACKFILL_AUTO
2026-06-19 01:10:14,1781831414,R_10,4851.15,1,0.009999999999308784,BACKFILL_AUTO
2026-06-19 01:10:16,1781831416,R_10,4851.286,1,0.136000000000422,BACKFILL_AUTO
2026-06-19 01:10:18,1781831418,R_10,4851.085,-1,0.20100000000002183,BACKFILL_AUTO
2026-06-19 01:10:20,1781831420,R_10,4851.217,1,0.1319999999996071,BACKFILL_AUTO
2026-06-19 01:10:22,1781831422,R_10,4851.291,1,0.07400000000052387,BACKFILL_AUTO
2026-06-19 01:10:24,1781831424,R_10,4851.221,-1,0.07000000000061846,BACKFILL_AUTO
2026-06-19 01:10:26,1781831426,R_10,4851.294,1,0.07300000000032014,BACKFILL_AUTO
2026-06-19 01:10:28,1781831428,R_10,4851.366,1,0.07200000000011642,BACKFILL_AUTO
2026-06-19 01:10:30,1781831430,R_10,4851.361,-1,0.005000000000109139,BACKFILL_AUTO
2026-06-19 01:10:32,1781831432,R_10,4851.435,1,0.07400000000052387,BACKFILL_AUTO
2026-06-19 01:10:34,1781831434,R_10,4851.45,1,0.014999999999417923,BACKFILL_AUTO
2026-06-19 01:10:36,1781831436,R_10,4851.457,1,0.007000000000516593,BACKFILL_AUTO
2026-06-19 01:10:38,1781831438,R_10,4851.431,-1,0.026000000000749424,BACKFILL_AUTO
2026-06-19 01:10:40,1781831440,R_10,4851.287,-1,0.14399999999932334,BACKFILL_AUTO
2026-06-19 01:10:42,1781831442,R_10,4851.411,1,0.12399999999979627,BACKFILL_AUTO
2026-06-19 01:10:44,1781831444,R_10,4851.389,-1,0.021999999999934516,BACKFILL_AUTO
2026-06-19 01:10:46,1781831446,R_10,4851.359,-1,0.02999999999974534,BACKFILL_AUTO
2026-06-19 01:10:48,1781831448,R_10,4851.321,-1,0.03800000000046566,BACKFILL_AUTO
2026-06-19 01:10:50,1781831450,R_10,4851.172,-1,0.14900000000034197,BACKFILL_AUTO
2026-06-19 01:10:52,1781831452,R_10,4851.341,1,0.16900000000077853,BACKFILL_AUTO
2026-06-19 01:10:54,1781831454,R_10,4851.414,1,0.07299999999941065,BACKFILL_AUTO
2026-06-19 01:10:56,1781831456,R_10,4851.638,1,0.22400000000016007,BACKFILL_AUTO
2026-06-19 01:10:58,1781831458,R_10,4851.653,1,0.015000000000327418,BACKFILL_AUTO
2026-06-19 01:11:00,1781831460,R_10,4851.644,-1,0.009000000000014552,BACKFILL_AUTO
2026-06-19 01:11:02,1781831462,R_10,4851.667,1,0.023000000000138243,BACKFILL_AUTO
2026-06-19 01:11:04,1781831464,R_10,4851.614,-1,0.05300000000079308,BACKFILL_AUTO
2026-06-19 01:11:06,1781831466,R_10,4851.932,1,0.318000000000211,BACKFILL_AUTO
2026-06-19 01:11:08,1781831468,R_10,4851.935,1,0.0030000000006111804,BACKFILL_AUTO
2026-06-19 01:11:10,1781831470,R_10,4851.915,-1,0.020000000000436557,BACKFILL_AUTO
2026-06-19 01:11:12,1781831472,R_10,4852.041,1,0.12600000000020373,BACKFILL_AUTO
2026-06-19 01:11:14,1781831474,R_10,4851.964,-1,0.07700000000022555,BACKFILL_AUTO
2026-06-19 01:11:16,1781831476,R_10,4851.993,1,0.02900000000045111,BACKFILL_AUTO
2026-06-19 01:11:18,1781831478,R_10,4851.969,-1,0.02400000000034197,BACKFILL_AUTO
2026-06-19 01:11:20,1781831480,R_10,4852.023,1,0.05400000000008731,BACKFILL_AUTO
2026-06-19 01:11:22,1781831482,R_10,4852.107,1,0.08399999999983265,BACKFILL_AUTO
2026-06-19 01:11:24,1781831484,R_10,4852.258,1,0.15099999999983993,BACKFILL_AUTO
2026-06-19 01:11:26,1781831486,R_10,4852.192,-1,0.06599999999980355,BACKFILL_AUTO
2026-06-19 01:11:28,1781831488,R_10,4852.375,1,0.18299999999999272,BACKFILL_AUTO
2026-06-19 01:11:30,1781831490,R_10,4852.481,1,0.10599999999976717,BACKFILL_AUTO
2026-06-19 01:11:32,1781831492,R_10,4852.477,-1,0.0039999999999054126,BACKFILL_AUTO
2026-06-19 01:11:34,1781831494,R_10,4852.541,1,0.06400000000030559,BACKFILL_AUTO
2026-06-19 01:11:36,1781831496,R_10,4852.474,-1,0.06700000000000728,BACKFILL_AUTO
2026-06-19 01:11:38,1781831498,R_10,4852.566,1,0.09199999999964348,BACKFILL_AUTO
2026-06-19 01:11:40,1781831500,R_10,4852.631,1,0.06500000000050932,BACKFILL_AUTO
2026-06-19 01:11:42,1781831502,R_10,4852.768,1,0.13699999999971624,BACKFILL_AUTO
2026-06-19 01:11:44,1781831504,R_10,4852.586,-1,0.181999999999789,BACKFILL_AUTO
2026-06-19 01:11:46,1781831506,R_10,4852.627,1,0.04100000000016735,BACKFILL_AUTO
2026-06-19 01:11:48,1781831508,R_10,4852.602,-1,0.025000000000545697,BACKFILL_AUTO
2026-06-19 01:11:50,1781831510,R_10,4852.732,1,0.13000000000010914,BACKFILL_AUTO
2026-06-19 01:11:52,1781831512,R_10,4852.819,1,0.08700000000044383,BACKFILL_AUTO
2026-06-19 01:11:54,1781831514,R_10,4852.993,1,0.17399999999997817,BACKFILL_AUTO
2026-06-19 01:11:56,1781831516,R_10,4853.08,1,0.08699999999953434,BACKFILL_AUTO
2026-06-19 01:11:58,1781831518,R_10,4853.046,-1,0.033999999999650754,BACKFILL_AUTO
2026-06-19 01:12:00,1781831520,R_10,4853.142,1,0.09599999999954889,BACKFILL_AUTO
2026-06-19 01:12:02,1781831522,R_10,4853.108,-1,0.033999999999650754,BACKFILL_AUTO
2026-06-19 01:12:04,1781831524,R_10,4853.119,1,0.01099999999951251,BACKFILL_AUTO
2026-06-19 01:12:06,1781831526,R_10,4853.227,1,0.10800000000017462,BACKFILL_AUTO
2026-06-19 01:12:08,1781831528,R_10,4853.197,-1,0.02999999999974534,BACKFILL_AUTO
2026-06-19 01:12:10,1781831530,R_10,4853.083,-1,0.11400000000048749,BACKFILL_AUTO
2026-06-19 01:12:12,1781831532,R_10,4853.154,1,0.07100000000082218,BACKFILL_AUTO
2026-06-19 01:12:14,1781831534,R_10,4853.265,1,0.11099999999987631,BACKFILL_AUTO
2026-06-19 01:12:16,1781831536,R_10,4853.136,-1,0.1289999999999054,BACKFILL_AUTO
2026-06-19 01:12:18,1781831538,R_10,4853.037,-1,0.09900000000016007,BACKFILL_AUTO
2026-06-19 01:12:20,1781831540,R_10,4853.349,1,0.31199999999989814,BACKFILL_AUTO
2026-06-19 01:12:22,1781831542,R_10,4853.447,1,0.09799999999995634,BACKFILL_AUTO
2026-06-19 01:12:24,1781831544,R_10,4853.571,1,0.12399999999979627,BACKFILL_AUTO
2026-06-19 01:12:26,1781831546,R_10,4853.58,1,0.009000000000014552,BACKFILL_AUTO
2026-06-19 01:12:28,1781831548,R_10,4853.608,1,0.028000000000247383,BACKFILL_AUTO
2026-06-19 01:12:30,1781831550,R_10,4853.653,1,0.04500000000007276,BACKFILL_AUTO
2026-06-19 01:12:32,1781831552,R_10,4853.518,-1,0.13500000000021828,BACKFILL_AUTO
2026-06-19 01:12:34,1781831554,R_10,4853.543,1,0.024999999999636202,BACKFILL_AUTO
2026-06-19 01:12:36,1781831556,R_10,4853.54,-1,0.0029999999997016857,BACKFILL_AUTO
2026-06-19 01:12:38,1781831558,R_10,4853.541,1,0.0010000000002037268,BACKFILL_AUTO
2026-06-19 01:12:40,1781831560,R_10,4853.532,-1,0.009000000000014552,BACKFILL_AUTO
2026-06-19 01:12:42,1781831562,R_10,4853.475,-1,0.056999999999789,BACKFILL_AUTO
2026-06-19 01:12:44,1781831564,R_10,4853.541,1,0.06599999999980355,BACKFILL_AUTO
2026-06-19 01:12:46,1781831566,R_10,4853.327,-1,0.2139999999999418,BACKFILL_AUTO
2026-06-19 01:12:48,1781831568,R_10,4853.277,-1,0.0500000000001819,BACKFILL_AUTO
2026-06-19 01:12:50,1781831570,R_10,4853.349,1,0.07200000000011642,BACKFILL_AUTO
2026-06-19 01:12:52,1781831572,R_10,4853.34,-1,0.009000000000014552,BACKFILL_AUTO
2026-06-19 01:12:54,1781831574,R_10,4853.688,1,0.34799999999995634,BACKFILL_AUTO
2026-06-19 01:12:56,1781831576,R_10,4853.488,-1,0.1999999999998181,BACKFILL_AUTO
2026-06-19 01:12:58,1781831578,R_10,4853.487,-1,0.0010000000002037268,BACKFILL_AUTO
2026-06-19 01:13:00,1781831580,R_10,4853.421,-1,0.06599999999980355,BACKFILL_AUTO
2026-06-19 01:13:02,1781831582,R_10,4853.382,-1,0.03900000000066939,BACKFILL_AUTO
2026-06-19 01:13:04,1781831584,R_10,4853.21,-1,0.17199999999957072,BACKFILL_AUTO
2026-06-19 01:13:06,1781831586,R_10,4853.37,1,0.15999999999985448,BACKFILL_AUTO
2026-06-19 01:13:08,1781831588,R_10,4853.417,1,0.04700000000048021,BACKFILL_AUTO
2026-06-19 01:13:10,1781831590,R_10,4853.461,1,0.04399999999986903,BACKFILL_AUTO
2026-06-19 01:13:12,1781831592,R_10,4853.225,-1,0.2359999999998763,BACKFILL_AUTO
2026-06-19 01:13:14,1781831594,R_10,4853.297,1,0.07199999999920692,BACKFILL_AUTO
2026-06-19 01:13:16,1781831596,R_10,4853.297,0,0.0,BACKFILL_AUTO
2026-06-19 01:13:18,1781831598,R_10,4853.264,-1,0.03299999999944703,BACKFILL_AUTO
2026-06-19 01:13:20,1781831600,R_10,4853.132,-1,0.1320000000005166,BACKFILL_AUTO
2026-06-19 01:13:22,1781831602,R_10,4853.032,-1,0.0999999999994543,BACKFILL_AUTO
2026-06-19 01:13:24,1781831604,R_10,4853.112,1,0.07999999999992724,BACKFILL_AUTO
2026-06-19 01:13:26,1781831606,R_10,4853.08,-1,0.032000000000152795,BACKFILL_AUTO
2026-06-19 01:13:28,1781831608,R_10,4853.058,-1,0.021999999999934516,BACKFILL_AUTO
2026-06-19 01:13:30,1781831610,R_10,4852.798,-1,0.2600000000002183,BACKFILL_AUTO
2026-06-19 01:13:32,1781831612,R_10,4852.703,-1,0.09499999999934516,BACKFILL_AUTO
2026-06-19 01:13:34,1781831614,R_10,4852.725,1,0.021999999999934516,BACKFILL_AUTO
2026-06-19 01:13:36,1781831616,R_10,4852.654,-1,0.07099999999991269,BACKFILL_AUTO
2026-06-19 01:13:38,1781831618,R_10,4852.587,-1,0.06700000000000728,BACKFILL_AUTO
2026-06-19 01:13:40,1781831620,R_10,4852.438,-1,0.14900000000034197,BACKFILL_AUTO
2026-06-19 01:13:42,1781831622,R_10,4852.484,1,0.046000000000276486,BACKFILL_AUTO
2026-06-19 01:13:44,1781831624,R_10,4852.467,-1,0.01700000000073487,BACKFILL_AUTO
2026-06-19 01:13:46,1781831626,R_10,4852.646,1,0.1790000000000873,BACKFILL_AUTO
2026-06-19 01:13:48,1781831628,R_10,4852.67,1,0.02400000000034197,BACKFILL_AUTO
2026-06-19 01:13:50,1781831630,R_10,4852.57,-1,0.1000000000003638,BACKFILL_AUTO
2026-06-19 01:13:52,1781831632,R_10,4852.624,1,0.05400000000008731,BACKFILL_AUTO
2026-06-19 01:13:54,1781831634,R_10,4852.691,1,0.06700000000000728,BACKFILL_AUTO
2026-06-19 01:13:56,1781831636,R_10,4852.615,-1,0.07600000000002183,BACKFILL_AUTO
2026-06-19 01:13:58,1781831638,R_10,4852.864,1,0.24899999999979627,BACKFILL_AUTO
2026-06-19 01:14:00,1781831640,R_10,4852.862,-1,0.001999999999497959,BACKFILL_AUTO
2026-06-19 01:14:02,1781831642,R_10,4852.805,-1,0.056999999999789,BACKFILL_AUTO
2026-06-19 01:14:04,1781831644,R_10,4852.742,-1,0.06300000000010186,BACKFILL_AUTO
2026-06-19 01:14:06,1781831646,R_10,4852.592,-1,0.1500000000005457,BACKFILL_AUTO
2026-06-19 01:14:08,1781831648,R_10,4852.716,1,0.12400000000070577,BACKFILL_AUTO
2026-06-19 01:14:10,1781831650,R_10,4852.774,1,0.057999999999992724,BACKFILL_AUTO
2026-06-19 01:14:12,1781831652,R_10,4852.684,-1,0.09000000000014552,BACKFILL_AUTO
2026-06-19 01:14:14,1781831654,R_10,4852.802,1,0.11799999999948341,BACKFILL_AUTO
2026-06-19 01:14:16,1781831656,R_10,4852.737,-1,0.06499999999959982,BACKFILL_AUTO
2026-06-19 01:14:18,1781831658,R_10,4852.708,-1,0.02900000000045111,BACKFILL_AUTO
2026-06-19 01:14:20,1781831660,R_10,4852.868,1,0.16000000000076398,BACKFILL_AUTO
2026-06-19 01:14:22,1781831662,R_10,4852.887,1,0.018999999999323336,BACKFILL_AUTO
2026-06-19 01:14:24,1781831664,R_10,4852.978,1,0.09100000000034925,BACKFILL_AUTO
2026-06-19 01:14:26,1781831666,R_10,4853.021,1,0.042999999999665306,BACKFILL_AUTO
2026-06-19 01:14:28,1781831668,R_10,4853.1,1,0.07900000000063301,BACKFILL_AUTO
2026-06-19 01:14:30,1781831670,R_10,4852.969,-1,0.13100000000031287,BACKFILL_AUTO
2026-06-19 01:14:32,1781831672,R_10,4852.819,-1,0.1499999999996362,BACKFILL_AUTO
2026-06-19 01:14:34,1781831674,R_10,4852.615,-1,0.204000000000633,BACKFILL_AUTO
2026-06-19 01:14:36,1781831676,R_10,4852.738,1,0.12300000000050204,BACKFILL_AUTO
2026-06-19 01:14:38,1781831678,R_10,4852.638,-1,0.1000000000003638,BACKFILL_AUTO
2026-06-19 01:14:40,1781831680,R_10,4852.64,1,0.0020000000004074536,BACKFILL_AUTO
2026-06-19 01:14:42,1781831682,R_10,4852.75,1,0.10999999999967258,BACKFILL_AUTO
2026-06-19 01:14:44,1781831684,R_10,4852.736,-1,0.014000000000123691,BACKFILL_AUTO
2026-06-19 01:14:46,1781831686,R_10,4852.77,1,0.03400000000056025,BACKFILL_AUTO
2026-06-19 01:14:48,1781831688,R_10,4852.668,-1,0.10200000000077125,BACKFILL_AUTO
2026-06-19 01:14:50,1781831690,R_10,4852.635,-1,0.03299999999944703,BACKFILL_AUTO
2026-06-19 01:14:52,1781831692,R_10,4852.615,-1,0.020000000000436557,BACKFILL_AUTO
2026-06-19 01:14:54,1781831694,R_10,4852.515,-1,0.0999999999994543,BACKFILL_AUTO
2026-06-19 01:14:56,1781831696,R_10,4852.495,-1,0.020000000000436557,BACKFILL_AUTO
2026-06-19 01:14:58,1781831698,R_10,4852.394,-1,0.10099999999965803,BACKFILL_AUTO
2026-06-19 01:15:00,1781831700,R_10,4852.346,-1,0.04800000000068394,BACKFILL_AUTO
2026-06-19 01:15:02,1781831702,R_10,4852.197,-1,0.14899999999943248,BACKFILL_AUTO
2026-06-19 01:15:04,1781831704,R_10,4852.413,1,0.21599999999943975,BACKFILL_AUTO
2026-06-19 01:15:06,1781831706,R_10,4852.315,-1,0.09799999999995634,BACKFILL_AUTO
2026-06-19 01:15:08,1781831708,R_10,4852.261,-1,0.05399999999917782,BACKFILL_AUTO
2026-06-19 01:15:10,1781831710,R_10,4852.327,1,0.06599999999980355,BACKFILL_AUTO
2026-06-19 01:15:12,1781831712,R_10,4852.367,1,0.03999999999996362,BACKFILL_AUTO
2026-06-19 01:15:14,1781831714,R_10,4852.211,-1,0.15599999999994907,BACKFILL_AUTO
2026-06-19 01:15:16,1781831716,R_10,4852.235,1,0.023999999999432475,BACKFILL_AUTO
2026-06-19 01:15:18,1781831718,R_10,4852.187,-1,0.047999999999774445,BACKFILL_AUTO
2026-06-19 01:15:20,1781831720,R_10,4852.152,-1,0.03499999999985448,BACKFILL_AUTO
2026-06-19 01:15:22,1781831722,R_10,4852.338,1,0.1859999999996944,BACKFILL_AUTO
2026-06-19 01:15:24,1781831724,R_10,4852.545,1,0.2070000000003347,BACKFILL_AUTO
2026-06-19 01:15:26,1781831726,R_10,4852.399,-1,0.1459999999997308,BACKFILL_AUTO
2026-06-19 01:15:28,1781831728,R_10,4852.301,-1,0.09799999999995634,BACKFILL_AUTO
2026-06-19 01:15:30,1781831730,R_10,4852.3,-1,0.0010000000002037268,BACKFILL_AUTO
2026-06-19 01:15:32,1781831732,R_10,4852.448,1,0.14800000000013824,BACKFILL_AUTO
2026-06-19 01:15:34,1781831734,R_10,4852.482,1,0.033999999999650754,BACKFILL_AUTO
2026-06-19 01:15:36,1781831736,R_10,4852.458,-1,0.02400000000034197,BACKFILL_AUTO
2026-06-19 01:15:38,1781831738,R_10,4852.402,-1,0.05599999999958527,BACKFILL_AUTO
2026-06-19 01:15:40,1781831740,R_10,4852.189,-1,0.21299999999973807,BACKFILL_AUTO
2026-06-19 01:15:42,1781831742,R_10,4852.315,1,0.12599999999929423,BACKFILL_AUTO
2026-06-19 01:15:44,1781831744,R_10,4852.127,-1,0.18799999999919237,BACKFILL_AUTO
2026-06-19 01:15:46,1781831746,R_10,4852.258,1,0.13099999999940337,BACKFILL_AUTO
2026-06-19 01:15:48,1781831748,R_10,4852.072,-1,0.1859999999996944,BACKFILL_AUTO
2026-06-19 01:15:50,1781831750,R_10,4852.273,1,0.20100000000002183,BACKFILL_AUTO
2026-06-19 01:15:52,1781831752,R_10,4852.33,1,0.056999999999789,BACKFILL_AUTO
2026-06-19 01:15:54,1781831754,R_10,4852.333,1,0.0029999999997016857,BACKFILL_AUTO
2026-06-19 01:15:56,1781831756,R_10,4852.491,1,0.15800000000035652,BACKFILL_AUTO
2026-06-19 01:15:58,1781831758,R_10,4852.57,1,0.07899999999972351,BACKFILL_AUTO
2026-06-19 01:16:00,1781831760,R_10,4852.704,1,0.13400000000001455,BACKFILL_AUTO
2026-06-19 01:16:02,1781831762,R_10,4852.688,-1,0.01599999999962165,BACKFILL_AUTO
2026-06-19 01:16:04,1781831764,R_10,4852.841,1,0.15300000000024738,BACKFILL_AUTO
2026-06-19 01:16:06,1781831766,R_10,4852.711,-1,0.13000000000010914,BACKFILL_AUTO
2026-06-19 01:16:08,1781831768,R_10,4852.6,-1,0.11099999999987631,BACKFILL_AUTO
2026-06-19 01:16:10,1781831770,R_10,4852.646,1,0.04599999999936699,BACKFILL_AUTO
2026-06-19 01:16:12,1781831772,R_10,4852.794,1,0.14800000000013824,BACKFILL_AUTO
2026-06-19 01:16:14,1781831774,R_10,4852.877,1,0.08300000000053842,BACKFILL_AUTO
2026-06-19 01:16:16,1781831776,R_10,4853.026,1,0.14899999999943248,BACKFILL_AUTO
2026-06-19 01:16:18,1781831778,R_10,4852.645,-1,0.38099999999940337,BACKFILL_AUTO
2026-06-19 01:16:20,1781831780,R_10,4852.595,-1,0.0500000000001819,BACKFILL_AUTO
2026-06-19 01:16:22,1781831782,R_10,4852.618,1,0.023000000000138243,BACKFILL_AUTO
2026-06-19 01:16:24,1781831784,R_10,4852.484,-1,0.13400000000001455,BACKFILL_AUTO
2026-06-19 01:16:26,1781831786,R_10,4852.336,-1,0.14800000000013824,BACKFILL_AUTO
2026-06-19 01:16:28,1781831788,R_10,4852.364,1,0.027999999999337888,BACKFILL_AUTO
2026-06-19 01:16:30,1781831790,R_10,4852.414,1,0.0500000000001819,BACKFILL_AUTO
2026-06-19 01:16:32,1781831792,R_10,4852.267,-1,0.14699999999993452,BACKFILL_AUTO
2026-06-19 01:16:34,1781831794,R_10,4852.17,-1,0.09699999999975262,BACKFILL_AUTO
2026-06-19 01:16:36,1781831796,R_10,4852.172,1,0.001999999999497959,BACKFILL_AUTO
2026-06-19 01:16:38,1781831798,R_10,4852.136,-1,0.03599999999914871,BACKFILL_AUTO
2026-06-19 01:16:40,1781831800,R_10,4852.194,1,0.057999999999992724,BACKFILL_AUTO
2026-06-19 01:16:42,1781831802,R_10,4852.351,1,0.1569999999992433,BACKFILL_AUTO
2026-06-19 01:16:44,1781831804,R_10,4852.501,1,0.1500000000005457,BACKFILL_AUTO
2026-06-19 01:16:46,1781831806,R_10,4852.628,1,0.12699999999949796,BACKFILL_AUTO
2026-06-19 01:16:48,1781831808,R_10,4852.574,-1,0.05400000000008731,BACKFILL_AUTO
2026-06-19 01:16:50,1781831810,R_10,4852.613,1,0.03900000000066939,BACKFILL_AUTO
2026-06-19 01:16:52,1781831812,R_10,4852.678,1,0.06499999999959982,BACKFILL_AUTO
2026-06-19 01:16:54,1781831814,R_10,4852.822,1,0.14400000000023283,BACKFILL_AUTO
2026-06-19 01:16:56,1781831816,R_10,4852.916,1,0.09400000000005093,BACKFILL_AUTO
2026-06-19 01:16:58,1781831818,R_10,4852.961,1,0.04500000000007276,BACKFILL_AUTO
2026-06-19 01:17:00,1781831820,R_10,4852.921,-1,0.03999999999996362,BACKFILL_AUTO
2026-06-19 01:17:02,1781831822,R_10,4853.106,1,0.18499999999949068,BACKFILL_AUTO
2026-06-19 01:17:04,1781831824,R_10,4852.942,-1,0.1639999999997599,BACKFILL_AUTO
2026-06-19 01:17:06,1781831826,R_10,4852.997,1,0.05500000000029104,BACKFILL_AUTO
2026-06-19 01:17:08,1781831828,R_10,4852.988,-1,0.009000000000014552,BACKFILL_AUTO
2026-06-19 01:17:10,1781831830,R_10,4852.759,-1,0.2290000000002692,BACKFILL_AUTO
2026-06-19 01:17:12,1781831832,R_10,4852.789,1,0.02999999999974534,BACKFILL_AUTO
2026-06-19 01:17:14,1781831834,R_10,4852.586,-1,0.2029999999995198,BACKFILL_AUTO
2026-06-19 01:17:16,1781831836,R_10,4852.603,1,0.016999999999825377,BACKFILL_AUTO
2026-06-19 01:17:18,1781831838,R_10,4852.58,-1,0.023000000000138243,BACKFILL_AUTO
2026-06-19 01:17:20,1781831840,R_10,4852.491,-1,0.08899999999994179,BACKFILL_AUTO
2026-06-19 01:17:22,1781831842,R_10,4852.476,-1,0.015000000000327418,BACKFILL_AUTO
2026-06-19 01:17:24,1781831844,R_10,4852.389,-1,0.08699999999953434,BACKFILL_AUTO
2026-06-19 01:17:26,1781831846,R_10,4852.546,1,0.1570000000001528,BACKFILL_AUTO
2026-06-19 01:17:28,1781831848,R_10,4852.323,-1,0.22299999999995634,BACKFILL_AUTO
2026-06-19 01:17:30,1781831850,R_10,4852.452,1,0.1289999999999054,BACKFILL_AUTO
2026-06-19 01:17:32,1781831852,R_10,4852.592,1,0.13999999999941792,BACKFILL_AUTO
2026-06-19 01:17:34,1781831854,R_10,4852.611,1,0.01900000000023283,BACKFILL_AUTO
2026-06-19 01:17:36,1781831856,R_10,4852.409,-1,0.20200000000022555,BACKFILL_AUTO
2026-06-19 01:17:38,1781831858,R_10,4852.434,1,0.025000000000545697,BACKFILL_AUTO
2026-06-19 01:17:40,1781831860,R_10,4852.319,-1,0.11499999999978172,BACKFILL_AUTO
2026-06-19 01:17:42,1781831862,R_10,4852.513,1,0.19399999999950523,BACKFILL_AUTO
2026-06-19 01:17:44,1781831864,R_10,4852.475,-1,0.03799999999955617,BACKFILL_AUTO
2026-06-19 01:17:46,1781831866,R_10,4852.489,1,0.013999999999214197,BACKFILL_AUTO
2026-06-19 01:17:48,1781831868,R_10,4852.62,1,0.13100000000031287,BACKFILL_AUTO
2026-06-19 01:17:50,1781831870,R_10,4852.584,-1,0.03600000000005821,BACKFILL_AUTO
2026-06-19 01:17:52,1781831872,R_10,4852.587,1,0.0030000000006111804,BACKFILL_AUTO
2026-06-19 01:17:54,1781831874,R_10,4852.7,1,0.11299999999937427,BACKFILL_AUTO
2026-06-19 01:17:56,1781831876,R_10,4852.828,1,0.12800000000061118,BACKFILL_AUTO
2026-06-19 01:17:58,1781831878,R_10,4852.905,1,0.07699999999931606,BACKFILL_AUTO
2026-06-19 01:18:00,1781831880,R_10,4852.829,-1,0.07600000000002183,BACKFILL_AUTO
2026-06-19 01:18:02,1781831882,R_10,4852.861,1,0.032000000000152795,BACKFILL_AUTO
2026-06-19 01:18:04,1781831884,R_10,4852.782,-1,0.07899999999972351,BACKFILL_AUTO
2026-06-19 01:18:06,1781831886,R_10,4852.951,1,0.16899999999986903,BACKFILL_AUTO
2026-06-19 01:18:08,1781831888,R_10,4852.938,-1,0.012999999999919964,BACKFILL_AUTO
2026-06-19 01:18:10,1781831890,R_10,4852.969,1,0.03099999999994907,BACKFILL_AUTO
2026-06-19 01:18:12,1781831892,R_10,4853.024,1,0.05500000000029104,BACKFILL_AUTO
2026-06-19 01:18:14,1781831894,R_10,4853.227,1,0.2029999999995198,BACKFILL_AUTO
2026-06-19 01:18:16,1781831896,R_10,4853.027,-1,0.1999999999998181,BACKFILL_AUTO
2026-06-19 01:18:18,1781831898,R_10,4852.868,-1,0.15899999999965075,BACKFILL_AUTO
2026-06-19 01:18:20,1781831900,R_10,4853.04,1,0.17199999999957072,BACKFILL_AUTO
2026-06-19 01:18:22,1781831902,R_10,4852.892,-1,0.14800000000013824,BACKFILL_AUTO
2026-06-19 01:18:24,1781831904,R_10,4852.782,-1,0.10999999999967258,BACKFILL_AUTO
2026-06-19 01:18:26,1781831906,R_10,4852.807,1,0.024999999999636202,BACKFILL_AUTO
2026-06-19 01:18:28,1781831908,R_10,4853.076,1,0.26900000000023283,BACKFILL_AUTO
2026-06-19 01:18:30,1781831910,R_10,4853.277,1,0.20100000000002183,BACKFILL_AUTO
2026-06-19 01:18:32,1781831912,R_10,4853.411,1,0.13400000000001455,BACKFILL_AUTO
2026-06-19 01:18:34,1781831914,R_10,4853.373,-1,0.03800000000046566,BACKFILL_AUTO
2026-06-19 01:18:36,1781831916,R_10,4853.498,1,0.125,BACKFILL_AUTO
2026-06-19 01:18:38,1781831918,R_10,4853.415,-1,0.08299999999962893,BACKFILL_AUTO
2026-06-19 01:18:40,1781831920,R_10,4853.304,-1,0.11099999999987631,BACKFILL_AUTO
2026-06-19 01:18:42,1781831922,R_10,4853.248,-1,0.056000000000494765,BACKFILL_AUTO
2026-06-19 01:18:44,1781831924,R_10,4853.149,-1,0.09899999999925058,BACKFILL_AUTO
2026-06-19 01:18:46,1781831926,R_10,4853.188,1,0.03899999999975989,BACKFILL_AUTO
2026-06-19 01:18:48,1781831928,R_10,4853.218,1,0.02999999999974534,BACKFILL_AUTO
2026-06-19 01:18:50,1781831930,R_10,4853.176,-1,0.04199999999946158,BACKFILL_AUTO
2026-06-19 01:18:52,1781831932,R_10,4853.112,-1,0.06400000000030559,BACKFILL_AUTO
2026-06-19 01:18:54,1781831934,R_10,4852.961,-1,0.15099999999983993,BACKFILL_AUTO
2026-06-19 01:18:56,1781831936,R_10,4853.081,1,0.11999999999989086,BACKFILL_AUTO
2026-06-19 01:18:58,1781831938,R_10,4853.239,1,0.15799999999944703,BACKFILL_AUTO
2026-06-19 01:19:00,1781831940,R_10,4853.359,1,0.12000000000080036,BACKFILL_AUTO
2026-06-19 01:19:02,1781831942,R_10,4853.318,-1,0.04100000000016735,BACKFILL_AUTO
2026-06-19 01:19:04,1781831944,R_10,4853.379,1,0.06099999999969441,BACKFILL_AUTO
2026-06-19 01:19:06,1781831946,R_10,4853.233,-1,0.1459999999997308,BACKFILL_AUTO
2026-06-19 01:19:08,1781831948,R_10,4853.304,1,0.07099999999991269,BACKFILL_AUTO
2026-06-19 01:19:10,1781831950,R_10,4853.327,1,0.023000000000138243,BACKFILL_AUTO
2026-06-19 01:19:12,1781831952,R_10,4853.314,-1,0.012999999999919964,BACKFILL_AUTO
2026-06-19 01:19:14,1781831954,R_10,4853.287,-1,0.027000000000043656,BACKFILL_AUTO
2026-06-19 01:19:16,1781831956,R_10,4853.454,1,0.16699999999946158,BACKFILL_AUTO
2026-06-19 01:19:18,1781831958,R_10,4853.565,1,0.11099999999987631,BACKFILL_AUTO
2026-06-19 01:19:20,1781831960,R_10,4853.506,-1,0.058999999999286956,BACKFILL_AUTO
2026-06-19 01:19:22,1781831962,R_10,4853.701,1,0.19499999999970896,BACKFILL_AUTO
2026-06-19 01:19:24,1781831964,R_10,4853.65,-1,0.051000000000385626,BACKFILL_AUTO
2026-06-19 01:19:26,1781831966,R_10,4853.533,-1,0.11699999999927968,BACKFILL_AUTO
2026-06-19 01:19:28,1781831968,R_10,4853.579,1,0.04599999999936699,BACKFILL_AUTO
2026-06-19 01:19:30,1781831970,R_10,4853.302,-1,0.27700000000004366,BACKFILL_AUTO
2026-06-19 01:19:32,1781831972,R_10,4853.106,-1,0.1959999999999127,BACKFILL_AUTO
2026-06-19 01:19:34,1781831974,R_10,4853.012,-1,0.09400000000005093,BACKFILL_AUTO
2026-06-19 01:19:36,1781831976,R_10,4853.103,1,0.09100000000034925,BACKFILL_AUTO
2026-06-19 01:19:38,1781831978,R_10,4853.219,1,0.11599999999998545,BACKFILL_AUTO
2026-06-19 01:19:40,1781831980,R_10,4853.25,1,0.03099999999994907,BACKFILL_AUTO
2026-06-19 01:19:42,1781831982,R_10,4853.33,1,0.07999999999992724,BACKFILL_AUTO
2026-06-19 01:19:44,1781831984,R_10,4853.498,1,0.1679999999996653,BACKFILL_AUTO
2026-06-19 01:19:46,1781831986,R_10,4853.353,-1,0.14499999999952706,BACKFILL_AUTO
2026-06-19 01:19:48,1781831988,R_10,4853.535,1,0.181999999999789,BACKFILL_AUTO
2026-06-19 01:19:50,1781831990,R_10,4853.586,1,0.051000000000385626,BACKFILL_AUTO
2026-06-19 01:19:52,1781831992,R_10,4853.547,-1,0.03900000000066939,BACKFILL_AUTO
2026-06-19 01:19:54,1781831994,R_10,4853.501,-1,0.04599999999936699,BACKFILL_AUTO
2026-06-19 01:19:56,1781831996,R_10,4853.481,-1,0.020000000000436557,BACKFILL_AUTO
2026-06-19 01:19:58,1781831998,R_10,4853.617,1,0.136000000000422,BACKFILL_AUTO
2026-06-19 01:20:00,1781832000,R_10,4853.675,1,0.057999999999992724,BACKFILL_AUTO
2026-06-19 01:20:02,1781832002,R_10,4853.879,1,0.2039999999997235,BACKFILL_AUTO
2026-06-19 01:20:04,1781832004,R_10,4853.935,1,0.056000000000494765,BACKFILL_AUTO
2026-06-19 01:20:06,1781832006,R_10,4853.901,-1,0.03400000000056025,BACKFILL_AUTO
2026-06-19 01:20:08,1781832008,R_10,4853.896,-1,0.005000000000109139,BACKFILL_AUTO
2026-06-19 01:20:10,1781832010,R_10,4853.945,1,0.04899999999997817,BACKFILL_AUTO
2026-06-19 01:20:12,1781832012,R_10,4853.84,-1,0.10499999999956344,BACKFILL_AUTO
2026-06-19 01:20:14,1781832014,R_10,4853.827,-1,0.012999999999919964,BACKFILL_AUTO
2026-06-19 01:20:16,1781832016,R_10,4853.719,-1,0.10800000000017462,BACKFILL_AUTO
2026-06-19 01:20:18,1781832018,R_10,4853.646,-1,0.07300000000032014,BACKFILL_AUTO
2026-06-19 01:20:20,1781832020,R_10,4853.619,-1,0.027000000000043656,BACKFILL_AUTO
2026-06-19 01:20:22,1781832022,R_10,4853.785,1,0.16600000000016735,BACKFILL_AUTO
2026-06-19 01:20:24,1781832024,R_10,4853.845,1,0.06000000000040018,BACKFILL_AUTO
2026-06-19 01:20:26,1781832026,R_10,4853.911,1,0.06599999999980355,BACKFILL_AUTO
2026-06-19 01:20:28,1781832028,R_10,4853.92,1,0.009000000000014552,BACKFILL_AUTO
2026-06-19 01:20:30,1781832030,R_10,4853.949,1,0.028999999999541615,BACKFILL_AUTO
2026-06-19 01:20:32,1781832032,R_10,4853.883,-1,0.06599999999980355,BACKFILL_AUTO
2026-06-19 01:20:34,1781832034,R_10,4853.955,1,0.07200000000011642,BACKFILL_AUTO
2026-06-19 01:20:36,1781832036,R_10,4854.092,1,0.13699999999971624,BACKFILL_AUTO
2026-06-19 01:20:38,1781832038,R_10,4854.108,1,0.016000000000531145,BACKFILL_AUTO
2026-06-19 01:20:40,1781832040,R_10,4854.052,-1,0.056000000000494765,BACKFILL_AUTO
2026-06-19 01:20:42,1781832042,R_10,4854.164,1,0.11200000000008004,BACKFILL_AUTO
2026-06-19 01:20:44,1781832044,R_10,4854.129,-1,0.03499999999985448,BACKFILL_AUTO
2026-06-19 01:20:46,1781832046,R_10,4854.094,-1,0.03499999999985448,BACKFILL_AUTO
2026-06-19 01:20:48,1781832048,R_10,4854.199,1,0.10499999999956344,BACKFILL_AUTO
2026-06-19 01:20:50,1781832050,R_10,4854.057,-1,0.14199999999982538,BACKFILL_AUTO
2026-06-19 01:20:52,1781832052,R_10,4853.968,-1,0.08899999999994179,BACKFILL_AUTO
2026-06-19 01:20:54,1781832054,R_10,4853.718,-1,0.25,BACKFILL_AUTO
2026-06-19 01:20:56,1781832056,R_10,4853.564,-1,0.15399999999954161,BACKFILL_AUTO
2026-06-19 01:20:58,1781832058,R_10,4853.31,-1,0.2539999999999054,BACKFILL_AUTO
2026-06-19 01:21:00,1781832060,R_10,4853.545,1,0.23499999999967258,BACKFILL_AUTO
2026-06-19 01:21:02,1781832062,R_10,4853.721,1,0.17599999999947613,BACKFILL_AUTO
2026-06-19 01:21:04,1781832064,R_10,4853.662,-1,0.058999999999286956,BACKFILL_AUTO
2026-06-19 01:21:06,1781832066,R_10,4853.85,1,0.18800000000010186,BACKFILL_AUTO
2026-06-19 01:21:08,1781832068,R_10,4853.898,1,0.047999999999774445,BACKFILL_AUTO
2026-06-19 01:21:10,1781832070,R_10,4853.818,-1,0.07999999999992724,BACKFILL_AUTO
2026-06-19 01:21:12,1781832072,R_10,4853.874,1,0.05599999999958527,BACKFILL_AUTO
2026-06-19 01:21:14,1781832074,R_10,4853.914,1,0.03999999999996362,BACKFILL_AUTO
2026-06-19 01:21:16,1781832076,R_10,4853.816,-1,0.09799999999995634,BACKFILL_AUTO
2026-06-19 01:21:18,1781832078,R_10,4853.784,-1,0.032000000000152795,BACKFILL_AUTO
2026-06-19 01:21:20,1781832080,R_10,4853.824,1,0.03999999999996362,BACKFILL_AUTO
2026-06-19 01:21:22,1781832082,R_10,4853.742,-1,0.0819999999994252,BACKFILL_AUTO
2026-06-19 01:21:24,1781832084,R_10,4853.609,-1,0.13299999999981083,BACKFILL_AUTO
2026-06-19 01:21:26,1781832086,R_10,4853.511,-1,0.09799999999995634,BACKFILL_AUTO
2026-06-19 01:21:28,1781832088,R_10,4853.441,-1,0.07000000000061846,BACKFILL_AUTO
2026-06-19 01:21:30,1781832090,R_10,4853.491,1,0.0500000000001819,BACKFILL_AUTO
2026-06-19 01:21:32,1781832092,R_10,4853.671,1,0.18000000000029104,BACKFILL_AUTO
2026-06-19 01:21:34,1781832094,R_10,4853.572,-1,0.09900000000016007,BACKFILL_AUTO
2026-06-19 01:21:36,1781832096,R_10,4853.378,-1,0.19400000000041473,BACKFILL_AUTO
2026-06-19 01:21:38,1781832098,R_10,4853.398,1,0.020000000000436557,BACKFILL_AUTO
2026-06-19 01:21:40,1781832100,R_10,4853.172,-1,0.22600000000056752,BACKFILL_AUTO
2026-06-19 01:21:42,1781832102,R_10,4853.408,1,0.2360000000007858,BACKFILL_AUTO
2026-06-19 01:21:44,1781832104,R_10,4853.266,-1,0.14200000000073487,BACKFILL_AUTO
2026-06-19 01:21:46,1781832106,R_10,4853.239,-1,0.027000000000043656,BACKFILL_AUTO
2026-06-19 01:21:48,1781832108,R_10,4853.248,1,0.009000000000014552,BACKFILL_AUTO
2026-06-19 01:21:50,1781832110,R_10,4853.192,-1,0.05599999999958527,BACKFILL_AUTO
2026-06-19 01:21:52,1781832112,R_10,4853.062,-1,0.13000000000010914,BACKFILL_AUTO
2026-06-19 01:21:54,1781832114,R_10,4853.117,1,0.05500000000029104,BACKFILL_AUTO
2026-06-19 01:21:56,1781832116,R_10,4853.133,1,0.01599999999962165,BACKFILL_AUTO
2026-06-19 01:21:58,1781832118,R_10,4852.941,-1,0.19200000000000728,BACKFILL_AUTO
2026-06-19 01:22:00,1781832120,R_10,4852.84,-1,0.10099999999965803,BACKFILL_AUTO
2026-06-19 01:22:02,1781832122,R_10,4852.828,-1,0.011999999999716238,BACKFILL_AUTO
2026-06-19 01:22:04,1781832124,R_10,4852.842,1,0.013999999999214197,BACKFILL_AUTO
2026-06-19 01:22:06,1781832126,R_10,4852.703,-1,0.1389999999992142,BACKFILL_AUTO
2026-06-19 01:22:08,1781832128,R_10,4852.704,1,0.0009999999992942321,BACKFILL_AUTO
2026-06-19 01:22:10,1781832130,R_10,4852.799,1,0.09500000000025466,BACKFILL_AUTO
2026-06-19 01:22:12,1781832132,R_10,4852.639,-1,0.15999999999985448,BACKFILL_AUTO
2026-06-19 01:22:14,1781832134,R_10,4852.511,-1,0.12799999999970169,BACKFILL_AUTO
2026-06-19 01:22:16,1781832136,R_10,4852.604,1,0.0929999999998472,BACKFILL_AUTO
2026-06-19 01:22:18,1781832138,R_10,4852.343,-1,0.261000000000422,BACKFILL_AUTO
2026-06-19 01:22:20,1781832140,R_10,4852.594,1,0.2510000000002037,BACKFILL_AUTO
2026-06-19 01:22:22,1781832142,R_10,4852.473,-1,0.12100000000009459,BACKFILL_AUTO
2026-06-19 01:22:24,1781832144,R_10,4852.537,1,0.06400000000030559,BACKFILL_AUTO
2026-06-19 01:22:26,1781832146,R_10,4852.552,1,0.014999999999417923,BACKFILL_AUTO
2026-06-19 01:22:28,1781832148,R_10,4852.587,1,0.035000000000763976,BACKFILL_AUTO
2026-06-19 01:22:30,1781832150,R_10,4852.614,1,0.02699999999913416,BACKFILL_AUTO
2026-06-19 01:22:32,1781832152,R_10,4852.629,1,0.015000000000327418,BACKFILL_AUTO
2026-06-19 01:22:34,1781832154,R_10,4852.37,-1,0.25900000000001455,BACKFILL_AUTO
2026-06-19 01:22:36,1781832156,R_10,4852.544,1,0.17399999999997817,BACKFILL_AUTO
2026-06-19 01:22:38,1781832158,R_10,4852.521,-1,0.023000000000138243,BACKFILL_AUTO
2026-06-19 01:22:40,1781832160,R_10,4852.567,1,0.046000000000276486,BACKFILL_AUTO
2026-06-19 01:22:42,1781832162,R_10,4852.544,-1,0.023000000000138243,BACKFILL_AUTO
2026-06-19 01:22:44,1781832164,R_10,4852.751,1,0.2070000000003347,BACKFILL_AUTO
2026-06-19 01:22:46,1781832166,R_10,4852.978,1,0.22699999999986176,BACKFILL_AUTO
2026-06-19 01:22:48,1781832168,R_10,4852.916,-1,0.06199999999989814,BACKFILL_AUTO
2026-06-19 01:22:50,1781832170,R_10,4853.173,1,0.2569999999996071,BACKFILL_AUTO
2026-06-19 01:22:52,1781832172,R_10,4852.951,-1,0.22199999999975262,BACKFILL_AUTO
2026-06-19 01:22:54,1781832174,R_10,4852.824,-1,0.12700000000040745,BACKFILL_AUTO
2026-06-19 01:22:56,1781832176,R_10,4852.827,1,0.0030000000006111804,BACKFILL_AUTO
2026-06-19 01:22:58,1781832178,R_10,4852.74,-1,0.08700000000044383,BACKFILL_AUTO
2026-06-19 01:23:00,1781832180,R_10,4852.878,1,0.13799999999991996,BACKFILL_AUTO
2026-06-19 01:23:02,1781832182,R_10,4852.927,1,0.04899999999997817,BACKFILL_AUTO
2026-06-19 01:23:04,1781832184,R_10,4852.79,-1,0.13699999999971624,BACKFILL_AUTO
2026-06-19 01:23:06,1781832186,R_10,4852.899,1,0.10900000000037835,BACKFILL_AUTO
2026-06-19 01:23:08,1781832188,R_10,4852.936,1,0.03699999999935244,BACKFILL_AUTO
2026-06-19 01:23:10,1781832190,R_10,4852.733,-1,0.2029999999995198,BACKFILL_AUTO
2026-06-19 01:23:12,1781832192,R_10,4852.902,1,0.16899999999986903,BACKFILL_AUTO
2026-06-19 01:23:14,1781832194,R_10,4852.665,-1,0.23700000000008004,BACKFILL_AUTO
2026-06-19 01:23:16,1781832196,R_10,4852.87,1,0.20499999999992724,BACKFILL_AUTO
2026-06-19 01:23:18,1781832198,R_10,4852.812,-1,0.057999999999992724,BACKFILL_AUTO
2026-06-19 01:23:20,1781832200,R_10,4852.832,1,0.020000000000436557,BACKFILL_AUTO
2026-06-19 01:23:22,1781832202,R_10,4852.743,-1,0.08899999999994179,BACKFILL_AUTO
2026-06-19 01:23:24,1781832204,R_10,4852.806,1,0.06299999999919237,BACKFILL_AUTO
2026-06-19 01:23:26,1781832206,R_10,4852.635,-1,0.170999999999367,BACKFILL_AUTO
2026-06-19 01:23:28,1781832208,R_10,4852.56,-1,0.0749999999998181,BACKFILL_AUTO
2026-06-19 01:23:30,1781832210,R_10,4852.594,1,0.033999999999650754,BACKFILL_AUTO
2026-06-19 01:23:32,1781832212,R_10,4852.626,1,0.032000000000152795,BACKFILL_AUTO
2026-06-19 01:23:34,1781832214,R_10,4852.537,-1,0.08899999999994179,BACKFILL_AUTO
2026-06-19 01:23:36,1781832216,R_10,4852.549,1,0.011999999999716238,BACKFILL_AUTO
2026-06-19 01:23:38,1781832218,R_10,4852.528,-1,0.02099999999973079,BACKFILL_AUTO
2026-06-19 01:23:40,1781832220,R_10,4852.516,-1,0.012000000000625732,BACKFILL_AUTO
2026-06-19 01:23:42,1781832222,R_10,4852.51,-1,0.0059999999994033715,BACKFILL_AUTO
2026-06-19 01:23:44,1781832224,R_10,4852.709,1,0.19899999999961437,BACKFILL_AUTO
2026-06-19 01:23:46,1781832226,R_10,4852.66,-1,0.04899999999997817,BACKFILL_AUTO
2026-06-19 01:23:48,1781832228,R_10,4852.704,1,0.04399999999986903,BACKFILL_AUTO
2026-06-19 01:23:50,1781832230,R_10,4852.657,-1,0.04699999999957072,BACKFILL_AUTO
2026-06-19 01:23:52,1781832232,R_10,4852.791,1,0.13400000000001455,BACKFILL_AUTO
2026-06-19 01:23:54,1781832234,R_10,4853.036,1,0.24499999999989086,BACKFILL_AUTO
2026-06-19 01:23:56,1781832236,R_10,4853.007,-1,0.02900000000045111,BACKFILL_AUTO
2026-06-19 01:23:58,1781832238,R_10,4852.968,-1,0.03899999999975989,BACKFILL_AUTO
2026-06-19 01:24:00,1781832240,R_10,4852.859,-1,0.10899999999946886,BACKFILL_AUTO
2026-06-19 01:24:02,1781832242,R_10,4852.782,-1,0.07700000000022555,BACKFILL_AUTO
2026-06-19 01:24:04,1781832244,R_10,4852.712,-1,0.06999999999970896,BACKFILL_AUTO
2026-06-19 01:24:06,1781832246,R_10,4852.702,-1,0.010000000000218279,BACKFILL_AUTO
2026-06-19 01:24:08,1781832248,R_10,4852.69,-1,0.012000000000625732,BACKFILL_AUTO
2026-06-19 01:24:10,1781832250,R_10,4852.472,-1,0.2179999999998472,BACKFILL_AUTO
2026-06-19 01:24:12,1781832252,R_10,4852.404,-1,0.06799999999930151,BACKFILL_AUTO
2026-06-19 01:24:14,1781832254,R_10,4852.588,1,0.18399999999928696,BACKFILL_AUTO
2026-06-19 01:24:16,1781832256,R_10,4852.557,-1,0.03099999999994907,BACKFILL_AUTO
2026-06-19 01:24:18,1781832258,R_10,4852.485,-1,0.07200000000011642,BACKFILL_AUTO
2026-06-19 01:24:20,1781832260,R_10,4852.722,1,0.23700000000008004,BACKFILL_AUTO
2026-06-19 01:24:22,1781832262,R_10,4852.719,-1,0.0029999999997016857,BACKFILL_AUTO
2026-06-19 01:24:24,1781832264,R_10,4852.753,1,0.033999999999650754,BACKFILL_AUTO
2026-06-19 01:24:26,1781832266,R_10,4852.744,-1,0.009000000000014552,BACKFILL_AUTO
2026-06-19 01:24:28,1781832268,R_10,4852.71,-1,0.033999999999650754,BACKFILL_AUTO
2026-06-19 01:24:30,1781832270,R_10,4852.845,1,0.13500000000021828,BACKFILL_AUTO
2026-06-19 01:24:32,1781832272,R_10,4852.966,1,0.12100000000009459,BACKFILL_AUTO
2026-06-19 01:24:34,1781832274,R_10,4853.008,1,0.04199999999946158,BACKFILL_AUTO
2026-06-19 01:24:36,1781832276,R_10,4853.087,1,0.07900000000063301,BACKFILL_AUTO
2026-06-19 01:24:38,1781832278,R_10,4853.16,1,0.07299999999941065,BACKFILL_AUTO
2026-06-19 01:24:40,1781832280,R_10,4853.253,1,0.0929999999998472,BACKFILL_AUTO
2026-06-19 01:24:42,1781832282,R_10,4853.421,1,0.1680000000005748,BACKFILL_AUTO
2026-06-19 01:24:44,1781832284,R_10,4853.148,-1,0.27300000000013824,BACKFILL_AUTO
2026-06-19 01:24:46,1781832286,R_10,4852.881,-1,0.2669999999998254,BACKFILL_AUTO
2026-06-19 01:24:48,1781832288,R_10,4852.87,-1,0.011000000000422006,BACKFILL_AUTO
2026-06-19 01:24:50,1781832290,R_10,4852.647,-1,0.22299999999995634,BACKFILL_AUTO
2026-06-19 01:24:52,1781832292,R_10,4852.638,-1,0.009000000000014552,BACKFILL_AUTO
2026-06-19 01:24:54,1781832294,R_10,4852.625,-1,0.012999999999919964,BACKFILL_AUTO
2026-06-19 01:24:56,1781832296,R_10,4852.775,1,0.1499999999996362,BACKFILL_AUTO
2026-06-19 01:24:58,1781832298,R_10,4852.692,-1,0.08299999999962893,BACKFILL_AUTO
2026-06-19 01:25:00,1781832300,R_10,4852.591,-1,0.10099999999965803,BACKFILL_AUTO
2026-06-19 01:25:02,1781832302,R_10,4852.551,-1,0.03999999999996362,BACKFILL_AUTO
2026-06-19 01:25:04,1781832304,R_10,4852.677,1,0.12599999999929423,BACKFILL_AUTO
2026-06-19 01:25:06,1781832306,R_10,4852.606,-1,0.07099999999991269,BACKFILL_AUTO
2026-06-19 01:25:08,1781832308,R_10,4852.647,1,0.04100000000016735,BACKFILL_AUTO
2026-06-19 01:25:10,1781832310,R_10,4852.451,-1,0.1959999999999127,BACKFILL_AUTO
2026-06-19 01:25:12,1781832312,R_10,4852.252,-1,0.19899999999961437,BACKFILL_AUTO
2026-06-19 01:25:14,1781832314,R_10,4852.195,-1,0.05700000000069849,BACKFILL_AUTO
2026-06-19 01:25:16,1781832316,R_10,4852.181,-1,0.014000000000123691,BACKFILL_AUTO
2026-06-19 01:25:18,1781832318,R_10,4852.342,1,0.1610000000000582,BACKFILL_AUTO
2026-06-19 01:25:20,1781832320,R_10,4852.481,1,0.1390000000001237,BACKFILL_AUTO
2026-06-19 01:25:22,1781832322,R_10,4852.612,1,0.13100000000031287,BACKFILL_AUTO
2026-06-19 01:25:24,1781832324,R_10,4852.642,1,0.02999999999974534,BACKFILL_AUTO
2026-06-19 01:25:26,1781832326,R_10,4852.446,-1,0.1959999999999127,BACKFILL_AUTO
2026-06-19 01:25:28,1781832328,R_10,4852.721,1,0.2749999999996362,BACKFILL_AUTO
2026-06-19 01:25:30,1781832330,R_10,4852.514,-1,0.2069999999994252,BACKFILL_AUTO
2026-06-19 01:25:32,1781832332,R_10,4852.581,1,0.06700000000000728,BACKFILL_AUTO
2026-06-19 01:25:34,1781832334,R_10,4852.736,1,0.15499999999974534,BACKFILL_AUTO
2026-06-19 01:25:36,1781832336,R_10,4852.667,-1,0.06899999999950523,BACKFILL_AUTO
2026-06-19 01:25:38,1781832338,R_10,4852.808,1,0.14099999999962165,BACKFILL_AUTO
2026-06-19 01:25:40,1781832340,R_10,4852.876,1,0.068000000000211,BACKFILL_AUTO
2026-06-19 01:25:42,1781832342,R_10,4852.91,1,0.033999999999650754,BACKFILL_AUTO
2026-06-19 01:25:44,1781832344,R_10,4853.077,1,0.16700000000037107,BACKFILL_AUTO
2026-06-19 01:25:46,1781832346,R_10,4853.069,-1,0.007999999999810825,BACKFILL_AUTO
2026-06-19 01:25:48,1781832348,R_10,4852.918,-1,0.15100000000074942,BACKFILL_AUTO
2026-06-19 01:25:50,1781832350,R_10,4852.962,1,0.04400000000077853,BACKFILL_AUTO
2026-06-19 01:25:52,1781832352,R_10,4852.704,-1,0.2580000000007203,BACKFILL_AUTO
2026-06-19 01:25:54,1781832354,R_10,4852.616,-1,0.08799999999973807,BACKFILL_AUTO
2026-06-19 01:25:56,1781832356,R_10,4852.615,-1,0.0010000000002037268,BACKFILL_AUTO
2026-06-19 01:25:58,1781832358,R_10,4852.608,-1,0.006999999999607098,BACKFILL_AUTO
2026-06-19 01:26:00,1781832360,R_10,4852.779,1,0.1710000000002765,BACKFILL_AUTO
2026-06-19 01:26:02,1781832362,R_10,4852.778,-1,0.0010000000002037268,BACKFILL_AUTO
2026-06-19 01:26:04,1781832364,R_10,4852.786,1,0.007999999999810825,BACKFILL_AUTO
2026-06-19 01:26:06,1781832366,R_10,4852.719,-1,0.06700000000000728,BACKFILL_AUTO
2026-06-19 01:26:08,1781832368,R_10,4852.578,-1,0.14099999999962165,BACKFILL_AUTO
2026-06-19 01:26:10,1781832370,R_10,4852.447,-1,0.13100000000031287,BACKFILL_AUTO
2026-06-19 01:26:12,1781832372,R_10,4852.39,-1,0.056999999999789,BACKFILL_AUTO
2026-06-19 01:26:14,1781832374,R_10,4852.208,-1,0.1820000000006985,BACKFILL_AUTO
2026-06-19 01:26:16,1781832376,R_10,4852.065,-1,0.1430000000000291,BACKFILL_AUTO
2026-06-19 01:26:18,1781832378,R_10,4852.041,-1,0.023999999999432475,BACKFILL_AUTO
2026-06-19 01:26:20,1781832380,R_10,4852.168,1,0.12699999999949796,BACKFILL_AUTO
2026-06-19 01:26:22,1781832382,R_10,4852.184,1,0.016000000000531145,BACKFILL_AUTO
2026-06-19 01:26:24,1781832384,R_10,4852.185,1,0.0010000000002037268,BACKFILL_AUTO
2026-06-19 01:26:26,1781832386,R_10,4852.083,-1,0.10200000000077125,BACKFILL_AUTO
2026-06-19 01:26:28,1781832388,R_10,4851.864,-1,0.21900000000005093,BACKFILL_AUTO
2026-06-19 01:26:30,1781832390,R_10,4851.633,-1,0.23099999999976717,BACKFILL_AUTO
2026-06-19 01:26:32,1781832392,R_10,4851.788,1,0.15499999999974534,BACKFILL_AUTO
2026-06-19 01:26:34,1781832394,R_10,4851.553,-1,0.23499999999967258,BACKFILL_AUTO
2026-06-19 01:26:36,1781832396,R_10,4851.574,1,0.02099999999973079,BACKFILL_AUTO
2026-06-19 01:26:38,1781832398,R_10,4851.58,1,0.006000000000312866,BACKFILL_AUTO
2026-06-19 01:26:40,1781832400,R_10,4851.699,1,0.11899999999968713,BACKFILL_AUTO
2026-06-19 01:26:42,1781832402,R_10,4851.755,1,0.056000000000494765,BACKFILL_AUTO
2026-06-19 01:26:44,1781832404,R_10,4851.676,-1,0.07899999999972351,BACKFILL_AUTO
2026-06-19 01:26:46,1781832406,R_10,4851.72,1,0.04399999999986903,BACKFILL_AUTO
2026-06-19 01:26:48,1781832408,R_10,4851.555,-1,0.16499999999996362,BACKFILL_AUTO
2026-06-19 01:26:50,1781832410,R_10,4851.577,1,0.021999999999934516,BACKFILL_AUTO
2026-06-19 01:26:52,1781832412,R_10,4851.645,1,0.068000000000211,BACKFILL_AUTO
2026-06-19 01:26:54,1781832414,R_10,4851.588,-1,0.05700000000069849,BACKFILL_AUTO
2026-06-19 01:26:56,1781832416,R_10,4851.697,1,0.10900000000037835,BACKFILL_AUTO
2026-06-19 01:26:58,1781832418,R_10,4851.667,-1,0.02999999999974534,BACKFILL_AUTO
2026-06-19 01:27:00,1781832420,R_10,4851.72,1,0.052999999999883585,BACKFILL_AUTO
2026-06-19 01:27:02,1781832422,R_10,4851.722,1,0.001999999999497959,BACKFILL_AUTO
2026-06-19 01:27:04,1781832424,R_10,4851.677,-1,0.04500000000007276,BACKFILL_AUTO
2026-06-19 01:27:06,1781832426,R_10,4851.66,-1,0.016999999999825377,BACKFILL_AUTO
2026-06-19 01:27:08,1781832428,R_10,4851.576,-1,0.08399999999983265,BACKFILL_AUTO
2026-06-19 01:27:10,1781832430,R_10,4851.533,-1,0.042999999999665306,BACKFILL_AUTO
2026-06-19 01:27:12,1781832432,R_10,4851.572,1,0.03899999999975989,BACKFILL_AUTO
2026-06-19 01:27:14,1781832434,R_10,4851.594,1,0.021999999999934516,BACKFILL_AUTO
2026-06-19 01:27:16,1781832436,R_10,4851.76,1,0.16600000000016735,BACKFILL_AUTO
2026-06-19 01:27:18,1781832438,R_10,4851.742,-1,0.018000000000029104,BACKFILL_AUTO
2026-06-19 01:27:20,1781832440,R_10,4851.921,1,0.1790000000000873,BACKFILL_AUTO
2026-06-19 01:27:22,1781832442,R_10,4852.046,1,0.125,BACKFILL_AUTO
2026-06-19 01:27:24,1781832444,R_10,4852.279,1,0.23300000000017462,BACKFILL_AUTO
2026-06-19 01:27:26,1781832446,R_10,4852.361,1,0.0819999999994252,BACKFILL_AUTO
2026-06-19 01:27:28,1781832448,R_10,4852.561,1,0.1999999999998181,BACKFILL_AUTO
2026-06-19 01:27:30,1781832450,R_10,4852.568,1,0.007000000000516593,BACKFILL_AUTO
2026-06-19 01:27:32,1781832452,R_10,4852.568,0,0.0,BACKFILL_AUTO
2026-06-19 01:27:34,1781832454,R_10,4852.592,1,0.023999999999432475,BACKFILL_AUTO
2026-06-19 01:27:36,1781832456,R_10,4852.705,1,0.11300000000028376,BACKFILL_AUTO
2026-06-19 01:27:38,1781832458,R_10,4852.704,-1,0.0010000000002037268,BACKFILL_AUTO
2026-06-19 01:27:40,1781832460,R_10,4852.698,-1,0.0059999999994033715,BACKFILL_AUTO
2026-06-19 01:27:42,1781832462,R_10,4852.905,1,0.2069999999994252,BACKFILL_AUTO
2026-06-19 01:27:44,1781832464,R_10,4852.984,1,0.07900000000063301,BACKFILL_AUTO
2026-06-19 01:27:46,1781832466,R_10,4852.964,-1,0.020000000000436557,BACKFILL_AUTO
2026-06-19 01:27:48,1781832468,R_10,4853.211,1,0.24700000000029831,BACKFILL_AUTO
2026-06-19 01:27:50,1781832470,R_10,4853.194,-1,0.016999999999825377,BACKFILL_AUTO
2026-06-19 01:27:52,1781832472,R_10,4853.344,1,0.1499999999996362,BACKFILL_AUTO
2026-06-19 01:27:54,1781832474,R_10,4853.258,-1,0.0860000000002401,BACKFILL_AUTO
2026-06-19 01:27:56,1781832476,R_10,4853.193,-1,0.06499999999959982,BACKFILL_AUTO
2026-06-19 01:27:58,1781832478,R_10,4853.245,1,0.05199999999967986,BACKFILL_AUTO
2026-06-19 01:28:00,1781832480,R_10,4853.207,-1,0.03799999999955617,BACKFILL_AUTO
2026-06-19 01:28:02,1781832482,R_10,4853.421,1,0.2139999999999418,BACKFILL_AUTO
2026-06-19 01:28:04,1781832484,R_10,4853.597,1,0.17599999999947613,BACKFILL_AUTO
2026-06-19 01:28:06,1781832486,R_10,4853.376,-1,0.2209999999995489,BACKFILL_AUTO
2026-06-19 01:28:08,1781832488,R_10,4853.38,1,0.0039999999999054126,BACKFILL_AUTO
2026-06-19 01:28:10,1781832490,R_10,4853.378,-1,0.0020000000004074536,BACKFILL_AUTO
2026-06-19 01:28:12,1781832492,R_10,4853.437,1,0.05900000000019645,BACKFILL_AUTO
2026-06-19 01:28:14,1781832494,R_10,4853.221,-1,0.21600000000034925,BACKFILL_AUTO
2026-06-19 01:28:16,1781832496,R_10,4853.285,1,0.06400000000030559,BACKFILL_AUTO
2026-06-19 01:28:18,1781832498,R_10,4853.233,-1,0.05199999999967986,BACKFILL_AUTO
2026-06-19 01:28:20,1781832500,R_10,4853.211,-1,0.021999999999934516,BACKFILL_AUTO
2026-06-19 01:28:22,1781832502,R_10,4853.058,-1,0.15300000000024738,BACKFILL_AUTO
2026-06-19 01:28:24,1781832504,R_10,4853.131,1,0.07300000000032014,BACKFILL_AUTO
2026-06-19 01:28:26,1781832506,R_10,4853.152,1,0.02099999999973079,BACKFILL_AUTO
2026-06-19 01:28:28,1781832508,R_10,4852.963,-1,0.1890000000003056,BACKFILL_AUTO
2026-06-19 01:28:30,1781832510,R_10,4853.088,1,0.125,BACKFILL_AUTO
2026-06-19 01:28:32,1781832512,R_10,4853.361,1,0.27300000000013824,BACKFILL_AUTO
2026-06-19 01:28:34,1781832514,R_10,4853.287,-1,0.07399999999961437,BACKFILL_AUTO
2026-06-19 01:28:36,1781832516,R_10,4853.207,-1,0.07999999999992724,BACKFILL_AUTO
2026-06-19 01:28:38,1781832518,R_10,4853.314,1,0.1069999999999709,BACKFILL_AUTO
2026-06-19 01:28:40,1781832520,R_10,4853.37,1,0.05599999999958527,BACKFILL_AUTO
2026-06-19 01:28:42,1781832522,R_10,4853.203,-1,0.16699999999946158,BACKFILL_AUTO
2026-06-19 01:28:44,1781832524,R_10,4853.236,1,0.03299999999944703,BACKFILL_AUTO
2026-06-19 01:28:46,1781832526,R_10,4853.143,-1,0.0929999999998472,BACKFILL_AUTO
2026-06-19 01:28:48,1781832528,R_10,4853.098,-1,0.04500000000007276,BACKFILL_AUTO
2026-06-19 01:28:50,1781832530,R_10,4853.285,1,0.18699999999989814,BACKFILL_AUTO
2026-06-19 01:28:52,1781832532,R_10,4853.24,-1,0.04500000000007276,BACKFILL_AUTO
2026-06-19 01:28:54,1781832534,R_10,4853.194,-1,0.04599999999936699,BACKFILL_AUTO
2026-06-19 01:28:56,1781832536,R_10,4853.235,1,0.04099999999925785,BACKFILL_AUTO
2026-06-19 01:28:58,1781832538,R_10,4853.035,-1,0.1999999999998181,BACKFILL_AUTO
2026-06-19 01:29:00,1781832540,R_10,4853.106,1,0.07099999999991269,BACKFILL_AUTO
2026-06-19 01:29:02,1781832542,R_10,4853.005,-1,0.10099999999965803,BACKFILL_AUTO
2026-06-19 01:29:04,1781832544,R_10,4853.178,1,0.17299999999977445,BACKFILL_AUTO
2026-06-19 01:29:06,1781832546,R_10,4853.065,-1,0.11300000000028376,BACKFILL_AUTO
2026-06-19 01:29:08,1781832548,R_10,4853.144,1,0.07900000000063301,BACKFILL_AUTO
2026-06-19 01:29:10,1781832550,R_10,4853.327,1,0.18299999999999272,BACKFILL_AUTO
2026-06-19 01:29:12,1781832552,R_10,4853.275,-1,0.05200000000058935,BACKFILL_AUTO
2026-06-19 01:29:14,1781832554,R_10,4853.368,1,0.0930000000007567,BACKFILL_AUTO
2026-06-19 01:29:16,1781832556,R_10,4853.267,-1,0.10100000000056752,BACKFILL_AUTO
2026-06-19 01:29:18,1781832558,R_10,4853.161,-1,0.10599999999976717,BACKFILL_AUTO
2026-06-19 01:29:20,1781832560,R_10,4853.132,-1,0.02900000000045111,BACKFILL_AUTO
2026-06-19 01:29:22,1781832562,R_10,4853.01,-1,0.12199999999938882,BACKFILL_AUTO
2026-06-19 01:29:24,1781832564,R_10,4853.133,1,0.12299999999959255,BACKFILL_AUTO
2026-06-19 01:29:26,1781832566,R_10,4853.101,-1,0.032000000000152795,BACKFILL_AUTO
2026-06-19 01:29:28,1781832568,R_10,4852.799,-1,0.30199999999967986,BACKFILL_AUTO
2026-06-19 01:29:30,1781832570,R_10,4852.85,1,0.051000000000385626,BACKFILL_AUTO
2026-06-19 01:29:32,1781832572,R_10,4852.658,-1,0.19200000000000728,BACKFILL_AUTO
2026-06-19 01:29:34,1781832574,R_10,4852.777,1,0.11899999999968713,BACKFILL_AUTO
2026-06-19 01:29:36,1781832576,R_10,4852.871,1,0.09400000000005093,BACKFILL_AUTO
2026-06-19 01:29:38,1781832578,R_10,4852.982,1,0.11099999999987631,BACKFILL_AUTO
2026-06-19 01:29:40,1781832580,R_10,4853.123,1,0.14099999999962165,BACKFILL_AUTO
2026-06-19 01:29:42,1781832582,R_10,4853.211,1,0.08800000000064756,BACKFILL_AUTO
2026-06-19 01:29:44,1781832584,R_10,4853.175,-1,0.03600000000005821,BACKFILL_AUTO
2026-06-19 01:29:46,1781832586,R_10,4853.222,1,0.04699999999957072,BACKFILL_AUTO
2026-06-19 01:29:48,1781832588,R_10,4853.278,1,0.056000000000494765,BACKFILL_AUTO
2026-06-19 01:29:50,1781832590,R_10,4853.191,-1,0.08700000000044383,BACKFILL_AUTO
2026-06-19 01:29:52,1781832592,R_10,4853.11,-1,0.08100000000013097,BACKFILL_AUTO
2026-06-19 01:29:54,1781832594,R_10,4853.126,1,0.016000000000531145,BACKFILL_AUTO
2026-06-19 01:29:56,1781832596,R_10,4852.997,-1,0.1289999999999054,BACKFILL_AUTO
2026-06-19 01:29:58,1781832598,R_10,4853.081,1,0.08399999999983265,BACKFILL_AUTO
2026-06-19 01:30:00,1781832600,R_10,4853.08,-1,0.0010000000002037268,BACKFILL_AUTO
2026-06-19 01:30:02,1781832602,R_10,4853.222,1,0.14199999999982538,BACKFILL_AUTO
2026-06-19 01:30:04,1781832604,R_10,4853.156,-1,0.06599999999980355,BACKFILL_AUTO
2026-06-19 01:30:06,1781832606,R_10,4853.193,1,0.037000000000261934,BACKFILL_AUTO
2026-06-19 01:30:08,1781832608,R_10,4853.035,-1,0.15800000000035652,BACKFILL_AUTO
2026-06-19 01:30:10,1781832610,R_10,4853.003,-1,0.032000000000152795,BACKFILL_AUTO
2026-06-19 01:30:12,1781832612,R_10,4852.965,-1,0.03799999999955617,BACKFILL_AUTO
2026-06-19 01:30:14,1781832614,R_10,4853.103,1,0.13799999999991996,BACKFILL_AUTO
2026-06-19 01:30:16,1781832616,R_10,4853.162,1,0.05900000000019645,BACKFILL_AUTO
2026-06-19 01:30:18,1781832618,R_10,4853.277,1,0.11499999999978172,BACKFILL_AUTO
2026-06-19 01:30:20,1781832620,R_10,4853.379,1,0.10199999999986176,BACKFILL_AUTO
2026-06-19 01:30:22,1781832622,R_10,4853.475,1,0.09600000000045839,BACKFILL_AUTO
2026-06-19 01:30:24,1781832624,R_10,4853.402,-1,0.07300000000032014,BACKFILL_AUTO
2026-06-19 01:30:26,1781832626,R_10,4853.657,1,0.25500000000010914,BACKFILL_AUTO
2026-06-19 01:30:28,1781832628,R_10,4853.592,-1,0.06500000000050932,BACKFILL_AUTO
2026-06-19 01:30:30,1781832630,R_10,4853.529,-1,0.06299999999919237,BACKFILL_AUTO
2026-06-19 01:30:32,1781832632,R_10,4853.551,1,0.021999999999934516,BACKFILL_AUTO
2026-06-19 01:30:34,1781832634,R_10,4853.486,-1,0.06500000000050932,BACKFILL_AUTO
2026-06-19 01:30:36,1781832636,R_10,4853.607,1,0.12100000000009459,BACKFILL_AUTO
2026-06-19 01:30:38,1781832638,R_10,4853.583,-1,0.02400000000034197,BACKFILL_AUTO
2026-06-19 01:30:40,1781832640,R_10,4853.512,-1,0.07099999999991269,BACKFILL_AUTO
2026-06-19 01:30:42,1781832642,R_10,4853.36,-1,0.15200000000004366,BACKFILL_AUTO
2026-06-19 01:30:44,1781832644,R_10,4853.209,-1,0.15099999999983993,BACKFILL_AUTO
2026-06-19 01:30:46,1781832646,R_10,4853.433,1,0.22400000000016007,BACKFILL_AUTO
2026-06-19 01:30:48,1781832648,R_10,4853.509,1,0.07600000000002183,BACKFILL_AUTO
2026-06-19 01:30:50,1781832650,R_10,4853.73,1,0.2209999999995489,BACKFILL_AUTO
2026-06-19 01:30:52,1781832652,R_10,4853.622,-1,0.10799999999926513,BACKFILL_AUTO
2026-06-19 01:30:54,1781832654,R_10,4853.812,1,0.18999999999959982,BACKFILL_AUTO
2026-06-19 01:30:56,1781832656,R_10,4853.769,-1,0.042999999999665306,BACKFILL_AUTO
2026-06-19 01:30:58,1781832658,R_10,4853.612,-1,0.1570000000001528,BACKFILL_AUTO
2026-06-19 01:31:00,1781832660,R_10,4853.425,-1,0.18699999999989814,BACKFILL_AUTO
2026-06-19 01:31:02,1781832662,R_10,4853.504,1,0.07899999999972351,BACKFILL_AUTO
2026-06-19 01:31:04,1781832664,R_10,4853.377,-1,0.12699999999949796,BACKFILL_AUTO
2026-06-19 01:31:06,1781832666,R_10,4853.606,1,0.22899999999935972,BACKFILL_AUTO
2026-06-19 01:31:08,1781832668,R_10,4853.727,1,0.12100000000009459,BACKFILL_AUTO
2026-06-19 01:31:10,1781832670,R_10,4853.789,1,0.06199999999989814,BACKFILL_AUTO
2026-06-19 01:31:12,1781832672,R_10,4853.722,-1,0.06700000000000728,BACKFILL_AUTO
2026-06-19 01:31:14,1781832674,R_10,4853.633,-1,0.08899999999994179,BACKFILL_AUTO
2026-06-19 01:31:16,1781832676,R_10,4853.677,1,0.04399999999986903,BACKFILL_AUTO
2026-06-19 01:31:18,1781832678,R_10,4853.555,-1,0.12199999999938882,BACKFILL_AUTO
2026-06-19 01:31:20,1781832680,R_10,4853.606,1,0.05099999999947613,BACKFILL_AUTO
2026-06-19 01:31:22,1781832682,R_10,4853.62,1,0.014000000000123691,BACKFILL_AUTO
2026-06-19 01:31:24,1781832684,R_10,4853.617,-1,0.0029999999997016857,BACKFILL_AUTO
2026-06-19 01:31:26,1781832686,R_10,4853.628,1,0.01099999999951251,BACKFILL_AUTO
2026-06-19 01:31:28,1781832688,R_10,4853.67,1,0.042000000000371074,BACKFILL_AUTO
2026-06-19 01:31:30,1781832690,R_10,4853.857,1,0.18699999999989814,BACKFILL_AUTO
2026-06-19 01:31:32,1781832692,R_10,4854.065,1,0.20799999999962893,BACKFILL_AUTO
2026-06-19 01:31:34,1781832694,R_10,4853.821,-1,0.24399999999968713,BACKFILL_AUTO
2026-06-19 01:31:36,1781832696,R_10,4853.981,1,0.15999999999985448,BACKFILL_AUTO
2026-06-19 01:31:38,1781832698,R_10,4853.697,-1,0.28399999999965075,BACKFILL_AUTO
2026-06-19 01:31:40,1781832700,R_10,4853.873,1,0.17599999999947613,BACKFILL_AUTO
2026-06-19 01:31:42,1781832702,R_10,4854.005,1,0.1320000000005166,BACKFILL_AUTO
2026-06-19 01:31:44,1781832704,R_10,4854.183,1,0.17799999999988358,BACKFILL_AUTO
2026-06-19 01:31:46,1781832706,R_10,4854.073,-1,0.10999999999967258,BACKFILL_AUTO
2026-06-19 01:31:48,1781832708,R_10,4854.156,1,0.08299999999962893,BACKFILL_AUTO
2026-06-19 01:31:50,1781832710,R_10,4854.163,1,0.006999999999607098,BACKFILL_AUTO
2026-06-19 01:31:52,1781832712,R_10,4854.051,-1,0.11199999999917054,BACKFILL_AUTO
2026-06-19 01:31:54,1781832714,R_10,4854.029,-1,0.021999999999934516,BACKFILL_AUTO
2026-06-19 01:31:56,1781832716,R_10,4854.263,1,0.23399999999946886,BACKFILL_AUTO
2026-06-19 01:31:58,1781832718,R_10,4854.339,1,0.07600000000002183,BACKFILL_AUTO
2026-06-19 01:32:00,1781832720,R_10,4854.446,1,0.1069999999999709,BACKFILL_AUTO
2026-06-19 01:32:02,1781832722,R_10,4854.558,1,0.11200000000008004,BACKFILL_AUTO
2026-06-19 01:32:04,1781832724,R_10,4854.408,-1,0.1499999999996362,BACKFILL_AUTO
2026-06-19 01:32:06,1781832726,R_10,4854.416,1,0.007999999999810825,BACKFILL_AUTO
2026-06-19 01:32:08,1781832728,R_10,4854.591,1,0.1750000000001819,BACKFILL_AUTO
2026-06-19 01:32:10,1781832730,R_10,4854.676,1,0.08500000000003638,BACKFILL_AUTO
2026-06-19 01:32:12,1781832732,R_10,4854.682,1,0.0059999999994033715,BACKFILL_AUTO
2026-06-19 01:32:14,1781832734,R_10,4854.655,-1,0.027000000000043656,BACKFILL_AUTO
2026-06-19 01:32:16,1781832736,R_10,4854.725,1,0.07000000000061846,BACKFILL_AUTO
2026-06-19 01:32:18,1781832738,R_10,4854.608,-1,0.11700000000018917,BACKFILL_AUTO
2026-06-19 01:32:20,1781832740,R_10,4854.772,1,0.1639999999997599,BACKFILL_AUTO
2026-06-19 01:32:22,1781832742,R_10,4854.874,1,0.10199999999986176,BACKFILL_AUTO
2026-06-19 01:32:24,1781832744,R_10,4854.834,-1,0.03999999999996362,BACKFILL_AUTO
2026-06-19 01:32:26,1781832746,R_10,4854.689,-1,0.14499999999952706,BACKFILL_AUTO
2026-06-19 01:32:28,1781832748,R_10,4854.695,1,0.0059999999994033715,BACKFILL_AUTO
2026-06-19 01:32:30,1781832750,R_10,4854.729,1,0.03400000000056025,BACKFILL_AUTO
2026-06-19 01:32:32,1781832752,R_10,4854.9,1,0.170999999999367,BACKFILL_AUTO
2026-06-19 01:32:34,1781832754,R_10,4854.75,-1,0.1499999999996362,BACKFILL_AUTO
2026-06-19 01:32:36,1781832756,R_10,4854.816,1,0.06599999999980355,BACKFILL_AUTO
2026-06-19 01:32:38,1781832758,R_10,4854.791,-1,0.024999999999636202,BACKFILL_AUTO
2026-06-19 01:32:40,1781832760,R_10,4854.654,-1,0.13699999999971624,BACKFILL_AUTO
2026-06-19 01:32:42,1781832762,R_10,4854.761,1,0.1069999999999709,BACKFILL_AUTO
2026-06-19 01:32:44,1781832764,R_10,4854.748,-1,0.01300000000082946,BACKFILL_AUTO
2026-06-19 01:32:46,1781832766,R_10,4854.821,1,0.07300000000032014,BACKFILL_AUTO
2026-06-19 01:32:48,1781832768,R_10,4854.784,-1,0.037000000000261934,BACKFILL_AUTO
2026-06-19 01:32:50,1781832770,R_10,4854.917,1,0.13300000000072032,BACKFILL_AUTO
2026-06-19 01:32:52,1781832772,R_10,4854.902,-1,0.015000000000327418,BACKFILL_AUTO
2026-06-19 01:32:54,1781832774,R_10,4854.702,-1,0.1999999999998181,BACKFILL_AUTO
2026-06-19 01:32:56,1781832776,R_10,4854.769,1,0.06700000000000728,BACKFILL_AUTO
2026-06-19 01:32:58,1781832778,R_10,4854.782,1,0.012999999999919964,BACKFILL_AUTO
2026-06-19 01:33:00,1781832780,R_10,4855.024,1,0.24200000000018917,BACKFILL_AUTO
2026-06-19 01:33:02,1781832782,R_10,4855.17,1,0.1459999999997308,BACKFILL_AUTO
2026-06-19 01:33:04,1781832784,R_10,4855.303,1,0.13299999999981083,BACKFILL_AUTO
2026-06-19 01:33:06,1781832786,R_10,4855.37,1,0.06700000000000728,BACKFILL_AUTO
2026-06-19 01:33:08,1781832788,R_10,4855.329,-1,0.04100000000016735,BACKFILL_AUTO
2026-06-19 01:33:10,1781832790,R_10,4855.531,1,0.20200000000022555,BACKFILL_AUTO
2026-06-19 01:33:12,1781832792,R_10,4855.433,-1,0.09799999999995634,BACKFILL_AUTO
2026-06-19 01:33:14,1781832794,R_10,4855.319,-1,0.113999999999578,BACKFILL_AUTO
2026-06-19 01:33:16,1781832796,R_10,4855.236,-1,0.08300000000053842,BACKFILL_AUTO
2026-06-19 01:33:18,1781832798,R_10,4855.213,-1,0.023000000000138243,BACKFILL_AUTO
2026-06-19 01:33:20,1781832800,R_10,4855.233,1,0.020000000000436557,BACKFILL_AUTO
2026-06-19 01:33:22,1781832802,R_10,4855.098,-1,0.13500000000021828,BACKFILL_AUTO
2026-06-19 01:33:24,1781832804,R_10,4855.092,-1,0.006000000000312866,BACKFILL_AUTO
2026-06-19 01:33:26,1781832806,R_10,4855.17,1,0.07800000000042928,BACKFILL_AUTO
2026-06-19 01:33:28,1781832808,R_10,4855.047,-1,0.12300000000050204,BACKFILL_AUTO
2026-06-19 01:33:30,1781832810,R_10,4855.018,-1,0.028999999999541615,BACKFILL_AUTO
2026-06-19 01:33:32,1781832812,R_10,4855.039,1,0.02099999999973079,BACKFILL_AUTO
2026-06-19 01:33:34,1781832814,R_10,4855.014,-1,0.024999999999636202,BACKFILL_AUTO
2026-06-19 01:33:36,1781832816,R_10,4854.942,-1,0.07200000000011642,BACKFILL_AUTO
2026-06-19 01:33:38,1781832818,R_10,4855.036,1,0.09400000000005093,BACKFILL_AUTO
2026-06-19 01:33:40,1781832820,R_10,4855.183,1,0.14699999999993452,BACKFILL_AUTO
2026-06-19 01:33:42,1781832822,R_10,4855.304,1,0.12100000000009459,BACKFILL_AUTO
2026-06-19 01:33:44,1781832824,R_10,4855.359,1,0.05500000000029104,BACKFILL_AUTO
2026-06-19 01:33:46,1781832826,R_10,4855.154,-1,0.20499999999992724,BACKFILL_AUTO
2026-06-19 01:33:48,1781832828,R_10,4855.073,-1,0.08100000000013097,BACKFILL_AUTO
2026-06-19 01:33:50,1781832830,R_10,4855.107,1,0.033999999999650754,BACKFILL_AUTO
2026-06-19 01:33:52,1781832832,R_10,4855.173,1,0.06599999999980355,BACKFILL_AUTO
2026-06-19 01:33:54,1781832834,R_10,4855.154,-1,0.018999999999323336,BACKFILL_AUTO
2026-06-19 01:33:56,1781832836,R_10,4855.037,-1,0.11700000000018917,BACKFILL_AUTO
2026-06-19 01:33:58,1781832838,R_10,4855.01,-1,0.027000000000043656,BACKFILL_AUTO
2026-06-19 01:34:00,1781832840,R_10,4855.065,1,0.054999999999381544,BACKFILL_AUTO
2026-06-19 01:34:02,1781832842,R_10,4854.915,-1,0.1499999999996362,BACKFILL_AUTO
2026-06-19 01:34:04,1781832844,R_10,4855.18,1,0.2650000000003274,BACKFILL_AUTO
2026-06-19 01:34:06,1781832846,R_10,4854.997,-1,0.18299999999999272,BACKFILL_AUTO
2026-06-19 01:34:08,1781832848,R_10,4854.954,-1,0.0430000000005748,BACKFILL_AUTO
2026-06-19 01:34:10,1781832850,R_10,4854.895,-1,0.058999999999286956,BACKFILL_AUTO
2026-06-19 01:34:12,1781832852,R_10,4854.879,-1,0.016000000000531145,BACKFILL_AUTO
2026-06-19 01:34:14,1781832854,R_10,4854.896,1,0.016999999999825377,BACKFILL_AUTO
2026-06-19 01:34:16,1781832856,R_10,4854.817,-1,0.07899999999972351,BACKFILL_AUTO
2026-06-19 01:34:18,1781832858,R_10,4855.072,1,0.25500000000010914,BACKFILL_AUTO
2026-06-19 01:34:20,1781832860,R_10,4855.011,-1,0.06099999999969441,BACKFILL_AUTO
2026-06-19 01:34:22,1781832862,R_10,4855.017,1,0.0059999999994033715,BACKFILL_AUTO
2026-06-19 01:34:24,1781832864,R_10,4855.126,1,0.10900000000037835,BACKFILL_AUTO
2026-06-19 01:34:26,1781832866,R_10,4855.121,-1,0.005000000000109139,BACKFILL_AUTO
2026-06-19 01:34:28,1781832868,R_10,4855.238,1,0.11700000000018917,BACKFILL_AUTO
2026-06-19 01:34:30,1781832870,R_10,4855.307,1,0.06899999999950523,BACKFILL_AUTO
2026-06-19 01:34:32,1781832872,R_10,4855.184,-1,0.12299999999959255,BACKFILL_AUTO
2026-06-19 01:34:34,1781832874,R_10,4855.268,1,0.08399999999983265,BACKFILL_AUTO
2026-06-19 01:34:36,1781832876,R_10,4854.877,-1,0.39099999999962165,BACKFILL_AUTO
2026-06-19 01:34:38,1781832878,R_10,4854.769,-1,0.10800000000017462,BACKFILL_AUTO
2026-06-19 01:34:40,1781832880,R_10,4854.865,1,0.09599999999954889,BACKFILL_AUTO
2026-06-19 01:34:42,1781832882,R_10,4854.725,-1,0.13999999999941792,BACKFILL_AUTO
2026-06-19 01:34:44,1781832884,R_10,4854.927,1,0.20199999999931606,BACKFILL_AUTO
2026-06-19 01:34:46,1781832886,R_10,4854.889,-1,0.03799999999955617,BACKFILL_AUTO
2026-06-19 01:34:48,1781832888,R_10,4854.952,1,0.06300000000010186,BACKFILL_AUTO
2026-06-19 01:34:50,1781832890,R_10,4854.731,-1,0.22100000000045839,BACKFILL_AUTO
2026-06-19 01:34:52,1781832892,R_10,4854.679,-1,0.05199999999967986,BACKFILL_AUTO
2026-06-19 01:34:54,1781832894,R_10,4854.537,-1,0.14199999999982538,BACKFILL_AUTO
2026-06-19 01:34:56,1781832896,R_10,4854.503,-1,0.03400000000056025,BACKFILL_AUTO
2026-06-19 01:34:58,1781832898,R_10,4854.491,-1,0.011999999999716238,BACKFILL_AUTO
2026-06-19 01:35:00,1781832900,R_10,4854.549,1,0.057999999999992724,BACKFILL_AUTO
2026-06-19 01:35:02,1781832902,R_10,4854.439,-1,0.10999999999967258,BACKFILL_AUTO
2026-06-19 01:35:04,1781832904,R_10,4854.442,1,0.0029999999997016857,BACKFILL_AUTO
2026-06-19 01:35:06,1781832906,R_10,4854.462,1,0.020000000000436557,BACKFILL_AUTO
2026-06-19 01:35:08,1781832908,R_10,4854.495,1,0.03299999999944703,BACKFILL_AUTO
2026-06-19 01:35:10,1781832910,R_10,4854.473,-1,0.021999999999934516,BACKFILL_AUTO
2026-06-19 01:35:12,1781832912,R_10,4854.273,-1,0.1999999999998181,BACKFILL_AUTO
2026-06-19 01:35:14,1781832914,R_10,4854.106,-1,0.16700000000037107,BACKFILL_AUTO
2026-06-19 01:35:16,1781832916,R_10,4854.013,-1,0.0929999999998472,BACKFILL_AUTO
2026-06-19 01:35:18,1781832918,R_10,4854.068,1,0.05500000000029104,BACKFILL_AUTO
2026-06-19 01:35:20,1781832920,R_10,4853.797,-1,0.2710000000006403,BACKFILL_AUTO
2026-06-19 01:35:22,1781832922,R_10,4853.816,1,0.01900000000023283,BACKFILL_AUTO
2026-06-19 01:35:24,1781832924,R_10,4853.812,-1,0.0039999999999054126,BACKFILL_AUTO
2026-06-19 01:35:26,1781832926,R_10,4853.798,-1,0.014000000000123691,BACKFILL_AUTO
2026-06-19 01:35:28,1781832928,R_10,4853.867,1,0.06900000000041473,BACKFILL_AUTO
2026-06-19 01:35:30,1781832930,R_10,4853.84,-1,0.027000000000043656,BACKFILL_AUTO
2026-06-19 01:35:32,1781832932,R_10,4853.81,-1,0.02999999999974534,BACKFILL_AUTO
2026-06-19 01:35:34,1781832934,R_10,4853.828,1,0.018000000000029104,BACKFILL_AUTO
2026-06-19 01:35:36,1781832936,R_10,4853.782,-1,0.046000000000276486,BACKFILL_AUTO
2026-06-19 01:35:38,1781832938,R_10,4853.837,1,0.05500000000029104,BACKFILL_AUTO
2026-06-19 01:35:40,1781832940,R_10,4853.797,-1,0.040000000000873115,BACKFILL_AUTO
2026-06-19 01:35:42,1781832942,R_10,4853.854,1,0.05700000000069849,BACKFILL_AUTO
2026-06-19 01:35:44,1781832944,R_10,4853.837,-1,0.016999999999825377,BACKFILL_AUTO
2026-06-19 01:35:46,1781832946,R_10,4853.92,1,0.08299999999962893,BACKFILL_AUTO
2026-06-19 01:35:48,1781832948,R_10,4854.018,1,0.09799999999995634,BACKFILL_AUTO
2026-06-19 01:35:50,1781832950,R_10,4853.934,-1,0.08399999999983265,BACKFILL_AUTO
2026-06-19 01:35:52,1781832952,R_10,4853.902,-1,0.032000000000152795,BACKFILL_AUTO
2026-06-19 01:35:54,1781832954,R_10,4853.922,1,0.019999999999527063,BACKFILL_AUTO
2026-06-19 01:35:56,1781832956,R_10,4854.029,1,0.10700000000088039,BACKFILL_AUTO
2026-06-19 01:35:58,1781832958,R_10,4853.957,-1,0.07200000000011642,BACKFILL_AUTO
2026-06-19 01:36:00,1781832960,R_10,4854.136,1,0.1790000000000873,BACKFILL_AUTO
2026-06-19 01:36:02,1781832962,R_10,4854.003,-1,0.13300000000072032,BACKFILL_AUTO
2026-06-19 01:36:04,1781832964,R_10,4854.037,1,0.03400000000056025,BACKFILL_AUTO
2026-06-19 01:36:06,1781832966,R_10,4853.929,-1,0.10800000000017462,BACKFILL_AUTO
2026-06-19 01:36:08,1781832968,R_10,4853.824,-1,0.10500000000047294,BACKFILL_AUTO
2026-06-19 01:36:10,1781832970,R_10,4853.801,-1,0.02299999999922875,BACKFILL_AUTO
2026-06-19 01:36:12,1781832972,R_10,4853.923,1,0.12199999999938882,BACKFILL_AUTO
2026-06-19 01:36:14,1781832974,R_10,4854.008,1,0.08500000000003638,BACKFILL_AUTO
2026-06-19 01:36:16,1781832976,R_10,4853.864,-1,0.14400000000023283,BACKFILL_AUTO
2026-06-19 01:36:18,1781832978,R_10,4853.795,-1,0.06899999999950523,BACKFILL_AUTO
2026-06-19 01:36:20,1781832980,R_10,4853.708,-1,0.08700000000044383,BACKFILL_AUTO
2026-06-19 01:36:22,1781832982,R_10,4853.829,1,0.12100000000009459,BACKFILL_AUTO
2026-06-19 01:36:24,1781832984,R_10,4853.624,-1,0.20499999999992724,BACKFILL_AUTO
2026-06-19 01:36:26,1781832986,R_10,4853.483,-1,0.14099999999962165,BACKFILL_AUTO
2026-06-19 01:36:28,1781832988,R_10,4853.538,1,0.054999999999381544,BACKFILL_AUTO
2026-06-19 01:36:30,1781832990,R_10,4853.31,-1,0.227999999999156,BACKFILL_AUTO
2026-06-19 01:36:32,1781832992,R_10,4853.349,1,0.03899999999975989,BACKFILL_AUTO
2026-06-19 01:36:34,1781832994,R_10,4853.29,-1,0.05900000000019645,BACKFILL_AUTO
2026-06-19 01:36:36,1781832996,R_10,4853.295,1,0.005000000000109139,BACKFILL_AUTO
2026-06-19 01:36:38,1781832998,R_10,4853.183,-1,0.11200000000008004,BACKFILL_AUTO
2026-06-19 01:36:40,1781833000,R_10,4853.08,-1,0.10300000000006548,BACKFILL_AUTO
2026-06-19 01:36:42,1781833002,R_10,4853.155,1,0.0749999999998181,BACKFILL_AUTO
2026-06-19 01:36:44,1781833004,R_10,4853.191,1,0.03600000000005821,BACKFILL_AUTO
2026-06-19 01:36:46,1781833006,R_10,4852.998,-1,0.193000000000211,BACKFILL_AUTO
2026-06-19 01:36:48,1781833008,R_10,4852.881,-1,0.11699999999927968,BACKFILL_AUTO
2026-06-19 01:36:50,1781833010,R_10,4852.843,-1,0.03800000000046566,BACKFILL_AUTO
2026-06-19 01:36:52,1781833012,R_10,4852.929,1,0.0860000000002401,BACKFILL_AUTO
2026-06-19 01:36:54,1781833014,R_10,4852.909,-1,0.020000000000436557,BACKFILL_AUTO
2026-06-19 01:36:56,1781833016,R_10,4852.797,-1,0.11200000000008004,BACKFILL_AUTO
2026-06-19 01:36:58,1781833018,R_10,4852.89,1,0.0930000000007567,BACKFILL_AUTO
2026-06-19 01:37:00,1781833020,R_10,4852.712,-1,0.17799999999988358,BACKFILL_AUTO
2026-06-19 01:37:02,1781833022,R_10,4852.606,-1,0.10600000000067666,BACKFILL_AUTO
2026-06-19 01:37:04,1781833024,R_10,4852.661,1,0.05500000000029104,BACKFILL_AUTO
2026-06-19 01:37:06,1781833026,R_10,4852.842,1,0.18099999999958527,BACKFILL_AUTO
2026-06-19 01:37:08,1781833028,R_10,4852.882,1,0.03999999999996362,BACKFILL_AUTO
2026-06-19 01:37:10,1781833030,R_10,4852.884,1,0.0020000000004074536,BACKFILL_AUTO
2026-06-19 01:37:12,1781833032,R_10,4852.948,1,0.06400000000030559,BACKFILL_AUTO
2026-06-19 01:37:14,1781833034,R_10,4853.277,1,0.3289999999997235,BACKFILL_AUTO
2026-06-19 01:37:16,1781833036,R_10,4853.259,-1,0.018000000000029104,BACKFILL_AUTO
2026-06-19 01:37:18,1781833038,R_10,4853.266,1,0.006999999999607098,BACKFILL_AUTO
2026-06-19 01:37:20,1781833040,R_10,4853.392,1,0.12600000000020373,BACKFILL_AUTO
2026-06-19 01:37:22,1781833042,R_10,4853.328,-1,0.0639999999993961,BACKFILL_AUTO
2026-06-19 01:37:24,1781833044,R_10,4853.224,-1,0.10400000000026921,BACKFILL_AUTO
2026-06-19 01:37:26,1781833046,R_10,4853.006,-1,0.2179999999998472,BACKFILL_AUTO
2026-06-19 01:37:28,1781833048,R_10,4852.897,-1,0.10900000000037835,BACKFILL_AUTO
2026-06-19 01:37:30,1781833050,R_10,4852.734,-1,0.16299999999955617,BACKFILL_AUTO
2026-06-19 01:37:32,1781833052,R_10,4852.809,1,0.0749999999998181,BACKFILL_AUTO
2026-06-19 01:37:34,1781833054,R_10,4852.837,1,0.028000000000247383,BACKFILL_AUTO
2026-06-19 01:37:36,1781833056,R_10,4852.709,-1,0.12800000000061118,BACKFILL_AUTO
2026-06-19 01:37:38,1781833058,R_10,4852.467,-1,0.24200000000018917,BACKFILL_AUTO
2026-06-19 01:37:40,1781833060,R_10,4852.643,1,0.17600000000038563,BACKFILL_AUTO
2026-06-19 01:37:42,1781833062,R_10,4852.486,-1,0.1570000000001528,BACKFILL_AUTO
2026-06-19 01:37:44,1781833064,R_10,4852.69,1,0.2039999999997235,BACKFILL_AUTO
2026-06-19 01:37:46,1781833066,R_10,4852.34,-1,0.3499999999994543,BACKFILL_AUTO
2026-06-19 01:37:48,1781833068,R_10,4852.466,1,0.12600000000020373,BACKFILL_AUTO
2026-06-19 01:37:50,1781833070,R_10,4852.278,-1,0.18800000000010186,BACKFILL_AUTO
2026-06-19 01:37:52,1781833072,R_10,4852.311,1,0.03299999999944703,BACKFILL_AUTO
2026-06-19 01:37:54,1781833074,R_10,4852.265,-1,0.04599999999936699,BACKFILL_AUTO
2026-06-19 01:37:56,1781833076,R_10,4852.218,-1,0.04700000000048021,BACKFILL_AUTO
2026-06-19 01:37:58,1781833078,R_10,4852.245,1,0.027000000000043656,BACKFILL_AUTO
2026-06-19 01:38:00,1781833080,R_10,4852.176,-1,0.06899999999950523,BACKFILL_AUTO
2026-06-19 01:38:02,1781833082,R_10,4852.045,-1,0.13100000000031287,BACKFILL_AUTO
2026-06-19 01:38:04,1781833084,R_10,4852.125,1,0.07999999999992724,BACKFILL_AUTO
2026-06-19 01:38:06,1781833086,R_10,4852.006,-1,0.11899999999968713,BACKFILL_AUTO
2026-06-19 01:38:08,1781833088,R_10,4851.857,-1,0.14900000000034197,BACKFILL_AUTO
2026-06-19 01:38:10,1781833090,R_10,4851.737,-1,0.11999999999989086,BACKFILL_AUTO
2026-06-19 01:38:12,1781833092,R_10,4851.824,1,0.08699999999953434,BACKFILL_AUTO
2026-06-19 01:38:14,1781833094,R_10,4851.678,-1,0.1459999999997308,BACKFILL_AUTO
2026-06-19 01:38:16,1781833096,R_10,4851.568,-1,0.10999999999967258,BACKFILL_AUTO
2026-06-19 01:38:18,1781833098,R_10,4851.658,1,0.09000000000014552,BACKFILL_AUTO
2026-06-19 01:38:20,1781833100,R_10,4851.71,1,0.05199999999967986,BACKFILL_AUTO
2026-06-19 01:38:22,1781833102,R_10,4851.613,-1,0.09699999999975262,BACKFILL_AUTO
2026-06-19 01:38:24,1781833104,R_10,4851.677,1,0.0639999999993961,BACKFILL_AUTO
2026-06-19 01:38:26,1781833106,R_10,4851.621,-1,0.05599999999958527,BACKFILL_AUTO
2026-06-19 01:38:28,1781833108,R_10,4851.659,1,0.03799999999955617,BACKFILL_AUTO
2026-06-19 01:38:30,1781833110,R_10,4851.583,-1,0.07600000000002183,BACKFILL_AUTO
2026-06-19 01:38:32,1781833112,R_10,4851.73,1,0.14699999999993452,BACKFILL_AUTO
2026-06-19 01:38:34,1781833114,R_10,4851.554,-1,0.17599999999947613,BACKFILL_AUTO
2026-06-19 01:38:36,1781833116,R_10,4851.429,-1,0.125,BACKFILL_AUTO
2026-06-19 01:38:38,1781833118,R_10,4851.519,1,0.09000000000014552,BACKFILL_AUTO
2026-06-19 01:38:40,1781833120,R_10,4851.405,-1,0.11400000000048749,BACKFILL_AUTO
2026-06-19 01:38:42,1781833122,R_10,4851.472,1,0.06700000000000728,BACKFILL_AUTO
2026-06-19 01:38:44,1781833124,R_10,4851.762,1,0.2899999999999636,BACKFILL_AUTO
2026-06-19 01:38:46,1781833126,R_10,4851.675,-1,0.08699999999953434,BACKFILL_AUTO
2026-06-19 01:38:48,1781833128,R_10,4851.674,-1,0.0010000000002037268,BACKFILL_AUTO
2026-06-19 01:38:50,1781833130,R_10,4851.962,1,0.28800000000046566,BACKFILL_AUTO
2026-06-19 01:38:52,1781833132,R_10,4852.127,1,0.16499999999996362,BACKFILL_AUTO
2026-06-19 01:38:54,1781833134,R_10,4852.017,-1,0.11000000000058208,BACKFILL_AUTO
2026-06-19 01:38:56,1781833136,R_10,4852.075,1,0.057999999999992724,BACKFILL_AUTO
2026-06-19 01:38:58,1781833138,R_10,4852.01,-1,0.06499999999959982,BACKFILL_AUTO
2026-06-19 01:39:00,1781833140,R_10,4852.002,-1,0.007999999999810825,BACKFILL_AUTO
2026-06-19 01:39:02,1781833142,R_10,4852.034,1,0.0319999999992433,BACKFILL_AUTO
2026-06-19 01:39:04,1781833144,R_10,4851.804,-1,0.22999999999956344,BACKFILL_AUTO
2026-06-19 01:39:06,1781833146,R_10,4851.89,1,0.0860000000002401,BACKFILL_AUTO
2026-06-19 01:39:08,1781833148,R_10,4851.846,-1,0.04400000000077853,BACKFILL_AUTO
2026-06-19 01:39:10,1781833150,R_10,4852.034,1,0.18800000000010186,BACKFILL_AUTO
2026-06-19 01:39:12,1781833152,R_10,4852.013,-1,0.02099999999973079,BACKFILL_AUTO
2026-06-19 01:39:14,1781833154,R_10,4851.899,-1,0.113999999999578,BACKFILL_AUTO
2026-06-19 01:39:16,1781833156,R_10,4852.166,1,0.2669999999998254,BACKFILL_AUTO
2026-06-19 01:39:18,1781833158,R_10,4852.242,1,0.07600000000002183,BACKFILL_AUTO
2026-06-19 01:39:20,1781833160,R_10,4852.192,-1,0.0500000000001819,BACKFILL_AUTO
2026-06-19 01:39:22,1781833162,R_10,4852.128,-1,0.06400000000030559,BACKFILL_AUTO
2026-06-19 01:39:24,1781833164,R_10,4852.216,1,0.08800000000064756,BACKFILL_AUTO
2026-06-19 01:39:26,1781833166,R_10,4852.405,1,0.1889999999993961,BACKFILL_AUTO
2026-06-19 01:39:28,1781833168,R_10,4852.41,1,0.005000000000109139,BACKFILL_AUTO
2026-06-19 01:39:30,1781833170,R_10,4852.415,1,0.005000000000109139,BACKFILL_AUTO
2026-06-19 01:39:32,1781833172,R_10,4852.517,1,0.10199999999986176,BACKFILL_AUTO
2026-06-19 01:39:34,1781833174,R_10,4852.509,-1,0.007999999999810825,BACKFILL_AUTO
2026-06-19 01:39:36,1781833176,R_10,4852.44,-1,0.06900000000041473,BACKFILL_AUTO
2026-06-19 01:39:38,1781833178,R_10,4852.3,-1,0.13999999999941792,BACKFILL_AUTO
2026-06-19 01:39:40,1781833180,R_10,4852.366,1,0.06599999999980355,BACKFILL_AUTO
2026-06-19 01:39:42,1781833182,R_10,4852.58,1,0.2139999999999418,BACKFILL_AUTO
2026-06-19 01:39:44,1781833184,R_10,4852.653,1,0.07300000000032014,BACKFILL_AUTO
2026-06-19 01:39:46,1781833186,R_10,4852.544,-1,0.10900000000037835,BACKFILL_AUTO
2026-06-19 01:39:48,1781833188,R_10,4852.44,-1,0.10400000000026921,BACKFILL_AUTO
2026-06-19 01:39:50,1781833190,R_10,4852.845,1,0.40500000000065484,BACKFILL_AUTO
2026-06-19 01:39:52,1781833192,R_10,4852.926,1,0.08100000000013097,BACKFILL_AUTO
2026-06-19 01:39:54,1781833194,R_10,4852.935,1,0.009000000000014552,BACKFILL_AUTO
2026-06-19 01:39:56,1781833196,R_10,4853.054,1,0.11899999999968713,BACKFILL_AUTO
2026-06-19 01:39:58,1781833198,R_10,4852.839,-1,0.21500000000014552,BACKFILL_AUTO
2026-06-19 01:40:00,1781833200,R_10,4852.886,1,0.04700000000048021,BACKFILL_AUTO
2026-06-19 01:40:02,1781833202,R_10,4852.914,1,0.027999999999337888,BACKFILL_AUTO
2026-06-19 01:40:04,1781833204,R_10,4852.995,1,0.08100000000013097,BACKFILL_AUTO
2026-06-19 01:40:06,1781833206,R_10,4852.936,-1,0.05900000000019645,BACKFILL_AUTO
2026-06-19 01:40:08,1781833208,R_10,4852.889,-1,0.04699999999957072,BACKFILL_AUTO
2026-06-19 01:40:10,1781833210,R_10,4852.918,1,0.028999999999541615,BACKFILL_AUTO
2026-06-19 01:40:12,1781833212,R_10,4852.788,-1,0.13000000000010914,BACKFILL_AUTO
2026-06-19 01:40:14,1781833214,R_10,4852.799,1,0.011000000000422006,BACKFILL_AUTO
2026-06-19 01:40:16,1781833216,R_10,4852.87,1,0.07099999999991269,BACKFILL_AUTO
2026-06-19 01:40:18,1781833218,R_10,4852.779,-1,0.09099999999943975,BACKFILL_AUTO
2026-06-19 01:40:20,1781833220,R_10,4852.784,1,0.004999999999199645,BACKFILL_AUTO
2026-06-19 01:40:22,1781833222,R_10,4852.958,1,0.17399999999997817,BACKFILL_AUTO
2026-06-19 01:40:24,1781833224,R_10,4852.971,1,0.012999999999919964,BACKFILL_AUTO
2026-06-19 01:40:26,1781833226,R_10,4852.99,1,0.01900000000023283,BACKFILL_AUTO
2026-06-19 01:40:28,1781833228,R_10,4852.938,-1,0.05199999999967986,BACKFILL_AUTO
2026-06-19 01:40:30,1781833230,R_10,4853.074,1,0.1359999999995125,BACKFILL_AUTO
2026-06-19 01:40:32,1781833232,R_10,4853.199,1,0.125,BACKFILL_AUTO
2026-06-19 01:40:34,1781833234,R_10,4853.21,1,0.011000000000422006,BACKFILL_AUTO
2026-06-19 01:40:36,1781833236,R_10,4853.145,-1,0.06499999999959982,BACKFILL_AUTO
2026-06-19 01:40:38,1781833238,R_10,4853.128,-1,0.01700000000073487,BACKFILL_AUTO
2026-06-19 01:40:40,1781833240,R_10,4853.067,-1,0.06099999999969441,BACKFILL_AUTO
2026-06-19 01:40:42,1781833242,R_10,4853.17,1,0.10300000000006548,BACKFILL_AUTO
2026-06-19 01:40:44,1781833244,R_10,4853.181,1,0.01099999999951251,BACKFILL_AUTO
2026-06-19 01:40:46,1781833246,R_10,4853.379,1,0.19800000000032014,BACKFILL_AUTO
2026-06-19 01:40:48,1781833248,R_10,4853.429,1,0.0500000000001819,BACKFILL_AUTO
2026-06-19 01:40:50,1781833250,R_10,4853.486,1,0.056999999999789,BACKFILL_AUTO
2026-06-19 01:40:52,1781833252,R_10,4853.259,-1,0.22699999999986176,BACKFILL_AUTO
2026-06-19 01:40:54,1781833254,R_10,4853.24,-1,0.01900000000023283,BACKFILL_AUTO
2026-06-19 01:40:56,1781833256,R_10,4853.173,-1,0.06700000000000728,BACKFILL_AUTO
2026-06-19 01:40:58,1781833258,R_10,4853.401,1,0.22800000000006548,BACKFILL_AUTO
2026-06-19 01:41:00,1781833260,R_10,4853.711,1,0.3100000000004002,BACKFILL_AUTO
2026-06-19 01:41:02,1781833262,R_10,4854.106,1,0.39499999999952706,BACKFILL_AUTO
2026-06-19 01:41:04,1781833264,R_10,4854.134,1,0.028000000000247383,BACKFILL_AUTO
2026-06-19 01:41:06,1781833266,R_10,4854.198,1,0.06400000000030559,BACKFILL_AUTO
2026-06-19 01:41:08,1781833268,R_10,4854.281,1,0.08299999999962893,BACKFILL_AUTO
2026-06-19 01:41:10,1781833270,R_10,4854.502,1,0.22100000000045839,BACKFILL_AUTO
2026-06-19 01:41:12,1781833272,R_10,4854.509,1,0.006999999999607098,BACKFILL_AUTO
2026-06-19 01:41:14,1781833274,R_10,4854.556,1,0.04699999999957072,BACKFILL_AUTO
2026-06-19 01:41:16,1781833276,R_10,4854.688,1,0.1320000000005166,BACKFILL_AUTO
2026-06-19 01:41:18,1781833278,R_10,4854.893,1,0.20499999999992724,BACKFILL_AUTO
2026-06-19 01:41:20,1781833280,R_10,4855.015,1,0.12200000000029831,BACKFILL_AUTO
2026-06-19 01:41:22,1781833282,R_10,4854.889,-1,0.12600000000020373,BACKFILL_AUTO
2026-06-19 01:41:24,1781833284,R_10,4855.073,1,0.18400000000019645,BACKFILL_AUTO
2026-06-19 01:41:26,1781833286,R_10,4855.028,-1,0.04500000000007276,BACKFILL_AUTO
2026-06-19 01:41:28,1781833288,R_10,4855.046,1,0.018000000000029104,BACKFILL_AUTO
2026-06-19 01:41:30,1781833290,R_10,4855.278,1,0.2319999999999709,BACKFILL_AUTO
2026-06-19 01:41:32,1781833292,R_10,4855.227,-1,0.051000000000385626,BACKFILL_AUTO
2026-06-19 01:41:34,1781833294,R_10,4855.411,1,0.18400000000019645,BACKFILL_AUTO
2026-06-19 01:41:36,1781833296,R_10,4855.519,1,0.10800000000017462,BACKFILL_AUTO
2026-06-19 01:41:38,1781833298,R_10,4855.468,-1,0.051000000000385626,BACKFILL_AUTO
2026-06-19 01:41:40,1781833300,R_10,4855.403,-1,0.06499999999959982,BACKFILL_AUTO
2026-06-19 01:41:42,1781833302,R_10,4855.411,1,0.007999999999810825,BACKFILL_AUTO
2026-06-19 01:41:44,1781833304,R_10,4855.412,1,0.0010000000002037268,BACKFILL_AUTO
2026-06-19 01:41:46,1781833306,R_10,4855.453,1,0.04100000000016735,BACKFILL_AUTO
2026-06-19 01:41:48,1781833308,R_10,4855.355,-1,0.09800000000086584,BACKFILL_AUTO
2026-06-19 01:41:50,1781833310,R_10,4855.264,-1,0.09099999999943975,BACKFILL_AUTO
2026-06-19 01:41:52,1781833312,R_10,4855.342,1,0.07799999999951979,BACKFILL_AUTO
2026-06-19 01:41:54,1781833314,R_10,4855.266,-1,0.07600000000002183,BACKFILL_AUTO
2026-06-19 01:41:56,1781833316,R_10,4855.209,-1,0.056999999999789,BACKFILL_AUTO
2026-06-19 01:41:58,1781833318,R_10,4855.45,1,0.24099999999998545,BACKFILL_AUTO
2026-06-19 01:42:00,1781833320,R_10,4855.507,1,0.056999999999789,BACKFILL_AUTO
2026-06-19 01:42:02,1781833322,R_10,4855.465,-1,0.04199999999946158,BACKFILL_AUTO
2026-06-19 01:42:04,1781833324,R_10,4855.456,-1,0.009000000000014552,BACKFILL_AUTO
2026-06-19 01:42:06,1781833326,R_10,4855.948,1,0.4920000000001892,BACKFILL_AUTO
2026-06-19 01:42:08,1781833328,R_10,4856.0,1,0.05199999999967986,BACKFILL_AUTO
2026-06-19 01:42:10,1781833330,R_10,4855.877,-1,0.12299999999959255,BACKFILL_AUTO
2026-06-19 01:42:12,1781833332,R_10,4856.049,1,0.17199999999957072,BACKFILL_AUTO
2026-06-19 01:42:14,1781833334,R_10,4855.999,-1,0.0500000000001819,BACKFILL_AUTO
2026-06-19 01:42:16,1781833336,R_10,4856.074,1,0.0749999999998181,BACKFILL_AUTO
2026-06-19 01:42:18,1781833338,R_10,4856.124,1,0.0500000000001819,BACKFILL_AUTO
2026-06-19 01:42:20,1781833340,R_10,4856.188,1,0.06400000000030559,BACKFILL_AUTO
2026-06-19 01:42:22,1781833342,R_10,4856.319,1,0.13100000000031287,BACKFILL_AUTO
2026-06-19 01:42:24,1781833344,R_10,4856.415,1,0.09599999999954889,BACKFILL_AUTO
2026-06-19 01:42:26,1781833346,R_10,4856.302,-1,0.11300000000028376,BACKFILL_AUTO
2026-06-19 01:42:28,1781833348,R_10,4856.301,-1,0.0009999999992942321,BACKFILL_AUTO
2026-06-19 01:42:30,1781833350,R_10,4856.41,1,0.10899999999946886,BACKFILL_AUTO
2026-06-19 01:42:32,1781833352,R_10,4856.369,-1,0.04100000000016735,BACKFILL_AUTO
2026-06-19 01:42:34,1781833354,R_10,4856.289,-1,0.07999999999992724,BACKFILL_AUTO
2026-06-19 01:42:36,1781833356,R_10,4856.326,1,0.037000000000261934,BACKFILL_AUTO
2026-06-19 01:42:38,1781833358,R_10,4856.379,1,0.052999999999883585,BACKFILL_AUTO
2026-06-19 01:42:40,1781833360,R_10,4856.312,-1,0.06700000000000728,BACKFILL_AUTO
2026-06-19 01:42:42,1781833362,R_10,4856.512,1,0.1999999999998181,BACKFILL_AUTO
2026-06-19 01:42:44,1781833364,R_10,4856.759,1,0.24700000000029831,BACKFILL_AUTO
2026-06-19 01:42:46,1781833366,R_10,4856.73,-1,0.02900000000045111,BACKFILL_AUTO
2026-06-19 01:42:48,1781833368,R_10,4856.651,-1,0.07899999999972351,BACKFILL_AUTO
2026-06-19 01:42:50,1781833370,R_10,4856.571,-1,0.07999999999992724,BACKFILL_AUTO
2026-06-19 01:42:52,1781833372,R_10,4856.454,-1,0.11700000000018917,BACKFILL_AUTO
2026-06-19 01:42:54,1781833374,R_10,4856.421,-1,0.03299999999944703,BACKFILL_AUTO
2026-06-19 01:42:56,1781833376,R_10,4856.29,-1,0.13100000000031287,BACKFILL_AUTO
2026-06-19 01:42:58,1781833378,R_10,4856.262,-1,0.028000000000247383,BACKFILL_AUTO
2026-06-19 01:43:00,1781833380,R_10,4856.487,1,0.2250000000003638,BACKFILL_AUTO
2026-06-19 01:43:02,1781833382,R_10,4856.632,1,0.14499999999952706,BACKFILL_AUTO
2026-06-19 01:43:04,1781833384,R_10,4856.566,-1,0.06599999999980355,BACKFILL_AUTO
2026-06-19 01:43:06,1781833386,R_10,4856.648,1,0.0820000000003347,BACKFILL_AUTO
2026-06-19 01:43:08,1781833388,R_10,4856.864,1,0.21599999999943975,BACKFILL_AUTO
2026-06-19 01:43:10,1781833390,R_10,4856.892,1,0.028000000000247383,BACKFILL_AUTO
2026-06-19 01:43:12,1781833392,R_10,4856.755,-1,0.13699999999971624,BACKFILL_AUTO
2026-06-19 01:43:14,1781833394,R_10,4856.77,1,0.015000000000327418,BACKFILL_AUTO
2026-06-19 01:43:16,1781833396,R_10,4856.811,1,0.04099999999925785,BACKFILL_AUTO
2026-06-19 01:43:18,1781833398,R_10,4856.69,-1,0.12100000000009459,BACKFILL_AUTO
2026-06-19 01:43:20,1781833400,R_10,4856.667,-1,0.02299999999922875,BACKFILL_AUTO
2026-06-19 01:43:22,1781833402,R_10,4856.391,-1,0.2760000000007494,BACKFILL_AUTO
2026-06-19 01:43:24,1781833404,R_10,4856.201,-1,0.18999999999959982,BACKFILL_AUTO
2026-06-19 01:43:26,1781833406,R_10,4856.312,1,0.11099999999987631,BACKFILL_AUTO
2026-06-19 01:43:28,1781833408,R_10,4856.135,-1,0.17699999999967986,BACKFILL_AUTO
2026-06-19 01:43:30,1781833410,R_10,4856.067,-1,0.068000000000211,BACKFILL_AUTO
2026-06-19 01:43:32,1781833412,R_10,4855.99,-1,0.07700000000022555,BACKFILL_AUTO
2026-06-19 01:43:34,1781833414,R_10,4856.04,1,0.0500000000001819,BACKFILL_AUTO
2026-06-19 01:43:36,1781833416,R_10,4856.102,1,0.06199999999989814,BACKFILL_AUTO
2026-06-19 01:43:38,1781833418,R_10,4855.914,-1,0.18800000000010186,BACKFILL_AUTO
2026-06-19 01:43:40,1781833420,R_10,4856.006,1,0.09200000000055297,BACKFILL_AUTO
2026-06-19 01:43:42,1781833422,R_10,4855.745,-1,0.261000000000422,BACKFILL_AUTO
2026-06-19 01:43:44,1781833424,R_10,4855.716,-1,0.028999999999541615,BACKFILL_AUTO
2026-06-19 01:43:46,1781833426,R_10,4855.876,1,0.15999999999985448,BACKFILL_AUTO
2026-06-19 01:43:48,1781833428,R_10,4855.939,1,0.06300000000010186,BACKFILL_AUTO
2026-06-19 01:43:50,1781833430,R_10,4855.894,-1,0.04500000000007276,BACKFILL_AUTO
2026-06-19 01:43:52,1781833432,R_10,4856.069,1,0.1750000000001819,BACKFILL_AUTO
2026-06-19 01:43:54,1781833434,R_10,4855.988,-1,0.08100000000013097,BACKFILL_AUTO
2026-06-19 01:43:56,1781833436,R_10,4855.997,1,0.009000000000014552,BACKFILL_AUTO
2026-06-19 01:43:58,1781833438,R_10,4856.053,1,0.05599999999958527,BACKFILL_AUTO
2026-06-19 01:44:00,1781833440,R_10,4856.099,1,0.046000000000276486,BACKFILL_AUTO
2026-06-19 01:44:02,1781833442,R_10,4855.881,-1,0.2179999999998472,BACKFILL_AUTO
2026-06-19 01:44:04,1781833444,R_10,4856.007,1,0.12599999999929423,BACKFILL_AUTO
2026-06-19 01:44:06,1781833446,R_10,4855.891,-1,0.11599999999998545,BACKFILL_AUTO
2026-06-19 01:44:08,1781833448,R_10,4855.833,-1,0.057999999999992724,BACKFILL_AUTO
2026-06-19 01:44:10,1781833450,R_10,4855.91,1,0.07700000000022555,BACKFILL_AUTO
2026-06-19 01:44:12,1781833452,R_10,4855.917,1,0.007000000000516593,BACKFILL_AUTO
2026-06-19 01:44:14,1781833454,R_10,4855.735,-1,0.1820000000006985,BACKFILL_AUTO
2026-06-19 01:44:16,1781833456,R_10,4855.758,1,0.023000000000138243,BACKFILL_AUTO
2026-06-19 01:44:18,1781833458,R_10,4855.575,-1,0.18299999999999272,BACKFILL_AUTO
2026-06-19 01:44:20,1781833460,R_10,4855.657,1,0.0820000000003347,BACKFILL_AUTO
2026-06-19 01:44:22,1781833462,R_10,4855.671,1,0.014000000000123691,BACKFILL_AUTO
2026-06-19 01:44:24,1781833464,R_10,4855.59,-1,0.08100000000013097,BACKFILL_AUTO
2026-06-19 01:44:26,1781833466,R_10,4855.725,1,0.13500000000021828,BACKFILL_AUTO
2026-06-19 01:44:28,1781833468,R_10,4855.723,-1,0.0020000000004074536,BACKFILL_AUTO
2026-06-19 01:44:30,1781833470,R_10,4855.731,1,0.007999999999810825,BACKFILL_AUTO
2026-06-19 01:44:32,1781833472,R_10,4855.556,-1,0.1750000000001819,BACKFILL_AUTO
2026-06-19 01:44:34,1781833474,R_10,4855.676,1,0.12000000000080036,BACKFILL_AUTO
2026-06-19 01:44:36,1781833476,R_10,4855.725,1,0.04899999999997817,BACKFILL_AUTO
2026-06-19 01:44:38,1781833478,R_10,4855.503,-1,0.2220000000006621,BACKFILL_AUTO
2026-06-19 01:44:40,1781833480,R_10,4855.32,-1,0.18299999999999272,BACKFILL_AUTO
2026-06-19 01:44:42,1781833482,R_10,4855.283,-1,0.03699999999935244,BACKFILL_AUTO
2026-06-19 01:44:44,1781833484,R_10,4855.3,1,0.016999999999825377,BACKFILL_AUTO
2026-06-19 01:44:46,1781833486,R_10,4855.457,1,0.1570000000001528,BACKFILL_AUTO
2026-06-19 01:44:48,1781833488,R_10,4855.241,-1,0.21600000000034925,BACKFILL_AUTO
2026-06-19 01:44:50,1781833490,R_10,4855.144,-1,0.09699999999975262,BACKFILL_AUTO
2026-06-19 01:44:52,1781833492,R_10,4855.343,1,0.19899999999961437,BACKFILL_AUTO
2026-06-19 01:44:54,1781833494,R_10,4855.52,1,0.17700000000058935,BACKFILL_AUTO
2026-06-19 01:44:56,1781833496,R_10,4855.608,1,0.08799999999973807,BACKFILL_AUTO
2026-06-19 01:44:58,1781833498,R_10,4855.692,1,0.08399999999983265,BACKFILL_AUTO
2026-06-19 01:45:00,1781833500,R_10,4855.8,1,0.10800000000017462,BACKFILL_AUTO
2026-06-19 01:45:02,1781833502,R_10,4855.952,1,0.15200000000004366,BACKFILL_AUTO
2026-06-19 01:45:04,1781833504,R_10,4855.964,1,0.011999999999716238,BACKFILL_AUTO
2026-06-19 01:45:06,1781833506,R_10,4855.855,-1,0.10900000000037835,BACKFILL_AUTO
2026-06-19 01:45:08,1781833508,R_10,4856.056,1,0.20100000000002183,BACKFILL_AUTO
2026-06-19 01:45:10,1781833510,R_10,4856.322,1,0.26600000000053114,BACKFILL_AUTO
2026-06-19 01:45:12,1781833512,R_10,4856.348,1,0.02599999999983993,BACKFILL_AUTO
2026-06-19 01:45:14,1781833514,R_10,4856.305,-1,0.042999999999665306,BACKFILL_AUTO
2026-06-19 01:45:16,1781833516,R_10,4856.162,-1,0.1430000000000291,BACKFILL_AUTO
2026-06-19 01:45:18,1781833518,R_10,4856.352,1,0.18999999999959982,BACKFILL_AUTO
2026-06-19 01:45:20,1781833520,R_10,4856.461,1,0.10900000000037835,BACKFILL_AUTO
2026-06-19 01:45:22,1781833522,R_10,4856.35,-1,0.11099999999987631,BACKFILL_AUTO
2026-06-19 01:45:24,1781833524,R_10,4856.33,-1,0.020000000000436557,BACKFILL_AUTO
2026-06-19 01:45:26,1781833526,R_10,4856.324,-1,0.006000000000312866,BACKFILL_AUTO
2026-06-19 01:45:28,1781833528,R_10,4856.485,1,0.1610000000000582,BACKFILL_AUTO
2026-06-19 01:45:30,1781833530,R_10,4856.605,1,0.11999999999989086,BACKFILL_AUTO
2026-06-19 01:45:32,1781833532,R_10,4856.592,-1,0.012999999999919964,BACKFILL_AUTO
2026-06-19 01:45:34,1781833534,R_10,4856.483,-1,0.10899999999946886,BACKFILL_AUTO
2026-06-19 01:45:36,1781833536,R_10,4856.632,1,0.14899999999943248,BACKFILL_AUTO
2026-06-19 01:45:38,1781833538,R_10,4856.694,1,0.06200000000080763,BACKFILL_AUTO
2026-06-19 01:45:40,1781833540,R_10,4856.817,1,0.12299999999959255,BACKFILL_AUTO
2026-06-19 01:45:42,1781833542,R_10,4856.848,1,0.03099999999994907,BACKFILL_AUTO
2026-06-19 01:45:44,1781833544,R_10,4856.699,-1,0.14900000000034197,BACKFILL_AUTO
2026-06-19 01:45:46,1781833546,R_10,4856.549,-1,0.1499999999996362,BACKFILL_AUTO
2026-06-19 01:45:48,1781833548,R_10,4856.703,1,0.1540000000004511,BACKFILL_AUTO
2026-06-19 01:45:50,1781833550,R_10,4856.688,-1,0.015000000000327418,BACKFILL_AUTO
2026-06-19 01:45:52,1781833552,R_10,4856.693,1,0.005000000000109139,BACKFILL_AUTO
2026-06-19 01:45:54,1781833554,R_10,4856.645,-1,0.047999999999774445,BACKFILL_AUTO
2026-06-19 01:45:56,1781833556,R_10,4856.737,1,0.09199999999964348,BACKFILL_AUTO
2026-06-19 01:45:58,1781833558,R_10,4856.679,-1,0.057999999999992724,BACKFILL_AUTO
2026-06-19 01:46:00,1781833560,R_10,4856.307,-1,0.3720000000002983,BACKFILL_AUTO
2026-06-19 01:46:02,1781833562,R_10,4856.414,1,0.1069999999999709,BACKFILL_AUTO
2026-06-19 01:46:04,1781833564,R_10,4856.264,-1,0.1499999999996362,BACKFILL_AUTO
2026-06-19 01:46:06,1781833566,R_10,4856.356,1,0.09199999999964348,BACKFILL_AUTO
2026-06-19 01:46:08,1781833568,R_10,4856.325,-1,0.03099999999994907,BACKFILL_AUTO
2026-06-19 01:46:10,1781833570,R_10,4856.29,-1,0.03499999999985448,BACKFILL_AUTO
2026-06-19 01:46:12,1781833572,R_10,4856.197,-1,0.0929999999998472,BACKFILL_AUTO
2026-06-19 01:46:14,1781833574,R_10,4855.851,-1,0.3460000000004584,BACKFILL_AUTO
2026-06-19 01:46:16,1781833576,R_10,4855.82,-1,0.03099999999994907,BACKFILL_AUTO
2026-06-19 01:46:18,1781833578,R_10,4855.713,-1,0.1069999999999709,BACKFILL_AUTO
2026-06-19 01:46:20,1781833580,R_10,4855.532,-1,0.18099999999958527,BACKFILL_AUTO
2026-06-19 01:46:22,1781833582,R_10,4855.531,-1,0.0010000000002037268,BACKFILL_AUTO
2026-06-19 01:46:24,1781833584,R_10,4855.433,-1,0.09799999999995634,BACKFILL_AUTO
2026-06-19 01:46:26,1781833586,R_10,4855.556,1,0.12299999999959255,BACKFILL_AUTO
2026-06-19 01:46:28,1781833588,R_10,4855.503,-1,0.052999999999883585,BACKFILL_AUTO
2026-06-19 01:46:30,1781833590,R_10,4855.373,-1,0.13000000000010914,BACKFILL_AUTO
2026-06-19 01:46:32,1781833592,R_10,4855.575,1,0.20200000000022555,BACKFILL_AUTO
2026-06-19 01:46:34,1781833594,R_10,4855.715,1,0.14000000000032742,BACKFILL_AUTO
2026-06-19 01:46:36,1781833596,R_10,4855.809,1,0.09400000000005093,BACKFILL_AUTO
2026-06-19 01:46:38,1781833598,R_10,4855.777,-1,0.032000000000152795,BACKFILL_AUTO
2026-06-19 01:46:40,1781833600,R_10,4855.775,-1,0.0020000000004074536,BACKFILL_AUTO
2026-06-19 01:46:42,1781833602,R_10,4855.754,-1,0.02099999999973079,BACKFILL_AUTO
2026-06-19 01:46:44,1781833604,R_10,4855.74,-1,0.014000000000123691,BACKFILL_AUTO
2026-06-19 01:46:46,1781833606,R_10,4855.703,-1,0.03699999999935244,BACKFILL_AUTO
2026-06-19 01:46:48,1781833608,R_10,4855.587,-1,0.11599999999998545,BACKFILL_AUTO
2026-06-19 01:46:50,1781833610,R_10,4855.399,-1,0.18800000000010186,BACKFILL_AUTO
2026-06-19 01:46:52,1781833612,R_10,4855.306,-1,0.0930000000007567,BACKFILL_AUTO
2026-06-19 01:46:54,1781833614,R_10,4855.267,-1,0.03899999999975989,BACKFILL_AUTO
2026-06-19 01:46:56,1781833616,R_10,4855.221,-1,0.046000000000276486,BACKFILL_AUTO
2026-06-19 01:46:58,1781833618,R_10,4855.01,-1,0.2109999999993306,BACKFILL_AUTO
2026-06-19 01:47:00,1781833620,R_10,4855.068,1,0.057999999999992724,BACKFILL_AUTO
2026-06-19 01:47:02,1781833622,R_10,4855.182,1,0.113999999999578,BACKFILL_AUTO
2026-06-19 01:47:04,1781833624,R_10,4855.321,1,0.1390000000001237,BACKFILL_AUTO
2026-06-19 01:47:06,1781833626,R_10,4855.388,1,0.06700000000000728,BACKFILL_AUTO
2026-06-19 01:47:08,1781833628,R_10,4855.297,-1,0.09100000000034925,BACKFILL_AUTO
2026-06-19 01:47:10,1781833630,R_10,4855.3,1,0.0030000000006111804,BACKFILL_AUTO
2026-06-19 01:47:12,1781833632,R_10,4855.209,-1,0.09100000000034925,BACKFILL_AUTO
2026-06-19 01:47:14,1781833634,R_10,4855.105,-1,0.10400000000026921,BACKFILL_AUTO
2026-06-19 01:47:16,1781833636,R_10,4855.025,-1,0.07999999999992724,BACKFILL_AUTO
2026-06-19 01:47:18,1781833638,R_10,4854.91,-1,0.11499999999978172,BACKFILL_AUTO
2026-06-19 01:47:20,1781833640,R_10,4854.938,1,0.028000000000247383,BACKFILL_AUTO
2026-06-19 01:47:22,1781833642,R_10,4854.915,-1,0.023000000000138243,BACKFILL_AUTO
2026-06-19 01:47:24,1781833644,R_10,4855.005,1,0.09000000000014552,BACKFILL_AUTO
2026-06-19 01:47:26,1781833646,R_10,4855.014,1,0.009000000000014552,BACKFILL_AUTO
2026-06-19 01:47:28,1781833648,R_10,4855.049,1,0.03499999999985448,BACKFILL_AUTO
2026-06-19 01:47:30,1781833650,R_10,4855.186,1,0.13699999999971624,BACKFILL_AUTO
2026-06-19 01:47:32,1781833652,R_10,4855.024,-1,0.16199999999935244,BACKFILL_AUTO
2026-06-19 01:47:34,1781833654,R_10,4855.124,1,0.0999999999994543,BACKFILL_AUTO
2026-06-19 01:47:36,1781833656,R_10,4855.11,-1,0.014000000000123691,BACKFILL_AUTO
2026-06-19 01:47:38,1781833658,R_10,4855.094,-1,0.01599999999962165,BACKFILL_AUTO
2026-06-19 01:47:40,1781833660,R_10,4855.071,-1,0.023000000000138243,BACKFILL_AUTO
2026-06-19 01:47:42,1781833662,R_10,4854.956,-1,0.11499999999978172,BACKFILL_AUTO
2026-06-19 01:47:44,1781833664,R_10,4855.025,1,0.06899999999950523,BACKFILL_AUTO
2026-06-19 01:47:46,1781833666,R_10,4855.011,-1,0.013999999999214197,BACKFILL_AUTO
2026-06-19 01:47:48,1781833668,R_10,4855.224,1,0.21299999999973807,BACKFILL_AUTO
2026-06-19 01:47:50,1781833670,R_10,4855.125,-1,0.09900000000016007,BACKFILL_AUTO
2026-06-19 01:47:52,1781833672,R_10,4855.276,1,0.15099999999983993,BACKFILL_AUTO
2026-06-19 01:47:54,1781833674,R_10,4855.375,1,0.09900000000016007,BACKFILL_AUTO
2026-06-19 01:47:56,1781833676,R_10,4855.246,-1,0.1289999999999054,BACKFILL_AUTO
2026-06-19 01:47:58,1781833678,R_10,4855.18,-1,0.06599999999980355,BACKFILL_AUTO
2026-06-19 01:48:00,1781833680,R_10,4855.322,1,0.14199999999982538,BACKFILL_AUTO
2026-06-19 01:48:02,1781833682,R_10,4855.118,-1,0.2039999999997235,BACKFILL_AUTO
2026-06-19 01:48:04,1781833684,R_10,4855.115,-1,0.0030000000006111804,BACKFILL_AUTO
2026-06-19 01:48:06,1781833686,R_10,4855.246,1,0.13100000000031287,BACKFILL_AUTO
2026-06-19 01:48:08,1781833688,R_10,4855.324,1,0.07799999999951979,BACKFILL_AUTO
2026-06-19 01:48:10,1781833690,R_10,4855.345,1,0.021000000000640284,BACKFILL_AUTO
2026-06-19 01:48:12,1781833692,R_10,4855.616,1,0.2709999999997308,BACKFILL_AUTO
2026-06-19 01:48:14,1781833694,R_10,4855.577,-1,0.03899999999975989,BACKFILL_AUTO
2026-06-19 01:48:16,1781833696,R_10,4855.431,-1,0.14600000000064028,BACKFILL_AUTO
2026-06-19 01:48:18,1781833698,R_10,4855.538,1,0.1069999999999709,BACKFILL_AUTO
2026-06-19 01:48:20,1781833700,R_10,4855.483,-1,0.054999999999381544,BACKFILL_AUTO
2026-06-19 01:48:22,1781833702,R_10,4855.421,-1,0.06199999999989814,BACKFILL_AUTO
2026-06-19 01:48:24,1781833704,R_10,4855.545,1,0.12399999999979627,BACKFILL_AUTO
2026-06-19 01:48:26,1781833706,R_10,4855.666,1,0.12100000000009459,BACKFILL_AUTO
2026-06-19 01:48:28,1781833708,R_10,4855.696,1,0.02999999999974534,BACKFILL_AUTO
2026-06-19 01:48:30,1781833710,R_10,4855.825,1,0.1289999999999054,BACKFILL_AUTO
2026-06-19 01:48:32,1781833712,R_10,4855.71,-1,0.11499999999978172,BACKFILL_AUTO
2026-06-19 01:48:34,1781833714,R_10,4855.574,-1,0.136000000000422,BACKFILL_AUTO
2026-06-19 01:48:36,1781833716,R_10,4855.467,-1,0.1069999999999709,BACKFILL_AUTO
2026-06-19 01:48:38,1781833718,R_10,4855.338,-1,0.1289999999999054,BACKFILL_AUTO
2026-06-19 01:48:40,1781833720,R_10,4855.261,-1,0.07699999999931606,BACKFILL_AUTO
2026-06-19 01:48:42,1781833722,R_10,4855.146,-1,0.11500000000069122,BACKFILL_AUTO
2026-06-19 01:48:44,1781833724,R_10,4855.079,-1,0.06700000000000728,BACKFILL_AUTO
2026-06-19 01:48:46,1781833726,R_10,4855.292,1,0.21300000000064756,BACKFILL_AUTO
2026-06-19 01:48:48,1781833728,R_10,4855.496,1,0.2039999999997235,BACKFILL_AUTO
2026-06-19 01:48:50,1781833730,R_10,4855.718,1,0.22199999999975262,BACKFILL_AUTO
2026-06-19 01:48:52,1781833732,R_10,4856.01,1,0.2920000000003711,BACKFILL_AUTO
2026-06-19 01:48:54,1781833734,R_10,4855.881,-1,0.1289999999999054,BACKFILL_AUTO
2026-06-19 01:48:56,1781833736,R_10,4856.218,1,0.33699999999953434,BACKFILL_AUTO
2026-06-19 01:48:58,1781833738,R_10,4856.137,-1,0.08100000000013097,BACKFILL_AUTO
2026-06-19 01:49:00,1781833740,R_10,4856.229,1,0.09200000000055297,BACKFILL_AUTO
2026-06-19 01:49:02,1781833742,R_10,4855.96,-1,0.26900000000023283,BACKFILL_AUTO
2026-06-19 01:49:04,1781833744,R_10,4855.814,-1,0.1459999999997308,BACKFILL_AUTO
2026-06-19 01:49:06,1781833746,R_10,4855.768,-1,0.046000000000276486,BACKFILL_AUTO
2026-06-19 01:49:08,1781833748,R_10,4855.79,1,0.021999999999934516,BACKFILL_AUTO
2026-06-19 01:49:10,1781833750,R_10,4855.838,1,0.047999999999774445,BACKFILL_AUTO
2026-06-19 01:49:12,1781833752,R_10,4855.915,1,0.07700000000022555,BACKFILL_AUTO
2026-06-19 01:49:14,1781833754,R_10,4855.821,-1,0.09400000000005093,BACKFILL_AUTO
2026-06-19 01:49:16,1781833756,R_10,4855.9,1,0.07899999999972351,BACKFILL_AUTO
2026-06-19 01:49:18,1781833758,R_10,4855.766,-1,0.13400000000001455,BACKFILL_AUTO
2026-06-19 01:49:20,1781833760,R_10,4855.896,1,0.13000000000010914,BACKFILL_AUTO
2026-06-19 01:49:22,1781833762,R_10,4855.93,1,0.03400000000056025,BACKFILL_AUTO
2026-06-19 01:49:24,1781833764,R_10,4856.065,1,0.13499999999930878,BACKFILL_AUTO
2026-06-19 01:49:26,1781833766,R_10,4856.081,1,0.016000000000531145,BACKFILL_AUTO
2026-06-19 01:49:28,1781833768,R_10,4856.112,1,0.03099999999994907,BACKFILL_AUTO
2026-06-19 01:49:30,1781833770,R_10,4856.169,1,0.056999999999789,BACKFILL_AUTO
2026-06-19 01:49:32,1781833772,R_10,4856.177,1,0.007999999999810825,BACKFILL_AUTO
2026-06-19 01:49:34,1781833774,R_10,4856.223,1,0.046000000000276486,BACKFILL_AUTO
2026-06-19 01:49:36,1781833776,R_10,4856.262,1,0.03899999999975989,BACKFILL_AUTO
2026-06-19 01:49:38,1781833778,R_10,4856.283,1,0.021000000000640284,BACKFILL_AUTO
2026-06-19 01:49:40,1781833780,R_10,4856.187,-1,0.09600000000045839,BACKFILL_AUTO
2026-06-19 01:49:42,1781833782,R_10,4856.258,1,0.07099999999991269,BACKFILL_AUTO
2026-06-19 01:49:44,1781833784,R_10,4856.248,-1,0.010000000000218279,BACKFILL_AUTO
2026-06-19 01:49:46,1781833786,R_10,4856.082,-1,0.16599999999925785,BACKFILL_AUTO
2026-06-19 01:49:48,1781833788,R_10,4856.06,-1,0.021999999999934516,BACKFILL_AUTO
2026-06-19 01:49:50,1781833790,R_10,4855.913,-1,0.147000000000844,BACKFILL_AUTO
2026-06-19 01:49:52,1781833792,R_10,4855.835,-1,0.07799999999951979,BACKFILL_AUTO
2026-06-19 01:49:54,1781833794,R_10,4855.947,1,0.11200000000008004,BACKFILL_AUTO
2026-06-19 01:49:56,1781833796,R_10,4855.754,-1,0.193000000000211,BACKFILL_AUTO
2026-06-19 01:49:58,1781833798,R_10,4855.691,-1,0.06300000000010186,BACKFILL_AUTO
2026-06-19 01:50:00,1781833800,R_10,4855.65,-1,0.04100000000016735,BACKFILL_AUTO
2026-06-19 01:50:02,1781833802,R_10,4855.574,-1,0.07600000000002183,BACKFILL_AUTO
2026-06-19 01:50:04,1781833804,R_10,4855.473,-1,0.10099999999965803,BACKFILL_AUTO
2026-06-19 01:50:06,1781833806,R_10,4855.441,-1,0.032000000000152795,BACKFILL_AUTO
2026-06-19 01:50:08,1781833808,R_10,4855.307,-1,0.13400000000001455,BACKFILL_AUTO
2026-06-19 01:50:10,1781833810,R_10,4855.293,-1,0.014000000000123691,BACKFILL_AUTO
2026-06-19 01:50:12,1781833812,R_10,4855.211,-1,0.0819999999994252,BACKFILL_AUTO
2026-06-19 01:50:14,1781833814,R_10,4855.305,1,0.09400000000005093,BACKFILL_AUTO
2026-06-19 01:50:16,1781833816,R_10,4855.281,-1,0.02400000000034197,BACKFILL_AUTO
2026-06-19 01:50:18,1781833818,R_10,4855.318,1,0.037000000000261934,BACKFILL_AUTO
2026-06-19 01:50:20,1781833820,R_10,4855.377,1,0.05900000000019645,BACKFILL_AUTO
2026-06-19 01:50:22,1781833822,R_10,4855.545,1,0.1679999999996653,BACKFILL_AUTO
2026-06-19 01:50:24,1781833824,R_10,4855.547,1,0.001999999999497959,BACKFILL_AUTO
2026-06-19 01:50:26,1781833826,R_10,4855.687,1,0.14000000000032742,BACKFILL_AUTO
2026-06-19 01:50:28,1781833828,R_10,4855.708,1,0.02099999999973079,BACKFILL_AUTO
2026-06-19 01:50:30,1781833830,R_10,4855.811,1,0.10300000000006548,BACKFILL_AUTO
2026-06-19 01:50:32,1781833832,R_10,4856.007,1,0.1959999999999127,BACKFILL_AUTO
2026-06-19 01:50:34,1781833834,R_10,4856.095,1,0.08800000000064756,BACKFILL_AUTO
2026-06-19 01:50:36,1781833836,R_10,4855.847,-1,0.24800000000050204,BACKFILL_AUTO
2026-06-19 01:50:38,1781833838,R_10,4855.752,-1,0.09499999999934516,BACKFILL_AUTO
2026-06-19 01:50:40,1781833840,R_10,4855.532,-1,0.22000000000025466,BACKFILL_AUTO
2026-06-19 01:50:42,1781833842,R_10,4855.418,-1,0.11400000000048749,BACKFILL_AUTO
2026-06-19 01:50:44,1781833844,R_10,4855.433,1,0.015000000000327418,BACKFILL_AUTO
2026-06-19 01:50:46,1781833846,R_10,4855.355,-1,0.07800000000042928,BACKFILL_AUTO
2026-06-19 01:50:48,1781833848,R_10,4855.399,1,0.04400000000077853,BACKFILL_AUTO
2026-06-19 01:50:50,1781833850,R_10,4855.245,-1,0.1540000000004511,BACKFILL_AUTO
2026-06-19 01:50:52,1781833852,R_10,4855.121,-1,0.12399999999979627,BACKFILL_AUTO
2026-06-19 01:50:54,1781833854,R_10,4855.119,-1,0.0020000000004074536,BACKFILL_AUTO
2026-06-19 01:50:56,1781833856,R_10,4855.039,-1,0.07999999999992724,BACKFILL_AUTO
2026-06-19 01:50:58,1781833858,R_10,4855.171,1,0.1320000000005166,BACKFILL_AUTO
2026-06-19 01:51:00,1781833860,R_10,4855.171,0,0.0,BACKFILL_AUTO
2026-06-19 01:51:02,1781833862,R_10,4855.274,1,0.10300000000006548,BACKFILL_AUTO
2026-06-19 01:51:04,1781833864,R_10,4855.23,-1,0.04400000000077853,BACKFILL_AUTO
2026-06-19 01:51:06,1781833866,R_10,4855.275,1,0.04500000000007276,BACKFILL_AUTO
2026-06-19 01:51:08,1781833868,R_10,4855.502,1,0.22700000000077125,BACKFILL_AUTO
2026-06-19 01:51:10,1781833870,R_10,4855.624,1,0.12199999999938882,BACKFILL_AUTO
2026-06-19 01:51:12,1781833872,R_10,4855.585,-1,0.03899999999975989,BACKFILL_AUTO
2026-06-19 01:51:14,1781833874,R_10,4855.833,1,0.24799999999959255,BACKFILL_AUTO
2026-06-19 01:51:16,1781833876,R_10,4855.578,-1,0.25499999999919964,BACKFILL_AUTO
2026-06-19 01:51:18,1781833878,R_10,4855.607,1,0.028999999999541615,BACKFILL_AUTO
2026-06-19 01:51:20,1781833880,R_10,4855.553,-1,0.05400000000008731,BACKFILL_AUTO
2026-06-19 01:51:22,1781833882,R_10,4855.394,-1,0.15899999999965075,BACKFILL_AUTO
2026-06-19 01:51:24,1781833884,R_10,4855.361,-1,0.03300000000035652,BACKFILL_AUTO
2026-06-19 01:51:26,1781833886,R_10,4855.441,1,0.07999999999992724,BACKFILL_AUTO
2026-06-19 01:51:28,1781833888,R_10,4855.742,1,0.3010000000003856,BACKFILL_AUTO
2026-06-19 01:51:30,1781833890,R_10,4855.684,-1,0.057999999999992724,BACKFILL_AUTO
2026-06-19 01:51:32,1781833892,R_10,4855.742,1,0.057999999999992724,BACKFILL_AUTO
2026-06-19 01:51:34,1781833894,R_10,4855.625,-1,0.11700000000018917,BACKFILL_AUTO
2026-06-19 01:51:36,1781833896,R_10,4855.751,1,0.12600000000020373,BACKFILL_AUTO
2026-06-19 01:51:38,1781833898,R_10,4855.879,1,0.12799999999970169,BACKFILL_AUTO
2026-06-19 01:51:40,1781833900,R_10,4855.913,1,0.033999999999650754,BACKFILL_AUTO
2026-06-19 01:51:42,1781833902,R_10,4855.76,-1,0.1529999999993379,BACKFILL_AUTO
2026-06-19 01:51:44,1781833904,R_10,4855.773,1,0.012999999999919964,BACKFILL_AUTO
2026-06-19 01:51:46,1781833906,R_10,4855.812,1,0.03899999999975989,BACKFILL_AUTO
2026-06-19 01:51:48,1781833908,R_10,4855.969,1,0.1570000000001528,BACKFILL_AUTO
2026-06-19 01:51:50,1781833910,R_10,4855.869,-1,0.1000000000003638,BACKFILL_AUTO
2026-06-19 01:51:52,1781833912,R_10,4855.867,-1,0.001999999999497959,BACKFILL_AUTO
2026-06-19 01:51:54,1781833914,R_10,4856.005,1,0.13799999999991996,BACKFILL_AUTO
2026-06-19 01:51:56,1781833916,R_10,4855.897,-1,0.10800000000017462,BACKFILL_AUTO
2026-06-19 01:51:58,1781833918,R_10,4856.033,1,0.136000000000422,BACKFILL_AUTO
2026-06-19 01:52:00,1781833920,R_10,4856.12,1,0.08699999999953434,BACKFILL_AUTO
2026-06-19 01:52:02,1781833922,R_10,4856.062,-1,0.057999999999992724,BACKFILL_AUTO
2026-06-19 01:52:04,1781833924,R_10,4856.031,-1,0.03099999999994907,BACKFILL_AUTO
2026-06-19 01:52:06,1781833926,R_10,4856.09,1,0.05900000000019645,BACKFILL_AUTO
2026-06-19 01:52:08,1781833928,R_10,4856.139,1,0.04899999999997817,BACKFILL_AUTO
2026-06-19 01:52:10,1781833930,R_10,4856.194,1,0.05500000000029104,BACKFILL_AUTO
2026-06-19 01:52:12,1781833932,R_10,4856.429,1,0.23499999999967258,BACKFILL_AUTO
2026-06-19 01:52:14,1781833934,R_10,4856.619,1,0.18999999999959982,BACKFILL_AUTO
2026-06-19 01:52:16,1781833936,R_10,4856.926,1,0.3070000000006985,BACKFILL_AUTO
2026-06-19 01:52:18,1781833938,R_10,4856.89,-1,0.03600000000005821,BACKFILL_AUTO
2026-06-19 01:52:20,1781833940,R_10,4856.74,-1,0.1500000000005457,BACKFILL_AUTO
2026-06-19 01:52:22,1781833942,R_10,4856.996,1,0.25600000000031287,BACKFILL_AUTO
2026-06-19 01:52:24,1781833944,R_10,4857.1,1,0.10400000000026921,BACKFILL_AUTO
2026-06-19 01:52:26,1781833946,R_10,4856.976,-1,0.12400000000070577,BACKFILL_AUTO
2026-06-19 01:52:28,1781833948,R_10,4856.857,-1,0.11899999999968713,BACKFILL_AUTO
2026-06-19 01:52:30,1781833950,R_10,4856.965,1,0.10800000000017462,BACKFILL_AUTO
2026-06-19 01:52:32,1781833952,R_10,4857.208,1,0.2429999999994834,BACKFILL_AUTO
2026-06-19 01:52:34,1781833954,R_10,4857.05,-1,0.15799999999944703,BACKFILL_AUTO
2026-06-19 01:52:36,1781833956,R_10,4857.108,1,0.057999999999992724,BACKFILL_AUTO
2026-06-19 01:52:38,1781833958,R_10,4856.981,-1,0.12700000000040745,BACKFILL_AUTO
2026-06-19 01:52:40,1781833960,R_10,4857.213,1,0.2319999999999709,BACKFILL_AUTO
2026-06-19 01:52:42,1781833962,R_10,4857.24,1,0.027000000000043656,BACKFILL_AUTO
2026-06-19 01:52:44,1781833964,R_10,4857.087,-1,0.1529999999993379,BACKFILL_AUTO
2026-06-19 01:52:46,1781833966,R_10,4856.944,-1,0.1430000000000291,BACKFILL_AUTO
2026-06-19 01:52:48,1781833968,R_10,4856.958,1,0.013999999999214197,BACKFILL_AUTO
2026-06-19 01:52:50,1781833970,R_10,4856.715,-1,0.2429999999994834,BACKFILL_AUTO
2026-06-19 01:52:52,1781833972,R_10,4856.638,-1,0.07700000000022555,BACKFILL_AUTO
2026-06-19 01:52:54,1781833974,R_10,4856.648,1,0.010000000000218279,BACKFILL_AUTO
2026-06-19 01:52:56,1781833976,R_10,4856.686,1,0.03799999999955617,BACKFILL_AUTO
2026-06-19 01:52:58,1781833978,R_10,4856.859,1,0.17300000000068394,BACKFILL_AUTO
2026-06-19 01:53:00,1781833980,R_10,4856.963,1,0.10399999999935972,BACKFILL_AUTO
2026-06-19 01:53:02,1781833982,R_10,4856.846,-1,0.11700000000018917,BACKFILL_AUTO
2026-06-19 01:53:04,1781833984,R_10,4856.655,-1,0.19099999999980355,BACKFILL_AUTO
2026-06-19 01:53:06,1781833986,R_10,4856.732,1,0.07700000000022555,BACKFILL_AUTO
2026-06-19 01:53:08,1781833988,R_10,4856.555,-1,0.17699999999967986,BACKFILL_AUTO
2026-06-19 01:53:10,1781833990,R_10,4856.66,1,0.10499999999956344,BACKFILL_AUTO
2026-06-19 01:53:12,1781833992,R_10,4856.586,-1,0.07399999999961437,BACKFILL_AUTO
2026-06-19 01:53:14,1781833994,R_10,4856.752,1,0.16600000000016735,BACKFILL_AUTO
2026-06-19 01:53:16,1781833996,R_10,4856.549,-1,0.20300000000042928,BACKFILL_AUTO
2026-06-19 01:53:18,1781833998,R_10,4856.636,1,0.08700000000044383,BACKFILL_AUTO
2026-06-19 01:53:20,1781834000,R_10,4856.746,1,0.10999999999967258,BACKFILL_AUTO
2026-06-19 01:53:22,1781834002,R_10,4856.714,-1,0.032000000000152795,BACKFILL_AUTO
2026-06-19 01:53:24,1781834004,R_10,4856.785,1,0.07099999999991269,BACKFILL_AUTO
2026-06-19 01:53:26,1781834006,R_10,4856.622,-1,0.16299999999955617,BACKFILL_AUTO
2026-06-19 01:53:28,1781834008,R_10,4856.504,-1,0.1180000000003929,BACKFILL_AUTO
2026-06-19 01:53:30,1781834010,R_10,4856.542,1,0.03800000000046566,BACKFILL_AUTO
2026-06-19 01:53:32,1781834012,R_10,4856.402,-1,0.14000000000032742,BACKFILL_AUTO
2026-06-19 01:53:34,1781834014,R_10,4856.532,1,0.13000000000010914,BACKFILL_AUTO
2026-06-19 01:53:36,1781834016,R_10,4856.723,1,0.19099999999980355,BACKFILL_AUTO
2026-06-19 01:53:38,1781834018,R_10,4856.726,1,0.0029999999997016857,BACKFILL_AUTO
2026-06-19 01:53:40,1781834020,R_10,4856.431,-1,0.29500000000007276,BACKFILL_AUTO
2026-06-19 01:53:42,1781834022,R_10,4856.531,1,0.1000000000003638,BACKFILL_AUTO
2026-06-19 01:53:44,1781834024,R_10,4856.308,-1,0.22299999999995634,BACKFILL_AUTO
2026-06-19 01:53:46,1781834026,R_10,4856.192,-1,0.11599999999998545,BACKFILL_AUTO
2026-06-19 01:53:48,1781834028,R_10,4856.061,-1,0.13100000000031287,BACKFILL_AUTO
2026-06-19 01:53:50,1781834030,R_10,4855.949,-1,0.11200000000008004,BACKFILL_AUTO
2026-06-19 01:53:52,1781834032,R_10,4856.027,1,0.07800000000042928,BACKFILL_AUTO
2026-06-19 01:53:54,1781834034,R_10,4856.049,1,0.021999999999934516,BACKFILL_AUTO
2026-06-19 01:53:56,1781834036,R_10,4855.982,-1,0.06700000000000728,BACKFILL_AUTO
2026-06-19 01:53:58,1781834038,R_10,4856.009,1,0.027000000000043656,BACKFILL_AUTO
2026-06-19 01:54:00,1781834040,R_10,4855.943,-1,0.06599999999980355,BACKFILL_AUTO
2026-06-19 01:54:02,1781834042,R_10,4855.746,-1,0.19700000000011642,BACKFILL_AUTO
2026-06-19 01:54:04,1781834044,R_10,4855.591,-1,0.15499999999974534,BACKFILL_AUTO
2026-06-19 01:54:06,1781834046,R_10,4855.501,-1,0.09000000000014552,BACKFILL_AUTO
2026-06-19 01:54:08,1781834048,R_10,4855.321,-1,0.18000000000029104,BACKFILL_AUTO
2026-06-19 01:54:10,1781834050,R_10,4855.331,1,0.010000000000218279,BACKFILL_AUTO
2026-06-19 01:54:12,1781834052,R_10,4855.341,1,0.010000000000218279,BACKFILL_AUTO
2026-06-19 01:54:14,1781834054,R_10,4855.32,-1,0.021000000000640284,BACKFILL_AUTO
2026-06-19 01:54:16,1781834056,R_10,4855.327,1,0.007000000000516593,BACKFILL_AUTO
2026-06-19 01:54:18,1781834058,R_10,4855.166,-1,0.1610000000000582,BACKFILL_AUTO
2026-06-19 01:54:20,1781834060,R_10,4855.069,-1,0.09699999999975262,BACKFILL_AUTO
2026-06-19 01:54:22,1781834062,R_10,4855.087,1,0.018000000000029104,BACKFILL_AUTO
2026-06-19 01:54:24,1781834064,R_10,4854.975,-1,0.11200000000008004,BACKFILL_AUTO
2026-06-19 01:54:26,1781834066,R_10,4855.105,1,0.12999999999919964,BACKFILL_AUTO
2026-06-19 01:54:28,1781834068,R_10,4855.012,-1,0.0929999999998472,BACKFILL_AUTO
2026-06-19 01:54:30,1781834070,R_10,4854.971,-1,0.04100000000016735,BACKFILL_AUTO
2026-06-19 01:54:32,1781834072,R_10,4855.028,1,0.05700000000069849,BACKFILL_AUTO
2026-06-19 01:54:34,1781834074,R_10,4854.908,-1,0.11999999999989086,BACKFILL_AUTO
2026-06-19 01:54:36,1781834076,R_10,4854.894,-1,0.014000000000123691,BACKFILL_AUTO
2026-06-19 01:54:38,1781834078,R_10,4854.669,-1,0.2250000000003638,BACKFILL_AUTO
2026-06-19 01:54:40,1781834080,R_10,4854.61,-1,0.05900000000019645,BACKFILL_AUTO
2026-06-19 01:54:42,1781834082,R_10,4854.447,-1,0.16299999999955617,BACKFILL_AUTO
2026-06-19 01:54:44,1781834084,R_10,4854.391,-1,0.056000000000494765,BACKFILL_AUTO
2026-06-19 01:54:46,1781834086,R_10,4854.305,-1,0.08599999999933061,BACKFILL_AUTO
2026-06-19 01:54:48,1781834088,R_10,4854.287,-1,0.018000000000029104,BACKFILL_AUTO
2026-06-19 01:54:50,1781834090,R_10,4854.301,1,0.014000000000123691,BACKFILL_AUTO
2026-06-19 01:54:52,1781834092,R_10,4854.669,1,0.3679999999994834,BACKFILL_AUTO
2026-06-19 01:54:54,1781834094,R_10,4854.7,1,0.03099999999994907,BACKFILL_AUTO
2026-06-19 01:54:56,1781834096,R_10,4854.502,-1,0.19799999999941065,BACKFILL_AUTO
2026-06-19 01:54:58,1781834098,R_10,4854.447,-1,0.05500000000029104,BACKFILL_AUTO
2026-06-19 01:55:00,1781834100,R_10,4854.462,1,0.015000000000327418,BACKFILL_AUTO
2026-06-19 01:55:02,1781834102,R_10,4854.685,1,0.22299999999995634,BACKFILL_AUTO
2026-06-19 01:55:04,1781834104,R_10,4854.678,-1,0.007000000000516593,BACKFILL_AUTO
2026-06-19 01:55:06,1781834106,R_10,4854.795,1,0.11700000000018917,BACKFILL_AUTO
2026-06-19 01:55:08,1781834108,R_10,4854.92,1,0.125,BACKFILL_AUTO
2026-06-19 01:55:10,1781834110,R_10,4854.934,1,0.014000000000123691,BACKFILL_AUTO
2026-06-19 01:55:12,1781834112,R_10,4855.062,1,0.12799999999970169,BACKFILL_AUTO
2026-06-19 01:55:14,1781834114,R_10,4855.127,1,0.06500000000050932,BACKFILL_AUTO
2026-06-19 01:55:16,1781834116,R_10,4855.063,-1,0.06400000000030559,BACKFILL_AUTO
2026-06-19 01:55:18,1781834118,R_10,4855.251,1,0.18800000000010186,BACKFILL_AUTO
2026-06-19 01:55:20,1781834120,R_10,4855.297,1,0.04599999999936699,BACKFILL_AUTO
2026-06-19 01:55:22,1781834122,R_10,4855.362,1,0.06500000000050932,BACKFILL_AUTO
2026-06-19 01:55:24,1781834124,R_10,4855.395,1,0.03300000000035652,BACKFILL_AUTO
2026-06-19 01:55:26,1781834126,R_10,4855.514,1,0.11899999999968713,BACKFILL_AUTO
2026-06-19 01:55:28,1781834128,R_10,4855.833,1,0.31899999999950523,BACKFILL_AUTO
2026-06-19 01:55:30,1781834130,R_10,4855.903,1,0.07000000000061846,BACKFILL_AUTO
2026-06-19 01:55:32,1781834132,R_10,4855.895,-1,0.007999999999810825,BACKFILL_AUTO
2026-06-19 01:55:34,1781834134,R_10,4856.078,1,0.18299999999999272,BACKFILL_AUTO
2026-06-19 01:55:36,1781834136,R_10,4856.245,1,0.16699999999946158,BACKFILL_AUTO
2026-06-19 01:55:38,1781834138,R_10,4856.064,-1,0.18099999999958527,BACKFILL_AUTO
2026-06-19 01:55:40,1781834140,R_10,4855.934,-1,0.13000000000010914,BACKFILL_AUTO
2026-06-19 01:55:42,1781834142,R_10,4855.81,-1,0.12399999999979627,BACKFILL_AUTO
2026-06-19 01:55:44,1781834144,R_10,4855.815,1,0.004999999999199645,BACKFILL_AUTO
2026-06-19 01:55:46,1781834146,R_10,4855.701,-1,0.113999999999578,BACKFILL_AUTO
2026-06-19 01:55:48,1781834148,R_10,4855.489,-1,0.21200000000044383,BACKFILL_AUTO
2026-06-19 01:55:50,1781834150,R_10,4855.395,-1,0.09399999999914144,BACKFILL_AUTO
2026-06-19 01:55:52,1781834152,R_10,4855.407,1,0.011999999999716238,BACKFILL_AUTO
2026-06-19 01:55:54,1781834154,R_10,4855.217,-1,0.19000000000050932,BACKFILL_AUTO
2026-06-19 01:55:56,1781834156,R_10,4855.103,-1,0.113999999999578,BACKFILL_AUTO
2026-06-19 01:55:58,1781834158,R_10,4855.098,-1,0.005000000000109139,BACKFILL_AUTO
2026-06-19 01:56:00,1781834160,R_10,4855.273,1,0.1750000000001819,BACKFILL_AUTO
2026-06-19 01:56:02,1781834162,R_10,4855.331,1,0.057999999999992724,BACKFILL_AUTO
2026-06-19 01:56:04,1781834164,R_10,4855.286,-1,0.04500000000007276,BACKFILL_AUTO
2026-06-19 01:56:06,1781834166,R_10,4855.295,1,0.009000000000014552,BACKFILL_AUTO
2026-06-19 01:56:08,1781834168,R_10,4855.254,-1,0.04100000000016735,BACKFILL_AUTO
2026-06-19 01:56:10,1781834170,R_10,4855.157,-1,0.09699999999975262,BACKFILL_AUTO
2026-06-19 01:56:12,1781834172,R_10,4855.25,1,0.0929999999998472,BACKFILL_AUTO
2026-06-19 01:56:14,1781834174,R_10,4855.156,-1,0.09400000000005093,BACKFILL_AUTO
2026-06-19 01:56:16,1781834176,R_10,4855.094,-1,0.06199999999989814,BACKFILL_AUTO
2026-06-19 01:56:18,1781834178,R_10,4855.25,1,0.15599999999994907,BACKFILL_AUTO
2026-06-19 01:56:20,1781834180,R_10,4855.235,-1,0.015000000000327418,BACKFILL_AUTO
2026-06-19 01:56:22,1781834182,R_10,4855.232,-1,0.0029999999997016857,BACKFILL_AUTO
2026-06-19 01:56:24,1781834184,R_10,4855.151,-1,0.08100000000013097,BACKFILL_AUTO
2026-06-19 01:56:26,1781834186,R_10,4855.049,-1,0.10199999999986176,BACKFILL_AUTO
2026-06-19 01:56:28,1781834188,R_10,4854.929,-1,0.11999999999989086,BACKFILL_AUTO
2026-06-19 01:56:30,1781834190,R_10,4854.783,-1,0.1459999999997308,BACKFILL_AUTO
2026-06-19 01:56:32,1781834192,R_10,4854.837,1,0.05400000000008731,BACKFILL_AUTO
2026-06-19 01:56:34,1781834194,R_10,4855.029,1,0.19200000000000728,BACKFILL_AUTO
2026-06-19 01:56:36,1781834196,R_10,4854.876,-1,0.15300000000024738,BACKFILL_AUTO
2026-06-19 01:56:38,1781834198,R_10,4855.107,1,0.23099999999976717,BACKFILL_AUTO
2026-06-19 01:56:40,1781834200,R_10,4855.151,1,0.04399999999986903,BACKFILL_AUTO
2026-06-19 01:56:42,1781834202,R_10,4855.046,-1,0.10499999999956344,BACKFILL_AUTO
2026-06-19 01:56:44,1781834204,R_10,4854.999,-1,0.04700000000048021,BACKFILL_AUTO
2026-06-19 01:56:46,1781834206,R_10,4855.123,1,0.12399999999979627,BACKFILL_AUTO
2026-06-19 01:56:48,1781834208,R_10,4855.125,1,0.0020000000004074536,BACKFILL_AUTO
2026-06-19 01:56:50,1781834210,R_10,4855.085,-1,0.03999999999996362,BACKFILL_AUTO
2026-06-19 01:56:52,1781834212,R_10,4855.203,1,0.1180000000003929,BACKFILL_AUTO
2026-06-19 01:56:54,1781834214,R_10,4855.242,1,0.03899999999975989,BACKFILL_AUTO
2026-06-19 01:56:56,1781834216,R_10,4855.153,-1,0.08899999999994179,BACKFILL_AUTO
2026-06-19 01:56:58,1781834218,R_10,4855.336,1,0.18299999999999272,BACKFILL_AUTO
2026-06-19 01:57:00,1781834220,R_10,4855.451,1,0.11499999999978172,BACKFILL_AUTO
2026-06-19 01:57:02,1781834222,R_10,4855.37,-1,0.08100000000013097,BACKFILL_AUTO
2026-06-19 01:57:04,1781834224,R_10,4855.339,-1,0.03099999999994907,BACKFILL_AUTO
2026-06-19 01:57:06,1781834226,R_10,4855.234,-1,0.10499999999956344,BACKFILL_AUTO
2026-06-19 01:57:08,1781834228,R_10,4855.133,-1,0.10100000000056752,BACKFILL_AUTO
2026-06-19 01:57:10,1781834230,R_10,4855.237,1,0.10400000000026921,BACKFILL_AUTO
2026-06-19 01:57:12,1781834232,R_10,4855.325,1,0.08799999999973807,BACKFILL_AUTO
2026-06-19 01:57:14,1781834234,R_10,4855.458,1,0.13299999999981083,BACKFILL_AUTO
2026-06-19 01:57:16,1781834236,R_10,4855.677,1,0.21900000000005093,BACKFILL_AUTO
2026-06-19 01:57:18,1781834238,R_10,4855.784,1,0.1069999999999709,BACKFILL_AUTO
2026-06-19 01:57:20,1781834240,R_10,4855.593,-1,0.19099999999980355,BACKFILL_AUTO
2026-06-19 01:57:22,1781834242,R_10,4855.527,-1,0.06599999999980355,BACKFILL_AUTO
2026-06-19 01:57:24,1781834244,R_10,4855.636,1,0.10900000000037835,BACKFILL_AUTO
2026-06-19 01:57:26,1781834246,R_10,4855.569,-1,0.06700000000000728,BACKFILL_AUTO
2026-06-19 01:57:28,1781834248,R_10,4855.583,1,0.013999999999214197,BACKFILL_AUTO
2026-06-19 01:57:30,1781834250,R_10,4855.627,1,0.04400000000077853,BACKFILL_AUTO
2026-06-19 01:57:32,1781834252,R_10,4855.687,1,0.05999999999949068,BACKFILL_AUTO
2026-06-19 01:57:34,1781834254,R_10,4855.767,1,0.07999999999992724,BACKFILL_AUTO
2026-06-19 01:57:36,1781834256,R_10,4855.567,-1,0.1999999999998181,BACKFILL_AUTO
2026-06-19 01:57:38,1781834258,R_10,4855.697,1,0.13000000000010914,BACKFILL_AUTO
2026-06-19 01:57:40,1781834260,R_10,4855.592,-1,0.10500000000047294,BACKFILL_AUTO
2026-06-19 01:57:42,1781834262,R_10,4855.617,1,0.025000000000545697,BACKFILL_AUTO
2026-06-19 01:57:44,1781834264,R_10,4855.598,-1,0.01900000000023283,BACKFILL_AUTO
2026-06-19 01:57:46,1781834266,R_10,4855.726,1,0.12799999999970169,BACKFILL_AUTO
2026-06-19 01:57:48,1781834268,R_10,4855.723,-1,0.0029999999997016857,BACKFILL_AUTO
2026-06-19 01:57:50,1781834270,R_10,4855.831,1,0.10800000000017462,BACKFILL_AUTO
2026-06-19 01:57:52,1781834272,R_10,4855.835,1,0.0039999999999054126,BACKFILL_AUTO
2026-06-19 01:57:54,1781834274,R_10,4856.016,1,0.18099999999958527,BACKFILL_AUTO
2026-06-19 01:57:56,1781834276,R_10,4856.212,1,0.19600000000082218,BACKFILL_AUTO
2026-06-19 01:57:58,1781834278,R_10,4855.902,-1,0.3100000000004002,BACKFILL_AUTO
2026-06-19 01:58:00,1781834280,R_10,4855.745,-1,0.1570000000001528,BACKFILL_AUTO
2026-06-19 01:58:02,1781834282,R_10,4855.723,-1,0.021999999999934516,BACKFILL_AUTO
2026-06-19 01:58:04,1781834284,R_10,4855.729,1,0.006000000000312866,BACKFILL_AUTO
2026-06-19 01:58:06,1781834286,R_10,4855.789,1,0.05999999999949068,BACKFILL_AUTO
2026-06-19 01:58:08,1781834288,R_10,4855.678,-1,0.11099999999987631,BACKFILL_AUTO
2026-06-19 01:58:10,1781834290,R_10,4855.439,-1,0.238999999999578,BACKFILL_AUTO
2026-06-19 01:58:12,1781834292,R_10,4855.494,1,0.054999999999381544,BACKFILL_AUTO
2026-06-19 01:58:14,1781834294,R_10,4855.382,-1,0.11200000000008004,BACKFILL_AUTO
2026-06-19 01:58:16,1781834296,R_10,4855.343,-1,0.03899999999975989,BACKFILL_AUTO
2026-06-19 01:58:18,1781834298,R_10,4855.574,1,0.23099999999976717,BACKFILL_AUTO
2026-06-19 01:58:20,1781834300,R_10,4855.501,-1,0.07299999999941065,BACKFILL_AUTO
2026-06-19 01:58:22,1781834302,R_10,4855.538,1,0.03699999999935244,BACKFILL_AUTO
2026-06-19 01:58:24,1781834304,R_10,4855.39,-1,0.14799999999922875,BACKFILL_AUTO
2026-06-19 01:58:26,1781834306,R_10,4855.317,-1,0.07300000000032014,BACKFILL_AUTO
2026-06-19 01:58:28,1781834308,R_10,4855.372,1,0.05500000000029104,BACKFILL_AUTO
2026-06-19 01:58:30,1781834310,R_10,4855.147,-1,0.2250000000003638,BACKFILL_AUTO
2026-06-19 01:58:32,1781834312,R_10,4855.013,-1,0.13400000000001455,BACKFILL_AUTO
2026-06-19 01:58:34,1781834314,R_10,4855.163,1,0.1499999999996362,BACKFILL_AUTO
2026-06-19 01:58:36,1781834316,R_10,4855.221,1,0.057999999999992724,BACKFILL_AUTO
2026-06-19 01:58:38,1781834318,R_10,4855.181,-1,0.03999999999996362,BACKFILL_AUTO
2026-06-19 01:58:40,1781834320,R_10,4855.331,1,0.1500000000005457,BACKFILL_AUTO
2026-06-19 01:58:42,1781834322,R_10,4855.394,1,0.06300000000010186,BACKFILL_AUTO
2026-06-19 01:58:44,1781834324,R_10,4855.164,-1,0.23000000000047294,BACKFILL_AUTO
2026-06-19 01:58:46,1781834326,R_10,4855.167,1,0.0030000000006111804,BACKFILL_AUTO
2026-06-19 01:58:48,1781834328,R_10,4855.017,-1,0.1500000000005457,BACKFILL_AUTO
2026-06-19 01:58:50,1781834330,R_10,4855.211,1,0.19400000000041473,BACKFILL_AUTO
2026-06-19 01:58:52,1781834332,R_10,4855.043,-1,0.1680000000005748,BACKFILL_AUTO
2026-06-19 01:58:54,1781834334,R_10,4855.11,1,0.06700000000000728,BACKFILL_AUTO
2026-06-19 01:58:56,1781834336,R_10,4855.021,-1,0.08899999999994179,BACKFILL_AUTO
2026-06-19 01:58:58,1781834338,R_10,4854.97,-1,0.05099999999947613,BACKFILL_AUTO
2026-06-19 01:59:00,1781834340,R_10,4855.098,1,0.12799999999970169,BACKFILL_AUTO
2026-06-19 01:59:02,1781834342,R_10,4855.123,1,0.024999999999636202,BACKFILL_AUTO
2026-06-19 01:59:04,1781834344,R_10,4855.143,1,0.020000000000436557,BACKFILL_AUTO
2026-06-19 01:59:06,1781834346,R_10,4854.981,-1,0.16200000000026193,BACKFILL_AUTO
2026-06-19 01:59:08,1781834348,R_10,4855.067,1,0.0860000000002401,BACKFILL_AUTO
2026-06-19 01:59:10,1781834350,R_10,4855.035,-1,0.032000000000152795,BACKFILL_AUTO
2026-06-19 01:59:12,1781834352,R_10,4854.995,-1,0.03999999999996362,BACKFILL_AUTO
2026-06-19 01:59:14,1781834354,R_10,4855.033,1,0.03800000000046566,BACKFILL_AUTO
2026-06-19 01:59:16,1781834356,R_10,4854.771,-1,0.26200000000062573,BACKFILL_AUTO
2026-06-19 01:59:18,1781834358,R_10,4854.92,1,0.14900000000034197,BACKFILL_AUTO
2026-06-19 01:59:20,1781834360,R_10,4855.053,1,0.13299999999981083,BACKFILL_AUTO
2026-06-19 01:59:22,1781834362,R_10,4855.192,1,0.1390000000001237,BACKFILL_AUTO
2026-06-19 01:59:24,1781834364,R_10,4855.214,1,0.021999999999934516,BACKFILL_AUTO
2026-06-19 01:59:26,1781834366,R_10,4855.158,-1,0.05599999999958527,BACKFILL_AUTO
2026-06-19 01:59:28,1781834368,R_10,4855.279,1,0.12100000000009459,BACKFILL_AUTO
2026-06-19 01:59:30,1781834370,R_10,4855.126,-1,0.15300000000024738,BACKFILL_AUTO
2026-06-19 01:59:32,1781834372,R_10,4855.465,1,0.3389999999999418,BACKFILL_AUTO
2026-06-19 01:59:34,1781834374,R_10,4855.293,-1,0.1720000000004802,BACKFILL_AUTO
2026-06-19 01:59:36,1781834376,R_10,4855.175,-1,0.11799999999948341,BACKFILL_AUTO
2026-06-19 01:59:38,1781834378,R_10,4855.23,1,0.054999999999381544,BACKFILL_AUTO
2026-06-19 01:59:40,1781834380,R_10,4855.4,1,0.17000000000007276,BACKFILL_AUTO
2026-06-19 01:59:42,1781834382,R_10,4855.353,-1,0.04699999999957072,BACKFILL_AUTO
2026-06-19 01:59:44,1781834384,R_10,4855.234,-1,0.11899999999968713,BACKFILL_AUTO
2026-06-19 01:59:46,1781834386,R_10,4854.982,-1,0.25200000000040745,BACKFILL_AUTO
2026-06-19 01:59:48,1781834388,R_10,4855.042,1,0.06000000000040018,BACKFILL_AUTO
2026-06-19 01:59:50,1781834390,R_10,4855.112,1,0.06999999999970896,BACKFILL_AUTO
2026-06-19 01:59:52,1781834392,R_10,4855.19,1,0.07799999999951979,BACKFILL_AUTO
2026-06-19 01:59:54,1781834394,R_10,4855.067,-1,0.12299999999959255,BACKFILL_AUTO
2026-06-19 01:59:56,1781834396,R_10,4855.124,1,0.056999999999789,BACKFILL_AUTO
2026-06-19 01:59:58,1781834398,R_10,4855.069,-1,0.054999999999381544,BACKFILL_AUTO
2026-06-19 02:00:00,1781834400,R_10,4855.025,-1,0.04400000000077853,BACKFILL_AUTO
2026-06-19 02:00:02,1781834402,R_10,4855.029,1,0.004000000000814907,BACKFILL_AUTO
2026-06-19 02:00:04,1781834404,R_10,4855.07,1,0.04099999999925785,BACKFILL_AUTO
2026-06-19 02:00:06,1781834406,R_10,4854.966,-1,0.10399999999935972,BACKFILL_AUTO
2026-06-19 02:00:08,1781834408,R_10,4855.016,1,0.049999999999272404,BACKFILL_AUTO
2026-06-19 02:00:10,1781834410,R_10,4854.92,-1,0.09599999999954889,BACKFILL_AUTO
2026-06-19 02:00:12,1781834412,R_10,4854.99,1,0.06999999999970896,BACKFILL_AUTO
2026-06-19 02:00:14,1781834414,R_10,4854.849,-1,0.14099999999962165,BACKFILL_AUTO
2026-06-19 02:00:16,1781834416,R_10,4854.778,-1,0.07099999999991269,BACKFILL_AUTO
2026-06-19 02:00:18,1781834418,R_10,4854.661,-1,0.11700000000018917,BACKFILL_AUTO
2026-06-19 02:00:20,1781834420,R_10,4854.683,1,0.021999999999934516,BACKFILL_AUTO
2026-06-19 02:00:22,1781834422,R_10,4854.538,-1,0.14500000000043656,BACKFILL_AUTO
2026-06-19 02:00:24,1781834424,R_10,4854.391,-1,0.14699999999993452,BACKFILL_AUTO
2026-06-19 02:00:26,1781834426,R_10,4854.358,-1,0.03299999999944703,BACKFILL_AUTO
2026-06-19 02:00:28,1781834428,R_10,4854.246,-1,0.11200000000008004,BACKFILL_AUTO
2026-06-19 02:00:30,1781834430,R_10,4854.264,1,0.018000000000029104,BACKFILL_AUTO
2026-06-19 02:00:32,1781834432,R_10,4854.208,-1,0.056000000000494765,BACKFILL_AUTO
2026-06-19 02:00:34,1781834434,R_10,4853.973,-1,0.23499999999967258,BACKFILL_AUTO
2026-06-19 02:00:36,1781834436,R_10,4853.991,1,0.018000000000029104,BACKFILL_AUTO
2026-06-19 02:00:38,1781834438,R_10,4853.937,-1,0.05400000000008731,BACKFILL_AUTO
2026-06-19 02:00:40,1781834440,R_10,4853.784,-1,0.15300000000024738,BACKFILL_AUTO
2026-06-19 02:00:42,1781834442,R_10,4853.839,1,0.05500000000029104,BACKFILL_AUTO
2026-06-19 02:00:44,1781834444,R_10,4853.612,-1,0.22699999999986176,BACKFILL_AUTO
2026-06-19 02:00:46,1781834446,R_10,4853.708,1,0.09599999999954889,BACKFILL_AUTO
2026-06-19 02:00:48,1781834448,R_10,4853.756,1,0.04800000000068394,BACKFILL_AUTO
2026-06-19 02:00:50,1781834450,R_10,4853.756,0,0.0,BACKFILL_AUTO
2026-06-19 02:00:52,1781834452,R_10,4853.607,-1,0.14900000000034197,BACKFILL_AUTO
2026-06-19 02:00:54,1781834454,R_10,4853.67,1,0.06300000000010186,BACKFILL_AUTO
2026-06-19 02:00:56,1781834456,R_10,4853.723,1,0.052999999999883585,BACKFILL_AUTO
2026-06-19 02:00:58,1781834458,R_10,4853.72,-1,0.0029999999997016857,BACKFILL_AUTO
2026-06-19 02:01:00,1781834460,R_10,4853.807,1,0.08699999999953434,BACKFILL_AUTO
2026-06-19 02:01:02,1781834462,R_10,4853.675,-1,0.1319999999996071,BACKFILL_AUTO
2026-06-19 02:01:04,1781834464,R_10,4853.671,-1,0.0039999999999054126,BACKFILL_AUTO
2026-06-19 02:01:06,1781834466,R_10,4853.751,1,0.07999999999992724,BACKFILL_AUTO
2026-06-19 02:01:08,1781834468,R_10,4853.788,1,0.03699999999935244,BACKFILL_AUTO
2026-06-19 02:01:10,1781834470,R_10,4853.876,1,0.08800000000064756,BACKFILL_AUTO
2026-06-19 02:01:12,1781834472,R_10,4854.094,1,0.2179999999998472,BACKFILL_AUTO
2026-06-19 02:01:14,1781834474,R_10,4854.109,1,0.015000000000327418,BACKFILL_AUTO
2026-06-19 02:01:16,1781834476,R_10,4854.018,-1,0.09100000000034925,BACKFILL_AUTO
2026-06-19 02:01:18,1781834478,R_10,4854.005,-1,0.012999999999919964,BACKFILL_AUTO
2026-06-19 02:01:20,1781834480,R_10,4854.016,1,0.01099999999951251,BACKFILL_AUTO
2026-06-19 02:01:22,1781834482,R_10,4854.156,1,0.14000000000032742,BACKFILL_AUTO
2026-06-19 02:01:24,1781834484,R_10,4854.31,1,0.1540000000004511,BACKFILL_AUTO
2026-06-19 02:01:26,1781834486,R_10,4854.126,-1,0.18400000000019645,BACKFILL_AUTO
2026-06-19 02:01:28,1781834488,R_10,4854.232,1,0.10599999999976717,BACKFILL_AUTO
2026-06-19 02:01:30,1781834490,R_10,4854.15,-1,0.0820000000003347,BACKFILL_AUTO
2026-06-19 02:01:32,1781834492,R_10,4854.223,1,0.07300000000032014,BACKFILL_AUTO
2026-06-19 02:01:34,1781834494,R_10,4854.009,-1,0.2139999999999418,BACKFILL_AUTO
2026-06-19 02:01:36,1781834496,R_10,4854.137,1,0.12799999999970169,BACKFILL_AUTO
2026-06-19 02:01:38,1781834498,R_10,4854.169,1,0.032000000000152795,BACKFILL_AUTO
2026-06-19 02:01:40,1781834500,R_10,4854.225,1,0.056000000000494765,BACKFILL_AUTO
2026-06-19 02:01:42,1781834502,R_10,4854.04,-1,0.18500000000040018,BACKFILL_AUTO
2026-06-19 02:01:44,1781834504,R_10,4854.011,-1,0.028999999999541615,BACKFILL_AUTO
2026-06-19 02:01:46,1781834506,R_10,4854.015,1,0.0039999999999054126,BACKFILL_AUTO
2026-06-19 02:01:48,1781834508,R_10,4853.962,-1,0.052999999999883585,BACKFILL_AUTO
2026-06-19 02:01:50,1781834510,R_10,4853.898,-1,0.06400000000030559,BACKFILL_AUTO
2026-06-19 02:01:52,1781834512,R_10,4854.138,1,0.23999999999978172,BACKFILL_AUTO
2026-06-19 02:01:54,1781834514,R_10,4854.133,-1,0.005000000000109139,BACKFILL_AUTO
2026-06-19 02:01:56,1781834516,R_10,4854.219,1,0.0860000000002401,BACKFILL_AUTO
2026-06-19 02:01:58,1781834518,R_10,4854.168,-1,0.051000000000385626,BACKFILL_AUTO
2026-06-19 02:02:00,1781834520,R_10,4853.999,-1,0.16899999999986903,BACKFILL_AUTO
2026-06-19 02:02:02,1781834522,R_10,4853.985,-1,0.014000000000123691,BACKFILL_AUTO
2026-06-19 02:02:04,1781834524,R_10,4853.998,1,0.012999999999919964,BACKFILL_AUTO
2026-06-19 02:02:06,1781834526,R_10,4854.124,1,0.12600000000020373,BACKFILL_AUTO
2026-06-19 02:02:08,1781834528,R_10,4854.215,1,0.09100000000034925,BACKFILL_AUTO
2026-06-19 02:02:10,1781834530,R_10,4854.294,1,0.07899999999972351,BACKFILL_AUTO
2026-06-19 02:02:12,1781834532,R_10,4854.194,-1,0.0999999999994543,BACKFILL_AUTO
2026-06-19 02:02:14,1781834534,R_10,4854.255,1,0.06099999999969441,BACKFILL_AUTO
2026-06-19 02:02:16,1781834536,R_10,4854.298,1,0.042999999999665306,BACKFILL_AUTO
2026-06-19 02:02:18,1781834538,R_10,4854.246,-1,0.05199999999967986,BACKFILL_AUTO
2026-06-19 02:02:20,1781834540,R_10,4854.301,1,0.05500000000029104,BACKFILL_AUTO
2026-06-19 02:02:22,1781834542,R_10,4854.327,1,0.02599999999983993,BACKFILL_AUTO
2026-06-19 02:02:24,1781834544,R_10,4854.287,-1,0.03999999999996362,BACKFILL_AUTO
2026-06-19 02:02:26,1781834546,R_10,4854.022,-1,0.2650000000003274,BACKFILL_AUTO
2026-06-19 02:02:28,1781834548,R_10,4853.981,-1,0.04100000000016735,BACKFILL_AUTO
2026-06-19 02:02:30,1781834550,R_10,4853.965,-1,0.01599999999962165,BACKFILL_AUTO
2026-06-19 02:02:32,1781834552,R_10,4853.893,-1,0.07200000000011642,BACKFILL_AUTO
2026-06-19 02:02:34,1781834554,R_10,4854.076,1,0.18299999999999272,BACKFILL_AUTO
2026-06-19 02:02:36,1781834556,R_10,4854.009,-1,0.06700000000000728,BACKFILL_AUTO
2026-06-19 02:02:38,1781834558,R_10,4854.066,1,0.056999999999789,BACKFILL_AUTO
2026-06-19 02:02:40,1781834560,R_10,4853.94,-1,0.12600000000020373,BACKFILL_AUTO
2026-06-19 02:02:42,1781834562,R_10,4853.915,-1,0.024999999999636202,BACKFILL_AUTO
2026-06-19 02:02:44,1781834564,R_10,4853.74,-1,0.1750000000001819,BACKFILL_AUTO
2026-06-19 02:02:46,1781834566,R_10,4853.903,1,0.16300000000046566,BACKFILL_AUTO
2026-06-19 02:02:48,1781834568,R_10,4853.769,-1,0.13400000000001455,BACKFILL_AUTO
2026-06-19 02:02:50,1781834570,R_10,4853.82,1,0.05099999999947613,BACKFILL_AUTO
2026-06-19 02:02:52,1781834572,R_10,4853.708,-1,0.11200000000008004,BACKFILL_AUTO
2026-06-19 02:02:54,1781834574,R_10,4853.606,-1,0.10199999999986176,BACKFILL_AUTO
2026-06-19 02:02:56,1781834576,R_10,4853.753,1,0.14699999999993452,BACKFILL_AUTO
2026-06-19 02:02:58,1781834578,R_10,4853.77,1,0.01700000000073487,BACKFILL_AUTO
2026-06-19 02:03:00,1781834580,R_10,4853.762,-1,0.00800000000072032,BACKFILL_AUTO
2026-06-19 02:03:02,1781834582,R_10,4853.878,1,0.11599999999998545,BACKFILL_AUTO
2026-06-19 02:03:04,1781834584,R_10,4853.951,1,0.07300000000032014,BACKFILL_AUTO
2026-06-19 02:03:06,1781834586,R_10,4853.75,-1,0.20100000000002183,BACKFILL_AUTO
2026-06-19 02:03:08,1781834588,R_10,4853.654,-1,0.09599999999954889,BACKFILL_AUTO
2026-06-19 02:03:10,1781834590,R_10,4853.769,1,0.11499999999978172,BACKFILL_AUTO
2026-06-19 02:03:12,1781834592,R_10,4853.623,-1,0.14600000000064028,BACKFILL_AUTO
2026-06-19 02:03:14,1781834594,R_10,4853.645,1,0.02200000000084401,BACKFILL_AUTO
2026-06-19 02:03:16,1781834596,R_10,4853.549,-1,0.09600000000045839,BACKFILL_AUTO
2026-06-19 02:03:18,1781834598,R_10,4853.918,1,0.36899999999968713,BACKFILL_AUTO
2026-06-19 02:03:20,1781834600,R_10,4853.807,-1,0.11099999999987631,BACKFILL_AUTO
2026-06-19 02:03:22,1781834602,R_10,4853.716,-1,0.09099999999943975,BACKFILL_AUTO
2026-06-19 02:03:24,1781834604,R_10,4853.484,-1,0.2319999999999709,BACKFILL_AUTO
2026-06-19 02:03:26,1781834606,R_10,4853.593,1,0.10899999999946886,BACKFILL_AUTO
2026-06-19 02:03:28,1781834608,R_10,4853.539,-1,0.05400000000008731,BACKFILL_AUTO
2026-06-19 02:03:30,1781834610,R_10,4853.592,1,0.052999999999883585,BACKFILL_AUTO
2026-06-19 02:03:32,1781834612,R_10,4853.486,-1,0.10599999999976717,BACKFILL_AUTO
2026-06-19 02:03:34,1781834614,R_10,4853.618,1,0.1320000000005166,BACKFILL_AUTO
2026-06-19 02:03:36,1781834616,R_10,4853.609,-1,0.009000000000014552,BACKFILL_AUTO
2026-06-19 02:03:38,1781834618,R_10,4853.569,-1,0.03999999999996362,BACKFILL_AUTO
2026-06-19 02:03:40,1781834620,R_10,4853.566,-1,0.0030000000006111804,BACKFILL_AUTO
2026-06-19 02:03:42,1781834622,R_10,4853.339,-1,0.22699999999986176,BACKFILL_AUTO
2026-06-19 02:03:44,1781834624,R_10,4853.53,1,0.19099999999980355,BACKFILL_AUTO
2026-06-19 02:03:46,1781834626,R_10,4853.526,-1,0.0039999999999054126,BACKFILL_AUTO
2026-06-19 02:03:48,1781834628,R_10,4853.597,1,0.07099999999991269,BACKFILL_AUTO
2026-06-19 02:03:50,1781834630,R_10,4853.582,-1,0.014999999999417923,BACKFILL_AUTO
2026-06-19 02:03:52,1781834632,R_10,4853.619,1,0.03699999999935244,BACKFILL_AUTO
2026-06-19 02:03:54,1781834634,R_10,4853.628,1,0.009000000000014552,BACKFILL_AUTO
2026-06-19 02:03:56,1781834636,R_10,4853.391,-1,0.23700000000008004,BACKFILL_AUTO
2026-06-19 02:03:58,1781834638,R_10,4853.267,-1,0.12399999999979627,BACKFILL_AUTO
2026-06-19 02:04:00,1781834640,R_10,4853.281,1,0.014000000000123691,BACKFILL_AUTO
2026-06-19 02:04:02,1781834642,R_10,4853.34,1,0.05900000000019645,BACKFILL_AUTO
2026-06-19 02:04:04,1781834644,R_10,4853.331,-1,0.009000000000014552,BACKFILL_AUTO
2026-06-19 02:04:06,1781834646,R_10,4853.124,-1,0.2070000000003347,BACKFILL_AUTO
2026-06-19 02:04:08,1781834648,R_10,4852.996,-1,0.12799999999970169,BACKFILL_AUTO
2026-06-19 02:04:10,1781834650,R_10,4853.011,1,0.015000000000327418,BACKFILL_AUTO
2026-06-19 02:04:12,1781834652,R_10,4853.121,1,0.10999999999967258,BACKFILL_AUTO
2026-06-19 02:04:14,1781834654,R_10,4853.074,-1,0.04700000000048021,BACKFILL_AUTO
2026-06-19 02:04:16,1781834656,R_10,4853.064,-1,0.009999999999308784,BACKFILL_AUTO
2026-06-19 02:04:18,1781834658,R_10,4852.926,-1,0.13799999999991996,BACKFILL_AUTO
2026-06-19 02:04:20,1781834660,R_10,4852.942,1,0.01599999999962165,BACKFILL_AUTO
2026-06-19 02:04:22,1781834662,R_10,4852.956,1,0.014000000000123691,BACKFILL_AUTO
2026-06-19 02:04:24,1781834664,R_10,4853.066,1,0.10999999999967258,BACKFILL_AUTO
2026-06-19 02:04:26,1781834666,R_10,4852.975,-1,0.09099999999943975,BACKFILL_AUTO
2026-06-19 02:04:28,1781834668,R_10,4852.851,-1,0.12400000000070577,BACKFILL_AUTO
2026-06-19 02:04:30,1781834670,R_10,4852.905,1,0.05400000000008731,BACKFILL_AUTO
2026-06-19 02:04:32,1781834672,R_10,4852.6,-1,0.30499999999938154,BACKFILL_AUTO
2026-06-19 02:04:34,1781834674,R_10,4852.626,1,0.02599999999983993,BACKFILL_AUTO
2026-06-19 02:04:36,1781834676,R_10,4852.774,1,0.14800000000013824,BACKFILL_AUTO
2026-06-19 02:04:38,1781834678,R_10,4852.71,-1,0.06400000000030559,BACKFILL_AUTO
2026-06-19 02:04:40,1781834680,R_10,4852.707,-1,0.0029999999997016857,BACKFILL_AUTO
2026-06-19 02:04:42,1781834682,R_10,4852.682,-1,0.025000000000545697,BACKFILL_AUTO
2026-06-19 02:04:44,1781834684,R_10,4852.549,-1,0.13299999999981083,BACKFILL_AUTO
2026-06-19 02:04:46,1781834686,R_10,4852.84,1,0.29100000000016735,BACKFILL_AUTO
2026-06-19 02:04:48,1781834688,R_10,4852.873,1,0.03299999999944703,BACKFILL_AUTO
2026-06-19 02:04:50,1781834690,R_10,4852.892,1,0.01900000000023283,BACKFILL_AUTO
2026-06-19 02:04:52,1781834692,R_10,4852.893,1,0.0010000000002037268,BACKFILL_AUTO
2026-06-19 02:04:54,1781834694,R_10,4853.12,1,0.22699999999986176,BACKFILL_AUTO
2026-06-19 02:04:56,1781834696,R_10,4853.028,-1,0.09199999999964348,BACKFILL_AUTO
2026-06-19 02:04:58,1781834698,R_10,4852.888,-1,0.14000000000032742,BACKFILL_AUTO
2026-06-19 02:05:00,1781834700,R_10,4852.975,1,0.08700000000044383,BACKFILL_AUTO
2026-06-19 02:05:02,1781834702,R_10,4852.878,-1,0.09700000000066211,BACKFILL_AUTO
2026-06-19 02:05:04,1781834704,R_10,4852.9,1,0.021999999999934516,BACKFILL_AUTO
2026-06-19 02:05:06,1781834706,R_10,4852.838,-1,0.06199999999989814,BACKFILL_AUTO
2026-06-19 02:05:08,1781834708,R_10,4852.911,1,0.07300000000032014,BACKFILL_AUTO
2026-06-19 02:05:10,1781834710,R_10,4852.988,1,0.07700000000022555,BACKFILL_AUTO
2026-06-19 02:05:12,1781834712,R_10,4853.017,1,0.028999999999541615,BACKFILL_AUTO
2026-06-19 02:05:14,1781834714,R_10,4852.896,-1,0.12100000000009459,BACKFILL_AUTO
2026-06-19 02:05:16,1781834716,R_10,4853.029,1,0.13300000000072032,BACKFILL_AUTO
2026-06-19 02:05:18,1781834718,R_10,4852.918,-1,0.1110000000007858,BACKFILL_AUTO
2026-06-19 02:05:20,1781834720,R_10,4853.018,1,0.1000000000003638,BACKFILL_AUTO
2026-06-19 02:05:22,1781834722,R_10,4852.999,-1,0.01900000000023283,BACKFILL_AUTO
2026-06-19 02:05:24,1781834724,R_10,4852.854,-1,0.14499999999952706,BACKFILL_AUTO
2026-06-19 02:05:26,1781834726,R_10,4852.945,1,0.09099999999943975,BACKFILL_AUTO
2026-06-19 02:05:28,1781834728,R_10,4853.08,1,0.13500000000021828,BACKFILL_AUTO
2026-06-19 02:05:30,1781834730,R_10,4853.228,1,0.14800000000013824,BACKFILL_AUTO
2026-06-19 02:05:32,1781834732,R_10,4853.263,1,0.03499999999985448,BACKFILL_AUTO
2026-06-19 02:05:34,1781834734,R_10,4853.392,1,0.1289999999999054,BACKFILL_AUTO
2026-06-19 02:05:36,1781834736,R_10,4853.356,-1,0.03600000000005821,BACKFILL_AUTO
2026-06-19 02:05:38,1781834738,R_10,4853.295,-1,0.06099999999969441,BACKFILL_AUTO
2026-06-19 02:05:40,1781834740,R_10,4853.32,1,0.024999999999636202,BACKFILL_AUTO
2026-06-19 02:05:42,1781834742,R_10,4853.154,-1,0.16599999999925785,BACKFILL_AUTO
2026-06-19 02:05:44,1781834744,R_10,4853.026,-1,0.12800000000061118,BACKFILL_AUTO
2026-06-19 02:05:46,1781834746,R_10,4853.007,-1,0.01900000000023283,BACKFILL_AUTO
2026-06-19 02:05:48,1781834748,R_10,4852.869,-1,0.13799999999991996,BACKFILL_AUTO
2026-06-19 02:05:50,1781834750,R_10,4852.955,1,0.0860000000002401,BACKFILL_AUTO
2026-06-19 02:05:52,1781834752,R_10,4852.895,-1,0.05999999999949068,BACKFILL_AUTO
2026-06-19 02:05:54,1781834754,R_10,4852.764,-1,0.13100000000031287,BACKFILL_AUTO
2026-06-19 02:05:56,1781834756,R_10,4852.595,-1,0.16899999999986903,BACKFILL_AUTO
2026-06-19 02:05:58,1781834758,R_10,4852.554,-1,0.04100000000016735,BACKFILL_AUTO
2026-06-19 02:06:00,1781834760,R_10,4852.737,1,0.18299999999999272,BACKFILL_AUTO
2026-06-19 02:06:02,1781834762,R_10,4852.85,1,0.11300000000028376,BACKFILL_AUTO
2026-06-19 02:06:04,1781834764,R_10,4852.839,-1,0.011000000000422006,BACKFILL_AUTO
2026-06-19 02:06:06,1781834766,R_10,4852.778,-1,0.06099999999969441,BACKFILL_AUTO
2026-06-19 02:06:08,1781834768,R_10,4852.629,-1,0.14900000000034197,BACKFILL_AUTO
2026-06-19 02:06:10,1781834770,R_10,4852.453,-1,0.17599999999947613,BACKFILL_AUTO
2026-06-19 02:06:12,1781834772,R_10,4852.614,1,0.1609999999991487,BACKFILL_AUTO
2026-06-19 02:06:14,1781834774,R_10,4852.48,-1,0.13400000000001455,BACKFILL_AUTO
2026-06-19 02:06:16,1781834776,R_10,4852.616,1,0.136000000000422,BACKFILL_AUTO
2026-06-19 02:06:18,1781834778,R_10,4852.63,1,0.014000000000123691,BACKFILL_AUTO
2026-06-19 02:06:20,1781834780,R_10,4852.515,-1,0.11499999999978172,BACKFILL_AUTO
2026-06-19 02:06:22,1781834782,R_10,4852.582,1,0.06700000000000728,BACKFILL_AUTO
2026-06-19 02:06:24,1781834784,R_10,4852.452,-1,0.13000000000010914,BACKFILL_AUTO
2026-06-19 02:06:26,1781834786,R_10,4852.295,-1,0.1570000000001528,BACKFILL_AUTO
2026-06-19 02:06:28,1781834788,R_10,4852.311,1,0.01599999999962165,BACKFILL_AUTO
2026-06-19 02:06:30,1781834790,R_10,4852.559,1,0.24800000000050204,BACKFILL_AUTO
2026-06-19 02:06:32,1781834792,R_10,4852.543,-1,0.016000000000531145,BACKFILL_AUTO
2026-06-19 02:06:34,1781834794,R_10,4852.263,-1,0.27999999999974534,BACKFILL_AUTO
2026-06-19 02:06:36,1781834796,R_10,4852.115,-1,0.14800000000013824,BACKFILL_AUTO
2026-06-19 02:06:38,1781834798,R_10,4852.276,1,0.1610000000000582,BACKFILL_AUTO
2026-06-19 02:06:40,1781834800,R_10,4852.194,-1,0.0819999999994252,BACKFILL_AUTO
2026-06-19 02:06:42,1781834802,R_10,4852.069,-1,0.125,BACKFILL_AUTO
2026-06-19 02:06:44,1781834804,R_10,4852.145,1,0.07600000000002183,BACKFILL_AUTO
2026-06-19 02:06:46,1781834806,R_10,4852.064,-1,0.08100000000013097,BACKFILL_AUTO
2026-06-19 02:06:48,1781834808,R_10,4851.959,-1,0.10500000000047294,BACKFILL_AUTO
2026-06-19 02:06:50,1781834810,R_10,4851.933,-1,0.02599999999983993,BACKFILL_AUTO
2026-06-19 02:06:52,1781834812,R_10,4851.981,1,0.047999999999774445,BACKFILL_AUTO
2026-06-19 02:06:54,1781834814,R_10,4851.944,-1,0.03699999999935244,BACKFILL_AUTO
2026-06-19 02:06:56,1781834816,R_10,4852.122,1,0.17799999999988358,BACKFILL_AUTO
2026-06-19 02:06:58,1781834818,R_10,4852.256,1,0.13400000000001455,BACKFILL_AUTO
2026-06-19 02:07:00,1781834820,R_10,4852.306,1,0.049999999999272404,BACKFILL_AUTO
2026-06-19 02:07:02,1781834822,R_10,4852.206,-1,0.0999999999994543,BACKFILL_AUTO
2026-06-19 02:07:04,1781834824,R_10,4852.146,-1,0.06000000000040018,BACKFILL_AUTO
2026-06-19 02:07:06,1781834826,R_10,4852.175,1,0.02900000000045111,BACKFILL_AUTO
2026-06-19 02:07:08,1781834828,R_10,4852.05,-1,0.125,BACKFILL_AUTO
2026-06-19 02:07:10,1781834830,R_10,4852.198,1,0.14800000000013824,BACKFILL_AUTO
2026-06-19 02:07:12,1781834832,R_10,4852.241,1,0.042999999999665306,BACKFILL_AUTO
2026-06-19 02:07:14,1781834834,R_10,4852.285,1,0.04399999999986903,BACKFILL_AUTO
2026-06-19 02:07:16,1781834836,R_10,4852.19,-1,0.09500000000025466,BACKFILL_AUTO
2026-06-19 02:07:18,1781834838,R_10,4852.279,1,0.08900000000085129,BACKFILL_AUTO
2026-06-19 02:07:20,1781834840,R_10,4852.146,-1,0.13300000000072032,BACKFILL_AUTO
2026-06-19 02:07:22,1781834842,R_10,4852.335,1,0.1890000000003056,BACKFILL_AUTO
2026-06-19 02:07:24,1781834844,R_10,4852.155,-1,0.18000000000029104,BACKFILL_AUTO
2026-06-19 02:07:26,1781834846,R_10,4852.201,1,0.046000000000276486,BACKFILL_AUTO
2026-06-19 02:07:28,1781834848,R_10,4852.156,-1,0.04500000000007276,BACKFILL_AUTO
2026-06-19 02:07:30,1781834850,R_10,4852.171,1,0.015000000000327418,BACKFILL_AUTO
2026-06-19 02:07:32,1781834852,R_10,4852.144,-1,0.027000000000043656,BACKFILL_AUTO
2026-06-19 02:07:34,1781834854,R_10,4852.362,1,0.2179999999998472,BACKFILL_AUTO
2026-06-19 02:07:36,1781834856,R_10,4852.469,1,0.1069999999999709,BACKFILL_AUTO
2026-06-19 02:07:38,1781834858,R_10,4852.527,1,0.057999999999992724,BACKFILL_AUTO
2026-06-19 02:07:40,1781834860,R_10,4852.708,1,0.18099999999958527,BACKFILL_AUTO
2026-06-19 02:07:42,1781834862,R_10,4852.892,1,0.18400000000019645,BACKFILL_AUTO
2026-06-19 02:07:44,1781834864,R_10,4852.866,-1,0.02599999999983993,BACKFILL_AUTO
2026-06-19 02:07:46,1781834866,R_10,4852.728,-1,0.13799999999991996,BACKFILL_AUTO
2026-06-19 02:07:48,1781834868,R_10,4852.743,1,0.015000000000327418,BACKFILL_AUTO
2026-06-19 02:07:50,1781834870,R_10,4852.768,1,0.024999999999636202,BACKFILL_AUTO
2026-06-19 02:07:52,1781834872,R_10,4853.108,1,0.3400000000001455,BACKFILL_AUTO
2026-06-19 02:07:54,1781834874,R_10,4853.151,1,0.042999999999665306,BACKFILL_AUTO
2026-06-19 02:07:56,1781834876,R_10,4853.063,-1,0.08799999999973807,BACKFILL_AUTO
2026-06-19 02:07:58,1781834878,R_10,4852.97,-1,0.0929999999998472,BACKFILL_AUTO
2026-06-19 02:08:00,1781834880,R_10,4852.993,1,0.023000000000138243,BACKFILL_AUTO
2026-06-19 02:08:02,1781834882,R_10,4852.966,-1,0.027000000000043656,BACKFILL_AUTO
2026-06-19 02:08:04,1781834884,R_10,4852.902,-1,0.06400000000030559,BACKFILL_AUTO
2026-06-19 02:08:06,1781834886,R_10,4853.169,1,0.2669999999998254,BACKFILL_AUTO
2026-06-19 02:08:08,1781834888,R_10,4853.131,-1,0.03799999999955617,BACKFILL_AUTO
2026-06-19 02:08:10,1781834890,R_10,4853.102,-1,0.02900000000045111,BACKFILL_AUTO
2026-06-19 02:08:12,1781834892,R_10,4852.974,-1,0.12799999999970169,BACKFILL_AUTO
2026-06-19 02:08:14,1781834894,R_10,4852.903,-1,0.07099999999991269,BACKFILL_AUTO
2026-06-19 02:08:16,1781834896,R_10,4852.737,-1,0.16600000000016735,BACKFILL_AUTO
2026-06-19 02:08:18,1781834898,R_10,4852.631,-1,0.10599999999976717,BACKFILL_AUTO
2026-06-19 02:08:20,1781834900,R_10,4852.409,-1,0.2220000000006621,BACKFILL_AUTO
2026-06-19 02:08:22,1781834902,R_10,4852.468,1,0.05900000000019645,BACKFILL_AUTO
2026-06-19 02:08:24,1781834904,R_10,4852.311,-1,0.1570000000001528,BACKFILL_AUTO
2026-06-19 02:08:26,1781834906,R_10,4852.145,-1,0.16599999999925785,BACKFILL_AUTO
2026-06-19 02:08:28,1781834908,R_10,4852.097,-1,0.04800000000068394,BACKFILL_AUTO
2026-06-19 02:08:30,1781834910,R_10,4851.772,-1,0.3249999999998181,BACKFILL_AUTO
2026-06-19 02:08:32,1781834912,R_10,4851.547,-1,0.2250000000003638,BACKFILL_AUTO
2026-06-19 02:08:34,1781834914,R_10,4851.63,1,0.08300000000053842,BACKFILL_AUTO
2026-06-19 02:08:36,1781834916,R_10,4851.597,-1,0.03300000000035652,BACKFILL_AUTO
2026-06-19 02:08:38,1781834918,R_10,4851.62,1,0.023000000000138243,BACKFILL_AUTO
2026-06-19 02:08:40,1781834920,R_10,4851.57,-1,0.0500000000001819,BACKFILL_AUTO
2026-06-19 02:08:42,1781834922,R_10,4851.501,-1,0.06899999999950523,BACKFILL_AUTO
2026-06-19 02:08:44,1781834924,R_10,4851.662,1,0.1610000000000582,BACKFILL_AUTO
2026-06-19 02:08:46,1781834926,R_10,4851.787,1,0.125,BACKFILL_AUTO
2026-06-19 02:08:48,1781834928,R_10,4851.724,-1,0.06300000000010186,BACKFILL_AUTO
2026-06-19 02:08:50,1781834930,R_10,4851.582,-1,0.14199999999982538,BACKFILL_AUTO
2026-06-19 02:08:52,1781834932,R_10,4851.599,1,0.016999999999825377,BACKFILL_AUTO
2026-06-19 02:08:54,1781834934,R_10,4851.698,1,0.09900000000016007,BACKFILL_AUTO
2026-06-19 02:08:56,1781834936,R_10,4851.726,1,0.027999999999337888,BACKFILL_AUTO
2026-06-19 02:08:58,1781834938,R_10,4851.744,1,0.018000000000029104,BACKFILL_AUTO
2026-06-19 02:09:00,1781834940,R_10,4851.815,1,0.07099999999991269,BACKFILL_AUTO
2026-06-19 02:09:02,1781834942,R_10,4851.716,-1,0.09899999999925058,BACKFILL_AUTO
2026-06-19 02:09:04,1781834944,R_10,4851.758,1,0.04199999999946158,BACKFILL_AUTO
2026-06-19 02:09:06,1781834946,R_10,4851.966,1,0.20800000000053842,BACKFILL_AUTO
2026-06-19 02:09:08,1781834948,R_10,4851.99,1,0.023999999999432475,BACKFILL_AUTO
2026-06-19 02:09:10,1781834950,R_10,4851.891,-1,0.09900000000016007,BACKFILL_AUTO
2026-06-19 02:09:12,1781834952,R_10,4851.962,1,0.07100000000082218,BACKFILL_AUTO
2026-06-19 02:09:14,1781834954,R_10,4852.032,1,0.06999999999970896,BACKFILL_AUTO
2026-06-19 02:09:16,1781834956,R_10,4851.647,-1,0.3850000000002183,BACKFILL_AUTO
2026-06-19 02:09:18,1781834958,R_10,4851.781,1,0.13400000000001455,BACKFILL_AUTO
2026-06-19 02:09:20,1781834960,R_10,4851.738,-1,0.042999999999665306,BACKFILL_AUTO
2026-06-19 02:09:22,1781834962,R_10,4851.781,1,0.042999999999665306,BACKFILL_AUTO
2026-06-19 02:09:24,1781834964,R_10,4851.928,1,0.14699999999993452,BACKFILL_AUTO
2026-06-19 02:09:26,1781834966,R_10,4852.088,1,0.15999999999985448,BACKFILL_AUTO
2026-06-19 02:09:28,1781834968,R_10,4852.283,1,0.19500000000061846,BACKFILL_AUTO
2026-06-19 02:09:30,1781834970,R_10,4852.253,-1,0.030000000000654836,BACKFILL_AUTO
2026-06-19 02:09:32,1781834972,R_10,4852.191,-1,0.06199999999989814,BACKFILL_AUTO
2026-06-19 02:09:34,1781834974,R_10,4852.336,1,0.14500000000043656,BACKFILL_AUTO
2026-06-19 02:09:36,1781834976,R_10,4852.251,-1,0.08500000000003638,BACKFILL_AUTO
2026-06-19 02:09:38,1781834978,R_10,4852.233,-1,0.018000000000029104,BACKFILL_AUTO
2026-06-19 02:09:40,1781834980,R_10,4852.178,-1,0.05500000000029104,BACKFILL_AUTO
2026-06-19 02:09:42,1781834982,R_10,4852.109,-1,0.06899999999950523,BACKFILL_AUTO
2026-06-19 02:09:44,1781834984,R_10,4851.974,-1,0.13500000000021828,BACKFILL_AUTO
2026-06-19 02:09:46,1781834986,R_10,4851.845,-1,0.1289999999999054,BACKFILL_AUTO
2026-06-19 02:09:48,1781834988,R_10,4851.872,1,0.027000000000043656,BACKFILL_AUTO
2026-06-19 02:09:50,1781834990,R_10,4851.928,1,0.05599999999958527,BACKFILL_AUTO
2026-06-19 02:09:52,1781834992,R_10,4851.835,-1,0.0929999999998472,BACKFILL_AUTO
2026-06-19 02:09:54,1781834994,R_10,4852.037,1,0.20200000000022555,BACKFILL_AUTO
2026-06-19 02:09:56,1781834996,R_10,4851.78,-1,0.2570000000005166,BACKFILL_AUTO
2026-06-19 02:09:58,1781834998,R_10,4851.947,1,0.16700000000037107,BACKFILL_AUTO
2026-06-19 02:10:00,1781835000,R_10,4851.917,-1,0.02999999999974534,BACKFILL_AUTO
2026-06-19 02:10:02,1781835002,R_10,4851.768,-1,0.14900000000034197,BACKFILL_AUTO
2026-06-19 02:10:04,1781835004,R_10,4851.796,1,0.028000000000247383,BACKFILL_AUTO
2026-06-19 02:10:06,1781835006,R_10,4851.915,1,0.11899999999968713,BACKFILL_AUTO
2026-06-19 02:10:08,1781835008,R_10,4852.015,1,0.1000000000003638,BACKFILL_AUTO
2026-06-19 02:10:10,1781835010,R_10,4852.279,1,0.2640000000001237,BACKFILL_AUTO
2026-06-19 02:10:12,1781835012,R_10,4852.415,1,0.1359999999995125,BACKFILL_AUTO
2026-06-19 02:10:14,1781835014,R_10,4852.256,-1,0.15899999999965075,BACKFILL_AUTO
2026-06-19 02:10:16,1781835016,R_10,4852.152,-1,0.10400000000026921,BACKFILL_AUTO
2026-06-19 02:10:18,1781835018,R_10,4852.371,1,0.21900000000005093,BACKFILL_AUTO
2026-06-19 02:10:20,1781835020,R_10,4852.456,1,0.08500000000003638,BACKFILL_AUTO
2026-06-19 02:10:22,1781835022,R_10,4852.412,-1,0.04399999999986903,BACKFILL_AUTO
2026-06-19 02:10:24,1781835024,R_10,4852.58,1,0.1679999999996653,BACKFILL_AUTO
2026-06-19 02:10:26,1781835026,R_10,4852.656,1,0.07600000000002183,BACKFILL_AUTO
2026-06-19 02:10:28,1781835028,R_10,4852.414,-1,0.24200000000018917,BACKFILL_AUTO
2026-06-19 02:10:30,1781835030,R_10,4852.325,-1,0.08899999999994179,BACKFILL_AUTO
2026-06-19 02:10:32,1781835032,R_10,4852.292,-1,0.03299999999944703,BACKFILL_AUTO
2026-06-19 02:10:34,1781835034,R_10,4852.46,1,0.1679999999996653,BACKFILL_AUTO
2026-06-19 02:10:36,1781835036,R_10,4852.318,-1,0.14199999999982538,BACKFILL_AUTO
2026-06-19 02:10:38,1781835038,R_10,4852.156,-1,0.16200000000026193,BACKFILL_AUTO
2026-06-19 02:10:40,1781835040,R_10,4852.056,-1,0.1000000000003638,BACKFILL_AUTO
2026-06-19 02:10:42,1781835042,R_10,4851.915,-1,0.14099999999962165,BACKFILL_AUTO
2026-06-19 02:10:44,1781835044,R_10,4851.711,-1,0.2039999999997235,BACKFILL_AUTO
2026-06-19 02:10:46,1781835046,R_10,4851.628,-1,0.08300000000053842,BACKFILL_AUTO
2026-06-19 02:10:48,1781835048,R_10,4851.524,-1,0.10399999999935972,BACKFILL_AUTO
2026-06-19 02:10:50,1781835050,R_10,4851.644,1,0.11999999999989086,BACKFILL_AUTO
2026-06-19 02:10:52,1781835052,R_10,4851.903,1,0.25900000000001455,BACKFILL_AUTO
2026-06-19 02:10:54,1781835054,R_10,4851.909,1,0.0059999999994033715,BACKFILL_AUTO
2026-06-19 02:10:56,1781835056,R_10,4852.143,1,0.23400000000037835,BACKFILL_AUTO
2026-06-19 02:10:58,1781835058,R_10,4851.948,-1,0.19499999999970896,BACKFILL_AUTO
2026-06-19 02:11:00,1781835060,R_10,4851.908,-1,0.03999999999996362,BACKFILL_AUTO
2026-06-19 02:11:02,1781835062,R_10,4851.789,-1,0.11900000000059663,BACKFILL_AUTO
2026-06-19 02:11:04,1781835064,R_10,4851.791,1,0.0020000000004074536,BACKFILL_AUTO
2026-06-19 02:11:06,1781835066,R_10,4851.806,1,0.014999999999417923,BACKFILL_AUTO
2026-06-19 02:11:08,1781835068,R_10,4851.913,1,0.1069999999999709,BACKFILL_AUTO
2026-06-19 02:11:10,1781835070,R_10,4852.194,1,0.28100000000085856,BACKFILL_AUTO
2026-06-19 02:11:12,1781835072,R_10,4852.29,1,0.09599999999954889,BACKFILL_AUTO
2026-06-19 02:11:14,1781835074,R_10,4852.548,1,0.2579999999998108,BACKFILL_AUTO
2026-06-19 02:11:16,1781835076,R_10,4852.611,1,0.06300000000010186,BACKFILL_AUTO
2026-06-19 02:11:18,1781835078,R_10,4852.538,-1,0.07300000000032014,BACKFILL_AUTO
2026-06-19 02:11:20,1781835080,R_10,4852.621,1,0.08300000000053842,BACKFILL_AUTO
2026-06-19 02:11:22,1781835082,R_10,4852.689,1,0.068000000000211,BACKFILL_AUTO
2026-06-19 02:11:24,1781835084,R_10,4852.748,1,0.058999999999286956,BACKFILL_AUTO
2026-06-19 02:11:26,1781835086,R_10,4852.648,-1,0.0999999999994543,BACKFILL_AUTO
2026-06-19 02:11:28,1781835088,R_10,4852.682,1,0.033999999999650754,BACKFILL_AUTO
2026-06-19 02:11:30,1781835090,R_10,4852.618,-1,0.0639999999993961,BACKFILL_AUTO
2026-06-19 02:11:32,1781835092,R_10,4852.815,1,0.19699999999920692,BACKFILL_AUTO
2026-06-19 02:11:34,1781835094,R_10,4852.649,-1,0.16599999999925785,BACKFILL_AUTO
2026-06-19 02:11:36,1781835096,R_10,4852.713,1,0.0639999999993961,BACKFILL_AUTO
2026-06-19 02:11:38,1781835098,R_10,4852.904,1,0.19100000000071304,BACKFILL_AUTO
2026-06-19 02:11:40,1781835100,R_10,4852.661,-1,0.2430000000003929,BACKFILL_AUTO
2026-06-19 02:11:42,1781835102,R_10,4852.418,-1,0.2430000000003929,BACKFILL_AUTO
2026-06-19 02:11:44,1781835104,R_10,4852.638,1,0.22000000000025466,BACKFILL_AUTO
2026-06-19 02:11:46,1781835106,R_10,4852.879,1,0.24099999999998545,BACKFILL_AUTO
2026-06-19 02:11:48,1781835108,R_10,4852.684,-1,0.19499999999970896,BACKFILL_AUTO
2026-06-19 02:11:50,1781835110,R_10,4852.799,1,0.11499999999978172,BACKFILL_AUTO
2026-06-19 02:11:52,1781835112,R_10,4852.837,1,0.03800000000046566,BACKFILL_AUTO
2026-06-19 02:11:54,1781835114,R_10,4852.871,1,0.033999999999650754,BACKFILL_AUTO
2026-06-19 02:11:56,1781835116,R_10,4852.895,1,0.02400000000034197,BACKFILL_AUTO
2026-06-19 02:11:58,1781835118,R_10,4852.751,-1,0.14400000000023283,BACKFILL_AUTO
2026-06-19 02:12:00,1781835120,R_10,4852.806,1,0.054999999999381544,BACKFILL_AUTO
2026-06-19 02:12:02,1781835122,R_10,4853.026,1,0.22000000000025466,BACKFILL_AUTO
2026-06-19 02:12:04,1781835124,R_10,4852.924,-1,0.10199999999986176,BACKFILL_AUTO
2026-06-19 02:12:06,1781835126,R_10,4852.832,-1,0.09199999999964348,BACKFILL_AUTO
2026-06-19 02:12:08,1781835128,R_10,4852.814,-1,0.018000000000029104,BACKFILL_AUTO
2026-06-19 02:12:10,1781835130,R_10,4852.658,-1,0.15599999999994907,BACKFILL_AUTO
2026-06-19 02:12:12,1781835132,R_10,4852.666,1,0.007999999999810825,BACKFILL_AUTO
2026-06-19 02:12:14,1781835134,R_10,4852.565,-1,0.10100000000056752,BACKFILL_AUTO
2026-06-19 02:12:16,1781835136,R_10,4852.549,-1,0.01599999999962165,BACKFILL_AUTO
2026-06-19 02:12:18,1781835138,R_10,4852.74,1,0.19099999999980355,BACKFILL_AUTO
2026-06-19 02:12:20,1781835140,R_10,4852.426,-1,0.3139999999993961,BACKFILL_AUTO
2026-06-19 02:12:22,1781835142,R_10,4852.385,-1,0.04100000000016735,BACKFILL_AUTO
2026-06-19 02:12:24,1781835144,R_10,4852.468,1,0.08299999999962893,BACKFILL_AUTO
2026-06-19 02:12:26,1781835146,R_10,4852.476,1,0.007999999999810825,BACKFILL_AUTO
2026-06-19 02:12:28,1781835148,R_10,4852.651,1,0.1750000000001819,BACKFILL_AUTO
2026-06-19 02:12:30,1781835150,R_10,4852.777,1,0.12600000000020373,BACKFILL_AUTO
2026-06-19 02:12:32,1781835152,R_10,4852.877,1,0.1000000000003638,BACKFILL_AUTO
2026-06-19 02:12:34,1781835154,R_10,4852.843,-1,0.03400000000056025,BACKFILL_AUTO
2026-06-19 02:12:36,1781835156,R_10,4852.824,-1,0.01900000000023283,BACKFILL_AUTO
2026-06-19 02:12:38,1781835158,R_10,4852.887,1,0.06300000000010186,BACKFILL_AUTO
2026-06-19 02:12:40,1781835160,R_10,4852.953,1,0.06600000000071304,BACKFILL_AUTO
2026-06-19 02:12:42,1781835162,R_10,4852.998,1,0.044999999999163265,BACKFILL_AUTO
2026-06-19 02:12:44,1781835164,R_10,4853.026,1,0.028000000000247383,BACKFILL_AUTO
2026-06-19 02:12:46,1781835166,R_10,4852.945,-1,0.08100000000013097,BACKFILL_AUTO
2026-06-19 02:12:48,1781835168,R_10,4853.044,1,0.09900000000016007,BACKFILL_AUTO
2026-06-19 02:12:50,1781835170,R_10,4852.986,-1,0.057999999999992724,BACKFILL_AUTO
2026-06-19 02:12:52,1781835172,R_10,4853.006,1,0.020000000000436557,BACKFILL_AUTO
2026-06-19 02:12:54,1781835174,R_10,4853.105,1,0.09899999999925058,BACKFILL_AUTO
2026-06-19 02:12:56,1781835176,R_10,4852.966,-1,0.1389999999992142,BACKFILL_AUTO
2026-06-19 02:12:58,1781835178,R_10,4853.039,1,0.07299999999941065,BACKFILL_AUTO
2026-06-19 02:13:00,1781835180,R_10,4853.002,-1,0.03699999999935244,BACKFILL_AUTO
2026-06-19 02:13:02,1781835182,R_10,4852.92,-1,0.0820000000003347,BACKFILL_AUTO
2026-06-19 02:13:04,1781835184,R_10,4852.899,-1,0.02099999999973079,BACKFILL_AUTO
2026-06-19 02:13:06,1781835186,R_10,4852.965,1,0.06599999999980355,BACKFILL_AUTO
2026-06-19 02:13:08,1781835188,R_10,4853.029,1,0.06400000000030559,BACKFILL_AUTO
2026-06-19 02:13:10,1781835190,R_10,4852.839,-1,0.19000000000050932,BACKFILL_AUTO
2026-06-19 02:13:12,1781835192,R_10,4852.695,-1,0.14400000000023283,BACKFILL_AUTO
2026-06-19 02:13:14,1781835194,R_10,4852.707,1,0.012000000000625732,BACKFILL_AUTO
2026-06-19 02:13:16,1781835196,R_10,4852.795,1,0.08799999999973807,BACKFILL_AUTO
2026-06-19 02:13:18,1781835198,R_10,4852.839,1,0.04399999999986903,BACKFILL_AUTO
2026-06-19 02:13:20,1781835200,R_10,4852.926,1,0.08700000000044383,BACKFILL_AUTO
2026-06-19 02:13:22,1781835202,R_10,4853.054,1,0.12799999999970169,BACKFILL_AUTO
2026-06-19 02:13:24,1781835204,R_10,4852.86,-1,0.19400000000041473,BACKFILL_AUTO
2026-06-19 02:13:26,1781835206,R_10,4852.793,-1,0.06700000000000728,BACKFILL_AUTO
2026-06-19 02:13:28,1781835208,R_10,4852.677,-1,0.11599999999998545,BACKFILL_AUTO
2026-06-19 02:13:30,1781835210,R_10,4852.504,-1,0.17299999999977445,BACKFILL_AUTO
2026-06-19 02:13:32,1781835212,R_10,4852.66,1,0.15599999999994907,BACKFILL_AUTO
2026-06-19 02:13:34,1781835214,R_10,4852.635,-1,0.024999999999636202,BACKFILL_AUTO
2026-06-19 02:13:36,1781835216,R_10,4852.851,1,0.21599999999943975,BACKFILL_AUTO
2026-06-19 02:13:38,1781835218,R_10,4852.844,-1,0.006999999999607098,BACKFILL_AUTO
2026-06-19 02:13:40,1781835220,R_10,4852.834,-1,0.010000000000218279,BACKFILL_AUTO
2026-06-19 02:13:42,1781835222,R_10,4852.86,1,0.02599999999983993,BACKFILL_AUTO
2026-06-19 02:13:44,1781835224,R_10,4852.855,-1,0.005000000000109139,BACKFILL_AUTO
2026-06-19 02:13:46,1781835226,R_10,4853.133,1,0.2780000000002474,BACKFILL_AUTO
2026-06-19 02:13:48,1781835228,R_10,4853.119,-1,0.014000000000123691,BACKFILL_AUTO
2026-06-19 02:13:50,1781835230,R_10,4853.12,1,0.0010000000002037268,BACKFILL_AUTO
2026-06-19 02:13:52,1781835232,R_10,4853.117,-1,0.0029999999997016857,BACKFILL_AUTO
2026-06-19 02:13:54,1781835234,R_10,4853.392,1,0.2749999999996362,BACKFILL_AUTO
2026-06-19 02:13:56,1781835236,R_10,4853.355,-1,0.037000000000261934,BACKFILL_AUTO
2026-06-19 02:13:58,1781835238,R_10,4853.359,1,0.004000000000814907,BACKFILL_AUTO
2026-06-19 02:14:00,1781835240,R_10,4853.453,1,0.09400000000005093,BACKFILL_AUTO
2026-06-19 02:14:02,1781835242,R_10,4853.645,1,0.19200000000000728,BACKFILL_AUTO
2026-06-19 02:14:04,1781835244,R_10,4853.524,-1,0.12100000000009459,BACKFILL_AUTO
2026-06-19 02:14:06,1781835246,R_10,4853.664,1,0.13999999999941792,BACKFILL_AUTO
2026-06-19 02:14:08,1781835248,R_10,4853.906,1,0.24200000000018917,BACKFILL_AUTO
2026-06-19 02:14:10,1781835250,R_10,4853.959,1,0.052999999999883585,BACKFILL_AUTO
2026-06-19 02:14:12,1781835252,R_10,4853.948,-1,0.01099999999951251,BACKFILL_AUTO
2026-06-19 02:14:14,1781835254,R_10,4854.062,1,0.113999999999578,BACKFILL_AUTO
2026-06-19 02:14:16,1781835256,R_10,4854.031,-1,0.03099999999994907,BACKFILL_AUTO
2026-06-19 02:14:18,1781835258,R_10,4854.122,1,0.09100000000034925,BACKFILL_AUTO
2026-06-19 02:14:20,1781835260,R_10,4854.136,1,0.014000000000123691,BACKFILL_AUTO
2026-06-19 02:14:22,1781835262,R_10,4854.207,1,0.07099999999991269,BACKFILL_AUTO
2026-06-19 02:14:24,1781835264,R_10,4854.142,-1,0.06500000000050932,BACKFILL_AUTO
2026-06-19 02:14:26,1781835266,R_10,4854.151,1,0.009000000000014552,BACKFILL_AUTO
2026-06-19 02:14:28,1781835268,R_10,4854.121,-1,0.02999999999974534,BACKFILL_AUTO
2026-06-19 02:14:30,1781835270,R_10,4854.36,1,0.238999999999578,BACKFILL_AUTO
2026-06-19 02:14:32,1781835272,R_10,4854.568,1,0.20800000000053842,BACKFILL_AUTO
2026-06-19 02:14:34,1781835274,R_10,4854.495,-1,0.07300000000032014,BACKFILL_AUTO
2026-06-19 02:14:36,1781835276,R_10,4854.352,-1,0.1430000000000291,BACKFILL_AUTO
2026-06-19 02:14:38,1781835278,R_10,4854.11,-1,0.24200000000018917,BACKFILL_AUTO
2026-06-19 02:14:40,1781835280,R_10,4853.997,-1,0.11299999999937427,BACKFILL_AUTO
2026-06-19 02:14:42,1781835282,R_10,4854.024,1,0.027000000000043656,BACKFILL_AUTO
2026-06-19 02:14:44,1781835284,R_10,4853.933,-1,0.09100000000034925,BACKFILL_AUTO
2026-06-19 02:14:46,1781835286,R_10,4853.999,1,0.06599999999980355,BACKFILL_AUTO
2026-06-19 02:14:48,1781835288,R_10,4854.017,1,0.018000000000029104,BACKFILL_AUTO
2026-06-19 02:14:50,1781835290,R_10,4854.195,1,0.17799999999988358,BACKFILL_AUTO
2026-06-19 02:14:52,1781835292,R_10,4854.11,-1,0.08500000000003638,BACKFILL_AUTO
2026-06-19 02:14:54,1781835294,R_10,4854.047,-1,0.06300000000010186,BACKFILL_AUTO
2026-06-19 02:14:56,1781835296,R_10,4853.958,-1,0.08899999999994179,BACKFILL_AUTO
2026-06-19 02:14:58,1781835298,R_10,4853.878,-1,0.07999999999992724,BACKFILL_AUTO
2026-06-19 02:15:00,1781835300,R_10,4854.017,1,0.1390000000001237,BACKFILL_AUTO
2026-06-19 02:15:02,1781835302,R_10,4853.802,-1,0.21500000000014552,BACKFILL_AUTO
2026-06-19 02:15:04,1781835304,R_10,4853.788,-1,0.014000000000123691,BACKFILL_AUTO
2026-06-19 02:15:06,1781835306,R_10,4853.88,1,0.09200000000055297,BACKFILL_AUTO
2026-06-19 02:15:08,1781835308,R_10,4853.635,-1,0.24499999999989086,BACKFILL_AUTO
2026-06-19 02:15:10,1781835310,R_10,4853.535,-1,0.1000000000003638,BACKFILL_AUTO
2026-06-19 02:15:12,1781835312,R_10,4853.465,-1,0.06999999999970896,BACKFILL_AUTO
2026-06-19 02:15:14,1781835314,R_10,4853.357,-1,0.10800000000017462,BACKFILL_AUTO
2026-06-19 02:15:16,1781835316,R_10,4853.244,-1,0.11300000000028376,BACKFILL_AUTO
2026-06-19 02:15:18,1781835318,R_10,4853.232,-1,0.011999999999716238,BACKFILL_AUTO
2026-06-19 02:15:20,1781835320,R_10,4853.104,-1,0.12799999999970169,BACKFILL_AUTO
2026-06-19 02:15:22,1781835322,R_10,4853.318,1,0.2139999999999418,BACKFILL_AUTO
2026-06-19 02:15:24,1781835324,R_10,4853.246,-1,0.07200000000011642,BACKFILL_AUTO
2026-06-19 02:15:26,1781835326,R_10,4853.271,1,0.024999999999636202,BACKFILL_AUTO
2026-06-19 02:15:28,1781835328,R_10,4853.367,1,0.09600000000045839,BACKFILL_AUTO
2026-06-19 02:15:30,1781835330,R_10,4853.314,-1,0.052999999999883585,BACKFILL_AUTO
2026-06-19 02:15:32,1781835332,R_10,4853.124,-1,0.19000000000050932,BACKFILL_AUTO
2026-06-19 02:15:34,1781835334,R_10,4853.055,-1,0.06899999999950523,BACKFILL_AUTO
2026-06-19 02:15:36,1781835336,R_10,4853.039,-1,0.016000000000531145,BACKFILL_AUTO
2026-06-19 02:15:38,1781835338,R_10,4852.966,-1,0.07299999999941065,BACKFILL_AUTO
2026-06-19 02:15:40,1781835340,R_10,4853.027,1,0.06099999999969441,BACKFILL_AUTO
2026-06-19 02:15:42,1781835342,R_10,4853.139,1,0.11200000000008004,BACKFILL_AUTO
2026-06-19 02:15:44,1781835344,R_10,4853.161,1,0.021999999999934516,BACKFILL_AUTO
2026-06-19 02:15:46,1781835346,R_10,4853.228,1,0.06700000000000728,BACKFILL_AUTO
2026-06-19 02:15:48,1781835348,R_10,4853.171,-1,0.056999999999789,BACKFILL_AUTO
2026-06-19 02:15:50,1781835350,R_10,4853.016,-1,0.15500000000065484,BACKFILL_AUTO
2026-06-19 02:15:52,1781835352,R_10,4852.865,-1,0.15099999999983993,BACKFILL_AUTO
2026-06-19 02:15:54,1781835354,R_10,4852.999,1,0.13400000000001455,BACKFILL_AUTO
2026-06-19 02:15:56,1781835356,R_10,4853.003,1,0.0039999999999054126,BACKFILL_AUTO
2026-06-19 02:15:58,1781835358,R_10,4853.021,1,0.018000000000029104,BACKFILL_AUTO
2026-06-19 02:16:00,1781835360,R_10,4852.995,-1,0.02599999999983993,BACKFILL_AUTO
2026-06-19 02:16:02,1781835362,R_10,4852.983,-1,0.011999999999716238,BACKFILL_AUTO
2026-06-19 02:16:04,1781835364,R_10,4852.917,-1,0.06599999999980355,BACKFILL_AUTO
2026-06-19 02:16:06,1781835366,R_10,4853.113,1,0.1959999999999127,BACKFILL_AUTO
2026-06-19 02:16:08,1781835368,R_10,4853.185,1,0.07200000000011642,BACKFILL_AUTO
2026-06-19 02:16:10,1781835370,R_10,4853.144,-1,0.04100000000016735,BACKFILL_AUTO
2026-06-19 02:16:12,1781835372,R_10,4853.152,1,0.007999999999810825,BACKFILL_AUTO
2026-06-19 02:16:14,1781835374,R_10,4853.05,-1,0.10199999999986176,BACKFILL_AUTO
2026-06-19 02:16:16,1781835376,R_10,4852.995,-1,0.05500000000029104,BACKFILL_AUTO
2026-06-19 02:16:18,1781835378,R_10,4853.016,1,0.02099999999973079,BACKFILL_AUTO
2026-06-19 02:16:20,1781835380,R_10,4853.02,1,0.004000000000814907,BACKFILL_AUTO
2026-06-19 02:16:22,1781835382,R_10,4852.857,-1,0.16300000000046566,BACKFILL_AUTO
2026-06-19 02:16:24,1781835384,R_10,4852.891,1,0.033999999999650754,BACKFILL_AUTO
2026-06-19 02:16:26,1781835386,R_10,4852.804,-1,0.08699999999953434,BACKFILL_AUTO
2026-06-19 02:16:28,1781835388,R_10,4853.081,1,0.27700000000004366,BACKFILL_AUTO
2026-06-19 02:16:30,1781835390,R_10,4853.075,-1,0.006000000000312866,BACKFILL_AUTO
2026-06-19 02:16:32,1781835392,R_10,4853.057,-1,0.018000000000029104,BACKFILL_AUTO
2026-06-19 02:16:34,1781835394,R_10,4853.055,-1,0.001999999999497959,BACKFILL_AUTO
2026-06-19 02:16:36,1781835396,R_10,4853.282,1,0.22699999999986176,BACKFILL_AUTO
2026-06-19 02:16:38,1781835398,R_10,4853.285,1,0.0029999999997016857,BACKFILL_AUTO
2026-06-19 02:16:40,1781835400,R_10,4853.201,-1,0.08399999999983265,BACKFILL_AUTO
2026-06-19 02:16:42,1781835402,R_10,4853.399,1,0.19800000000032014,BACKFILL_AUTO
2026-06-19 02:16:44,1781835404,R_10,4853.248,-1,0.15100000000074942,BACKFILL_AUTO
2026-06-19 02:16:46,1781835406,R_10,4853.38,1,0.1320000000005166,BACKFILL_AUTO
2026-06-19 02:16:48,1781835408,R_10,4853.317,-1,0.06300000000010186,BACKFILL_AUTO
2026-06-19 02:16:50,1781835410,R_10,4853.109,-1,0.20799999999962893,BACKFILL_AUTO
2026-06-19 02:16:52,1781835412,R_10,4853.081,-1,0.028000000000247383,BACKFILL_AUTO
2026-06-19 02:16:54,1781835414,R_10,4853.0,-1,0.08100000000013097,BACKFILL_AUTO
2026-06-19 02:16:56,1781835416,R_10,4853.066,1,0.06599999999980355,BACKFILL_AUTO
2026-06-19 02:16:58,1781835418,R_10,4853.101,1,0.03499999999985448,BACKFILL_AUTO
2026-06-19 02:17:00,1781835420,R_10,4853.166,1,0.06500000000050932,BACKFILL_AUTO
2026-06-19 02:17:02,1781835422,R_10,4853.175,1,0.009000000000014552,BACKFILL_AUTO
2026-06-19 02:17:04,1781835424,R_10,4853.23,1,0.054999999999381544,BACKFILL_AUTO
2026-06-19 02:17:06,1781835426,R_10,4853.263,1,0.03300000000035652,BACKFILL_AUTO
2026-06-19 02:17:08,1781835428,R_10,4853.287,1,0.02400000000034197,BACKFILL_AUTO
2026-06-19 02:17:10,1781835430,R_10,4853.157,-1,0.13000000000010914,BACKFILL_AUTO
2026-06-19 02:17:12,1781835432,R_10,4853.233,1,0.07600000000002183,BACKFILL_AUTO
2026-06-19 02:17:14,1781835434,R_10,4853.021,-1,0.21200000000044383,BACKFILL_AUTO
2026-06-19 02:17:16,1781835436,R_10,4852.939,-1,0.0819999999994252,BACKFILL_AUTO
2026-06-19 02:17:18,1781835438,R_10,4852.889,-1,0.0500000000001819,BACKFILL_AUTO
2026-06-19 02:17:20,1781835440,R_10,4853.157,1,0.2680000000000291,BACKFILL_AUTO
2026-06-19 02:17:22,1781835442,R_10,4853.237,1,0.07999999999992724,BACKFILL_AUTO
2026-06-19 02:17:24,1781835444,R_10,4853.295,1,0.057999999999992724,BACKFILL_AUTO
2026-06-19 02:17:26,1781835446,R_10,4853.387,1,0.09199999999964348,BACKFILL_AUTO
2026-06-19 02:17:28,1781835448,R_10,4853.344,-1,0.042999999999665306,BACKFILL_AUTO
2026-06-19 02:17:30,1781835450,R_10,4853.358,1,0.014000000000123691,BACKFILL_AUTO
2026-06-19 02:17:32,1781835452,R_10,4853.225,-1,0.13299999999981083,BACKFILL_AUTO
2026-06-19 02:17:34,1781835454,R_10,4853.129,-1,0.09600000000045839,BACKFILL_AUTO
2026-06-19 02:17:36,1781835456,R_10,4853.079,-1,0.0500000000001819,BACKFILL_AUTO
2026-06-19 02:17:38,1781835458,R_10,4853.155,1,0.07600000000002183,BACKFILL_AUTO
2026-06-19 02:17:40,1781835460,R_10,4853.183,1,0.028000000000247383,BACKFILL_AUTO
2026-06-19 02:17:42,1781835462,R_10,4853.243,1,0.06000000000040018,BACKFILL_AUTO
2026-06-19 02:17:44,1781835464,R_10,4853.009,-1,0.23400000000037835,BACKFILL_AUTO
2026-06-19 02:17:46,1781835466,R_10,4853.029,1,0.020000000000436557,BACKFILL_AUTO
2026-06-19 02:17:48,1781835468,R_10,4853.0,-1,0.02900000000045111,BACKFILL_AUTO
2026-06-19 02:17:50,1781835470,R_10,4853.197,1,0.19700000000011642,BACKFILL_AUTO
2026-06-19 02:17:52,1781835472,R_10,4852.91,-1,0.28700000000026193,BACKFILL_AUTO
2026-06-19 02:17:54,1781835474,R_10,4852.943,1,0.03300000000035652,BACKFILL_AUTO
2026-06-19 02:17:56,1781835476,R_10,4852.747,-1,0.1959999999999127,BACKFILL_AUTO
2026-06-19 02:17:58,1781835478,R_10,4852.596,-1,0.15100000000074942,BACKFILL_AUTO
2026-06-19 02:18:00,1781835480,R_10,4852.542,-1,0.05399999999917782,BACKFILL_AUTO
2026-06-19 02:18:02,1781835482,R_10,4852.625,1,0.08299999999962893,BACKFILL_AUTO
2026-06-19 02:18:04,1781835484,R_10,4852.879,1,0.2539999999999054,BACKFILL_AUTO
2026-06-19 02:18:06,1781835486,R_10,4852.779,-1,0.0999999999994543,BACKFILL_AUTO
2026-06-19 02:18:08,1781835488,R_10,4852.835,1,0.05599999999958527,BACKFILL_AUTO
2026-06-19 02:18:10,1781835490,R_10,4852.99,1,0.15499999999974534,BACKFILL_AUTO
2026-06-19 02:18:12,1781835492,R_10,4852.95,-1,0.03999999999996362,BACKFILL_AUTO
2026-06-19 02:18:14,1781835494,R_10,4852.887,-1,0.06300000000010186,BACKFILL_AUTO
2026-06-19 02:18:16,1781835496,R_10,4852.865,-1,0.021999999999934516,BACKFILL_AUTO
2026-06-19 02:18:18,1781835498,R_10,4852.81,-1,0.054999999999381544,BACKFILL_AUTO
2026-06-19 02:18:20,1781835500,R_10,4852.689,-1,0.12100000000009459,BACKFILL_AUTO
2026-06-19 02:18:22,1781835502,R_10,4852.639,-1,0.0500000000001819,BACKFILL_AUTO
2026-06-19 02:18:24,1781835504,R_10,4852.737,1,0.09799999999995634,BACKFILL_AUTO
2026-06-19 02:18:26,1781835506,R_10,4852.915,1,0.17799999999988358,BACKFILL_AUTO
2026-06-19 02:18:28,1781835508,R_10,4852.819,-1,0.09599999999954889,BACKFILL_AUTO
2026-06-19 02:18:30,1781835510,R_10,4852.553,-1,0.26600000000053114,BACKFILL_AUTO
2026-06-19 02:18:32,1781835512,R_10,4852.325,-1,0.22800000000006548,BACKFILL_AUTO
2026-06-19 02:18:34,1781835514,R_10,4852.399,1,0.07400000000052387,BACKFILL_AUTO
2026-06-19 02:18:36,1781835516,R_10,4852.48,1,0.08099999999922147,BACKFILL_AUTO
2026-06-19 02:18:38,1781835518,R_10,4852.353,-1,0.12699999999949796,BACKFILL_AUTO
2026-06-19 02:18:40,1781835520,R_10,4852.429,1,0.07600000000002183,BACKFILL_AUTO
2026-06-19 02:18:42,1781835522,R_10,4852.425,-1,0.0039999999999054126,BACKFILL_AUTO
2026-06-19 02:18:44,1781835524,R_10,4852.628,1,0.2029999999995198,BACKFILL_AUTO
2026-06-19 02:18:46,1781835526,R_10,4852.56,-1,0.06799999999930151,BACKFILL_AUTO
2026-06-19 02:18:48,1781835528,R_10,4852.487,-1,0.07300000000032014,BACKFILL_AUTO
2026-06-19 02:18:50,1781835530,R_10,4852.44,-1,0.04700000000048021,BACKFILL_AUTO
2026-06-19 02:18:52,1781835532,R_10,4852.602,1,0.16200000000026193,BACKFILL_AUTO
2026-06-19 02:18:54,1781835534,R_10,4852.639,1,0.037000000000261934,BACKFILL_AUTO
2026-06-19 02:18:56,1781835536,R_10,4852.544,-1,0.09500000000025466,BACKFILL_AUTO
2026-06-19 02:18:58,1781835538,R_10,4852.498,-1,0.046000000000276486,BACKFILL_AUTO
2026-06-19 02:19:00,1781835540,R_10,4852.692,1,0.19400000000041473,BACKFILL_AUTO
2026-06-19 02:19:02,1781835542,R_10,4852.747,1,0.05500000000029104,BACKFILL_AUTO
2026-06-19 02:19:04,1781835544,R_10,4852.599,-1,0.14800000000013824,BACKFILL_AUTO
2026-06-19 02:19:06,1781835546,R_10,4852.707,1,0.10800000000017462,BACKFILL_AUTO
2026-06-19 02:19:08,1781835548,R_10,4852.752,1,0.04500000000007276,BACKFILL_AUTO
2026-06-19 02:19:10,1781835550,R_10,4852.712,-1,0.03999999999996362,BACKFILL_AUTO
2026-06-19 02:19:12,1781835552,R_10,4852.635,-1,0.07700000000022555,BACKFILL_AUTO
2026-06-19 02:19:14,1781835554,R_10,4852.634,-1,0.0010000000002037268,BACKFILL_AUTO
2026-06-19 02:19:16,1781835556,R_10,4852.504,-1,0.13000000000010914,BACKFILL_AUTO
2026-06-19 02:19:18,1781835558,R_10,4852.303,-1,0.20100000000002183,BACKFILL_AUTO
2026-06-19 02:19:20,1781835560,R_10,4852.176,-1,0.12699999999949796,BACKFILL_AUTO
2026-06-19 02:19:22,1781835562,R_10,4852.098,-1,0.07800000000042928,BACKFILL_AUTO
2026-06-19 02:19:24,1781835564,R_10,4852.141,1,0.042999999999665306,BACKFILL_AUTO
2026-06-19 02:19:26,1781835566,R_10,4852.133,-1,0.007999999999810825,BACKFILL_AUTO
2026-06-19 02:19:28,1781835568,R_10,4852.211,1,0.07800000000042928,BACKFILL_AUTO
2026-06-19 02:19:30,1781835570,R_10,4852.344,1,0.13299999999981083,BACKFILL_AUTO
2026-06-19 02:19:32,1781835572,R_10,4852.202,-1,0.14199999999982538,BACKFILL_AUTO
2026-06-19 02:19:34,1781835574,R_10,4852.182,-1,0.020000000000436557,BACKFILL_AUTO
2026-06-19 02:19:36,1781835576,R_10,4852.271,1,0.08899999999994179,BACKFILL_AUTO
2026-06-19 02:19:38,1781835578,R_10,4852.143,-1,0.12799999999970169,BACKFILL_AUTO
2026-06-19 02:19:40,1781835580,R_10,4852.119,-1,0.02400000000034197,BACKFILL_AUTO
2026-06-19 02:19:42,1781835582,R_10,4852.137,1,0.018000000000029104,BACKFILL_AUTO
2026-06-19 02:19:44,1781835584,R_10,4852.209,1,0.07200000000011642,BACKFILL_AUTO
2026-06-19 02:19:46,1781835586,R_10,4852.114,-1,0.09500000000025466,BACKFILL_AUTO
2026-06-19 02:19:48,1781835588,R_10,4852.127,1,0.01300000000082946,BACKFILL_AUTO
2026-06-19 02:19:50,1781835590,R_10,4852.172,1,0.044999999999163265,BACKFILL_AUTO
2026-06-19 02:19:52,1781835592,R_10,4852.148,-1,0.023999999999432475,BACKFILL_AUTO
2026-06-19 02:19:54,1781835594,R_10,4852.328,1,0.18000000000029104,BACKFILL_AUTO
2026-06-19 02:19:56,1781835596,R_10,4852.193,-1,0.13500000000021828,BACKFILL_AUTO
2026-06-19 02:19:58,1781835598,R_10,4852.102,-1,0.09100000000034925,BACKFILL_AUTO
2026-06-19 02:20:00,1781835600,R_10,4852.353,1,0.2510000000002037,BACKFILL_AUTO
2026-06-19 02:20:02,1781835602,R_10,4852.506,1,0.15300000000024738,BACKFILL_AUTO
2026-06-19 02:20:04,1781835604,R_10,4852.52,1,0.014000000000123691,BACKFILL_AUTO
2026-06-19 02:20:06,1781835606,R_10,4852.52,0,0.0,BACKFILL_AUTO
2026-06-19 02:20:08,1781835608,R_10,4852.686,1,0.16599999999925785,BACKFILL_AUTO
2026-06-19 02:20:10,1781835610,R_10,4852.896,1,0.21000000000003638,BACKFILL_AUTO
2026-06-19 02:20:12,1781835612,R_10,4852.654,-1,0.24199999999927968,BACKFILL_AUTO
2026-06-19 02:20:14,1781835614,R_10,4852.65,-1,0.004000000000814907,BACKFILL_AUTO
2026-06-19 02:20:16,1781835616,R_10,4852.785,1,0.13500000000021828,BACKFILL_AUTO
2026-06-19 02:20:18,1781835618,R_10,4852.57,-1,0.21500000000014552,BACKFILL_AUTO
2026-06-19 02:20:20,1781835620,R_10,4852.504,-1,0.06599999999980355,BACKFILL_AUTO
2026-06-19 02:20:22,1781835622,R_10,4852.407,-1,0.09699999999975262,BACKFILL_AUTO
2026-06-19 02:20:24,1781835624,R_10,4852.525,1,0.11799999999948341,BACKFILL_AUTO
2026-06-19 02:20:26,1781835626,R_10,4852.602,1,0.07700000000022555,BACKFILL_AUTO
2026-06-19 02:20:28,1781835628,R_10,4852.373,-1,0.2290000000002692,BACKFILL_AUTO
2026-06-19 02:20:30,1781835630,R_10,4852.426,1,0.05300000000079308,BACKFILL_AUTO
2026-06-19 02:20:32,1781835632,R_10,4852.376,-1,0.0500000000001819,BACKFILL_AUTO
2026-06-19 02:20:34,1781835634,R_10,4852.152,-1,0.22400000000016007,BACKFILL_AUTO
2026-06-19 02:20:36,1781835636,R_10,4851.868,-1,0.28399999999965075,BACKFILL_AUTO
2026-06-19 02:20:38,1781835638,R_10,4851.992,1,0.12399999999979627,BACKFILL_AUTO
2026-06-19 02:20:40,1781835640,R_10,4851.78,-1,0.21200000000044383,BACKFILL_AUTO
2026-06-19 02:20:42,1781835642,R_10,4851.794,1,0.014000000000123691,BACKFILL_AUTO
2026-06-19 02:20:44,1781835644,R_10,4851.495,-1,0.29899999999997817,BACKFILL_AUTO
2026-06-19 02:20:46,1781835646,R_10,4851.548,1,0.052999999999883585,BACKFILL_AUTO
2026-06-19 02:20:48,1781835648,R_10,4851.421,-1,0.12699999999949796,BACKFILL_AUTO
2026-06-19 02:20:50,1781835650,R_10,4851.409,-1,0.012000000000625732,BACKFILL_AUTO
2026-06-19 02:20:52,1781835652,R_10,4851.432,1,0.023000000000138243,BACKFILL_AUTO
2026-06-19 02:20:54,1781835654,R_10,4851.801,1,0.36900000000059663,BACKFILL_AUTO
2026-06-19 02:20:56,1781835656,R_10,4851.937,1,0.1359999999995125,BACKFILL_AUTO
2026-06-19 02:20:58,1781835658,R_10,4852.146,1,0.20899999999983265,BACKFILL_AUTO
2026-06-19 02:21:00,1781835660,R_10,4852.264,1,0.1180000000003929,BACKFILL_AUTO
2026-06-19 02:21:02,1781835662,R_10,4852.388,1,0.12399999999979627,BACKFILL_AUTO
2026-06-19 02:21:04,1781835664,R_10,4852.668,1,0.27999999999974534,BACKFILL_AUTO
2026-06-19 02:21:06,1781835666,R_10,4852.498,-1,0.17000000000007276,BACKFILL_AUTO
2026-06-19 02:21:08,1781835668,R_10,4852.471,-1,0.027000000000043656,BACKFILL_AUTO
2026-06-19 02:21:10,1781835670,R_10,4852.443,-1,0.027999999999337888,BACKFILL_AUTO
2026-06-19 02:21:12,1781835672,R_10,4852.509,1,0.06599999999980355,BACKFILL_AUTO
2026-06-19 02:21:14,1781835674,R_10,4852.525,1,0.01599999999962165,BACKFILL_AUTO
2026-06-19 02:21:16,1781835676,R_10,4852.483,-1,0.04199999999946158,BACKFILL_AUTO
2026-06-19 02:21:18,1781835678,R_10,4852.483,0,0.0,BACKFILL_AUTO
2026-06-19 02:21:20,1781835680,R_10,4852.66,1,0.17699999999967986,BACKFILL_AUTO
2026-06-19 02:21:22,1781835682,R_10,4852.575,-1,0.08500000000003638,BACKFILL_AUTO
2026-06-19 02:21:24,1781835684,R_10,4852.671,1,0.09600000000045839,BACKFILL_AUTO
2026-06-19 02:21:26,1781835686,R_10,4852.599,-1,0.07200000000011642,BACKFILL_AUTO
2026-06-19 02:21:28,1781835688,R_10,4852.699,1,0.0999999999994543,BACKFILL_AUTO
2026-06-19 02:21:30,1781835690,R_10,4852.932,1,0.23300000000017462,BACKFILL_AUTO
2026-06-19 02:21:32,1781835692,R_10,4852.789,-1,0.1430000000000291,BACKFILL_AUTO
2026-06-19 02:21:34,1781835694,R_10,4852.735,-1,0.05400000000008731,BACKFILL_AUTO
2026-06-19 02:21:36,1781835696,R_10,4853.034,1,0.29899999999997817,BACKFILL_AUTO
2026-06-19 02:21:38,1781835698,R_10,4852.935,-1,0.09899999999925058,BACKFILL_AUTO
2026-06-19 02:21:40,1781835700,R_10,4852.752,-1,0.18299999999999272,BACKFILL_AUTO
2026-06-19 02:21:42,1781835702,R_10,4852.776,1,0.023999999999432475,BACKFILL_AUTO
2026-06-19 02:21:44,1781835704,R_10,4852.751,-1,0.024999999999636202,BACKFILL_AUTO
2026-06-19 02:21:46,1781835706,R_10,4852.977,1,0.22599999999965803,BACKFILL_AUTO
2026-06-19 02:21:48,1781835708,R_10,4853.059,1,0.0820000000003347,BACKFILL_AUTO
2026-06-19 02:21:50,1781835710,R_10,4853.067,1,0.007999999999810825,BACKFILL_AUTO
2026-06-19 02:21:52,1781835712,R_10,4853.012,-1,0.05500000000029104,BACKFILL_AUTO
2026-06-19 02:21:54,1781835714,R_10,4852.968,-1,0.04399999999986903,BACKFILL_AUTO
2026-06-19 02:21:56,1781835716,R_10,4853.013,1,0.04500000000007276,BACKFILL_AUTO
2026-06-19 02:21:58,1781835718,R_10,4852.969,-1,0.04399999999986903,BACKFILL_AUTO
2026-06-19 02:22:00,1781835720,R_10,4853.065,1,0.09599999999954889,BACKFILL_AUTO
2026-06-19 02:22:02,1781835722,R_10,4852.991,-1,0.07399999999961437,BACKFILL_AUTO
2026-06-19 02:22:04,1781835724,R_10,4853.142,1,0.15099999999983993,BACKFILL_AUTO
2026-06-19 02:22:06,1781835726,R_10,4853.386,1,0.24400000000059663,BACKFILL_AUTO
2026-06-19 02:22:08,1781835728,R_10,4853.318,-1,0.068000000000211,BACKFILL_AUTO
2026-06-19 02:22:10,1781835730,R_10,4853.207,-1,0.11099999999987631,BACKFILL_AUTO
2026-06-19 02:22:12,1781835732,R_10,4853.094,-1,0.11300000000028376,BACKFILL_AUTO
2026-06-19 02:22:14,1781835734,R_10,4853.18,1,0.0860000000002401,BACKFILL_AUTO
2026-06-19 02:22:16,1781835736,R_10,4852.932,-1,0.24800000000050204,BACKFILL_AUTO
2026-06-19 02:22:18,1781835738,R_10,4852.826,-1,0.10599999999976717,BACKFILL_AUTO
2026-06-19 02:22:20,1781835740,R_10,4852.938,1,0.11200000000008004,BACKFILL_AUTO
2026-06-19 02:22:22,1781835742,R_10,4852.947,1,0.009000000000014552,BACKFILL_AUTO
2026-06-19 02:22:24,1781835744,R_10,4852.986,1,0.03899999999975989,BACKFILL_AUTO
2026-06-19 02:22:26,1781835746,R_10,4852.948,-1,0.03799999999955617,BACKFILL_AUTO
2026-06-19 02:22:28,1781835748,R_10,4852.838,-1,0.11000000000058208,BACKFILL_AUTO
2026-06-19 02:22:30,1781835750,R_10,4852.891,1,0.052999999999883585,BACKFILL_AUTO
2026-06-19 02:22:32,1781835752,R_10,4852.8,-1,0.09099999999943975,BACKFILL_AUTO
2026-06-19 02:22:34,1781835754,R_10,4852.702,-1,0.09799999999995634,BACKFILL_AUTO
2026-06-19 02:22:36,1781835756,R_10,4852.667,-1,0.03499999999985448,BACKFILL_AUTO
2026-06-19 02:22:38,1781835758,R_10,4852.647,-1,0.020000000000436557,BACKFILL_AUTO
2026-06-19 02:22:40,1781835760,R_10,4852.621,-1,0.02599999999983993,BACKFILL_AUTO
2026-06-19 02:22:42,1781835762,R_10,4852.525,-1,0.09600000000045839,BACKFILL_AUTO
2026-06-19 02:22:44,1781835764,R_10,4852.566,1,0.04100000000016735,BACKFILL_AUTO
2026-06-19 02:22:46,1781835766,R_10,4852.377,-1,0.1889999999993961,BACKFILL_AUTO
2026-06-19 02:22:48,1781835768,R_10,4852.484,1,0.1069999999999709,BACKFILL_AUTO
2026-06-19 02:22:50,1781835770,R_10,4852.435,-1,0.04899999999997817,BACKFILL_AUTO
2026-06-19 02:22:52,1781835772,R_10,4852.539,1,0.10399999999935972,BACKFILL_AUTO
2026-06-19 02:22:54,1781835774,R_10,4852.367,-1,0.17199999999957072,BACKFILL_AUTO
2026-06-19 02:22:56,1781835776,R_10,4852.579,1,0.21199999999953434,BACKFILL_AUTO
2026-06-19 02:22:58,1781835778,R_10,4852.66,1,0.08100000000013097,BACKFILL_AUTO
2026-06-19 02:23:00,1781835780,R_10,4852.558,-1,0.10199999999986176,BACKFILL_AUTO
2026-06-19 02:23:02,1781835782,R_10,4852.491,-1,0.06700000000000728,BACKFILL_AUTO
2026-06-19 02:23:04,1781835784,R_10,4852.39,-1,0.10099999999965803,BACKFILL_AUTO
2026-06-19 02:23:06,1781835786,R_10,4852.401,1,0.01099999999951251,BACKFILL_AUTO
2026-06-19 02:23:08,1781835788,R_10,4852.44,1,0.03899999999975989,BACKFILL_AUTO
2026-06-19 02:23:10,1781835790,R_10,4852.461,1,0.021000000000640284,BACKFILL_AUTO
2026-06-19 02:23:12,1781835792,R_10,4852.557,1,0.09599999999954889,BACKFILL_AUTO
2026-06-19 02:23:14,1781835794,R_10,4852.595,1,0.03800000000046566,BACKFILL_AUTO
2026-06-19 02:23:16,1781835796,R_10,4852.614,1,0.018999999999323336,BACKFILL_AUTO
2026-06-19 02:23:18,1781835798,R_10,4852.555,-1,0.058999999999286956,BACKFILL_AUTO
2026-06-19 02:23:20,1781835800,R_10,4852.478,-1,0.07700000000022555,BACKFILL_AUTO
2026-06-19 02:23:22,1781835802,R_10,4852.576,1,0.09799999999995634,BACKFILL_AUTO
2026-06-19 02:23:24,1781835804,R_10,4852.621,1,0.04500000000007276,BACKFILL_AUTO
2026-06-19 02:23:26,1781835806,R_10,4852.928,1,0.306999999999789,BACKFILL_AUTO
2026-06-19 02:23:28,1781835808,R_10,4852.93,1,0.0020000000004074536,BACKFILL_AUTO
2026-06-19 02:23:30,1781835810,R_10,4852.887,-1,0.0430000000005748,BACKFILL_AUTO
2026-06-19 02:23:32,1781835812,R_10,4852.867,-1,0.019999999999527063,BACKFILL_AUTO
2026-06-19 02:23:34,1781835814,R_10,4852.824,-1,0.0430000000005748,BACKFILL_AUTO
2026-06-19 02:23:36,1781835816,R_10,4853.015,1,0.19100000000071304,BACKFILL_AUTO
2026-06-19 02:23:38,1781835818,R_10,4853.127,1,0.11200000000008004,BACKFILL_AUTO
2026-06-19 02:23:40,1781835820,R_10,4853.096,-1,0.031000000000858563,BACKFILL_AUTO
2026-06-19 02:23:42,1781835822,R_10,4852.841,-1,0.25499999999919964,BACKFILL_AUTO
2026-06-19 02:23:44,1781835824,R_10,4853.046,1,0.20499999999992724,BACKFILL_AUTO
2026-06-19 02:23:46,1781835826,R_10,4852.944,-1,0.10199999999986176,BACKFILL_AUTO
2026-06-19 02:23:48,1781835828,R_10,4852.929,-1,0.015000000000327418,BACKFILL_AUTO
2026-06-19 02:23:50,1781835830,R_10,4853.117,1,0.18800000000010186,BACKFILL_AUTO
2026-06-19 02:23:52,1781835832,R_10,4853.127,1,0.010000000000218279,BACKFILL_AUTO
2026-06-19 02:23:54,1781835834,R_10,4853.315,1,0.18799999999919237,BACKFILL_AUTO
2026-06-19 02:23:56,1781835836,R_10,4853.285,-1,0.02999999999974534,BACKFILL_AUTO
2026-06-19 02:23:58,1781835838,R_10,4853.239,-1,0.046000000000276486,BACKFILL_AUTO
2026-06-19 02:24:00,1781835840,R_10,4853.263,1,0.02400000000034197,BACKFILL_AUTO
2026-06-19 02:24:02,1781835842,R_10,4853.354,1,0.09100000000034925,BACKFILL_AUTO
2026-06-19 02:24:04,1781835844,R_10,4853.38,1,0.02599999999983993,BACKFILL_AUTO
2026-06-19 02:24:06,1781835846,R_10,4853.284,-1,0.09600000000045839,BACKFILL_AUTO
2026-06-19 02:24:08,1781835848,R_10,4853.374,1,0.09000000000014552,BACKFILL_AUTO
2026-06-19 02:24:10,1781835850,R_10,4853.484,1,0.11000000000058208,BACKFILL_AUTO
2026-06-19 02:24:12,1781835852,R_10,4853.326,-1,0.15800000000035652,BACKFILL_AUTO
2026-06-19 02:24:14,1781835854,R_10,4853.319,-1,0.006999999999607098,BACKFILL_AUTO
2026-06-19 02:24:16,1781835856,R_10,4853.382,1,0.06299999999919237,BACKFILL_AUTO
2026-06-19 02:24:18,1781835858,R_10,4853.266,-1,0.11599999999998545,BACKFILL_AUTO
2026-06-19 02:24:20,1781835860,R_10,4853.115,-1,0.15099999999983993,BACKFILL_AUTO
2026-06-19 02:24:22,1781835862,R_10,4852.963,-1,0.15200000000004366,BACKFILL_AUTO
2026-06-19 02:24:24,1781835864,R_10,4852.804,-1,0.15899999999965075,BACKFILL_AUTO
2026-06-19 02:24:26,1781835866,R_10,4852.801,-1,0.0029999999997016857,BACKFILL_AUTO
2026-06-19 02:24:28,1781835868,R_10,4852.773,-1,0.028000000000247383,BACKFILL_AUTO
2026-06-19 02:24:30,1781835870,R_10,4852.732,-1,0.04100000000016735,BACKFILL_AUTO
2026-06-19 02:24:32,1781835872,R_10,4852.749,1,0.016999999999825377,BACKFILL_AUTO
2026-06-19 02:24:34,1781835874,R_10,4852.757,1,0.007999999999810825,BACKFILL_AUTO
2026-06-19 02:24:36,1781835876,R_10,4852.681,-1,0.07600000000002183,BACKFILL_AUTO
2026-06-19 02:24:38,1781835878,R_10,4852.729,1,0.04800000000068394,BACKFILL_AUTO
2026-06-19 02:24:40,1781835880,R_10,4852.612,-1,0.11700000000018917,BACKFILL_AUTO
2026-06-19 02:24:42,1781835882,R_10,4852.791,1,0.1790000000000873,BACKFILL_AUTO
2026-06-19 02:24:44,1781835884,R_10,4852.806,1,0.014999999999417923,BACKFILL_AUTO
2026-06-19 02:24:46,1781835886,R_10,4852.847,1,0.04100000000016735,BACKFILL_AUTO
2026-06-19 02:24:48,1781835888,R_10,4852.719,-1,0.12799999999970169,BACKFILL_AUTO
2026-06-19 02:24:50,1781835890,R_10,4852.739,1,0.019999999999527063,BACKFILL_AUTO
2026-06-19 02:24:52,1781835892,R_10,4852.702,-1,0.03699999999935244,BACKFILL_AUTO
2026-06-19 02:24:54,1781835894,R_10,4852.629,-1,0.07300000000032014,BACKFILL_AUTO
2026-06-19 02:24:56,1781835896,R_10,4852.683,1,0.05400000000008731,BACKFILL_AUTO
2026-06-19 02:24:58,1781835898,R_10,4852.742,1,0.05900000000019645,BACKFILL_AUTO
2026-06-19 02:25:00,1781835900,R_10,4852.652,-1,0.09000000000014552,BACKFILL_AUTO
2026-06-19 02:25:02,1781835902,R_10,4852.38,-1,0.2719999999999345,BACKFILL_AUTO
2026-06-19 02:25:04,1781835904,R_10,4852.391,1,0.01099999999951251,BACKFILL_AUTO
2026-06-19 02:25:06,1781835906,R_10,4852.383,-1,0.007999999999810825,BACKFILL_AUTO
2026-06-19 02:25:08,1781835908,R_10,4852.193,-1,0.18999999999959982,BACKFILL_AUTO
2026-06-19 02:25:10,1781835910,R_10,4852.176,-1,0.016999999999825377,BACKFILL_AUTO
2026-06-19 02:25:12,1781835912,R_10,4852.058,-1,0.1180000000003929,BACKFILL_AUTO
2026-06-19 02:25:14,1781835914,R_10,4852.239,1,0.18099999999958527,BACKFILL_AUTO
2026-06-19 02:25:16,1781835916,R_10,4852.164,-1,0.0749999999998181,BACKFILL_AUTO
2026-06-19 02:25:18,1781835918,R_10,4852.349,1,0.18500000000040018,BACKFILL_AUTO
2026-06-19 02:25:20,1781835920,R_10,4852.245,-1,0.10400000000026921,BACKFILL_AUTO
2026-06-19 02:25:22,1781835922,R_10,4852.341,1,0.09600000000045839,BACKFILL_AUTO
2026-06-19 02:25:24,1781835924,R_10,4852.338,-1,0.0030000000006111804,BACKFILL_AUTO
2026-06-19 02:25:26,1781835926,R_10,4852.527,1,0.1890000000003056,BACKFILL_AUTO
2026-06-19 02:25:28,1781835928,R_10,4852.63,1,0.10300000000006548,BACKFILL_AUTO
2026-06-19 02:25:30,1781835930,R_10,4852.811,1,0.18099999999958527,BACKFILL_AUTO
2026-06-19 02:25:32,1781835932,R_10,4852.739,-1,0.07200000000011642,BACKFILL_AUTO
2026-06-19 02:25:34,1781835934,R_10,4852.809,1,0.07000000000061846,BACKFILL_AUTO
2026-06-19 02:25:36,1781835936,R_10,4852.812,1,0.0029999999997016857,BACKFILL_AUTO
2026-06-19 02:25:38,1781835938,R_10,4852.691,-1,0.12100000000009459,BACKFILL_AUTO
2026-06-19 02:25:40,1781835940,R_10,4852.64,-1,0.05099999999947613,BACKFILL_AUTO
2026-06-19 02:25:42,1781835942,R_10,4852.755,1,0.11499999999978172,BACKFILL_AUTO
2026-06-19 02:25:44,1781835944,R_10,4852.514,-1,0.24099999999998545,BACKFILL_AUTO
2026-06-19 02:25:46,1781835946,R_10,4852.396,-1,0.1180000000003929,BACKFILL_AUTO
2026-06-19 02:25:48,1781835948,R_10,4852.317,-1,0.07899999999972351,BACKFILL_AUTO
2026-06-19 02:25:50,1781835950,R_10,4852.286,-1,0.03099999999994907,BACKFILL_AUTO
2026-06-19 02:25:52,1781835952,R_10,4852.323,1,0.037000000000261934,BACKFILL_AUTO
2026-06-19 02:25:54,1781835954,R_10,4852.427,1,0.10399999999935972,BACKFILL_AUTO
2026-06-19 02:25:56,1781835956,R_10,4852.265,-1,0.16199999999935244,BACKFILL_AUTO
2026-06-19 02:25:58,1781835958,R_10,4852.215,-1,0.0500000000001819,BACKFILL_AUTO
2026-06-19 02:26:00,1781835960,R_10,4851.909,-1,0.30600000000049477,BACKFILL_AUTO
2026-06-19 02:26:02,1781835962,R_10,4851.683,-1,0.22599999999965803,BACKFILL_AUTO
2026-06-19 02:26:04,1781835964,R_10,4851.72,1,0.037000000000261934,BACKFILL_AUTO
2026-06-19 02:26:06,1781835966,R_10,4851.86,1,0.13999999999941792,BACKFILL_AUTO
2026-06-19 02:26:08,1781835968,R_10,4851.49,-1,0.36999999999989086,BACKFILL_AUTO
2026-06-19 02:26:10,1781835970,R_10,4851.501,1,0.011000000000422006,BACKFILL_AUTO
2026-06-19 02:26:12,1781835972,R_10,4851.697,1,0.1959999999999127,BACKFILL_AUTO
2026-06-19 02:26:14,1781835974,R_10,4851.658,-1,0.03899999999975989,BACKFILL_AUTO
2026-06-19 02:26:16,1781835976,R_10,4851.801,1,0.1430000000000291,BACKFILL_AUTO
2026-06-19 02:26:18,1781835978,R_10,4851.926,1,0.125,BACKFILL_AUTO
2026-06-19 02:26:20,1781835980,R_10,4851.76,-1,0.16600000000016735,BACKFILL_AUTO
2026-06-19 02:26:22,1781835982,R_10,4851.548,-1,0.21200000000044383,BACKFILL_AUTO
2026-06-19 02:26:24,1781835984,R_10,4851.555,1,0.007000000000516593,BACKFILL_AUTO
2026-06-19 02:26:26,1781835986,R_10,4851.51,-1,0.04500000000007276,BACKFILL_AUTO
2026-06-19 02:26:28,1781835988,R_10,4851.639,1,0.1289999999999054,BACKFILL_AUTO
2026-06-19 02:26:30,1781835990,R_10,4851.804,1,0.16499999999996362,BACKFILL_AUTO
2026-06-19 02:26:32,1781835992,R_10,4851.985,1,0.18099999999958527,BACKFILL_AUTO
2026-06-19 02:26:34,1781835994,R_10,4851.889,-1,0.09599999999954889,BACKFILL_AUTO
2026-06-19 02:26:36,1781835996,R_10,4851.866,-1,0.023000000000138243,BACKFILL_AUTO
2026-06-19 02:26:38,1781835998,R_10,4851.886,1,0.020000000000436557,BACKFILL_AUTO
2026-06-19 02:26:40,1781836000,R_10,4851.978,1,0.09199999999964348,BACKFILL_AUTO
2026-06-19 02:26:42,1781836002,R_10,4851.866,-1,0.11200000000008004,BACKFILL_AUTO
2026-06-19 02:26:44,1781836004,R_10,4852.0,1,0.13400000000001455,BACKFILL_AUTO
2026-06-19 02:26:46,1781836006,R_10,4851.891,-1,0.10900000000037835,BACKFILL_AUTO
2026-06-19 02:26:48,1781836008,R_10,4851.958,1,0.06700000000000728,BACKFILL_AUTO
2026-06-19 02:26:50,1781836010,R_10,4851.976,1,0.018000000000029104,BACKFILL_AUTO
2026-06-19 02:26:52,1781836012,R_10,4851.914,-1,0.06199999999989814,BACKFILL_AUTO
2026-06-19 02:26:54,1781836014,R_10,4851.834,-1,0.07999999999992724,BACKFILL_AUTO
2026-06-19 02:26:56,1781836016,R_10,4851.804,-1,0.02999999999974534,BACKFILL_AUTO
2026-06-19 02:26:58,1781836018,R_10,4851.921,1,0.11700000000018917,BACKFILL_AUTO
2026-06-19 02:27:00,1781836020,R_10,4851.703,-1,0.2179999999998472,BACKFILL_AUTO
2026-06-19 02:27:02,1781836022,R_10,4851.386,-1,0.3170000000000073,BACKFILL_AUTO
2026-06-19 02:27:04,1781836024,R_10,4851.429,1,0.042999999999665306,BACKFILL_AUTO
2026-06-19 02:27:06,1781836026,R_10,4851.443,1,0.014000000000123691,BACKFILL_AUTO
2026-06-19 02:27:08,1781836028,R_10,4851.264,-1,0.1790000000000873,BACKFILL_AUTO
2026-06-19 02:27:10,1781836030,R_10,4851.303,1,0.03899999999975989,BACKFILL_AUTO
2026-06-19 02:27:12,1781836032,R_10,4851.136,-1,0.16699999999946158,BACKFILL_AUTO
2026-06-19 02:27:14,1781836034,R_10,4850.932,-1,0.204000000000633,BACKFILL_AUTO
2026-06-19 02:27:16,1781836036,R_10,4850.805,-1,0.12699999999949796,BACKFILL_AUTO
2026-06-19 02:27:18,1781836038,R_10,4850.746,-1,0.05900000000019645,BACKFILL_AUTO
2026-06-19 02:27:20,1781836040,R_10,4850.743,-1,0.0029999999997016857,BACKFILL_AUTO
2026-06-19 02:27:22,1781836042,R_10,4850.846,1,0.10299999999915599,BACKFILL_AUTO
2026-06-19 02:27:24,1781836044,R_10,4850.609,-1,0.23699999999917054,BACKFILL_AUTO
2026-06-19 02:27:26,1781836046,R_10,4850.683,1,0.07399999999961437,BACKFILL_AUTO
2026-06-19 02:27:28,1781836048,R_10,4850.582,-1,0.10099999999965803,BACKFILL_AUTO
2026-06-19 02:27:30,1781836050,R_10,4850.522,-1,0.06000000000040018,BACKFILL_AUTO
2026-06-19 02:27:32,1781836052,R_10,4850.735,1,0.21299999999973807,BACKFILL_AUTO
2026-06-19 02:27:34,1781836054,R_10,4850.592,-1,0.1430000000000291,BACKFILL_AUTO
2026-06-19 02:27:36,1781836056,R_10,4850.497,-1,0.09499999999934516,BACKFILL_AUTO
2026-06-19 02:27:38,1781836058,R_10,4850.417,-1,0.07999999999992724,BACKFILL_AUTO
2026-06-19 02:27:40,1781836060,R_10,4850.672,1,0.25499999999919964,BACKFILL_AUTO
2026-06-19 02:27:42,1781836062,R_10,4850.668,-1,0.0039999999999054126,BACKFILL_AUTO
2026-06-19 02:27:44,1781836064,R_10,4850.718,1,0.0500000000001819,BACKFILL_AUTO
2026-06-19 02:27:46,1781836066,R_10,4850.505,-1,0.21299999999973807,BACKFILL_AUTO
2026-06-19 02:27:48,1781836068,R_10,4850.626,1,0.12100000000009459,BACKFILL_AUTO
2026-06-19 02:27:50,1781836070,R_10,4850.732,1,0.10599999999976717,BACKFILL_AUTO
2026-06-19 02:27:52,1781836072,R_10,4850.648,-1,0.08399999999983265,BACKFILL_AUTO
2026-06-19 02:27:54,1781836074,R_10,4850.741,1,0.0929999999998472,BACKFILL_AUTO
2026-06-19 02:27:56,1781836076,R_10,4850.689,-1,0.05199999999967986,BACKFILL_AUTO
2026-06-19 02:27:58,1781836078,R_10,4850.64,-1,0.04899999999997817,BACKFILL_AUTO
2026-06-19 02:28:00,1781836080,R_10,4850.668,1,0.027999999999337888,BACKFILL_AUTO
2026-06-19 02:28:02,1781836082,R_10,4850.55,-1,0.11799999999948341,BACKFILL_AUTO
2026-06-19 02:28:04,1781836084,R_10,4850.376,-1,0.17399999999997817,BACKFILL_AUTO
2026-06-19 02:28:06,1781836086,R_10,4850.19,-1,0.1860000000006039,BACKFILL_AUTO
2026-06-19 02:28:08,1781836088,R_10,4850.228,1,0.03800000000046566,BACKFILL_AUTO
2026-06-19 02:28:10,1781836090,R_10,4850.322,1,0.09400000000005093,BACKFILL_AUTO
2026-06-19 02:28:12,1781836092,R_10,4850.467,1,0.14499999999952706,BACKFILL_AUTO
2026-06-19 02:28:14,1781836094,R_10,4850.71,1,0.2430000000003929,BACKFILL_AUTO
2026-06-19 02:28:16,1781836096,R_10,4850.8,1,0.09000000000014552,BACKFILL_AUTO
2026-06-19 02:28:18,1781836098,R_10,4850.868,1,0.068000000000211,BACKFILL_AUTO
2026-06-19 02:28:20,1781836100,R_10,4850.798,-1,0.07000000000061846,BACKFILL_AUTO
2026-06-19 02:28:22,1781836102,R_10,4850.842,1,0.04399999999986903,BACKFILL_AUTO
2026-06-19 02:28:24,1781836104,R_10,4850.742,-1,0.0999999999994543,BACKFILL_AUTO
2026-06-19 02:28:26,1781836106,R_10,4850.536,-1,0.20600000000013097,BACKFILL_AUTO
2026-06-19 02:28:28,1781836108,R_10,4850.615,1,0.07899999999972351,BACKFILL_AUTO
2026-06-19 02:28:30,1781836110,R_10,4850.751,1,0.136000000000422,BACKFILL_AUTO
2026-06-19 02:28:32,1781836112,R_10,4850.622,-1,0.1289999999999054,BACKFILL_AUTO
2026-06-19 02:28:34,1781836114,R_10,4850.597,-1,0.025000000000545697,BACKFILL_AUTO
2026-06-19 02:28:36,1781836116,R_10,4850.607,1,0.010000000000218279,BACKFILL_AUTO
2026-06-19 02:28:38,1781836118,R_10,4850.158,-1,0.4489999999996144,BACKFILL_AUTO
2026-06-19 02:28:40,1781836120,R_10,4850.575,1,0.4169999999994616,BACKFILL_AUTO
2026-06-19 02:28:42,1781836122,R_10,4850.516,-1,0.05900000000019645,BACKFILL_AUTO
2026-06-19 02:28:44,1781836124,R_10,4850.547,1,0.03099999999994907,BACKFILL_AUTO
2026-06-19 02:28:46,1781836126,R_10,4850.577,1,0.030000000000654836,BACKFILL_AUTO
2026-06-19 02:28:48,1781836128,R_10,4850.621,1,0.04399999999986903,BACKFILL_AUTO
2026-06-19 02:28:50,1781836130,R_10,4850.726,1,0.10499999999956344,BACKFILL_AUTO
2026-06-19 02:28:52,1781836132,R_10,4850.708,-1,0.018000000000029104,BACKFILL_AUTO
2026-06-19 02:28:54,1781836134,R_10,4850.816,1,0.10800000000017462,BACKFILL_AUTO
2026-06-19 02:28:56,1781836136,R_10,4850.665,-1,0.15099999999983993,BACKFILL_AUTO
2026-06-19 02:28:58,1781836138,R_10,4850.57,-1,0.09500000000025466,BACKFILL_AUTO
2026-06-19 02:29:00,1781836140,R_10,4850.309,-1,0.2609999999995125,BACKFILL_AUTO
2026-06-19 02:29:02,1781836142,R_10,4850.261,-1,0.047999999999774445,BACKFILL_AUTO
2026-06-19 02:29:04,1781836144,R_10,4850.209,-1,0.05200000000058935,BACKFILL_AUTO
2026-06-19 02:29:06,1781836146,R_10,4850.148,-1,0.06099999999969441,BACKFILL_AUTO
2026-06-19 02:29:08,1781836148,R_10,4850.158,1,0.010000000000218279,BACKFILL_AUTO
2026-06-19 02:29:10,1781836150,R_10,4850.112,-1,0.046000000000276486,BACKFILL_AUTO
2026-06-19 02:29:12,1781836152,R_10,4850.202,1,0.09000000000014552,BACKFILL_AUTO
2026-06-19 02:29:14,1781836154,R_10,4850.288,1,0.08599999999933061,BACKFILL_AUTO
2026-06-19 02:29:16,1781836156,R_10,4850.474,1,0.1860000000006039,BACKFILL_AUTO
2026-06-19 02:29:18,1781836158,R_10,4850.293,-1,0.18100000000049477,BACKFILL_AUTO
2026-06-19 02:29:20,1781836160,R_10,4850.417,1,0.12400000000070577,BACKFILL_AUTO
2026-06-19 02:29:22,1781836162,R_10,4850.38,-1,0.037000000000261934,BACKFILL_AUTO
2026-06-19 02:29:24,1781836164,R_10,4850.33,-1,0.0500000000001819,BACKFILL_AUTO
2026-06-19 02:29:26,1781836166,R_10,4850.44,1,0.10999999999967258,BACKFILL_AUTO
2026-06-19 02:29:28,1781836168,R_10,4850.378,-1,0.06199999999989814,BACKFILL_AUTO
2026-06-19 02:29:30,1781836170,R_10,4850.374,-1,0.0039999999999054126,BACKFILL_AUTO
2026-06-19 02:29:32,1781836172,R_10,4850.2,-1,0.17399999999997817,BACKFILL_AUTO
2026-06-19 02:29:34,1781836174,R_10,4850.094,-1,0.10599999999976717,BACKFILL_AUTO
2026-06-19 02:29:36,1781836176,R_10,4850.105,1,0.01099999999951251,BACKFILL_AUTO
2026-06-19 02:29:38,1781836178,R_10,4850.09,-1,0.014999999999417923,BACKFILL_AUTO
2026-06-19 02:29:40,1781836180,R_10,4850.08,-1,0.010000000000218279,BACKFILL_AUTO
2026-06-19 02:29:42,1781836182,R_10,4850.227,1,0.14699999999993452,BACKFILL_AUTO
2026-06-19 02:29:44,1781836184,R_10,4850.16,-1,0.06700000000000728,BACKFILL_AUTO
2026-06-19 02:29:46,1781836186,R_10,4850.071,-1,0.08899999999994179,BACKFILL_AUTO
2026-06-19 02:29:48,1781836188,R_10,4850.061,-1,0.010000000000218279,BACKFILL_AUTO
2026-06-19 02:29:50,1781836190,R_10,4849.989,-1,0.07200000000011642,BACKFILL_AUTO
2026-06-19 02:29:52,1781836192,R_10,4850.089,1,0.1000000000003638,BACKFILL_AUTO
2026-06-19 02:29:54,1781836194,R_10,4850.14,1,0.051000000000385626,BACKFILL_AUTO
2026-06-19 02:29:56,1781836196,R_10,4849.931,-1,0.20900000000074215,BACKFILL_AUTO
2026-06-19 02:29:58,1781836198,R_10,4849.826,-1,0.10499999999956344,BACKFILL_AUTO
2026-06-19 02:30:00,1781836200,R_10,4849.914,1,0.08799999999973807,BACKFILL_AUTO
2026-06-19 02:30:02,1781836202,R_10,4850.011,1,0.09700000000066211,BACKFILL_AUTO
2026-06-19 02:30:04,1781836204,R_10,4849.95,-1,0.061000000000603904,BACKFILL_AUTO
2026-06-19 02:30:06,1781836206,R_10,4850.074,1,0.12399999999979627,BACKFILL_AUTO
2026-06-19 02:30:08,1781836208,R_10,4850.054,-1,0.019999999999527063,BACKFILL_AUTO
2026-06-19 02:30:10,1781836210,R_10,4849.983,-1,0.07099999999991269,BACKFILL_AUTO
2026-06-19 02:30:12,1781836212,R_10,4849.834,-1,0.14900000000034197,BACKFILL_AUTO
2026-06-19 02:30:14,1781836214,R_10,4850.04,1,0.20600000000013097,BACKFILL_AUTO
2026-06-19 02:30:16,1781836216,R_10,4850.118,1,0.07800000000042928,BACKFILL_AUTO
2026-06-19 02:30:18,1781836218,R_10,4850.103,-1,0.015000000000327418,BACKFILL_AUTO
2026-06-19 02:30:20,1781836220,R_10,4849.944,-1,0.15899999999965075,BACKFILL_AUTO
2026-06-19 02:30:22,1781836222,R_10,4850.006,1,0.06199999999989814,BACKFILL_AUTO
2026-06-19 02:30:24,1781836224,R_10,4850.145,1,0.1390000000001237,BACKFILL_AUTO
2026-06-19 02:30:26,1781836226,R_10,4850.109,-1,0.03600000000005821,BACKFILL_AUTO
2026-06-19 02:30:28,1781836228,R_10,4849.94,-1,0.16900000000077853,BACKFILL_AUTO
2026-06-19 02:30:30,1781836230,R_10,4849.876,-1,0.0639999999993961,BACKFILL_AUTO
2026-06-19 02:30:32,1781836232,R_10,4850.021,1,0.14499999999952706,BACKFILL_AUTO
2026-06-19 02:30:34,1781836234,R_10,4849.953,-1,0.06799999999930151,BACKFILL_AUTO
2026-06-19 02:30:36,1781836236,R_10,4849.942,-1,0.011000000000422006,BACKFILL_AUTO
2026-06-19 02:30:38,1781836238,R_10,4850.03,1,0.08799999999973807,BACKFILL_AUTO
2026-06-19 02:30:40,1781836240,R_10,4850.05,1,0.020000000000436557,BACKFILL_AUTO
2026-06-19 02:30:42,1781836242,R_10,4849.869,-1,0.18100000000049477,BACKFILL_AUTO
2026-06-19 02:30:44,1781836244,R_10,4849.931,1,0.06199999999989814,BACKFILL_AUTO
2026-06-19 02:30:46,1781836246,R_10,4849.891,-1,0.03999999999996362,BACKFILL_AUTO
2026-06-19 02:30:48,1781836248,R_10,4849.748,-1,0.1430000000000291,BACKFILL_AUTO
2026-06-19 02:30:50,1781836250,R_10,4849.679,-1,0.06899999999950523,BACKFILL_AUTO
2026-06-19 02:30:52,1781836252,R_10,4849.902,1,0.22299999999995634,BACKFILL_AUTO
2026-06-19 02:30:54,1781836254,R_10,4850.081,1,0.1790000000000873,BACKFILL_AUTO
2026-06-19 02:30:56,1781836256,R_10,4850.174,1,0.0929999999998472,BACKFILL_AUTO
2026-06-19 02:30:58,1781836258,R_10,4850.48,1,0.30599999999958527,BACKFILL_AUTO
2026-06-19 02:31:00,1781836260,R_10,4850.572,1,0.09200000000055297,BACKFILL_AUTO
2026-06-19 02:31:02,1781836262,R_10,4850.555,-1,0.016999999999825377,BACKFILL_AUTO
2026-06-19 02:31:04,1781836264,R_10,4850.574,1,0.018999999999323336,BACKFILL_AUTO
2026-06-19 02:31:06,1781836266,R_10,4850.491,-1,0.08299999999962893,BACKFILL_AUTO
2026-06-19 02:31:08,1781836268,R_10,4850.529,1,0.03800000000046566,BACKFILL_AUTO
2026-06-19 02:31:10,1781836270,R_10,4850.593,1,0.0639999999993961,BACKFILL_AUTO
2026-06-19 02:31:12,1781836272,R_10,4850.585,-1,0.007999999999810825,BACKFILL_AUTO
2026-06-19 02:31:14,1781836274,R_10,4850.538,-1,0.04700000000048021,BACKFILL_AUTO
2026-06-19 02:31:16,1781836276,R_10,4850.586,1,0.04800000000068394,BACKFILL_AUTO
2026-06-19 02:31:18,1781836278,R_10,4850.633,1,0.04699999999957072,BACKFILL_AUTO
2026-06-19 02:31:20,1781836280,R_10,4850.528,-1,0.10499999999956344,BACKFILL_AUTO
2026-06-19 02:31:22,1781836282,R_10,4850.708,1,0.17999999999938154,BACKFILL_AUTO
2026-06-19 02:31:24,1781836284,R_10,4850.838,1,0.13000000000010914,BACKFILL_AUTO
2026-06-19 02:31:26,1781836286,R_10,4850.491,-1,0.3469999999997526,BACKFILL_AUTO
2026-06-19 02:31:28,1781836288,R_10,4850.573,1,0.0820000000003347,BACKFILL_AUTO
2026-06-19 02:31:30,1781836290,R_10,4850.592,1,0.018999999999323336,BACKFILL_AUTO
2026-06-19 02:31:32,1781836292,R_10,4850.658,1,0.06600000000071304,BACKFILL_AUTO
2026-06-19 02:31:34,1781836294,R_10,4850.611,-1,0.04700000000048021,BACKFILL_AUTO
2026-06-19 02:31:36,1781836296,R_10,4850.584,-1,0.027000000000043656,BACKFILL_AUTO
2026-06-19 02:31:38,1781836298,R_10,4850.268,-1,0.31599999999980355,BACKFILL_AUTO
2026-06-19 02:31:40,1781836300,R_10,4850.234,-1,0.033999999999650754,BACKFILL_AUTO
2026-06-19 02:31:42,1781836302,R_10,4850.144,-1,0.09000000000014552,BACKFILL_AUTO
2026-06-19 02:31:44,1781836304,R_10,4850.217,1,0.07299999999941065,BACKFILL_AUTO
2026-06-19 02:31:46,1781836306,R_10,4850.225,1,0.00800000000072032,BACKFILL_AUTO
2026-06-19 02:31:48,1781836308,R_10,4850.359,1,0.13400000000001455,BACKFILL_AUTO
2026-06-19 02:31:50,1781836310,R_10,4850.308,-1,0.051000000000385626,BACKFILL_AUTO
2026-06-19 02:31:52,1781836312,R_10,4850.376,1,0.068000000000211,BACKFILL_AUTO
2026-06-19 02:31:54,1781836314,R_10,4850.241,-1,0.13500000000021828,BACKFILL_AUTO
2026-06-19 02:31:56,1781836316,R_10,4850.076,-1,0.16499999999996362,BACKFILL_AUTO
2026-06-19 02:31:58,1781836318,R_10,4849.894,-1,0.181999999999789,BACKFILL_AUTO
2026-06-19 02:32:00,1781836320,R_10,4849.957,1,0.06300000000010186,BACKFILL_AUTO
2026-06-19 02:32:02,1781836322,R_10,4850.094,1,0.13699999999971624,BACKFILL_AUTO
2026-06-19 02:32:04,1781836324,R_10,4850.178,1,0.08399999999983265,BACKFILL_AUTO
2026-06-19 02:32:06,1781836326,R_10,4850.252,1,0.07400000000052387,BACKFILL_AUTO
2026-06-19 02:32:08,1781836328,R_10,4850.198,-1,0.05400000000008731,BACKFILL_AUTO
2026-06-19 02:32:10,1781836330,R_10,4850.137,-1,0.061000000000603904,BACKFILL_AUTO
2026-06-19 02:32:12,1781836332,R_10,4849.948,-1,0.1889999999993961,BACKFILL_AUTO
2026-06-19 02:32:14,1781836334,R_10,4850.126,1,0.17799999999988358,BACKFILL_AUTO
2026-06-19 02:32:16,1781836336,R_10,4850.354,1,0.22800000000006548,BACKFILL_AUTO
2026-06-19 02:32:18,1781836338,R_10,4850.359,1,0.005000000000109139,BACKFILL_AUTO
2026-06-19 02:32:20,1781836340,R_10,4850.115,-1,0.24400000000059663,BACKFILL_AUTO
2026-06-19 02:32:22,1781836342,R_10,4850.203,1,0.08800000000064756,BACKFILL_AUTO
2026-06-19 02:32:24,1781836344,R_10,4850.08,-1,0.12300000000050204,BACKFILL_AUTO
2026-06-19 02:32:26,1781836346,R_10,4849.866,-1,0.2139999999999418,BACKFILL_AUTO
2026-06-19 02:32:28,1781836348,R_10,4849.801,-1,0.06499999999959982,BACKFILL_AUTO
2026-06-19 02:32:30,1781836350,R_10,4849.854,1,0.052999999999883585,BACKFILL_AUTO
2026-06-19 02:32:32,1781836352,R_10,4849.727,-1,0.12700000000040745,BACKFILL_AUTO
2026-06-19 02:32:34,1781836354,R_10,4849.819,1,0.09200000000055297,BACKFILL_AUTO
2026-06-19 02:32:36,1781836356,R_10,4849.713,-1,0.10600000000067666,BACKFILL_AUTO
2026-06-19 02:32:38,1781836358,R_10,4850.026,1,0.31300000000010186,BACKFILL_AUTO
2026-06-19 02:32:40,1781836360,R_10,4849.882,-1,0.14400000000023283,BACKFILL_AUTO
2026-06-19 02:32:42,1781836362,R_10,4849.851,-1,0.03099999999994907,BACKFILL_AUTO
2026-06-19 02:32:44,1781836364,R_10,4850.036,1,0.18500000000040018,BACKFILL_AUTO
2026-06-19 02:32:46,1781836366,R_10,4849.971,-1,0.06500000000050932,BACKFILL_AUTO
2026-06-19 02:32:48,1781836368,R_10,4850.026,1,0.05500000000029104,BACKFILL_AUTO
2026-06-19 02:32:50,1781836370,R_10,4850.093,1,0.06700000000000728,BACKFILL_AUTO
2026-06-19 02:32:52,1781836372,R_10,4850.12,1,0.027000000000043656,BACKFILL_AUTO
2026-06-19 02:32:54,1781836374,R_10,4849.936,-1,0.18400000000019645,BACKFILL_AUTO
2026-06-19 02:32:56,1781836376,R_10,4850.192,1,0.25600000000031287,BACKFILL_AUTO
2026-06-19 02:32:58,1781836378,R_10,4850.236,1,0.04399999999986903,BACKFILL_AUTO
2026-06-19 02:33:00,1781836380,R_10,4850.403,1,0.16700000000037107,BACKFILL_AUTO
2026-06-19 02:33:02,1781836382,R_10,4850.4,-1,0.0030000000006111804,BACKFILL_AUTO
2026-06-19 02:33:04,1781836384,R_10,4850.295,-1,0.10499999999956344,BACKFILL_AUTO
2026-06-19 02:33:06,1781836386,R_10,4850.204,-1,0.09100000000034925,BACKFILL_AUTO
2026-06-19 02:33:08,1781836388,R_10,4850.351,1,0.14699999999993452,BACKFILL_AUTO
2026-06-19 02:33:10,1781836390,R_10,4850.19,-1,0.1610000000000582,BACKFILL_AUTO
2026-06-19 02:33:12,1781836392,R_10,4850.043,-1,0.14699999999993452,BACKFILL_AUTO
2026-06-19 02:33:14,1781836394,R_10,4850.282,1,0.2390000000004875,BACKFILL_AUTO
2026-06-19 02:33:16,1781836396,R_10,4850.333,1,0.05099999999947613,BACKFILL_AUTO
2026-06-19 02:33:18,1781836398,R_10,4850.203,-1,0.12999999999919964,BACKFILL_AUTO
2026-06-19 02:33:20,1781836400,R_10,4850.192,-1,0.011000000000422006,BACKFILL_AUTO
2026-06-19 02:33:22,1781836402,R_10,4850.145,-1,0.04699999999957072,BACKFILL_AUTO
2026-06-19 02:33:24,1781836404,R_10,4850.249,1,0.10399999999935972,BACKFILL_AUTO
2026-06-19 02:33:26,1781836406,R_10,4850.311,1,0.06199999999989814,BACKFILL_AUTO
2026-06-19 02:33:28,1781836408,R_10,4850.286,-1,0.024999999999636202,BACKFILL_AUTO
2026-06-19 02:33:30,1781836410,R_10,4850.157,-1,0.1289999999999054,BACKFILL_AUTO
2026-06-19 02:33:32,1781836412,R_10,4850.306,1,0.14899999999943248,BACKFILL_AUTO
2026-06-19 02:33:34,1781836414,R_10,4850.14,-1,0.16599999999925785,BACKFILL_AUTO
2026-06-19 02:33:36,1781836416,R_10,4850.241,1,0.10099999999965803,BACKFILL_AUTO
2026-06-19 02:33:38,1781836418,R_10,4850.155,-1,0.0860000000002401,BACKFILL_AUTO
2026-06-19 02:33:40,1781836420,R_10,4850.278,1,0.12300000000050204,BACKFILL_AUTO
2026-06-19 02:33:42,1781836422,R_10,4850.273,-1,0.005000000000109139,BACKFILL_AUTO
2026-06-19 02:33:44,1781836424,R_10,4850.494,1,0.2209999999995489,BACKFILL_AUTO
2026-06-19 02:33:46,1781836426,R_10,4850.426,-1,0.06799999999930151,BACKFILL_AUTO
2026-06-19 02:33:48,1781836428,R_10,4850.202,-1,0.22400000000016007,BACKFILL_AUTO
2026-06-19 02:33:50,1781836430,R_10,4850.08,-1,0.12200000000029831,BACKFILL_AUTO
2026-06-19 02:33:52,1781836432,R_10,4850.135,1,0.05500000000029104,BACKFILL_AUTO
2026-06-19 02:33:54,1781836434,R_10,4850.12,-1,0.015000000000327418,BACKFILL_AUTO
2026-06-19 02:33:56,1781836436,R_10,4850.263,1,0.1430000000000291,BACKFILL_AUTO
2026-06-19 02:33:58,1781836438,R_10,4850.415,1,0.15200000000004366,BACKFILL_AUTO
2026-06-19 02:34:00,1781836440,R_10,4850.468,1,0.052999999999883585,BACKFILL_AUTO
2026-06-19 02:34:02,1781836442,R_10,4850.45,-1,0.018000000000029104,BACKFILL_AUTO
2026-06-19 02:34:04,1781836444,R_10,4850.308,-1,0.14199999999982538,BACKFILL_AUTO
2026-06-19 02:34:06,1781836446,R_10,4850.212,-1,0.09599999999954889,BACKFILL_AUTO
2026-06-19 02:34:08,1781836448,R_10,4850.296,1,0.08399999999983265,BACKFILL_AUTO
2026-06-19 02:34:10,1781836450,R_10,4850.328,1,0.032000000000152795,BACKFILL_AUTO
2026-06-19 02:34:12,1781836452,R_10,4850.247,-1,0.08100000000013097,BACKFILL_AUTO
2026-06-19 02:34:14,1781836454,R_10,4850.271,1,0.023999999999432475,BACKFILL_AUTO
2026-06-19 02:34:16,1781836456,R_10,4850.434,1,0.16300000000046566,BACKFILL_AUTO
2026-06-19 02:34:18,1781836458,R_10,4850.347,-1,0.08700000000044383,BACKFILL_AUTO
2026-06-19 02:34:20,1781836460,R_10,4850.174,-1,0.17299999999977445,BACKFILL_AUTO
2026-06-19 02:34:22,1781836462,R_10,4850.344,1,0.17000000000007276,BACKFILL_AUTO
2026-06-19 02:34:24,1781836464,R_10,4850.505,1,0.1610000000000582,BACKFILL_AUTO
2026-06-19 02:34:26,1781836466,R_10,4850.506,1,0.0010000000002037268,BACKFILL_AUTO
2026-06-19 02:34:28,1781836468,R_10,4850.547,1,0.04099999999925785,BACKFILL_AUTO
2026-06-19 02:34:30,1781836470,R_10,4850.405,-1,0.14199999999982538,BACKFILL_AUTO
2026-06-19 02:34:32,1781836472,R_10,4850.326,-1,0.07899999999972351,BACKFILL_AUTO
2026-06-19 02:34:34,1781836474,R_10,4850.433,1,0.1069999999999709,BACKFILL_AUTO
2026-06-19 02:34:36,1781836476,R_10,4850.429,-1,0.0039999999999054126,BACKFILL_AUTO
2026-06-19 02:34:38,1781836478,R_10,4850.353,-1,0.07600000000002183,BACKFILL_AUTO
2026-06-19 02:34:40,1781836480,R_10,4850.3,-1,0.052999999999883585,BACKFILL_AUTO
2026-06-19 02:34:42,1781836482,R_10,4850.271,-1,0.02900000000045111,BACKFILL_AUTO
2026-06-19 02:34:44,1781836484,R_10,4850.205,-1,0.06599999999980355,BACKFILL_AUTO
2026-06-19 02:34:46,1781836486,R_10,4850.094,-1,0.11099999999987631,BACKFILL_AUTO
2026-06-19 02:34:48,1781836488,R_10,4850.185,1,0.09100000000034925,BACKFILL_AUTO
2026-06-19 02:34:50,1781836490,R_10,4849.959,-1,0.22600000000056752,BACKFILL_AUTO
2026-06-19 02:34:52,1781836492,R_10,4850.206,1,0.24700000000029831,BACKFILL_AUTO
2026-06-19 02:34:54,1781836494,R_10,4850.187,-1,0.01900000000023283,BACKFILL_AUTO
2026-06-19 02:34:56,1781836496,R_10,4850.2,1,0.012999999999919964,BACKFILL_AUTO
2026-06-19 02:34:58,1781836498,R_10,4850.194,-1,0.0059999999994033715,BACKFILL_AUTO
2026-06-19 02:35:00,1781836500,R_10,4850.308,1,0.113999999999578,BACKFILL_AUTO
2026-06-19 02:35:02,1781836502,R_10,4850.356,1,0.047999999999774445,BACKFILL_AUTO
2026-06-19 02:35:04,1781836504,R_10,4850.211,-1,0.14499999999952706,BACKFILL_AUTO
2026-06-19 02:35:06,1781836506,R_10,4850.055,-1,0.15599999999994907,BACKFILL_AUTO
2026-06-19 02:35:08,1781836508,R_10,4850.039,-1,0.016000000000531145,BACKFILL_AUTO
2026-06-19 02:35:10,1781836510,R_10,4850.094,1,0.05500000000029104,BACKFILL_AUTO
2026-06-19 02:35:12,1781836512,R_10,4849.89,-1,0.2039999999997235,BACKFILL_AUTO
2026-06-19 02:35:14,1781836514,R_10,4849.876,-1,0.014000000000123691,BACKFILL_AUTO
2026-06-19 02:35:16,1781836516,R_10,4849.732,-1,0.14400000000023283,BACKFILL_AUTO
2026-06-19 02:35:18,1781836518,R_10,4849.843,1,0.11099999999987631,BACKFILL_AUTO
2026-06-19 02:35:20,1781836520,R_10,4849.909,1,0.06599999999980355,BACKFILL_AUTO
2026-06-19 02:35:22,1781836522,R_10,4849.676,-1,0.23299999999926513,BACKFILL_AUTO
2026-06-19 02:35:24,1781836524,R_10,4849.552,-1,0.12400000000070577,BACKFILL_AUTO
2026-06-19 02:35:26,1781836526,R_10,4849.689,1,0.13700000000062573,BACKFILL_AUTO
2026-06-19 02:35:28,1781836528,R_10,4849.813,1,0.12399999999979627,BACKFILL_AUTO
2026-06-19 02:35:30,1781836530,R_10,4849.872,1,0.05900000000019645,BACKFILL_AUTO
2026-06-19 02:35:32,1781836532,R_10,4849.842,-1,0.030000000000654836,BACKFILL_AUTO
2026-06-19 02:35:34,1781836534,R_10,4849.81,-1,0.0319999999992433,BACKFILL_AUTO
2026-06-19 02:35:36,1781836536,R_10,4849.796,-1,0.014000000000123691,BACKFILL_AUTO
2026-06-19 02:35:38,1781836538,R_10,4849.792,-1,0.0039999999999054126,BACKFILL_AUTO
2026-06-19 02:35:40,1781836540,R_10,4849.73,-1,0.06200000000080763,BACKFILL_AUTO
2026-06-19 02:35:42,1781836542,R_10,4849.676,-1,0.05399999999917782,BACKFILL_AUTO
2026-06-19 02:35:44,1781836544,R_10,4849.606,-1,0.07000000000061846,BACKFILL_AUTO
2026-06-19 02:35:46,1781836546,R_10,4849.606,0,0.0,BACKFILL_AUTO
2026-06-19 02:35:48,1781836548,R_10,4849.533,-1,0.07299999999941065,BACKFILL_AUTO
2026-06-19 02:35:50,1781836550,R_10,4849.508,-1,0.025000000000545697,BACKFILL_AUTO
2026-06-19 02:35:52,1781836552,R_10,4849.336,-1,0.17199999999957072,BACKFILL_AUTO
2026-06-19 02:35:54,1781836554,R_10,4849.152,-1,0.18400000000019645,BACKFILL_AUTO
2026-06-19 02:35:56,1781836556,R_10,4848.896,-1,0.25600000000031287,BACKFILL_AUTO
2026-06-19 02:35:58,1781836558,R_10,4848.843,-1,0.052999999999883585,BACKFILL_AUTO
2026-06-19 02:36:00,1781836560,R_10,4849.025,1,0.181999999999789,BACKFILL_AUTO
2026-06-19 02:36:02,1781836562,R_10,4848.977,-1,0.047999999999774445,BACKFILL_AUTO
2026-06-19 02:36:04,1781836564,R_10,4848.91,-1,0.06700000000000728,BACKFILL_AUTO
2026-06-19 02:36:06,1781836566,R_10,4848.728,-1,0.181999999999789,BACKFILL_AUTO
2026-06-19 02:36:08,1781836568,R_10,4848.905,1,0.17699999999967986,BACKFILL_AUTO
2026-06-19 02:36:10,1781836570,R_10,4848.556,-1,0.34900000000016007,BACKFILL_AUTO
2026-06-19 02:36:12,1781836572,R_10,4848.55,-1,0.0059999999994033715,BACKFILL_AUTO
2026-06-19 02:36:14,1781836574,R_10,4848.478,-1,0.07200000000011642,BACKFILL_AUTO
2026-06-19 02:36:16,1781836576,R_10,4848.438,-1,0.03999999999996362,BACKFILL_AUTO
2026-06-19 02:36:18,1781836578,R_10,4848.42,-1,0.018000000000029104,BACKFILL_AUTO
2026-06-19 02:36:20,1781836580,R_10,4848.608,1,0.18800000000010186,BACKFILL_AUTO
2026-06-19 02:36:22,1781836582,R_10,4848.612,1,0.0039999999999054126,BACKFILL_AUTO
2026-06-19 02:36:24,1781836584,R_10,4848.386,-1,0.22599999999965803,BACKFILL_AUTO
2026-06-19 02:36:26,1781836586,R_10,4848.479,1,0.0929999999998472,BACKFILL_AUTO
2026-06-19 02:36:28,1781836588,R_10,4848.368,-1,0.11099999999987631,BACKFILL_AUTO
2026-06-19 02:36:30,1781836590,R_10,4848.446,1,0.07799999999951979,BACKFILL_AUTO
2026-06-19 02:36:32,1781836592,R_10,4848.407,-1,0.03899999999975989,BACKFILL_AUTO
2026-06-19 02:36:34,1781836594,R_10,4848.292,-1,0.11499999999978172,BACKFILL_AUTO
2026-06-19 02:36:36,1781836596,R_10,4848.239,-1,0.05300000000079308,BACKFILL_AUTO
2026-06-19 02:36:38,1781836598,R_10,4848.208,-1,0.03099999999994907,BACKFILL_AUTO
2026-06-19 02:36:40,1781836600,R_10,4848.399,1,0.19100000000071304,BACKFILL_AUTO
2026-06-19 02:36:42,1781836602,R_10,4848.667,1,0.2680000000000291,BACKFILL_AUTO
2026-06-19 02:36:44,1781836604,R_10,4848.876,1,0.20899999999983265,BACKFILL_AUTO
2026-06-19 02:36:46,1781836606,R_10,4848.978,1,0.10199999999986176,BACKFILL_AUTO
2026-06-19 02:36:48,1781836608,R_10,4848.885,-1,0.0929999999998472,BACKFILL_AUTO
2026-06-19 02:36:50,1781836610,R_10,4848.949,1,0.0639999999993961,BACKFILL_AUTO
2026-06-19 02:36:52,1781836612,R_10,4849.153,1,0.204000000000633,BACKFILL_AUTO
2026-06-19 02:36:54,1781836614,R_10,4849.114,-1,0.03900000000066939,BACKFILL_AUTO
2026-06-19 02:36:56,1781836616,R_10,4849.373,1,0.25900000000001455,BACKFILL_AUTO
2026-06-19 02:36:58,1781836618,R_10,4849.557,1,0.18400000000019645,BACKFILL_AUTO
2026-06-19 02:37:00,1781836620,R_10,4849.547,-1,0.010000000000218279,BACKFILL_AUTO
2026-06-19 02:37:02,1781836622,R_10,4849.547,0,0.0,BACKFILL_AUTO
2026-06-19 02:37:04,1781836624,R_10,4849.643,1,0.09600000000045839,BACKFILL_AUTO
2026-06-19 02:37:06,1781836626,R_10,4849.685,1,0.042000000000371074,BACKFILL_AUTO
2026-06-19 02:37:08,1781836628,R_10,4849.424,-1,0.261000000000422,BACKFILL_AUTO
2026-06-19 02:37:10,1781836630,R_10,4849.46,1,0.03600000000005821,BACKFILL_AUTO
2026-06-19 02:37:12,1781836632,R_10,4849.254,-1,0.20600000000013097,BACKFILL_AUTO
2026-06-19 02:37:14,1781836634,R_10,4849.313,1,0.05900000000019645,BACKFILL_AUTO
2026-06-19 02:37:16,1781836636,R_10,4849.489,1,0.17599999999947613,BACKFILL_AUTO
2026-06-19 02:37:18,1781836638,R_10,4849.49,1,0.0010000000002037268,BACKFILL_AUTO
2026-06-19 02:37:20,1781836640,R_10,4849.533,1,0.0430000000005748,BACKFILL_AUTO
2026-06-19 02:37:22,1781836642,R_10,4849.214,-1,0.31900000000041473,BACKFILL_AUTO
2026-06-19 02:37:24,1781836644,R_10,4849.033,-1,0.18099999999958527,BACKFILL_AUTO
2026-06-19 02:37:26,1781836646,R_10,4848.981,-1,0.05200000000058935,BACKFILL_AUTO
2026-06-19 02:37:28,1781836648,R_10,4848.93,-1,0.05099999999947613,BACKFILL_AUTO
2026-06-19 02:37:30,1781836650,R_10,4848.825,-1,0.10500000000047294,BACKFILL_AUTO
2026-06-19 02:37:32,1781836652,R_10,4848.974,1,0.14900000000034197,BACKFILL_AUTO
2026-06-19 02:37:34,1781836654,R_10,4848.976,1,0.001999999999497959,BACKFILL_AUTO
2026-06-19 02:37:36,1781836656,R_10,4848.853,-1,0.12299999999959255,BACKFILL_AUTO
2026-06-19 02:37:38,1781836658,R_10,4848.764,-1,0.08899999999994179,BACKFILL_AUTO
2026-06-19 02:37:40,1781836660,R_10,4848.695,-1,0.06900000000041473,BACKFILL_AUTO
2026-06-19 02:37:42,1781836662,R_10,4848.682,-1,0.012999999999919964,BACKFILL_AUTO
2026-06-19 02:37:44,1781836664,R_10,4848.651,-1,0.03099999999994907,BACKFILL_AUTO
2026-06-19 02:37:46,1781836666,R_10,4848.464,-1,0.18699999999989814,BACKFILL_AUTO
2026-06-19 02:37:48,1781836668,R_10,4848.551,1,0.08700000000044383,BACKFILL_AUTO
2026-06-19 02:37:50,1781836670,R_10,4848.44,-1,0.1110000000007858,BACKFILL_AUTO
2026-06-19 02:37:52,1781836672,R_10,4848.484,1,0.04400000000077853,BACKFILL_AUTO
2026-06-19 02:37:54,1781836674,R_10,4848.449,-1,0.035000000000763976,BACKFILL_AUTO
2026-06-19 02:37:56,1781836676,R_10,4848.488,1,0.03900000000066939,BACKFILL_AUTO
2026-06-19 02:37:58,1781836678,R_10,4848.57,1,0.0819999999994252,BACKFILL_AUTO
2026-06-19 02:38:00,1781836680,R_10,4848.792,1,0.2220000000006621,BACKFILL_AUTO
2026-06-19 02:38:02,1781836682,R_10,4848.717,-1,0.0750000000007276,BACKFILL_AUTO
2026-06-19 02:38:04,1781836684,R_10,4848.713,-1,0.0039999999999054126,BACKFILL_AUTO
2026-06-19 02:38:06,1781836686,R_10,4848.51,-1,0.2029999999995198,BACKFILL_AUTO
2026-06-19 02:38:08,1781836688,R_10,4848.306,-1,0.204000000000633,BACKFILL_AUTO
2026-06-19 02:38:10,1781836690,R_10,4848.285,-1,0.02099999999973079,BACKFILL_AUTO
2026-06-19 02:38:12,1781836692,R_10,4848.15,-1,0.13500000000021828,BACKFILL_AUTO
2026-06-19 02:38:14,1781836694,R_10,4848.334,1,0.18400000000019645,BACKFILL_AUTO
2026-06-19 02:38:16,1781836696,R_10,4848.287,-1,0.04699999999957072,BACKFILL_AUTO
2026-06-19 02:38:18,1781836698,R_10,4848.338,1,0.05099999999947613,BACKFILL_AUTO
2026-06-19 02:38:20,1781836700,R_10,4848.346,1,0.007999999999810825,BACKFILL_AUTO
2026-06-19 02:38:22,1781836702,R_10,4848.341,-1,0.004999999999199645,BACKFILL_AUTO
2026-06-19 02:38:24,1781836704,R_10,4848.24,-1,0.10100000000056752,BACKFILL_AUTO
2026-06-19 02:38:26,1781836706,R_10,4848.234,-1,0.0059999999994033715,BACKFILL_AUTO
2026-06-19 02:38:28,1781836708,R_10,4848.297,1,0.06299999999919237,BACKFILL_AUTO
2026-06-19 02:38:30,1781836710,R_10,4848.289,-1,0.007999999999810825,BACKFILL_AUTO
2026-06-19 02:38:32,1781836712,R_10,4848.313,1,0.02400000000034197,BACKFILL_AUTO
2026-06-19 02:38:34,1781836714,R_10,4848.504,1,0.19099999999980355,BACKFILL_AUTO
2026-06-19 02:38:36,1781836716,R_10,4848.62,1,0.11599999999998545,BACKFILL_AUTO
2026-06-19 02:38:38,1781836718,R_10,4848.579,-1,0.04100000000016735,BACKFILL_AUTO
2026-06-19 02:38:40,1781836720,R_10,4849.034,1,0.45499999999992724,BACKFILL_AUTO
2026-06-19 02:38:42,1781836722,R_10,4848.942,-1,0.09199999999964348,BACKFILL_AUTO
2026-06-19 02:38:44,1781836724,R_10,4849.234,1,0.2920000000003711,BACKFILL_AUTO
2026-06-19 02:38:46,1781836726,R_10,4849.075,-1,0.15900000000056025,BACKFILL_AUTO
2026-06-19 02:38:48,1781836728,R_10,4849.123,1,0.047999999999774445,BACKFILL_AUTO
2026-06-19 02:38:50,1781836730,R_10,4849.214,1,0.09100000000034925,BACKFILL_AUTO
2026-06-19 02:38:52,1781836732,R_10,4848.993,-1,0.2209999999995489,BACKFILL_AUTO
2026-06-19 02:38:54,1781836734,R_10,4849.216,1,0.22299999999995634,BACKFILL_AUTO
2026-06-19 02:38:56,1781836736,R_10,4849.309,1,0.0929999999998472,BACKFILL_AUTO
2026-06-19 02:38:58,1781836738,R_10,4849.427,1,0.11799999999948341,BACKFILL_AUTO
2026-06-19 02:39:00,1781836740,R_10,4849.247,-1,0.17999999999938154,BACKFILL_AUTO
2026-06-19 02:39:02,1781836742,R_10,4849.187,-1,0.06000000000040018,BACKFILL_AUTO
2026-06-19 02:39:04,1781836744,R_10,4849.12,-1,0.06700000000000728,BACKFILL_AUTO
2026-06-19 02:39:06,1781836746,R_10,4849.171,1,0.051000000000385626,BACKFILL_AUTO
2026-06-19 02:39:08,1781836748,R_10,4848.887,-1,0.28400000000056025,BACKFILL_AUTO
2026-06-19 02:39:10,1781836750,R_10,4848.765,-1,0.12199999999938882,BACKFILL_AUTO
2026-06-19 02:39:12,1781836752,R_10,4848.909,1,0.14399999999932334,BACKFILL_AUTO
2026-06-19 02:39:14,1781836754,R_10,4849.102,1,0.193000000000211,BACKFILL_AUTO
2026-06-19 02:39:16,1781836756,R_10,4849.082,-1,0.019999999999527063,BACKFILL_AUTO
2026-06-19 02:39:18,1781836758,R_10,4848.779,-1,0.3029999999998836,BACKFILL_AUTO
2026-06-19 02:39:20,1781836760,R_10,4848.739,-1,0.040000000000873115,BACKFILL_AUTO
2026-06-19 02:39:22,1781836762,R_10,4848.811,1,0.07200000000011642,BACKFILL_AUTO
2026-06-19 02:39:24,1781836764,R_10,4848.72,-1,0.09099999999943975,BACKFILL_AUTO
2026-06-19 02:39:26,1781836766,R_10,4848.78,1,0.05999999999949068,BACKFILL_AUTO
2026-06-19 02:39:28,1781836768,R_10,4848.597,-1,0.18299999999999272,BACKFILL_AUTO
2026-06-19 02:39:30,1781836770,R_10,4848.572,-1,0.024999999999636202,BACKFILL_AUTO
2026-06-19 02:39:32,1781836772,R_10,4848.729,1,0.1570000000001528,BACKFILL_AUTO
2026-06-19 02:39:34,1781836774,R_10,4848.634,-1,0.09500000000025466,BACKFILL_AUTO
2026-06-19 02:39:36,1781836776,R_10,4848.395,-1,0.238999999999578,BACKFILL_AUTO
2026-06-19 02:39:38,1781836778,R_10,4848.403,1,0.007999999999810825,BACKFILL_AUTO
2026-06-19 02:39:40,1781836780,R_10,4848.234,-1,0.16899999999986903,BACKFILL_AUTO
2026-06-19 02:39:42,1781836782,R_10,4848.17,-1,0.06400000000030559,BACKFILL_AUTO
2026-06-19 02:39:44,1781836784,R_10,4848.053,-1,0.11700000000018917,BACKFILL_AUTO
2026-06-19 02:39:46,1781836786,R_10,4848.087,1,0.03400000000056025,BACKFILL_AUTO
2026-06-19 02:39:48,1781836788,R_10,4848.171,1,0.08399999999983265,BACKFILL_AUTO
2026-06-19 02:39:50,1781836790,R_10,4848.191,1,0.019999999999527063,BACKFILL_AUTO
2026-06-19 02:39:52,1781836792,R_10,4848.211,1,0.020000000000436557,BACKFILL_AUTO
2026-06-19 02:39:54,1781836794,R_10,4848.231,1,0.019999999999527063,BACKFILL_AUTO
2026-06-19 02:39:56,1781836796,R_10,4848.438,1,0.2070000000003347,BACKFILL_AUTO
2026-06-19 02:39:58,1781836798,R_10,4848.488,1,0.0500000000001819,BACKFILL_AUTO
2026-06-19 02:40:00,1781836800,R_10,4848.494,1,0.0059999999994033715,BACKFILL_AUTO
2026-06-19 02:40:02,1781836802,R_10,4848.536,1,0.042000000000371074,BACKFILL_AUTO
2026-06-19 02:40:04,1781836804,R_10,4848.529,-1,0.006999999999607098,BACKFILL_AUTO
2026-06-19 02:40:06,1781836806,R_10,4848.55,1,0.02099999999973079,BACKFILL_AUTO
2026-06-19 02:40:08,1781836808,R_10,4848.574,1,0.023999999999432475,BACKFILL_AUTO
2026-06-19 02:40:10,1781836810,R_10,4848.534,-1,0.03999999999996362,BACKFILL_AUTO
2026-06-19 02:40:12,1781836812,R_10,4848.848,1,0.3140000000003056,BACKFILL_AUTO
2026-06-19 02:40:14,1781836814,R_10,4848.763,-1,0.08500000000003638,BACKFILL_AUTO
2026-06-19 02:40:16,1781836816,R_10,4848.929,1,0.16600000000016735,BACKFILL_AUTO
2026-06-19 02:40:18,1781836818,R_10,4848.983,1,0.05400000000008731,BACKFILL_AUTO
2026-06-19 02:40:20,1781836820,R_10,4849.129,1,0.1459999999997308,BACKFILL_AUTO
2026-06-19 02:40:22,1781836822,R_10,4848.984,-1,0.14499999999952706,BACKFILL_AUTO
2026-06-19 02:40:24,1781836824,R_10,4848.739,-1,0.24500000000080036,BACKFILL_AUTO
2026-06-19 02:40:26,1781836826,R_10,4848.653,-1,0.08599999999933061,BACKFILL_AUTO
2026-06-19 02:40:28,1781836828,R_10,4848.713,1,0.05999999999949068,BACKFILL_AUTO
2026-06-19 02:40:30,1781836830,R_10,4848.839,1,0.12600000000020373,BACKFILL_AUTO
2026-06-19 02:40:32,1781836832,R_10,4848.858,1,0.01900000000023283,BACKFILL_AUTO
2026-06-19 02:40:34,1781836834,R_10,4848.823,-1,0.03499999999985448,BACKFILL_AUTO
2026-06-19 02:40:36,1781836836,R_10,4848.681,-1,0.14200000000073487,BACKFILL_AUTO
2026-06-19 02:40:38,1781836838,R_10,4848.73,1,0.04899999999997817,BACKFILL_AUTO
2026-06-19 02:40:40,1781836840,R_10,4848.9,1,0.17000000000007276,BACKFILL_AUTO
2026-06-19 02:40:42,1781836842,R_10,4848.784,-1,0.11599999999998545,BACKFILL_AUTO
2026-06-19 02:40:44,1781836844,R_10,4848.945,1,0.1610000000000582,BACKFILL_AUTO
2026-06-19 02:40:46,1781836846,R_10,4849.012,1,0.06700000000000728,BACKFILL_AUTO
2026-06-19 02:40:48,1781836848,R_10,4849.182,1,0.17000000000007276,BACKFILL_AUTO
2026-06-19 02:40:50,1781836850,R_10,4849.091,-1,0.09099999999943975,BACKFILL_AUTO
2026-06-19 02:40:52,1781836852,R_10,4848.956,-1,0.13500000000021828,BACKFILL_AUTO
2026-06-19 02:40:54,1781836854,R_10,4848.929,-1,0.027000000000043656,BACKFILL_AUTO
2026-06-19 02:40:56,1781836856,R_10,4848.998,1,0.06899999999950523,BACKFILL_AUTO
2026-06-19 02:40:58,1781836858,R_10,4849.134,1,0.136000000000422,BACKFILL_AUTO
2026-06-19 02:41:00,1781836860,R_10,4849.087,-1,0.04699999999957072,BACKFILL_AUTO
2026-06-19 02:41:02,1781836862,R_10,4848.903,-1,0.18400000000019645,BACKFILL_AUTO
2026-06-19 02:41:04,1781836864,R_10,4848.913,1,0.009999999999308784,BACKFILL_AUTO
2026-06-19 02:41:06,1781836866,R_10,4848.836,-1,0.07699999999931606,BACKFILL_AUTO
2026-06-19 02:41:08,1781836868,R_10,4848.679,-1,0.1570000000001528,BACKFILL_AUTO
2026-06-19 02:41:10,1781836870,R_10,4848.624,-1,0.05500000000029104,BACKFILL_AUTO
2026-06-19 02:41:12,1781836872,R_10,4848.47,-1,0.15399999999954161,BACKFILL_AUTO
2026-06-19 02:41:14,1781836874,R_10,4848.542,1,0.07200000000011642,BACKFILL_AUTO
2026-06-19 02:41:16,1781836876,R_10,4848.539,-1,0.0030000000006111804,BACKFILL_AUTO
2026-06-19 02:41:18,1781836878,R_10,4848.474,-1,0.06499999999959982,BACKFILL_AUTO
2026-06-19 02:41:20,1781836880,R_10,4848.241,-1,0.23300000000017462,BACKFILL_AUTO
2026-06-19 02:41:22,1781836882,R_10,4848.034,-1,0.2070000000003347,BACKFILL_AUTO
2026-06-19 02:41:24,1781836884,R_10,4848.059,1,0.025000000000545697,BACKFILL_AUTO
2026-06-19 02:41:26,1781836886,R_10,4848.097,1,0.03799999999955617,BACKFILL_AUTO
2026-06-19 02:41:28,1781836888,R_10,4847.989,-1,0.10800000000017462,BACKFILL_AUTO
2026-06-19 02:41:30,1781836890,R_10,4847.839,-1,0.1499999999996362,BACKFILL_AUTO
2026-06-19 02:41:32,1781836892,R_10,4847.989,1,0.1499999999996362,BACKFILL_AUTO
2026-06-19 02:41:34,1781836894,R_10,4847.926,-1,0.06299999999919237,BACKFILL_AUTO
2026-06-19 02:41:36,1781836896,R_10,4847.851,-1,0.0750000000007276,BACKFILL_AUTO
2026-06-19 02:41:38,1781836898,R_10,4847.613,-1,0.23799999999937427,BACKFILL_AUTO
2026-06-19 02:41:40,1781836900,R_10,4847.618,1,0.005000000000109139,BACKFILL_AUTO
2026-06-19 02:41:42,1781836902,R_10,4847.455,-1,0.16300000000046566,BACKFILL_AUTO
2026-06-19 02:41:44,1781836904,R_10,4847.358,-1,0.09699999999975262,BACKFILL_AUTO
2026-06-19 02:41:46,1781836906,R_10,4847.125,-1,0.23300000000017462,BACKFILL_AUTO
2026-06-19 02:41:48,1781836908,R_10,4846.956,-1,0.16899999999986903,BACKFILL_AUTO
2026-06-19 02:41:50,1781836910,R_10,4846.842,-1,0.11400000000048749,BACKFILL_AUTO
2026-06-19 02:41:52,1781836912,R_10,4846.866,1,0.02400000000034197,BACKFILL_AUTO
2026-06-19 02:41:54,1781836914,R_10,4847.21,1,0.34400000000005093,BACKFILL_AUTO
2026-06-19 02:41:56,1781836916,R_10,4847.289,1,0.07899999999972351,BACKFILL_AUTO
2026-06-19 02:41:58,1781836918,R_10,4847.403,1,0.11400000000048749,BACKFILL_AUTO
2026-06-19 02:42:00,1781836920,R_10,4847.397,-1,0.006000000000312866,BACKFILL_AUTO
2026-06-19 02:42:02,1781836922,R_10,4847.484,1,0.08700000000044383,BACKFILL_AUTO
2026-06-19 02:42:04,1781836924,R_10,4847.524,1,0.03999999999996362,BACKFILL_AUTO
2026-06-19 02:42:06,1781836926,R_10,4847.476,-1,0.04800000000068394,BACKFILL_AUTO
2026-06-19 02:42:08,1781836928,R_10,4847.403,-1,0.07299999999941065,BACKFILL_AUTO
2026-06-19 02:42:10,1781836930,R_10,4847.551,1,0.14800000000013824,BACKFILL_AUTO
2026-06-19 02:42:12,1781836932,R_10,4847.468,-1,0.08300000000053842,BACKFILL_AUTO
2026-06-19 02:42:14,1781836934,R_10,4847.44,-1,0.028000000000247383,BACKFILL_AUTO
2026-06-19 02:42:16,1781836936,R_10,4847.421,-1,0.018999999999323336,BACKFILL_AUTO
2026-06-19 02:42:18,1781836938,R_10,4847.414,-1,0.007000000000516593,BACKFILL_AUTO
2026-06-19 02:42:20,1781836940,R_10,4847.714,1,0.3000000000001819,BACKFILL_AUTO
2026-06-19 02:42:22,1781836942,R_10,4847.799,1,0.08500000000003638,BACKFILL_AUTO
2026-06-19 02:42:24,1781836944,R_10,4847.719,-1,0.07999999999992724,BACKFILL_AUTO
2026-06-19 02:42:26,1781836946,R_10,4847.784,1,0.06499999999959982,BACKFILL_AUTO
2026-06-19 02:42:28,1781836948,R_10,4847.846,1,0.06199999999989814,BACKFILL_AUTO
2026-06-19 02:42:30,1781836950,R_10,4847.798,-1,0.047999999999774445,BACKFILL_AUTO
2026-06-19 02:42:32,1781836952,R_10,4848.015,1,0.21700000000055297,BACKFILL_AUTO
2026-06-19 02:42:34,1781836954,R_10,4848.098,1,0.08299999999962893,BACKFILL_AUTO
2026-06-19 02:42:36,1781836956,R_10,4847.989,-1,0.10900000000037835,BACKFILL_AUTO
2026-06-19 02:42:38,1781836958,R_10,4847.752,-1,0.23699999999917054,BACKFILL_AUTO
2026-06-19 02:42:40,1781836960,R_10,4847.796,1,0.04399999999986903,BACKFILL_AUTO
2026-06-19 02:42:42,1781836962,R_10,4847.842,1,0.04599999999936699,BACKFILL_AUTO
2026-06-19 02:42:44,1781836964,R_10,4847.772,-1,0.06999999999970896,BACKFILL_AUTO
2026-06-19 02:42:46,1781836966,R_10,4847.706,-1,0.06599999999980355,BACKFILL_AUTO
2026-06-19 02:42:48,1781836968,R_10,4847.941,1,0.23499999999967258,BACKFILL_AUTO
2026-06-19 02:42:50,1781836970,R_10,4847.916,-1,0.024999999999636202,BACKFILL_AUTO
2026-06-19 02:42:52,1781836972,R_10,4847.973,1,0.056999999999789,BACKFILL_AUTO
2026-06-19 02:42:54,1781836974,R_10,4847.947,-1,0.02599999999983993,BACKFILL_AUTO
2026-06-19 02:42:56,1781836976,R_10,4848.009,1,0.06199999999989814,BACKFILL_AUTO
2026-06-19 02:42:58,1781836978,R_10,4848.007,-1,0.0020000000004074536,BACKFILL_AUTO
2026-06-19 02:43:00,1781836980,R_10,4847.921,-1,0.08599999999933061,BACKFILL_AUTO
2026-06-19 02:43:02,1781836982,R_10,4848.155,1,0.23399999999946886,BACKFILL_AUTO
2026-06-19 02:43:04,1781836984,R_10,4848.112,-1,0.042999999999665306,BACKFILL_AUTO
2026-06-19 02:43:06,1781836986,R_10,4848.058,-1,0.05400000000008731,BACKFILL_AUTO
2026-06-19 02:43:08,1781836988,R_10,4848.094,1,0.03600000000005821,BACKFILL_AUTO
2026-06-19 02:43:10,1781836990,R_10,4847.939,-1,0.15499999999974534,BACKFILL_AUTO
2026-06-19 02:43:12,1781836992,R_10,4848.115,1,0.17599999999947613,BACKFILL_AUTO
2026-06-19 02:43:14,1781836994,R_10,4848.076,-1,0.03899999999975989,BACKFILL_AUTO
2026-06-19 02:43:16,1781836996,R_10,4848.079,1,0.0029999999997016857,BACKFILL_AUTO
2026-06-19 02:43:18,1781836998,R_10,4848.182,1,0.10300000000006548,BACKFILL_AUTO
2026-06-19 02:43:20,1781837000,R_10,4848.173,-1,0.009000000000014552,BACKFILL_AUTO
2026-06-19 02:43:22,1781837002,R_10,4848.033,-1,0.13999999999941792,BACKFILL_AUTO
2026-06-19 02:43:24,1781837004,R_10,4848.119,1,0.08599999999933061,BACKFILL_AUTO
2026-06-19 02:43:26,1781837006,R_10,4847.888,-1,0.23099999999976717,BACKFILL_AUTO
2026-06-19 02:43:28,1781837008,R_10,4847.764,-1,0.12399999999979627,BACKFILL_AUTO
2026-06-19 02:43:30,1781837010,R_10,4847.571,-1,0.193000000000211,BACKFILL_AUTO
2026-06-19 02:43:32,1781837012,R_10,4847.639,1,0.068000000000211,BACKFILL_AUTO
2026-06-19 02:43:34,1781837014,R_10,4847.625,-1,0.014000000000123691,BACKFILL_AUTO
2026-06-19 02:43:36,1781837016,R_10,4847.828,1,0.20300000000042928,BACKFILL_AUTO
2026-06-19 02:43:38,1781837018,R_10,4847.991,1,0.16299999999955617,BACKFILL_AUTO
2026-06-19 02:43:40,1781837020,R_10,4847.834,-1,0.1570000000001528,BACKFILL_AUTO
2026-06-19 02:43:42,1781837022,R_10,4847.881,1,0.04700000000048021,BACKFILL_AUTO
2026-06-19 02:43:44,1781837024,R_10,4847.787,-1,0.09400000000005093,BACKFILL_AUTO
2026-06-19 02:43:46,1781837026,R_10,4847.786,-1,0.0010000000002037268,BACKFILL_AUTO
2026-06-19 02:43:48,1781837028,R_10,4848.01,1,0.22400000000016007,BACKFILL_AUTO
2026-06-19 02:43:50,1781837030,R_10,4848.093,1,0.08299999999962893,BACKFILL_AUTO
2026-06-19 02:43:52,1781837032,R_10,4847.831,-1,0.26199999999971624,BACKFILL_AUTO
2026-06-19 02:43:54,1781837034,R_10,4847.901,1,0.06999999999970896,BACKFILL_AUTO
2026-06-19 02:43:56,1781837036,R_10,4847.952,1,0.051000000000385626,BACKFILL_AUTO
2026-06-19 02:43:58,1781837038,R_10,4847.989,1,0.03699999999935244,BACKFILL_AUTO
2026-06-19 02:44:00,1781837040,R_10,4848.17,1,0.18100000000049477,BACKFILL_AUTO
2026-06-19 02:44:02,1781837042,R_10,4848.171,1,0.0010000000002037268,BACKFILL_AUTO
2026-06-19 02:44:04,1781837044,R_10,4848.199,1,0.027999999999337888,BACKFILL_AUTO
2026-06-19 02:44:06,1781837046,R_10,4848.009,-1,0.18999999999959982,BACKFILL_AUTO
2026-06-19 02:44:08,1781837048,R_10,4847.896,-1,0.11300000000028376,BACKFILL_AUTO
2026-06-19 02:44:10,1781837050,R_10,4848.094,1,0.19800000000032014,BACKFILL_AUTO
2026-06-19 02:44:12,1781837052,R_10,4848.03,-1,0.06400000000030559,BACKFILL_AUTO
2026-06-19 02:44:14,1781837054,R_10,4848.111,1,0.08100000000013097,BACKFILL_AUTO
2026-06-19 02:44:16,1781837056,R_10,4848.163,1,0.05199999999967986,BACKFILL_AUTO
2026-06-19 02:44:18,1781837058,R_10,4848.231,1,0.068000000000211,BACKFILL_AUTO
2026-06-19 02:44:20,1781837060,R_10,4848.348,1,0.11700000000018917,BACKFILL_AUTO
2026-06-19 02:44:22,1781837062,R_10,4848.41,1,0.06199999999989814,BACKFILL_AUTO
2026-06-19 02:44:24,1781837064,R_10,4848.394,-1,0.01599999999962165,BACKFILL_AUTO
2026-06-19 02:44:26,1781837066,R_10,4848.382,-1,0.012000000000625732,BACKFILL_AUTO
2026-06-19 02:44:28,1781837068,R_10,4848.335,-1,0.04699999999957072,BACKFILL_AUTO
2026-06-19 02:44:30,1781837070,R_10,4848.32,-1,0.015000000000327418,BACKFILL_AUTO
2026-06-19 02:44:32,1781837072,R_10,4848.29,-1,0.02999999999974534,BACKFILL_AUTO
2026-06-19 02:44:34,1781837074,R_10,4848.309,1,0.01900000000023283,BACKFILL_AUTO
2026-06-19 02:44:36,1781837076,R_10,4848.335,1,0.02599999999983993,BACKFILL_AUTO
2026-06-19 02:44:38,1781837078,R_10,4848.212,-1,0.12299999999959255,BACKFILL_AUTO
2026-06-19 02:44:40,1781837080,R_10,4848.373,1,0.1609999999991487,BACKFILL_AUTO
2026-06-19 02:44:42,1781837082,R_10,4848.533,1,0.16000000000076398,BACKFILL_AUTO
2026-06-19 02:44:44,1781837084,R_10,4848.476,-1,0.05700000000069849,BACKFILL_AUTO
2026-06-19 02:44:46,1781837086,R_10,4848.427,-1,0.04899999999997817,BACKFILL_AUTO
2026-06-19 02:44:48,1781837088,R_10,4848.452,1,0.025000000000545697,BACKFILL_AUTO
2026-06-19 02:44:50,1781837090,R_10,4848.604,1,0.15200000000004366,BACKFILL_AUTO
2026-06-19 02:44:52,1781837092,R_10,4848.656,1,0.05199999999967986,BACKFILL_AUTO
2026-06-19 02:44:54,1781837094,R_10,4848.691,1,0.03499999999985448,BACKFILL_AUTO
2026-06-19 02:44:56,1781837096,R_10,4848.794,1,0.10300000000006548,BACKFILL_AUTO
2026-06-19 02:44:58,1781837098,R_10,4848.704,-1,0.09000000000014552,BACKFILL_AUTO
2026-06-19 02:45:00,1781837100,R_10,4848.782,1,0.07800000000042928,BACKFILL_AUTO
2026-06-19 02:45:02,1781837102,R_10,4848.695,-1,0.08700000000044383,BACKFILL_AUTO
2026-06-19 02:45:04,1781837104,R_10,4848.579,-1,0.11599999999998545,BACKFILL_AUTO
2026-06-19 02:45:06,1781837106,R_10,4848.504,-1,0.0749999999998181,BACKFILL_AUTO
2026-06-19 02:45:08,1781837108,R_10,4848.528,1,0.02400000000034197,BACKFILL_AUTO
2026-06-19 02:45:10,1781837110,R_10,4848.574,1,0.04599999999936699,BACKFILL_AUTO
2026-06-19 02:45:12,1781837112,R_10,4848.734,1,0.16000000000076398,BACKFILL_AUTO
2026-06-19 02:45:14,1781837114,R_10,4848.786,1,0.05199999999967986,BACKFILL_AUTO
2026-06-19 02:45:16,1781837116,R_10,4848.701,-1,0.08500000000003638,BACKFILL_AUTO
2026-06-19 02:45:18,1781837118,R_10,4848.706,1,0.005000000000109139,BACKFILL_AUTO
2026-06-19 02:45:20,1781837120,R_10,4848.716,1,0.010000000000218279,BACKFILL_AUTO
2026-06-19 02:45:22,1781837122,R_10,4848.615,-1,0.10100000000056752,BACKFILL_AUTO
2026-06-19 02:45:24,1781837124,R_10,4848.746,1,0.13100000000031287,BACKFILL_AUTO
2026-06-19 02:45:26,1781837126,R_10,4848.872,1,0.12600000000020373,BACKFILL_AUTO
2026-06-19 02:45:28,1781837128,R_10,4848.978,1,0.10599999999976717,BACKFILL_AUTO
2026-06-19 02:45:30,1781837130,R_10,4848.715,-1,0.26299999999991996,BACKFILL_AUTO
2026-06-19 02:45:32,1781837132,R_10,4848.706,-1,0.009000000000014552,BACKFILL_AUTO
2026-06-19 02:45:34,1781837134,R_10,4848.812,1,0.10599999999976717,BACKFILL_AUTO
2026-06-19 02:45:36,1781837136,R_10,4848.681,-1,0.13100000000031287,BACKFILL_AUTO
2026-06-19 02:45:38,1781837138,R_10,4848.832,1,0.15100000000074942,BACKFILL_AUTO
2026-06-19 02:45:40,1781837140,R_10,4848.56,-1,0.2719999999999345,BACKFILL_AUTO
2026-06-19 02:45:42,1781837142,R_10,4848.639,1,0.07899999999972351,BACKFILL_AUTO
2026-06-19 02:45:44,1781837144,R_10,4848.887,1,0.24799999999959255,BACKFILL_AUTO
2026-06-19 02:45:46,1781837146,R_10,4848.796,-1,0.09099999999943975,BACKFILL_AUTO
2026-06-19 02:45:48,1781837148,R_10,4848.972,1,0.17599999999947613,BACKFILL_AUTO
2026-06-19 02:45:50,1781837150,R_10,4848.822,-1,0.1499999999996362,BACKFILL_AUTO
2026-06-19 02:45:52,1781837152,R_10,4848.988,1,0.16600000000016735,BACKFILL_AUTO
2026-06-19 02:45:54,1781837154,R_10,4848.777,-1,0.2110000000002401,BACKFILL_AUTO
2026-06-19 02:45:56,1781837156,R_10,4848.652,-1,0.125,BACKFILL_AUTO
2026-06-19 02:45:58,1781837158,R_10,4848.521,-1,0.13100000000031287,BACKFILL_AUTO
2026-06-19 02:46:00,1781837160,R_10,4848.254,-1,0.2669999999998254,BACKFILL_AUTO
2026-06-19 02:46:02,1781837162,R_10,4848.155,-1,0.09900000000016007,BACKFILL_AUTO
2026-06-19 02:46:04,1781837164,R_10,4848.144,-1,0.01099999999951251,BACKFILL_AUTO
2026-06-19 02:46:06,1781837166,R_10,4848.194,1,0.0500000000001819,BACKFILL_AUTO
2026-06-19 02:46:08,1781837168,R_10,4848.537,1,0.3429999999998472,BACKFILL_AUTO
2026-06-19 02:46:10,1781837170,R_10,4848.412,-1,0.125,BACKFILL_AUTO
2026-06-19 02:46:12,1781837172,R_10,4848.276,-1,0.136000000000422,BACKFILL_AUTO
2026-06-19 02:46:14,1781837174,R_10,4848.452,1,0.17600000000038563,BACKFILL_AUTO
2026-06-19 02:46:16,1781837176,R_10,4848.601,1,0.14899999999943248,BACKFILL_AUTO
2026-06-19 02:46:18,1781837178,R_10,4848.815,1,0.2139999999999418,BACKFILL_AUTO
2026-06-19 02:46:20,1781837180,R_10,4848.82,1,0.005000000000109139,BACKFILL_AUTO
2026-06-19 02:46:22,1781837182,R_10,4848.819,-1,0.0009999999992942321,BACKFILL_AUTO
2026-06-19 02:46:24,1781837184,R_10,4848.81,-1,0.009000000000014552,BACKFILL_AUTO
2026-06-19 02:46:26,1781837186,R_10,4848.859,1,0.04899999999997817,BACKFILL_AUTO
2026-06-19 02:46:28,1781837188,R_10,4848.758,-1,0.10100000000056752,BACKFILL_AUTO
2026-06-19 02:46:30,1781837190,R_10,4848.688,-1,0.06999999999970896,BACKFILL_AUTO
2026-06-19 02:46:32,1781837192,R_10,4848.706,1,0.018000000000029104,BACKFILL_AUTO
2026-06-19 02:46:34,1781837194,R_10,4848.794,1,0.08799999999973807,BACKFILL_AUTO
2026-06-19 02:46:36,1781837196,R_10,4848.812,1,0.018000000000029104,BACKFILL_AUTO
2026-06-19 02:46:38,1781837198,R_10,4848.889,1,0.07700000000022555,BACKFILL_AUTO
2026-06-19 02:46:40,1781837200,R_10,4848.993,1,0.10400000000026921,BACKFILL_AUTO
2026-06-19 02:46:42,1781837202,R_10,4848.83,-1,0.16300000000046566,BACKFILL_AUTO
2026-06-19 02:46:44,1781837204,R_10,4848.45,-1,0.38000000000010914,BACKFILL_AUTO
2026-06-19 02:46:46,1781837206,R_10,4848.344,-1,0.10599999999976717,BACKFILL_AUTO
2026-06-19 02:46:48,1781837208,R_10,4848.433,1,0.08899999999994179,BACKFILL_AUTO
2026-06-19 02:46:50,1781837210,R_10,4848.355,-1,0.07800000000042928,BACKFILL_AUTO
2026-06-19 02:46:52,1781837212,R_10,4848.281,-1,0.07399999999961437,BACKFILL_AUTO
2026-06-19 02:46:54,1781837214,R_10,4848.474,1,0.193000000000211,BACKFILL_AUTO
2026-06-19 02:46:56,1781837216,R_10,4848.363,-1,0.11099999999987631,BACKFILL_AUTO
2026-06-19 02:46:58,1781837218,R_10,4848.455,1,0.09199999999964348,BACKFILL_AUTO
2026-06-19 02:47:00,1781837220,R_10,4848.44,-1,0.015000000000327418,BACKFILL_AUTO
2026-06-19 02:47:02,1781837222,R_10,4848.459,1,0.01900000000023283,BACKFILL_AUTO
2026-06-19 02:47:04,1781837224,R_10,4848.526,1,0.06700000000000728,BACKFILL_AUTO
2026-06-19 02:47:06,1781837226,R_10,4848.255,-1,0.2709999999997308,BACKFILL_AUTO
2026-06-19 02:47:08,1781837228,R_10,4848.274,1,0.01900000000023283,BACKFILL_AUTO
2026-06-19 02:47:10,1781837230,R_10,4848.326,1,0.05199999999967986,BACKFILL_AUTO
2026-06-19 02:47:12,1781837232,R_10,4848.327,1,0.0010000000002037268,BACKFILL_AUTO
2026-06-19 02:47:14,1781837234,R_10,4848.583,1,0.25599999999940337,BACKFILL_AUTO
2026-06-19 02:47:16,1781837236,R_10,4848.94,1,0.3569999999999709,BACKFILL_AUTO
2026-06-19 02:47:18,1781837238,R_10,4849.048,1,0.10800000000017462,BACKFILL_AUTO
2026-06-19 02:47:20,1781837240,R_10,4848.903,-1,0.14499999999952706,BACKFILL_AUTO
2026-06-19 02:47:22,1781837242,R_10,4848.857,-1,0.046000000000276486,BACKFILL_AUTO
2026-06-19 02:47:24,1781837244,R_10,4848.81,-1,0.04699999999957072,BACKFILL_AUTO
2026-06-19 02:47:26,1781837246,R_10,4848.852,1,0.04199999999946158,BACKFILL_AUTO
2026-06-19 02:47:28,1781837248,R_10,4848.831,-1,0.02099999999973079,BACKFILL_AUTO
2026-06-19 02:47:30,1781837250,R_10,4848.932,1,0.10099999999965803,BACKFILL_AUTO
2026-06-19 02:47:32,1781837252,R_10,4849.049,1,0.11700000000018917,BACKFILL_AUTO
2026-06-19 02:47:34,1781837254,R_10,4849.252,1,0.20300000000042928,BACKFILL_AUTO
2026-06-19 02:47:36,1781837256,R_10,4849.332,1,0.07999999999992724,BACKFILL_AUTO
2026-06-19 02:47:38,1781837258,R_10,4849.562,1,0.22999999999956344,BACKFILL_AUTO
2026-06-19 02:47:40,1781837260,R_10,4849.581,1,0.01900000000023283,BACKFILL_AUTO
2026-06-19 02:47:42,1781837262,R_10,4849.656,1,0.0749999999998181,BACKFILL_AUTO
2026-06-19 02:47:44,1781837264,R_10,4849.684,1,0.028000000000247383,BACKFILL_AUTO
2026-06-19 02:47:46,1781837266,R_10,4849.619,-1,0.06500000000050932,BACKFILL_AUTO
2026-06-19 02:47:48,1781837268,R_10,4849.556,-1,0.06300000000010186,BACKFILL_AUTO
2026-06-19 02:47:50,1781837270,R_10,4849.621,1,0.06500000000050932,BACKFILL_AUTO
2026-06-19 02:47:52,1781837272,R_10,4849.599,-1,0.021999999999934516,BACKFILL_AUTO
2026-06-19 02:47:54,1781837274,R_10,4849.673,1,0.07399999999961437,BACKFILL_AUTO
2026-06-19 02:47:56,1781837276,R_10,4849.506,-1,0.16699999999946158,BACKFILL_AUTO
2026-06-19 02:47:58,1781837278,R_10,4849.552,1,0.04599999999936699,BACKFILL_AUTO
2026-06-19 02:48:00,1781837280,R_10,4849.327,-1,0.2249999999994543,BACKFILL_AUTO
2026-06-19 02:48:02,1781837282,R_10,4849.448,1,0.12100000000009459,BACKFILL_AUTO
2026-06-19 02:48:04,1781837284,R_10,4849.497,1,0.04899999999997817,BACKFILL_AUTO
2026-06-19 02:48:06,1781837286,R_10,4849.594,1,0.09699999999975262,BACKFILL_AUTO
2026-06-19 02:48:08,1781837288,R_10,4849.809,1,0.21500000000014552,BACKFILL_AUTO
2026-06-19 02:48:10,1781837290,R_10,4849.583,-1,0.22600000000056752,BACKFILL_AUTO
2026-06-19 02:48:12,1781837292,R_10,4849.615,1,0.032000000000152795,BACKFILL_AUTO
2026-06-19 02:48:14,1781837294,R_10,4849.664,1,0.04899999999997817,BACKFILL_AUTO
2026-06-19 02:48:16,1781837296,R_10,4849.757,1,0.0929999999998472,BACKFILL_AUTO
2026-06-19 02:48:18,1781837298,R_10,4849.722,-1,0.03499999999985448,BACKFILL_AUTO
2026-06-19 02:48:20,1781837300,R_10,4849.695,-1,0.027000000000043656,BACKFILL_AUTO
2026-06-19 02:48:22,1781837302,R_10,4849.883,1,0.18800000000010186,BACKFILL_AUTO
2026-06-19 02:48:24,1781837304,R_10,4849.945,1,0.06199999999989814,BACKFILL_AUTO
2026-06-19 02:48:26,1781837306,R_10,4849.815,-1,0.13000000000010914,BACKFILL_AUTO
2026-06-19 02:48:28,1781837308,R_10,4849.665,-1,0.1499999999996362,BACKFILL_AUTO
2026-06-19 02:48:30,1781837310,R_10,4849.839,1,0.17399999999997817,BACKFILL_AUTO
2026-06-19 02:48:32,1781837312,R_10,4849.763,-1,0.07600000000002183,BACKFILL_AUTO
2026-06-19 02:48:34,1781837314,R_10,4849.747,-1,0.01599999999962165,BACKFILL_AUTO
2026-06-19 02:48:36,1781837316,R_10,4849.813,1,0.06599999999980355,BACKFILL_AUTO
2026-06-19 02:48:38,1781837318,R_10,4849.668,-1,0.14500000000043656,BACKFILL_AUTO
2026-06-19 02:48:40,1781837320,R_10,4849.729,1,0.061000000000603904,BACKFILL_AUTO
2026-06-19 02:48:42,1781837322,R_10,4849.879,1,0.1499999999996362,BACKFILL_AUTO
2026-06-19 02:48:44,1781837324,R_10,4849.933,1,0.05400000000008731,BACKFILL_AUTO
2026-06-19 02:48:46,1781837326,R_10,4849.809,-1,0.12399999999979627,BACKFILL_AUTO
2026-06-19 02:48:48,1781837328,R_10,4849.981,1,0.17199999999957072,BACKFILL_AUTO
2026-06-19 02:48:50,1781837330,R_10,4849.947,-1,0.033999999999650754,BACKFILL_AUTO
2026-06-19 02:48:52,1781837332,R_10,4849.801,-1,0.1459999999997308,BACKFILL_AUTO
2026-06-19 02:48:54,1781837334,R_10,4849.779,-1,0.021999999999934516,BACKFILL_AUTO
2026-06-19 02:48:56,1781837336,R_10,4849.574,-1,0.20500000000083674,BACKFILL_AUTO
2026-06-19 02:48:58,1781837338,R_10,4849.479,-1,0.09499999999934516,BACKFILL_AUTO
2026-06-19 02:49:00,1781837340,R_10,4849.492,1,0.012999999999919964,BACKFILL_AUTO
2026-06-19 02:49:02,1781837342,R_10,4849.306,-1,0.1860000000006039,BACKFILL_AUTO
2026-06-19 02:49:04,1781837344,R_10,4849.471,1,0.16499999999996362,BACKFILL_AUTO
2026-06-19 02:49:06,1781837346,R_10,4849.452,-1,0.018999999999323336,BACKFILL_AUTO
2026-06-19 02:49:08,1781837348,R_10,4849.191,-1,0.261000000000422,BACKFILL_AUTO
2026-06-19 02:49:10,1781837350,R_10,4849.292,1,0.10100000000056752,BACKFILL_AUTO
2026-06-19 02:49:12,1781837352,R_10,4849.345,1,0.052999999999883585,BACKFILL_AUTO
2026-06-19 02:49:14,1781837354,R_10,4849.373,1,0.027999999999337888,BACKFILL_AUTO
2026-06-19 02:49:16,1781837356,R_10,4849.242,-1,0.13099999999940337,BACKFILL_AUTO
2026-06-19 02:49:18,1781837358,R_10,4849.214,-1,0.028000000000247383,BACKFILL_AUTO
2026-06-19 02:49:20,1781837360,R_10,4849.314,1,0.1000000000003638,BACKFILL_AUTO
2026-06-19 02:49:22,1781837362,R_10,4849.144,-1,0.17000000000007276,BACKFILL_AUTO
2026-06-19 02:49:24,1781837364,R_10,4849.257,1,0.11299999999937427,BACKFILL_AUTO
2026-06-19 02:49:26,1781837366,R_10,4849.38,1,0.12300000000050204,BACKFILL_AUTO
2026-06-19 02:49:28,1781837368,R_10,4849.199,-1,0.18100000000049477,BACKFILL_AUTO
2026-06-19 02:49:30,1781837370,R_10,4849.086,-1,0.11299999999937427,BACKFILL_AUTO
2026-06-19 02:49:32,1781837372,R_10,4848.781,-1,0.30500000000029104,BACKFILL_AUTO
2026-06-19 02:49:34,1781837374,R_10,4849.064,1,0.2830000000003565,BACKFILL_AUTO
2026-06-19 02:49:36,1781837376,R_10,4848.964,-1,0.1000000000003638,BACKFILL_AUTO
2026-06-19 02:49:38,1781837378,R_10,4849.321,1,0.3569999999999709,BACKFILL_AUTO
2026-06-19 02:49:40,1781837380,R_10,4849.473,1,0.15200000000004366,BACKFILL_AUTO
2026-06-19 02:49:42,1781837382,R_10,4849.36,-1,0.11300000000028376,BACKFILL_AUTO
2026-06-19 02:49:44,1781837384,R_10,4849.198,-1,0.16199999999935244,BACKFILL_AUTO
2026-06-19 02:49:46,1781837386,R_10,4849.205,1,0.006999999999607098,BACKFILL_AUTO
2026-06-19 02:49:48,1781837388,R_10,4848.97,-1,0.23499999999967258,BACKFILL_AUTO
2026-06-19 02:49:50,1781837390,R_10,4848.963,-1,0.007000000000516593,BACKFILL_AUTO
2026-06-19 02:49:52,1781837392,R_10,4849.074,1,0.11099999999987631,BACKFILL_AUTO
2026-06-19 02:49:54,1781837394,R_10,4849.095,1,0.021000000000640284,BACKFILL_AUTO
2026-06-19 02:49:56,1781837396,R_10,4849.283,1,0.18800000000010186,BACKFILL_AUTO
2026-06-19 02:49:58,1781837398,R_10,4849.379,1,0.09599999999954889,BACKFILL_AUTO
2026-06-19 02:50:00,1781837400,R_10,4849.559,1,0.18000000000029104,BACKFILL_AUTO
2026-06-19 02:50:02,1781837402,R_10,4849.58,1,0.02099999999973079,BACKFILL_AUTO
2026-06-19 02:50:04,1781837404,R_10,4849.599,1,0.01900000000023283,BACKFILL_AUTO
2026-06-19 02:50:06,1781837406,R_10,4849.618,1,0.01900000000023283,BACKFILL_AUTO
2026-06-19 02:50:08,1781837408,R_10,4849.749,1,0.13099999999940337,BACKFILL_AUTO
2026-06-19 02:50:10,1781837410,R_10,4849.587,-1,0.16199999999935244,BACKFILL_AUTO
2026-06-19 02:50:12,1781837412,R_10,4849.448,-1,0.1390000000001237,BACKFILL_AUTO
2026-06-19 02:50:14,1781837414,R_10,4849.589,1,0.14099999999962165,BACKFILL_AUTO
2026-06-19 02:50:16,1781837416,R_10,4849.402,-1,0.18699999999989814,BACKFILL_AUTO
2026-06-19 02:50:18,1781837418,R_10,4849.429,1,0.027000000000043656,BACKFILL_AUTO
2026-06-19 02:50:20,1781837420,R_10,4849.671,1,0.24200000000018917,BACKFILL_AUTO
2026-06-19 02:50:22,1781837422,R_10,4849.944,1,0.27300000000013824,BACKFILL_AUTO
2026-06-19 02:50:24,1781837424,R_10,4849.854,-1,0.09000000000014552,BACKFILL_AUTO
2026-06-19 02:50:26,1781837426,R_10,4849.931,1,0.07699999999931606,BACKFILL_AUTO
2026-06-19 02:50:28,1781837428,R_10,4850.055,1,0.12400000000070577,BACKFILL_AUTO
2026-06-19 02:50:30,1781837430,R_10,4850.141,1,0.08599999999933061,BACKFILL_AUTO
2026-06-19 02:50:32,1781837432,R_10,4850.223,1,0.0820000000003347,BACKFILL_AUTO
2026-06-19 02:50:34,1781837434,R_10,4850.237,1,0.014000000000123691,BACKFILL_AUTO
2026-06-19 02:50:36,1781837436,R_10,4850.303,1,0.06599999999980355,BACKFILL_AUTO
2026-06-19 02:50:38,1781837438,R_10,4850.409,1,0.10599999999976717,BACKFILL_AUTO
2026-06-19 02:50:40,1781837440,R_10,4850.477,1,0.068000000000211,BACKFILL_AUTO
2026-06-19 02:50:42,1781837442,R_10,4850.499,1,0.021999999999934516,BACKFILL_AUTO
2026-06-19 02:50:44,1781837444,R_10,4850.501,1,0.0020000000004074536,BACKFILL_AUTO
2026-06-19 02:50:46,1781837446,R_10,4850.575,1,0.07399999999961437,BACKFILL_AUTO
2026-06-19 02:50:48,1781837448,R_10,4850.483,-1,0.09199999999964348,BACKFILL_AUTO
2026-06-19 02:50:50,1781837450,R_10,4850.457,-1,0.02599999999983993,BACKFILL_AUTO
2026-06-19 02:50:52,1781837452,R_10,4850.663,1,0.20599999999922147,BACKFILL_AUTO
2026-06-19 02:50:54,1781837454,R_10,4850.607,-1,0.05599999999958527,BACKFILL_AUTO
2026-06-19 02:50:56,1781837456,R_10,4850.717,1,0.10999999999967258,BACKFILL_AUTO
2026-06-19 02:50:58,1781837458,R_10,4850.661,-1,0.05599999999958527,BACKFILL_AUTO
2026-06-19 02:51:00,1781837460,R_10,4850.634,-1,0.027000000000043656,BACKFILL_AUTO
2026-06-19 02:51:02,1781837462,R_10,4850.476,-1,0.15800000000035652,BACKFILL_AUTO
2026-06-19 02:51:04,1781837464,R_10,4850.681,1,0.20499999999992724,BACKFILL_AUTO
2026-06-19 02:51:06,1781837466,R_10,4850.771,1,0.09000000000014552,BACKFILL_AUTO
2026-06-19 02:51:08,1781837468,R_10,4850.805,1,0.03400000000056025,BACKFILL_AUTO
2026-06-19 02:51:10,1781837470,R_10,4850.889,1,0.08399999999983265,BACKFILL_AUTO
2026-06-19 02:51:12,1781837472,R_10,4850.766,-1,0.12300000000050204,BACKFILL_AUTO
2026-06-19 02:51:14,1781837474,R_10,4850.694,-1,0.07199999999920692,BACKFILL_AUTO
2026-06-19 02:51:16,1781837476,R_10,4850.788,1,0.09399999999914144,BACKFILL_AUTO
2026-06-19 02:51:18,1781837478,R_10,4850.821,1,0.03300000000035652,BACKFILL_AUTO
2026-06-19 02:51:20,1781837480,R_10,4850.808,-1,0.012999999999919964,BACKFILL_AUTO
2026-06-19 02:51:22,1781837482,R_10,4850.837,1,0.02900000000045111,BACKFILL_AUTO
2026-06-19 02:51:24,1781837484,R_10,4850.955,1,0.11799999999948341,BACKFILL_AUTO
2026-06-19 02:51:26,1781837486,R_10,4851.104,1,0.14900000000034197,BACKFILL_AUTO
2026-06-19 02:51:28,1781837488,R_10,4850.957,-1,0.14699999999993452,BACKFILL_AUTO
2026-06-19 02:51:30,1781837490,R_10,4850.732,-1,0.2250000000003638,BACKFILL_AUTO
2026-06-19 02:51:32,1781837492,R_10,4850.852,1,0.11999999999989086,BACKFILL_AUTO
2026-06-19 02:51:34,1781837494,R_10,4850.738,-1,0.113999999999578,BACKFILL_AUTO
2026-06-19 02:51:36,1781837496,R_10,4850.764,1,0.02599999999983993,BACKFILL_AUTO
2026-06-19 02:51:38,1781837498,R_10,4850.82,1,0.05599999999958527,BACKFILL_AUTO
2026-06-19 02:51:40,1781837500,R_10,4850.753,-1,0.06700000000000728,BACKFILL_AUTO
2026-06-19 02:51:42,1781837502,R_10,4850.623,-1,0.13000000000010914,BACKFILL_AUTO
2026-06-19 02:51:44,1781837504,R_10,4850.638,1,0.015000000000327418,BACKFILL_AUTO
2026-06-19 02:51:46,1781837506,R_10,4850.644,1,0.006000000000312866,BACKFILL_AUTO
2026-06-19 02:51:48,1781837508,R_10,4850.782,1,0.13799999999991996,BACKFILL_AUTO
2026-06-19 02:51:50,1781837510,R_10,4850.722,-1,0.06000000000040018,BACKFILL_AUTO
2026-06-19 02:51:52,1781837512,R_10,4850.712,-1,0.009999999999308784,BACKFILL_AUTO
2026-06-19 02:51:54,1781837514,R_10,4850.546,-1,0.16600000000016735,BACKFILL_AUTO
2026-06-19 02:51:56,1781837516,R_10,4850.463,-1,0.08300000000053842,BACKFILL_AUTO
2026-06-19 02:51:58,1781837518,R_10,4850.395,-1,0.06799999999930151,BACKFILL_AUTO
2026-06-19 02:52:00,1781837520,R_10,4850.601,1,0.20599999999922147,BACKFILL_AUTO
2026-06-19 02:52:02,1781837522,R_10,4850.63,1,0.02900000000045111,BACKFILL_AUTO
2026-06-19 02:52:04,1781837524,R_10,4850.767,1,0.13699999999971624,BACKFILL_AUTO
2026-06-19 02:52:06,1781837526,R_10,4850.845,1,0.07800000000042928,BACKFILL_AUTO
2026-06-19 02:52:08,1781837528,R_10,4851.003,1,0.15799999999944703,BACKFILL_AUTO
2026-06-19 02:52:10,1781837530,R_10,4851.026,1,0.023000000000138243,BACKFILL_AUTO
2026-06-19 02:52:12,1781837532,R_10,4850.845,-1,0.18099999999958527,BACKFILL_AUTO
2026-06-19 02:52:14,1781837534,R_10,4850.862,1,0.016999999999825377,BACKFILL_AUTO
2026-06-19 02:52:16,1781837536,R_10,4850.776,-1,0.0860000000002401,BACKFILL_AUTO
2026-06-19 02:52:18,1781837538,R_10,4850.596,-1,0.18000000000029104,BACKFILL_AUTO
2026-06-19 02:52:20,1781837540,R_10,4850.629,1,0.03300000000035652,BACKFILL_AUTO
2026-06-19 02:52:22,1781837542,R_10,4850.85,1,0.22100000000045839,BACKFILL_AUTO
2026-06-19 02:52:24,1781837544,R_10,4850.695,-1,0.15500000000065484,BACKFILL_AUTO
2026-06-19 02:52:26,1781837546,R_10,4850.548,-1,0.14699999999993452,BACKFILL_AUTO
2026-06-19 02:52:28,1781837548,R_10,4850.532,-1,0.01599999999962165,BACKFILL_AUTO
2026-06-19 02:52:30,1781837550,R_10,4850.488,-1,0.04399999999986903,BACKFILL_AUTO
2026-06-19 02:52:32,1781837552,R_10,4850.346,-1,0.14200000000073487,BACKFILL_AUTO
2026-06-19 02:52:34,1781837554,R_10,4850.55,1,0.204000000000633,BACKFILL_AUTO
2026-06-19 02:52:36,1781837556,R_10,4850.593,1,0.042999999999665306,BACKFILL_AUTO
2026-06-19 02:52:38,1781837558,R_10,4850.612,1,0.01900000000023283,BACKFILL_AUTO
2026-06-19 02:52:40,1781837560,R_10,4850.516,-1,0.09600000000045839,BACKFILL_AUTO
2026-06-19 02:52:42,1781837562,R_10,4850.411,-1,0.10499999999956344,BACKFILL_AUTO
2026-06-19 02:52:44,1781837564,R_10,4850.389,-1,0.021999999999934516,BACKFILL_AUTO
2026-06-19 02:52:46,1781837566,R_10,4850.255,-1,0.13400000000001455,BACKFILL_AUTO
2026-06-19 02:52:48,1781837568,R_10,4850.261,1,0.006000000000312866,BACKFILL_AUTO
2026-06-19 02:52:50,1781837570,R_10,4850.185,-1,0.07600000000002183,BACKFILL_AUTO
2026-06-19 02:52:52,1781837572,R_10,4850.376,1,0.19099999999980355,BACKFILL_AUTO
2026-06-19 02:52:54,1781837574,R_10,4850.396,1,0.019999999999527063,BACKFILL_AUTO
2026-06-19 02:52:56,1781837576,R_10,4850.446,1,0.0500000000001819,BACKFILL_AUTO
2026-06-19 02:52:58,1781837578,R_10,4850.601,1,0.15499999999974534,BACKFILL_AUTO
2026-06-19 02:53:00,1781837580,R_10,4850.601,0,0.0,BACKFILL_AUTO
2026-06-19 02:53:02,1781837582,R_10,4850.525,-1,0.07600000000002183,BACKFILL_AUTO
2026-06-19 02:53:04,1781837584,R_10,4850.521,-1,0.0039999999999054126,BACKFILL_AUTO
2026-06-19 02:53:06,1781837586,R_10,4850.563,1,0.042000000000371074,BACKFILL_AUTO
2026-06-19 02:53:08,1781837588,R_10,4850.603,1,0.03999999999996362,BACKFILL_AUTO
2026-06-19 02:53:10,1781837590,R_10,4850.694,1,0.09100000000034925,BACKFILL_AUTO
2026-06-19 02:53:12,1781837592,R_10,4850.791,1,0.09699999999975262,BACKFILL_AUTO
2026-06-19 02:53:14,1781837594,R_10,4850.904,1,0.11300000000028376,BACKFILL_AUTO
2026-06-19 02:53:16,1781837596,R_10,4850.933,1,0.028999999999541615,BACKFILL_AUTO
2026-06-19 02:53:18,1781837598,R_10,4850.726,-1,0.2070000000003347,BACKFILL_AUTO
2026-06-19 02:53:20,1781837600,R_10,4850.443,-1,0.282999999999447,BACKFILL_AUTO
2026-06-19 02:53:22,1781837602,R_10,4850.475,1,0.032000000000152795,BACKFILL_AUTO
2026-06-19 02:53:24,1781837604,R_10,4850.461,-1,0.014000000000123691,BACKFILL_AUTO
2026-06-19 02:53:26,1781837606,R_10,4850.612,1,0.15099999999983993,BACKFILL_AUTO
2026-06-19 02:53:28,1781837608,R_10,4850.59,-1,0.021999999999934516,BACKFILL_AUTO
2026-06-19 02:53:30,1781837610,R_10,4850.49,-1,0.1000000000003638,BACKFILL_AUTO
2026-06-19 02:53:32,1781837612,R_10,4850.131,-1,0.35899999999946886,BACKFILL_AUTO
2026-06-19 02:53:34,1781837614,R_10,4850.127,-1,0.0039999999999054126,BACKFILL_AUTO
2026-06-19 02:53:36,1781837616,R_10,4850.007,-1,0.12000000000080036,BACKFILL_AUTO
2026-06-19 02:53:38,1781837618,R_10,4849.948,-1,0.058999999999286956,BACKFILL_AUTO
2026-06-19 02:53:40,1781837620,R_10,4850.118,1,0.17000000000007276,BACKFILL_AUTO
2026-06-19 02:53:42,1781837622,R_10,4850.059,-1,0.05900000000019645,BACKFILL_AUTO
2026-06-19 02:53:44,1781837624,R_10,4849.861,-1,0.19800000000032014,BACKFILL_AUTO
2026-06-19 02:53:46,1781837626,R_10,4849.878,1,0.016999999999825377,BACKFILL_AUTO
2026-06-19 02:53:48,1781837628,R_10,4849.856,-1,0.021999999999934516,BACKFILL_AUTO
2026-06-19 02:53:50,1781837630,R_10,4849.951,1,0.09500000000025466,BACKFILL_AUTO
2026-06-19 02:53:52,1781837632,R_10,4849.981,1,0.02999999999974534,BACKFILL_AUTO
2026-06-19 02:53:54,1781837634,R_10,4849.879,-1,0.10199999999986176,BACKFILL_AUTO
2026-06-19 02:53:56,1781837636,R_10,4849.664,-1,0.21500000000014552,BACKFILL_AUTO
2026-06-19 02:53:58,1781837638,R_10,4849.853,1,0.1890000000003056,BACKFILL_AUTO
2026-06-19 02:54:00,1781837640,R_10,4849.725,-1,0.12799999999970169,BACKFILL_AUTO
2026-06-19 02:54:02,1781837642,R_10,4849.655,-1,0.07000000000061846,BACKFILL_AUTO
2026-06-19 02:54:04,1781837644,R_10,4849.609,-1,0.04599999999936699,BACKFILL_AUTO
2026-06-19 02:54:06,1781837646,R_10,4849.926,1,0.3170000000000073,BACKFILL_AUTO
2026-06-19 02:54:08,1781837648,R_10,4849.99,1,0.0639999999993961,BACKFILL_AUTO
2026-06-19 02:54:10,1781837650,R_10,4849.933,-1,0.056999999999789,BACKFILL_AUTO
2026-06-19 02:54:12,1781837652,R_10,4849.891,-1,0.042000000000371074,BACKFILL_AUTO
2026-06-19 02:54:14,1781837654,R_10,4849.878,-1,0.012999999999919964,BACKFILL_AUTO
2026-06-19 02:54:16,1781837656,R_10,4849.818,-1,0.05999999999949068,BACKFILL_AUTO
2026-06-19 02:54:18,1781837658,R_10,4849.946,1,0.12799999999970169,BACKFILL_AUTO
2026-06-19 02:54:20,1781837660,R_10,4849.826,-1,0.11999999999989086,BACKFILL_AUTO
2026-06-19 02:54:22,1781837662,R_10,4849.774,-1,0.05199999999967986,BACKFILL_AUTO
2026-06-19 02:54:24,1781837664,R_10,4849.66,-1,0.11400000000048749,BACKFILL_AUTO
2026-06-19 02:54:26,1781837666,R_10,4849.419,-1,0.24099999999998545,BACKFILL_AUTO
2026-06-19 02:54:28,1781837668,R_10,4849.143,-1,0.27599999999983993,BACKFILL_AUTO
2026-06-19 02:54:30,1781837670,R_10,4848.898,-1,0.24499999999989086,BACKFILL_AUTO
2026-06-19 02:54:32,1781837672,R_10,4849.071,1,0.17299999999977445,BACKFILL_AUTO
2026-06-19 02:54:34,1781837674,R_10,4848.939,-1,0.1319999999996071,BACKFILL_AUTO
2026-06-19 02:54:36,1781837676,R_10,4848.788,-1,0.15100000000074942,BACKFILL_AUTO
2026-06-19 02:54:38,1781837678,R_10,4849.036,1,0.24800000000050204,BACKFILL_AUTO
2026-06-19 02:54:40,1781837680,R_10,4849.069,1,0.03300000000035652,BACKFILL_AUTO
2026-06-19 02:54:42,1781837682,R_10,4848.997,-1,0.07200000000011642,BACKFILL_AUTO
2026-06-19 02:54:44,1781837684,R_10,4848.927,-1,0.07000000000061846,BACKFILL_AUTO
2026-06-19 02:54:46,1781837686,R_10,4848.84,-1,0.08699999999953434,BACKFILL_AUTO
2026-06-19 02:54:48,1781837688,R_10,4848.752,-1,0.08799999999973807,BACKFILL_AUTO
2026-06-19 02:54:50,1781837690,R_10,4848.805,1,0.052999999999883585,BACKFILL_AUTO
2026-06-19 02:54:52,1781837692,R_10,4848.777,-1,0.028000000000247383,BACKFILL_AUTO
2026-06-19 02:54:54,1781837694,R_10,4848.847,1,0.06999999999970896,BACKFILL_AUTO
2026-06-19 02:54:56,1781837696,R_10,4848.762,-1,0.08500000000003638,BACKFILL_AUTO
2026-06-19 02:54:58,1781837698,R_10,4848.932,1,0.17000000000007276,BACKFILL_AUTO
2026-06-19 02:55:00,1781837700,R_10,4848.871,-1,0.06099999999969441,BACKFILL_AUTO
2026-06-19 02:55:02,1781837702,R_10,4849.039,1,0.1679999999996653,BACKFILL_AUTO
2026-06-19 02:55:04,1781837704,R_10,4848.819,-1,0.21999999999934516,BACKFILL_AUTO
2026-06-19 02:55:06,1781837706,R_10,4848.88,1,0.06099999999969441,BACKFILL_AUTO
2026-06-19 02:55:08,1781837708,R_10,4849.036,1,0.15599999999994907,BACKFILL_AUTO
2026-06-19 02:55:10,1781837710,R_10,4849.067,1,0.03099999999994907,BACKFILL_AUTO
2026-06-19 02:55:12,1781837712,R_10,4849.146,1,0.07899999999972351,BACKFILL_AUTO
2026-06-19 02:55:14,1781837714,R_10,4849.093,-1,0.052999999999883585,BACKFILL_AUTO
2026-06-19 02:55:16,1781837716,R_10,4849.082,-1,0.01099999999951251,BACKFILL_AUTO
2026-06-19 02:55:18,1781837718,R_10,4848.998,-1,0.08400000000074215,BACKFILL_AUTO
2026-06-19 02:55:20,1781837720,R_10,4848.938,-1,0.05999999999949068,BACKFILL_AUTO
2026-06-19 02:55:22,1781837722,R_10,4848.914,-1,0.02400000000034197,BACKFILL_AUTO
2026-06-19 02:55:24,1781837724,R_10,4849.019,1,0.10500000000047294,BACKFILL_AUTO
2026-06-19 02:55:26,1781837726,R_10,4849.014,-1,0.005000000000109139,BACKFILL_AUTO
2026-06-19 02:55:28,1781837728,R_10,4848.921,-1,0.0929999999998472,BACKFILL_AUTO
2026-06-19 02:55:30,1781837730,R_10,4848.861,-1,0.06000000000040018,BACKFILL_AUTO
2026-06-19 02:55:32,1781837732,R_10,4848.677,-1,0.18400000000019645,BACKFILL_AUTO
2026-06-19 02:55:34,1781837734,R_10,4848.766,1,0.08899999999994179,BACKFILL_AUTO
2026-06-19 02:55:36,1781837736,R_10,4848.956,1,0.19000000000050932,BACKFILL_AUTO
2026-06-19 02:55:38,1781837738,R_10,4848.947,-1,0.009000000000014552,BACKFILL_AUTO
2026-06-19 02:55:40,1781837740,R_10,4848.854,-1,0.0929999999998472,BACKFILL_AUTO
2026-06-19 02:55:42,1781837742,R_10,4848.68,-1,0.17399999999997817,BACKFILL_AUTO
2026-06-19 02:55:44,1781837744,R_10,4848.449,-1,0.23100000000067666,BACKFILL_AUTO
2026-06-19 02:55:46,1781837746,R_10,4848.501,1,0.05200000000058935,BACKFILL_AUTO
2026-06-19 02:55:48,1781837748,R_10,4848.476,-1,0.025000000000545697,BACKFILL_AUTO
2026-06-19 02:55:50,1781837750,R_10,4848.411,-1,0.06499999999959982,BACKFILL_AUTO
2026-06-19 02:55:52,1781837752,R_10,4848.358,-1,0.052999999999883585,BACKFILL_AUTO
2026-06-19 02:55:54,1781837754,R_10,4848.215,-1,0.1430000000000291,BACKFILL_AUTO
2026-06-19 02:55:56,1781837756,R_10,4848.26,1,0.04500000000007276,BACKFILL_AUTO
2026-06-19 02:55:58,1781837758,R_10,4848.271,1,0.01099999999951251,BACKFILL_AUTO
2026-06-19 02:56:00,1781837760,R_10,4848.484,1,0.21300000000064756,BACKFILL_AUTO
2026-06-19 02:56:02,1781837762,R_10,4848.398,-1,0.0860000000002401,BACKFILL_AUTO
2026-06-19 02:56:04,1781837764,R_10,4848.398,0,0.0,BACKFILL_AUTO
2026-06-19 02:56:06,1781837766,R_10,4848.307,-1,0.09100000000034925,BACKFILL_AUTO
2026-06-19 02:56:08,1781837768,R_10,4848.354,1,0.04700000000048021,BACKFILL_AUTO
2026-06-19 02:56:10,1781837770,R_10,4848.049,-1,0.30500000000029104,BACKFILL_AUTO
2026-06-19 02:56:12,1781837772,R_10,4847.948,-1,0.10099999999965803,BACKFILL_AUTO
2026-06-19 02:56:14,1781837774,R_10,4847.951,1,0.0029999999997016857,BACKFILL_AUTO
2026-06-19 02:56:16,1781837776,R_10,4847.744,-1,0.2070000000003347,BACKFILL_AUTO
2026-06-19 02:56:18,1781837778,R_10,4847.663,-1,0.08100000000013097,BACKFILL_AUTO
2026-06-19 02:56:20,1781837780,R_10,4847.476,-1,0.18699999999989814,BACKFILL_AUTO
2026-06-19 02:56:22,1781837782,R_10,4847.532,1,0.056000000000494765,BACKFILL_AUTO
2026-06-19 02:56:24,1781837784,R_10,4847.622,1,0.09000000000014552,BACKFILL_AUTO
2026-06-19 02:56:26,1781837786,R_10,4847.572,-1,0.0500000000001819,BACKFILL_AUTO
2026-06-19 02:56:28,1781837788,R_10,4847.571,-1,0.0010000000002037268,BACKFILL_AUTO
2026-06-19 02:56:30,1781837790,R_10,4847.78,1,0.20899999999983265,BACKFILL_AUTO
2026-06-19 02:56:32,1781837792,R_10,4847.485,-1,0.29500000000007276,BACKFILL_AUTO
2026-06-19 02:56:34,1781837794,R_10,4847.643,1,0.15800000000035652,BACKFILL_AUTO
2026-06-19 02:56:36,1781837796,R_10,4847.728,1,0.08500000000003638,BACKFILL_AUTO
2026-06-19 02:56:38,1781837798,R_10,4847.667,-1,0.06099999999969441,BACKFILL_AUTO
2026-06-19 02:56:40,1781837800,R_10,4847.578,-1,0.08899999999994179,BACKFILL_AUTO
2026-06-19 02:56:42,1781837802,R_10,4847.731,1,0.1529999999993379,BACKFILL_AUTO
2026-06-19 02:56:44,1781837804,R_10,4847.682,-1,0.04899999999997817,BACKFILL_AUTO
2026-06-19 02:56:46,1781837806,R_10,4847.78,1,0.09799999999995634,BACKFILL_AUTO
2026-06-19 02:56:48,1781837808,R_10,4847.758,-1,0.021999999999934516,BACKFILL_AUTO
2026-06-19 02:56:50,1781837810,R_10,4847.855,1,0.09699999999975262,BACKFILL_AUTO
2026-06-19 02:56:52,1781837812,R_10,4847.907,1,0.05200000000058935,BACKFILL_AUTO
2026-06-19 02:56:54,1781837814,R_10,4848.169,1,0.26199999999971624,BACKFILL_AUTO
2026-06-19 02:56:56,1781837816,R_10,4848.074,-1,0.09500000000025466,BACKFILL_AUTO
2026-06-19 02:56:58,1781837818,R_10,4847.956,-1,0.11799999999948341,BACKFILL_AUTO
2026-06-19 02:57:00,1781837820,R_10,4847.879,-1,0.07700000000022555,BACKFILL_AUTO
2026-06-19 02:57:02,1781837822,R_10,4847.877,-1,0.001999999999497959,BACKFILL_AUTO
2026-06-19 02:57:04,1781837824,R_10,4847.98,1,0.10299999999915599,BACKFILL_AUTO
2026-06-19 02:57:06,1781837826,R_10,4848.213,1,0.23300000000017462,BACKFILL_AUTO
2026-06-19 02:57:08,1781837828,R_10,4848.218,1,0.005000000000109139,BACKFILL_AUTO
2026-06-19 02:57:10,1781837830,R_10,4847.995,-1,0.22299999999995634,BACKFILL_AUTO
2026-06-19 02:57:12,1781837832,R_10,4848.056,1,0.06099999999969441,BACKFILL_AUTO
2026-06-19 02:57:14,1781837834,R_10,4848.008,-1,0.047999999999774445,BACKFILL_AUTO
2026-06-19 02:57:16,1781837836,R_10,4847.973,-1,0.03499999999985448,BACKFILL_AUTO
2026-06-19 02:57:18,1781837838,R_10,4848.114,1,0.14099999999962165,BACKFILL_AUTO
2026-06-19 02:57:20,1781837840,R_10,4847.947,-1,0.16699999999946158,BACKFILL_AUTO
2026-06-19 02:57:22,1781837842,R_10,4847.984,1,0.037000000000261934,BACKFILL_AUTO
2026-06-19 02:57:24,1781837844,R_10,4847.904,-1,0.07999999999992724,BACKFILL_AUTO
2026-06-19 02:57:26,1781837846,R_10,4847.897,-1,0.007000000000516593,BACKFILL_AUTO
2026-06-19 02:57:28,1781837848,R_10,4847.929,1,0.032000000000152795,BACKFILL_AUTO
2026-06-19 02:57:30,1781837850,R_10,4847.969,1,0.03999999999996362,BACKFILL_AUTO
2026-06-19 02:57:32,1781837852,R_10,4847.83,-1,0.1390000000001237,BACKFILL_AUTO
2026-06-19 02:57:34,1781837854,R_10,4847.597,-1,0.23300000000017462,BACKFILL_AUTO
2026-06-19 02:57:36,1781837856,R_10,4847.705,1,0.10800000000017462,BACKFILL_AUTO
2026-06-19 02:57:38,1781837858,R_10,4847.555,-1,0.1499999999996362,BACKFILL_AUTO
2026-06-19 02:57:40,1781837860,R_10,4847.332,-1,0.22299999999995634,BACKFILL_AUTO
2026-06-19 02:57:42,1781837862,R_10,4847.334,1,0.001999999999497959,BACKFILL_AUTO
2026-06-19 02:57:44,1781837864,R_10,4847.333,-1,0.0010000000002037268,BACKFILL_AUTO
2026-06-19 02:57:46,1781837866,R_10,4847.45,1,0.11700000000018917,BACKFILL_AUTO
2026-06-19 02:57:48,1781837868,R_10,4847.387,-1,0.06300000000010186,BACKFILL_AUTO
2026-06-19 02:57:50,1781837870,R_10,4847.388,1,0.0010000000002037268,BACKFILL_AUTO
2026-06-19 02:57:52,1781837872,R_10,4847.324,-1,0.06400000000030559,BACKFILL_AUTO
2026-06-19 02:57:54,1781837874,R_10,4847.222,-1,0.10199999999986176,BACKFILL_AUTO
2026-06-19 02:57:56,1781837876,R_10,4847.378,1,0.15599999999994907,BACKFILL_AUTO
2026-06-19 02:57:58,1781837878,R_10,4847.313,-1,0.06499999999959982,BACKFILL_AUTO
2026-06-19 02:58:00,1781837880,R_10,4847.244,-1,0.06900000000041473,BACKFILL_AUTO
2026-06-19 02:58:02,1781837882,R_10,4847.093,-1,0.15099999999983993,BACKFILL_AUTO
2026-06-19 02:58:04,1781837884,R_10,4846.986,-1,0.1069999999999709,BACKFILL_AUTO
2026-06-19 02:58:06,1781837886,R_10,4847.048,1,0.06199999999989814,BACKFILL_AUTO
2026-06-19 02:58:08,1781837888,R_10,4847.249,1,0.20100000000002183,BACKFILL_AUTO
2026-06-19 02:58:10,1781837890,R_10,4847.341,1,0.09200000000055297,BACKFILL_AUTO
2026-06-19 02:58:12,1781837892,R_10,4847.223,-1,0.1180000000003929,BACKFILL_AUTO
2026-06-19 02:58:14,1781837894,R_10,4847.259,1,0.03600000000005821,BACKFILL_AUTO
2026-06-19 02:58:16,1781837896,R_10,4847.224,-1,0.03499999999985448,BACKFILL_AUTO
2026-06-19 02:58:18,1781837898,R_10,4847.189,-1,0.03499999999985448,BACKFILL_AUTO
2026-06-19 02:58:20,1781837900,R_10,4847.233,1,0.04399999999986903,BACKFILL_AUTO
2026-06-19 02:58:22,1781837902,R_10,4847.505,1,0.2719999999999345,BACKFILL_AUTO
2026-06-19 02:58:24,1781837904,R_10,4847.379,-1,0.12600000000020373,BACKFILL_AUTO
2026-06-19 02:58:26,1781837906,R_10,4847.218,-1,0.1610000000000582,BACKFILL_AUTO
2026-06-19 02:58:28,1781837908,R_10,4847.15,-1,0.068000000000211,BACKFILL_AUTO
2026-06-19 02:58:30,1781837910,R_10,4846.989,-1,0.1610000000000582,BACKFILL_AUTO
2026-06-19 02:58:32,1781837912,R_10,4847.034,1,0.04500000000007276,BACKFILL_AUTO
2026-06-19 02:58:34,1781837914,R_10,4847.071,1,0.037000000000261934,BACKFILL_AUTO
2026-06-19 02:58:36,1781837916,R_10,4846.913,-1,0.15800000000035652,BACKFILL_AUTO
2026-06-19 02:58:38,1781837918,R_10,4847.269,1,0.35600000000067666,BACKFILL_AUTO
2026-06-19 02:58:40,1781837920,R_10,4847.489,1,0.21999999999934516,BACKFILL_AUTO
2026-06-19 02:58:42,1781837922,R_10,4847.292,-1,0.19699999999920692,BACKFILL_AUTO
2026-06-19 02:58:44,1781837924,R_10,4847.32,1,0.027999999999337888,BACKFILL_AUTO
2026-06-19 02:58:46,1781837926,R_10,4847.176,-1,0.14399999999932334,BACKFILL_AUTO
2026-06-19 02:58:48,1781837928,R_10,4847.123,-1,0.05300000000079308,BACKFILL_AUTO
2026-06-19 02:58:50,1781837930,R_10,4847.096,-1,0.027000000000043656,BACKFILL_AUTO
2026-06-19 02:58:52,1781837932,R_10,4846.961,-1,0.13499999999930878,BACKFILL_AUTO
2026-06-19 02:58:54,1781837934,R_10,4847.088,1,0.12699999999949796,BACKFILL_AUTO
2026-06-19 02:58:56,1781837936,R_10,4847.348,1,0.2600000000002183,BACKFILL_AUTO
2026-06-19 02:58:58,1781837938,R_10,4847.575,1,0.22699999999986176,BACKFILL_AUTO
2026-06-19 02:59:00,1781837940,R_10,4847.537,-1,0.03799999999955617,BACKFILL_AUTO
2026-06-19 02:59:02,1781837942,R_10,4847.673,1,0.1359999999995125,BACKFILL_AUTO
2026-06-19 02:59:04,1781837944,R_10,4847.575,-1,0.09799999999995634,BACKFILL_AUTO
2026-06-19 02:59:06,1781837946,R_10,4847.729,1,0.1540000000004511,BACKFILL_AUTO
2026-06-19 02:59:08,1781837948,R_10,4847.692,-1,0.037000000000261934,BACKFILL_AUTO
2026-06-19 02:59:10,1781837950,R_10,4847.517,-1,0.1750000000001819,BACKFILL_AUTO
2026-06-19 02:59:12,1781837952,R_10,4847.776,1,0.25900000000001455,BACKFILL_AUTO
2026-06-19 02:59:14,1781837954,R_10,4847.786,1,0.010000000000218279,BACKFILL_AUTO
2026-06-19 02:59:16,1781837956,R_10,4847.813,1,0.027000000000043656,BACKFILL_AUTO
2026-06-19 02:59:18,1781837958,R_10,4847.656,-1,0.1570000000001528,BACKFILL_AUTO
2026-06-19 02:59:20,1781837960,R_10,4847.834,1,0.17799999999988358,BACKFILL_AUTO
2026-06-19 02:59:22,1781837962,R_10,4847.552,-1,0.2820000000001528,BACKFILL_AUTO
2026-06-19 02:59:24,1781837964,R_10,4847.453,-1,0.09899999999925058,BACKFILL_AUTO
2026-06-19 02:59:26,1781837966,R_10,4847.573,1,0.11999999999989086,BACKFILL_AUTO
2026-06-19 02:59:28,1781837968,R_10,4847.484,-1,0.08899999999994179,BACKFILL_AUTO
2026-06-19 02:59:30,1781837970,R_10,4847.513,1,0.028999999999541615,BACKFILL_AUTO
2026-06-19 02:59:32,1781837972,R_10,4847.305,-1,0.20799999999962893,BACKFILL_AUTO
2026-06-19 02:59:34,1781837974,R_10,4847.336,1,0.03099999999994907,BACKFILL_AUTO
2026-06-19 02:59:36,1781837976,R_10,4847.405,1,0.06899999999950523,BACKFILL_AUTO
2026-06-19 02:59:38,1781837978,R_10,4847.578,1,0.17300000000068394,BACKFILL_AUTO
2026-06-19 02:59:40,1781837980,R_10,4847.35,-1,0.22800000000006548,BACKFILL_AUTO
2026-06-19 02:59:42,1781837982,R_10,4847.398,1,0.047999999999774445,BACKFILL_AUTO
2026-06-19 02:59:44,1781837984,R_10,4847.298,-1,0.1000000000003638,BACKFILL_AUTO
2026-06-19 02:59:46,1781837986,R_10,4847.32,1,0.021999999999934516,BACKFILL_AUTO
2026-06-19 02:59:48,1781837988,R_10,4847.586,1,0.26600000000053114,BACKFILL_AUTO
2026-06-19 02:59:50,1781837990,R_10,4847.594,1,0.007999999999810825,BACKFILL_AUTO
2026-06-19 02:59:52,1781837992,R_10,4847.13,-1,0.4639999999999418,BACKFILL_AUTO
2026-06-19 02:59:54,1781837994,R_10,4847.23,1,0.0999999999994543,BACKFILL_AUTO
2026-06-19 02:59:56,1781837996,R_10,4847.131,-1,0.09899999999925058,BACKFILL_AUTO
2026-06-19 02:59:58,1781837998,R_10,4847.098,-1,0.03300000000035652,BACKFILL_AUTO
2026-06-19 03:00:00,1781838000,R_10,4846.987,-1,0.11099999999987631,BACKFILL_AUTO
2026-06-19 03:00:02,1781838002,R_10,4846.943,-1,0.04399999999986903,BACKFILL_AUTO
2026-06-19 03:00:04,1781838004,R_10,4846.924,-1,0.01900000000023283,BACKFILL_AUTO
2026-06-19 03:00:06,1781838006,R_10,4847.037,1,0.11300000000028376,BACKFILL_AUTO
2026-06-19 03:00:08,1781838008,R_10,4847.031,-1,0.006000000000312866,BACKFILL_AUTO
2026-06-19 03:00:10,1781838010,R_10,4847.076,1,0.04500000000007276,BACKFILL_AUTO
2026-06-19 03:00:12,1781838012,R_10,4847.151,1,0.0749999999998181,BACKFILL_AUTO
2026-06-19 03:00:14,1781838014,R_10,4847.269,1,0.1180000000003929,BACKFILL_AUTO
2026-06-19 03:00:16,1781838016,R_10,4847.293,1,0.023999999999432475,BACKFILL_AUTO
2026-06-19 03:00:18,1781838018,R_10,4847.189,-1,0.10399999999935972,BACKFILL_AUTO
2026-06-19 03:00:20,1781838020,R_10,4847.371,1,0.181999999999789,BACKFILL_AUTO
2026-06-19 03:00:22,1781838022,R_10,4847.255,-1,0.11599999999998545,BACKFILL_AUTO
2026-06-19 03:00:24,1781838024,R_10,4847.256,1,0.0010000000002037268,BACKFILL_AUTO
2026-06-19 03:00:26,1781838026,R_10,4847.099,-1,0.1570000000001528,BACKFILL_AUTO
2026-06-19 03:00:28,1781838028,R_10,4847.19,1,0.09099999999943975,BACKFILL_AUTO
2026-06-19 03:00:30,1781838030,R_10,4847.029,-1,0.1609999999991487,BACKFILL_AUTO
2026-06-19 03:00:32,1781838032,R_10,4846.968,-1,0.061000000000603904,BACKFILL_AUTO
2026-06-19 03:00:34,1781838034,R_10,4846.903,-1,0.06499999999959982,BACKFILL_AUTO
2026-06-19 03:00:36,1781838036,R_10,4847.013,1,0.10999999999967258,BACKFILL_AUTO
2026-06-19 03:00:38,1781838038,R_10,4847.078,1,0.06500000000050932,BACKFILL_AUTO
2026-06-19 03:00:40,1781838040,R_10,4847.161,1,0.08299999999962893,BACKFILL_AUTO
2026-06-19 03:00:42,1781838042,R_10,4847.162,1,0.0010000000002037268,BACKFILL_AUTO
2026-06-19 03:00:44,1781838044,R_10,4847.253,1,0.09099999999943975,BACKFILL_AUTO
2026-06-19 03:00:46,1781838046,R_10,4847.315,1,0.06199999999989814,BACKFILL_AUTO
2026-06-19 03:00:48,1781838048,R_10,4847.099,-1,0.21599999999943975,BACKFILL_AUTO
2026-06-19 03:00:50,1781838050,R_10,4847.282,1,0.18299999999999272,BACKFILL_AUTO
2026-06-19 03:00:52,1781838052,R_10,4847.224,-1,0.057999999999992724,BACKFILL_AUTO
2026-06-19 03:00:54,1781838054,R_10,4846.83,-1,0.39400000000023283,BACKFILL_AUTO
2026-06-19 03:00:56,1781838056,R_10,4846.989,1,0.15899999999965075,BACKFILL_AUTO
2026-06-19 03:00:58,1781838058,R_10,4847.055,1,0.06600000000071304,BACKFILL_AUTO
2026-06-19 03:01:00,1781838060,R_10,4847.264,1,0.20899999999983265,BACKFILL_AUTO
2026-06-19 03:01:02,1781838062,R_10,4847.269,1,0.005000000000109139,BACKFILL_AUTO
2026-06-19 03:01:04,1781838064,R_10,4847.443,1,0.17399999999997817,BACKFILL_AUTO
2026-06-19 03:01:06,1781838066,R_10,4847.828,1,0.3850000000002183,BACKFILL_AUTO
2026-06-19 03:01:08,1781838068,R_10,4847.896,1,0.06799999999930151,BACKFILL_AUTO
2026-06-19 03:01:10,1781838070,R_10,4847.852,-1,0.04399999999986903,BACKFILL_AUTO
2026-06-19 03:01:12,1781838072,R_10,4847.905,1,0.052999999999883585,BACKFILL_AUTO
2026-06-19 03:01:14,1781838074,R_10,4847.716,-1,0.1889999999993961,BACKFILL_AUTO
2026-06-19 03:01:16,1781838076,R_10,4847.574,-1,0.14200000000073487,BACKFILL_AUTO
2026-06-19 03:01:18,1781838078,R_10,4847.796,1,0.2220000000006621,BACKFILL_AUTO
2026-06-19 03:01:20,1781838080,R_10,4847.69,-1,0.10600000000067666,BACKFILL_AUTO
2026-06-19 03:01:22,1781838082,R_10,4847.796,1,0.10600000000067666,BACKFILL_AUTO
2026-06-19 03:01:24,1781838084,R_10,4847.994,1,0.19799999999941065,BACKFILL_AUTO
2026-06-19 03:01:26,1781838086,R_10,4848.094,1,0.1000000000003638,BACKFILL_AUTO
2026-06-19 03:01:28,1781838088,R_10,4848.204,1,0.10999999999967258,BACKFILL_AUTO
2026-06-19 03:01:30,1781838090,R_10,4848.283,1,0.07900000000063301,BACKFILL_AUTO
2026-06-19 03:01:32,1781838092,R_10,4848.453,1,0.17000000000007276,BACKFILL_AUTO
2026-06-19 03:01:34,1781838094,R_10,4848.155,-1,0.29800000000068394,BACKFILL_AUTO
2026-06-19 03:01:36,1781838096,R_10,4848.182,1,0.027000000000043656,BACKFILL_AUTO
2026-06-19 03:01:38,1781838098,R_10,4848.049,-1,0.13299999999981083,BACKFILL_AUTO
2026-06-19 03:01:40,1781838100,R_10,4848.086,1,0.037000000000261934,BACKFILL_AUTO
2026-06-19 03:01:42,1781838102,R_10,4848.075,-1,0.011000000000422006,BACKFILL_AUTO
2026-06-19 03:01:44,1781838104,R_10,4848.168,1,0.0929999999998472,BACKFILL_AUTO
2026-06-19 03:01:46,1781838106,R_10,4848.074,-1,0.09400000000005093,BACKFILL_AUTO
2026-06-19 03:01:48,1781838108,R_10,4848.111,1,0.037000000000261934,BACKFILL_AUTO
2026-06-19 03:01:50,1781838110,R_10,4848.041,-1,0.06999999999970896,BACKFILL_AUTO
2026-06-19 03:01:52,1781838112,R_10,4847.989,-1,0.05200000000058935,BACKFILL_AUTO
2026-06-19 03:01:54,1781838114,R_10,4847.888,-1,0.10099999999965803,BACKFILL_AUTO
2026-06-19 03:01:56,1781838116,R_10,4847.908,1,0.020000000000436557,BACKFILL_AUTO
2026-06-19 03:01:58,1781838118,R_10,4847.958,1,0.049999999999272404,BACKFILL_AUTO
2026-06-19 03:02:00,1781838120,R_10,4847.945,-1,0.012999999999919964,BACKFILL_AUTO
2026-06-19 03:02:02,1781838122,R_10,4848.033,1,0.08800000000064756,BACKFILL_AUTO
2026-06-19 03:02:04,1781838124,R_10,4848.038,1,0.004999999999199645,BACKFILL_AUTO
2026-06-19 03:02:06,1781838126,R_10,4848.088,1,0.0500000000001819,BACKFILL_AUTO
2026-06-19 03:02:08,1781838128,R_10,4848.065,-1,0.023000000000138243,BACKFILL_AUTO
2026-06-19 03:02:10,1781838130,R_10,4847.926,-1,0.1389999999992142,BACKFILL_AUTO
2026-06-19 03:02:12,1781838132,R_10,4847.847,-1,0.07900000000063301,BACKFILL_AUTO
2026-06-19 03:02:14,1781838134,R_10,4847.938,1,0.09100000000034925,BACKFILL_AUTO
2026-06-19 03:02:16,1781838136,R_10,4848.059,1,0.12100000000009459,BACKFILL_AUTO
2026-06-19 03:02:18,1781838138,R_10,4847.859,-1,0.1999999999998181,BACKFILL_AUTO
2026-06-19 03:02:20,1781838140,R_10,4848.072,1,0.21299999999973807,BACKFILL_AUTO
2026-06-19 03:02:22,1781838142,R_10,4848.025,-1,0.04700000000048021,BACKFILL_AUTO
2026-06-19 03:02:24,1781838144,R_10,4847.847,-1,0.17799999999988358,BACKFILL_AUTO
2026-06-19 03:02:26,1781838146,R_10,4847.875,1,0.028000000000247383,BACKFILL_AUTO
2026-06-19 03:02:28,1781838148,R_10,4847.666,-1,0.20899999999983265,BACKFILL_AUTO
2026-06-19 03:02:30,1781838150,R_10,4847.815,1,0.14899999999943248,BACKFILL_AUTO
2026-06-19 03:02:32,1781838152,R_10,4847.9,1,0.08500000000003638,BACKFILL_AUTO
2026-06-19 03:02:34,1781838154,R_10,4847.932,1,0.032000000000152795,BACKFILL_AUTO
2026-06-19 03:02:36,1781838156,R_10,4848.126,1,0.19400000000041473,BACKFILL_AUTO
2026-06-19 03:02:38,1781838158,R_10,4848.117,-1,0.009000000000014552,BACKFILL_AUTO
2026-06-19 03:02:40,1781838160,R_10,4848.114,-1,0.0030000000006111804,BACKFILL_AUTO
2026-06-19 03:02:42,1781838162,R_10,4847.899,-1,0.21499999999923602,BACKFILL_AUTO
2026-06-19 03:02:44,1781838164,R_10,4847.981,1,0.0819999999994252,BACKFILL_AUTO
2026-06-19 03:02:46,1781838166,R_10,4848.121,1,0.14000000000032742,BACKFILL_AUTO
2026-06-19 03:02:48,1781838168,R_10,4848.254,1,0.13299999999981083,BACKFILL_AUTO
2026-06-19 03:02:50,1781838170,R_10,4848.322,1,0.068000000000211,BACKFILL_AUTO
2026-06-19 03:02:52,1781838172,R_10,4848.237,-1,0.08500000000003638,BACKFILL_AUTO
2026-06-19 03:02:54,1781838174,R_10,4848.201,-1,0.03600000000005821,BACKFILL_AUTO
2026-06-19 03:02:56,1781838176,R_10,4848.266,1,0.06499999999959982,BACKFILL_AUTO
2026-06-19 03:02:58,1781838178,R_10,4848.328,1,0.06200000000080763,BACKFILL_AUTO
2026-06-19 03:03:00,1781838180,R_10,4848.352,1,0.023999999999432475,BACKFILL_AUTO
2026-06-19 03:03:02,1781838182,R_10,4848.38,1,0.028000000000247383,BACKFILL_AUTO
2026-06-19 03:03:04,1781838184,R_10,4848.369,-1,0.011000000000422006,BACKFILL_AUTO
2026-06-19 03:03:06,1781838186,R_10,4848.307,-1,0.06199999999989814,BACKFILL_AUTO
2026-06-19 03:03:08,1781838188,R_10,4848.374,1,0.06700000000000728,BACKFILL_AUTO
2026-06-19 03:03:10,1781838190,R_10,4848.501,1,0.12700000000040745,BACKFILL_AUTO
2026-06-19 03:03:12,1781838192,R_10,4848.336,-1,0.16499999999996362,BACKFILL_AUTO
2026-06-19 03:03:14,1781838194,R_10,4848.315,-1,0.021000000000640284,BACKFILL_AUTO
2026-06-19 03:03:16,1781838196,R_10,4848.332,1,0.01700000000073487,BACKFILL_AUTO
2026-06-19 03:03:18,1781838198,R_10,4848.211,-1,0.12100000000009459,BACKFILL_AUTO
2026-06-19 03:03:20,1781838200,R_10,4848.456,1,0.24499999999989086,BACKFILL_AUTO
2026-06-19 03:03:22,1781838202,R_10,4848.512,1,0.05599999999958527,BACKFILL_AUTO
2026-06-19 03:03:24,1781838204,R_10,4848.427,-1,0.08500000000003638,BACKFILL_AUTO
2026-06-19 03:03:26,1781838206,R_10,4848.406,-1,0.02099999999973079,BACKFILL_AUTO
2026-06-19 03:03:28,1781838208,R_10,4848.33,-1,0.07600000000002183,BACKFILL_AUTO
2026-06-19 03:03:30,1781838210,R_10,4848.42,1,0.09000000000014552,BACKFILL_AUTO
2026-06-19 03:03:32,1781838212,R_10,4848.387,-1,0.03300000000035652,BACKFILL_AUTO
2026-06-19 03:03:34,1781838214,R_10,4848.51,1,0.12300000000050204,BACKFILL_AUTO
2026-06-19 03:03:36,1781838216,R_10,4848.499,-1,0.011000000000422006,BACKFILL_AUTO
2026-06-19 03:03:38,1781838218,R_10,4848.454,-1,0.04500000000007276,BACKFILL_AUTO
2026-06-19 03:03:40,1781838220,R_10,4848.407,-1,0.04699999999957072,BACKFILL_AUTO
2026-06-19 03:03:42,1781838222,R_10,4848.369,-1,0.03800000000046566,BACKFILL_AUTO
2026-06-19 03:03:44,1781838224,R_10,4848.31,-1,0.058999999999286956,BACKFILL_AUTO
2026-06-19 03:03:46,1781838226,R_10,4848.413,1,0.10299999999915599,BACKFILL_AUTO
2026-06-19 03:03:48,1781838228,R_10,4848.358,-1,0.054999999999381544,BACKFILL_AUTO
2026-06-19 03:03:50,1781838230,R_10,4848.583,1,0.2249999999994543,BACKFILL_AUTO
2026-06-19 03:03:52,1781838232,R_10,4848.658,1,0.0750000000007276,BACKFILL_AUTO
2026-06-19 03:03:54,1781838234,R_10,4848.691,1,0.03299999999944703,BACKFILL_AUTO
2026-06-19 03:03:56,1781838236,R_10,4848.892,1,0.20100000000002183,BACKFILL_AUTO
2026-06-19 03:03:58,1781838238,R_10,4848.836,-1,0.05599999999958527,BACKFILL_AUTO
2026-06-19 03:04:00,1781838240,R_10,4848.686,-1,0.1500000000005457,BACKFILL_AUTO
2026-06-19 03:04:02,1781838242,R_10,4848.698,1,0.012000000000625732,BACKFILL_AUTO
2026-06-19 03:04:04,1781838244,R_10,4848.738,1,0.03999999999996362,BACKFILL_AUTO
2026-06-19 03:04:06,1781838246,R_10,4848.955,1,0.21699999999964348,BACKFILL_AUTO
2026-06-19 03:04:08,1781838248,R_10,4849.227,1,0.2719999999999345,BACKFILL_AUTO
2026-06-19 03:04:10,1781838250,R_10,4849.304,1,0.07700000000022555,BACKFILL_AUTO
2026-06-19 03:04:12,1781838252,R_10,4849.327,1,0.023000000000138243,BACKFILL_AUTO
2026-06-19 03:04:14,1781838254,R_10,4849.401,1,0.07399999999961437,BACKFILL_AUTO
2026-06-19 03:04:16,1781838256,R_10,4849.324,-1,0.07700000000022555,BACKFILL_AUTO
2026-06-19 03:04:18,1781838258,R_10,4849.488,1,0.1640000000006694,BACKFILL_AUTO
2026-06-19 03:04:20,1781838260,R_10,4849.413,-1,0.0750000000007276,BACKFILL_AUTO
2026-06-19 03:04:22,1781838262,R_10,4849.072,-1,0.34099999999943975,BACKFILL_AUTO
2026-06-19 03:04:24,1781838264,R_10,4849.006,-1,0.06599999999980355,BACKFILL_AUTO
2026-06-19 03:04:26,1781838266,R_10,4849.06,1,0.05400000000008731,BACKFILL_AUTO
2026-06-19 03:04:28,1781838268,R_10,4849.274,1,0.2139999999999418,BACKFILL_AUTO
2026-06-19 03:04:30,1781838270,R_10,4849.359,1,0.08500000000003638,BACKFILL_AUTO
2026-06-19 03:04:32,1781838272,R_10,4849.103,-1,0.25600000000031287,BACKFILL_AUTO
2026-06-19 03:04:34,1781838274,R_10,4849.039,-1,0.06400000000030559,BACKFILL_AUTO
2026-06-19 03:04:36,1781838276,R_10,4849.208,1,0.16899999999986903,BACKFILL_AUTO
2026-06-19 03:04:38,1781838278,R_10,4849.157,-1,0.05099999999947613,BACKFILL_AUTO
2026-06-19 03:04:40,1781838280,R_10,4849.158,1,0.0010000000002037268,BACKFILL_AUTO
2026-06-19 03:04:42,1781838282,R_10,4849.272,1,0.113999999999578,BACKFILL_AUTO
2026-06-19 03:04:44,1781838284,R_10,4849.31,1,0.03800000000046566,BACKFILL_AUTO
2026-06-19 03:04:46,1781838286,R_10,4849.35,1,0.03999999999996362,BACKFILL_AUTO
2026-06-19 03:04:48,1781838288,R_10,4849.207,-1,0.1430000000000291,BACKFILL_AUTO
2026-06-19 03:04:50,1781838290,R_10,4848.987,-1,0.22000000000025466,BACKFILL_AUTO
2026-06-19 03:04:52,1781838292,R_10,4849.063,1,0.07600000000002183,BACKFILL_AUTO
2026-06-19 03:04:54,1781838294,R_10,4848.878,-1,0.18500000000040018,BACKFILL_AUTO
2026-06-19 03:04:56,1781838296,R_10,4848.927,1,0.04899999999997817,BACKFILL_AUTO
2026-06-19 03:04:58,1781838298,R_10,4848.834,-1,0.0929999999998472,BACKFILL_AUTO
2026-06-19 03:05:00,1781838300,R_10,4848.734,-1,0.0999999999994543,BACKFILL_AUTO
2026-06-19 03:05:02,1781838302,R_10,4848.787,1,0.052999999999883585,BACKFILL_AUTO
2026-06-19 03:05:04,1781838304,R_10,4848.895,1,0.10800000000017462,BACKFILL_AUTO
2026-06-19 03:05:06,1781838306,R_10,4848.97,1,0.0749999999998181,BACKFILL_AUTO
2026-06-19 03:05:08,1781838308,R_10,4848.796,-1,0.17399999999997817,BACKFILL_AUTO
2026-06-19 03:05:10,1781838310,R_10,4848.8,1,0.0039999999999054126,BACKFILL_AUTO
2026-06-19 03:05:12,1781838312,R_10,4848.868,1,0.068000000000211,BACKFILL_AUTO
2026-06-19 03:05:14,1781838314,R_10,4849.001,1,0.13299999999981083,BACKFILL_AUTO
2026-06-19 03:05:16,1781838316,R_10,4848.854,-1,0.14699999999993452,BACKFILL_AUTO
2026-06-19 03:05:18,1781838318,R_10,4848.864,1,0.009999999999308784,BACKFILL_AUTO
2026-06-19 03:05:20,1781838320,R_10,4848.981,1,0.11700000000018917,BACKFILL_AUTO
2026-06-19 03:05:22,1781838322,R_10,4849.064,1,0.08300000000053842,BACKFILL_AUTO
2026-06-19 03:05:24,1781838324,R_10,4849.101,1,0.03699999999935244,BACKFILL_AUTO
2026-06-19 03:05:26,1781838326,R_10,4849.164,1,0.06300000000010186,BACKFILL_AUTO
2026-06-19 03:05:28,1781838328,R_10,4849.145,-1,0.018999999999323336,BACKFILL_AUTO
2026-06-19 03:05:30,1781838330,R_10,4849.315,1,0.16999999999916326,BACKFILL_AUTO
2026-06-19 03:05:32,1781838332,R_10,4849.368,1,0.05300000000079308,BACKFILL_AUTO
2026-06-19 03:05:34,1781838334,R_10,4849.529,1,0.1610000000000582,BACKFILL_AUTO
2026-06-19 03:05:36,1781838336,R_10,4849.516,-1,0.01300000000082946,BACKFILL_AUTO
2026-06-19 03:05:38,1781838338,R_10,4849.691,1,0.1750000000001819,BACKFILL_AUTO
2026-06-19 03:05:40,1781838340,R_10,4849.539,-1,0.15200000000004366,BACKFILL_AUTO
2026-06-19 03:05:42,1781838342,R_10,4849.825,1,0.2860000000000582,BACKFILL_AUTO
2026-06-19 03:05:44,1781838344,R_10,4849.738,-1,0.08699999999953434,BACKFILL_AUTO
2026-06-19 03:05:46,1781838346,R_10,4849.674,-1,0.06400000000030559,BACKFILL_AUTO
2026-06-19 03:05:48,1781838348,R_10,4849.787,1,0.11300000000028376,BACKFILL_AUTO
2026-06-19 03:05:50,1781838350,R_10,4849.538,-1,0.24900000000070577,BACKFILL_AUTO
2026-06-19 03:05:52,1781838352,R_10,4849.759,1,0.22100000000045839,BACKFILL_AUTO
2026-06-19 03:05:54,1781838354,R_10,4849.709,-1,0.0500000000001819,BACKFILL_AUTO
2026-06-19 03:05:56,1781838356,R_10,4849.685,-1,0.023999999999432475,BACKFILL_AUTO
2026-06-19 03:05:58,1781838358,R_10,4849.728,1,0.042999999999665306,BACKFILL_AUTO
2026-06-19 03:06:00,1781838360,R_10,4849.655,-1,0.07300000000032014,BACKFILL_AUTO
2026-06-19 03:06:02,1781838362,R_10,4849.652,-1,0.0029999999997016857,BACKFILL_AUTO
2026-06-19 03:06:04,1781838364,R_10,4849.541,-1,0.11099999999987631,BACKFILL_AUTO
2026-06-19 03:06:06,1781838366,R_10,4849.548,1,0.006999999999607098,BACKFILL_AUTO
2026-06-19 03:06:08,1781838368,R_10,4849.69,1,0.14199999999982538,BACKFILL_AUTO
2026-06-19 03:06:10,1781838370,R_10,4849.685,-1,0.004999999999199645,BACKFILL_AUTO
2026-06-19 03:06:12,1781838372,R_10,4849.913,1,0.227999999999156,BACKFILL_AUTO
2026-06-19 03:06:14,1781838374,R_10,4850.143,1,0.23000000000047294,BACKFILL_AUTO
2026-06-19 03:06:16,1781838376,R_10,4850.198,1,0.05500000000029104,BACKFILL_AUTO
2026-06-19 03:06:18,1781838378,R_10,4850.401,1,0.2029999999995198,BACKFILL_AUTO
2026-06-19 03:06:20,1781838380,R_10,4850.399,-1,0.001999999999497959,BACKFILL_AUTO
2026-06-19 03:06:22,1781838382,R_10,4850.462,1,0.06300000000010186,BACKFILL_AUTO
2026-06-19 03:06:24,1781838384,R_10,4850.5,1,0.03799999999955617,BACKFILL_AUTO
2026-06-19 03:06:26,1781838386,R_10,4850.338,-1,0.16200000000026193,BACKFILL_AUTO
2026-06-19 03:06:28,1781838388,R_10,4850.285,-1,0.052999999999883585,BACKFILL_AUTO
2026-06-19 03:06:30,1781838390,R_10,4850.293,1,0.007999999999810825,BACKFILL_AUTO
2026-06-19 03:06:32,1781838392,R_10,4850.482,1,0.1890000000003056,BACKFILL_AUTO
2026-06-19 03:06:34,1781838394,R_10,4850.459,-1,0.023000000000138243,BACKFILL_AUTO
2026-06-19 03:06:36,1781838396,R_10,4850.309,-1,0.1499999999996362,BACKFILL_AUTO
2026-06-19 03:06:38,1781838398,R_10,4850.5,1,0.19099999999980355,BACKFILL_AUTO
2026-06-19 03:06:40,1781838400,R_10,4850.48,-1,0.020000000000436557,BACKFILL_AUTO
2026-06-19 03:06:42,1781838402,R_10,4850.4,-1,0.07999999999992724,BACKFILL_AUTO
2026-06-19 03:06:44,1781838404,R_10,4850.488,1,0.08800000000064756,BACKFILL_AUTO
2026-06-19 03:06:46,1781838406,R_10,4850.471,-1,0.01700000000073487,BACKFILL_AUTO
2026-06-19 03:06:48,1781838408,R_10,4850.588,1,0.11700000000018917,BACKFILL_AUTO
2026-06-19 03:06:50,1781838410,R_10,4850.765,1,0.17700000000058935,BACKFILL_AUTO
2026-06-19 03:06:52,1781838412,R_10,4850.79,1,0.024999999999636202,BACKFILL_AUTO
2026-06-19 03:06:54,1781838414,R_10,4850.804,1,0.014000000000123691,BACKFILL_AUTO
2026-06-19 03:06:56,1781838416,R_10,4850.76,-1,0.04399999999986903,BACKFILL_AUTO
2026-06-19 03:06:58,1781838418,R_10,4850.765,1,0.005000000000109139,BACKFILL_AUTO
2026-06-19 03:07:00,1781838420,R_10,4850.848,1,0.08299999999962893,BACKFILL_AUTO
2026-06-19 03:07:02,1781838422,R_10,4850.616,-1,0.2319999999999709,BACKFILL_AUTO
2026-06-19 03:07:04,1781838424,R_10,4850.493,-1,0.12299999999959255,BACKFILL_AUTO
2026-06-19 03:07:06,1781838426,R_10,4850.41,-1,0.08300000000053842,BACKFILL_AUTO
2026-06-19 03:07:08,1781838428,R_10,4850.361,-1,0.04899999999997817,BACKFILL_AUTO
2026-06-19 03:07:10,1781838430,R_10,4850.396,1,0.03499999999985448,BACKFILL_AUTO
2026-06-19 03:07:12,1781838432,R_10,4850.396,0,0.0,BACKFILL_AUTO
2026-06-19 03:07:14,1781838434,R_10,4850.382,-1,0.014000000000123691,BACKFILL_AUTO
2026-06-19 03:07:16,1781838436,R_10,4850.365,-1,0.016999999999825377,BACKFILL_AUTO
2026-06-19 03:07:18,1781838438,R_10,4850.175,-1,0.18999999999959982,BACKFILL_AUTO
2026-06-19 03:07:20,1781838440,R_10,4850.22,1,0.04500000000007276,BACKFILL_AUTO
2026-06-19 03:07:22,1781838442,R_10,4850.455,1,0.23499999999967258,BACKFILL_AUTO
2026-06-19 03:07:24,1781838444,R_10,4850.363,-1,0.09199999999964348,BACKFILL_AUTO
2026-06-19 03:07:26,1781838446,R_10,4850.392,1,0.028999999999541615,BACKFILL_AUTO
2026-06-19 03:07:28,1781838448,R_10,4850.421,1,0.02900000000045111,BACKFILL_AUTO
2026-06-19 03:07:30,1781838450,R_10,4850.276,-1,0.14500000000043656,BACKFILL_AUTO
2026-06-19 03:07:32,1781838452,R_10,4850.499,1,0.22299999999995634,BACKFILL_AUTO
2026-06-19 03:07:34,1781838454,R_10,4850.433,-1,0.06599999999980355,BACKFILL_AUTO
2026-06-19 03:07:36,1781838456,R_10,4850.461,1,0.028000000000247383,BACKFILL_AUTO
2026-06-19 03:07:38,1781838458,R_10,4850.228,-1,0.23300000000017462,BACKFILL_AUTO
2026-06-19 03:07:40,1781838460,R_10,4850.188,-1,0.03999999999996362,BACKFILL_AUTO
2026-06-19 03:07:42,1781838462,R_10,4850.154,-1,0.033999999999650754,BACKFILL_AUTO
2026-06-19 03:07:44,1781838464,R_10,4850.051,-1,0.10300000000006548,BACKFILL_AUTO
2026-06-19 03:07:46,1781838466,R_10,4850.077,1,0.02599999999983993,BACKFILL_AUTO
2026-06-19 03:07:48,1781838468,R_10,4850.233,1,0.15599999999994907,BACKFILL_AUTO
2026-06-19 03:07:50,1781838470,R_10,4850.368,1,0.13500000000021828,BACKFILL_AUTO
2026-06-19 03:07:52,1781838472,R_10,4850.451,1,0.08299999999962893,BACKFILL_AUTO
2026-06-19 03:07:54,1781838474,R_10,4850.456,1,0.005000000000109139,BACKFILL_AUTO
2026-06-19 03:07:56,1781838476,R_10,4850.397,-1,0.05900000000019645,BACKFILL_AUTO
2026-06-19 03:07:58,1781838478,R_10,4850.261,-1,0.1359999999995125,BACKFILL_AUTO
2026-06-19 03:08:00,1781838480,R_10,4850.309,1,0.047999999999774445,BACKFILL_AUTO
2026-06-19 03:08:02,1781838482,R_10,4850.535,1,0.22599999999965803,BACKFILL_AUTO
2026-06-19 03:08:04,1781838484,R_10,4850.483,-1,0.05199999999967986,BACKFILL_AUTO
2026-06-19 03:08:06,1781838486,R_10,4850.433,-1,0.0500000000001819,BACKFILL_AUTO
2026-06-19 03:08:08,1781838488,R_10,4850.657,1,0.22400000000016007,BACKFILL_AUTO
2026-06-19 03:08:10,1781838490,R_10,4850.571,-1,0.0860000000002401,BACKFILL_AUTO
2026-06-19 03:08:12,1781838492,R_10,4850.636,1,0.06500000000050932,BACKFILL_AUTO
2026-06-19 03:08:14,1781838494,R_10,4850.547,-1,0.08900000000085129,BACKFILL_AUTO
2026-06-19 03:08:16,1781838496,R_10,4850.665,1,0.1180000000003929,BACKFILL_AUTO
2026-06-19 03:08:18,1781838498,R_10,4850.561,-1,0.10400000000026921,BACKFILL_AUTO
2026-06-19 03:08:20,1781838500,R_10,4850.628,1,0.06700000000000728,BACKFILL_AUTO
2026-06-19 03:08:22,1781838502,R_10,4850.591,-1,0.03699999999935244,BACKFILL_AUTO
2026-06-19 03:08:24,1781838504,R_10,4850.641,1,0.049999999999272404,BACKFILL_AUTO
2026-06-19 03:08:26,1781838506,R_10,4850.774,1,0.13300000000072032,BACKFILL_AUTO
2026-06-19 03:08:28,1781838508,R_10,4850.69,-1,0.08400000000074215,BACKFILL_AUTO
2026-06-19 03:08:30,1781838510,R_10,4850.944,1,0.2540000000008149,BACKFILL_AUTO
2026-06-19 03:08:32,1781838512,R_10,4851.168,1,0.22399999999925058,BACKFILL_AUTO
2026-06-19 03:08:34,1781838514,R_10,4851.041,-1,0.12699999999949796,BACKFILL_AUTO
2026-06-19 03:08:36,1781838516,R_10,4851.08,1,0.03899999999975989,BACKFILL_AUTO
2026-06-19 03:08:38,1781838518,R_10,4851.272,1,0.19200000000000728,BACKFILL_AUTO
2026-06-19 03:08:40,1781838520,R_10,4851.288,1,0.01599999999962165,BACKFILL_AUTO
2026-06-19 03:08:42,1781838522,R_10,4851.116,-1,0.17199999999957072,BACKFILL_AUTO
2026-06-19 03:08:44,1781838524,R_10,4851.203,1,0.08700000000044383,BACKFILL_AUTO
2026-06-19 03:08:46,1781838526,R_10,4851.209,1,0.0059999999994033715,BACKFILL_AUTO
2026-06-19 03:08:48,1781838528,R_10,4851.242,1,0.03300000000035652,BACKFILL_AUTO
2026-06-19 03:08:50,1781838530,R_10,4851.243,1,0.0010000000002037268,BACKFILL_AUTO
2026-06-19 03:08:52,1781838532,R_10,4851.224,-1,0.01900000000023283,BACKFILL_AUTO
2026-06-19 03:08:54,1781838534,R_10,4851.259,1,0.03499999999985448,BACKFILL_AUTO
2026-06-19 03:08:56,1781838536,R_10,4851.516,1,0.2569999999996071,BACKFILL_AUTO
2026-06-19 03:08:58,1781838538,R_10,4851.459,-1,0.056999999999789,BACKFILL_AUTO
2026-06-19 03:09:00,1781838540,R_10,4851.693,1,0.23400000000037835,BACKFILL_AUTO
2026-06-19 03:09:02,1781838542,R_10,4851.555,-1,0.13799999999991996,BACKFILL_AUTO
2026-06-19 03:09:04,1781838544,R_10,4851.412,-1,0.1430000000000291,BACKFILL_AUTO
2026-06-19 03:09:06,1781838546,R_10,4851.594,1,0.181999999999789,BACKFILL_AUTO
2026-06-19 03:09:08,1781838548,R_10,4851.552,-1,0.042000000000371074,BACKFILL_AUTO
2026-06-19 03:09:10,1781838550,R_10,4851.798,1,0.2460000000000946,BACKFILL_AUTO
2026-06-19 03:09:12,1781838552,R_10,4851.756,-1,0.04199999999946158,BACKFILL_AUTO
2026-06-19 03:09:14,1781838554,R_10,4851.772,1,0.01599999999962165,BACKFILL_AUTO
2026-06-19 03:09:16,1781838556,R_10,4851.711,-1,0.06099999999969441,BACKFILL_AUTO
2026-06-19 03:09:18,1781838558,R_10,4851.566,-1,0.14500000000043656,BACKFILL_AUTO
2026-06-19 03:09:20,1781838560,R_10,4851.592,1,0.02599999999983993,BACKFILL_AUTO
2026-06-19 03:09:22,1781838562,R_10,4851.475,-1,0.11699999999927968,BACKFILL_AUTO
2026-06-19 03:09:24,1781838564,R_10,4851.441,-1,0.03400000000056025,BACKFILL_AUTO
2026-06-19 03:09:26,1781838566,R_10,4851.462,1,0.021000000000640284,BACKFILL_AUTO
2026-06-19 03:09:28,1781838568,R_10,4851.427,-1,0.035000000000763976,BACKFILL_AUTO
2026-06-19 03:09:30,1781838570,R_10,4851.454,1,0.027000000000043656,BACKFILL_AUTO
2026-06-19 03:09:32,1781838572,R_10,4851.554,1,0.1000000000003638,BACKFILL_AUTO
2026-06-19 03:09:34,1781838574,R_10,4851.596,1,0.04199999999946158,BACKFILL_AUTO
2026-06-19 03:09:36,1781838576,R_10,4851.327,-1,0.26899999999932334,BACKFILL_AUTO
2026-06-19 03:09:38,1781838578,R_10,4851.502,1,0.1750000000001819,BACKFILL_AUTO
2026-06-19 03:09:40,1781838580,R_10,4851.495,-1,0.007000000000516593,BACKFILL_AUTO
2026-06-19 03:09:42,1781838582,R_10,4851.702,1,0.2070000000003347,BACKFILL_AUTO
2026-06-19 03:09:44,1781838584,R_10,4851.731,1,0.028999999999541615,BACKFILL_AUTO
2026-06-19 03:09:46,1781838586,R_10,4851.78,1,0.04899999999997817,BACKFILL_AUTO
2026-06-19 03:09:48,1781838588,R_10,4851.649,-1,0.13099999999940337,BACKFILL_AUTO
2026-06-19 03:09:50,1781838590,R_10,4851.573,-1,0.07600000000002183,BACKFILL_AUTO
2026-06-19 03:09:52,1781838592,R_10,4851.718,1,0.14499999999952706,BACKFILL_AUTO
2026-06-19 03:09:54,1781838594,R_10,4851.654,-1,0.0639999999993961,BACKFILL_AUTO
2026-06-19 03:09:56,1781838596,R_10,4851.606,-1,0.04800000000068394,BACKFILL_AUTO
2026-06-19 03:09:58,1781838598,R_10,4851.705,1,0.09900000000016007,BACKFILL_AUTO
2026-06-19 03:10:00,1781838600,R_10,4851.54,-1,0.16499999999996362,BACKFILL_AUTO
2026-06-19 03:10:02,1781838602,R_10,4851.707,1,0.16700000000037107,BACKFILL_AUTO
2026-06-19 03:10:04,1781838604,R_10,4851.857,1,0.1499999999996362,BACKFILL_AUTO
2026-06-19 03:10:06,1781838606,R_10,4851.659,-1,0.19800000000032014,BACKFILL_AUTO
2026-06-19 03:10:08,1781838608,R_10,4851.642,-1,0.016999999999825377,BACKFILL_AUTO
2026-06-19 03:10:10,1781838610,R_10,4851.528,-1,0.113999999999578,BACKFILL_AUTO
2026-06-19 03:10:12,1781838612,R_10,4851.548,1,0.019999999999527063,BACKFILL_AUTO
2026-06-19 03:10:14,1781838614,R_10,4851.479,-1,0.06899999999950523,BACKFILL_AUTO
2026-06-19 03:10:16,1781838616,R_10,4851.519,1,0.03999999999996362,BACKFILL_AUTO
2026-06-19 03:10:18,1781838618,R_10,4851.523,1,0.0039999999999054126,BACKFILL_AUTO
2026-06-19 03:10:20,1781838620,R_10,4851.557,1,0.033999999999650754,BACKFILL_AUTO
2026-06-19 03:10:22,1781838622,R_10,4851.573,1,0.016000000000531145,BACKFILL_AUTO
2026-06-19 03:10:24,1781838624,R_10,4851.942,1,0.36899999999968713,BACKFILL_AUTO
2026-06-19 03:10:26,1781838626,R_10,4851.889,-1,0.052999999999883585,BACKFILL_AUTO
2026-06-19 03:10:28,1781838628,R_10,4852.06,1,0.1710000000002765,BACKFILL_AUTO
2026-06-19 03:10:30,1781838630,R_10,4851.994,-1,0.06600000000071304,BACKFILL_AUTO
2026-06-19 03:10:32,1781838632,R_10,4852.013,1,0.01900000000023283,BACKFILL_AUTO
2026-06-19 03:10:34,1781838634,R_10,4852.161,1,0.14800000000013824,BACKFILL_AUTO
2026-06-19 03:10:36,1781838636,R_10,4852.207,1,0.046000000000276486,BACKFILL_AUTO
2026-06-19 03:10:38,1781838638,R_10,4852.317,1,0.10999999999967258,BACKFILL_AUTO
2026-06-19 03:10:40,1781838640,R_10,4852.326,1,0.009000000000014552,BACKFILL_AUTO
2026-06-19 03:10:42,1781838642,R_10,4852.387,1,0.06099999999969441,BACKFILL_AUTO
2026-06-19 03:10:44,1781838644,R_10,4852.601,1,0.2139999999999418,BACKFILL_AUTO
2026-06-19 03:10:46,1781838646,R_10,4852.647,1,0.046000000000276486,BACKFILL_AUTO
2026-06-19 03:10:48,1781838648,R_10,4852.847,1,0.1999999999998181,BACKFILL_AUTO
2026-06-19 03:10:50,1781838650,R_10,4852.906,1,0.05900000000019645,BACKFILL_AUTO
2026-06-19 03:10:52,1781838652,R_10,4852.937,1,0.03099999999994907,BACKFILL_AUTO
2026-06-19 03:10:54,1781838654,R_10,4852.885,-1,0.05199999999967986,BACKFILL_AUTO
2026-06-19 03:10:56,1781838656,R_10,4852.889,1,0.0039999999999054126,BACKFILL_AUTO
2026-06-19 03:10:58,1781838658,R_10,4852.891,1,0.001999999999497959,BACKFILL_AUTO
2026-06-19 03:11:00,1781838660,R_10,4853.035,1,0.14400000000023283,BACKFILL_AUTO
2026-06-19 03:11:02,1781838662,R_10,4853.225,1,0.19000000000050932,BACKFILL_AUTO
2026-06-19 03:11:04,1781838664,R_10,4852.959,-1,0.26600000000053114,BACKFILL_AUTO
2026-06-19 03:11:06,1781838666,R_10,4852.788,-1,0.1710000000002765,BACKFILL_AUTO
2026-06-19 03:11:08,1781838668,R_10,4852.752,-1,0.03599999999914871,BACKFILL_AUTO
2026-06-19 03:11:10,1781838670,R_10,4852.486,-1,0.26600000000053114,BACKFILL_AUTO
2026-06-19 03:11:12,1781838672,R_10,4852.634,1,0.14800000000013824,BACKFILL_AUTO
2026-06-19 03:11:14,1781838674,R_10,4852.832,1,0.19800000000032014,BACKFILL_AUTO
2026-06-19 03:11:16,1781838676,R_10,4852.776,-1,0.056000000000494765,BACKFILL_AUTO
2026-06-19 03:11:18,1781838678,R_10,4852.791,1,0.015000000000327418,BACKFILL_AUTO
2026-06-19 03:11:20,1781838680,R_10,4852.817,1,0.02599999999983993,BACKFILL_AUTO
2026-06-19 03:11:22,1781838682,R_10,4852.939,1,0.12200000000029831,BACKFILL_AUTO
2026-06-19 03:11:24,1781838684,R_10,4852.729,-1,0.21000000000003638,BACKFILL_AUTO
2026-06-19 03:11:26,1781838686,R_10,4852.879,1,0.1499999999996362,BACKFILL_AUTO
2026-06-19 03:11:28,1781838688,R_10,4852.49,-1,0.3890000000001237,BACKFILL_AUTO
2026-06-19 03:11:30,1781838690,R_10,4852.392,-1,0.09799999999995634,BACKFILL_AUTO
2026-06-19 03:11:32,1781838692,R_10,4852.534,1,0.14199999999982538,BACKFILL_AUTO
2026-06-19 03:11:34,1781838694,R_10,4852.542,1,0.00800000000072032,BACKFILL_AUTO
2026-06-19 03:11:36,1781838696,R_10,4852.547,1,0.004999999999199645,BACKFILL_AUTO
2026-06-19 03:11:38,1781838698,R_10,4852.445,-1,0.10199999999986176,BACKFILL_AUTO
2026-06-19 03:11:40,1781838700,R_10,4852.655,1,0.21000000000003638,BACKFILL_AUTO
2026-06-19 03:11:42,1781838702,R_10,4852.876,1,0.22100000000045839,BACKFILL_AUTO
2026-06-19 03:11:44,1781838704,R_10,4852.86,-1,0.016000000000531145,BACKFILL_AUTO
2026-06-19 03:11:46,1781838706,R_10,4852.84,-1,0.019999999999527063,BACKFILL_AUTO
2026-06-19 03:11:48,1781838708,R_10,4852.823,-1,0.016999999999825377,BACKFILL_AUTO
2026-06-19 03:11:50,1781838710,R_10,4852.823,0,0.0,BACKFILL_AUTO
2026-06-19 03:11:52,1781838712,R_10,4852.908,1,0.08500000000003638,BACKFILL_AUTO
2026-06-19 03:11:54,1781838714,R_10,4852.815,-1,0.0930000000007567,BACKFILL_AUTO
2026-06-19 03:11:56,1781838716,R_10,4852.779,-1,0.03599999999914871,BACKFILL_AUTO
2026-06-19 03:11:58,1781838718,R_10,4852.637,-1,0.14200000000073487,BACKFILL_AUTO
2026-06-19 03:12:00,1781838720,R_10,4852.51,-1,0.12699999999949796,BACKFILL_AUTO
2026-06-19 03:12:02,1781838722,R_10,4852.724,1,0.2139999999999418,BACKFILL_AUTO
2026-06-19 03:12:04,1781838724,R_10,4852.565,-1,0.15900000000056025,BACKFILL_AUTO
2026-06-19 03:12:06,1781838726,R_10,4852.584,1,0.01900000000023283,BACKFILL_AUTO
2026-06-19 03:12:08,1781838728,R_10,4852.782,1,0.19800000000032014,BACKFILL_AUTO
2026-06-19 03:12:10,1781838730,R_10,4852.756,-1,0.02599999999983993,BACKFILL_AUTO
2026-06-19 03:12:12,1781838732,R_10,4852.669,-1,0.08700000000044383,BACKFILL_AUTO
2026-06-19 03:12:14,1781838734,R_10,4852.762,1,0.0929999999998472,BACKFILL_AUTO
2026-06-19 03:12:16,1781838736,R_10,4852.598,-1,0.1639999999997599,BACKFILL_AUTO
2026-06-19 03:12:18,1781838738,R_10,4852.598,0,0.0,BACKFILL_AUTO
2026-06-19 03:12:20,1781838740,R_10,4852.659,1,0.06099999999969441,BACKFILL_AUTO
2026-06-19 03:12:22,1781838742,R_10,4852.716,1,0.05700000000069849,BACKFILL_AUTO
2026-06-19 03:12:24,1781838744,R_10,4852.708,-1,0.00800000000072032,BACKFILL_AUTO
2026-06-19 03:12:26,1781838746,R_10,4852.786,1,0.07800000000042928,BACKFILL_AUTO
2026-06-19 03:12:28,1781838748,R_10,4852.995,1,0.20899999999983265,BACKFILL_AUTO
2026-06-19 03:12:30,1781838750,R_10,4853.014,1,0.01900000000023283,BACKFILL_AUTO
2026-06-19 03:12:32,1781838752,R_10,4852.903,-1,0.11099999999987631,BACKFILL_AUTO
2026-06-19 03:12:34,1781838754,R_10,4852.887,-1,0.016000000000531145,BACKFILL_AUTO
2026-06-19 03:12:36,1781838756,R_10,4852.921,1,0.03400000000056025,BACKFILL_AUTO
2026-06-19 03:12:38,1781838758,R_10,4853.044,1,0.12299999999959255,BACKFILL_AUTO
2026-06-19 03:12:40,1781838760,R_10,4853.127,1,0.08300000000053842,BACKFILL_AUTO
2026-06-19 03:12:42,1781838762,R_10,4853.104,-1,0.023000000000138243,BACKFILL_AUTO
2026-06-19 03:12:44,1781838764,R_10,4853.039,-1,0.06500000000050932,BACKFILL_AUTO
2026-06-19 03:12:46,1781838766,R_10,4852.948,-1,0.09099999999943975,BACKFILL_AUTO
2026-06-19 03:12:48,1781838768,R_10,4852.934,-1,0.014000000000123691,BACKFILL_AUTO
2026-06-19 03:12:50,1781838770,R_10,4853.016,1,0.0819999999994252,BACKFILL_AUTO
2026-06-19 03:12:52,1781838772,R_10,4852.978,-1,0.03799999999955617,BACKFILL_AUTO
2026-06-19 03:12:54,1781838774,R_10,4852.92,-1,0.057999999999992724,BACKFILL_AUTO
2026-06-19 03:12:56,1781838776,R_10,4852.905,-1,0.015000000000327418,BACKFILL_AUTO
2026-06-19 03:12:58,1781838778,R_10,4852.779,-1,0.12599999999929423,BACKFILL_AUTO
2026-06-19 03:13:00,1781838780,R_10,4852.737,-1,0.042000000000371074,BACKFILL_AUTO
2026-06-19 03:13:02,1781838782,R_10,4852.488,-1,0.24899999999979627,BACKFILL_AUTO
2026-06-19 03:13:04,1781838784,R_10,4852.441,-1,0.04700000000048021,BACKFILL_AUTO
2026-06-19 03:13:06,1781838786,R_10,4852.481,1,0.03999999999996362,BACKFILL_AUTO
2026-06-19 03:13:08,1781838788,R_10,4852.455,-1,0.02599999999983993,BACKFILL_AUTO
2026-06-19 03:13:10,1781838790,R_10,4852.229,-1,0.22599999999965803,BACKFILL_AUTO
2026-06-19 03:13:12,1781838792,R_10,4852.387,1,0.15799999999944703,BACKFILL_AUTO
2026-06-19 03:13:14,1781838794,R_10,4852.38,-1,0.006999999999607098,BACKFILL_AUTO
2026-06-19 03:13:16,1781838796,R_10,4852.551,1,0.1710000000002765,BACKFILL_AUTO
2026-06-19 03:13:18,1781838798,R_10,4852.433,-1,0.1180000000003929,BACKFILL_AUTO
2026-06-19 03:13:20,1781838800,R_10,4852.414,-1,0.01900000000023283,BACKFILL_AUTO
2026-06-19 03:13:22,1781838802,R_10,4852.425,1,0.011000000000422006,BACKFILL_AUTO
2026-06-19 03:13:24,1781838804,R_10,4852.357,-1,0.068000000000211,BACKFILL_AUTO
2026-06-19 03:13:26,1781838806,R_10,4852.21,-1,0.14699999999993452,BACKFILL_AUTO
2026-06-19 03:13:28,1781838808,R_10,4852.268,1,0.057999999999992724,BACKFILL_AUTO
2026-06-19 03:13:30,1781838810,R_10,4852.39,1,0.12200000000029831,BACKFILL_AUTO
2026-06-19 03:13:32,1781838812,R_10,4852.508,1,0.11799999999948341,BACKFILL_AUTO
2026-06-19 03:13:34,1781838814,R_10,4852.384,-1,0.12399999999979627,BACKFILL_AUTO
2026-06-19 03:13:36,1781838816,R_10,4852.296,-1,0.08799999999973807,BACKFILL_AUTO
2026-06-19 03:13:38,1781838818,R_10,4852.232,-1,0.06400000000030559,BACKFILL_AUTO
2026-06-19 03:13:40,1781838820,R_10,4852.171,-1,0.06099999999969441,BACKFILL_AUTO
2026-06-19 03:13:42,1781838822,R_10,4852.177,1,0.0059999999994033715,BACKFILL_AUTO
2026-06-19 03:13:44,1781838824,R_10,4852.182,1,0.005000000000109139,BACKFILL_AUTO
2026-06-19 03:13:46,1781838826,R_10,4852.312,1,0.13000000000010914,BACKFILL_AUTO
2026-06-19 03:13:48,1781838828,R_10,4852.292,-1,0.019999999999527063,BACKFILL_AUTO
2026-06-19 03:13:50,1781838830,R_10,4852.329,1,0.03699999999935244,BACKFILL_AUTO
2026-06-19 03:13:52,1781838832,R_10,4852.244,-1,0.08500000000003638,BACKFILL_AUTO
2026-06-19 03:13:54,1781838834,R_10,4852.149,-1,0.09499999999934516,BACKFILL_AUTO
2026-06-19 03:13:56,1781838836,R_10,4852.348,1,0.19899999999961437,BACKFILL_AUTO
2026-06-19 03:13:58,1781838838,R_10,4852.429,1,0.08100000000013097,BACKFILL_AUTO
2026-06-19 03:14:00,1781838840,R_10,4852.247,-1,0.181999999999789,BACKFILL_AUTO
2026-06-19 03:14:02,1781838842,R_10,4852.362,1,0.11499999999978172,BACKFILL_AUTO
2026-06-19 03:14:04,1781838844,R_10,4852.267,-1,0.09500000000025466,BACKFILL_AUTO
2026-06-19 03:14:06,1781838846,R_10,4852.243,-1,0.023999999999432475,BACKFILL_AUTO
2026-06-19 03:14:08,1781838848,R_10,4852.281,1,0.03799999999955617,BACKFILL_AUTO
2026-06-19 03:14:10,1781838850,R_10,4852.396,1,0.11499999999978172,BACKFILL_AUTO
2026-06-19 03:14:12,1781838852,R_10,4852.374,-1,0.021999999999934516,BACKFILL_AUTO
2026-06-19 03:14:14,1781838854,R_10,4852.479,1,0.10500000000047294,BACKFILL_AUTO
2026-06-19 03:14:16,1781838856,R_10,4852.304,-1,0.1750000000001819,BACKFILL_AUTO
2026-06-19 03:14:18,1781838858,R_10,4852.376,1,0.07200000000011642,BACKFILL_AUTO
2026-06-19 03:14:20,1781838860,R_10,4852.309,-1,0.06700000000000728,BACKFILL_AUTO
2026-06-19 03:14:22,1781838862,R_10,4852.354,1,0.04500000000007276,BACKFILL_AUTO
2026-06-19 03:14:24,1781838864,R_10,4852.172,-1,0.1820000000006985,BACKFILL_AUTO
2026-06-19 03:14:26,1781838866,R_10,4852.26,1,0.08800000000064756,BACKFILL_AUTO
2026-06-19 03:14:28,1781838868,R_10,4852.517,1,0.2569999999996071,BACKFILL_AUTO
2026-06-19 03:14:30,1781838870,R_10,4852.425,-1,0.09199999999964348,BACKFILL_AUTO
2026-06-19 03:14:32,1781838872,R_10,4852.431,1,0.0059999999994033715,BACKFILL_AUTO
2026-06-19 03:14:34,1781838874,R_10,4852.302,-1,0.1289999999999054,BACKFILL_AUTO
2026-06-19 03:14:36,1781838876,R_10,4852.263,-1,0.03899999999975989,BACKFILL_AUTO
2026-06-19 03:14:38,1781838878,R_10,4852.28,1,0.016999999999825377,BACKFILL_AUTO
2026-06-19 03:14:40,1781838880,R_10,4852.241,-1,0.03899999999975989,BACKFILL_AUTO
2026-06-19 03:14:42,1781838882,R_10,4852.022,-1,0.21900000000005093,BACKFILL_AUTO
2026-06-19 03:14:44,1781838884,R_10,4851.953,-1,0.06899999999950523,BACKFILL_AUTO
2026-06-19 03:14:46,1781838886,R_10,4851.862,-1,0.09100000000034925,BACKFILL_AUTO
2026-06-19 03:14:48,1781838888,R_10,4851.786,-1,0.07600000000002183,BACKFILL_AUTO
2026-06-19 03:14:50,1781838890,R_10,4851.727,-1,0.05900000000019645,BACKFILL_AUTO
2026-06-19 03:14:52,1781838892,R_10,4851.787,1,0.06000000000040018,BACKFILL_AUTO
2026-06-19 03:14:54,1781838894,R_10,4851.786,-1,0.0010000000002037268,BACKFILL_AUTO
2026-06-19 03:14:56,1781838896,R_10,4851.927,1,0.14099999999962165,BACKFILL_AUTO
2026-06-19 03:14:58,1781838898,R_10,4851.737,-1,0.18999999999959982,BACKFILL_AUTO
2026-06-19 03:15:00,1781838900,R_10,4851.917,1,0.18000000000029104,BACKFILL_AUTO
2026-06-19 03:15:02,1781838902,R_10,4851.844,-1,0.07300000000032014,BACKFILL_AUTO
2026-06-19 03:15:04,1781838904,R_10,4851.573,-1,0.2709999999997308,BACKFILL_AUTO
2026-06-19 03:15:06,1781838906,R_10,4851.447,-1,0.12600000000020373,BACKFILL_AUTO
2026-06-19 03:15:08,1781838908,R_10,4851.435,-1,0.011999999999716238,BACKFILL_AUTO
2026-06-19 03:15:10,1781838910,R_10,4851.601,1,0.16599999999925785,BACKFILL_AUTO
2026-06-19 03:15:12,1781838912,R_10,4851.661,1,0.06000000000040018,BACKFILL_AUTO
2026-06-19 03:15:14,1781838914,R_10,4851.662,1,0.0010000000002037268,BACKFILL_AUTO
2026-06-19 03:15:16,1781838916,R_10,4851.85,1,0.18800000000010186,BACKFILL_AUTO
2026-06-19 03:15:18,1781838918,R_10,4851.792,-1,0.057999999999992724,BACKFILL_AUTO
2026-06-19 03:15:20,1781838920,R_10,4851.727,-1,0.06500000000050932,BACKFILL_AUTO
2026-06-19 03:15:22,1781838922,R_10,4851.849,1,0.12200000000029831,BACKFILL_AUTO
2026-06-19 03:15:24,1781838924,R_10,4851.683,-1,0.16600000000016735,BACKFILL_AUTO
2026-06-19 03:15:26,1781838926,R_10,4851.764,1,0.08100000000013097,BACKFILL_AUTO
2026-06-19 03:15:28,1781838928,R_10,4851.528,-1,0.2359999999998763,BACKFILL_AUTO
2026-06-19 03:15:30,1781838930,R_10,4851.689,1,0.1610000000000582,BACKFILL_AUTO
2026-06-19 03:15:32,1781838932,R_10,4851.771,1,0.0819999999994252,BACKFILL_AUTO
2026-06-19 03:15:34,1781838934,R_10,4851.818,1,0.04700000000048021,BACKFILL_AUTO
2026-06-19 03:15:36,1781838936,R_10,4851.915,1,0.09699999999975262,BACKFILL_AUTO
2026-06-19 03:15:38,1781838938,R_10,4851.835,-1,0.07999999999992724,BACKFILL_AUTO
2026-06-19 03:15:40,1781838940,R_10,4851.667,-1,0.1679999999996653,BACKFILL_AUTO
2026-06-19 03:15:42,1781838942,R_10,4851.781,1,0.113999999999578,BACKFILL_AUTO
2026-06-19 03:15:44,1781838944,R_10,4851.815,1,0.033999999999650754,BACKFILL_AUTO
2026-06-19 03:15:46,1781838946,R_10,4851.881,1,0.06600000000071304,BACKFILL_AUTO
2026-06-19 03:15:48,1781838948,R_10,4851.721,-1,0.16000000000076398,BACKFILL_AUTO
2026-06-19 03:15:50,1781838950,R_10,4851.631,-1,0.08999999999923602,BACKFILL_AUTO
2026-06-19 03:15:52,1781838952,R_10,4851.618,-1,0.012999999999919964,BACKFILL_AUTO
2026-06-19 03:15:54,1781838954,R_10,4851.416,-1,0.20200000000022555,BACKFILL_AUTO
2026-06-19 03:15:56,1781838956,R_10,4851.345,-1,0.07099999999991269,BACKFILL_AUTO
2026-06-19 03:15:58,1781838958,R_10,4851.396,1,0.05099999999947613,BACKFILL_AUTO
2026-06-19 03:16:00,1781838960,R_10,4851.327,-1,0.06899999999950523,BACKFILL_AUTO
2026-06-19 03:16:02,1781838962,R_10,4851.336,1,0.009000000000014552,BACKFILL_AUTO
2026-06-19 03:16:04,1781838964,R_10,4851.17,-1,0.16600000000016735,BACKFILL_AUTO
2026-06-19 03:16:06,1781838966,R_10,4851.038,-1,0.1320000000005166,BACKFILL_AUTO
2026-06-19 03:16:08,1781838968,R_10,4851.07,1,0.032000000000152795,BACKFILL_AUTO
2026-06-19 03:16:10,1781838970,R_10,4851.054,-1,0.01599999999962165,BACKFILL_AUTO
2026-06-19 03:16:12,1781838972,R_10,4850.951,-1,0.10300000000006548,BACKFILL_AUTO
2026-06-19 03:16:14,1781838974,R_10,4851.159,1,0.20799999999962893,BACKFILL_AUTO
2026-06-19 03:16:16,1781838976,R_10,4851.236,1,0.07700000000022555,BACKFILL_AUTO
2026-06-19 03:16:18,1781838978,R_10,4851.229,-1,0.006999999999607098,BACKFILL_AUTO
2026-06-19 03:16:20,1781838980,R_10,4851.064,-1,0.16499999999996362,BACKFILL_AUTO
2026-06-19 03:16:22,1781838982,R_10,4851.099,1,0.03499999999985448,BACKFILL_AUTO
2026-06-19 03:16:24,1781838984,R_10,4851.066,-1,0.03300000000035652,BACKFILL_AUTO
2026-06-19 03:16:26,1781838986,R_10,4851.202,1,0.136000000000422,BACKFILL_AUTO
2026-06-19 03:16:28,1781838988,R_10,4851.223,1,0.02099999999973079,BACKFILL_AUTO
2026-06-19 03:16:30,1781838990,R_10,4851.255,1,0.032000000000152795,BACKFILL_AUTO
2026-06-19 03:16:32,1781838992,R_10,4851.363,1,0.10800000000017462,BACKFILL_AUTO
2026-06-19 03:16:34,1781838994,R_10,4851.412,1,0.04899999999997817,BACKFILL_AUTO
2026-06-19 03:16:36,1781838996,R_10,4851.623,1,0.2109999999993306,BACKFILL_AUTO
2026-06-19 03:16:38,1781838998,R_10,4851.688,1,0.06500000000050932,BACKFILL_AUTO
2026-06-19 03:16:40,1781839000,R_10,4851.578,-1,0.10999999999967258,BACKFILL_AUTO
2026-06-19 03:16:42,1781839002,R_10,4851.664,1,0.08599999999933061,BACKFILL_AUTO
2026-06-19 03:16:44,1781839004,R_10,4851.755,1,0.09100000000034925,BACKFILL_AUTO
2026-06-19 03:16:46,1781839006,R_10,4851.869,1,0.113999999999578,BACKFILL_AUTO
2026-06-19 03:16:48,1781839008,R_10,4851.977,1,0.10800000000017462,BACKFILL_AUTO
2026-06-19 03:16:50,1781839010,R_10,4851.934,-1,0.042999999999665306,BACKFILL_AUTO
2026-06-19 03:16:52,1781839012,R_10,4851.99,1,0.05599999999958527,BACKFILL_AUTO
2026-06-19 03:16:54,1781839014,R_10,4851.923,-1,0.06700000000000728,BACKFILL_AUTO
2026-06-19 03:16:56,1781839016,R_10,4852.006,1,0.08300000000053842,BACKFILL_AUTO
2026-06-19 03:16:58,1781839018,R_10,4852.018,1,0.011999999999716238,BACKFILL_AUTO
2026-06-19 03:17:00,1781839020,R_10,4852.032,1,0.014000000000123691,BACKFILL_AUTO
2026-06-19 03:17:02,1781839022,R_10,4852.199,1,0.16699999999946158,BACKFILL_AUTO
2026-06-19 03:17:04,1781839024,R_10,4852.311,1,0.11200000000008004,BACKFILL_AUTO
2026-06-19 03:17:06,1781839026,R_10,4852.406,1,0.09500000000025466,BACKFILL_AUTO
2026-06-19 03:17:08,1781839028,R_10,4852.519,1,0.11300000000028376,BACKFILL_AUTO
2026-06-19 03:17:10,1781839030,R_10,4852.613,1,0.09400000000005093,BACKFILL_AUTO
2026-06-19 03:17:12,1781839032,R_10,4852.485,-1,0.12800000000061118,BACKFILL_AUTO
2026-06-19 03:17:14,1781839034,R_10,4852.591,1,0.10600000000067666,BACKFILL_AUTO
2026-06-19 03:17:16,1781839036,R_10,4852.736,1,0.14499999999952706,BACKFILL_AUTO
2026-06-19 03:17:18,1781839038,R_10,4852.935,1,0.19900000000052387,BACKFILL_AUTO
2026-06-19 03:17:20,1781839040,R_10,4852.769,-1,0.16600000000016735,BACKFILL_AUTO
2026-06-19 03:17:22,1781839042,R_10,4852.957,1,0.18800000000010186,BACKFILL_AUTO
2026-06-19 03:17:24,1781839044,R_10,4853.043,1,0.08599999999933061,BACKFILL_AUTO
2026-06-19 03:17:26,1781839046,R_10,4852.875,-1,0.1679999999996653,BACKFILL_AUTO
2026-06-19 03:17:28,1781839048,R_10,4852.92,1,0.04500000000007276,BACKFILL_AUTO
2026-06-19 03:17:30,1781839050,R_10,4852.834,-1,0.0860000000002401,BACKFILL_AUTO
2026-06-19 03:17:32,1781839052,R_10,4852.935,1,0.10100000000056752,BACKFILL_AUTO
2026-06-19 03:17:34,1781839054,R_10,4853.095,1,0.15999999999985448,BACKFILL_AUTO
2026-06-19 03:17:36,1781839056,R_10,4853.241,1,0.1459999999997308,BACKFILL_AUTO
2026-06-19 03:17:38,1781839058,R_10,4853.35,1,0.10900000000037835,BACKFILL_AUTO
2026-06-19 03:17:40,1781839060,R_10,4853.363,1,0.012999999999919964,BACKFILL_AUTO
2026-06-19 03:17:42,1781839062,R_10,4853.288,-1,0.0750000000007276,BACKFILL_AUTO
2026-06-19 03:17:44,1781839064,R_10,4853.459,1,0.1710000000002765,BACKFILL_AUTO
2026-06-19 03:17:46,1781839066,R_10,4853.324,-1,0.13500000000021828,BACKFILL_AUTO
2026-06-19 03:17:48,1781839068,R_10,4853.204,-1,0.11999999999989086,BACKFILL_AUTO
2026-06-19 03:17:50,1781839070,R_10,4853.204,0,0.0,BACKFILL_AUTO
2026-06-19 03:17:52,1781839072,R_10,4853.112,-1,0.09199999999964348,BACKFILL_AUTO
2026-06-19 03:17:54,1781839074,R_10,4853.395,1,0.2830000000003565,BACKFILL_AUTO
2026-06-19 03:17:56,1781839076,R_10,4853.599,1,0.2039999999997235,BACKFILL_AUTO
2026-06-19 03:17:58,1781839078,R_10,4853.608,1,0.009000000000014552,BACKFILL_AUTO
2026-06-19 03:18:00,1781839080,R_10,4853.6,-1,0.007999999999810825,BACKFILL_AUTO
2026-06-19 03:18:02,1781839082,R_10,4853.515,-1,0.08500000000003638,BACKFILL_AUTO
2026-06-19 03:18:04,1781839084,R_10,4853.705,1,0.18999999999959982,BACKFILL_AUTO
2026-06-19 03:18:06,1781839086,R_10,4853.783,1,0.07800000000042928,BACKFILL_AUTO
2026-06-19 03:18:08,1781839088,R_10,4853.625,-1,0.15800000000035652,BACKFILL_AUTO
2026-06-19 03:18:10,1781839090,R_10,4853.746,1,0.12100000000009459,BACKFILL_AUTO
2026-06-19 03:18:12,1781839092,R_10,4853.804,1,0.057999999999992724,BACKFILL_AUTO
2026-06-19 03:18:14,1781839094,R_10,4853.737,-1,0.06700000000000728,BACKFILL_AUTO
2026-06-19 03:18:16,1781839096,R_10,4854.007,1,0.26999999999952706,BACKFILL_AUTO
2026-06-19 03:18:18,1781839098,R_10,4853.995,-1,0.011999999999716238,BACKFILL_AUTO
2026-06-19 03:18:20,1781839100,R_10,4854.021,1,0.02599999999983993,BACKFILL_AUTO
2026-06-19 03:18:22,1781839102,R_10,4853.806,-1,0.21500000000014552,BACKFILL_AUTO
2026-06-19 03:18:24,1781839104,R_10,4853.809,1,0.0030000000006111804,BACKFILL_AUTO
2026-06-19 03:18:26,1781839106,R_10,4853.653,-1,0.15599999999994907,BACKFILL_AUTO
2026-06-19 03:18:28,1781839108,R_10,4853.717,1,0.0639999999993961,BACKFILL_AUTO
2026-06-19 03:18:30,1781839110,R_10,4853.599,-1,0.11799999999948341,BACKFILL_AUTO
2026-06-19 03:18:32,1781839112,R_10,4853.656,1,0.056999999999789,BACKFILL_AUTO
2026-06-19 03:18:34,1781839114,R_10,4853.746,1,0.09000000000014552,BACKFILL_AUTO
2026-06-19 03:18:36,1781839116,R_10,4853.907,1,0.1610000000000582,BACKFILL_AUTO
2026-06-19 03:18:38,1781839118,R_10,4853.785,-1,0.12200000000029831,BACKFILL_AUTO
2026-06-19 03:18:40,1781839120,R_10,4853.741,-1,0.04399999999986903,BACKFILL_AUTO
2026-06-19 03:18:42,1781839122,R_10,4853.607,-1,0.13400000000001455,BACKFILL_AUTO
2026-06-19 03:18:44,1781839124,R_10,4853.529,-1,0.07799999999951979,BACKFILL_AUTO
2026-06-19 03:18:46,1781839126,R_10,4853.656,1,0.12699999999949796,BACKFILL_AUTO
2026-06-19 03:18:48,1781839128,R_10,4853.652,-1,0.0039999999999054126,BACKFILL_AUTO
2026-06-19 03:18:50,1781839130,R_10,4853.657,1,0.005000000000109139,BACKFILL_AUTO
2026-06-19 03:18:52,1781839132,R_10,4853.789,1,0.1319999999996071,BACKFILL_AUTO
2026-06-19 03:18:54,1781839134,R_10,4853.815,1,0.02599999999983993,BACKFILL_AUTO
2026-06-19 03:18:56,1781839136,R_10,4853.854,1,0.03900000000066939,BACKFILL_AUTO
2026-06-19 03:18:58,1781839138,R_10,4853.833,-1,0.021000000000640284,BACKFILL_AUTO
2026-06-19 03:19:00,1781839140,R_10,4853.882,1,0.04899999999997817,BACKFILL_AUTO
2026-06-19 03:19:02,1781839142,R_10,4854.097,1,0.21500000000014552,BACKFILL_AUTO
2026-06-19 03:19:04,1781839144,R_10,4853.752,-1,0.34499999999934516,BACKFILL_AUTO
2026-06-19 03:19:06,1781839146,R_10,4853.848,1,0.09599999999954889,BACKFILL_AUTO
2026-06-19 03:19:08,1781839148,R_10,4853.883,1,0.03499999999985448,BACKFILL_AUTO
2026-06-19 03:19:10,1781839150,R_10,4853.704,-1,0.1790000000000873,BACKFILL_AUTO
2026-06-19 03:19:12,1781839152,R_10,4853.902,1,0.19800000000032014,BACKFILL_AUTO
2026-06-19 03:19:14,1781839154,R_10,4853.688,-1,0.2139999999999418,BACKFILL_AUTO
2026-06-19 03:19:16,1781839156,R_10,4853.799,1,0.11099999999987631,BACKFILL_AUTO
2026-06-19 03:19:18,1781839158,R_10,4853.674,-1,0.125,BACKFILL_AUTO
2026-06-19 03:19:20,1781839160,R_10,4853.553,-1,0.12100000000009459,BACKFILL_AUTO
2026-06-19 03:19:22,1781839162,R_10,4853.655,1,0.10199999999986176,BACKFILL_AUTO
2026-06-19 03:19:24,1781839164,R_10,4853.579,-1,0.07600000000002183,BACKFILL_AUTO
2026-06-19 03:19:26,1781839166,R_10,4853.756,1,0.17700000000058935,BACKFILL_AUTO
2026-06-19 03:19:28,1781839168,R_10,4853.649,-1,0.1069999999999709,BACKFILL_AUTO
2026-06-19 03:19:30,1781839170,R_10,4853.65,1,0.0009999999992942321,BACKFILL_AUTO
2026-06-19 03:19:32,1781839172,R_10,4853.73,1,0.07999999999992724,BACKFILL_AUTO
2026-06-19 03:19:34,1781839174,R_10,4853.75,1,0.020000000000436557,BACKFILL_AUTO
2026-06-19 03:19:36,1781839176,R_10,4853.548,-1,0.20200000000022555,BACKFILL_AUTO
2026-06-19 03:19:38,1781839178,R_10,4853.745,1,0.19700000000011642,BACKFILL_AUTO
2026-06-19 03:19:40,1781839180,R_10,4853.661,-1,0.08399999999983265,BACKFILL_AUTO
2026-06-19 03:19:42,1781839182,R_10,4853.627,-1,0.033999999999650754,BACKFILL_AUTO
2026-06-19 03:19:44,1781839184,R_10,4853.441,-1,0.1860000000006039,BACKFILL_AUTO
2026-06-19 03:19:46,1781839186,R_10,4853.499,1,0.057999999999992724,BACKFILL_AUTO
2026-06-19 03:19:48,1781839188,R_10,4853.295,-1,0.2039999999997235,BACKFILL_AUTO
2026-06-19 03:19:50,1781839190,R_10,4853.263,-1,0.032000000000152795,BACKFILL_AUTO
2026-06-19 03:19:52,1781839192,R_10,4853.314,1,0.051000000000385626,BACKFILL_AUTO
2026-06-19 03:19:54,1781839194,R_10,4853.361,1,0.04699999999957072,BACKFILL_AUTO
2026-06-19 03:19:56,1781839196,R_10,4853.622,1,0.261000000000422,BACKFILL_AUTO
2026-06-19 03:19:58,1781839198,R_10,4853.879,1,0.2569999999996071,BACKFILL_AUTO
2026-06-19 03:20:00,1781839200,R_10,4853.966,1,0.08700000000044383,BACKFILL_AUTO
2026-06-19 03:20:02,1781839202,R_10,4854.081,1,0.11499999999978172,BACKFILL_AUTO
2026-06-19 03:20:04,1781839204,R_10,4854.231,1,0.1499999999996362,BACKFILL_AUTO
2026-06-19 03:20:06,1781839206,R_10,4854.37,1,0.1390000000001237,BACKFILL_AUTO
2026-06-19 03:20:08,1781839208,R_10,4854.316,-1,0.05400000000008731,BACKFILL_AUTO
2026-06-19 03:20:10,1781839210,R_10,4854.516,1,0.1999999999998181,BACKFILL_AUTO
2026-06-19 03:20:12,1781839212,R_10,4854.399,-1,0.11699999999927968,BACKFILL_AUTO
2026-06-19 03:20:14,1781839214,R_10,4854.343,-1,0.056000000000494765,BACKFILL_AUTO
2026-06-19 03:20:16,1781839216,R_10,4854.235,-1,0.10800000000017462,BACKFILL_AUTO
2026-06-19 03:20:18,1781839218,R_10,4854.446,1,0.2110000000002401,BACKFILL_AUTO
2026-06-19 03:20:20,1781839220,R_10,4854.511,1,0.06500000000050932,BACKFILL_AUTO
2026-06-19 03:20:22,1781839222,R_10,4854.686,1,0.1749999999992724,BACKFILL_AUTO
2026-06-19 03:20:24,1781839224,R_10,4854.806,1,0.11999999999989086,BACKFILL_AUTO
2026-06-19 03:20:26,1781839226,R_10,4854.59,-1,0.21599999999943975,BACKFILL_AUTO
2026-06-19 03:20:28,1781839228,R_10,4854.774,1,0.18400000000019645,BACKFILL_AUTO
2026-06-19 03:20:30,1781839230,R_10,4854.674,-1,0.1000000000003638,BACKFILL_AUTO
2026-06-19 03:20:32,1781839232,R_10,4854.679,1,0.005000000000109139,BACKFILL_AUTO
2026-06-19 03:20:34,1781839234,R_10,4854.636,-1,0.042999999999665306,BACKFILL_AUTO
2026-06-19 03:20:36,1781839236,R_10,4854.741,1,0.10499999999956344,BACKFILL_AUTO
2026-06-19 03:20:38,1781839238,R_10,4854.917,1,0.17600000000038563,BACKFILL_AUTO
2026-06-19 03:20:40,1781839240,R_10,4854.875,-1,0.042000000000371074,BACKFILL_AUTO
2026-06-19 03:20:42,1781839242,R_10,4854.764,-1,0.11099999999987631,BACKFILL_AUTO
2026-06-19 03:20:44,1781839244,R_10,4854.599,-1,0.16499999999996362,BACKFILL_AUTO
2026-06-19 03:20:46,1781839246,R_10,4854.78,1,0.18099999999958527,BACKFILL_AUTO
2026-06-19 03:20:48,1781839248,R_10,4854.57,-1,0.21000000000003638,BACKFILL_AUTO
2026-06-19 03:20:50,1781839250,R_10,4854.479,-1,0.09099999999943975,BACKFILL_AUTO
2026-06-19 03:20:52,1781839252,R_10,4854.466,-1,0.012999999999919964,BACKFILL_AUTO
2026-06-19 03:20:54,1781839254,R_10,4854.586,1,0.11999999999989086,BACKFILL_AUTO
2026-06-19 03:20:56,1781839256,R_10,4854.465,-1,0.12100000000009459,BACKFILL_AUTO
2026-06-19 03:20:58,1781839258,R_10,4854.484,1,0.01900000000023283,BACKFILL_AUTO
2026-06-19 03:21:00,1781839260,R_10,4854.45,-1,0.03400000000056025,BACKFILL_AUTO
2026-06-19 03:21:02,1781839262,R_10,4854.302,-1,0.14800000000013824,BACKFILL_AUTO
2026-06-19 03:21:04,1781839264,R_10,4854.399,1,0.09700000000066211,BACKFILL_AUTO
2026-06-19 03:21:06,1781839266,R_10,4854.452,1,0.052999999999883585,BACKFILL_AUTO
2026-06-19 03:21:08,1781839268,R_10,4854.126,-1,0.32600000000002183,BACKFILL_AUTO
2026-06-19 03:21:10,1781839270,R_10,4853.911,-1,0.21500000000014552,BACKFILL_AUTO
2026-06-19 03:21:12,1781839272,R_10,4853.714,-1,0.19700000000011642,BACKFILL_AUTO
2026-06-19 03:21:14,1781839274,R_10,4853.773,1,0.05900000000019645,BACKFILL_AUTO
2026-06-19 03:21:16,1781839276,R_10,4853.575,-1,0.19800000000032014,BACKFILL_AUTO
2026-06-19 03:21:18,1781839278,R_10,4853.49,-1,0.08500000000003638,BACKFILL_AUTO
2026-06-19 03:21:20,1781839280,R_10,4853.434,-1,0.05599999999958527,BACKFILL_AUTO
2026-06-19 03:21:22,1781839282,R_10,4853.316,-1,0.1180000000003929,BACKFILL_AUTO
2026-06-19 03:21:24,1781839284,R_10,4853.226,-1,0.09000000000014552,BACKFILL_AUTO
2026-06-19 03:21:26,1781839286,R_10,4853.254,1,0.028000000000247383,BACKFILL_AUTO
2026-06-19 03:21:28,1781839288,R_10,4853.299,1,0.04500000000007276,BACKFILL_AUTO
2026-06-19 03:21:30,1781839290,R_10,4853.268,-1,0.03099999999994907,BACKFILL_AUTO
2026-06-19 03:21:32,1781839292,R_10,4853.03,-1,0.23800000000028376,BACKFILL_AUTO
2026-06-19 03:21:34,1781839294,R_10,4853.0,-1,0.02999999999974534,BACKFILL_AUTO
2026-06-19 03:21:36,1781839296,R_10,4853.104,1,0.10400000000026921,BACKFILL_AUTO
2026-06-19 03:21:38,1781839298,R_10,4853.063,-1,0.04100000000016735,BACKFILL_AUTO
2026-06-19 03:21:40,1781839300,R_10,4852.952,-1,0.11099999999987631,BACKFILL_AUTO
2026-06-19 03:21:42,1781839302,R_10,4852.67,-1,0.2820000000001528,BACKFILL_AUTO
2026-06-19 03:21:44,1781839304,R_10,4852.621,-1,0.04899999999997817,BACKFILL_AUTO
2026-06-19 03:21:46,1781839306,R_10,4852.69,1,0.06899999999950523,BACKFILL_AUTO
2026-06-19 03:21:48,1781839308,R_10,4852.59,-1,0.0999999999994543,BACKFILL_AUTO
2026-06-19 03:21:50,1781839310,R_10,4852.775,1,0.18499999999949068,BACKFILL_AUTO
2026-06-19 03:21:52,1781839312,R_10,4852.607,-1,0.1679999999996653,BACKFILL_AUTO
2026-06-19 03:21:54,1781839314,R_10,4852.615,1,0.007999999999810825,BACKFILL_AUTO
2026-06-19 03:21:56,1781839316,R_10,4852.575,-1,0.03999999999996362,BACKFILL_AUTO
2026-06-19 03:21:58,1781839318,R_10,4852.721,1,0.1459999999997308,BACKFILL_AUTO
2026-06-19 03:22:00,1781839320,R_10,4852.795,1,0.07400000000052387,BACKFILL_AUTO
2026-06-19 03:22:02,1781839322,R_10,4852.771,-1,0.02400000000034197,BACKFILL_AUTO
2026-06-19 03:22:04,1781839324,R_10,4852.641,-1,0.13000000000010914,BACKFILL_AUTO
2026-06-19 03:22:06,1781839326,R_10,4852.592,-1,0.04899999999997817,BACKFILL_AUTO
2026-06-19 03:22:08,1781839328,R_10,4852.597,1,0.005000000000109139,BACKFILL_AUTO
2026-06-19 03:22:10,1781839330,R_10,4852.27,-1,0.32699999999931606,BACKFILL_AUTO
2026-06-19 03:22:12,1781839332,R_10,4852.161,-1,0.10900000000037835,BACKFILL_AUTO
2026-06-19 03:22:14,1781839334,R_10,4851.984,-1,0.17699999999967986,BACKFILL_AUTO
2026-06-19 03:22:16,1781839336,R_10,4851.976,-1,0.00800000000072032,BACKFILL_AUTO
2026-06-19 03:22:18,1781839338,R_10,4852.063,1,0.08700000000044383,BACKFILL_AUTO
2026-06-19 03:22:20,1781839340,R_10,4852.011,-1,0.05199999999967986,BACKFILL_AUTO
2026-06-19 03:22:22,1781839342,R_10,4851.925,-1,0.0860000000002401,BACKFILL_AUTO
2026-06-19 03:22:24,1781839344,R_10,4851.773,-1,0.15200000000004366,BACKFILL_AUTO
2026-06-19 03:22:26,1781839346,R_10,4852.029,1,0.25600000000031287,BACKFILL_AUTO
2026-06-19 03:22:28,1781839348,R_10,4852.215,1,0.1859999999996944,BACKFILL_AUTO
2026-06-19 03:22:30,1781839350,R_10,4852.15,-1,0.06500000000050932,BACKFILL_AUTO
2026-06-19 03:22:32,1781839352,R_10,4852.118,-1,0.0319999999992433,BACKFILL_AUTO
2026-06-19 03:22:34,1781839354,R_10,4852.12,1,0.001999999999497959,BACKFILL_AUTO
2026-06-19 03:22:36,1781839356,R_10,4852.104,-1,0.01599999999962165,BACKFILL_AUTO
2026-06-19 03:22:38,1781839358,R_10,4852.142,1,0.03799999999955617,BACKFILL_AUTO
2026-06-19 03:22:40,1781839360,R_10,4852.102,-1,0.03999999999996362,BACKFILL_AUTO
2026-06-19 03:22:42,1781839362,R_10,4852.02,-1,0.0819999999994252,BACKFILL_AUTO
2026-06-19 03:22:44,1781839364,R_10,4851.842,-1,0.17800000000079308,BACKFILL_AUTO
2026-06-19 03:22:46,1781839366,R_10,4851.992,1,0.1500000000005457,BACKFILL_AUTO
2026-06-19 03:22:48,1781839368,R_10,4851.977,-1,0.015000000000327418,BACKFILL_AUTO
2026-06-19 03:22:50,1781839370,R_10,4851.871,-1,0.10599999999976717,BACKFILL_AUTO
2026-06-19 03:22:52,1781839372,R_10,4852.012,1,0.14099999999962165,BACKFILL_AUTO
2026-06-19 03:22:54,1781839374,R_10,4851.857,-1,0.15499999999974534,BACKFILL_AUTO
2026-06-19 03:22:56,1781839376,R_10,4851.823,-1,0.033999999999650754,BACKFILL_AUTO
2026-06-19 03:22:58,1781839378,R_10,4851.805,-1,0.018000000000029104,BACKFILL_AUTO
2026-06-19 03:23:00,1781839380,R_10,4851.839,1,0.033999999999650754,BACKFILL_AUTO
2026-06-19 03:23:02,1781839382,R_10,4851.931,1,0.09199999999964348,BACKFILL_AUTO
2026-06-19 03:23:04,1781839384,R_10,4852.176,1,0.24500000000080036,BACKFILL_AUTO
2026-06-19 03:23:06,1781839386,R_10,4852.301,1,0.125,BACKFILL_AUTO
2026-06-19 03:23:08,1781839388,R_10,4852.419,1,0.11799999999948341,BACKFILL_AUTO
2026-06-19 03:23:10,1781839390,R_10,4852.505,1,0.0860000000002401,BACKFILL_AUTO
2026-06-19 03:23:12,1781839392,R_10,4852.575,1,0.06999999999970896,BACKFILL_AUTO
2026-06-19 03:23:14,1781839394,R_10,4852.529,-1,0.04599999999936699,BACKFILL_AUTO
2026-06-19 03:23:16,1781839396,R_10,4852.61,1,0.08099999999922147,BACKFILL_AUTO
2026-06-19 03:23:18,1781839398,R_10,4852.456,-1,0.15399999999954161,BACKFILL_AUTO
2026-06-19 03:23:20,1781839400,R_10,4852.501,1,0.04500000000007276,BACKFILL_AUTO
2026-06-19 03:23:22,1781839402,R_10,4852.639,1,0.13799999999991996,BACKFILL_AUTO
2026-06-19 03:23:24,1781839404,R_10,4852.692,1,0.052999999999883585,BACKFILL_AUTO
2026-06-19 03:23:26,1781839406,R_10,4852.589,-1,0.10300000000006548,BACKFILL_AUTO
2026-06-19 03:23:28,1781839408,R_10,4852.423,-1,0.16600000000016735,BACKFILL_AUTO
2026-06-19 03:23:30,1781839410,R_10,4852.245,-1,0.17799999999988358,BACKFILL_AUTO
2026-06-19 03:23:32,1781839412,R_10,4852.16,-1,0.08500000000003638,BACKFILL_AUTO
2026-06-19 03:23:34,1781839414,R_10,4852.04,-1,0.11999999999989086,BACKFILL_AUTO
2026-06-19 03:23:36,1781839416,R_10,4852.249,1,0.20899999999983265,BACKFILL_AUTO
2026-06-19 03:23:38,1781839418,R_10,4852.136,-1,0.11299999999937427,BACKFILL_AUTO
2026-06-19 03:23:40,1781839420,R_10,4852.07,-1,0.06600000000071304,BACKFILL_AUTO
2026-06-19 03:23:42,1781839422,R_10,4852.134,1,0.06400000000030559,BACKFILL_AUTO
2026-06-19 03:23:44,1781839424,R_10,4852.257,1,0.12299999999959255,BACKFILL_AUTO
2026-06-19 03:23:46,1781839426,R_10,4852.354,1,0.09700000000066211,BACKFILL_AUTO
2026-06-19 03:23:48,1781839428,R_10,4852.561,1,0.2069999999994252,BACKFILL_AUTO
2026-06-19 03:23:50,1781839430,R_10,4852.378,-1,0.18299999999999272,BACKFILL_AUTO
2026-06-19 03:23:52,1781839432,R_10,4852.421,1,0.0430000000005748,BACKFILL_AUTO
2026-06-19 03:23:54,1781839434,R_10,4852.321,-1,0.1000000000003638,BACKFILL_AUTO
2026-06-19 03:23:56,1781839436,R_10,4852.371,1,0.0500000000001819,BACKFILL_AUTO
2026-06-19 03:23:58,1781839438,R_10,4852.467,1,0.09599999999954889,BACKFILL_AUTO
2026-06-19 03:24:00,1781839440,R_10,4852.527,1,0.06000000000040018,BACKFILL_AUTO
2026-06-19 03:24:02,1781839442,R_10,4852.488,-1,0.03899999999975989,BACKFILL_AUTO
2026-06-19 03:24:04,1781839444,R_10,4852.613,1,0.125,BACKFILL_AUTO
2026-06-19 03:24:06,1781839446,R_10,4852.712,1,0.09900000000016007,BACKFILL_AUTO
2026-06-19 03:24:08,1781839448,R_10,4852.639,-1,0.07300000000032014,BACKFILL_AUTO
2026-06-19 03:24:10,1781839450,R_10,4852.648,1,0.009000000000014552,BACKFILL_AUTO
2026-06-19 03:24:12,1781839452,R_10,4852.664,1,0.01599999999962165,BACKFILL_AUTO
2026-06-19 03:24:14,1781839454,R_10,4852.803,1,0.1390000000001237,BACKFILL_AUTO
2026-06-19 03:24:16,1781839456,R_10,4852.805,1,0.0020000000004074536,BACKFILL_AUTO
2026-06-19 03:24:18,1781839458,R_10,4852.776,-1,0.02900000000045111,BACKFILL_AUTO
2026-06-19 03:24:20,1781839460,R_10,4852.837,1,0.061000000000603904,BACKFILL_AUTO
2026-06-19 03:24:22,1781839462,R_10,4852.957,1,0.11999999999989086,BACKFILL_AUTO
2026-06-19 03:24:24,1781839464,R_10,4852.974,1,0.016999999999825377,BACKFILL_AUTO
2026-06-19 03:24:26,1781839466,R_10,4853.067,1,0.0929999999998472,BACKFILL_AUTO
2026-06-19 03:24:28,1781839468,R_10,4853.121,1,0.05400000000008731,BACKFILL_AUTO
2026-06-19 03:24:30,1781839470,R_10,4853.231,1,0.10999999999967258,BACKFILL_AUTO
2026-06-19 03:24:32,1781839472,R_10,4853.124,-1,0.1069999999999709,BACKFILL_AUTO
2026-06-19 03:24:34,1781839474,R_10,4853.132,1,0.007999999999810825,BACKFILL_AUTO
2026-06-19 03:24:36,1781839476,R_10,4853.296,1,0.1640000000006694,BACKFILL_AUTO
2026-06-19 03:24:38,1781839478,R_10,4853.252,-1,0.04399999999986903,BACKFILL_AUTO
2026-06-19 03:24:40,1781839480,R_10,4853.228,-1,0.02400000000034197,BACKFILL_AUTO
2026-06-19 03:24:42,1781839482,R_10,4853.211,-1,0.016999999999825377,BACKFILL_AUTO
2026-06-19 03:24:44,1781839484,R_10,4853.34,1,0.1289999999999054,BACKFILL_AUTO
2026-06-19 03:24:46,1781839486,R_10,4853.167,-1,0.17299999999977445,BACKFILL_AUTO
2026-06-19 03:24:48,1781839488,R_10,4853.163,-1,0.004000000000814907,BACKFILL_AUTO
2026-06-19 03:24:50,1781839490,R_10,4853.038,-1,0.125,BACKFILL_AUTO
2026-06-19 03:24:52,1781839492,R_10,4853.044,1,0.006000000000312866,BACKFILL_AUTO
2026-06-19 03:24:54,1781839494,R_10,4852.954,-1,0.09000000000014552,BACKFILL_AUTO
2026-06-19 03:24:56,1781839496,R_10,4852.936,-1,0.018000000000029104,BACKFILL_AUTO
2026-06-19 03:24:58,1781839498,R_10,4852.867,-1,0.06899999999950523,BACKFILL_AUTO
2026-06-19 03:25:00,1781839500,R_10,4852.851,-1,0.016000000000531145,BACKFILL_AUTO
2026-06-19 03:25:02,1781839502,R_10,4852.975,1,0.12400000000070577,BACKFILL_AUTO
2026-06-19 03:25:04,1781839504,R_10,4853.03,1,0.054999999999381544,BACKFILL_AUTO
2026-06-19 03:25:06,1781839506,R_10,4852.945,-1,0.08500000000003638,BACKFILL_AUTO
2026-06-19 03:25:08,1781839508,R_10,4852.81,-1,0.13499999999930878,BACKFILL_AUTO
2026-06-19 03:25:10,1781839510,R_10,4853.018,1,0.20799999999962893,BACKFILL_AUTO
2026-06-19 03:25:12,1781839512,R_10,4853.094,1,0.07600000000002183,BACKFILL_AUTO
2026-06-19 03:25:14,1781839514,R_10,4853.161,1,0.06700000000000728,BACKFILL_AUTO
2026-06-19 03:25:16,1781839516,R_10,4853.16,-1,0.0010000000002037268,BACKFILL_AUTO
2026-06-19 03:25:18,1781839518,R_10,4853.307,1,0.14699999999993452,BACKFILL_AUTO
2026-06-19 03:25:20,1781839520,R_10,4853.428,1,0.12100000000009459,BACKFILL_AUTO
2026-06-19 03:25:22,1781839522,R_10,4853.487,1,0.05900000000019645,BACKFILL_AUTO
2026-06-19 03:25:24,1781839524,R_10,4853.463,-1,0.02400000000034197,BACKFILL_AUTO
2026-06-19 03:25:26,1781839526,R_10,4853.663,1,0.1999999999998181,BACKFILL_AUTO
2026-06-19 03:25:28,1781839528,R_10,4853.63,-1,0.03299999999944703,BACKFILL_AUTO
2026-06-19 03:25:30,1781839530,R_10,4853.339,-1,0.29100000000016735,BACKFILL_AUTO
2026-06-19 03:25:32,1781839532,R_10,4853.222,-1,0.11700000000018917,BACKFILL_AUTO
2026-06-19 03:25:34,1781839534,R_10,4853.393,1,0.1710000000002765,BACKFILL_AUTO
2026-06-19 03:25:36,1781839536,R_10,4853.545,1,0.15200000000004366,BACKFILL_AUTO
2026-06-19 03:25:38,1781839538,R_10,4853.498,-1,0.04700000000048021,BACKFILL_AUTO
2026-06-19 03:25:40,1781839540,R_10,4853.714,1,0.21600000000034925,BACKFILL_AUTO
2026-06-19 03:25:42,1781839542,R_10,4853.844,1,0.13000000000010914,BACKFILL_AUTO
2026-06-19 03:25:44,1781839544,R_10,4853.746,-1,0.09799999999995634,BACKFILL_AUTO
2026-06-19 03:25:46,1781839546,R_10,4853.766,1,0.019999999999527063,BACKFILL_AUTO
2026-06-19 03:25:48,1781839548,R_10,4853.819,1,0.05300000000079308,BACKFILL_AUTO
2026-06-19 03:25:50,1781839550,R_10,4853.89,1,0.07099999999991269,BACKFILL_AUTO
2026-06-19 03:25:52,1781839552,R_10,4853.893,1,0.0029999999997016857,BACKFILL_AUTO
2026-06-19 03:25:54,1781839554,R_10,4853.81,-1,0.08299999999962893,BACKFILL_AUTO
2026-06-19 03:25:56,1781839556,R_10,4853.518,-1,0.2920000000003711,BACKFILL_AUTO
2026-06-19 03:25:58,1781839558,R_10,4853.634,1,0.11599999999998545,BACKFILL_AUTO
2026-06-19 03:26:00,1781839560,R_10,4853.663,1,0.028999999999541615,BACKFILL_AUTO
2026-06-19 03:26:02,1781839562,R_10,4853.543,-1,0.11999999999989086,BACKFILL_AUTO
2026-06-19 03:26:04,1781839564,R_10,4853.68,1,0.13700000000062573,BACKFILL_AUTO
2026-06-19 03:26:06,1781839566,R_10,4853.589,-1,0.09100000000034925,BACKFILL_AUTO
2026-06-19 03:26:08,1781839568,R_10,4853.547,-1,0.042000000000371074,BACKFILL_AUTO
2026-06-19 03:26:10,1781839570,R_10,4853.506,-1,0.04099999999925785,BACKFILL_AUTO
2026-06-19 03:26:12,1781839572,R_10,4853.479,-1,0.027000000000043656,BACKFILL_AUTO
2026-06-19 03:26:14,1781839574,R_10,4853.457,-1,0.021999999999934516,BACKFILL_AUTO
2026-06-19 03:26:16,1781839576,R_10,4853.435,-1,0.021999999999934516,BACKFILL_AUTO
2026-06-19 03:26:18,1781839578,R_10,4853.385,-1,0.0500000000001819,BACKFILL_AUTO
2026-06-19 03:26:20,1781839580,R_10,4853.323,-1,0.06199999999989814,BACKFILL_AUTO
2026-06-19 03:26:22,1781839582,R_10,4853.465,1,0.14199999999982538,BACKFILL_AUTO
2026-06-19 03:26:24,1781839584,R_10,4853.473,1,0.007999999999810825,BACKFILL_AUTO
2026-06-19 03:26:26,1781839586,R_10,4853.33,-1,0.1430000000000291,BACKFILL_AUTO
2026-06-19 03:26:28,1781839588,R_10,4853.315,-1,0.015000000000327418,BACKFILL_AUTO
2026-06-19 03:26:30,1781839590,R_10,4853.279,-1,0.03599999999914871,BACKFILL_AUTO
2026-06-19 03:26:32,1781839592,R_10,4853.208,-1,0.07100000000082218,BACKFILL_AUTO
2026-06-19 03:26:34,1781839594,R_10,4853.127,-1,0.08099999999922147,BACKFILL_AUTO
2026-06-19 03:26:36,1781839596,R_10,4853.182,1,0.054999999999381544,BACKFILL_AUTO
2026-06-19 03:26:38,1781839598,R_10,4853.125,-1,0.056999999999789,BACKFILL_AUTO
2026-06-19 03:26:40,1781839600,R_10,4853.099,-1,0.02599999999983993,BACKFILL_AUTO
2026-06-19 03:26:42,1781839602,R_10,4853.295,1,0.1959999999999127,BACKFILL_AUTO
2026-06-19 03:26:44,1781839604,R_10,4853.324,1,0.028999999999541615,BACKFILL_AUTO
2026-06-19 03:26:46,1781839606,R_10,4853.196,-1,0.12799999999970169,BACKFILL_AUTO
2026-06-19 03:26:48,1781839608,R_10,4853.335,1,0.1390000000001237,BACKFILL_AUTO
2026-06-19 03:26:50,1781839610,R_10,4853.211,-1,0.12399999999979627,BACKFILL_AUTO
2026-06-19 03:26:52,1781839612,R_10,4853.351,1,0.13999999999941792,BACKFILL_AUTO
2026-06-19 03:26:54,1781839614,R_10,4853.344,-1,0.006999999999607098,BACKFILL_AUTO
2026-06-19 03:26:56,1781839616,R_10,4853.637,1,0.2929999999996653,BACKFILL_AUTO
2026-06-19 03:26:58,1781839618,R_10,4853.835,1,0.19800000000032014,BACKFILL_AUTO
2026-06-19 03:27:00,1781839620,R_10,4853.853,1,0.018000000000029104,BACKFILL_AUTO
2026-06-19 03:27:02,1781839622,R_10,4853.806,-1,0.04700000000048021,BACKFILL_AUTO
2026-06-19 03:27:04,1781839624,R_10,4853.828,1,0.02200000000084401,BACKFILL_AUTO
2026-06-19 03:27:06,1781839626,R_10,4853.665,-1,0.16300000000046566,BACKFILL_AUTO
2026-06-19 03:27:08,1781839628,R_10,4853.559,-1,0.10599999999976717,BACKFILL_AUTO
2026-06-19 03:27:10,1781839630,R_10,4853.433,-1,0.12600000000020373,BACKFILL_AUTO
2026-06-19 03:27:12,1781839632,R_10,4853.605,1,0.17199999999957072,BACKFILL_AUTO
2026-06-19 03:27:14,1781839634,R_10,4853.828,1,0.22300000000086584,BACKFILL_AUTO
2026-06-19 03:27:16,1781839636,R_10,4853.924,1,0.09599999999954889,BACKFILL_AUTO
2026-06-19 03:27:18,1781839638,R_10,4853.811,-1,0.11300000000028376,BACKFILL_AUTO
2026-06-19 03:27:20,1781839640,R_10,4853.56,-1,0.25099999999929423,BACKFILL_AUTO
2026-06-19 03:27:22,1781839642,R_10,4853.626,1,0.06599999999980355,BACKFILL_AUTO
2026-06-19 03:27:24,1781839644,R_10,4853.725,1,0.09900000000016007,BACKFILL_AUTO
2026-06-19 03:27:26,1781839646,R_10,4853.612,-1,0.11300000000028376,BACKFILL_AUTO
2026-06-19 03:27:28,1781839648,R_10,4853.817,1,0.20499999999992724,BACKFILL_AUTO
2026-06-19 03:27:30,1781839650,R_10,4853.7,-1,0.11700000000018917,BACKFILL_AUTO
2026-06-19 03:27:32,1781839652,R_10,4853.658,-1,0.04199999999946158,BACKFILL_AUTO
2026-06-19 03:27:34,1781839654,R_10,4853.614,-1,0.04400000000077853,BACKFILL_AUTO
2026-06-19 03:27:36,1781839656,R_10,4853.481,-1,0.13299999999981083,BACKFILL_AUTO
2026-06-19 03:27:38,1781839658,R_10,4853.419,-1,0.06199999999989814,BACKFILL_AUTO
2026-06-19 03:27:40,1781839660,R_10,4853.452,1,0.03300000000035652,BACKFILL_AUTO
2026-06-19 03:27:42,1781839662,R_10,4853.475,1,0.023000000000138243,BACKFILL_AUTO
2026-06-19 03:27:44,1781839664,R_10,4853.364,-1,0.1110000000007858,BACKFILL_AUTO
2026-06-19 03:27:46,1781839666,R_10,4853.607,1,0.2430000000003929,BACKFILL_AUTO
2026-06-19 03:27:48,1781839668,R_10,4853.544,-1,0.06300000000010186,BACKFILL_AUTO
2026-06-19 03:27:50,1781839670,R_10,4853.622,1,0.07800000000042928,BACKFILL_AUTO
2026-06-19 03:27:52,1781839672,R_10,4853.598,-1,0.02400000000034197,BACKFILL_AUTO
2026-06-19 03:27:54,1781839674,R_10,4853.621,1,0.023000000000138243,BACKFILL_AUTO
2026-06-19 03:27:56,1781839676,R_10,4853.814,1,0.193000000000211,BACKFILL_AUTO
2026-06-19 03:27:58,1781839678,R_10,4853.978,1,0.1639999999997599,BACKFILL_AUTO
2026-06-19 03:28:00,1781839680,R_10,4853.852,-1,0.12600000000020373,BACKFILL_AUTO
2026-06-19 03:28:02,1781839682,R_10,4853.853,1,0.0010000000002037268,BACKFILL_AUTO
2026-06-19 03:28:04,1781839684,R_10,4853.708,-1,0.14500000000043656,BACKFILL_AUTO
2026-06-19 03:28:06,1781839686,R_10,4853.82,1,0.11200000000008004,BACKFILL_AUTO
2026-06-19 03:28:08,1781839688,R_10,4853.936,1,0.11599999999998545,BACKFILL_AUTO
2026-06-19 03:28:10,1781839690,R_10,4854.162,1,0.22600000000056752,BACKFILL_AUTO
2026-06-19 03:28:12,1781839692,R_10,4854.175,1,0.012999999999919964,BACKFILL_AUTO
2026-06-19 03:28:14,1781839694,R_10,4854.213,1,0.03799999999955617,BACKFILL_AUTO
2026-06-19 03:28:16,1781839696,R_10,4854.291,1,0.07800000000042928,BACKFILL_AUTO
2026-06-19 03:28:18,1781839698,R_10,4853.968,-1,0.32300000000032014,BACKFILL_AUTO
2026-06-19 03:28:20,1781839700,R_10,4853.909,-1,0.05900000000019645,BACKFILL_AUTO
2026-06-19 03:28:22,1781839702,R_10,4853.873,-1,0.03600000000005821,BACKFILL_AUTO
2026-06-19 03:28:24,1781839704,R_10,4853.879,1,0.006000000000312866,BACKFILL_AUTO
2026-06-19 03:28:26,1781839706,R_10,4853.903,1,0.02400000000034197,BACKFILL_AUTO
2026-06-19 03:28:28,1781839708,R_10,4853.927,1,0.023999999999432475,BACKFILL_AUTO
2026-06-19 03:28:30,1781839710,R_10,4854.077,1,0.1500000000005457,BACKFILL_AUTO
2026-06-19 03:28:32,1781839712,R_10,4854.101,1,0.023999999999432475,BACKFILL_AUTO
2026-06-19 03:28:34,1781839714,R_10,4854.122,1,0.021000000000640284,BACKFILL_AUTO
2026-06-19 03:28:36,1781839716,R_10,4854.119,-1,0.0030000000006111804,BACKFILL_AUTO
2026-06-19 03:28:38,1781839718,R_10,4854.14,1,0.021000000000640284,BACKFILL_AUTO
2026-06-19 03:28:40,1781839720,R_10,4854.316,1,0.17599999999947613,BACKFILL_AUTO
2026-06-19 03:28:42,1781839722,R_10,4854.264,-1,0.05199999999967986,BACKFILL_AUTO
2026-06-19 03:28:44,1781839724,R_10,4854.378,1,0.113999999999578,BACKFILL_AUTO
2026-06-19 03:28:46,1781839726,R_10,4854.585,1,0.2070000000003347,BACKFILL_AUTO
2026-06-19 03:28:48,1781839728,R_10,4854.696,1,0.11099999999987631,BACKFILL_AUTO
2026-06-19 03:28:50,1781839730,R_10,4854.818,1,0.12200000000029831,BACKFILL_AUTO
2026-06-19 03:28:52,1781839732,R_10,4854.843,1,0.024999999999636202,BACKFILL_AUTO
2026-06-19 03:28:54,1781839734,R_10,4855.074,1,0.23099999999976717,BACKFILL_AUTO
2026-06-19 03:28:56,1781839736,R_10,4854.948,-1,0.12599999999929423,BACKFILL_AUTO
2026-06-19 03:28:58,1781839738,R_10,4854.849,-1,0.09900000000016007,BACKFILL_AUTO
2026-06-19 03:29:00,1781839740,R_10,4854.574,-1,0.2750000000005457,BACKFILL_AUTO
2026-06-19 03:29:02,1781839742,R_10,4854.668,1,0.09400000000005093,BACKFILL_AUTO
2026-06-19 03:29:04,1781839744,R_10,4854.612,-1,0.05599999999958527,BACKFILL_AUTO
2026-06-19 03:29:06,1781839746,R_10,4854.488,-1,0.12399999999979627,BACKFILL_AUTO
2026-06-19 03:29:08,1781839748,R_10,4854.251,-1,0.23700000000008004,BACKFILL_AUTO
2026-06-19 03:29:10,1781839750,R_10,4854.235,-1,0.016000000000531145,BACKFILL_AUTO
2026-06-19 03:29:12,1781839752,R_10,4854.0,-1,0.23499999999967258,BACKFILL_AUTO
2026-06-19 03:29:14,1781839754,R_10,4854.092,1,0.09199999999964348,BACKFILL_AUTO
2026-06-19 03:29:16,1781839756,R_10,4854.191,1,0.09900000000016007,BACKFILL_AUTO
2026-06-19 03:29:18,1781839758,R_10,4854.253,1,0.06199999999989814,BACKFILL_AUTO
2026-06-19 03:29:20,1781839760,R_10,4854.291,1,0.03800000000046566,BACKFILL_AUTO
2026-06-19 03:29:22,1781839762,R_10,4854.066,-1,0.2250000000003638,BACKFILL_AUTO
2026-06-19 03:29:24,1781839764,R_10,4853.825,-1,0.24099999999998545,BACKFILL_AUTO
2026-06-19 03:29:26,1781839766,R_10,4853.635,-1,0.18999999999959982,BACKFILL_AUTO
2026-06-19 03:29:28,1781839768,R_10,4853.742,1,0.1069999999999709,BACKFILL_AUTO
2026-06-19 03:29:30,1781839770,R_10,4853.711,-1,0.03099999999994907,BACKFILL_AUTO
2026-06-19 03:29:32,1781839772,R_10,4853.85,1,0.1390000000001237,BACKFILL_AUTO
2026-06-19 03:29:34,1781839774,R_10,4853.619,-1,0.23100000000067666,BACKFILL_AUTO
2026-06-19 03:29:36,1781839776,R_10,4853.63,1,0.011000000000422006,BACKFILL_AUTO
2026-06-19 03:29:38,1781839778,R_10,4853.514,-1,0.11599999999998545,BACKFILL_AUTO
2026-06-19 03:29:40,1781839780,R_10,4853.594,1,0.07999999999992724,BACKFILL_AUTO
2026-06-19 03:29:42,1781839782,R_10,4853.764,1,0.17000000000007276,BACKFILL_AUTO
2026-06-19 03:29:44,1781839784,R_10,4853.861,1,0.09699999999975262,BACKFILL_AUTO
2026-06-19 03:29:46,1781839786,R_10,4853.864,1,0.0029999999997016857,BACKFILL_AUTO
2026-06-19 03:29:48,1781839788,R_10,4854.246,1,0.3820000000005166,BACKFILL_AUTO
2026-06-19 03:29:50,1781839790,R_10,4854.319,1,0.07300000000032014,BACKFILL_AUTO
2026-06-19 03:29:52,1781839792,R_10,4854.336,1,0.016999999999825377,BACKFILL_AUTO
2026-06-19 03:29:54,1781839794,R_10,4854.329,-1,0.007000000000516593,BACKFILL_AUTO
2026-06-19 03:29:56,1781839796,R_10,4854.489,1,0.15999999999985448,BACKFILL_AUTO
2026-06-19 03:29:58,1781839798,R_10,4854.218,-1,0.2709999999997308,BACKFILL_AUTO
2026-06-19 03:30:00,1781839800,R_10,4854.33,1,0.11200000000008004,BACKFILL_AUTO
2026-06-19 03:30:02,1781839802,R_10,4854.38,1,0.0500000000001819,BACKFILL_AUTO
2026-06-19 03:30:04,1781839804,R_10,4854.453,1,0.07300000000032014,BACKFILL_AUTO
2026-06-19 03:30:06,1781839806,R_10,4854.345,-1,0.10800000000017462,BACKFILL_AUTO
2026-06-19 03:30:08,1781839808,R_10,4854.504,1,0.15899999999965075,BACKFILL_AUTO
2026-06-19 03:30:10,1781839810,R_10,4854.521,1,0.016999999999825377,BACKFILL_AUTO
2026-06-19 03:30:12,1781839812,R_10,4854.424,-1,0.09699999999975262,BACKFILL_AUTO
2026-06-19 03:30:14,1781839814,R_10,4854.527,1,0.10300000000006548,BACKFILL_AUTO
2026-06-19 03:30:16,1781839816,R_10,4854.358,-1,0.16899999999986903,BACKFILL_AUTO
2026-06-19 03:30:18,1781839818,R_10,4854.28,-1,0.07800000000042928,BACKFILL_AUTO
2026-06-19 03:30:20,1781839820,R_10,4854.217,-1,0.06300000000010186,BACKFILL_AUTO
2026-06-19 03:30:22,1781839822,R_10,4854.178,-1,0.03899999999975989,BACKFILL_AUTO
2026-06-19 03:30:24,1781839824,R_10,4854.037,-1,0.14099999999962165,BACKFILL_AUTO
2026-06-19 03:30:26,1781839826,R_10,4854.143,1,0.10599999999976717,BACKFILL_AUTO
2026-06-19 03:30:28,1781839828,R_10,4854.23,1,0.08699999999953434,BACKFILL_AUTO
2026-06-19 03:30:30,1781839830,R_10,4854.266,1,0.03600000000005821,BACKFILL_AUTO
2026-06-19 03:30:32,1781839832,R_10,4854.242,-1,0.023999999999432475,BACKFILL_AUTO
2026-06-19 03:30:34,1781839834,R_10,4854.185,-1,0.056999999999789,BACKFILL_AUTO
2026-06-19 03:30:36,1781839836,R_10,4854.088,-1,0.09700000000066211,BACKFILL_AUTO
2026-06-19 03:30:38,1781839838,R_10,4854.152,1,0.06400000000030559,BACKFILL_AUTO
2026-06-19 03:30:40,1781839840,R_10,4854.167,1,0.015000000000327418,BACKFILL_AUTO
2026-06-19 03:30:42,1781839842,R_10,4853.974,-1,0.193000000000211,BACKFILL_AUTO
2026-06-19 03:30:44,1781839844,R_10,4854.067,1,0.0929999999998472,BACKFILL_AUTO
2026-06-19 03:30:46,1781839846,R_10,4854.133,1,0.06599999999980355,BACKFILL_AUTO
2026-06-19 03:30:48,1781839848,R_10,4854.2,1,0.06700000000000728,BACKFILL_AUTO
2026-06-19 03:30:50,1781839850,R_10,4854.277,1,0.07700000000022555,BACKFILL_AUTO
2026-06-19 03:30:52,1781839852,R_10,4854.348,1,0.07099999999991269,BACKFILL_AUTO
2026-06-19 03:30:54,1781839854,R_10,4854.42,1,0.07200000000011642,BACKFILL_AUTO
2026-06-19 03:30:56,1781839856,R_10,4854.277,-1,0.1430000000000291,BACKFILL_AUTO
2026-06-19 03:30:58,1781839858,R_10,4854.367,1,0.09000000000014552,BACKFILL_AUTO
2026-06-19 03:31:00,1781839860,R_10,4854.323,-1,0.04399999999986903,BACKFILL_AUTO
2026-06-19 03:31:02,1781839862,R_10,4854.461,1,0.13799999999991996,BACKFILL_AUTO
2026-06-19 03:31:04,1781839864,R_10,4854.422,-1,0.03900000000066939,BACKFILL_AUTO
2026-06-19 03:31:06,1781839866,R_10,4854.648,1,0.22600000000056752,BACKFILL_AUTO
2026-06-19 03:31:08,1781839868,R_10,4854.579,-1,0.06900000000041473,BACKFILL_AUTO
2026-06-19 03:31:10,1781839870,R_10,4854.49,-1,0.08899999999994179,BACKFILL_AUTO
2026-06-19 03:31:12,1781839872,R_10,4854.689,1,0.19900000000052387,BACKFILL_AUTO
2026-06-19 03:31:14,1781839874,R_10,4854.709,1,0.019999999999527063,BACKFILL_AUTO
2026-06-19 03:31:16,1781839876,R_10,4854.493,-1,0.21599999999943975,BACKFILL_AUTO
2026-06-19 03:31:18,1781839878,R_10,4854.481,-1,0.012000000000625732,BACKFILL_AUTO
2026-06-19 03:31:20,1781839880,R_10,4854.389,-1,0.09199999999964348,BACKFILL_AUTO
2026-06-19 03:31:22,1781839882,R_10,4854.493,1,0.10400000000026921,BACKFILL_AUTO
2026-06-19 03:31:24,1781839884,R_10,4854.42,-1,0.07300000000032014,BACKFILL_AUTO
2026-06-19 03:31:26,1781839886,R_10,4854.324,-1,0.09600000000045839,BACKFILL_AUTO
2026-06-19 03:31:28,1781839888,R_10,4854.28,-1,0.04399999999986903,BACKFILL_AUTO
2026-06-19 03:31:30,1781839890,R_10,4854.425,1,0.14500000000043656,BACKFILL_AUTO
2026-06-19 03:31:32,1781839892,R_10,4854.393,-1,0.032000000000152795,BACKFILL_AUTO
2026-06-19 03:31:34,1781839894,R_10,4854.328,-1,0.06499999999959982,BACKFILL_AUTO
2026-06-19 03:31:36,1781839896,R_10,4854.218,-1,0.11000000000058208,BACKFILL_AUTO
2026-06-19 03:31:38,1781839898,R_10,4854.191,-1,0.027000000000043656,BACKFILL_AUTO
2026-06-19 03:31:40,1781839900,R_10,4853.992,-1,0.19899999999961437,BACKFILL_AUTO
2026-06-19 03:31:42,1781839902,R_10,4853.777,-1,0.21500000000014552,BACKFILL_AUTO
2026-06-19 03:31:44,1781839904,R_10,4853.854,1,0.07700000000022555,BACKFILL_AUTO
2026-06-19 03:31:46,1781839906,R_10,4853.864,1,0.009999999999308784,BACKFILL_AUTO
2026-06-19 03:31:48,1781839908,R_10,4853.911,1,0.04700000000048021,BACKFILL_AUTO
2026-06-19 03:31:50,1781839910,R_10,4853.707,-1,0.2039999999997235,BACKFILL_AUTO
2026-06-19 03:31:52,1781839912,R_10,4853.528,-1,0.1790000000000873,BACKFILL_AUTO
2026-06-19 03:31:54,1781839914,R_10,4853.759,1,0.23099999999976717,BACKFILL_AUTO
2026-06-19 03:31:56,1781839916,R_10,4853.903,1,0.14400000000023283,BACKFILL_AUTO
2026-06-19 03:31:58,1781839918,R_10,4853.953,1,0.0500000000001819,BACKFILL_AUTO
2026-06-19 03:32:00,1781839920,R_10,4853.858,-1,0.09500000000025466,BACKFILL_AUTO
2026-06-19 03:32:02,1781839922,R_10,4853.875,1,0.016999999999825377,BACKFILL_AUTO
2026-06-19 03:32:04,1781839924,R_10,4853.93,1,0.05500000000029104,BACKFILL_AUTO
2026-06-19 03:32:06,1781839926,R_10,4853.924,-1,0.006000000000312866,BACKFILL_AUTO
2026-06-19 03:32:08,1781839928,R_10,4853.767,-1,0.1570000000001528,BACKFILL_AUTO
2026-06-19 03:32:10,1781839930,R_10,4853.851,1,0.08399999999983265,BACKFILL_AUTO
2026-06-19 03:32:12,1781839932,R_10,4853.787,-1,0.0639999999993961,BACKFILL_AUTO
2026-06-19 03:32:14,1781839934,R_10,4853.957,1,0.17000000000007276,BACKFILL_AUTO
2026-06-19 03:32:16,1781839936,R_10,4853.912,-1,0.04500000000007276,BACKFILL_AUTO
2026-06-19 03:32:18,1781839938,R_10,4853.883,-1,0.02900000000045111,BACKFILL_AUTO
2026-06-19 03:32:20,1781839940,R_10,4853.943,1,0.06000000000040018,BACKFILL_AUTO
2026-06-19 03:32:22,1781839942,R_10,4853.789,-1,0.1540000000004511,BACKFILL_AUTO
2026-06-19 03:32:24,1781839944,R_10,4853.914,1,0.125,BACKFILL_AUTO
2026-06-19 03:32:26,1781839946,R_10,4853.85,-1,0.0639999999993961,BACKFILL_AUTO
2026-06-19 03:32:28,1781839948,R_10,4853.863,1,0.012999999999919964,BACKFILL_AUTO
2026-06-19 03:32:30,1781839950,R_10,4853.987,1,0.12399999999979627,BACKFILL_AUTO
2026-06-19 03:32:32,1781839952,R_10,4854.042,1,0.05500000000029104,BACKFILL_AUTO
2026-06-19 03:32:34,1781839954,R_10,4854.004,-1,0.03800000000046566,BACKFILL_AUTO
2026-06-19 03:32:36,1781839956,R_10,4853.877,-1,0.12699999999949796,BACKFILL_AUTO
2026-06-19 03:32:38,1781839958,R_10,4853.915,1,0.03799999999955617,BACKFILL_AUTO
2026-06-19 03:32:40,1781839960,R_10,4854.021,1,0.10599999999976717,BACKFILL_AUTO
2026-06-19 03:32:42,1781839962,R_10,4853.883,-1,0.13799999999991996,BACKFILL_AUTO
2026-06-19 03:32:44,1781839964,R_10,4853.879,-1,0.0039999999999054126,BACKFILL_AUTO
2026-06-19 03:32:46,1781839966,R_10,4853.974,1,0.09500000000025466,BACKFILL_AUTO
2026-06-19 03:32:48,1781839968,R_10,4853.992,1,0.018000000000029104,BACKFILL_AUTO
2026-06-19 03:32:50,1781839970,R_10,4853.878,-1,0.11400000000048749,BACKFILL_AUTO
2026-06-19 03:32:52,1781839972,R_10,4853.822,-1,0.05599999999958527,BACKFILL_AUTO
2026-06-19 03:32:54,1781839974,R_10,4853.838,1,0.01599999999962165,BACKFILL_AUTO
2026-06-19 03:32:56,1781839976,R_10,4853.933,1,0.09500000000025466,BACKFILL_AUTO
2026-06-19 03:32:58,1781839978,R_10,4853.875,-1,0.057999999999992724,BACKFILL_AUTO
2026-06-19 03:33:00,1781839980,R_10,4854.135,1,0.2600000000002183,BACKFILL_AUTO
2026-06-19 03:33:02,1781839982,R_10,4853.954,-1,0.18100000000049477,BACKFILL_AUTO
2026-06-19 03:33:04,1781839984,R_10,4853.89,-1,0.0639999999993961,BACKFILL_AUTO
2026-06-19 03:33:06,1781839986,R_10,4854.002,1,0.11200000000008004,BACKFILL_AUTO
2026-06-19 03:33:08,1781839988,R_10,4853.971,-1,0.031000000000858563,BACKFILL_AUTO
2026-06-19 03:33:10,1781839990,R_10,4853.845,-1,0.12599999999929423,BACKFILL_AUTO
2026-06-19 03:33:12,1781839992,R_10,4853.94,1,0.09499999999934516,BACKFILL_AUTO
2026-06-19 03:33:14,1781839994,R_10,4854.042,1,0.10200000000077125,BACKFILL_AUTO
2026-06-19 03:33:16,1781839996,R_10,4854.075,1,0.03299999999944703,BACKFILL_AUTO
2026-06-19 03:33:18,1781839998,R_10,4854.107,1,0.032000000000152795,BACKFILL_AUTO
2026-06-19 03:33:20,1781840000,R_10,4854.287,1,0.18000000000029104,BACKFILL_AUTO
2026-06-19 03:33:22,1781840002,R_10,4854.283,-1,0.0039999999999054126,BACKFILL_AUTO
2026-06-19 03:33:24,1781840004,R_10,4854.346,1,0.06299999999919237,BACKFILL_AUTO
2026-06-19 03:33:26,1781840006,R_10,4854.316,-1,0.02999999999974534,BACKFILL_AUTO
2026-06-19 03:33:28,1781840008,R_10,4854.309,-1,0.006999999999607098,BACKFILL_AUTO
2026-06-19 03:33:30,1781840010,R_10,4854.316,1,0.006999999999607098,BACKFILL_AUTO
2026-06-19 03:33:32,1781840012,R_10,4854.117,-1,0.19899999999961437,BACKFILL_AUTO
2026-06-19 03:33:34,1781840014,R_10,4854.076,-1,0.04100000000016735,BACKFILL_AUTO
2026-06-19 03:33:36,1781840016,R_10,4854.029,-1,0.04699999999957072,BACKFILL_AUTO
2026-06-19 03:33:38,1781840018,R_10,4854.075,1,0.04599999999936699,BACKFILL_AUTO
2026-06-19 03:33:40,1781840020,R_10,4854.125,1,0.0500000000001819,BACKFILL_AUTO
2026-06-19 03:33:42,1781840022,R_10,4854.137,1,0.011999999999716238,BACKFILL_AUTO
2026-06-19 03:33:44,1781840024,R_10,4854.098,-1,0.03899999999975989,BACKFILL_AUTO
2026-06-19 03:33:46,1781840026,R_10,4854.2,1,0.10199999999986176,BACKFILL_AUTO
2026-06-19 03:33:48,1781840028,R_10,4854.007,-1,0.193000000000211,BACKFILL_AUTO
2026-06-19 03:33:50,1781840030,R_10,4853.978,-1,0.028999999999541615,BACKFILL_AUTO
2026-06-19 03:33:52,1781840032,R_10,4853.751,-1,0.22699999999986176,BACKFILL_AUTO
2026-06-19 03:33:54,1781840034,R_10,4853.616,-1,0.13500000000021828,BACKFILL_AUTO
2026-06-19 03:33:56,1781840036,R_10,4853.677,1,0.06099999999969441,BACKFILL_AUTO
2026-06-19 03:33:58,1781840038,R_10,4853.641,-1,0.03600000000005821,BACKFILL_AUTO
2026-06-19 03:34:00,1781840040,R_10,4853.654,1,0.01300000000082946,BACKFILL_AUTO
2026-06-19 03:34:02,1781840042,R_10,4853.416,-1,0.23800000000028376,BACKFILL_AUTO
2026-06-19 03:34:04,1781840044,R_10,4853.561,1,0.14499999999952706,BACKFILL_AUTO
2026-06-19 03:34:06,1781840046,R_10,4853.522,-1,0.03899999999975989,BACKFILL_AUTO
2026-06-19 03:34:08,1781840048,R_10,4853.456,-1,0.06599999999980355,BACKFILL_AUTO
2026-06-19 03:34:10,1781840050,R_10,4853.372,-1,0.08399999999983265,BACKFILL_AUTO
2026-06-19 03:34:12,1781840052,R_10,4853.291,-1,0.08100000000013097,BACKFILL_AUTO
2026-06-19 03:34:14,1781840054,R_10,4853.401,1,0.10999999999967258,BACKFILL_AUTO
2026-06-19 03:34:16,1781840056,R_10,4853.309,-1,0.09199999999964348,BACKFILL_AUTO
2026-06-19 03:34:18,1781840058,R_10,4853.253,-1,0.056000000000494765,BACKFILL_AUTO
2026-06-19 03:34:20,1781840060,R_10,4853.319,1,0.06600000000071304,BACKFILL_AUTO
2026-06-19 03:34:22,1781840062,R_10,4853.316,-1,0.0030000000006111804,BACKFILL_AUTO
2026-06-19 03:34:24,1781840064,R_10,4853.222,-1,0.09400000000005093,BACKFILL_AUTO
2026-06-19 03:34:26,1781840066,R_10,4853.109,-1,0.11299999999937427,BACKFILL_AUTO
2026-06-19 03:34:28,1781840068,R_10,4853.052,-1,0.05700000000069849,BACKFILL_AUTO
2026-06-19 03:34:30,1781840070,R_10,4853.166,1,0.11400000000048749,BACKFILL_AUTO
2026-06-19 03:34:32,1781840072,R_10,4853.196,1,0.02999999999974534,BACKFILL_AUTO
2026-06-19 03:34:34,1781840074,R_10,4852.965,-1,0.23099999999976717,BACKFILL_AUTO
2026-06-19 03:34:36,1781840076,R_10,4852.728,-1,0.23700000000008004,BACKFILL_AUTO
2026-06-19 03:34:38,1781840078,R_10,4852.712,-1,0.01599999999962165,BACKFILL_AUTO
2026-06-19 03:34:40,1781840080,R_10,4852.658,-1,0.05400000000008731,BACKFILL_AUTO
2026-06-19 03:34:42,1781840082,R_10,4852.991,1,0.3329999999996289,BACKFILL_AUTO
2026-06-19 03:34:44,1781840084,R_10,4853.007,1,0.01599999999962165,BACKFILL_AUTO
2026-06-19 03:34:46,1781840086,R_10,4852.978,-1,0.028999999999541615,BACKFILL_AUTO
2026-06-19 03:34:48,1781840088,R_10,4853.143,1,0.16499999999996362,BACKFILL_AUTO
2026-06-19 03:34:50,1781840090,R_10,4853.196,1,0.052999999999883585,BACKFILL_AUTO
2026-06-19 03:34:52,1781840092,R_10,4853.233,1,0.037000000000261934,BACKFILL_AUTO
2026-06-19 03:34:54,1781840094,R_10,4853.198,-1,0.03499999999985448,BACKFILL_AUTO
2026-06-19 03:34:56,1781840096,R_10,4853.073,-1,0.125,BACKFILL_AUTO
2026-06-19 03:34:58,1781840098,R_10,4853.066,-1,0.007000000000516593,BACKFILL_AUTO
2026-06-19 03:35:00,1781840100,R_10,4853.077,1,0.011000000000422006,BACKFILL_AUTO
2026-06-19 03:35:02,1781840102,R_10,4853.083,1,0.0059999999994033715,BACKFILL_AUTO
2026-06-19 03:35:04,1781840104,R_10,4853.096,1,0.012999999999919964,BACKFILL_AUTO
2026-06-19 03:35:06,1781840106,R_10,4852.986,-1,0.10999999999967258,BACKFILL_AUTO
2026-06-19 03:35:08,1781840108,R_10,4853.134,1,0.14800000000013824,BACKFILL_AUTO
2026-06-19 03:35:10,1781840110,R_10,4853.112,-1,0.021999999999934516,BACKFILL_AUTO
2026-06-19 03:35:12,1781840112,R_10,4853.184,1,0.07200000000011642,BACKFILL_AUTO
2026-06-19 03:35:14,1781840114,R_10,4853.217,1,0.03299999999944703,BACKFILL_AUTO
2026-06-19 03:35:16,1781840116,R_10,4853.271,1,0.05400000000008731,BACKFILL_AUTO
2026-06-19 03:35:18,1781840118,R_10,4853.276,1,0.005000000000109139,BACKFILL_AUTO
2026-06-19 03:35:20,1781840120,R_10,4853.301,1,0.025000000000545697,BACKFILL_AUTO
2026-06-19 03:35:22,1781840122,R_10,4853.014,-1,0.28700000000026193,BACKFILL_AUTO
2026-06-19 03:35:24,1781840124,R_10,4853.097,1,0.08299999999962893,BACKFILL_AUTO
2026-06-19 03:35:26,1781840126,R_10,4853.101,1,0.0039999999999054126,BACKFILL_AUTO
2026-06-19 03:35:28,1781840128,R_10,4853.069,-1,0.0319999999992433,BACKFILL_AUTO
2026-06-19 03:35:30,1781840130,R_10,4852.815,-1,0.2540000000008149,BACKFILL_AUTO
2026-06-19 03:35:32,1781840132,R_10,4853.027,1,0.21200000000044383,BACKFILL_AUTO
2026-06-19 03:35:34,1781840134,R_10,4853.129,1,0.10199999999986176,BACKFILL_AUTO
2026-06-19 03:35:36,1781840136,R_10,4853.269,1,0.14000000000032742,BACKFILL_AUTO
2026-06-19 03:35:38,1781840138,R_10,4853.126,-1,0.1430000000000291,BACKFILL_AUTO
2026-06-19 03:35:40,1781840140,R_10,4852.926,-1,0.1999999999998181,BACKFILL_AUTO
2026-06-19 03:35:42,1781840142,R_10,4852.86,-1,0.06600000000071304,BACKFILL_AUTO
2026-06-19 03:35:44,1781840144,R_10,4852.625,-1,0.23499999999967258,BACKFILL_AUTO
2026-06-19 03:35:46,1781840146,R_10,4852.508,-1,0.11700000000018917,BACKFILL_AUTO
2026-06-19 03:35:48,1781840148,R_10,4852.611,1,0.10300000000006548,BACKFILL_AUTO
2026-06-19 03:35:50,1781840150,R_10,4852.549,-1,0.06199999999989814,BACKFILL_AUTO
2026-06-19 03:35:52,1781840152,R_10,4852.618,1,0.06900000000041473,BACKFILL_AUTO
2026-06-19 03:35:54,1781840154,R_10,4852.638,1,0.019999999999527063,BACKFILL_AUTO
2026-06-19 03:35:56,1781840156,R_10,4852.798,1,0.15999999999985448,BACKFILL_AUTO
2026-06-19 03:35:58,1781840158,R_10,4852.787,-1,0.01099999999951251,BACKFILL_AUTO
2026-06-19 03:36:00,1781840160,R_10,4852.809,1,0.021999999999934516,BACKFILL_AUTO
2026-06-19 03:36:02,1781840162,R_10,4852.556,-1,0.2530000000006112,BACKFILL_AUTO
2026-06-19 03:36:04,1781840164,R_10,4852.551,-1,0.004999999999199645,BACKFILL_AUTO
2026-06-19 03:36:06,1781840166,R_10,4852.337,-1,0.2139999999999418,BACKFILL_AUTO
2026-06-19 03:36:08,1781840168,R_10,4852.303,-1,0.03400000000056025,BACKFILL_AUTO
2026-06-19 03:36:10,1781840170,R_10,4852.353,1,0.0500000000001819,BACKFILL_AUTO
2026-06-19 03:36:12,1781840172,R_10,4852.233,-1,0.11999999999989086,BACKFILL_AUTO
2026-06-19 03:36:14,1781840174,R_10,4852.393,1,0.15999999999985448,BACKFILL_AUTO
2026-06-19 03:36:16,1781840176,R_10,4852.333,-1,0.06000000000040018,BACKFILL_AUTO
2026-06-19 03:36:18,1781840178,R_10,4852.4,1,0.06700000000000728,BACKFILL_AUTO
2026-06-19 03:36:20,1781840180,R_10,4852.198,-1,0.20199999999931606,BACKFILL_AUTO
2026-06-19 03:36:22,1781840182,R_10,4852.297,1,0.09899999999925058,BACKFILL_AUTO
2026-06-19 03:36:24,1781840184,R_10,4852.445,1,0.14800000000013824,BACKFILL_AUTO
2026-06-19 03:36:26,1781840186,R_10,4852.74,1,0.29500000000007276,BACKFILL_AUTO
2026-06-19 03:36:28,1781840188,R_10,4852.683,-1,0.056999999999789,BACKFILL_AUTO
2026-06-19 03:36:30,1781840190,R_10,4852.698,1,0.015000000000327418,BACKFILL_AUTO
2026-06-19 03:36:32,1781840192,R_10,4852.94,1,0.24199999999927968,BACKFILL_AUTO
2026-06-19 03:36:34,1781840194,R_10,4852.976,1,0.03600000000005821,BACKFILL_AUTO
2026-06-19 03:36:36,1781840196,R_10,4852.957,-1,0.018999999999323336,BACKFILL_AUTO
2026-06-19 03:36:38,1781840198,R_10,4852.72,-1,0.23700000000008004,BACKFILL_AUTO
2026-06-19 03:36:40,1781840200,R_10,4852.748,1,0.027999999999337888,BACKFILL_AUTO
2026-06-19 03:36:42,1781840202,R_10,4852.931,1,0.18299999999999272,BACKFILL_AUTO
2026-06-19 03:36:44,1781840204,R_10,4853.025,1,0.09400000000005093,BACKFILL_AUTO
2026-06-19 03:36:46,1781840206,R_10,4852.992,-1,0.03299999999944703,BACKFILL_AUTO
2026-06-19 03:36:48,1781840208,R_10,4853.01,1,0.018000000000029104,BACKFILL_AUTO
2026-06-19 03:36:50,1781840210,R_10,4853.136,1,0.12600000000020373,BACKFILL_AUTO
2026-06-19 03:36:52,1781840212,R_10,4853.318,1,0.181999999999789,BACKFILL_AUTO
2026-06-19 03:36:54,1781840214,R_10,4853.363,1,0.04500000000007276,BACKFILL_AUTO
2026-06-19 03:36:56,1781840216,R_10,4853.362,-1,0.0010000000002037268,BACKFILL_AUTO
2026-06-19 03:36:58,1781840218,R_10,4853.206,-1,0.15599999999994907,BACKFILL_AUTO
2026-06-19 03:37:00,1781840220,R_10,4853.407,1,0.20100000000002183,BACKFILL_AUTO
2026-06-19 03:37:02,1781840222,R_10,4853.356,-1,0.051000000000385626,BACKFILL_AUTO
2026-06-19 03:37:04,1781840224,R_10,4853.46,1,0.10400000000026921,BACKFILL_AUTO
2026-06-19 03:37:06,1781840226,R_10,4853.282,-1,0.17799999999988358,BACKFILL_AUTO
2026-06-19 03:37:08,1781840228,R_10,4853.263,-1,0.01900000000023283,BACKFILL_AUTO
2026-06-19 03:37:10,1781840230,R_10,4853.139,-1,0.12399999999979627,BACKFILL_AUTO
2026-06-19 03:37:12,1781840232,R_10,4853.224,1,0.08500000000003638,BACKFILL_AUTO
2026-06-19 03:37:14,1781840234,R_10,4853.435,1,0.2110000000002401,BACKFILL_AUTO
2026-06-19 03:37:16,1781840236,R_10,4853.534,1,0.09899999999925058,BACKFILL_AUTO
2026-06-19 03:37:18,1781840238,R_10,4853.403,-1,0.13099999999940337,BACKFILL_AUTO
2026-06-19 03:37:20,1781840240,R_10,4853.494,1,0.09099999999943975,BACKFILL_AUTO
2026-06-19 03:37:22,1781840242,R_10,4853.377,-1,0.11699999999927968,BACKFILL_AUTO
2026-06-19 03:37:24,1781840244,R_10,4853.247,-1,0.13000000000010914,BACKFILL_AUTO
2026-06-19 03:37:26,1781840246,R_10,4853.08,-1,0.16700000000037107,BACKFILL_AUTO
2026-06-19 03:37:28,1781840248,R_10,4852.971,-1,0.10900000000037835,BACKFILL_AUTO
2026-06-19 03:37:30,1781840250,R_10,4853.233,1,0.26200000000062573,BACKFILL_AUTO
2026-06-19 03:37:32,1781840252,R_10,4853.098,-1,0.13500000000021828,BACKFILL_AUTO
2026-06-19 03:37:34,1781840254,R_10,4853.039,-1,0.05900000000019645,BACKFILL_AUTO
2026-06-19 03:37:36,1781840256,R_10,4853.056,1,0.016999999999825377,BACKFILL_AUTO
2026-06-19 03:37:38,1781840258,R_10,4853.118,1,0.06200000000080763,BACKFILL_AUTO
2026-06-19 03:37:40,1781840260,R_10,4853.057,-1,0.061000000000603904,BACKFILL_AUTO
2026-06-19 03:37:42,1781840262,R_10,4853.105,1,0.047999999999774445,BACKFILL_AUTO
2026-06-19 03:37:44,1781840264,R_10,4853.037,-1,0.06799999999930151,BACKFILL_AUTO
2026-06-19 03:37:46,1781840266,R_10,4853.137,1,0.0999999999994543,BACKFILL_AUTO
2026-06-19 03:37:48,1781840268,R_10,4853.288,1,0.15099999999983993,BACKFILL_AUTO
2026-06-19 03:37:50,1781840270,R_10,4853.411,1,0.12300000000050204,BACKFILL_AUTO
2026-06-19 03:37:52,1781840272,R_10,4853.543,1,0.1319999999996071,BACKFILL_AUTO
2026-06-19 03:37:54,1781840274,R_10,4853.505,-1,0.03799999999955617,BACKFILL_AUTO
2026-06-19 03:37:56,1781840276,R_10,4853.319,-1,0.1859999999996944,BACKFILL_AUTO
2026-06-19 03:37:58,1781840278,R_10,4853.589,1,0.26999999999952706,BACKFILL_AUTO
2026-06-19 03:38:00,1781840280,R_10,4853.619,1,0.02999999999974534,BACKFILL_AUTO
2026-06-19 03:38:02,1781840282,R_10,4853.651,1,0.032000000000152795,BACKFILL_AUTO
2026-06-19 03:38:04,1781840284,R_10,4853.78,1,0.1289999999999054,BACKFILL_AUTO
2026-06-19 03:38:06,1781840286,R_10,4853.929,1,0.14900000000034197,BACKFILL_AUTO
2026-06-19 03:38:08,1781840288,R_10,4854.02,1,0.09100000000034925,BACKFILL_AUTO
2026-06-19 03:38:10,1781840290,R_10,4854.06,1,0.03999999999996362,BACKFILL_AUTO
2026-06-19 03:38:12,1781840292,R_10,4854.094,1,0.033999999999650754,BACKFILL_AUTO
2026-06-19 03:38:14,1781840294,R_10,4854.381,1,0.28700000000026193,BACKFILL_AUTO
2026-06-19 03:38:16,1781840296,R_10,4854.205,-1,0.17600000000038563,BACKFILL_AUTO
2026-06-19 03:38:18,1781840298,R_10,4854.241,1,0.03600000000005821,BACKFILL_AUTO
2026-06-19 03:38:20,1781840300,R_10,4854.167,-1,0.07399999999961437,BACKFILL_AUTO
2026-06-19 03:38:22,1781840302,R_10,4854.046,-1,0.12100000000009459,BACKFILL_AUTO
2026-06-19 03:38:24,1781840304,R_10,4854.203,1,0.1570000000001528,BACKFILL_AUTO
2026-06-19 03:38:26,1781840306,R_10,4854.002,-1,0.20100000000002183,BACKFILL_AUTO
2026-06-19 03:38:28,1781840308,R_10,4854.054,1,0.05199999999967986,BACKFILL_AUTO
2026-06-19 03:38:30,1781840310,R_10,4854.286,1,0.2319999999999709,BACKFILL_AUTO
2026-06-19 03:38:32,1781840312,R_10,4854.267,-1,0.01900000000023283,BACKFILL_AUTO
2026-06-19 03:38:34,1781840314,R_10,4854.311,1,0.04399999999986903,BACKFILL_AUTO
2026-06-19 03:38:36,1781840316,R_10,4854.342,1,0.03099999999994907,BACKFILL_AUTO
2026-06-19 03:38:38,1781840318,R_10,4854.297,-1,0.04500000000007276,BACKFILL_AUTO
2026-06-19 03:38:40,1781840320,R_10,4854.248,-1,0.04899999999997817,BACKFILL_AUTO
2026-06-19 03:38:42,1781840322,R_10,4854.304,1,0.056000000000494765,BACKFILL_AUTO
2026-06-19 03:38:44,1781840324,R_10,4854.412,1,0.10800000000017462,BACKFILL_AUTO
2026-06-19 03:38:46,1781840326,R_10,4854.436,1,0.023999999999432475,BACKFILL_AUTO
2026-06-19 03:38:48,1781840328,R_10,4854.403,-1,0.03299999999944703,BACKFILL_AUTO
2026-06-19 03:38:50,1781840330,R_10,4854.291,-1,0.11200000000008004,BACKFILL_AUTO
2026-06-19 03:38:52,1781840332,R_10,4854.321,1,0.02999999999974534,BACKFILL_AUTO
2026-06-19 03:38:54,1781840334,R_10,4854.204,-1,0.11700000000018917,BACKFILL_AUTO
2026-06-19 03:38:56,1781840336,R_10,4854.206,1,0.0020000000004074536,BACKFILL_AUTO
2026-06-19 03:38:58,1781840338,R_10,4854.444,1,0.23800000000028376,BACKFILL_AUTO
2026-06-19 03:39:00,1781840340,R_10,4854.108,-1,0.3360000000002401,BACKFILL_AUTO
2026-06-19 03:39:02,1781840342,R_10,4853.987,-1,0.12100000000009459,BACKFILL_AUTO
2026-06-19 03:39:04,1781840344,R_10,4853.911,-1,0.07600000000002183,BACKFILL_AUTO
2026-06-19 03:39:06,1781840346,R_10,4853.855,-1,0.056000000000494765,BACKFILL_AUTO
2026-06-19 03:39:08,1781840348,R_10,4853.923,1,0.068000000000211,BACKFILL_AUTO
2026-06-19 03:39:10,1781840350,R_10,4853.845,-1,0.07799999999951979,BACKFILL_AUTO
2026-06-19 03:39:12,1781840352,R_10,4853.794,-1,0.051000000000385626,BACKFILL_AUTO
2026-06-19 03:39:14,1781840354,R_10,4853.804,1,0.010000000000218279,BACKFILL_AUTO
2026-06-19 03:39:16,1781840356,R_10,4853.943,1,0.1390000000001237,BACKFILL_AUTO
2026-06-19 03:39:18,1781840358,R_10,4854.01,1,0.06700000000000728,BACKFILL_AUTO
2026-06-19 03:39:20,1781840360,R_10,4853.929,-1,0.08100000000013097,BACKFILL_AUTO
2026-06-19 03:39:22,1781840362,R_10,4853.962,1,0.03300000000035652,BACKFILL_AUTO
2026-06-19 03:39:24,1781840364,R_10,4853.974,1,0.011999999999716238,BACKFILL_AUTO
2026-06-19 03:39:26,1781840366,R_10,4854.077,1,0.10300000000006548,BACKFILL_AUTO
2026-06-19 03:39:28,1781840368,R_10,4853.865,-1,0.21200000000044383,BACKFILL_AUTO
2026-06-19 03:39:30,1781840370,R_10,4853.794,-1,0.07099999999991269,BACKFILL_AUTO
2026-06-19 03:39:32,1781840372,R_10,4853.841,1,0.04700000000048021,BACKFILL_AUTO
2026-06-19 03:39:34,1781840374,R_10,4853.718,-1,0.12300000000050204,BACKFILL_AUTO
2026-06-19 03:39:36,1781840376,R_10,4853.721,1,0.0029999999997016857,BACKFILL_AUTO
2026-06-19 03:39:38,1781840378,R_10,4853.763,1,0.042000000000371074,BACKFILL_AUTO
2026-06-19 03:39:40,1781840380,R_10,4853.77,1,0.007000000000516593,BACKFILL_AUTO
2026-06-19 03:39:42,1781840382,R_10,4853.97,1,0.1999999999998181,BACKFILL_AUTO
2026-06-19 03:39:44,1781840384,R_10,4853.88,-1,0.09000000000014552,BACKFILL_AUTO
2026-06-19 03:39:46,1781840386,R_10,4853.763,-1,0.11700000000018917,BACKFILL_AUTO
2026-06-19 03:39:48,1781840388,R_10,4853.638,-1,0.125,BACKFILL_AUTO
2026-06-19 03:39:50,1781840390,R_10,4853.896,1,0.2579999999998108,BACKFILL_AUTO
2026-06-19 03:39:52,1781840392,R_10,4853.849,-1,0.04699999999957072,BACKFILL_AUTO
2026-06-19 03:39:54,1781840394,R_10,4853.664,-1,0.18500000000040018,BACKFILL_AUTO
2026-06-19 03:39:56,1781840396,R_10,4853.728,1,0.06400000000030559,BACKFILL_AUTO
2026-06-19 03:39:58,1781840398,R_10,4853.595,-1,0.13299999999981083,BACKFILL_AUTO
2026-06-19 03:40:00,1781840400,R_10,4853.554,-1,0.04100000000016735,BACKFILL_AUTO
2026-06-19 03:40:02,1781840402,R_10,4853.73,1,0.17599999999947613,BACKFILL_AUTO
2026-06-19 03:40:04,1781840404,R_10,4853.774,1,0.04400000000077853,BACKFILL_AUTO
2026-06-19 03:40:06,1781840406,R_10,4853.756,-1,0.018000000000029104,BACKFILL_AUTO
2026-06-19 03:40:08,1781840408,R_10,4853.626,-1,0.13000000000010914,BACKFILL_AUTO
2026-06-19 03:40:10,1781840410,R_10,4853.56,-1,0.06599999999980355,BACKFILL_AUTO
2026-06-19 03:40:12,1781840412,R_10,4853.642,1,0.0819999999994252,BACKFILL_AUTO
2026-06-19 03:40:14,1781840414,R_10,4853.546,-1,0.09599999999954889,BACKFILL_AUTO
2026-06-19 03:40:16,1781840416,R_10,4853.315,-1,0.23100000000067666,BACKFILL_AUTO
2026-06-19 03:40:18,1781840418,R_10,4853.512,1,0.19700000000011642,BACKFILL_AUTO
2026-06-19 03:40:20,1781840420,R_10,4853.594,1,0.0820000000003347,BACKFILL_AUTO
2026-06-19 03:40:22,1781840422,R_10,4853.481,-1,0.11300000000028376,BACKFILL_AUTO
2026-06-19 03:40:24,1781840424,R_10,4853.56,1,0.07900000000063301,BACKFILL_AUTO
2026-06-19 03:40:26,1781840426,R_10,4853.391,-1,0.16900000000077853,BACKFILL_AUTO
2026-06-19 03:40:28,1781840428,R_10,4853.295,-1,0.09599999999954889,BACKFILL_AUTO
2026-06-19 03:40:30,1781840430,R_10,4853.339,1,0.04399999999986903,BACKFILL_AUTO
2026-06-19 03:40:32,1781840432,R_10,4853.358,1,0.01900000000023283,BACKFILL_AUTO
2026-06-19 03:40:34,1781840434,R_10,4853.286,-1,0.07200000000011642,BACKFILL_AUTO
2026-06-19 03:40:36,1781840436,R_10,4853.24,-1,0.046000000000276486,BACKFILL_AUTO
2026-06-19 03:40:38,1781840438,R_10,4853.167,-1,0.07299999999941065,BACKFILL_AUTO
2026-06-19 03:40:40,1781840440,R_10,4853.347,1,0.17999999999938154,BACKFILL_AUTO
2026-06-19 03:40:42,1781840442,R_10,4853.415,1,0.068000000000211,BACKFILL_AUTO
2026-06-19 03:40:44,1781840444,R_10,4853.455,1,0.03999999999996362,BACKFILL_AUTO
2026-06-19 03:40:46,1781840446,R_10,4853.409,-1,0.046000000000276486,BACKFILL_AUTO
2026-06-19 03:40:48,1781840448,R_10,4853.295,-1,0.113999999999578,BACKFILL_AUTO
2026-06-19 03:40:50,1781840450,R_10,4853.342,1,0.04699999999957072,BACKFILL_AUTO
2026-06-19 03:40:52,1781840452,R_10,4853.423,1,0.08100000000013097,BACKFILL_AUTO
2026-06-19 03:40:54,1781840454,R_10,4853.296,-1,0.12699999999949796,BACKFILL_AUTO
2026-06-19 03:40:56,1781840456,R_10,4853.026,-1,0.27000000000043656,BACKFILL_AUTO
2026-06-19 03:40:58,1781840458,R_10,4853.031,1,0.005000000000109139,BACKFILL_AUTO
2026-06-19 03:41:00,1781840460,R_10,4853.234,1,0.20300000000042928,BACKFILL_AUTO
2026-06-19 03:41:02,1781840462,R_10,4853.168,-1,0.06600000000071304,BACKFILL_AUTO
2026-06-19 03:41:04,1781840464,R_10,4853.117,-1,0.05099999999947613,BACKFILL_AUTO
2026-06-19 03:41:06,1781840466,R_10,4853.214,1,0.09699999999975262,BACKFILL_AUTO
2026-06-19 03:41:08,1781840468,R_10,4853.261,1,0.04700000000048021,BACKFILL_AUTO
2026-06-19 03:41:10,1781840470,R_10,4853.103,-1,0.15800000000035652,BACKFILL_AUTO
2026-06-19 03:41:12,1781840472,R_10,4853.144,1,0.04100000000016735,BACKFILL_AUTO
2026-06-19 03:41:14,1781840474,R_10,4853.01,-1,0.13400000000001455,BACKFILL_AUTO
2026-06-19 03:41:16,1781840476,R_10,4852.887,-1,0.12300000000050204,BACKFILL_AUTO
2026-06-19 03:41:18,1781840478,R_10,4852.74,-1,0.14699999999993452,BACKFILL_AUTO
2026-06-19 03:41:20,1781840480,R_10,4852.851,1,0.11099999999987631,BACKFILL_AUTO
2026-06-19 03:41:22,1781840482,R_10,4852.811,-1,0.03999999999996362,BACKFILL_AUTO
2026-06-19 03:41:24,1781840484,R_10,4852.785,-1,0.02599999999983993,BACKFILL_AUTO
2026-06-19 03:41:26,1781840486,R_10,4852.837,1,0.05200000000058935,BACKFILL_AUTO
2026-06-19 03:41:28,1781840488,R_10,4852.842,1,0.004999999999199645,BACKFILL_AUTO
2026-06-19 03:41:30,1781840490,R_10,4852.863,1,0.021000000000640284,BACKFILL_AUTO
2026-06-19 03:41:32,1781840492,R_10,4852.731,-1,0.1320000000005166,BACKFILL_AUTO
2026-06-19 03:41:34,1781840494,R_10,4852.669,-1,0.06199999999989814,BACKFILL_AUTO
2026-06-19 03:41:36,1781840496,R_10,4852.64,-1,0.028999999999541615,BACKFILL_AUTO
2026-06-19 03:41:38,1781840498,R_10,4852.52,-1,0.11999999999989086,BACKFILL_AUTO
2026-06-19 03:41:40,1781840500,R_10,4852.662,1,0.14199999999982538,BACKFILL_AUTO
2026-06-19 03:41:42,1781840502,R_10,4852.611,-1,0.051000000000385626,BACKFILL_AUTO
2026-06-19 03:41:44,1781840504,R_10,4852.637,1,0.02599999999983993,BACKFILL_AUTO
2026-06-19 03:41:46,1781840506,R_10,4852.73,1,0.0929999999998472,BACKFILL_AUTO
2026-06-19 03:41:48,1781840508,R_10,4852.711,-1,0.018999999999323336,BACKFILL_AUTO
2026-06-19 03:41:50,1781840510,R_10,4852.686,-1,0.025000000000545697,BACKFILL_AUTO
2026-06-19 03:41:52,1781840512,R_10,4852.733,1,0.04700000000048021,BACKFILL_AUTO
2026-06-19 03:41:54,1781840514,R_10,4852.78,1,0.04699999999957072,BACKFILL_AUTO
2026-06-19 03:41:56,1781840516,R_10,4852.721,-1,0.05900000000019645,BACKFILL_AUTO
2026-06-19 03:41:58,1781840518,R_10,4852.624,-1,0.09699999999975262,BACKFILL_AUTO
2026-06-19 03:42:00,1781840520,R_10,4852.804,1,0.18000000000029104,BACKFILL_AUTO
2026-06-19 03:42:02,1781840522,R_10,4852.823,1,0.01900000000023283,BACKFILL_AUTO
2026-06-19 03:42:04,1781840524,R_10,4852.775,-1,0.04800000000068394,BACKFILL_AUTO
2026-06-19 03:42:06,1781840526,R_10,4852.598,-1,0.17699999999967986,BACKFILL_AUTO
2026-06-19 03:42:08,1781840528,R_10,4852.567,-1,0.03099999999994907,BACKFILL_AUTO
2026-06-19 03:42:10,1781840530,R_10,4852.688,1,0.12100000000009459,BACKFILL_AUTO
2026-06-19 03:42:12,1781840532,R_10,4852.686,-1,0.0020000000004074536,BACKFILL_AUTO
2026-06-19 03:42:14,1781840534,R_10,4852.772,1,0.0860000000002401,BACKFILL_AUTO
2026-06-19 03:42:16,1781840536,R_10,4852.682,-1,0.09000000000014552,BACKFILL_AUTO
2026-06-19 03:42:18,1781840538,R_10,4852.632,-1,0.0500000000001819,BACKFILL_AUTO
2026-06-19 03:42:20,1781840540,R_10,4852.55,-1,0.0819999999994252,BACKFILL_AUTO
2026-06-19 03:42:22,1781840542,R_10,4852.616,1,0.06599999999980355,BACKFILL_AUTO
2026-06-19 03:42:24,1781840544,R_10,4852.575,-1,0.04100000000016735,BACKFILL_AUTO
2026-06-19 03:42:26,1781840546,R_10,4852.796,1,0.22100000000045839,BACKFILL_AUTO
2026-06-19 03:42:28,1781840548,R_10,4852.908,1,0.11200000000008004,BACKFILL_AUTO
2026-06-19 03:42:30,1781840550,R_10,4852.758,-1,0.1500000000005457,BACKFILL_AUTO
2026-06-19 03:42:32,1781840552,R_10,4852.832,1,0.07400000000052387,BACKFILL_AUTO
2026-06-19 03:42:34,1781840554,R_10,4852.769,-1,0.06300000000010186,BACKFILL_AUTO
2026-06-19 03:42:36,1781840556,R_10,4853.09,1,0.3209999999999127,BACKFILL_AUTO
2026-06-19 03:42:38,1781840558,R_10,4852.907,-1,0.18299999999999272,BACKFILL_AUTO
2026-06-19 03:42:40,1781840560,R_10,4853.124,1,0.21699999999964348,BACKFILL_AUTO
2026-06-19 03:42:42,1781840562,R_10,4853.226,1,0.10199999999986176,BACKFILL_AUTO
2026-06-19 03:42:44,1781840564,R_10,4853.415,1,0.1890000000003056,BACKFILL_AUTO
2026-06-19 03:42:46,1781840566,R_10,4853.396,-1,0.01900000000023283,BACKFILL_AUTO
2026-06-19 03:42:48,1781840568,R_10,4853.501,1,0.10500000000047294,BACKFILL_AUTO
2026-06-19 03:42:50,1781840570,R_10,4853.447,-1,0.05400000000008731,BACKFILL_AUTO
2026-06-19 03:42:52,1781840572,R_10,4853.478,1,0.03099999999994907,BACKFILL_AUTO
2026-06-19 03:42:54,1781840574,R_10,4853.514,1,0.03600000000005821,BACKFILL_AUTO
2026-06-19 03:42:56,1781840576,R_10,4853.67,1,0.15599999999994907,BACKFILL_AUTO
2026-06-19 03:42:58,1781840578,R_10,4853.574,-1,0.09600000000045839,BACKFILL_AUTO
2026-06-19 03:43:00,1781840580,R_10,4853.498,-1,0.07600000000002183,BACKFILL_AUTO
2026-06-19 03:43:02,1781840582,R_10,4853.598,1,0.1000000000003638,BACKFILL_AUTO
2026-06-19 03:43:04,1781840584,R_10,4853.628,1,0.02999999999974534,BACKFILL_AUTO
2026-06-19 03:43:06,1781840586,R_10,4853.574,-1,0.05400000000008731,BACKFILL_AUTO
2026-06-19 03:43:08,1781840588,R_10,4853.709,1,0.13500000000021828,BACKFILL_AUTO
2026-06-19 03:43:10,1781840590,R_10,4853.518,-1,0.19099999999980355,BACKFILL_AUTO
2026-06-19 03:43:12,1781840592,R_10,4853.83,1,0.31199999999989814,BACKFILL_AUTO
2026-06-19 03:43:14,1781840594,R_10,4853.823,-1,0.006999999999607098,BACKFILL_AUTO
2026-06-19 03:43:16,1781840596,R_10,4853.848,1,0.024999999999636202,BACKFILL_AUTO
2026-06-19 03:43:18,1781840598,R_10,4853.74,-1,0.10800000000017462,BACKFILL_AUTO
2026-06-19 03:43:20,1781840600,R_10,4853.629,-1,0.11099999999987631,BACKFILL_AUTO
2026-06-19 03:43:22,1781840602,R_10,4853.799,1,0.17000000000007276,BACKFILL_AUTO
2026-06-19 03:43:24,1781840604,R_10,4853.806,1,0.006999999999607098,BACKFILL_AUTO
2026-06-19 03:43:26,1781840606,R_10,4853.766,-1,0.03999999999996362,BACKFILL_AUTO
2026-06-19 03:43:28,1781840608,R_10,4853.819,1,0.05300000000079308,BACKFILL_AUTO
2026-06-19 03:43:30,1781840610,R_10,4853.997,1,0.17799999999988358,BACKFILL_AUTO
2026-06-19 03:43:32,1781840612,R_10,4854.02,1,0.023000000000138243,BACKFILL_AUTO
2026-06-19 03:43:34,1781840614,R_10,4854.152,1,0.1319999999996071,BACKFILL_AUTO
2026-06-19 03:43:36,1781840616,R_10,4854.149,-1,0.0029999999997016857,BACKFILL_AUTO
2026-06-19 03:43:38,1781840618,R_10,4854.156,1,0.006999999999607098,BACKFILL_AUTO
2026-06-19 03:43:40,1781840620,R_10,4854.293,1,0.13699999999971624,BACKFILL_AUTO
2026-06-19 03:43:42,1781840622,R_10,4854.136,-1,0.1569999999992433,BACKFILL_AUTO
2026-06-19 03:43:44,1781840624,R_10,4854.262,1,0.12599999999929423,BACKFILL_AUTO
2026-06-19 03:43:46,1781840626,R_10,4854.319,1,0.05700000000069849,BACKFILL_AUTO
2026-06-19 03:43:48,1781840628,R_10,4854.585,1,0.26599999999962165,BACKFILL_AUTO
2026-06-19 03:43:50,1781840630,R_10,4854.572,-1,0.012999999999919964,BACKFILL_AUTO
2026-06-19 03:43:52,1781840632,R_10,4854.6,1,0.028000000000247383,BACKFILL_AUTO
2026-06-19 03:43:54,1781840634,R_10,4854.523,-1,0.07700000000022555,BACKFILL_AUTO
2026-06-19 03:43:56,1781840636,R_10,4854.522,-1,0.0010000000002037268,BACKFILL_AUTO
2026-06-19 03:43:58,1781840638,R_10,4854.739,1,0.21699999999964348,BACKFILL_AUTO
2026-06-19 03:44:00,1781840640,R_10,4854.807,1,0.068000000000211,BACKFILL_AUTO
2026-06-19 03:44:02,1781840642,R_10,4854.648,-1,0.15899999999965075,BACKFILL_AUTO
2026-06-19 03:44:04,1781840644,R_10,4854.38,-1,0.2680000000000291,BACKFILL_AUTO
2026-06-19 03:44:06,1781840646,R_10,4854.212,-1,0.1679999999996653,BACKFILL_AUTO
2026-06-19 03:44:08,1781840648,R_10,4854.148,-1,0.06400000000030559,BACKFILL_AUTO
2026-06-19 03:44:10,1781840650,R_10,4854.238,1,0.09000000000014552,BACKFILL_AUTO
2026-06-19 03:44:12,1781840652,R_10,4854.209,-1,0.02900000000045111,BACKFILL_AUTO
2026-06-19 03:44:14,1781840654,R_10,4854.149,-1,0.05999999999949068,BACKFILL_AUTO
2026-06-19 03:44:16,1781840656,R_10,4854.203,1,0.05400000000008731,BACKFILL_AUTO
2026-06-19 03:44:18,1781840658,R_10,4854.243,1,0.03999999999996362,BACKFILL_AUTO
2026-06-19 03:44:20,1781840660,R_10,4854.212,-1,0.03099999999994907,BACKFILL_AUTO
2026-06-19 03:44:22,1781840662,R_10,4854.271,1,0.058999999999286956,BACKFILL_AUTO
2026-06-19 03:44:24,1781840664,R_10,4854.395,1,0.12400000000070577,BACKFILL_AUTO
2026-06-19 03:44:26,1781840666,R_10,4854.257,-1,0.13800000000082946,BACKFILL_AUTO
2026-06-19 03:44:28,1781840668,R_10,4854.133,-1,0.12399999999979627,BACKFILL_AUTO
2026-06-19 03:44:30,1781840670,R_10,4854.003,-1,0.13000000000010914,BACKFILL_AUTO
2026-06-19 03:44:32,1781840672,R_10,4853.896,-1,0.1069999999999709,BACKFILL_AUTO
2026-06-19 03:44:34,1781840674,R_10,4854.077,1,0.18100000000049477,BACKFILL_AUTO
2026-06-19 03:44:36,1781840676,R_10,4854.198,1,0.12100000000009459,BACKFILL_AUTO
2026-06-19 03:44:38,1781840678,R_10,4854.256,1,0.057999999999992724,BACKFILL_AUTO
2026-06-19 03:44:40,1781840680,R_10,4854.291,1,0.03499999999985448,BACKFILL_AUTO
2026-06-19 03:44:42,1781840682,R_10,4854.33,1,0.03899999999975989,BACKFILL_AUTO
2026-06-19 03:44:44,1781840684,R_10,4854.31,-1,0.019999999999527063,BACKFILL_AUTO
2026-06-19 03:44:46,1781840686,R_10,4854.118,-1,0.19200000000000728,BACKFILL_AUTO
2026-06-19 03:44:48,1781840688,R_10,4854.205,1,0.08699999999953434,BACKFILL_AUTO
2026-06-19 03:44:50,1781840690,R_10,4854.225,1,0.020000000000436557,BACKFILL_AUTO
2026-06-19 03:44:52,1781840692,R_10,4854.266,1,0.04099999999925785,BACKFILL_AUTO
2026-06-19 03:44:54,1781840694,R_10,4854.281,1,0.015000000000327418,BACKFILL_AUTO
2026-06-19 03:44:56,1781840696,R_10,4854.452,1,0.1710000000002765,BACKFILL_AUTO
2026-06-19 03:44:58,1781840698,R_10,4854.368,-1,0.08399999999983265,BACKFILL_AUTO
2026-06-19 03:45:00,1781840700,R_10,4854.565,1,0.19699999999920692,BACKFILL_AUTO
2026-06-19 03:45:02,1781840702,R_10,4854.563,-1,0.001999999999497959,BACKFILL_AUTO
2026-06-19 03:45:04,1781840704,R_10,4854.449,-1,0.11400000000048749,BACKFILL_AUTO
2026-06-19 03:45:06,1781840706,R_10,4854.447,-1,0.001999999999497959,BACKFILL_AUTO
2026-06-19 03:45:08,1781840708,R_10,4854.703,1,0.25600000000031287,BACKFILL_AUTO
2026-06-19 03:45:10,1781840710,R_10,4854.671,-1,0.032000000000152795,BACKFILL_AUTO
2026-06-19 03:45:12,1781840712,R_10,4854.6,-1,0.07099999999991269,BACKFILL_AUTO
2026-06-19 03:45:14,1781840714,R_10,4854.541,-1,0.05900000000019645,BACKFILL_AUTO
2026-06-19 03:45:16,1781840716,R_10,4854.652,1,0.11099999999987631,BACKFILL_AUTO
2026-06-19 03:45:18,1781840718,R_10,4854.721,1,0.06899999999950523,BACKFILL_AUTO
2026-06-19 03:45:20,1781840720,R_10,4854.594,-1,0.12699999999949796,BACKFILL_AUTO
2026-06-19 03:45:22,1781840722,R_10,4854.504,-1,0.09000000000014552,BACKFILL_AUTO
2026-06-19 03:45:24,1781840724,R_10,4854.617,1,0.11300000000028376,BACKFILL_AUTO
2026-06-19 03:45:26,1781840726,R_10,4854.706,1,0.08899999999994179,BACKFILL_AUTO
2026-06-19 03:45:28,1781840728,R_10,4854.833,1,0.12699999999949796,BACKFILL_AUTO
2026-06-19 03:45:30,1781840730,R_10,4854.847,1,0.014000000000123691,BACKFILL_AUTO
2026-06-19 03:45:32,1781840732,R_10,4854.842,-1,0.005000000000109139,BACKFILL_AUTO
2026-06-19 03:45:34,1781840734,R_10,4854.838,-1,0.0039999999999054126,BACKFILL_AUTO
2026-06-19 03:45:36,1781840736,R_10,4854.875,1,0.037000000000261934,BACKFILL_AUTO
2026-06-19 03:45:38,1781840738,R_10,4855.028,1,0.15300000000024738,BACKFILL_AUTO
2026-06-19 03:45:40,1781840740,R_10,4855.241,1,0.21299999999973807,BACKFILL_AUTO
2026-06-19 03:45:42,1781840742,R_10,4855.187,-1,0.05400000000008731,BACKFILL_AUTO
2026-06-19 03:45:44,1781840744,R_10,4855.15,-1,0.037000000000261934,BACKFILL_AUTO
2026-06-19 03:45:46,1781840746,R_10,4855.147,-1,0.0029999999997016857,BACKFILL_AUTO
2026-06-19 03:45:48,1781840748,R_10,4855.116,-1,0.03099999999994907,BACKFILL_AUTO
2026-06-19 03:45:50,1781840750,R_10,4855.188,1,0.07200000000011642,BACKFILL_AUTO
2026-06-19 03:45:52,1781840752,R_10,4855.214,1,0.02599999999983993,BACKFILL_AUTO
2026-06-19 03:45:54,1781840754,R_10,4855.196,-1,0.018000000000029104,BACKFILL_AUTO
2026-06-19 03:45:56,1781840756,R_10,4855.131,-1,0.06499999999959982,BACKFILL_AUTO
2026-06-19 03:45:58,1781840758,R_10,4855.219,1,0.08799999999973807,BACKFILL_AUTO
2026-06-19 03:46:00,1781840760,R_10,4855.448,1,0.2290000000002692,BACKFILL_AUTO
2026-06-19 03:46:02,1781840762,R_10,4855.327,-1,0.12100000000009459,BACKFILL_AUTO
2026-06-19 03:46:04,1781840764,R_10,4855.239,-1,0.08800000000064756,BACKFILL_AUTO
2026-06-19 03:46:06,1781840766,R_10,4855.25,1,0.011000000000422006,BACKFILL_AUTO
2026-06-19 03:46:08,1781840768,R_10,4855.158,-1,0.09199999999964348,BACKFILL_AUTO
2026-06-19 03:46:10,1781840770,R_10,4855.081,-1,0.07700000000022555,BACKFILL_AUTO
2026-06-19 03:46:12,1781840772,R_10,4854.898,-1,0.18299999999999272,BACKFILL_AUTO
2026-06-19 03:46:14,1781840774,R_10,4855.062,1,0.1639999999997599,BACKFILL_AUTO
2026-06-19 03:46:16,1781840776,R_10,4855.19,1,0.12799999999970169,BACKFILL_AUTO
2026-06-19 03:46:18,1781840778,R_10,4855.182,-1,0.007999999999810825,BACKFILL_AUTO
2026-06-19 03:46:20,1781840780,R_10,4855.2,1,0.018000000000029104,BACKFILL_AUTO
2026-06-19 03:46:22,1781840782,R_10,4855.241,1,0.04100000000016735,BACKFILL_AUTO
2026-06-19 03:46:24,1781840784,R_10,4855.196,-1,0.04500000000007276,BACKFILL_AUTO
2026-06-19 03:46:26,1781840786,R_10,4855.267,1,0.07099999999991269,BACKFILL_AUTO
2026-06-19 03:46:28,1781840788,R_10,4855.367,1,0.1000000000003638,BACKFILL_AUTO
2026-06-19 03:46:30,1781840790,R_10,4855.304,-1,0.06300000000010186,BACKFILL_AUTO
2026-06-19 03:46:32,1781840792,R_10,4855.411,1,0.1069999999999709,BACKFILL_AUTO
2026-06-19 03:46:34,1781840794,R_10,4855.333,-1,0.07800000000042928,BACKFILL_AUTO
2026-06-19 03:46:36,1781840796,R_10,4855.093,-1,0.23999999999978172,BACKFILL_AUTO
2026-06-19 03:46:38,1781840798,R_10,4855.044,-1,0.04899999999997817,BACKFILL_AUTO
2026-06-19 03:46:40,1781840800,R_10,4855.139,1,0.09500000000025466,BACKFILL_AUTO
2026-06-19 03:46:42,1781840802,R_10,4855.046,-1,0.0929999999998472,BACKFILL_AUTO
2026-06-19 03:46:44,1781840804,R_10,4855.107,1,0.06099999999969441,BACKFILL_AUTO
2026-06-19 03:46:46,1781840806,R_10,4855.27,1,0.16300000000046566,BACKFILL_AUTO
2026-06-19 03:46:48,1781840808,R_10,4855.244,-1,0.026000000000749424,BACKFILL_AUTO
2026-06-19 03:46:50,1781840810,R_10,4855.21,-1,0.033999999999650754,BACKFILL_AUTO
2026-06-19 03:46:52,1781840812,R_10,4855.297,1,0.08699999999953434,BACKFILL_AUTO
2026-06-19 03:46:54,1781840814,R_10,4855.184,-1,0.11299999999937427,BACKFILL_AUTO
2026-06-19 03:46:56,1781840816,R_10,4855.219,1,0.03499999999985448,BACKFILL_AUTO
2026-06-19 03:46:58,1781840818,R_10,4855.031,-1,0.18800000000010186,BACKFILL_AUTO
2026-06-19 03:47:00,1781840820,R_10,4854.874,-1,0.1570000000001528,BACKFILL_AUTO
2026-06-19 03:47:02,1781840822,R_10,4854.755,-1,0.11899999999968713,BACKFILL_AUTO
2026-06-19 03:47:04,1781840824,R_10,4854.524,-1,0.23099999999976717,BACKFILL_AUTO
2026-06-19 03:47:06,1781840826,R_10,4854.566,1,0.04199999999946158,BACKFILL_AUTO
2026-06-19 03:47:08,1781840828,R_10,4854.798,1,0.2319999999999709,BACKFILL_AUTO
2026-06-19 03:47:10,1781840830,R_10,4854.896,1,0.09799999999995634,BACKFILL_AUTO
2026-06-19 03:47:12,1781840832,R_10,4854.942,1,0.046000000000276486,BACKFILL_AUTO
2026-06-19 03:47:14,1781840834,R_10,4855.018,1,0.07600000000002183,BACKFILL_AUTO
2026-06-19 03:47:16,1781840836,R_10,4854.877,-1,0.14099999999962165,BACKFILL_AUTO
2026-06-19 03:47:18,1781840838,R_10,4854.777,-1,0.1000000000003638,BACKFILL_AUTO
2026-06-19 03:47:20,1781840840,R_10,4854.634,-1,0.1430000000000291,BACKFILL_AUTO
2026-06-19 03:47:22,1781840842,R_10,4854.494,-1,0.14000000000032742,BACKFILL_AUTO
2026-06-19 03:47:24,1781840844,R_10,4854.47,-1,0.023999999999432475,BACKFILL_AUTO
2026-06-19 03:47:26,1781840846,R_10,4854.584,1,0.113999999999578,BACKFILL_AUTO
2026-06-19 03:47:28,1781840848,R_10,4854.362,-1,0.22199999999975262,BACKFILL_AUTO
2026-06-19 03:47:30,1781840850,R_10,4854.48,1,0.11799999999948341,BACKFILL_AUTO
2026-06-19 03:47:32,1781840852,R_10,4854.461,-1,0.018999999999323336,BACKFILL_AUTO
2026-06-19 03:47:34,1781840854,R_10,4854.662,1,0.20100000000002183,BACKFILL_AUTO
2026-06-19 03:47:36,1781840856,R_10,4854.679,1,0.016999999999825377,BACKFILL_AUTO
2026-06-19 03:47:38,1781840858,R_10,4854.849,1,0.17000000000007276,BACKFILL_AUTO
2026-06-19 03:47:40,1781840860,R_10,4854.967,1,0.11799999999948341,BACKFILL_AUTO
2026-06-19 03:47:42,1781840862,R_10,4855.19,1,0.22299999999995634,BACKFILL_AUTO
2026-06-19 03:47:44,1781840864,R_10,4855.003,-1,0.18699999999989814,BACKFILL_AUTO
2026-06-19 03:47:46,1781840866,R_10,4855.171,1,0.1680000000005748,BACKFILL_AUTO
2026-06-19 03:47:48,1781840868,R_10,4855.264,1,0.0929999999998472,BACKFILL_AUTO
2026-06-19 03:47:50,1781840870,R_10,4855.2,-1,0.06400000000030559,BACKFILL_AUTO
2026-06-19 03:47:52,1781840872,R_10,4855.245,1,0.04500000000007276,BACKFILL_AUTO
2026-06-19 03:47:54,1781840874,R_10,4855.415,1,0.17000000000007276,BACKFILL_AUTO
2026-06-19 03:47:56,1781840876,R_10,4855.378,-1,0.037000000000261934,BACKFILL_AUTO
2026-06-19 03:47:58,1781840878,R_10,4855.391,1,0.012999999999919964,BACKFILL_AUTO
2026-06-19 03:48:00,1781840880,R_10,4855.38,-1,0.01099999999951251,BACKFILL_AUTO
2026-06-19 03:48:02,1781840882,R_10,4854.927,-1,0.4530000000004293,BACKFILL_AUTO
2026-06-19 03:48:04,1781840884,R_10,4854.953,1,0.026000000000749424,BACKFILL_AUTO
2026-06-19 03:48:06,1781840886,R_10,4854.868,-1,0.08500000000003638,BACKFILL_AUTO
2026-06-19 03:48:08,1781840888,R_10,4854.845,-1,0.023000000000138243,BACKFILL_AUTO
2026-06-19 03:48:10,1781840890,R_10,4854.86,1,0.014999999999417923,BACKFILL_AUTO
2026-06-19 03:48:12,1781840892,R_10,4854.572,-1,0.28799999999955617,BACKFILL_AUTO
2026-06-19 03:48:14,1781840894,R_10,4854.471,-1,0.10100000000056752,BACKFILL_AUTO
2026-06-19 03:48:16,1781840896,R_10,4854.461,-1,0.009999999999308784,BACKFILL_AUTO
2026-06-19 03:48:18,1781840898,R_10,4854.438,-1,0.023000000000138243,BACKFILL_AUTO
2026-06-19 03:48:20,1781840900,R_10,4854.407,-1,0.03099999999994907,BACKFILL_AUTO
2026-06-19 03:48:22,1781840902,R_10,4854.403,-1,0.0039999999999054126,BACKFILL_AUTO
2026-06-19 03:48:24,1781840904,R_10,4854.426,1,0.023000000000138243,BACKFILL_AUTO
2026-06-19 03:48:26,1781840906,R_10,4854.415,-1,0.011000000000422006,BACKFILL_AUTO
2026-06-19 03:48:28,1781840908,R_10,4854.439,1,0.02400000000034197,BACKFILL_AUTO
2026-06-19 03:48:30,1781840910,R_10,4854.553,1,0.113999999999578,BACKFILL_AUTO
2026-06-19 03:48:32,1781840912,R_10,4854.486,-1,0.06700000000000728,BACKFILL_AUTO
2026-06-19 03:48:34,1781840914,R_10,4854.322,-1,0.1639999999997599,BACKFILL_AUTO
2026-06-19 03:48:36,1781840916,R_10,4854.376,1,0.05400000000008731,BACKFILL_AUTO
2026-06-19 03:48:38,1781840918,R_10,4854.442,1,0.06599999999980355,BACKFILL_AUTO
2026-06-19 03:48:40,1781840920,R_10,4854.281,-1,0.1610000000000582,BACKFILL_AUTO
2026-06-19 03:48:42,1781840922,R_10,4854.083,-1,0.19800000000032014,BACKFILL_AUTO
2026-06-19 03:48:44,1781840924,R_10,4853.915,-1,0.1679999999996653,BACKFILL_AUTO
2026-06-19 03:48:46,1781840926,R_10,4853.584,-1,0.33100000000013097,BACKFILL_AUTO
2026-06-19 03:48:48,1781840928,R_10,4853.469,-1,0.11499999999978172,BACKFILL_AUTO
2026-06-19 03:48:50,1781840930,R_10,4853.305,-1,0.1639999999997599,BACKFILL_AUTO
2026-06-19 03:48:52,1781840932,R_10,4853.126,-1,0.1790000000000873,BACKFILL_AUTO
2026-06-19 03:48:54,1781840934,R_10,4853.126,0,0.0,BACKFILL_AUTO
2026-06-19 03:48:56,1781840936,R_10,4853.007,-1,0.11900000000059663,BACKFILL_AUTO
2026-06-19 03:48:58,1781840938,R_10,4852.857,-1,0.1499999999996362,BACKFILL_AUTO
2026-06-19 03:49:00,1781840940,R_10,4852.726,-1,0.13100000000031287,BACKFILL_AUTO
2026-06-19 03:49:02,1781840942,R_10,4852.811,1,0.08500000000003638,BACKFILL_AUTO
2026-06-19 03:49:04,1781840944,R_10,4852.613,-1,0.19799999999941065,BACKFILL_AUTO
2026-06-19 03:49:06,1781840946,R_10,4852.582,-1,0.03099999999994907,BACKFILL_AUTO
2026-06-19 03:49:08,1781840948,R_10,4852.599,1,0.016999999999825377,BACKFILL_AUTO
2026-06-19 03:49:10,1781840950,R_10,4852.693,1,0.09400000000005093,BACKFILL_AUTO
2026-06-19 03:49:12,1781840952,R_10,4852.649,-1,0.04399999999986903,BACKFILL_AUTO
2026-06-19 03:49:14,1781840954,R_10,4852.722,1,0.07299999999941065,BACKFILL_AUTO
2026-06-19 03:49:16,1781840956,R_10,4852.82,1,0.09799999999995634,BACKFILL_AUTO
2026-06-19 03:49:18,1781840958,R_10,4852.81,-1,0.009999999999308784,BACKFILL_AUTO
2026-06-19 03:49:20,1781840960,R_10,4852.864,1,0.05399999999917782,BACKFILL_AUTO
2026-06-19 03:49:22,1781840962,R_10,4852.925,1,0.061000000000603904,BACKFILL_AUTO
2026-06-19 03:49:24,1781840964,R_10,4852.693,-1,0.2319999999999709,BACKFILL_AUTO
2026-06-19 03:49:26,1781840966,R_10,4852.702,1,0.009000000000014552,BACKFILL_AUTO
2026-06-19 03:49:28,1781840968,R_10,4852.699,-1,0.0030000000006111804,BACKFILL_AUTO
2026-06-19 03:49:30,1781840970,R_10,4852.646,-1,0.052999999999883585,BACKFILL_AUTO
2026-06-19 03:49:32,1781840972,R_10,4852.754,1,0.10800000000017462,BACKFILL_AUTO
2026-06-19 03:49:34,1781840974,R_10,4852.858,1,0.10400000000026921,BACKFILL_AUTO
2026-06-19 03:49:36,1781840976,R_10,4852.922,1,0.0639999999993961,BACKFILL_AUTO
2026-06-19 03:49:38,1781840978,R_10,4852.886,-1,0.03599999999914871,BACKFILL_AUTO
2026-06-19 03:49:40,1781840980,R_10,4852.556,-1,0.33000000000083674,BACKFILL_AUTO
2026-06-19 03:49:42,1781840982,R_10,4852.369,-1,0.18699999999989814,BACKFILL_AUTO
2026-06-19 03:49:44,1781840984,R_10,4852.341,-1,0.027999999999337888,BACKFILL_AUTO
2026-06-19 03:49:46,1781840986,R_10,4852.392,1,0.05099999999947613,BACKFILL_AUTO
2026-06-19 03:49:48,1781840988,R_10,4852.609,1,0.21700000000055297,BACKFILL_AUTO
2026-06-19 03:49:50,1781840990,R_10,4852.49,-1,0.11900000000059663,BACKFILL_AUTO
2026-06-19 03:49:52,1781840992,R_10,4852.36,-1,0.13000000000010914,BACKFILL_AUTO
2026-06-19 03:49:54,1781840994,R_10,4852.387,1,0.027000000000043656,BACKFILL_AUTO
2026-06-19 03:49:56,1781840996,R_10,4852.373,-1,0.014000000000123691,BACKFILL_AUTO
2026-06-19 03:49:58,1781840998,R_10,4852.432,1,0.05900000000019645,BACKFILL_AUTO
2026-06-19 03:50:00,1781841000,R_10,4852.448,1,0.016000000000531145,BACKFILL_AUTO
2026-06-19 03:50:02,1781841002,R_10,4852.553,1,0.10499999999956344,BACKFILL_AUTO
2026-06-19 03:50:04,1781841004,R_10,4852.563,1,0.010000000000218279,BACKFILL_AUTO
2026-06-19 03:50:06,1781841006,R_10,4852.72,1,0.1570000000001528,BACKFILL_AUTO
2026-06-19 03:50:08,1781841008,R_10,4852.721,1,0.0009999999992942321,BACKFILL_AUTO
2026-06-19 03:50:10,1781841010,R_10,4852.825,1,0.10400000000026921,BACKFILL_AUTO
2026-06-19 03:50:12,1781841012,R_10,4852.975,1,0.1500000000005457,BACKFILL_AUTO
2026-06-19 03:50:14,1781841014,R_10,4853.223,1,0.24799999999959255,BACKFILL_AUTO
2026-06-19 03:50:16,1781841016,R_10,4853.254,1,0.03099999999994907,BACKFILL_AUTO
2026-06-19 03:50:18,1781841018,R_10,4853.292,1,0.03800000000046566,BACKFILL_AUTO
2026-06-19 03:50:20,1781841020,R_10,4853.049,-1,0.2430000000003929,BACKFILL_AUTO
2026-06-19 03:50:22,1781841022,R_10,4853.125,1,0.07600000000002183,BACKFILL_AUTO
2026-06-19 03:50:24,1781841024,R_10,4853.026,-1,0.09900000000016007,BACKFILL_AUTO
2026-06-19 03:50:26,1781841026,R_10,4852.773,-1,0.2529999999997017,BACKFILL_AUTO
2026-06-19 03:50:28,1781841028,R_10,4852.915,1,0.14199999999982538,BACKFILL_AUTO
2026-06-19 03:50:30,1781841030,R_10,4852.851,-1,0.06400000000030559,BACKFILL_AUTO
2026-06-19 03:50:32,1781841032,R_10,4852.967,1,0.11599999999998545,BACKFILL_AUTO
2026-06-19 03:50:34,1781841034,R_10,4852.747,-1,0.21999999999934516,BACKFILL_AUTO
2026-06-19 03:50:36,1781841036,R_10,4852.604,-1,0.1430000000000291,BACKFILL_AUTO
2026-06-19 03:50:38,1781841038,R_10,4852.456,-1,0.14800000000013824,BACKFILL_AUTO
2026-06-19 03:50:40,1781841040,R_10,4852.322,-1,0.13400000000001455,BACKFILL_AUTO
2026-06-19 03:50:42,1781841042,R_10,4852.391,1,0.06899999999950523,BACKFILL_AUTO
2026-06-19 03:50:44,1781841044,R_10,4852.355,-1,0.03600000000005821,BACKFILL_AUTO
2026-06-19 03:50:46,1781841046,R_10,4852.287,-1,0.06799999999930151,BACKFILL_AUTO
2026-06-19 03:50:48,1781841048,R_10,4852.148,-1,0.1390000000001237,BACKFILL_AUTO
2026-06-19 03:50:50,1781841050,R_10,4852.219,1,0.07099999999991269,BACKFILL_AUTO
2026-06-19 03:50:52,1781841052,R_10,4852.253,1,0.033999999999650754,BACKFILL_AUTO
2026-06-19 03:50:54,1781841054,R_10,4852.259,1,0.006000000000312866,BACKFILL_AUTO
2026-06-19 03:50:56,1781841056,R_10,4852.374,1,0.11499999999978172,BACKFILL_AUTO
2026-06-19 03:50:58,1781841058,R_10,4852.481,1,0.1069999999999709,BACKFILL_AUTO
2026-06-19 03:51:00,1781841060,R_10,4852.31,-1,0.170999999999367,BACKFILL_AUTO
2026-06-19 03:51:02,1781841062,R_10,4852.195,-1,0.11500000000069122,BACKFILL_AUTO
2026-06-19 03:51:04,1781841064,R_10,4851.93,-1,0.2649999999994179,BACKFILL_AUTO
2026-06-19 03:51:06,1781841066,R_10,4851.865,-1,0.06500000000050932,BACKFILL_AUTO
2026-06-19 03:51:08,1781841068,R_10,4851.856,-1,0.009000000000014552,BACKFILL_AUTO
2026-06-19 03:51:10,1781841070,R_10,4852.019,1,0.16300000000046566,BACKFILL_AUTO
2026-06-19 03:51:12,1781841072,R_10,4852.217,1,0.19799999999941065,BACKFILL_AUTO
2026-06-19 03:51:14,1781841074,R_10,4852.119,-1,0.09799999999995634,BACKFILL_AUTO
2026-06-19 03:51:16,1781841076,R_10,4852.031,-1,0.08799999999973807,BACKFILL_AUTO
2026-06-19 03:51:18,1781841078,R_10,4852.016,-1,0.015000000000327418,BACKFILL_AUTO
2026-06-19 03:51:20,1781841080,R_10,4852.273,1,0.2570000000005166,BACKFILL_AUTO
2026-06-19 03:51:22,1781841082,R_10,4852.014,-1,0.25900000000001455,BACKFILL_AUTO
2026-06-19 03:51:24,1781841084,R_10,4852.004,-1,0.010000000000218279,BACKFILL_AUTO
2026-06-19 03:51:26,1781841086,R_10,4851.73,-1,0.27400000000034197,BACKFILL_AUTO
2026-06-19 03:51:28,1781841088,R_10,4851.598,-1,0.1319999999996071,BACKFILL_AUTO
2026-06-19 03:51:30,1781841090,R_10,4851.622,1,0.02400000000034197,BACKFILL_AUTO
2026-06-19 03:51:32,1781841092,R_10,4851.48,-1,0.14200000000073487,BACKFILL_AUTO
2026-06-19 03:51:34,1781841094,R_10,4851.553,1,0.07300000000032014,BACKFILL_AUTO
2026-06-19 03:51:36,1781841096,R_10,4851.827,1,0.27400000000034197,BACKFILL_AUTO
2026-06-19 03:51:38,1781841098,R_10,4851.728,-1,0.09900000000016007,BACKFILL_AUTO
2026-06-19 03:51:40,1781841100,R_10,4851.708,-1,0.020000000000436557,BACKFILL_AUTO
2026-06-19 03:51:42,1781841102,R_10,4851.789,1,0.08100000000013097,BACKFILL_AUTO
2026-06-19 03:51:44,1781841104,R_10,4851.839,1,0.0500000000001819,BACKFILL_AUTO
2026-06-19 03:51:46,1781841106,R_10,4851.941,1,0.10199999999986176,BACKFILL_AUTO
2026-06-19 03:51:48,1781841108,R_10,4851.768,-1,0.17299999999977445,BACKFILL_AUTO
2026-06-19 03:51:50,1781841110,R_10,4851.682,-1,0.0860000000002401,BACKFILL_AUTO
2026-06-19 03:51:52,1781841112,R_10,4851.384,-1,0.29799999999977445,BACKFILL_AUTO
2026-06-19 03:51:54,1781841114,R_10,4851.353,-1,0.03099999999994907,BACKFILL_AUTO
2026-06-19 03:51:56,1781841116,R_10,4851.394,1,0.04100000000016735,BACKFILL_AUTO
2026-06-19 03:51:58,1781841118,R_10,4851.138,-1,0.25600000000031287,BACKFILL_AUTO
2026-06-19 03:52:00,1781841120,R_10,4851.082,-1,0.05599999999958527,BACKFILL_AUTO
2026-06-19 03:52:02,1781841122,R_10,4851.063,-1,0.01900000000023283,BACKFILL_AUTO
2026-06-19 03:52:04,1781841124,R_10,4851.167,1,0.10400000000026921,BACKFILL_AUTO
2026-06-19 03:52:06,1781841126,R_10,4851.09,-1,0.07700000000022555,BACKFILL_AUTO
2026-06-19 03:52:08,1781841128,R_10,4851.148,1,0.057999999999992724,BACKFILL_AUTO
2026-06-19 03:52:10,1781841130,R_10,4851.065,-1,0.08300000000053842,BACKFILL_AUTO
2026-06-19 03:52:12,1781841132,R_10,4851.039,-1,0.02599999999983993,BACKFILL_AUTO
2026-06-19 03:52:14,1781841134,R_10,4851.119,1,0.07999999999992724,BACKFILL_AUTO
2026-06-19 03:52:16,1781841136,R_10,4851.15,1,0.03099999999994907,BACKFILL_AUTO
2026-06-19 03:52:18,1781841138,R_10,4851.277,1,0.12700000000040745,BACKFILL_AUTO
2026-06-19 03:52:20,1781841140,R_10,4851.2,-1,0.07700000000022555,BACKFILL_AUTO
2026-06-19 03:52:22,1781841142,R_10,4851.165,-1,0.03499999999985448,BACKFILL_AUTO
2026-06-19 03:52:24,1781841144,R_10,4851.02,-1,0.14499999999952706,BACKFILL_AUTO
2026-06-19 03:52:26,1781841146,R_10,4851.098,1,0.07799999999951979,BACKFILL_AUTO
2026-06-19 03:52:28,1781841148,R_10,4851.101,1,0.0029999999997016857,BACKFILL_AUTO
2026-06-19 03:52:30,1781841150,R_10,4851.07,-1,0.03099999999994907,BACKFILL_AUTO
2026-06-19 03:52:32,1781841152,R_10,4851.248,1,0.17799999999988358,BACKFILL_AUTO
2026-06-19 03:52:34,1781841154,R_10,4851.24,-1,0.007999999999810825,BACKFILL_AUTO
2026-06-19 03:52:36,1781841156,R_10,4851.442,1,0.20200000000022555,BACKFILL_AUTO
2026-06-19 03:52:38,1781841158,R_10,4851.337,-1,0.10499999999956344,BACKFILL_AUTO
2026-06-19 03:52:40,1781841160,R_10,4851.113,-1,0.22400000000016007,BACKFILL_AUTO
2026-06-19 03:52:42,1781841162,R_10,4851.236,1,0.12299999999959255,BACKFILL_AUTO
2026-06-19 03:52:44,1781841164,R_10,4851.111,-1,0.125,BACKFILL_AUTO
2026-06-19 03:52:46,1781841166,R_10,4850.981,-1,0.13000000000010914,BACKFILL_AUTO
2026-06-19 03:52:48,1781841168,R_10,4850.941,-1,0.03999999999996362,BACKFILL_AUTO
2026-06-19 03:52:50,1781841170,R_10,4850.819,-1,0.12199999999938882,BACKFILL_AUTO
2026-06-19 03:52:52,1781841172,R_10,4850.779,-1,0.03999999999996362,BACKFILL_AUTO
2026-06-19 03:52:54,1781841174,R_10,4850.946,1,0.16699999999946158,BACKFILL_AUTO
2026-06-19 03:52:56,1781841176,R_10,4850.982,1,0.03600000000005821,BACKFILL_AUTO
2026-06-19 03:52:58,1781841178,R_10,4851.086,1,0.10400000000026921,BACKFILL_AUTO
2026-06-19 03:53:00,1781841180,R_10,4851.19,1,0.10399999999935972,BACKFILL_AUTO
2026-06-19 03:53:02,1781841182,R_10,4851.283,1,0.0930000000007567,BACKFILL_AUTO
2026-06-19 03:53:04,1781841184,R_10,4851.173,-1,0.11000000000058208,BACKFILL_AUTO
2026-06-19 03:53:06,1781841186,R_10,4851.193,1,0.020000000000436557,BACKFILL_AUTO
2026-06-19 03:53:08,1781841188,R_10,4851.26,1,0.06700000000000728,BACKFILL_AUTO
2026-06-19 03:53:10,1781841190,R_10,4851.23,-1,0.030000000000654836,BACKFILL_AUTO
2026-06-19 03:53:12,1781841192,R_10,4851.195,-1,0.03499999999985448,BACKFILL_AUTO
2026-06-19 03:53:14,1781841194,R_10,4851.121,-1,0.07399999999961437,BACKFILL_AUTO
2026-06-19 03:53:16,1781841196,R_10,4850.982,-1,0.1390000000001237,BACKFILL_AUTO
2026-06-19 03:53:18,1781841198,R_10,4850.861,-1,0.12100000000009459,BACKFILL_AUTO
2026-06-19 03:53:20,1781841200,R_10,4851.075,1,0.2139999999999418,BACKFILL_AUTO
2026-06-19 03:53:22,1781841202,R_10,4851.023,-1,0.05199999999967986,BACKFILL_AUTO
2026-06-19 03:53:24,1781841204,R_10,4851.088,1,0.06499999999959982,BACKFILL_AUTO
2026-06-19 03:53:26,1781841206,R_10,4851.227,1,0.1390000000001237,BACKFILL_AUTO
2026-06-19 03:53:28,1781841208,R_10,4851.442,1,0.21500000000014552,BACKFILL_AUTO
2026-06-19 03:53:30,1781841210,R_10,4851.137,-1,0.30500000000029104,BACKFILL_AUTO
2026-06-19 03:53:32,1781841212,R_10,4850.882,-1,0.25500000000010914,BACKFILL_AUTO
2026-06-19 03:53:34,1781841214,R_10,4850.846,-1,0.03600000000005821,BACKFILL_AUTO
2026-06-19 03:53:36,1781841216,R_10,4850.812,-1,0.033999999999650754,BACKFILL_AUTO
2026-06-19 03:53:38,1781841218,R_10,4850.721,-1,0.09100000000034925,BACKFILL_AUTO
2026-06-19 03:53:40,1781841220,R_10,4850.754,1,0.03300000000035652,BACKFILL_AUTO
2026-06-19 03:53:42,1781841222,R_10,4850.809,1,0.05500000000029104,BACKFILL_AUTO
2026-06-19 03:53:44,1781841224,R_10,4850.924,1,0.11499999999978172,BACKFILL_AUTO
2026-06-19 03:53:46,1781841226,R_10,4850.832,-1,0.09199999999964348,BACKFILL_AUTO
2026-06-19 03:53:48,1781841228,R_10,4850.957,1,0.125,BACKFILL_AUTO
2026-06-19 03:53:50,1781841230,R_10,4850.939,-1,0.018000000000029104,BACKFILL_AUTO
2026-06-19 03:53:52,1781841232,R_10,4851.033,1,0.09400000000005093,BACKFILL_AUTO
2026-06-19 03:53:54,1781841234,R_10,4850.914,-1,0.11900000000059663,BACKFILL_AUTO
2026-06-19 03:53:56,1781841236,R_10,4850.794,-1,0.11999999999989086,BACKFILL_AUTO
2026-06-19 03:53:58,1781841238,R_10,4850.691,-1,0.10300000000006548,BACKFILL_AUTO
2026-06-19 03:54:00,1781841240,R_10,4850.746,1,0.05500000000029104,BACKFILL_AUTO
2026-06-19 03:54:02,1781841242,R_10,4850.72,-1,0.02599999999983993,BACKFILL_AUTO
2026-06-19 03:54:04,1781841244,R_10,4850.641,-1,0.07900000000063301,BACKFILL_AUTO
2026-06-19 03:54:06,1781841246,R_10,4850.547,-1,0.09400000000005093,BACKFILL_AUTO
2026-06-19 03:54:08,1781841248,R_10,4850.549,1,0.0020000000004074536,BACKFILL_AUTO
2026-06-19 03:54:10,1781841250,R_10,4850.678,1,0.1289999999999054,BACKFILL_AUTO
2026-06-19 03:54:12,1781841252,R_10,4850.634,-1,0.04399999999986903,BACKFILL_AUTO
2026-06-19 03:54:14,1781841254,R_10,4850.451,-1,0.18299999999999272,BACKFILL_AUTO
2026-06-19 03:54:16,1781841256,R_10,4850.493,1,0.042000000000371074,BACKFILL_AUTO
2026-06-19 03:54:18,1781841258,R_10,4850.634,1,0.14099999999962165,BACKFILL_AUTO
2026-06-19 03:54:20,1781841260,R_10,4850.57,-1,0.06400000000030559,BACKFILL_AUTO
2026-06-19 03:54:22,1781841262,R_10,4850.684,1,0.11400000000048749,BACKFILL_AUTO
2026-06-19 03:54:24,1781841264,R_10,4850.736,1,0.05199999999967986,BACKFILL_AUTO
2026-06-19 03:54:26,1781841266,R_10,4850.666,-1,0.06999999999970896,BACKFILL_AUTO
2026-06-19 03:54:28,1781841268,R_10,4850.605,-1,0.061000000000603904,BACKFILL_AUTO
2026-06-19 03:54:30,1781841270,R_10,4850.727,1,0.12200000000029831,BACKFILL_AUTO
2026-06-19 03:54:32,1781841272,R_10,4850.85,1,0.12300000000050204,BACKFILL_AUTO
2026-06-19 03:54:34,1781841274,R_10,4850.864,1,0.013999999999214197,BACKFILL_AUTO
2026-06-19 03:54:36,1781841276,R_10,4850.842,-1,0.021999999999934516,BACKFILL_AUTO
2026-06-19 03:54:38,1781841278,R_10,4850.717,-1,0.125,BACKFILL_AUTO
2026-06-19 03:54:40,1781841280,R_10,4850.734,1,0.01700000000073487,BACKFILL_AUTO
2026-06-19 03:54:42,1781841282,R_10,4850.851,1,0.11699999999927968,BACKFILL_AUTO
2026-06-19 03:54:44,1781841284,R_10,4850.856,1,0.005000000000109139,BACKFILL_AUTO
2026-06-19 03:54:46,1781841286,R_10,4850.833,-1,0.023000000000138243,BACKFILL_AUTO
2026-06-19 03:54:48,1781841288,R_10,4850.768,-1,0.06499999999959982,BACKFILL_AUTO
2026-06-19 03:54:50,1781841290,R_10,4850.668,-1,0.1000000000003638,BACKFILL_AUTO
2026-06-19 03:54:52,1781841292,R_10,4850.718,1,0.0500000000001819,BACKFILL_AUTO
2026-06-19 03:54:54,1781841294,R_10,4851.035,1,0.3170000000000073,BACKFILL_AUTO
2026-06-19 03:54:56,1781841296,R_10,4851.128,1,0.0929999999998472,BACKFILL_AUTO
2026-06-19 03:54:58,1781841298,R_10,4851.231,1,0.10300000000006548,BACKFILL_AUTO
2026-06-19 03:55:00,1781841300,R_10,4851.299,1,0.068000000000211,BACKFILL_AUTO
2026-06-19 03:55:02,1781841302,R_10,4851.262,-1,0.037000000000261934,BACKFILL_AUTO
2026-06-19 03:55:04,1781841304,R_10,4851.212,-1,0.049999999999272404,BACKFILL_AUTO
2026-06-19 03:55:06,1781841306,R_10,4851.158,-1,0.05400000000008731,BACKFILL_AUTO
2026-06-19 03:55:08,1781841308,R_10,4851.118,-1,0.03999999999996362,BACKFILL_AUTO
2026-06-19 03:55:10,1781841310,R_10,4850.9,-1,0.2180000000007567,BACKFILL_AUTO
2026-06-19 03:55:12,1781841312,R_10,4850.677,-1,0.22299999999995634,BACKFILL_AUTO
2026-06-19 03:55:14,1781841314,R_10,4850.773,1,0.09600000000045839,BACKFILL_AUTO
2026-06-19 03:55:16,1781841316,R_10,4850.848,1,0.0749999999998181,BACKFILL_AUTO
2026-06-19 03:55:18,1781841318,R_10,4850.788,-1,0.06000000000040018,BACKFILL_AUTO
2026-06-19 03:55:20,1781841320,R_10,4850.845,1,0.05700000000069849,BACKFILL_AUTO
2026-06-19 03:55:22,1781841322,R_10,4850.779,-1,0.06599999999980355,BACKFILL_AUTO
2026-06-19 03:55:24,1781841324,R_10,4850.8,1,0.02099999999973079,BACKFILL_AUTO
2026-06-19 03:55:26,1781841326,R_10,4850.822,1,0.021999999999934516,BACKFILL_AUTO
2026-06-19 03:55:28,1781841328,R_10,4850.754,-1,0.068000000000211,BACKFILL_AUTO
2026-06-19 03:55:30,1781841330,R_10,4850.748,-1,0.006000000000312866,BACKFILL_AUTO
2026-06-19 03:55:32,1781841332,R_10,4850.786,1,0.03800000000046566,BACKFILL_AUTO
2026-06-19 03:55:34,1781841334,R_10,4850.71,-1,0.07600000000002183,BACKFILL_AUTO
2026-06-19 03:55:36,1781841336,R_10,4850.646,-1,0.06400000000030559,BACKFILL_AUTO
2026-06-19 03:55:38,1781841338,R_10,4850.599,-1,0.04699999999957072,BACKFILL_AUTO
2026-06-19 03:55:40,1781841340,R_10,4850.491,-1,0.10800000000017462,BACKFILL_AUTO
2026-06-19 03:55:42,1781841342,R_10,4850.551,1,0.06000000000040018,BACKFILL_AUTO
2026-06-19 03:55:44,1781841344,R_10,4850.523,-1,0.028000000000247383,BACKFILL_AUTO
2026-06-19 03:55:46,1781841346,R_10,4850.427,-1,0.09600000000045839,BACKFILL_AUTO
2026-06-19 03:55:48,1781841348,R_10,4850.393,-1,0.033999999999650754,BACKFILL_AUTO
2026-06-19 03:55:50,1781841350,R_10,4850.431,1,0.03799999999955617,BACKFILL_AUTO
2026-06-19 03:55:52,1781841352,R_10,4850.355,-1,0.07600000000002183,BACKFILL_AUTO
2026-06-19 03:55:54,1781841354,R_10,4850.001,-1,0.3539999999993597,BACKFILL_AUTO
2026-06-19 03:55:56,1781841356,R_10,4850.113,1,0.11200000000008004,BACKFILL_AUTO
2026-06-19 03:55:58,1781841358,R_10,4850.091,-1,0.021999999999934516,BACKFILL_AUTO
2026-06-19 03:56:00,1781841360,R_10,4850.058,-1,0.03300000000035652,BACKFILL_AUTO
2026-06-19 03:56:02,1781841362,R_10,4850.048,-1,0.010000000000218279,BACKFILL_AUTO
2026-06-19 03:56:04,1781841364,R_10,4849.902,-1,0.1459999999997308,BACKFILL_AUTO
2026-06-19 03:56:06,1781841366,R_10,4850.039,1,0.13699999999971624,BACKFILL_AUTO
2026-06-19 03:56:08,1781841368,R_10,4850.023,-1,0.01599999999962165,BACKFILL_AUTO
2026-06-19 03:56:10,1781841370,R_10,4849.931,-1,0.09200000000055297,BACKFILL_AUTO
2026-06-19 03:56:12,1781841372,R_10,4849.897,-1,0.033999999999650754,BACKFILL_AUTO
2026-06-19 03:56:14,1781841374,R_10,4849.801,-1,0.09599999999954889,BACKFILL_AUTO
2026-06-19 03:56:16,1781841376,R_10,4849.581,-1,0.22000000000025466,BACKFILL_AUTO
2026-06-19 03:56:18,1781841378,R_10,4849.623,1,0.04199999999946158,BACKFILL_AUTO
2026-06-19 03:56:20,1781841380,R_10,4849.93,1,0.3070000000006985,BACKFILL_AUTO
2026-06-19 03:56:22,1781841382,R_10,4849.896,-1,0.03400000000056025,BACKFILL_AUTO
2026-06-19 03:56:24,1781841384,R_10,4849.963,1,0.06700000000000728,BACKFILL_AUTO
2026-06-19 03:56:26,1781841386,R_10,4849.727,-1,0.2359999999998763,BACKFILL_AUTO
2026-06-19 03:56:28,1781841388,R_10,4849.746,1,0.01900000000023283,BACKFILL_AUTO
2026-06-19 03:56:30,1781841390,R_10,4849.769,1,0.023000000000138243,BACKFILL_AUTO
2026-06-19 03:56:32,1781841392,R_10,4849.81,1,0.04100000000016735,BACKFILL_AUTO
2026-06-19 03:56:34,1781841394,R_10,4850.05,1,0.23999999999978172,BACKFILL_AUTO
2026-06-19 03:56:36,1781841396,R_10,4850.044,-1,0.006000000000312866,BACKFILL_AUTO
2026-06-19 03:56:38,1781841398,R_10,4850.302,1,0.2579999999998108,BACKFILL_AUTO
2026-06-19 03:56:40,1781841400,R_10,4850.239,-1,0.06300000000010186,BACKFILL_AUTO
2026-06-19 03:56:42,1781841402,R_10,4850.176,-1,0.06299999999919237,BACKFILL_AUTO
2026-06-19 03:56:44,1781841404,R_10,4850.174,-1,0.0020000000004074536,BACKFILL_AUTO
2026-06-19 03:56:46,1781841406,R_10,4850.085,-1,0.08899999999994179,BACKFILL_AUTO
2026-06-19 03:56:48,1781841408,R_10,4850.098,1,0.012999999999919964,BACKFILL_AUTO
2026-06-19 03:56:50,1781841410,R_10,4850.139,1,0.04100000000016735,BACKFILL_AUTO
2026-06-19 03:56:52,1781841412,R_10,4850.162,1,0.023000000000138243,BACKFILL_AUTO
2026-06-19 03:56:54,1781841414,R_10,4850.296,1,0.13400000000001455,BACKFILL_AUTO
2026-06-19 03:56:56,1781841416,R_10,4850.215,-1,0.08100000000013097,BACKFILL_AUTO
2026-06-19 03:56:58,1781841418,R_10,4850.165,-1,0.0500000000001819,BACKFILL_AUTO
2026-06-19 03:57:00,1781841420,R_10,4850.197,1,0.032000000000152795,BACKFILL_AUTO
2026-06-19 03:57:02,1781841422,R_10,4850.287,1,0.09000000000014552,BACKFILL_AUTO
2026-06-19 03:57:04,1781841424,R_10,4850.216,-1,0.07099999999991269,BACKFILL_AUTO
2026-06-19 03:57:06,1781841426,R_10,4850.191,-1,0.025000000000545697,BACKFILL_AUTO
2026-06-19 03:57:08,1781841428,R_10,4850.282,1,0.09100000000034925,BACKFILL_AUTO
2026-06-19 03:57:10,1781841430,R_10,4850.33,1,0.047999999999774445,BACKFILL_AUTO
2026-06-19 03:57:12,1781841432,R_10,4850.385,1,0.05500000000029104,BACKFILL_AUTO
2026-06-19 03:57:14,1781841434,R_10,4850.117,-1,0.2680000000000291,BACKFILL_AUTO
2026-06-19 03:57:16,1781841436,R_10,4850.175,1,0.057999999999992724,BACKFILL_AUTO
2026-06-19 03:57:18,1781841438,R_10,4850.099,-1,0.07600000000002183,BACKFILL_AUTO
2026-06-19 03:57:20,1781841440,R_10,4850.059,-1,0.03999999999996362,BACKFILL_AUTO
2026-06-19 03:57:22,1781841442,R_10,4850.132,1,0.07299999999941065,BACKFILL_AUTO
2026-06-19 03:57:24,1781841444,R_10,4850.069,-1,0.06299999999919237,BACKFILL_AUTO
2026-06-19 03:57:26,1781841446,R_10,4849.824,-1,0.24500000000080036,BACKFILL_AUTO
2026-06-19 03:57:28,1781841448,R_10,4849.772,-1,0.05199999999967986,BACKFILL_AUTO
2026-06-19 03:57:30,1781841450,R_10,4849.652,-1,0.11999999999989086,BACKFILL_AUTO
2026-06-19 03:57:32,1781841452,R_10,4849.832,1,0.18000000000029104,BACKFILL_AUTO
2026-06-19 03:57:34,1781841454,R_10,4850.131,1,0.29899999999997817,BACKFILL_AUTO
2026-06-19 03:57:36,1781841456,R_10,4850.161,1,0.02999999999974534,BACKFILL_AUTO
2026-06-19 03:57:38,1781841458,R_10,4850.201,1,0.03999999999996362,BACKFILL_AUTO
2026-06-19 03:57:40,1781841460,R_10,4850.217,1,0.01599999999962165,BACKFILL_AUTO
2026-06-19 03:57:42,1781841462,R_10,4850.27,1,0.05300000000079308,BACKFILL_AUTO
2026-06-19 03:57:44,1781841464,R_10,4850.3,1,0.02999999999974534,BACKFILL_AUTO
2026-06-19 03:57:46,1781841466,R_10,4850.527,1,0.22699999999986176,BACKFILL_AUTO
2026-06-19 03:57:48,1781841468,R_10,4850.466,-1,0.06099999999969441,BACKFILL_AUTO
2026-06-19 03:57:50,1781841470,R_10,4850.296,-1,0.17000000000007276,BACKFILL_AUTO
2026-06-19 03:57:52,1781841472,R_10,4850.311,1,0.014999999999417923,BACKFILL_AUTO
2026-06-19 03:57:54,1781841474,R_10,4850.472,1,0.1610000000000582,BACKFILL_AUTO
2026-06-19 03:57:56,1781841476,R_10,4850.542,1,0.07000000000061846,BACKFILL_AUTO
2026-06-19 03:57:58,1781841478,R_10,4850.285,-1,0.2570000000005166,BACKFILL_AUTO
2026-06-19 03:58:00,1781841480,R_10,4850.454,1,0.16899999999986903,BACKFILL_AUTO
2026-06-19 03:58:02,1781841482,R_10,4850.471,1,0.016999999999825377,BACKFILL_AUTO
2026-06-19 03:58:04,1781841484,R_10,4850.378,-1,0.0929999999998472,BACKFILL_AUTO
2026-06-19 03:58:06,1781841486,R_10,4850.457,1,0.07900000000063301,BACKFILL_AUTO
2026-06-19 03:58:08,1781841488,R_10,4850.392,-1,0.06500000000050932,BACKFILL_AUTO
2026-06-19 03:58:10,1781841490,R_10,4850.577,1,0.18500000000040018,BACKFILL_AUTO
2026-06-19 03:58:12,1781841492,R_10,4850.728,1,0.15099999999983993,BACKFILL_AUTO
2026-06-19 03:58:14,1781841494,R_10,4850.837,1,0.10900000000037835,BACKFILL_AUTO
2026-06-19 03:58:16,1781841496,R_10,4850.691,-1,0.14600000000064028,BACKFILL_AUTO
2026-06-19 03:58:18,1781841498,R_10,4850.848,1,0.1570000000001528,BACKFILL_AUTO
2026-06-19 03:58:20,1781841500,R_10,4850.806,-1,0.042000000000371074,BACKFILL_AUTO
2026-06-19 03:58:22,1781841502,R_10,4850.596,-1,0.21000000000003638,BACKFILL_AUTO
2026-06-19 03:58:24,1781841504,R_10,4850.729,1,0.13300000000072032,BACKFILL_AUTO
2026-06-19 03:58:26,1781841506,R_10,4850.842,1,0.11299999999937427,BACKFILL_AUTO
2026-06-19 03:58:28,1781841508,R_10,4850.625,-1,0.21699999999964348,BACKFILL_AUTO
2026-06-19 03:58:30,1781841510,R_10,4850.418,-1,0.2070000000003347,BACKFILL_AUTO
2026-06-19 03:58:32,1781841512,R_10,4850.156,-1,0.26199999999971624,BACKFILL_AUTO
2026-06-19 03:58:34,1781841514,R_10,4850.256,1,0.1000000000003638,BACKFILL_AUTO
2026-06-19 03:58:36,1781841516,R_10,4850.136,-1,0.11999999999989086,BACKFILL_AUTO
2026-06-19 03:58:38,1781841518,R_10,4850.315,1,0.17899999999917782,BACKFILL_AUTO
2026-06-19 03:58:40,1781841520,R_10,4850.466,1,0.15100000000074942,BACKFILL_AUTO
2026-06-19 03:58:42,1781841522,R_10,4850.367,-1,0.09900000000016007,BACKFILL_AUTO
2026-06-19 03:58:44,1781841524,R_10,4850.253,-1,0.11400000000048749,BACKFILL_AUTO
2026-06-19 03:58:46,1781841526,R_10,4850.337,1,0.08400000000074215,BACKFILL_AUTO
2026-06-19 03:58:48,1781841528,R_10,4850.386,1,0.04899999999997817,BACKFILL_AUTO
2026-06-19 03:58:50,1781841530,R_10,4850.054,-1,0.3320000000003347,BACKFILL_AUTO
2026-06-19 03:58:52,1781841532,R_10,4850.059,1,0.005000000000109139,BACKFILL_AUTO
2026-06-19 03:58:54,1781841534,R_10,4850.102,1,0.042999999999665306,BACKFILL_AUTO
2026-06-19 03:58:56,1781841536,R_10,4850.158,1,0.056000000000494765,BACKFILL_AUTO
2026-06-19 03:58:58,1781841538,R_10,4850.046,-1,0.11200000000008004,BACKFILL_AUTO
2026-06-19 03:59:00,1781841540,R_10,4850.115,1,0.06899999999950523,BACKFILL_AUTO
2026-06-19 03:59:02,1781841542,R_10,4850.08,-1,0.03499999999985448,BACKFILL_AUTO
2026-06-19 03:59:04,1781841544,R_10,4850.091,1,0.011000000000422006,BACKFILL_AUTO
2026-06-19 03:59:06,1781841546,R_10,4849.802,-1,0.2890000000006694,BACKFILL_AUTO
2026-06-19 03:59:08,1781841548,R_10,4849.86,1,0.057999999999992724,BACKFILL_AUTO
2026-06-19 03:59:10,1781841550,R_10,4849.824,-1,0.03600000000005821,BACKFILL_AUTO
2026-06-19 03:59:12,1781841552,R_10,4849.632,-1,0.19200000000000728,BACKFILL_AUTO
2026-06-19 03:59:14,1781841554,R_10,4849.577,-1,0.054999999999381544,BACKFILL_AUTO
2026-06-19 03:59:16,1781841556,R_10,4849.756,1,0.1790000000000873,BACKFILL_AUTO
2026-06-19 03:59:18,1781841558,R_10,4849.872,1,0.11599999999998545,BACKFILL_AUTO
2026-06-19 03:59:20,1781841560,R_10,4849.786,-1,0.0860000000002401,BACKFILL_AUTO
2026-06-19 03:59:22,1781841562,R_10,4849.947,1,0.1610000000000582,BACKFILL_AUTO
2026-06-19 03:59:24,1781841564,R_10,4850.202,1,0.25500000000010914,BACKFILL_AUTO
2026-06-19 03:59:26,1781841566,R_10,4850.046,-1,0.15599999999994907,BACKFILL_AUTO
2026-06-19 03:59:28,1781841568,R_10,4849.884,-1,0.16200000000026193,BACKFILL_AUTO
2026-06-19 03:59:30,1781841570,R_10,4849.802,-1,0.0820000000003347,BACKFILL_AUTO
2026-06-19 03:59:32,1781841572,R_10,4849.725,-1,0.07699999999931606,BACKFILL_AUTO
2026-06-19 03:59:34,1781841574,R_10,4849.881,1,0.15599999999994907,BACKFILL_AUTO
2026-06-19 03:59:36,1781841576,R_10,4849.971,1,0.08999999999923602,BACKFILL_AUTO
2026-06-19 03:59:38,1781841578,R_10,4849.951,-1,0.019999999999527063,BACKFILL_AUTO
2026-06-19 03:59:40,1781841580,R_10,4850.02,1,0.06900000000041473,BACKFILL_AUTO
2026-06-19 03:59:42,1781841582,R_10,4849.996,-1,0.02400000000034197,BACKFILL_AUTO
2026-06-19 03:59:44,1781841584,R_10,4849.957,-1,0.03899999999975989,BACKFILL_AUTO
2026-06-19 03:59:46,1781841586,R_10,4849.874,-1,0.08300000000053842,BACKFILL_AUTO
2026-06-19 03:59:48,1781841588,R_10,4849.73,-1,0.14400000000023283,BACKFILL_AUTO
2026-06-19 03:59:50,1781841590,R_10,4849.718,-1,0.011999999999716238,BACKFILL_AUTO
2026-06-19 03:59:52,1781841592,R_10,4849.848,1,0.13000000000010914,BACKFILL_AUTO
2026-06-19 03:59:54,1781841594,R_10,4849.818,-1,0.02999999999974534,BACKFILL_AUTO
2026-06-19 03:59:56,1781841596,R_10,4849.656,-1,0.16200000000026193,BACKFILL_AUTO
2026-06-19 03:59:58,1781841598,R_10,4849.421,-1,0.23499999999967258,BACKFILL_AUTO
2026-06-19 04:00:00,1781841600,R_10,4849.196,-1,0.2250000000003638,BACKFILL_AUTO
2026-06-19 04:00:02,1781841602,R_10,4849.169,-1,0.027000000000043656,BACKFILL_AUTO
2026-06-19 04:00:04,1781841604,R_10,4849.09,-1,0.07899999999972351,BACKFILL_AUTO
2026-06-19 04:00:06,1781841606,R_10,4849.04,-1,0.0500000000001819,BACKFILL_AUTO
2026-06-19 04:00:08,1781841608,R_10,4848.984,-1,0.05599999999958527,BACKFILL_AUTO
2026-06-19 04:00:10,1781841610,R_10,4849.144,1,0.15999999999985448,BACKFILL_AUTO
2026-06-19 04:00:12,1781841612,R_10,4848.935,-1,0.20899999999983265,BACKFILL_AUTO
2026-06-19 04:00:14,1781841614,R_10,4848.967,1,0.0319999999992433,BACKFILL_AUTO
2026-06-19 04:00:16,1781841616,R_10,4849.243,1,0.2760000000007494,BACKFILL_AUTO
2026-06-19 04:00:18,1781841618,R_10,4849.448,1,0.20499999999992724,BACKFILL_AUTO
2026-06-19 04:00:20,1781841620,R_10,4849.335,-1,0.11300000000028376,BACKFILL_AUTO
2026-06-19 04:00:22,1781841622,R_10,4849.349,1,0.014000000000123691,BACKFILL_AUTO
2026-06-19 04:00:24,1781841624,R_10,4849.364,1,0.014999999999417923,BACKFILL_AUTO
2026-06-19 04:00:26,1781841626,R_10,4849.244,-1,0.11999999999989086,BACKFILL_AUTO
2026-06-19 04:00:28,1781841628,R_10,4849.033,-1,0.2109999999993306,BACKFILL_AUTO
2026-06-19 04:00:30,1781841630,R_10,4848.734,-1,0.29899999999997817,BACKFILL_AUTO
2026-06-19 04:00:32,1781841632,R_10,4848.768,1,0.033999999999650754,BACKFILL_AUTO
2026-06-19 04:00:34,1781841634,R_10,4848.83,1,0.06199999999989814,BACKFILL_AUTO
2026-06-19 04:00:36,1781841636,R_10,4848.756,-1,0.07399999999961437,BACKFILL_AUTO
2026-06-19 04:00:38,1781841638,R_10,4848.914,1,0.15799999999944703,BACKFILL_AUTO
2026-06-19 04:00:40,1781841640,R_10,4848.943,1,0.02900000000045111,BACKFILL_AUTO
2026-06-19 04:00:42,1781841642,R_10,4848.863,-1,0.07999999999992724,BACKFILL_AUTO
2026-06-19 04:00:44,1781841644,R_10,4848.917,1,0.05400000000008731,BACKFILL_AUTO
2026-06-19 04:00:46,1781841646,R_10,4848.946,1,0.028999999999541615,BACKFILL_AUTO
2026-06-19 04:00:48,1781841648,R_10,4849.135,1,0.1890000000003056,BACKFILL_AUTO
2026-06-19 04:00:50,1781841650,R_10,4849.192,1,0.056999999999789,BACKFILL_AUTO
2026-06-19 04:00:52,1781841652,R_10,4849.077,-1,0.11499999999978172,BACKFILL_AUTO
2026-06-19 04:00:54,1781841654,R_10,4849.071,-1,0.006000000000312866,BACKFILL_AUTO
2026-06-19 04:00:56,1781841656,R_10,4848.973,-1,0.09799999999995634,BACKFILL_AUTO
2026-06-19 04:00:58,1781841658,R_10,4848.727,-1,0.2460000000000946,BACKFILL_AUTO
2026-06-19 04:01:00,1781841660,R_10,4848.802,1,0.0749999999998181,BACKFILL_AUTO
2026-06-19 04:01:02,1781841662,R_10,4848.764,-1,0.03799999999955617,BACKFILL_AUTO
2026-06-19 04:01:04,1781841664,R_10,4848.767,1,0.0029999999997016857,BACKFILL_AUTO
2026-06-19 04:01:06,1781841666,R_10,4848.776,1,0.009000000000014552,BACKFILL_AUTO
2026-06-19 04:01:08,1781841668,R_10,4848.777,1,0.0010000000002037268,BACKFILL_AUTO
2026-06-19 04:01:10,1781841670,R_10,4848.643,-1,0.13400000000001455,BACKFILL_AUTO
2026-06-19 04:01:12,1781841672,R_10,4848.545,-1,0.09799999999995634,BACKFILL_AUTO
2026-06-19 04:01:14,1781841674,R_10,4848.398,-1,0.14699999999993452,BACKFILL_AUTO
2026-06-19 04:01:16,1781841676,R_10,4848.362,-1,0.03600000000005821,BACKFILL_AUTO
2026-06-19 04:01:18,1781841678,R_10,4848.507,1,0.14499999999952706,BACKFILL_AUTO
2026-06-19 04:01:20,1781841680,R_10,4848.639,1,0.1320000000005166,BACKFILL_AUTO
2026-06-19 04:01:22,1781841682,R_10,4848.629,-1,0.010000000000218279,BACKFILL_AUTO
2026-06-19 04:01:24,1781841684,R_10,4848.806,1,0.17699999999967986,BACKFILL_AUTO
2026-06-19 04:01:26,1781841686,R_10,4848.795,-1,0.01099999999951251,BACKFILL_AUTO
2026-06-19 04:01:28,1781841688,R_10,4848.751,-1,0.04399999999986903,BACKFILL_AUTO
2026-06-19 04:01:30,1781841690,R_10,4848.704,-1,0.04700000000048021,BACKFILL_AUTO
2026-06-19 04:01:32,1781841692,R_10,4848.764,1,0.06000000000040018,BACKFILL_AUTO
2026-06-19 04:01:34,1781841694,R_10,4848.925,1,0.1610000000000582,BACKFILL_AUTO
2026-06-19 04:01:36,1781841696,R_10,4849.069,1,0.14400000000023283,BACKFILL_AUTO
2026-06-19 04:01:38,1781841698,R_10,4848.953,-1,0.11599999999998545,BACKFILL_AUTO
2026-06-19 04:01:40,1781841700,R_10,4848.789,-1,0.1640000000006694,BACKFILL_AUTO
2026-06-19 04:01:42,1781841702,R_10,4848.82,1,0.03099999999994907,BACKFILL_AUTO
2026-06-19 04:01:44,1781841704,R_10,4848.852,1,0.032000000000152795,BACKFILL_AUTO
2026-06-19 04:01:46,1781841706,R_10,4848.745,-1,0.1069999999999709,BACKFILL_AUTO
2026-06-19 04:01:48,1781841708,R_10,4848.865,1,0.11999999999989086,BACKFILL_AUTO
2026-06-19 04:01:50,1781841710,R_10,4848.911,1,0.046000000000276486,BACKFILL_AUTO
2026-06-19 04:01:52,1781841712,R_10,4848.99,1,0.07899999999972351,BACKFILL_AUTO
2026-06-19 04:01:54,1781841714,R_10,4849.151,1,0.1610000000000582,BACKFILL_AUTO
2026-06-19 04:01:56,1781841716,R_10,4849.197,1,0.046000000000276486,BACKFILL_AUTO
2026-06-19 04:01:58,1781841718,R_10,4849.205,1,0.007999999999810825,BACKFILL_AUTO
2026-06-19 04:02:00,1781841720,R_10,4849.154,-1,0.05099999999947613,BACKFILL_AUTO
2026-06-19 04:02:02,1781841722,R_10,4849.01,-1,0.14400000000023283,BACKFILL_AUTO
2026-06-19 04:02:04,1781841724,R_10,4848.994,-1,0.016000000000531145,BACKFILL_AUTO
2026-06-19 04:02:06,1781841726,R_10,4848.923,-1,0.07099999999991269,BACKFILL_AUTO
2026-06-19 04:02:08,1781841728,R_10,4848.815,-1,0.10800000000017462,BACKFILL_AUTO
2026-06-19 04:02:10,1781841730,R_10,4849.142,1,0.32700000000022555,BACKFILL_AUTO
2026-06-19 04:02:12,1781841732,R_10,4849.218,1,0.07600000000002183,BACKFILL_AUTO
2026-06-19 04:02:14,1781841734,R_10,4848.953,-1,0.2649999999994179,BACKFILL_AUTO
2026-06-19 04:02:16,1781841736,R_10,4848.974,1,0.02099999999973079,BACKFILL_AUTO
2026-06-19 04:02:18,1781841738,R_10,4848.898,-1,0.07600000000002183,BACKFILL_AUTO
2026-06-19 04:02:20,1781841740,R_10,4849.023,1,0.125,BACKFILL_AUTO
2026-06-19 04:02:22,1781841742,R_10,4848.721,-1,0.30200000000058935,BACKFILL_AUTO
2026-06-19 04:02:24,1781841744,R_10,4848.713,-1,0.007999999999810825,BACKFILL_AUTO
2026-06-19 04:02:26,1781841746,R_10,4849.128,1,0.4149999999999636,BACKFILL_AUTO
2026-06-19 04:02:28,1781841748,R_10,4849.194,1,0.06600000000071304,BACKFILL_AUTO
2026-06-19 04:02:30,1781841750,R_10,4849.071,-1,0.12300000000050204,BACKFILL_AUTO
2026-06-19 04:02:32,1781841752,R_10,4849.212,1,0.14100000000053114,BACKFILL_AUTO
2026-06-19 04:02:34,1781841754,R_10,4849.004,-1,0.20800000000053842,BACKFILL_AUTO
2026-06-19 04:02:36,1781841756,R_10,4848.892,-1,0.11200000000008004,BACKFILL_AUTO
2026-06-19 04:02:38,1781841758,R_10,4848.806,-1,0.0860000000002401,BACKFILL_AUTO
2026-06-19 04:02:40,1781841760,R_10,4848.9,1,0.09400000000005093,BACKFILL_AUTO
2026-06-19 04:02:42,1781841762,R_10,4848.874,-1,0.02599999999983993,BACKFILL_AUTO
2026-06-19 04:02:44,1781841764,R_10,4848.799,-1,0.0749999999998181,BACKFILL_AUTO
2026-06-19 04:02:46,1781841766,R_10,4848.513,-1,0.2860000000000582,BACKFILL_AUTO
2026-06-19 04:02:48,1781841768,R_10,4848.535,1,0.021999999999934516,BACKFILL_AUTO
2026-06-19 04:02:50,1781841770,R_10,4848.53,-1,0.005000000000109139,BACKFILL_AUTO
2026-06-19 04:02:52,1781841772,R_10,4848.464,-1,0.06599999999980355,BACKFILL_AUTO
2026-06-19 04:02:54,1781841774,R_10,4848.267,-1,0.19700000000011642,BACKFILL_AUTO
2026-06-19 04:02:56,1781841776,R_10,4847.981,-1,0.2860000000000582,BACKFILL_AUTO
2026-06-19 04:02:58,1781841778,R_10,4848.019,1,0.03800000000046566,BACKFILL_AUTO
2026-06-19 04:03:00,1781841780,R_10,4848.016,-1,0.0030000000006111804,BACKFILL_AUTO
2026-06-19 04:03:02,1781841782,R_10,4847.911,-1,0.10499999999956344,BACKFILL_AUTO
2026-06-19 04:03:04,1781841784,R_10,4847.761,-1,0.1499999999996362,BACKFILL_AUTO
2026-06-19 04:03:06,1781841786,R_10,4847.741,-1,0.020000000000436557,BACKFILL_AUTO
2026-06-19 04:03:08,1781841788,R_10,4847.847,1,0.10599999999976717,BACKFILL_AUTO
2026-06-19 04:03:10,1781841790,R_10,4847.865,1,0.018000000000029104,BACKFILL_AUTO
2026-06-19 04:03:12,1781841792,R_10,4847.875,1,0.010000000000218279,BACKFILL_AUTO
2026-06-19 04:03:14,1781841794,R_10,4847.959,1,0.08399999999983265,BACKFILL_AUTO
2026-06-19 04:03:16,1781841796,R_10,4847.971,1,0.011999999999716238,BACKFILL_AUTO
2026-06-19 04:03:18,1781841798,R_10,4848.074,1,0.10300000000006548,BACKFILL_AUTO
2026-06-19 04:03:20,1781841800,R_10,4848.097,1,0.023000000000138243,BACKFILL_AUTO
2026-06-19 04:03:22,1781841802,R_10,4848.109,1,0.012000000000625732,BACKFILL_AUTO
2026-06-19 04:03:24,1781841804,R_10,4848.109,0,0.0,BACKFILL_AUTO
2026-06-19 04:03:26,1781841806,R_10,4848.059,-1,0.0500000000001819,BACKFILL_AUTO
2026-06-19 04:03:28,1781841808,R_10,4847.78,-1,0.2790000000004511,BACKFILL_AUTO
2026-06-19 04:03:30,1781841810,R_10,4847.744,-1,0.03600000000005821,BACKFILL_AUTO
2026-06-19 04:03:32,1781841812,R_10,4847.753,1,0.009000000000014552,BACKFILL_AUTO
2026-06-19 04:03:34,1781841814,R_10,4847.833,1,0.07999999999992724,BACKFILL_AUTO
2026-06-19 04:03:36,1781841816,R_10,4847.804,-1,0.028999999999541615,BACKFILL_AUTO
2026-06-19 04:03:38,1781841818,R_10,4847.99,1,0.1859999999996944,BACKFILL_AUTO
2026-06-19 04:03:40,1781841820,R_10,4848.052,1,0.06199999999989814,BACKFILL_AUTO
2026-06-19 04:03:42,1781841822,R_10,4847.942,-1,0.10999999999967258,BACKFILL_AUTO
2026-06-19 04:03:44,1781841824,R_10,4847.771,-1,0.1710000000002765,BACKFILL_AUTO
2026-06-19 04:03:46,1781841826,R_10,4847.669,-1,0.10199999999986176,BACKFILL_AUTO
2026-06-19 04:03:48,1781841828,R_10,4847.752,1,0.08300000000053842,BACKFILL_AUTO
2026-06-19 04:03:50,1781841830,R_10,4847.794,1,0.04199999999946158,BACKFILL_AUTO
2026-06-19 04:03:52,1781841832,R_10,4847.698,-1,0.09599999999954889,BACKFILL_AUTO
2026-06-19 04:03:54,1781841834,R_10,4847.891,1,0.1929999999993015,BACKFILL_AUTO
2026-06-19 04:03:56,1781841836,R_10,4847.767,-1,0.12399999999979627,BACKFILL_AUTO
2026-06-19 04:03:58,1781841838,R_10,4847.543,-1,0.22400000000016007,BACKFILL_AUTO
2026-06-19 04:04:00,1781841840,R_10,4847.621,1,0.07800000000042928,BACKFILL_AUTO
2026-06-19 04:04:02,1781841842,R_10,4847.573,-1,0.047999999999774445,BACKFILL_AUTO
2026-06-19 04:04:04,1781841844,R_10,4847.356,-1,0.21700000000055297,BACKFILL_AUTO
2026-06-19 04:04:06,1781841846,R_10,4847.386,1,0.030000000000654836,BACKFILL_AUTO
2026-06-19 04:04:08,1781841848,R_10,4847.267,-1,0.11900000000059663,BACKFILL_AUTO
2026-06-19 04:04:10,1781841850,R_10,4847.253,-1,0.014000000000123691,BACKFILL_AUTO
2026-06-19 04:04:12,1781841852,R_10,4847.346,1,0.0929999999998472,BACKFILL_AUTO
2026-06-19 04:04:14,1781841854,R_10,4847.444,1,0.09800000000086584,BACKFILL_AUTO
2026-06-19 04:04:16,1781841856,R_10,4847.503,1,0.058999999999286956,BACKFILL_AUTO
2026-06-19 04:04:18,1781841858,R_10,4847.408,-1,0.09499999999934516,BACKFILL_AUTO
2026-06-19 04:04:20,1781841860,R_10,4847.197,-1,0.2110000000002401,BACKFILL_AUTO
2026-06-19 04:04:22,1781841862,R_10,4847.274,1,0.07700000000022555,BACKFILL_AUTO
2026-06-19 04:04:24,1781841864,R_10,4847.272,-1,0.0020000000004074536,BACKFILL_AUTO
2026-06-19 04:04:26,1781841866,R_10,4847.331,1,0.05900000000019645,BACKFILL_AUTO
2026-06-19 04:04:28,1781841868,R_10,4847.47,1,0.1390000000001237,BACKFILL_AUTO
2026-06-19 04:04:30,1781841870,R_10,4847.531,1,0.06099999999969441,BACKFILL_AUTO
2026-06-19 04:04:32,1781841872,R_10,4847.453,-1,0.07799999999951979,BACKFILL_AUTO
2026-06-19 04:04:34,1781841874,R_10,4847.38,-1,0.07300000000032014,BACKFILL_AUTO
2026-06-19 04:04:36,1781841876,R_10,4847.402,1,0.021999999999934516,BACKFILL_AUTO
2026-06-19 04:04:38,1781841878,R_10,4847.393,-1,0.009000000000014552,BACKFILL_AUTO
2026-06-19 04:04:40,1781841880,R_10,4847.383,-1,0.010000000000218279,BACKFILL_AUTO
2026-06-19 04:04:42,1781841882,R_10,4847.503,1,0.11999999999989086,BACKFILL_AUTO
2026-06-19 04:04:44,1781841884,R_10,4847.309,-1,0.19399999999950523,BACKFILL_AUTO
2026-06-19 04:04:46,1781841886,R_10,4847.372,1,0.06300000000010186,BACKFILL_AUTO
2026-06-19 04:04:48,1781841888,R_10,4847.45,1,0.07799999999951979,BACKFILL_AUTO
2026-06-19 04:04:50,1781841890,R_10,4847.541,1,0.09100000000034925,BACKFILL_AUTO
2026-06-19 04:04:52,1781841892,R_10,4847.598,1,0.056999999999789,BACKFILL_AUTO
2026-06-19 04:04:54,1781841894,R_10,4847.638,1,0.03999999999996362,BACKFILL_AUTO
2026-06-19 04:04:56,1781841896,R_10,4847.597,-1,0.04100000000016735,BACKFILL_AUTO
2026-06-19 04:04:58,1781841898,R_10,4847.513,-1,0.08399999999983265,BACKFILL_AUTO
2026-06-19 04:05:00,1781841900,R_10,4847.61,1,0.09699999999975262,BACKFILL_AUTO
2026-06-19 04:05:02,1781841902,R_10,4847.655,1,0.04500000000007276,BACKFILL_AUTO
2026-06-19 04:05:04,1781841904,R_10,4847.577,-1,0.07799999999951979,BACKFILL_AUTO
2026-06-19 04:05:06,1781841906,R_10,4847.755,1,0.17799999999988358,BACKFILL_AUTO
2026-06-19 04:05:08,1781841908,R_10,4848.097,1,0.3419999999996435,BACKFILL_AUTO
2026-06-19 04:05:10,1781841910,R_10,4848.313,1,0.21600000000034925,BACKFILL_AUTO
2026-06-19 04:05:12,1781841912,R_10,4848.418,1,0.10499999999956344,BACKFILL_AUTO
2026-06-19 04:05:14,1781841914,R_10,4848.32,-1,0.09799999999995634,BACKFILL_AUTO
2026-06-19 04:05:16,1781841916,R_10,4848.476,1,0.15599999999994907,BACKFILL_AUTO
2026-06-19 04:05:18,1781841918,R_10,4848.517,1,0.04100000000016735,BACKFILL_AUTO
2026-06-19 04:05:20,1781841920,R_10,4848.576,1,0.05900000000019645,BACKFILL_AUTO
2026-06-19 04:05:22,1781841922,R_10,4848.575,-1,0.0010000000002037268,BACKFILL_AUTO
2026-06-19 04:05:24,1781841924,R_10,4848.532,-1,0.042999999999665306,BACKFILL_AUTO
2026-06-19 04:05:26,1781841926,R_10,4848.557,1,0.024999999999636202,BACKFILL_AUTO
2026-06-19 04:05:28,1781841928,R_10,4848.634,1,0.07700000000022555,BACKFILL_AUTO
2026-06-19 04:05:30,1781841930,R_10,4848.775,1,0.14099999999962165,BACKFILL_AUTO
2026-06-19 04:05:32,1781841932,R_10,4848.562,-1,0.21299999999973807,BACKFILL_AUTO
2026-06-19 04:05:34,1781841934,R_10,4848.576,1,0.014000000000123691,BACKFILL_AUTO
2026-06-19 04:05:36,1781841936,R_10,4848.535,-1,0.04100000000016735,BACKFILL_AUTO
2026-06-19 04:05:38,1781841938,R_10,4848.498,-1,0.037000000000261934,BACKFILL_AUTO
2026-06-19 04:05:40,1781841940,R_10,4848.537,1,0.03900000000066939,BACKFILL_AUTO
2026-06-19 04:05:42,1781841942,R_10,4848.567,1,0.02999999999974534,BACKFILL_AUTO
2026-06-19 04:05:44,1781841944,R_10,4848.448,-1,0.11899999999968713,BACKFILL_AUTO
2026-06-19 04:05:46,1781841946,R_10,4848.712,1,0.2640000000001237,BACKFILL_AUTO
2026-06-19 04:05:48,1781841948,R_10,4848.557,-1,0.15500000000065484,BACKFILL_AUTO
2026-06-19 04:05:50,1781841950,R_10,4848.423,-1,0.13400000000001455,BACKFILL_AUTO
2026-06-19 04:05:52,1781841952,R_10,4848.388,-1,0.03499999999985448,BACKFILL_AUTO
2026-06-19 04:05:54,1781841954,R_10,4848.324,-1,0.06400000000030559,BACKFILL_AUTO
2026-06-19 04:05:56,1781841956,R_10,4848.447,1,0.12300000000050204,BACKFILL_AUTO
2026-06-19 04:05:58,1781841958,R_10,4848.571,1,0.12399999999979627,BACKFILL_AUTO
2026-06-19 04:06:00,1781841960,R_10,4848.673,1,0.10199999999986176,BACKFILL_AUTO
2026-06-19 04:06:02,1781841962,R_10,4848.668,-1,0.005000000000109139,BACKFILL_AUTO
2026-06-19 04:06:04,1781841964,R_10,4848.758,1,0.09000000000014552,BACKFILL_AUTO
2026-06-19 04:06:06,1781841966,R_10,4848.728,-1,0.02999999999974534,BACKFILL_AUTO
2026-06-19 04:06:08,1781841968,R_10,4848.739,1,0.01099999999951251,BACKFILL_AUTO
2026-06-19 04:06:10,1781841970,R_10,4848.717,-1,0.021999999999934516,BACKFILL_AUTO
2026-06-19 04:06:12,1781841972,R_10,4848.845,1,0.12800000000061118,BACKFILL_AUTO
2026-06-19 04:06:14,1781841974,R_10,4848.783,-1,0.06199999999989814,BACKFILL_AUTO
2026-06-19 04:06:16,1781841976,R_10,4848.654,-1,0.1289999999999054,BACKFILL_AUTO
2026-06-19 04:06:18,1781841978,R_10,4848.511,-1,0.1430000000000291,BACKFILL_AUTO
2026-06-19 04:06:20,1781841980,R_10,4848.385,-1,0.12600000000020373,BACKFILL_AUTO
2026-06-19 04:06:22,1781841982,R_10,4848.407,1,0.021999999999934516,BACKFILL_AUTO
2026-06-19 04:06:24,1781841984,R_10,4848.342,-1,0.06500000000050932,BACKFILL_AUTO
2026-06-19 04:06:26,1781841986,R_10,4848.399,1,0.05700000000069849,BACKFILL_AUTO
2026-06-19 04:06:28,1781841988,R_10,4848.381,-1,0.018000000000029104,BACKFILL_AUTO
2026-06-19 04:06:30,1781841990,R_10,4848.595,1,0.2139999999999418,BACKFILL_AUTO
2026-06-19 04:06:32,1781841992,R_10,4848.509,-1,0.0860000000002401,BACKFILL_AUTO
2026-06-19 04:06:34,1781841994,R_10,4848.477,-1,0.032000000000152795,BACKFILL_AUTO
2026-06-19 04:06:36,1781841996,R_10,4848.486,1,0.009000000000014552,BACKFILL_AUTO
2026-06-19 04:06:38,1781841998,R_10,4848.437,-1,0.04899999999997817,BACKFILL_AUTO
2026-06-19 04:06:40,1781842000,R_10,4848.42,-1,0.016999999999825377,BACKFILL_AUTO
2026-06-19 04:06:42,1781842002,R_10,4848.429,1,0.009000000000014552,BACKFILL_AUTO
2026-06-19 04:06:44,1781842004,R_10,4848.384,-1,0.04500000000007276,BACKFILL_AUTO
2026-06-19 04:06:46,1781842006,R_10,4848.314,-1,0.06999999999970896,BACKFILL_AUTO
2026-06-19 04:06:48,1781842008,R_10,4848.223,-1,0.09100000000034925,BACKFILL_AUTO
2026-06-19 04:06:50,1781842010,R_10,4848.31,1,0.08700000000044383,BACKFILL_AUTO
2026-06-19 04:06:52,1781842012,R_10,4848.392,1,0.0819999999994252,BACKFILL_AUTO
2026-06-19 04:06:54,1781842014,R_10,4848.29,-1,0.10199999999986176,BACKFILL_AUTO
2026-06-19 04:06:56,1781842016,R_10,4848.35,1,0.06000000000040018,BACKFILL_AUTO
2026-06-19 04:06:58,1781842018,R_10,4848.044,-1,0.30600000000049477,BACKFILL_AUTO
2026-06-19 04:07:00,1781842020,R_10,4848.057,1,0.012999999999919964,BACKFILL_AUTO
2026-06-19 04:07:02,1781842022,R_10,4847.928,-1,0.1289999999999054,BACKFILL_AUTO
2026-06-19 04:07:04,1781842024,R_10,4847.937,1,0.009000000000014552,BACKFILL_AUTO
2026-06-19 04:07:06,1781842026,R_10,4847.727,-1,0.21000000000003638,BACKFILL_AUTO
2026-06-19 04:07:08,1781842028,R_10,4847.825,1,0.09799999999995634,BACKFILL_AUTO
2026-06-19 04:07:10,1781842030,R_10,4847.671,-1,0.15399999999954161,BACKFILL_AUTO
2026-06-19 04:07:12,1781842032,R_10,4847.748,1,0.07699999999931606,BACKFILL_AUTO
2026-06-19 04:07:14,1781842034,R_10,4847.726,-1,0.021999999999934516,BACKFILL_AUTO
2026-06-19 04:07:16,1781842036,R_10,4847.88,1,0.1540000000004511,BACKFILL_AUTO
2026-06-19 04:07:18,1781842038,R_10,4847.944,1,0.06400000000030559,BACKFILL_AUTO
2026-06-19 04:07:20,1781842040,R_10,4847.98,1,0.03599999999914871,BACKFILL_AUTO
2026-06-19 04:07:22,1781842042,R_10,4847.992,1,0.012000000000625732,BACKFILL_AUTO
2026-06-19 04:07:24,1781842044,R_10,4848.084,1,0.09199999999964348,BACKFILL_AUTO
2026-06-19 04:07:26,1781842046,R_10,4848.094,1,0.010000000000218279,BACKFILL_AUTO
2026-06-19 04:07:28,1781842048,R_10,4848.223,1,0.1289999999999054,BACKFILL_AUTO
2026-06-19 04:07:30,1781842050,R_10,4848.158,-1,0.06499999999959982,BACKFILL_AUTO
2026-06-19 04:07:32,1781842052,R_10,4848.295,1,0.13699999999971624,BACKFILL_AUTO
2026-06-19 04:07:34,1781842054,R_10,4848.459,1,0.1639999999997599,BACKFILL_AUTO
2026-06-19 04:07:36,1781842056,R_10,4848.425,-1,0.033999999999650754,BACKFILL_AUTO
2026-06-19 04:07:38,1781842058,R_10,4848.368,-1,0.056999999999789,BACKFILL_AUTO
2026-06-19 04:07:40,1781842060,R_10,4848.293,-1,0.0750000000007276,BACKFILL_AUTO
2026-06-19 04:07:42,1781842062,R_10,4848.328,1,0.035000000000763976,BACKFILL_AUTO
2026-06-19 04:07:44,1781842064,R_10,4848.275,-1,0.05300000000079308,BACKFILL_AUTO
2026-06-19 04:07:46,1781842066,R_10,4848.35,1,0.0750000000007276,BACKFILL_AUTO
2026-06-19 04:07:48,1781842068,R_10,4848.464,1,0.113999999999578,BACKFILL_AUTO
2026-06-19 04:07:50,1781842070,R_10,4848.527,1,0.06300000000010186,BACKFILL_AUTO
2026-06-19 04:07:52,1781842072,R_10,4848.566,1,0.03899999999975989,BACKFILL_AUTO
2026-06-19 04:07:54,1781842074,R_10,4848.712,1,0.14600000000064028,BACKFILL_AUTO
2026-06-19 04:07:56,1781842076,R_10,4848.79,1,0.07799999999951979,BACKFILL_AUTO
2026-06-19 04:07:58,1781842078,R_10,4848.657,-1,0.13299999999981083,BACKFILL_AUTO
2026-06-19 04:08:00,1781842080,R_10,4848.687,1,0.02999999999974534,BACKFILL_AUTO
2026-06-19 04:08:02,1781842082,R_10,4848.777,1,0.09000000000014552,BACKFILL_AUTO
2026-06-19 04:08:04,1781842084,R_10,4848.659,-1,0.1180000000003929,BACKFILL_AUTO
2026-06-19 04:08:06,1781842086,R_10,4848.617,-1,0.04199999999946158,BACKFILL_AUTO
2026-06-19 04:08:08,1781842088,R_10,4848.463,-1,0.1540000000004511,BACKFILL_AUTO
2026-06-19 04:08:10,1781842090,R_10,4848.503,1,0.03999999999996362,BACKFILL_AUTO
2026-06-19 04:08:12,1781842092,R_10,4848.574,1,0.07099999999991269,BACKFILL_AUTO
2026-06-19 04:08:14,1781842094,R_10,4848.556,-1,0.018000000000029104,BACKFILL_AUTO
2026-06-19 04:08:16,1781842096,R_10,4848.775,1,0.21900000000005093,BACKFILL_AUTO
2026-06-19 04:08:18,1781842098,R_10,4848.878,1,0.10300000000006548,BACKFILL_AUTO
2026-06-19 04:08:20,1781842100,R_10,4849.041,1,0.16300000000046566,BACKFILL_AUTO
2026-06-19 04:08:22,1781842102,R_10,4849.065,1,0.023999999999432475,BACKFILL_AUTO
2026-06-19 04:08:24,1781842104,R_10,4848.988,-1,0.07699999999931606,BACKFILL_AUTO
2026-06-19 04:08:26,1781842106,R_10,4848.992,1,0.0039999999999054126,BACKFILL_AUTO
2026-06-19 04:08:28,1781842108,R_10,4848.962,-1,0.02999999999974534,BACKFILL_AUTO
2026-06-19 04:08:30,1781842110,R_10,4849.003,1,0.04099999999925785,BACKFILL_AUTO
2026-06-19 04:08:32,1781842112,R_10,4849.013,1,0.010000000000218279,BACKFILL_AUTO
2026-06-19 04:08:34,1781842114,R_10,4849.152,1,0.1390000000001237,BACKFILL_AUTO
2026-06-19 04:08:36,1781842116,R_10,4849.079,-1,0.07300000000032014,BACKFILL_AUTO
2026-06-19 04:08:38,1781842118,R_10,4848.915,-1,0.1639999999997599,BACKFILL_AUTO
2026-06-19 04:08:40,1781842120,R_10,4848.909,-1,0.006000000000312866,BACKFILL_AUTO
2026-06-19 04:08:42,1781842122,R_10,4848.995,1,0.0860000000002401,BACKFILL_AUTO
2026-06-19 04:08:44,1781842124,R_10,4849.012,1,0.016999999999825377,BACKFILL_AUTO
2026-06-19 04:08:46,1781842126,R_10,4848.957,-1,0.054999999999381544,BACKFILL_AUTO
2026-06-19 04:08:48,1781842128,R_10,4849.047,1,0.08999999999923602,BACKFILL_AUTO
2026-06-19 04:08:50,1781842130,R_10,4849.116,1,0.06900000000041473,BACKFILL_AUTO
2026-06-19 04:08:52,1781842132,R_10,4849.232,1,0.11599999999998545,BACKFILL_AUTO
2026-06-19 04:08:54,1781842134,R_10,4849.242,1,0.010000000000218279,BACKFILL_AUTO
2026-06-19 04:08:56,1781842136,R_10,4849.347,1,0.10499999999956344,BACKFILL_AUTO
2026-06-19 04:08:58,1781842138,R_10,4849.263,-1,0.08399999999983265,BACKFILL_AUTO
2026-06-19 04:09:00,1781842140,R_10,4849.067,-1,0.1959999999999127,BACKFILL_AUTO
2026-06-19 04:09:02,1781842142,R_10,4849.203,1,0.136000000000422,BACKFILL_AUTO
2026-06-19 04:09:04,1781842144,R_10,4849.287,1,0.08399999999983265,BACKFILL_AUTO
2026-06-19 04:09:06,1781842146,R_10,4849.061,-1,0.22600000000056752,BACKFILL_AUTO
2026-06-19 04:09:08,1781842148,R_10,4849.15,1,0.08899999999994179,BACKFILL_AUTO
2026-06-19 04:09:10,1781842150,R_10,4849.218,1,0.068000000000211,BACKFILL_AUTO
2026-06-19 04:09:12,1781842152,R_10,4849.168,-1,0.0500000000001819,BACKFILL_AUTO
2026-06-19 04:09:14,1781842154,R_10,4849.204,1,0.03600000000005821,BACKFILL_AUTO
2026-06-19 04:09:16,1781842156,R_10,4849.532,1,0.3280000000004293,BACKFILL_AUTO
2026-06-19 04:09:18,1781842158,R_10,4849.7,1,0.1679999999996653,BACKFILL_AUTO
2026-06-19 04:09:20,1781842160,R_10,4849.544,-1,0.15599999999994907,BACKFILL_AUTO
2026-06-19 04:09:22,1781842162,R_10,4849.567,1,0.023000000000138243,BACKFILL_AUTO
2026-06-19 04:09:24,1781842164,R_10,4849.562,-1,0.005000000000109139,BACKFILL_AUTO
2026-06-19 04:09:26,1781842166,R_10,4849.491,-1,0.07099999999991269,BACKFILL_AUTO
2026-06-19 04:09:28,1781842168,R_10,4849.364,-1,0.12700000000040745,BACKFILL_AUTO
2026-06-19 04:09:30,1781842170,R_10,4849.251,-1,0.11299999999937427,BACKFILL_AUTO
2026-06-19 04:09:32,1781842172,R_10,4849.326,1,0.0749999999998181,BACKFILL_AUTO
2026-06-19 04:09:34,1781842174,R_10,4849.681,1,0.35499999999956344,BACKFILL_AUTO
2026-06-19 04:09:36,1781842176,R_10,4849.635,-1,0.04599999999936699,BACKFILL_AUTO
2026-06-19 04:09:38,1781842178,R_10,4849.594,-1,0.04100000000016735,BACKFILL_AUTO
2026-06-19 04:09:40,1781842180,R_10,4849.353,-1,0.24099999999998545,BACKFILL_AUTO
2026-06-19 04:09:42,1781842182,R_10,4849.393,1,0.03999999999996362,BACKFILL_AUTO
2026-06-19 04:09:44,1781842184,R_10,4849.413,1,0.019999999999527063,BACKFILL_AUTO
2026-06-19 04:09:46,1781842186,R_10,4849.488,1,0.0750000000007276,BACKFILL_AUTO
2026-06-19 04:09:48,1781842188,R_10,4849.386,-1,0.10199999999986176,BACKFILL_AUTO
2026-06-19 04:09:50,1781842190,R_10,4849.523,1,0.13699999999971624,BACKFILL_AUTO
2026-06-19 04:09:52,1781842192,R_10,4849.538,1,0.014999999999417923,BACKFILL_AUTO
2026-06-19 04:09:54,1781842194,R_10,4849.535,-1,0.0029999999997016857,BACKFILL_AUTO
2026-06-19 04:09:56,1781842196,R_10,4849.51,-1,0.024999999999636202,BACKFILL_AUTO
2026-06-19 04:09:58,1781842198,R_10,4849.568,1,0.057999999999992724,BACKFILL_AUTO
2026-06-19 04:10:00,1781842200,R_10,4849.326,-1,0.24200000000018917,BACKFILL_AUTO
2026-06-19 04:10:02,1781842202,R_10,4849.57,1,0.24399999999968713,BACKFILL_AUTO
2026-06-19 04:10:04,1781842204,R_10,4849.498,-1,0.07200000000011642,BACKFILL_AUTO
2026-06-19 04:10:06,1781842206,R_10,4849.296,-1,0.20199999999931606,BACKFILL_AUTO
2026-06-19 04:10:08,1781842208,R_10,4849.217,-1,0.07900000000063301,BACKFILL_AUTO
2026-06-19 04:10:10,1781842210,R_10,4849.514,1,0.2970000000004802,BACKFILL_AUTO
2026-06-19 04:10:12,1781842212,R_10,4849.579,1,0.06499999999959982,BACKFILL_AUTO
2026-06-19 04:10:14,1781842214,R_10,4849.609,1,0.030000000000654836,BACKFILL_AUTO
2026-06-19 04:10:16,1781842216,R_10,4849.633,1,0.023999999999432475,BACKFILL_AUTO
2026-06-19 04:10:18,1781842218,R_10,4849.54,-1,0.0929999999998472,BACKFILL_AUTO
2026-06-19 04:10:20,1781842220,R_10,4849.364,-1,0.17600000000038563,BACKFILL_AUTO
2026-06-19 04:10:22,1781842222,R_10,4849.366,1,0.0020000000004074536,BACKFILL_AUTO
2026-06-19 04:10:24,1781842224,R_10,4849.369,1,0.0029999999997016857,BACKFILL_AUTO
2026-06-19 04:10:26,1781842226,R_10,4849.37,1,0.0010000000002037268,BACKFILL_AUTO
2026-06-19 04:10:28,1781842228,R_10,4849.434,1,0.06400000000030559,BACKFILL_AUTO
2026-06-19 04:10:30,1781842230,R_10,4849.427,-1,0.007000000000516593,BACKFILL_AUTO
2026-06-19 04:10:32,1781842232,R_10,4849.488,1,0.061000000000603904,BACKFILL_AUTO
2026-06-19 04:10:34,1781842234,R_10,4849.46,-1,0.028000000000247383,BACKFILL_AUTO
2026-06-19 04:10:36,1781842236,R_10,4849.268,-1,0.19200000000000728,BACKFILL_AUTO
2026-06-19 04:10:38,1781842238,R_10,4849.229,-1,0.03899999999975989,BACKFILL_AUTO
2026-06-19 04:10:40,1781842240,R_10,4849.433,1,0.2039999999997235,BACKFILL_AUTO
2026-06-19 04:10:42,1781842242,R_10,4849.601,1,0.1679999999996653,BACKFILL_AUTO
2026-06-19 04:10:44,1781842244,R_10,4849.684,1,0.08300000000053842,BACKFILL_AUTO
2026-06-19 04:10:46,1781842246,R_10,4849.641,-1,0.0430000000005748,BACKFILL_AUTO
2026-06-19 04:10:48,1781842248,R_10,4849.688,1,0.04700000000048021,BACKFILL_AUTO
2026-06-19 04:10:50,1781842250,R_10,4849.68,-1,0.007999999999810825,BACKFILL_AUTO
2026-06-19 04:10:52,1781842252,R_10,4849.704,1,0.023999999999432475,BACKFILL_AUTO
2026-06-19 04:10:54,1781842254,R_10,4849.591,-1,0.11299999999937427,BACKFILL_AUTO
2026-06-19 04:10:56,1781842256,R_10,4849.492,-1,0.09900000000016007,BACKFILL_AUTO
2026-06-19 04:10:58,1781842258,R_10,4849.532,1,0.03999999999996362,BACKFILL_AUTO
2026-06-19 04:11:00,1781842260,R_10,4849.579,1,0.04699999999957072,BACKFILL_AUTO
2026-06-19 04:11:02,1781842262,R_10,4849.706,1,0.12700000000040745,BACKFILL_AUTO
2026-06-19 04:11:04,1781842264,R_10,4849.68,-1,0.02599999999983993,BACKFILL_AUTO
2026-06-19 04:11:06,1781842266,R_10,4849.66,-1,0.020000000000436557,BACKFILL_AUTO
2026-06-19 04:11:08,1781842268,R_10,4849.406,-1,0.2539999999999054,BACKFILL_AUTO
2026-06-19 04:11:10,1781842270,R_10,4849.304,-1,0.10199999999986176,BACKFILL_AUTO
2026-06-19 04:11:12,1781842272,R_10,4849.249,-1,0.05500000000029104,BACKFILL_AUTO
2026-06-19 04:11:14,1781842274,R_10,4849.317,1,0.068000000000211,BACKFILL_AUTO
2026-06-19 04:11:16,1781842276,R_10,4849.332,1,0.015000000000327418,BACKFILL_AUTO
2026-06-19 04:11:18,1781842278,R_10,4849.463,1,0.13099999999940337,BACKFILL_AUTO
2026-06-19 04:11:20,1781842280,R_10,4849.46,-1,0.0029999999997016857,BACKFILL_AUTO
2026-06-19 04:11:22,1781842282,R_10,4849.46,0,0.0,BACKFILL_AUTO
2026-06-19 04:11:24,1781842284,R_10,4849.451,-1,0.009000000000014552,BACKFILL_AUTO
2026-06-19 04:11:26,1781842286,R_10,4849.379,-1,0.07200000000011642,BACKFILL_AUTO
2026-06-19 04:11:28,1781842288,R_10,4849.342,-1,0.037000000000261934,BACKFILL_AUTO
2026-06-19 04:11:30,1781842290,R_10,4849.314,-1,0.027999999999337888,BACKFILL_AUTO
2026-06-19 04:11:32,1781842292,R_10,4849.526,1,0.21199999999953434,BACKFILL_AUTO
2026-06-19 04:11:34,1781842294,R_10,4849.547,1,0.02099999999973079,BACKFILL_AUTO
2026-06-19 04:11:36,1781842296,R_10,4849.298,-1,0.24899999999979627,BACKFILL_AUTO
2026-06-19 04:11:38,1781842298,R_10,4849.111,-1,0.18699999999989814,BACKFILL_AUTO
2026-06-19 04:11:40,1781842300,R_10,4848.957,-1,0.15399999999954161,BACKFILL_AUTO
2026-06-19 04:11:42,1781842302,R_10,4848.933,-1,0.02400000000034197,BACKFILL_AUTO
2026-06-19 04:11:44,1781842304,R_10,4849.074,1,0.14099999999962165,BACKFILL_AUTO
2026-06-19 04:11:46,1781842306,R_10,4848.878,-1,0.1959999999999127,BACKFILL_AUTO
2026-06-19 04:11:48,1781842308,R_10,4848.726,-1,0.15200000000004366,BACKFILL_AUTO
2026-06-19 04:11:50,1781842310,R_10,4848.813,1,0.08700000000044383,BACKFILL_AUTO
2026-06-19 04:11:52,1781842312,R_10,4848.635,-1,0.17799999999988358,BACKFILL_AUTO
2026-06-19 04:11:54,1781842314,R_10,4848.589,-1,0.046000000000276486,BACKFILL_AUTO
2026-06-19 04:11:56,1781842316,R_10,4848.709,1,0.11999999999989086,BACKFILL_AUTO
2026-06-19 04:11:58,1781842318,R_10,4848.627,-1,0.0819999999994252,BACKFILL_AUTO
2026-06-19 04:12:00,1781842320,R_10,4848.699,1,0.07199999999920692,BACKFILL_AUTO
2026-06-19 04:12:02,1781842322,R_10,4848.678,-1,0.02099999999973079,BACKFILL_AUTO
2026-06-19 04:12:04,1781842324,R_10,4848.818,1,0.14000000000032742,BACKFILL_AUTO
2026-06-19 04:12:06,1781842326,R_10,4848.869,1,0.05099999999947613,BACKFILL_AUTO
2026-06-19 04:12:08,1781842328,R_10,4848.805,-1,0.0639999999993961,BACKFILL_AUTO
2026-06-19 04:12:10,1781842330,R_10,4848.864,1,0.058999999999286956,BACKFILL_AUTO
2026-06-19 04:12:12,1781842332,R_10,4848.846,-1,0.018000000000029104,BACKFILL_AUTO
2026-06-19 04:12:14,1781842334,R_10,4848.812,-1,0.033999999999650754,BACKFILL_AUTO
2026-06-19 04:12:16,1781842336,R_10,4848.931,1,0.11899999999968713,BACKFILL_AUTO
2026-06-19 04:12:18,1781842338,R_10,4848.843,-1,0.08799999999973807,BACKFILL_AUTO
2026-06-19 04:12:20,1781842340,R_10,4848.873,1,0.02999999999974534,BACKFILL_AUTO
2026-06-19 04:12:22,1781842342,R_10,4848.951,1,0.07800000000042928,BACKFILL_AUTO
2026-06-19 04:12:24,1781842344,R_10,4848.833,-1,0.1180000000003929,BACKFILL_AUTO
2026-06-19 04:12:26,1781842346,R_10,4848.849,1,0.016000000000531145,BACKFILL_AUTO
2026-06-19 04:12:28,1781842348,R_10,4848.823,-1,0.02599999999983993,BACKFILL_AUTO
2026-06-19 04:12:30,1781842350,R_10,4848.908,1,0.08500000000003638,BACKFILL_AUTO
2026-06-19 04:12:32,1781842352,R_10,4849.007,1,0.09899999999925058,BACKFILL_AUTO
2026-06-19 04:12:34,1781842354,R_10,4849.112,1,0.10500000000047294,BACKFILL_AUTO
2026-06-19 04:12:36,1781842356,R_10,4849.016,-1,0.09600000000045839,BACKFILL_AUTO
2026-06-19 04:12:38,1781842358,R_10,4848.76,-1,0.25599999999940337,BACKFILL_AUTO
2026-06-19 04:12:40,1781842360,R_10,4848.947,1,0.18699999999989814,BACKFILL_AUTO
2026-06-19 04:12:42,1781842362,R_10,4849.116,1,0.16899999999986903,BACKFILL_AUTO
2026-06-19 04:12:44,1781842364,R_10,4849.075,-1,0.04100000000016735,BACKFILL_AUTO
2026-06-19 04:12:46,1781842366,R_10,4849.197,1,0.12200000000029831,BACKFILL_AUTO
2026-06-19 04:12:48,1781842368,R_10,4849.122,-1,0.0749999999998181,BACKFILL_AUTO
2026-06-19 04:12:50,1781842370,R_10,4849.242,1,0.11999999999989086,BACKFILL_AUTO
2026-06-19 04:12:52,1781842372,R_10,4849.061,-1,0.18100000000049477,BACKFILL_AUTO
2026-06-19 04:12:54,1781842374,R_10,4849.126,1,0.06500000000050932,BACKFILL_AUTO
2026-06-19 04:12:56,1781842376,R_10,4849.169,1,0.042999999999665306,BACKFILL_AUTO
2026-06-19 04:12:58,1781842378,R_10,4849.032,-1,0.13699999999971624,BACKFILL_AUTO
2026-06-19 04:13:00,1781842380,R_10,4848.878,-1,0.1540000000004511,BACKFILL_AUTO
2026-06-19 04:13:02,1781842382,R_10,4848.878,0,0.0,BACKFILL_AUTO
2026-06-19 04:13:04,1781842384,R_10,4848.986,1,0.10800000000017462,BACKFILL_AUTO
2026-06-19 04:13:06,1781842386,R_10,4849.134,1,0.14800000000013824,BACKFILL_AUTO
2026-06-19 04:13:08,1781842388,R_10,4849.272,1,0.13799999999991996,BACKFILL_AUTO
2026-06-19 04:13:10,1781842390,R_10,4849.255,-1,0.016999999999825377,BACKFILL_AUTO
2026-06-19 04:13:12,1781842392,R_10,4849.25,-1,0.005000000000109139,BACKFILL_AUTO
2026-06-19 04:13:14,1781842394,R_10,4849.202,-1,0.047999999999774445,BACKFILL_AUTO
2026-06-19 04:13:16,1781842396,R_10,4849.306,1,0.10399999999935972,BACKFILL_AUTO
2026-06-19 04:13:18,1781842398,R_10,4849.16,-1,0.1459999999997308,BACKFILL_AUTO
2026-06-19 04:13:20,1781842400,R_10,4849.087,-1,0.07299999999941065,BACKFILL_AUTO
2026-06-19 04:13:22,1781842402,R_10,4849.114,1,0.02699999999913416,BACKFILL_AUTO
2026-06-19 04:13:24,1781842404,R_10,4849.143,1,0.02900000000045111,BACKFILL_AUTO
2026-06-19 04:13:26,1781842406,R_10,4849.387,1,0.24399999999968713,BACKFILL_AUTO
2026-06-19 04:13:28,1781842408,R_10,4849.3,-1,0.08699999999953434,BACKFILL_AUTO
2026-06-19 04:13:30,1781842410,R_10,4849.191,-1,0.10900000000037835,BACKFILL_AUTO
2026-06-19 04:13:32,1781842412,R_10,4849.172,-1,0.01900000000023283,BACKFILL_AUTO
2026-06-19 04:13:34,1781842414,R_10,4849.14,-1,0.0319999999992433,BACKFILL_AUTO
2026-06-19 04:13:36,1781842416,R_10,4849.249,1,0.10899999999946886,BACKFILL_AUTO
2026-06-19 04:13:38,1781842418,R_10,4849.269,1,0.020000000000436557,BACKFILL_AUTO
2026-06-19 04:13:40,1781842420,R_10,4849.172,-1,0.09700000000066211,BACKFILL_AUTO
2026-06-19 04:13:42,1781842422,R_10,4849.123,-1,0.04899999999997817,BACKFILL_AUTO
2026-06-19 04:13:44,1781842424,R_10,4849.105,-1,0.018000000000029104,BACKFILL_AUTO
2026-06-19 04:13:46,1781842426,R_10,4848.977,-1,0.12799999999970169,BACKFILL_AUTO
2026-06-19 04:13:48,1781842428,R_10,4849.012,1,0.03499999999985448,BACKFILL_AUTO
2026-06-19 04:13:50,1781842430,R_10,4848.786,-1,0.22599999999965803,BACKFILL_AUTO
2026-06-19 04:13:52,1781842432,R_10,4848.953,1,0.16700000000037107,BACKFILL_AUTO
2026-06-19 04:13:54,1781842434,R_10,4849.175,1,0.22199999999975262,BACKFILL_AUTO
2026-06-19 04:13:56,1781842436,R_10,4849.183,1,0.007999999999810825,BACKFILL_AUTO
2026-06-19 04:13:58,1781842438,R_10,4849.014,-1,0.16899999999986903,BACKFILL_AUTO
2026-06-19 04:14:00,1781842440,R_10,4848.801,-1,0.21299999999973807,BACKFILL_AUTO
2026-06-19 04:14:02,1781842442,R_10,4849.117,1,0.31599999999980355,BACKFILL_AUTO
2026-06-19 04:14:04,1781842444,R_10,4849.259,1,0.14199999999982538,BACKFILL_AUTO
2026-06-19 04:14:06,1781842446,R_10,4849.193,-1,0.06599999999980355,BACKFILL_AUTO
2026-06-19 04:14:08,1781842448,R_10,4849.108,-1,0.08500000000003638,BACKFILL_AUTO
2026-06-19 04:14:10,1781842450,R_10,4849.206,1,0.09799999999995634,BACKFILL_AUTO
2026-06-19 04:14:12,1781842452,R_10,4849.242,1,0.03600000000005821,BACKFILL_AUTO
2026-06-19 04:14:14,1781842454,R_10,4849.17,-1,0.07200000000011642,BACKFILL_AUTO
2026-06-19 04:14:16,1781842456,R_10,4849.462,1,0.2920000000003711,BACKFILL_AUTO
2026-06-19 04:14:18,1781842458,R_10,4849.332,-1,0.13000000000010914,BACKFILL_AUTO
2026-06-19 04:14:20,1781842460,R_10,4849.353,1,0.02099999999973079,BACKFILL_AUTO
2026-06-19 04:14:22,1781842462,R_10,4849.35,-1,0.0029999999997016857,BACKFILL_AUTO
2026-06-19 04:14:24,1781842464,R_10,4849.521,1,0.170999999999367,BACKFILL_AUTO
2026-06-19 04:14:26,1781842466,R_10,4849.603,1,0.0820000000003347,BACKFILL_AUTO
2026-06-19 04:14:28,1781842468,R_10,4849.628,1,0.024999999999636202,BACKFILL_AUTO
2026-06-19 04:14:30,1781842470,R_10,4849.465,-1,0.16299999999955617,BACKFILL_AUTO
2026-06-19 04:14:32,1781842472,R_10,4849.471,1,0.0059999999994033715,BACKFILL_AUTO
2026-06-19 04:14:34,1781842474,R_10,4849.446,-1,0.024999999999636202,BACKFILL_AUTO
2026-06-19 04:14:36,1781842476,R_10,4849.459,1,0.012999999999919964,BACKFILL_AUTO
2026-06-19 04:14:38,1781842478,R_10,4849.558,1,0.09900000000016007,BACKFILL_AUTO
2026-06-19 04:14:40,1781842480,R_10,4849.641,1,0.08299999999962893,BACKFILL_AUTO
2026-06-19 04:14:42,1781842482,R_10,4849.668,1,0.027000000000043656,BACKFILL_AUTO
2026-06-19 04:14:44,1781842484,R_10,4849.578,-1,0.08999999999923602,BACKFILL_AUTO
2026-06-19 04:14:46,1781842486,R_10,4849.438,-1,0.14000000000032742,BACKFILL_AUTO
2026-06-19 04:14:48,1781842488,R_10,4849.344,-1,0.09400000000005093,BACKFILL_AUTO
2026-06-19 04:14:50,1781842490,R_10,4849.296,-1,0.047999999999774445,BACKFILL_AUTO
2026-06-19 04:14:52,1781842492,R_10,4849.367,1,0.07099999999991269,BACKFILL_AUTO
2026-06-19 04:14:54,1781842494,R_10,4849.232,-1,0.13500000000021828,BACKFILL_AUTO
2026-06-19 04:14:56,1781842496,R_10,4849.451,1,0.21900000000005093,BACKFILL_AUTO
2026-06-19 04:14:58,1781842498,R_10,4849.404,-1,0.04699999999957072,BACKFILL_AUTO
2026-06-19 04:15:00,1781842500,R_10,4849.373,-1,0.031000000000858563,BACKFILL_AUTO
2026-06-19 04:15:02,1781842502,R_10,4849.414,1,0.04100000000016735,BACKFILL_AUTO
2026-06-19 04:15:04,1781842504,R_10,4849.257,-1,0.1570000000001528,BACKFILL_AUTO
2026-06-19 04:15:06,1781842506,R_10,4849.223,-1,0.033999999999650754,BACKFILL_AUTO
2026-06-19 04:15:08,1781842508,R_10,4849.044,-1,0.1790000000000873,BACKFILL_AUTO
2026-06-19 04:15:10,1781842510,R_10,4848.884,-1,0.15999999999985448,BACKFILL_AUTO
2026-06-19 04:15:12,1781842512,R_10,4849.005,1,0.12100000000009459,BACKFILL_AUTO
2026-06-19 04:15:14,1781842514,R_10,4848.905,-1,0.1000000000003638,BACKFILL_AUTO
2026-06-19 04:15:16,1781842516,R_10,4849.172,1,0.2669999999998254,BACKFILL_AUTO
2026-06-19 04:15:18,1781842518,R_10,4849.327,1,0.15500000000065484,BACKFILL_AUTO
2026-06-19 04:15:20,1781842520,R_10,4849.231,-1,0.09600000000045839,BACKFILL_AUTO
2026-06-19 04:15:22,1781842522,R_10,4849.065,-1,0.16600000000016735,BACKFILL_AUTO
2026-06-19 04:15:24,1781842524,R_10,4849.217,1,0.15200000000004366,BACKFILL_AUTO
2026-06-19 04:15:26,1781842526,R_10,4849.109,-1,0.10799999999926513,BACKFILL_AUTO
2026-06-19 04:15:28,1781842528,R_10,4849.127,1,0.018000000000029104,BACKFILL_AUTO
2026-06-19 04:15:30,1781842530,R_10,4849.097,-1,0.030000000000654836,BACKFILL_AUTO
2026-06-19 04:15:32,1781842532,R_10,4849.13,1,0.03300000000035652,BACKFILL_AUTO
2026-06-19 04:15:34,1781842534,R_10,4849.238,1,0.10800000000017462,BACKFILL_AUTO
2026-06-19 04:15:36,1781842536,R_10,4849.31,1,0.07200000000011642,BACKFILL_AUTO
2026-06-19 04:15:38,1781842538,R_10,4849.308,-1,0.0020000000004074536,BACKFILL_AUTO
2026-06-19 04:15:40,1781842540,R_10,4849.327,1,0.01900000000023283,BACKFILL_AUTO
2026-06-19 04:15:42,1781842542,R_10,4849.384,1,0.056999999999789,BACKFILL_AUTO
2026-06-19 04:15:44,1781842544,R_10,4849.565,1,0.18099999999958527,BACKFILL_AUTO
2026-06-19 04:15:46,1781842546,R_10,4849.498,-1,0.06700000000000728,BACKFILL_AUTO
2026-06-19 04:15:48,1781842548,R_10,4849.528,1,0.030000000000654836,BACKFILL_AUTO
2026-06-19 04:15:50,1781842550,R_10,4849.653,1,0.125,BACKFILL_AUTO
2026-06-19 04:15:52,1781842552,R_10,4849.795,1,0.14199999999982538,BACKFILL_AUTO
2026-06-19 04:15:54,1781842554,R_10,4849.579,-1,0.21600000000034925,BACKFILL_AUTO
2026-06-19 04:15:56,1781842556,R_10,4849.575,-1,0.0039999999999054126,BACKFILL_AUTO
2026-06-19 04:15:58,1781842558,R_10,4849.551,-1,0.023999999999432475,BACKFILL_AUTO
2026-06-19 04:16:00,1781842560,R_10,4849.642,1,0.09099999999943975,BACKFILL_AUTO
2026-06-19 04:16:02,1781842562,R_10,4849.56,-1,0.0819999999994252,BACKFILL_AUTO
2026-06-19 04:16:04,1781842564,R_10,4849.494,-1,0.06600000000071304,BACKFILL_AUTO
2026-06-19 04:16:06,1781842566,R_10,4849.468,-1,0.02599999999983993,BACKFILL_AUTO
2026-06-19 04:16:08,1781842568,R_10,4849.633,1,0.16499999999996362,BACKFILL_AUTO
2026-06-19 04:16:10,1781842570,R_10,4849.479,-1,0.15399999999954161,BACKFILL_AUTO
2026-06-19 04:16:12,1781842572,R_10,4849.541,1,0.06199999999989814,BACKFILL_AUTO
2026-06-19 04:16:14,1781842574,R_10,4849.391,-1,0.1500000000005457,BACKFILL_AUTO
2026-06-19 04:16:16,1781842576,R_10,4849.311,-1,0.07999999999992724,BACKFILL_AUTO
2026-06-19 04:16:18,1781842578,R_10,4849.183,-1,0.12799999999970169,BACKFILL_AUTO
2026-06-19 04:16:20,1781842580,R_10,4849.111,-1,0.07200000000011642,BACKFILL_AUTO
2026-06-19 04:16:22,1781842582,R_10,4849.038,-1,0.07300000000032014,BACKFILL_AUTO
2026-06-19 04:16:24,1781842584,R_10,4848.912,-1,0.12599999999929423,BACKFILL_AUTO
2026-06-19 04:16:26,1781842586,R_10,4848.776,-1,0.136000000000422,BACKFILL_AUTO
2026-06-19 04:16:28,1781842588,R_10,4848.876,1,0.1000000000003638,BACKFILL_AUTO
2026-06-19 04:16:30,1781842590,R_10,4848.893,1,0.016999999999825377,BACKFILL_AUTO
2026-06-19 04:16:32,1781842592,R_10,4848.729,-1,0.1639999999997599,BACKFILL_AUTO
2026-06-19 04:16:34,1781842594,R_10,4848.675,-1,0.05400000000008731,BACKFILL_AUTO
2026-06-19 04:16:36,1781842596,R_10,4848.677,1,0.001999999999497959,BACKFILL_AUTO
2026-06-19 04:16:38,1781842598,R_10,4848.596,-1,0.08100000000013097,BACKFILL_AUTO
2026-06-19 04:16:40,1781842600,R_10,4848.603,1,0.007000000000516593,BACKFILL_AUTO
2026-06-19 04:16:42,1781842602,R_10,4848.566,-1,0.037000000000261934,BACKFILL_AUTO
2026-06-19 04:16:44,1781842604,R_10,4848.179,-1,0.38699999999971624,BACKFILL_AUTO
2026-06-19 04:16:46,1781842606,R_10,4847.99,-1,0.1890000000003056,BACKFILL_AUTO
2026-06-19 04:16:48,1781842608,R_10,4848.259,1,0.26900000000023283,BACKFILL_AUTO
2026-06-19 04:16:50,1781842610,R_10,4848.384,1,0.125,BACKFILL_AUTO
2026-06-19 04:16:52,1781842612,R_10,4848.4,1,0.01599999999962165,BACKFILL_AUTO
2026-06-19 04:16:54,1781842614,R_10,4848.684,1,0.28400000000056025,BACKFILL_AUTO
2026-06-19 04:16:56,1781842616,R_10,4848.753,1,0.06899999999950523,BACKFILL_AUTO
2026-06-19 04:16:58,1781842618,R_10,4848.857,1,0.10400000000026921,BACKFILL_AUTO
2026-06-19 04:17:00,1781842620,R_10,4848.69,-1,0.16700000000037107,BACKFILL_AUTO
2026-06-19 04:17:02,1781842622,R_10,4848.472,-1,0.2179999999998472,BACKFILL_AUTO
2026-06-19 04:17:04,1781842624,R_10,4848.615,1,0.1430000000000291,BACKFILL_AUTO
2026-06-19 04:17:06,1781842626,R_10,4848.605,-1,0.010000000000218279,BACKFILL_AUTO
2026-06-19 04:17:08,1781842628,R_10,4848.585,-1,0.019999999999527063,BACKFILL_AUTO
2026-06-19 04:17:10,1781842630,R_10,4848.624,1,0.03899999999975989,BACKFILL_AUTO
2026-06-19 04:17:12,1781842632,R_10,4848.561,-1,0.06300000000010186,BACKFILL_AUTO
2026-06-19 04:17:14,1781842634,R_10,4848.445,-1,0.11599999999998545,BACKFILL_AUTO
2026-06-19 04:17:16,1781842636,R_10,4848.297,-1,0.14800000000013824,BACKFILL_AUTO
2026-06-19 04:17:18,1781842638,R_10,4848.407,1,0.11000000000058208,BACKFILL_AUTO
2026-06-19 04:17:20,1781842640,R_10,4848.25,-1,0.1570000000001528,BACKFILL_AUTO
2026-06-19 04:17:22,1781842642,R_10,4848.4,1,0.1499999999996362,BACKFILL_AUTO
2026-06-19 04:17:24,1781842644,R_10,4848.371,-1,0.028999999999541615,BACKFILL_AUTO
2026-06-19 04:17:26,1781842646,R_10,4848.282,-1,0.08899999999994179,BACKFILL_AUTO
2026-06-19 04:17:28,1781842648,R_10,4848.155,-1,0.12700000000040745,BACKFILL_AUTO
2026-06-19 04:17:30,1781842650,R_10,4848.249,1,0.09400000000005093,BACKFILL_AUTO
2026-06-19 04:17:32,1781842652,R_10,4848.276,1,0.027000000000043656,BACKFILL_AUTO
2026-06-19 04:17:34,1781842654,R_10,4848.229,-1,0.04699999999957072,BACKFILL_AUTO
2026-06-19 04:17:36,1781842656,R_10,4848.24,1,0.01099999999951251,BACKFILL_AUTO
2026-06-19 04:17:38,1781842658,R_10,4848.192,-1,0.047999999999774445,BACKFILL_AUTO
2026-06-19 04:17:40,1781842660,R_10,4848.125,-1,0.06700000000000728,BACKFILL_AUTO
2026-06-19 04:17:42,1781842662,R_10,4848.06,-1,0.06499999999959982,BACKFILL_AUTO
2026-06-19 04:17:44,1781842664,R_10,4847.837,-1,0.22299999999995634,BACKFILL_AUTO
2026-06-19 04:17:46,1781842666,R_10,4847.643,-1,0.19400000000041473,BACKFILL_AUTO
2026-06-19 04:17:48,1781842668,R_10,4847.563,-1,0.07999999999992724,BACKFILL_AUTO
2026-06-19 04:17:50,1781842670,R_10,4847.454,-1,0.10900000000037835,BACKFILL_AUTO
2026-06-19 04:17:52,1781842672,R_10,4847.376,-1,0.07799999999951979,BACKFILL_AUTO
2026-06-19 04:17:54,1781842674,R_10,4847.563,1,0.18699999999989814,BACKFILL_AUTO
2026-06-19 04:17:56,1781842676,R_10,4847.463,-1,0.1000000000003638,BACKFILL_AUTO
2026-06-19 04:17:58,1781842678,R_10,4847.254,-1,0.20899999999983265,BACKFILL_AUTO
2026-06-19 04:18:00,1781842680,R_10,4847.413,1,0.15899999999965075,BACKFILL_AUTO
2026-06-19 04:18:02,1781842682,R_10,4847.286,-1,0.12699999999949796,BACKFILL_AUTO
2026-06-19 04:18:04,1781842684,R_10,4847.303,1,0.016999999999825377,BACKFILL_AUTO
2026-06-19 04:18:06,1781842686,R_10,4847.442,1,0.1390000000001237,BACKFILL_AUTO
2026-06-19 04:18:08,1781842688,R_10,4847.379,-1,0.06300000000010186,BACKFILL_AUTO
2026-06-19 04:18:10,1781842690,R_10,4847.135,-1,0.24399999999968713,BACKFILL_AUTO
2026-06-19 04:18:12,1781842692,R_10,4847.238,1,0.10300000000006548,BACKFILL_AUTO
2026-06-19 04:18:14,1781842694,R_10,4847.192,-1,0.046000000000276486,BACKFILL_AUTO
2026-06-19 04:18:16,1781842696,R_10,4847.215,1,0.023000000000138243,BACKFILL_AUTO
2026-06-19 04:18:18,1781842698,R_10,4847.372,1,0.1570000000001528,BACKFILL_AUTO
2026-06-19 04:18:20,1781842700,R_10,4847.218,-1,0.1540000000004511,BACKFILL_AUTO
2026-06-19 04:18:22,1781842702,R_10,4847.406,1,0.18800000000010186,BACKFILL_AUTO
2026-06-19 04:18:24,1781842704,R_10,4847.447,1,0.04100000000016735,BACKFILL_AUTO
2026-06-19 04:18:26,1781842706,R_10,4847.29,-1,0.1570000000001528,BACKFILL_AUTO
2026-06-19 04:18:28,1781842708,R_10,4847.29,0,0.0,BACKFILL_AUTO
2026-06-19 04:18:30,1781842710,R_10,4847.207,-1,0.08299999999962893,BACKFILL_AUTO
2026-06-19 04:18:32,1781842712,R_10,4847.512,1,0.30499999999938154,BACKFILL_AUTO
2026-06-19 04:18:34,1781842714,R_10,4847.638,1,0.12600000000020373,BACKFILL_AUTO
2026-06-19 04:18:36,1781842716,R_10,4847.461,-1,0.17699999999967986,BACKFILL_AUTO
2026-06-19 04:18:38,1781842718,R_10,4847.478,1,0.016999999999825377,BACKFILL_AUTO
2026-06-19 04:18:40,1781842720,R_10,4847.391,-1,0.08700000000044383,BACKFILL_AUTO
2026-06-19 04:18:42,1781842722,R_10,4847.286,-1,0.10499999999956344,BACKFILL_AUTO
2026-06-19 04:18:44,1781842724,R_10,4847.222,-1,0.06400000000030559,BACKFILL_AUTO
2026-06-19 04:18:46,1781842726,R_10,4847.072,-1,0.1499999999996362,BACKFILL_AUTO
2026-06-19 04:18:48,1781842728,R_10,4847.135,1,0.06300000000010186,BACKFILL_AUTO
2026-06-19 04:18:50,1781842730,R_10,4847.052,-1,0.08300000000053842,BACKFILL_AUTO
2026-06-19 04:18:52,1781842732,R_10,4847.183,1,0.13100000000031287,BACKFILL_AUTO
2026-06-19 04:18:54,1781842734,R_10,4847.127,-1,0.05599999999958527,BACKFILL_AUTO
2026-06-19 04:18:56,1781842736,R_10,4847.181,1,0.05399999999917782,BACKFILL_AUTO
2026-06-19 04:18:58,1781842738,R_10,4847.186,1,0.005000000000109139,BACKFILL_AUTO
2026-06-19 04:19:00,1781842740,R_10,4847.245,1,0.05900000000019645,BACKFILL_AUTO
2026-06-19 04:19:02,1781842742,R_10,4847.251,1,0.006000000000312866,BACKFILL_AUTO
2026-06-19 04:19:04,1781842744,R_10,4847.544,1,0.2929999999996653,BACKFILL_AUTO
2026-06-19 04:19:06,1781842746,R_10,4847.534,-1,0.010000000000218279,BACKFILL_AUTO
2026-06-19 04:19:08,1781842748,R_10,4847.643,1,0.10900000000037835,BACKFILL_AUTO
2026-06-19 04:19:10,1781842750,R_10,4847.695,1,0.05199999999967986,BACKFILL_AUTO
2026-06-19 04:19:12,1781842752,R_10,4847.879,1,0.18400000000019645,BACKFILL_AUTO
2026-06-19 04:19:14,1781842754,R_10,4847.833,-1,0.046000000000276486,BACKFILL_AUTO
2026-06-19 04:19:16,1781842756,R_10,4847.844,1,0.011000000000422006,BACKFILL_AUTO
2026-06-19 04:19:18,1781842758,R_10,4847.903,1,0.05900000000019645,BACKFILL_AUTO
2026-06-19 04:19:20,1781842760,R_10,4847.91,1,0.006999999999607098,BACKFILL_AUTO
2026-06-19 04:19:22,1781842762,R_10,4847.988,1,0.07800000000042928,BACKFILL_AUTO
2026-06-19 04:19:24,1781842764,R_10,4847.759,-1,0.2290000000002692,BACKFILL_AUTO
2026-06-19 04:19:26,1781842766,R_10,4847.723,-1,0.03600000000005821,BACKFILL_AUTO
2026-06-19 04:19:28,1781842768,R_10,4847.852,1,0.1289999999999054,BACKFILL_AUTO
2026-06-19 04:19:30,1781842770,R_10,4847.609,-1,0.2429999999994834,BACKFILL_AUTO
2026-06-19 04:19:32,1781842772,R_10,4847.532,-1,0.07700000000022555,BACKFILL_AUTO
2026-06-19 04:19:34,1781842774,R_10,4847.386,-1,0.1459999999997308,BACKFILL_AUTO
2026-06-19 04:19:36,1781842776,R_10,4847.348,-1,0.03800000000046566,BACKFILL_AUTO
2026-06-19 04:19:38,1781842778,R_10,4847.356,1,0.007999999999810825,BACKFILL_AUTO
2026-06-19 04:19:40,1781842780,R_10,4847.336,-1,0.019999999999527063,BACKFILL_AUTO
2026-06-19 04:19:42,1781842782,R_10,4847.317,-1,0.01900000000023283,BACKFILL_AUTO
2026-06-19 04:19:44,1781842784,R_10,4847.434,1,0.11700000000018917,BACKFILL_AUTO
2026-06-19 04:19:46,1781842786,R_10,4847.404,-1,0.02999999999974534,BACKFILL_AUTO
2026-06-19 04:19:48,1781842788,R_10,4847.475,1,0.07099999999991269,BACKFILL_AUTO
2026-06-19 04:19:50,1781842790,R_10,4847.342,-1,0.13300000000072032,BACKFILL_AUTO
2026-06-19 04:19:52,1781842792,R_10,4847.168,-1,0.17399999999997817,BACKFILL_AUTO
2026-06-19 04:19:54,1781842794,R_10,4847.175,1,0.007000000000516593,BACKFILL_AUTO
2026-06-19 04:19:56,1781842796,R_10,4847.184,1,0.009000000000014552,BACKFILL_AUTO
2026-06-19 04:19:58,1781842798,R_10,4847.284,1,0.0999999999994543,BACKFILL_AUTO
2026-06-19 04:20:00,1781842800,R_10,4847.148,-1,0.1359999999995125,BACKFILL_AUTO
2026-06-19 04:20:02,1781842802,R_10,4847.028,-1,0.11999999999989086,BACKFILL_AUTO
2026-06-19 04:20:04,1781842804,R_10,4847.133,1,0.10499999999956344,BACKFILL_AUTO
2026-06-19 04:20:06,1781842806,R_10,4847.138,1,0.005000000000109139,BACKFILL_AUTO
2026-06-19 04:20:08,1781842808,R_10,4847.185,1,0.04700000000048021,BACKFILL_AUTO
2026-06-19 04:20:10,1781842810,R_10,4847.143,-1,0.042000000000371074,BACKFILL_AUTO
2026-06-19 04:20:12,1781842812,R_10,4847.067,-1,0.07600000000002183,BACKFILL_AUTO
2026-06-19 04:20:14,1781842814,R_10,4847.083,1,0.01599999999962165,BACKFILL_AUTO
2026-06-19 04:20:16,1781842816,R_10,4847.106,1,0.023000000000138243,BACKFILL_AUTO
2026-06-19 04:20:18,1781842818,R_10,4846.943,-1,0.16299999999955617,BACKFILL_AUTO
2026-06-19 04:20:20,1781842820,R_10,4846.881,-1,0.06199999999989814,BACKFILL_AUTO
2026-06-19 04:20:22,1781842822,R_10,4846.766,-1,0.11500000000069122,BACKFILL_AUTO
2026-06-19 04:20:24,1781842824,R_10,4846.596,-1,0.17000000000007276,BACKFILL_AUTO
2026-06-19 04:20:26,1781842826,R_10,4846.715,1,0.11900000000059663,BACKFILL_AUTO
2026-06-19 04:20:28,1781842828,R_10,4846.67,-1,0.04500000000007276,BACKFILL_AUTO
2026-06-19 04:20:30,1781842830,R_10,4846.587,-1,0.08299999999962893,BACKFILL_AUTO
2026-06-19 04:20:32,1781842832,R_10,4846.567,-1,0.020000000000436557,BACKFILL_AUTO
2026-06-19 04:20:34,1781842834,R_10,4846.638,1,0.07099999999991269,BACKFILL_AUTO
2026-06-19 04:20:36,1781842836,R_10,4846.625,-1,0.012999999999919964,BACKFILL_AUTO
2026-06-19 04:20:38,1781842838,R_10,4846.827,1,0.20200000000022555,BACKFILL_AUTO
2026-06-19 04:20:40,1781842840,R_10,4847.146,1,0.31899999999950523,BACKFILL_AUTO
2026-06-19 04:20:42,1781842842,R_10,4847.179,1,0.03300000000035652,BACKFILL_AUTO
2026-06-19 04:20:44,1781842844,R_10,4847.312,1,0.13299999999981083,BACKFILL_AUTO
2026-06-19 04:20:46,1781842846,R_10,4847.384,1,0.07200000000011642,BACKFILL_AUTO
2026-06-19 04:20:48,1781842848,R_10,4847.465,1,0.08100000000013097,BACKFILL_AUTO
2026-06-19 04:20:50,1781842850,R_10,4847.721,1,0.25599999999940337,BACKFILL_AUTO
2026-06-19 04:20:52,1781842852,R_10,4847.825,1,0.10400000000026921,BACKFILL_AUTO
2026-06-19 04:20:54,1781842854,R_10,4848.044,1,0.21900000000005093,BACKFILL_AUTO
2026-06-19 04:20:56,1781842856,R_10,4848.154,1,0.11000000000058208,BACKFILL_AUTO
2026-06-19 04:20:58,1781842858,R_10,4847.968,-1,0.1860000000006039,BACKFILL_AUTO
2026-06-19 04:21:00,1781842860,R_10,4847.843,-1,0.125,BACKFILL_AUTO
2026-06-19 04:21:02,1781842862,R_10,4847.871,1,0.028000000000247383,BACKFILL_AUTO
2026-06-19 04:21:04,1781842864,R_10,4847.912,1,0.04100000000016735,BACKFILL_AUTO
2026-06-19 04:21:06,1781842866,R_10,4847.963,1,0.05099999999947613,BACKFILL_AUTO
2026-06-19 04:21:08,1781842868,R_10,4848.024,1,0.061000000000603904,BACKFILL_AUTO
2026-06-19 04:21:10,1781842870,R_10,4847.884,-1,0.14000000000032742,BACKFILL_AUTO
2026-06-19 04:21:12,1781842872,R_10,4847.822,-1,0.06199999999989814,BACKFILL_AUTO
2026-06-19 04:21:14,1781842874,R_10,4847.764,-1,0.057999999999992724,BACKFILL_AUTO
2026-06-19 04:21:16,1781842876,R_10,4847.743,-1,0.02099999999973079,BACKFILL_AUTO
2026-06-19 04:21:18,1781842878,R_10,4847.822,1,0.07899999999972351,BACKFILL_AUTO
2026-06-19 04:21:20,1781842880,R_10,4847.651,-1,0.1710000000002765,BACKFILL_AUTO
2026-06-19 04:21:22,1781842882,R_10,4847.481,-1,0.17000000000007276,BACKFILL_AUTO
2026-06-19 04:21:24,1781842884,R_10,4847.462,-1,0.018999999999323336,BACKFILL_AUTO
2026-06-19 04:21:26,1781842886,R_10,4847.277,-1,0.18500000000040018,BACKFILL_AUTO
2026-06-19 04:21:28,1781842888,R_10,4847.483,1,0.20600000000013097,BACKFILL_AUTO
2026-06-19 04:21:30,1781842890,R_10,4847.503,1,0.019999999999527063,BACKFILL_AUTO
2026-06-19 04:21:32,1781842892,R_10,4847.587,1,0.08400000000074215,BACKFILL_AUTO
2026-06-19 04:21:34,1781842894,R_10,4847.647,1,0.05999999999949068,BACKFILL_AUTO
2026-06-19 04:21:36,1781842896,R_10,4847.714,1,0.06700000000000728,BACKFILL_AUTO
2026-06-19 04:21:38,1781842898,R_10,4847.932,1,0.2179999999998472,BACKFILL_AUTO
2026-06-19 04:21:40,1781842900,R_10,4847.984,1,0.05200000000058935,BACKFILL_AUTO
2026-06-19 04:21:42,1781842902,R_10,4847.963,-1,0.021000000000640284,BACKFILL_AUTO
2026-06-19 04:21:44,1781842904,R_10,4848.235,1,0.2719999999999345,BACKFILL_AUTO
2026-06-19 04:21:46,1781842906,R_10,4848.17,-1,0.06499999999959982,BACKFILL_AUTO
2026-06-19 04:21:48,1781842908,R_10,4848.29,1,0.11999999999989086,BACKFILL_AUTO
2026-06-19 04:21:50,1781842910,R_10,4848.428,1,0.13799999999991996,BACKFILL_AUTO
2026-06-19 04:21:52,1781842912,R_10,4848.72,1,0.2920000000003711,BACKFILL_AUTO
2026-06-19 04:21:54,1781842914,R_10,4848.437,-1,0.2830000000003565,BACKFILL_AUTO
2026-06-19 04:21:56,1781842916,R_10,4848.411,-1,0.02599999999983993,BACKFILL_AUTO
2026-06-19 04:21:58,1781842918,R_10,4848.297,-1,0.11400000000048749,BACKFILL_AUTO
2026-06-19 04:22:00,1781842920,R_10,4848.169,-1,0.12799999999970169,BACKFILL_AUTO
2026-06-19 04:22:02,1781842922,R_10,4848.254,1,0.08500000000003638,BACKFILL_AUTO
2026-06-19 04:22:04,1781842924,R_10,4848.149,-1,0.10499999999956344,BACKFILL_AUTO
2026-06-19 04:22:06,1781842926,R_10,4848.199,1,0.049999999999272404,BACKFILL_AUTO
2026-06-19 04:22:08,1781842928,R_10,4848.249,1,0.0500000000001819,BACKFILL_AUTO
2026-06-19 04:22:10,1781842930,R_10,4848.282,1,0.03300000000035652,BACKFILL_AUTO
2026-06-19 04:22:12,1781842932,R_10,4848.257,-1,0.025000000000545697,BACKFILL_AUTO
2026-06-19 04:22:14,1781842934,R_10,4848.203,-1,0.05399999999917782,BACKFILL_AUTO
2026-06-19 04:22:16,1781842936,R_10,4848.15,-1,0.05300000000079308,BACKFILL_AUTO
2026-06-19 04:22:18,1781842938,R_10,4848.007,-1,0.1430000000000291,BACKFILL_AUTO
2026-06-19 04:22:20,1781842940,R_10,4848.042,1,0.035000000000763976,BACKFILL_AUTO
2026-06-19 04:22:22,1781842942,R_10,4848.304,1,0.26199999999971624,BACKFILL_AUTO
2026-06-19 04:22:24,1781842944,R_10,4848.37,1,0.06599999999980355,BACKFILL_AUTO
2026-06-19 04:22:26,1781842946,R_10,4848.405,1,0.03499999999985448,BACKFILL_AUTO
2026-06-19 04:22:28,1781842948,R_10,4848.546,1,0.14100000000053114,BACKFILL_AUTO
2026-06-19 04:22:30,1781842950,R_10,4848.532,-1,0.014000000000123691,BACKFILL_AUTO
2026-06-19 04:22:32,1781842952,R_10,4848.458,-1,0.07400000000052387,BACKFILL_AUTO
2026-06-19 04:22:34,1781842954,R_10,4848.406,-1,0.05199999999967986,BACKFILL_AUTO
2026-06-19 04:22:36,1781842956,R_10,4848.537,1,0.13100000000031287,BACKFILL_AUTO
2026-06-19 04:22:38,1781842958,R_10,4848.643,1,0.10599999999976717,BACKFILL_AUTO
2026-06-19 04:22:40,1781842960,R_10,4848.657,1,0.014000000000123691,BACKFILL_AUTO
2026-06-19 04:22:42,1781842962,R_10,4848.535,-1,0.12200000000029831,BACKFILL_AUTO
2026-06-19 04:22:44,1781842964,R_10,4848.499,-1,0.03600000000005821,BACKFILL_AUTO
2026-06-19 04:22:46,1781842966,R_10,4848.457,-1,0.04199999999946158,BACKFILL_AUTO
2026-06-19 04:22:48,1781842968,R_10,4848.332,-1,0.125,BACKFILL_AUTO
2026-06-19 04:22:50,1781842970,R_10,4848.335,1,0.0029999999997016857,BACKFILL_AUTO
2026-06-19 04:22:52,1781842972,R_10,4848.222,-1,0.11300000000028376,BACKFILL_AUTO
2026-06-19 04:22:54,1781842974,R_10,4848.221,-1,0.0010000000002037268,BACKFILL_AUTO
2026-06-19 04:22:56,1781842976,R_10,4848.19,-1,0.03099999999994907,BACKFILL_AUTO
2026-06-19 04:22:58,1781842978,R_10,4848.363,1,0.17300000000068394,BACKFILL_AUTO
2026-06-19 04:23:00,1781842980,R_10,4848.404,1,0.04100000000016735,BACKFILL_AUTO
2026-06-19 04:23:02,1781842982,R_10,4848.329,-1,0.0750000000007276,BACKFILL_AUTO
2026-06-19 04:23:04,1781842984,R_10,4848.209,-1,0.11999999999989086,BACKFILL_AUTO
2026-06-19 04:23:06,1781842986,R_10,4848.005,-1,0.2039999999997235,BACKFILL_AUTO
2026-06-19 04:23:08,1781842988,R_10,4848.154,1,0.14900000000034197,BACKFILL_AUTO
2026-06-19 04:23:10,1781842990,R_10,4848.09,-1,0.06400000000030559,BACKFILL_AUTO
2026-06-19 04:23:12,1781842992,R_10,4847.953,-1,0.13699999999971624,BACKFILL_AUTO
2026-06-19 04:23:14,1781842994,R_10,4848.088,1,0.13499999999930878,BACKFILL_AUTO
2026-06-19 04:23:16,1781842996,R_10,4848.124,1,0.03600000000005821,BACKFILL_AUTO
2026-06-19 04:23:18,1781842998,R_10,4848.026,-1,0.09799999999995634,BACKFILL_AUTO
2026-06-19 04:23:20,1781843000,R_10,4847.992,-1,0.033999999999650754,BACKFILL_AUTO
2026-06-19 04:23:22,1781843002,R_10,4847.772,-1,0.22000000000025466,BACKFILL_AUTO
2026-06-19 04:23:24,1781843004,R_10,4847.962,1,0.19000000000050932,BACKFILL_AUTO
2026-06-19 04:23:26,1781843006,R_10,4848.049,1,0.08699999999953434,BACKFILL_AUTO
2026-06-19 04:23:28,1781843008,R_10,4848.181,1,0.1319999999996071,BACKFILL_AUTO
2026-06-19 04:23:30,1781843010,R_10,4848.062,-1,0.11899999999968713,BACKFILL_AUTO
2026-06-19 04:23:32,1781843012,R_10,4848.179,1,0.11700000000018917,BACKFILL_AUTO
2026-06-19 04:23:34,1781843014,R_10,4848.122,-1,0.056999999999789,BACKFILL_AUTO
2026-06-19 04:23:36,1781843016,R_10,4847.979,-1,0.1430000000000291,BACKFILL_AUTO
2026-06-19 04:23:38,1781843018,R_10,4847.772,-1,0.2070000000003347,BACKFILL_AUTO
2026-06-19 04:23:40,1781843020,R_10,4847.731,-1,0.04100000000016735,BACKFILL_AUTO
2026-06-19 04:23:42,1781843022,R_10,4848.283,1,0.5520000000005894,BACKFILL_AUTO
2026-06-19 04:23:44,1781843024,R_10,4848.256,-1,0.027000000000043656,BACKFILL_AUTO
2026-06-19 04:23:46,1781843026,R_10,4848.264,1,0.007999999999810825,BACKFILL_AUTO
2026-06-19 04:23:48,1781843028,R_10,4848.222,-1,0.042000000000371074,BACKFILL_AUTO
2026-06-19 04:23:50,1781843030,R_10,4848.191,-1,0.03099999999994907,BACKFILL_AUTO
2026-06-19 04:23:52,1781843032,R_10,4848.117,-1,0.07399999999961437,BACKFILL_AUTO
2026-06-19 04:23:54,1781843034,R_10,4848.161,1,0.04399999999986903,BACKFILL_AUTO
2026-06-19 04:23:56,1781843036,R_10,4848.294,1,0.13299999999981083,BACKFILL_AUTO
2026-06-19 04:23:58,1781843038,R_10,4848.177,-1,0.11700000000018917,BACKFILL_AUTO
2026-06-19 04:24:00,1781843040,R_10,4848.049,-1,0.12799999999970169,BACKFILL_AUTO
2026-06-19 04:24:02,1781843042,R_10,4848.238,1,0.1890000000003056,BACKFILL_AUTO
2026-06-19 04:24:04,1781843044,R_10,4848.297,1,0.058999999999286956,BACKFILL_AUTO
2026-06-19 04:24:06,1781843046,R_10,4848.246,-1,0.05099999999947613,BACKFILL_AUTO
2026-06-19 04:24:08,1781843048,R_10,4848.535,1,0.2889999999997599,BACKFILL_AUTO
2026-06-19 04:24:10,1781843050,R_10,4848.386,-1,0.14899999999943248,BACKFILL_AUTO
2026-06-19 04:24:12,1781843052,R_10,4848.46,1,0.07399999999961437,BACKFILL_AUTO
2026-06-19 04:24:14,1781843054,R_10,4848.445,-1,0.015000000000327418,BACKFILL_AUTO
2026-06-19 04:24:16,1781843056,R_10,4848.382,-1,0.06300000000010186,BACKFILL_AUTO
2026-06-19 04:24:18,1781843058,R_10,4848.27,-1,0.11199999999917054,BACKFILL_AUTO
2026-06-19 04:24:20,1781843060,R_10,4848.187,-1,0.08300000000053842,BACKFILL_AUTO
2026-06-19 04:24:22,1781843062,R_10,4848.125,-1,0.06199999999989814,BACKFILL_AUTO
2026-06-19 04:24:24,1781843064,R_10,4848.006,-1,0.11899999999968713,BACKFILL_AUTO
2026-06-19 04:24:26,1781843066,R_10,4847.921,-1,0.08500000000003638,BACKFILL_AUTO
2026-06-19 04:24:28,1781843068,R_10,4847.638,-1,0.2830000000003565,BACKFILL_AUTO
2026-06-19 04:24:30,1781843070,R_10,4847.893,1,0.25500000000010914,BACKFILL_AUTO
2026-06-19 04:24:32,1781843072,R_10,4847.778,-1,0.11499999999978172,BACKFILL_AUTO
2026-06-19 04:24:34,1781843074,R_10,4847.792,1,0.014000000000123691,BACKFILL_AUTO
2026-06-19 04:24:36,1781843076,R_10,4847.692,-1,0.1000000000003638,BACKFILL_AUTO
2026-06-19 04:24:38,1781843078,R_10,4847.698,1,0.006000000000312866,BACKFILL_AUTO
2026-06-19 04:24:40,1781843080,R_10,4847.9,1,0.20199999999931606,BACKFILL_AUTO
2026-06-19 04:24:42,1781843082,R_10,4847.905,1,0.005000000000109139,BACKFILL_AUTO
2026-06-19 04:24:44,1781843084,R_10,4847.883,-1,0.021999999999934516,BACKFILL_AUTO
2026-06-19 04:24:46,1781843086,R_10,4847.804,-1,0.07899999999972351,BACKFILL_AUTO
2026-06-19 04:24:48,1781843088,R_10,4847.684,-1,0.11999999999989086,BACKFILL_AUTO
2026-06-19 04:24:50,1781843090,R_10,4847.753,1,0.06899999999950523,BACKFILL_AUTO
2026-06-19 04:24:52,1781843092,R_10,4847.661,-1,0.09199999999964348,BACKFILL_AUTO
2026-06-19 04:24:54,1781843094,R_10,4847.685,1,0.02400000000034197,BACKFILL_AUTO
2026-06-19 04:24:56,1781843096,R_10,4847.584,-1,0.10100000000056752,BACKFILL_AUTO
2026-06-19 04:24:58,1781843098,R_10,4847.462,-1,0.12199999999938882,BACKFILL_AUTO
2026-06-19 04:25:00,1781843100,R_10,4847.671,1,0.20899999999983265,BACKFILL_AUTO
2026-06-19 04:25:02,1781843102,R_10,4847.706,1,0.03499999999985448,BACKFILL_AUTO
2026-06-19 04:25:04,1781843104,R_10,4847.622,-1,0.08399999999983265,BACKFILL_AUTO
2026-06-19 04:25:06,1781843106,R_10,4847.448,-1,0.17399999999997817,BACKFILL_AUTO
2026-06-19 04:25:08,1781843108,R_10,4847.335,-1,0.11300000000028376,BACKFILL_AUTO
2026-06-19 04:25:10,1781843110,R_10,4847.402,1,0.06700000000000728,BACKFILL_AUTO
2026-06-19 04:25:12,1781843112,R_10,4847.547,1,0.14499999999952706,BACKFILL_AUTO
2026-06-19 04:25:14,1781843114,R_10,4847.454,-1,0.0929999999998472,BACKFILL_AUTO
2026-06-19 04:25:16,1781843116,R_10,4847.407,-1,0.04699999999957072,BACKFILL_AUTO
2026-06-19 04:25:18,1781843118,R_10,4847.509,1,0.10199999999986176,BACKFILL_AUTO
2026-06-19 04:25:20,1781843120,R_10,4847.736,1,0.22699999999986176,BACKFILL_AUTO
2026-06-19 04:25:22,1781843122,R_10,4847.508,-1,0.22800000000006548,BACKFILL_AUTO
2026-06-19 04:25:24,1781843124,R_10,4847.47,-1,0.03799999999955617,BACKFILL_AUTO
2026-06-19 04:25:26,1781843126,R_10,4847.288,-1,0.1820000000006985,BACKFILL_AUTO
2026-06-19 04:25:28,1781843128,R_10,4847.283,-1,0.004999999999199645,BACKFILL_AUTO
2026-06-19 04:25:30,1781843130,R_10,4847.366,1,0.08299999999962893,BACKFILL_AUTO
2026-06-19 04:25:32,1781843132,R_10,4847.406,1,0.03999999999996362,BACKFILL_AUTO
2026-06-19 04:25:34,1781843134,R_10,4847.508,1,0.10199999999986176,BACKFILL_AUTO
2026-06-19 04:25:36,1781843136,R_10,4847.487,-1,0.02099999999973079,BACKFILL_AUTO
2026-06-19 04:25:38,1781843138,R_10,4847.347,-1,0.14000000000032742,BACKFILL_AUTO
2026-06-19 04:25:40,1781843140,R_10,4847.451,1,0.10400000000026921,BACKFILL_AUTO
2026-06-19 04:25:42,1781843142,R_10,4847.255,-1,0.1959999999999127,BACKFILL_AUTO
2026-06-19 04:25:44,1781843144,R_10,4847.034,-1,0.22100000000045839,BACKFILL_AUTO
2026-06-19 04:25:46,1781843146,R_10,4847.04,1,0.006000000000312866,BACKFILL_AUTO
2026-06-19 04:25:48,1781843148,R_10,4847.027,-1,0.012999999999919964,BACKFILL_AUTO
2026-06-19 04:25:50,1781843150,R_10,4847.082,1,0.05500000000029104,BACKFILL_AUTO
2026-06-19 04:25:52,1781843152,R_10,4847.183,1,0.10099999999965803,BACKFILL_AUTO
2026-06-19 04:25:54,1781843154,R_10,4847.151,-1,0.032000000000152795,BACKFILL_AUTO
2026-06-19 04:25:56,1781843156,R_10,4847.223,1,0.07200000000011642,BACKFILL_AUTO
2026-06-19 04:25:58,1781843158,R_10,4847.08,-1,0.1430000000000291,BACKFILL_AUTO
2026-06-19 04:26:00,1781843160,R_10,4847.046,-1,0.033999999999650754,BACKFILL_AUTO
2026-06-19 04:26:02,1781843162,R_10,4847.186,1,0.13999999999941792,BACKFILL_AUTO
2026-06-19 04:26:04,1781843164,R_10,4847.058,-1,0.12799999999970169,BACKFILL_AUTO
2026-06-19 04:26:06,1781843166,R_10,4847.291,1,0.23300000000017462,BACKFILL_AUTO
2026-06-19 04:26:08,1781843168,R_10,4847.167,-1,0.12399999999979627,BACKFILL_AUTO
2026-06-19 04:26:10,1781843170,R_10,4847.19,1,0.02299999999922875,BACKFILL_AUTO
2026-06-19 04:26:12,1781843172,R_10,4847.24,1,0.0500000000001819,BACKFILL_AUTO
2026-06-19 04:26:14,1781843174,R_10,4847.338,1,0.09799999999995634,BACKFILL_AUTO
2026-06-19 04:26:16,1781843176,R_10,4847.329,-1,0.009000000000014552,BACKFILL_AUTO
2026-06-19 04:26:18,1781843178,R_10,4847.26,-1,0.06899999999950523,BACKFILL_AUTO
2026-06-19 04:26:20,1781843180,R_10,4847.36,1,0.0999999999994543,BACKFILL_AUTO
2026-06-19 04:26:22,1781843182,R_10,4847.355,-1,0.005000000000109139,BACKFILL_AUTO
2026-06-19 04:26:24,1781843184,R_10,4847.333,-1,0.021999999999934516,BACKFILL_AUTO
2026-06-19 04:26:26,1781843186,R_10,4847.165,-1,0.1679999999996653,BACKFILL_AUTO
2026-06-19 04:26:28,1781843188,R_10,4847.241,1,0.07600000000002183,BACKFILL_AUTO
2026-06-19 04:26:30,1781843190,R_10,4847.208,-1,0.03300000000035652,BACKFILL_AUTO
2026-06-19 04:26:32,1781843192,R_10,4847.283,1,0.0750000000007276,BACKFILL_AUTO
2026-06-19 04:26:34,1781843194,R_10,4847.294,1,0.01099999999951251,BACKFILL_AUTO
2026-06-19 04:26:36,1781843196,R_10,4847.189,-1,0.10499999999956344,BACKFILL_AUTO
2026-06-19 04:26:38,1781843198,R_10,4847.317,1,0.12799999999970169,BACKFILL_AUTO
2026-06-19 04:26:40,1781843200,R_10,4847.144,-1,0.17299999999977445,BACKFILL_AUTO
2026-06-19 04:26:42,1781843202,R_10,4847.161,1,0.016999999999825377,BACKFILL_AUTO
2026-06-19 04:26:44,1781843204,R_10,4846.998,-1,0.16300000000046566,BACKFILL_AUTO
2026-06-19 04:26:46,1781843206,R_10,4846.892,-1,0.10599999999976717,BACKFILL_AUTO
2026-06-19 04:26:48,1781843208,R_10,4846.842,-1,0.0500000000001819,BACKFILL_AUTO
2026-06-19 04:26:50,1781843210,R_10,4846.781,-1,0.06099999999969441,BACKFILL_AUTO
2026-06-19 04:26:52,1781843212,R_10,4846.418,-1,0.36300000000028376,BACKFILL_AUTO
2026-06-19 04:26:54,1781843214,R_10,4846.434,1,0.016000000000531145,BACKFILL_AUTO
2026-06-19 04:26:56,1781843216,R_10,4846.378,-1,0.056000000000494765,BACKFILL_AUTO
2026-06-19 04:26:58,1781843218,R_10,4846.413,1,0.03499999999985448,BACKFILL_AUTO
2026-06-19 04:27:00,1781843220,R_10,4846.545,1,0.1320000000005166,BACKFILL_AUTO
2026-06-19 04:27:02,1781843222,R_10,4846.626,1,0.08100000000013097,BACKFILL_AUTO
2026-06-19 04:27:04,1781843224,R_10,4846.732,1,0.10599999999976717,BACKFILL_AUTO
2026-06-19 04:27:06,1781843226,R_10,4846.803,1,0.07099999999991269,BACKFILL_AUTO
2026-06-19 04:27:08,1781843228,R_10,4846.892,1,0.08899999999994179,BACKFILL_AUTO
2026-06-19 04:27:10,1781843230,R_10,4846.983,1,0.09100000000034925,BACKFILL_AUTO
2026-06-19 04:27:12,1781843232,R_10,4847.118,1,0.13500000000021828,BACKFILL_AUTO
2026-06-19 04:27:14,1781843234,R_10,4846.972,-1,0.14600000000064028,BACKFILL_AUTO
2026-06-19 04:27:16,1781843236,R_10,4846.803,-1,0.16899999999986903,BACKFILL_AUTO
2026-06-19 04:27:18,1781843238,R_10,4846.943,1,0.14000000000032742,BACKFILL_AUTO
2026-06-19 04:27:20,1781843240,R_10,4846.919,-1,0.02400000000034197,BACKFILL_AUTO
2026-06-19 04:27:22,1781843242,R_10,4846.839,-1,0.07999999999992724,BACKFILL_AUTO
2026-06-19 04:27:24,1781843244,R_10,4846.879,1,0.03999999999996362,BACKFILL_AUTO
2026-06-19 04:27:26,1781843246,R_10,4846.616,-1,0.26299999999991996,BACKFILL_AUTO
2026-06-19 04:27:28,1781843248,R_10,4846.584,-1,0.032000000000152795,BACKFILL_AUTO
2026-06-19 04:27:30,1781843250,R_10,4846.59,1,0.006000000000312866,BACKFILL_AUTO
2026-06-19 04:27:32,1781843252,R_10,4846.485,-1,0.10500000000047294,BACKFILL_AUTO
2026-06-19 04:27:34,1781843254,R_10,4846.457,-1,0.027999999999337888,BACKFILL_AUTO
2026-06-19 04:27:36,1781843256,R_10,4846.686,1,0.22899999999935972,BACKFILL_AUTO
2026-06-19 04:27:38,1781843258,R_10,4846.631,-1,0.054999999999381544,BACKFILL_AUTO
2026-06-19 04:27:40,1781843260,R_10,4846.772,1,0.14099999999962165,BACKFILL_AUTO
2026-06-19 04:27:42,1781843262,R_10,4846.659,-1,0.11300000000028376,BACKFILL_AUTO
2026-06-19 04:27:44,1781843264,R_10,4846.873,1,0.2139999999999418,BACKFILL_AUTO
2026-06-19 04:27:46,1781843266,R_10,4846.752,-1,0.12099999999918509,BACKFILL_AUTO
2026-06-19 04:27:48,1781843268,R_10,4846.745,-1,0.007000000000516593,BACKFILL_AUTO
2026-06-19 04:27:50,1781843270,R_10,4846.688,-1,0.056999999999789,BACKFILL_AUTO
2026-06-19 04:27:52,1781843272,R_10,4846.796,1,0.10800000000017462,BACKFILL_AUTO
2026-06-19 04:27:54,1781843274,R_10,4846.74,-1,0.056000000000494765,BACKFILL_AUTO
2026-06-19 04:27:56,1781843276,R_10,4846.539,-1,0.20100000000002183,BACKFILL_AUTO
2026-06-19 04:27:58,1781843278,R_10,4846.468,-1,0.07099999999991269,BACKFILL_AUTO
2026-06-19 04:28:00,1781843280,R_10,4846.562,1,0.09400000000005093,BACKFILL_AUTO
2026-06-19 04:28:02,1781843282,R_10,4846.751,1,0.1890000000003056,BACKFILL_AUTO
2026-06-19 04:28:04,1781843284,R_10,4846.75,-1,0.0010000000002037268,BACKFILL_AUTO
2026-06-19 04:28:06,1781843286,R_10,4846.787,1,0.037000000000261934,BACKFILL_AUTO
2026-06-19 04:28:08,1781843288,R_10,4846.787,0,0.0,BACKFILL_AUTO
2026-06-19 04:28:10,1781843290,R_10,4846.846,1,0.058999999999286956,BACKFILL_AUTO
2026-06-19 04:28:12,1781843292,R_10,4846.772,-1,0.07399999999961437,BACKFILL_AUTO
2026-06-19 04:28:14,1781843294,R_10,4846.789,1,0.016999999999825377,BACKFILL_AUTO
2026-06-19 04:28:16,1781843296,R_10,4846.79,1,0.0010000000002037268,BACKFILL_AUTO
2026-06-19 04:28:18,1781843298,R_10,4846.773,-1,0.016999999999825377,BACKFILL_AUTO
2026-06-19 04:28:20,1781843300,R_10,4846.74,-1,0.03300000000035652,BACKFILL_AUTO
2026-06-19 04:28:22,1781843302,R_10,4846.799,1,0.05900000000019645,BACKFILL_AUTO
2026-06-19 04:28:24,1781843304,R_10,4846.899,1,0.1000000000003638,BACKFILL_AUTO
2026-06-19 04:28:26,1781843306,R_10,4846.877,-1,0.021999999999934516,BACKFILL_AUTO
2026-06-19 04:28:28,1781843308,R_10,4846.891,1,0.013999999999214197,BACKFILL_AUTO
2026-06-19 04:28:30,1781843310,R_10,4846.795,-1,0.09599999999954889,BACKFILL_AUTO
2026-06-19 04:28:32,1781843312,R_10,4846.617,-1,0.17799999999988358,BACKFILL_AUTO
2026-06-19 04:28:34,1781843314,R_10,4846.636,1,0.01900000000023283,BACKFILL_AUTO
2026-06-19 04:28:36,1781843316,R_10,4846.88,1,0.24399999999968713,BACKFILL_AUTO
2026-06-19 04:28:38,1781843318,R_10,4846.916,1,0.03600000000005821,BACKFILL_AUTO
2026-06-19 04:28:40,1781843320,R_10,4846.986,1,0.06999999999970896,BACKFILL_AUTO
2026-06-19 04:28:42,1781843322,R_10,4847.048,1,0.06199999999989814,BACKFILL_AUTO
2026-06-19 04:28:44,1781843324,R_10,4846.957,-1,0.09099999999943975,BACKFILL_AUTO
2026-06-19 04:28:46,1781843326,R_10,4846.79,-1,0.16700000000037107,BACKFILL_AUTO
2026-06-19 04:28:48,1781843328,R_10,4846.805,1,0.015000000000327418,BACKFILL_AUTO
2026-06-19 04:28:50,1781843330,R_10,4846.888,1,0.08299999999962893,BACKFILL_AUTO
2026-06-19 04:28:52,1781843332,R_10,4846.819,-1,0.06899999999950523,BACKFILL_AUTO
2026-06-19 04:28:54,1781843334,R_10,4846.657,-1,0.16200000000026193,BACKFILL_AUTO
2026-06-19 04:28:56,1781843336,R_10,4846.706,1,0.04899999999997817,BACKFILL_AUTO
2026-06-19 04:28:58,1781843338,R_10,4846.75,1,0.04399999999986903,BACKFILL_AUTO
2026-06-19 04:29:00,1781843340,R_10,4846.769,1,0.01900000000023283,BACKFILL_AUTO
2026-06-19 04:29:02,1781843342,R_10,4846.542,-1,0.22699999999986176,BACKFILL_AUTO
2026-06-19 04:29:04,1781843344,R_10,4846.53,-1,0.012000000000625732,BACKFILL_AUTO
2026-06-19 04:29:06,1781843346,R_10,4846.37,-1,0.15999999999985448,BACKFILL_AUTO
2026-06-19 04:29:08,1781843348,R_10,4846.344,-1,0.02599999999983993,BACKFILL_AUTO
2026-06-19 04:29:10,1781843350,R_10,4846.429,1,0.08500000000003638,BACKFILL_AUTO
2026-06-19 04:29:12,1781843352,R_10,4846.431,1,0.001999999999497959,BACKFILL_AUTO
2026-06-19 04:29:14,1781843354,R_10,4846.579,1,0.14800000000013824,BACKFILL_AUTO
2026-06-19 04:29:16,1781843356,R_10,4846.614,1,0.03499999999985448,BACKFILL_AUTO
2026-06-19 04:29:18,1781843358,R_10,4846.642,1,0.028000000000247383,BACKFILL_AUTO
2026-06-19 04:29:20,1781843360,R_10,4846.614,-1,0.028000000000247383,BACKFILL_AUTO
2026-06-19 04:29:22,1781843362,R_10,4846.834,1,0.22000000000025466,BACKFILL_AUTO
2026-06-19 04:29:24,1781843364,R_10,4846.952,1,0.1180000000003929,BACKFILL_AUTO
2026-06-19 04:29:26,1781843366,R_10,4847.038,1,0.08599999999933061,BACKFILL_AUTO
2026-06-19 04:29:28,1781843368,R_10,4847.224,1,0.1860000000006039,BACKFILL_AUTO
2026-06-19 04:29:30,1781843370,R_10,4847.244,1,0.019999999999527063,BACKFILL_AUTO
2026-06-19 04:29:32,1781843372,R_10,4847.426,1,0.1820000000006985,BACKFILL_AUTO
2026-06-19 04:29:34,1781843374,R_10,4847.423,-1,0.0030000000006111804,BACKFILL_AUTO
2026-06-19 04:29:36,1781843376,R_10,4847.437,1,0.014000000000123691,BACKFILL_AUTO
2026-06-19 04:29:38,1781843378,R_10,4847.564,1,0.12700000000040745,BACKFILL_AUTO
2026-06-19 04:29:40,1781843380,R_10,4847.406,-1,0.15800000000035652,BACKFILL_AUTO
2026-06-19 04:29:42,1781843382,R_10,4847.305,-1,0.10099999999965803,BACKFILL_AUTO
2026-06-19 04:29:44,1781843384,R_10,4847.252,-1,0.052999999999883585,BACKFILL_AUTO
2026-06-19 04:29:46,1781843386,R_10,4847.291,1,0.03899999999975989,BACKFILL_AUTO
2026-06-19 04:29:48,1781843388,R_10,4847.48,1,0.1889999999993961,BACKFILL_AUTO
2026-06-19 04:29:50,1781843390,R_10,4847.684,1,0.204000000000633,BACKFILL_AUTO
2026-06-19 04:29:52,1781843392,R_10,4847.585,-1,0.09900000000016007,BACKFILL_AUTO
2026-06-19 04:29:54,1781843394,R_10,4847.667,1,0.0820000000003347,BACKFILL_AUTO
2026-06-19 04:29:56,1781843396,R_10,4847.534,-1,0.13300000000072032,BACKFILL_AUTO
2026-06-19 04:29:58,1781843398,R_10,4847.627,1,0.0930000000007567,BACKFILL_AUTO
2026-06-19 04:30:00,1781843400,R_10,4847.629,1,0.001999999999497959,BACKFILL_AUTO
2026-06-19 04:30:02,1781843402,R_10,4847.772,1,0.1430000000000291,BACKFILL_AUTO
2026-06-19 04:30:04,1781843404,R_10,4847.92,1,0.14800000000013824,BACKFILL_AUTO
2026-06-19 04:30:06,1781843406,R_10,4847.944,1,0.02400000000034197,BACKFILL_AUTO
2026-06-19 04:30:08,1781843408,R_10,4848.031,1,0.08699999999953434,BACKFILL_AUTO
2026-06-19 04:30:10,1781843410,R_10,4848.091,1,0.06000000000040018,BACKFILL_AUTO
2026-06-19 04:30:12,1781843412,R_10,4847.896,-1,0.19500000000061846,BACKFILL_AUTO
2026-06-19 04:30:14,1781843414,R_10,4848.038,1,0.14199999999982538,BACKFILL_AUTO
2026-06-19 04:30:16,1781843416,R_10,4847.961,-1,0.07699999999931606,BACKFILL_AUTO
2026-06-19 04:30:18,1781843418,R_10,4848.051,1,0.09000000000014552,BACKFILL_AUTO
2026-06-19 04:30:20,1781843420,R_10,4848.115,1,0.0639999999993961,BACKFILL_AUTO
2026-06-19 04:30:22,1781843422,R_10,4848.168,1,0.052999999999883585,BACKFILL_AUTO
2026-06-19 04:30:24,1781843424,R_10,4847.942,-1,0.22599999999965803,BACKFILL_AUTO
2026-06-19 04:30:26,1781843426,R_10,4847.874,-1,0.068000000000211,BACKFILL_AUTO
2026-06-19 04:30:28,1781843428,R_10,4847.836,-1,0.03799999999955617,BACKFILL_AUTO
2026-06-19 04:30:30,1781843430,R_10,4848.016,1,0.17999999999938154,BACKFILL_AUTO
2026-06-19 04:30:32,1781843432,R_10,4847.859,-1,0.1569999999992433,BACKFILL_AUTO
2026-06-19 04:30:34,1781843434,R_10,4847.907,1,0.047999999999774445,BACKFILL_AUTO
2026-06-19 04:30:36,1781843436,R_10,4847.865,-1,0.042000000000371074,BACKFILL_AUTO
2026-06-19 04:30:38,1781843438,R_10,4847.811,-1,0.05400000000008731,BACKFILL_AUTO
2026-06-19 04:30:40,1781843440,R_10,4847.879,1,0.068000000000211,BACKFILL_AUTO
2026-06-19 04:30:42,1781843442,R_10,4847.818,-1,0.06099999999969441,BACKFILL_AUTO
2026-06-19 04:30:44,1781843444,R_10,4847.787,-1,0.03099999999994907,BACKFILL_AUTO
2026-06-19 04:30:46,1781843446,R_10,4847.639,-1,0.14800000000013824,BACKFILL_AUTO
2026-06-19 04:30:48,1781843448,R_10,4847.804,1,0.16499999999996362,BACKFILL_AUTO
2026-06-19 04:30:50,1781843450,R_10,4847.811,1,0.006999999999607098,BACKFILL_AUTO
2026-06-19 04:30:52,1781843452,R_10,4847.723,-1,0.08799999999973807,BACKFILL_AUTO
2026-06-19 04:30:54,1781843454,R_10,4847.744,1,0.02099999999973079,BACKFILL_AUTO
2026-06-19 04:30:56,1781843456,R_10,4847.867,1,0.12300000000050204,BACKFILL_AUTO
2026-06-19 04:30:58,1781843458,R_10,4847.944,1,0.07700000000022555,BACKFILL_AUTO
2026-06-19 04:31:00,1781843460,R_10,4847.896,-1,0.04800000000068394,BACKFILL_AUTO
2026-06-19 04:31:02,1781843462,R_10,4847.986,1,0.09000000000014552,BACKFILL_AUTO
2026-06-19 04:31:04,1781843464,R_10,4848.313,1,0.32700000000022555,BACKFILL_AUTO
2026-06-19 04:31:06,1781843466,R_10,4848.426,1,0.11300000000028376,BACKFILL_AUTO
2026-06-19 04:31:08,1781843468,R_10,4848.634,1,0.20799999999962893,BACKFILL_AUTO
2026-06-19 04:31:10,1781843470,R_10,4848.501,-1,0.13299999999981083,BACKFILL_AUTO
2026-06-19 04:31:12,1781843472,R_10,4848.501,0,0.0,BACKFILL_AUTO
2026-06-19 04:31:14,1781843474,R_10,4848.322,-1,0.1790000000000873,BACKFILL_AUTO
2026-06-19 04:31:16,1781843476,R_10,4848.35,1,0.028000000000247383,BACKFILL_AUTO
2026-06-19 04:31:18,1781843478,R_10,4848.012,-1,0.33800000000064756,BACKFILL_AUTO
2026-06-19 04:31:20,1781843480,R_10,4848.04,1,0.028000000000247383,BACKFILL_AUTO
2026-06-19 04:31:22,1781843482,R_10,4848.23,1,0.18999999999959982,BACKFILL_AUTO
2026-06-19 04:31:24,1781843484,R_10,4848.285,1,0.05500000000029104,BACKFILL_AUTO
2026-06-19 04:31:26,1781843486,R_10,4848.174,-1,0.11099999999987631,BACKFILL_AUTO
2026-06-19 04:31:28,1781843488,R_10,4848.174,0,0.0,BACKFILL_AUTO
2026-06-19 04:31:30,1781843490,R_10,4848.389,1,0.21500000000014552,BACKFILL_AUTO
2026-06-19 04:31:32,1781843492,R_10,4848.309,-1,0.07999999999992724,BACKFILL_AUTO
2026-06-19 04:31:34,1781843494,R_10,4848.169,-1,0.14000000000032742,BACKFILL_AUTO
2026-06-19 04:31:36,1781843496,R_10,4848.19,1,0.02099999999973079,BACKFILL_AUTO
2026-06-19 04:31:38,1781843498,R_10,4847.99,-1,0.1999999999998181,BACKFILL_AUTO
2026-06-19 04:31:40,1781843500,R_10,4847.903,-1,0.08699999999953434,BACKFILL_AUTO
2026-06-19 04:31:42,1781843502,R_10,4848.03,1,0.12699999999949796,BACKFILL_AUTO
2026-06-19 04:31:44,1781843504,R_10,4847.959,-1,0.07099999999991269,BACKFILL_AUTO
2026-06-19 04:31:46,1781843506,R_10,4848.259,1,0.3000000000001819,BACKFILL_AUTO
2026-06-19 04:31:48,1781843508,R_10,4848.153,-1,0.10599999999976717,BACKFILL_AUTO
2026-06-19 04:31:50,1781843510,R_10,4848.007,-1,0.14600000000064028,BACKFILL_AUTO
2026-06-19 04:31:52,1781843512,R_10,4848.233,1,0.22600000000056752,BACKFILL_AUTO
2026-06-19 04:31:54,1781843514,R_10,4848.31,1,0.07700000000022555,BACKFILL_AUTO
2026-06-19 04:31:56,1781843516,R_10,4848.408,1,0.09799999999995634,BACKFILL_AUTO
2026-06-19 04:31:58,1781843518,R_10,4848.313,-1,0.09500000000025466,BACKFILL_AUTO
2026-06-19 04:32:00,1781843520,R_10,4848.303,-1,0.010000000000218279,BACKFILL_AUTO
2026-06-19 04:32:02,1781843522,R_10,4848.426,1,0.12300000000050204,BACKFILL_AUTO
2026-06-19 04:32:04,1781843524,R_10,4848.315,-1,0.1110000000007858,BACKFILL_AUTO
2026-06-19 04:32:06,1781843526,R_10,4848.372,1,0.05700000000069849,BACKFILL_AUTO
2026-06-19 04:32:08,1781843528,R_10,4848.257,-1,0.11500000000069122,BACKFILL_AUTO
2026-06-19 04:32:10,1781843530,R_10,4848.272,1,0.015000000000327418,BACKFILL_AUTO
2026-06-19 04:32:12,1781843532,R_10,4848.233,-1,0.03899999999975989,BACKFILL_AUTO
2026-06-19 04:32:14,1781843534,R_10,4848.254,1,0.02099999999973079,BACKFILL_AUTO
2026-06-19 04:32:16,1781843536,R_10,4848.366,1,0.11200000000008004,BACKFILL_AUTO
2026-06-19 04:32:18,1781843538,R_10,4848.136,-1,0.22999999999956344,BACKFILL_AUTO
2026-06-19 04:32:20,1781843540,R_10,4848.143,1,0.006999999999607098,BACKFILL_AUTO
2026-06-19 04:32:22,1781843542,R_10,4848.215,1,0.07200000000011642,BACKFILL_AUTO
2026-06-19 04:32:24,1781843544,R_10,4848.483,1,0.2680000000000291,BACKFILL_AUTO
2026-06-19 04:32:26,1781843546,R_10,4848.345,-1,0.13799999999991996,BACKFILL_AUTO
2026-06-19 04:32:28,1781843548,R_10,4848.127,-1,0.2179999999998472,BACKFILL_AUTO
2026-06-19 04:32:30,1781843550,R_10,4848.174,1,0.04699999999957072,BACKFILL_AUTO
2026-06-19 04:32:32,1781843552,R_10,4848.204,1,0.02999999999974534,BACKFILL_AUTO
2026-06-19 04:32:34,1781843554,R_10,4848.197,-1,0.006999999999607098,BACKFILL_AUTO
2026-06-19 04:32:36,1781843556,R_10,4848.241,1,0.04399999999986903,BACKFILL_AUTO
2026-06-19 04:32:38,1781843558,R_10,4848.274,1,0.03300000000035652,BACKFILL_AUTO
2026-06-19 04:32:40,1781843560,R_10,4848.287,1,0.012999999999919964,BACKFILL_AUTO
2026-06-19 04:32:42,1781843562,R_10,4848.347,1,0.05999999999949068,BACKFILL_AUTO
2026-06-19 04:32:44,1781843564,R_10,4848.441,1,0.09400000000005093,BACKFILL_AUTO
2026-06-19 04:32:46,1781843566,R_10,4848.453,1,0.012000000000625732,BACKFILL_AUTO
2026-06-19 04:32:48,1781843568,R_10,4848.565,1,0.11199999999917054,BACKFILL_AUTO
2026-06-19 04:32:50,1781843570,R_10,4848.531,-1,0.033999999999650754,BACKFILL_AUTO
2026-06-19 04:32:52,1781843572,R_10,4848.521,-1,0.010000000000218279,BACKFILL_AUTO
2026-06-19 04:32:54,1781843574,R_10,4848.354,-1,0.16699999999946158,BACKFILL_AUTO
2026-06-19 04:32:56,1781843576,R_10,4848.143,-1,0.2110000000002401,BACKFILL_AUTO
2026-06-19 04:32:58,1781843578,R_10,4848.049,-1,0.09400000000005093,BACKFILL_AUTO
2026-06-19 04:33:00,1781843580,R_10,4848.009,-1,0.03999999999996362,BACKFILL_AUTO
2026-06-19 04:33:02,1781843582,R_10,4848.009,0,0.0,BACKFILL_AUTO
2026-06-19 04:33:04,1781843584,R_10,4848.217,1,0.20799999999962893,BACKFILL_AUTO
2026-06-19 04:33:06,1781843586,R_10,4848.088,-1,0.1289999999999054,BACKFILL_AUTO
2026-06-19 04:33:08,1781843588,R_10,4848.137,1,0.04899999999997817,BACKFILL_AUTO
2026-06-19 04:33:10,1781843590,R_10,4848.26,1,0.12300000000050204,BACKFILL_AUTO
2026-06-19 04:33:12,1781843592,R_10,4848.072,-1,0.18800000000010186,BACKFILL_AUTO
2026-06-19 04:33:14,1781843594,R_10,4848.211,1,0.1390000000001237,BACKFILL_AUTO
2026-06-19 04:33:16,1781843596,R_10,4848.054,-1,0.1570000000001528,BACKFILL_AUTO
2026-06-19 04:33:18,1781843598,R_10,4848.076,1,0.021999999999934516,BACKFILL_AUTO
2026-06-19 04:33:20,1781843600,R_10,4848.188,1,0.11200000000008004,BACKFILL_AUTO
2026-06-19 04:33:22,1781843602,R_10,4848.62,1,0.431999999999789,BACKFILL_AUTO
2026-06-19 04:33:24,1781843604,R_10,4848.673,1,0.052999999999883585,BACKFILL_AUTO
2026-06-19 04:33:26,1781843606,R_10,4848.583,-1,0.09000000000014552,BACKFILL_AUTO
2026-06-19 04:33:28,1781843608,R_10,4848.663,1,0.07999999999992724,BACKFILL_AUTO
2026-06-19 04:33:30,1781843610,R_10,4848.737,1,0.07400000000052387,BACKFILL_AUTO
2026-06-19 04:33:32,1781843612,R_10,4848.837,1,0.1000000000003638,BACKFILL_AUTO
2026-06-19 04:33:34,1781843614,R_10,4848.578,-1,0.25900000000001455,BACKFILL_AUTO
2026-06-19 04:33:36,1781843616,R_10,4848.426,-1,0.15200000000004366,BACKFILL_AUTO
2026-06-19 04:33:38,1781843618,R_10,4848.455,1,0.028999999999541615,BACKFILL_AUTO
2026-06-19 04:33:40,1781843620,R_10,4848.502,1,0.04700000000048021,BACKFILL_AUTO
2026-06-19 04:33:42,1781843622,R_10,4848.471,-1,0.031000000000858563,BACKFILL_AUTO
2026-06-19 04:33:44,1781843624,R_10,4848.339,-1,0.1319999999996071,BACKFILL_AUTO
2026-06-19 04:33:46,1781843626,R_10,4848.25,-1,0.08899999999994179,BACKFILL_AUTO
2026-06-19 04:33:48,1781843628,R_10,4848.175,-1,0.0749999999998181,BACKFILL_AUTO
2026-06-19 04:33:50,1781843630,R_10,4848.384,1,0.20899999999983265,BACKFILL_AUTO
2026-06-19 04:33:52,1781843632,R_10,4848.221,-1,0.16300000000046566,BACKFILL_AUTO
2026-06-19 04:33:54,1781843634,R_10,4848.149,-1,0.07199999999920692,BACKFILL_AUTO
2026-06-19 04:33:56,1781843636,R_10,4848.087,-1,0.06199999999989814,BACKFILL_AUTO
2026-06-19 04:33:58,1781843638,R_10,4848.232,1,0.14499999999952706,BACKFILL_AUTO
2026-06-19 04:34:00,1781843640,R_10,4848.248,1,0.01599999999962165,BACKFILL_AUTO
2026-06-19 04:34:02,1781843642,R_10,4848.357,1,0.10900000000037835,BACKFILL_AUTO
2026-06-19 04:34:04,1781843644,R_10,4848.246,-1,0.11099999999987631,BACKFILL_AUTO
2026-06-19 04:34:06,1781843646,R_10,4848.286,1,0.03999999999996362,BACKFILL_AUTO
2026-06-19 04:34:08,1781843648,R_10,4848.22,-1,0.06599999999980355,BACKFILL_AUTO
2026-06-19 04:34:10,1781843650,R_10,4848.177,-1,0.0430000000005748,BACKFILL_AUTO
2026-06-19 04:34:12,1781843652,R_10,4848.233,1,0.056000000000494765,BACKFILL_AUTO
2026-06-19 04:34:14,1781843654,R_10,4848.064,-1,0.16899999999986903,BACKFILL_AUTO
2026-06-19 04:34:16,1781843656,R_10,4848.117,1,0.052999999999883585,BACKFILL_AUTO
2026-06-19 04:34:18,1781843658,R_10,4848.09,-1,0.027000000000043656,BACKFILL_AUTO
2026-06-19 04:34:20,1781843660,R_10,4848.084,-1,0.006000000000312866,BACKFILL_AUTO
2026-06-19 04:34:22,1781843662,R_10,4848.087,1,0.0030000000006111804,BACKFILL_AUTO
2026-06-19 04:34:24,1781843664,R_10,4848.047,-1,0.040000000000873115,BACKFILL_AUTO
2026-06-19 04:34:26,1781843666,R_10,4848.097,1,0.0500000000001819,BACKFILL_AUTO
2026-06-19 04:34:28,1781843668,R_10,4847.948,-1,0.14899999999943248,BACKFILL_AUTO
2026-06-19 04:34:30,1781843670,R_10,4847.987,1,0.03899999999975989,BACKFILL_AUTO
2026-06-19 04:34:32,1781843672,R_10,4847.992,1,0.005000000000109139,BACKFILL_AUTO
2026-06-19 04:34:34,1781843674,R_10,4847.946,-1,0.046000000000276486,BACKFILL_AUTO
2026-06-19 04:34:36,1781843676,R_10,4848.038,1,0.09199999999964348,BACKFILL_AUTO
2026-06-19 04:34:38,1781843678,R_10,4847.842,-1,0.1959999999999127,BACKFILL_AUTO
2026-06-19 04:34:40,1781843680,R_10,4847.9,1,0.057999999999992724,BACKFILL_AUTO
2026-06-19 04:34:42,1781843682,R_10,4847.762,-1,0.13799999999991996,BACKFILL_AUTO
2026-06-19 04:34:44,1781843684,R_10,4847.925,1,0.16300000000046566,BACKFILL_AUTO
2026-06-19 04:34:46,1781843686,R_10,4847.791,-1,0.13400000000001455,BACKFILL_AUTO
2026-06-19 04:34:48,1781843688,R_10,4847.96,1,0.16899999999986903,BACKFILL_AUTO
2026-06-19 04:34:50,1781843690,R_10,4847.705,-1,0.25500000000010914,BACKFILL_AUTO
2026-06-19 04:34:52,1781843692,R_10,4847.858,1,0.15300000000024738,BACKFILL_AUTO
2026-06-19 04:34:54,1781843694,R_10,4847.969,1,0.11099999999987631,BACKFILL_AUTO
2026-06-19 04:34:56,1781843696,R_10,4848.091,1,0.12200000000029831,BACKFILL_AUTO
2026-06-19 04:34:58,1781843698,R_10,4848.096,1,0.004999999999199645,BACKFILL_AUTO
2026-06-19 04:35:00,1781843700,R_10,4848.024,-1,0.07199999999920692,BACKFILL_AUTO
2026-06-19 04:35:02,1781843702,R_10,4848.032,1,0.007999999999810825,BACKFILL_AUTO
2026-06-19 04:35:04,1781843704,R_10,4847.975,-1,0.056999999999789,BACKFILL_AUTO
2026-06-19 04:35:06,1781843706,R_10,4848.054,1,0.07899999999972351,BACKFILL_AUTO
2026-06-19 04:35:08,1781843708,R_10,4848.111,1,0.056999999999789,BACKFILL_AUTO
2026-06-19 04:35:10,1781843710,R_10,4848.011,-1,0.0999999999994543,BACKFILL_AUTO
2026-06-19 04:35:12,1781843712,R_10,4848.161,1,0.1499999999996362,BACKFILL_AUTO
2026-06-19 04:35:14,1781843714,R_10,4848.227,1,0.06599999999980355,BACKFILL_AUTO
2026-06-19 04:35:16,1781843716,R_10,4848.175,-1,0.05199999999967986,BACKFILL_AUTO
2026-06-19 04:35:18,1781843718,R_10,4848.093,-1,0.0820000000003347,BACKFILL_AUTO
2026-06-19 04:35:20,1781843720,R_10,4848.278,1,0.18500000000040018,BACKFILL_AUTO
2026-06-19 04:35:22,1781843722,R_10,4848.132,-1,0.14600000000064028,BACKFILL_AUTO
2026-06-19 04:35:24,1781843724,R_10,4848.112,-1,0.019999999999527063,BACKFILL_AUTO
2026-06-19 04:35:26,1781843726,R_10,4848.299,1,0.18699999999989814,BACKFILL_AUTO
2026-06-19 04:35:28,1781843728,R_10,4848.244,-1,0.05500000000029104,BACKFILL_AUTO
2026-06-19 04:35:30,1781843730,R_10,4848.321,1,0.07700000000022555,BACKFILL_AUTO
2026-06-19 04:35:32,1781843732,R_10,4848.249,-1,0.07200000000011642,BACKFILL_AUTO
2026-06-19 04:35:34,1781843734,R_10,4848.384,1,0.13500000000021828,BACKFILL_AUTO
2026-06-19 04:35:36,1781843736,R_10,4848.337,-1,0.04699999999957072,BACKFILL_AUTO
2026-06-19 04:35:38,1781843738,R_10,4848.374,1,0.03699999999935244,BACKFILL_AUTO
2026-06-19 04:35:40,1781843740,R_10,4848.28,-1,0.09400000000005093,BACKFILL_AUTO
2026-06-19 04:35:42,1781843742,R_10,4848.267,-1,0.012999999999919964,BACKFILL_AUTO
2026-06-19 04:35:44,1781843744,R_10,4848.348,1,0.08100000000013097,BACKFILL_AUTO
2026-06-19 04:35:46,1781843746,R_10,4848.25,-1,0.09799999999995634,BACKFILL_AUTO
2026-06-19 04:35:48,1781843748,R_10,4848.175,-1,0.0749999999998181,BACKFILL_AUTO
2026-06-19 04:35:50,1781843750,R_10,4848.204,1,0.028999999999541615,BACKFILL_AUTO
2026-06-19 04:35:52,1781843752,R_10,4848.042,-1,0.16199999999935244,BACKFILL_AUTO
2026-06-19 04:35:54,1781843754,R_10,4847.865,-1,0.17700000000058935,BACKFILL_AUTO
2026-06-19 04:35:56,1781843756,R_10,4847.567,-1,0.29799999999977445,BACKFILL_AUTO
2026-06-19 04:35:58,1781843758,R_10,4847.439,-1,0.12799999999970169,BACKFILL_AUTO
2026-06-19 04:36:00,1781843760,R_10,4847.579,1,0.13999999999941792,BACKFILL_AUTO
2026-06-19 04:36:02,1781843762,R_10,4847.558,-1,0.02099999999973079,BACKFILL_AUTO
2026-06-19 04:36:04,1781843764,R_10,4847.333,-1,0.2250000000003638,BACKFILL_AUTO
2026-06-19 04:36:06,1781843766,R_10,4847.506,1,0.17300000000068394,BACKFILL_AUTO
2026-06-19 04:36:08,1781843768,R_10,4847.513,1,0.006999999999607098,BACKFILL_AUTO
2026-06-19 04:36:10,1781843770,R_10,4847.364,-1,0.14900000000034197,BACKFILL_AUTO
2026-06-19 04:36:12,1781843772,R_10,4847.48,1,0.11599999999998545,BACKFILL_AUTO
2026-06-19 04:36:14,1781843774,R_10,4847.399,-1,0.08099999999922147,BACKFILL_AUTO
2026-06-19 04:36:16,1781843776,R_10,4847.435,1,0.03600000000005821,BACKFILL_AUTO
2026-06-19 04:36:18,1781843778,R_10,4847.438,1,0.0029999999997016857,BACKFILL_AUTO
2026-06-19 04:36:20,1781843780,R_10,4847.363,-1,0.0749999999998181,BACKFILL_AUTO
2026-06-19 04:36:22,1781843782,R_10,4847.442,1,0.07899999999972351,BACKFILL_AUTO
2026-06-19 04:36:24,1781843784,R_10,4847.267,-1,0.1750000000001819,BACKFILL_AUTO
2026-06-19 04:36:26,1781843786,R_10,4847.18,-1,0.08699999999953434,BACKFILL_AUTO
2026-06-19 04:36:28,1781843788,R_10,4847.006,-1,0.17399999999997817,BACKFILL_AUTO
2026-06-19 04:36:30,1781843790,R_10,4846.852,-1,0.1540000000004511,BACKFILL_AUTO
2026-06-19 04:36:32,1781843792,R_10,4846.923,1,0.07099999999991269,BACKFILL_AUTO
2026-06-19 04:36:34,1781843794,R_10,4847.023,1,0.1000000000003638,BACKFILL_AUTO
2026-06-19 04:36:36,1781843796,R_10,4847.118,1,0.09500000000025466,BACKFILL_AUTO
2026-06-19 04:36:38,1781843798,R_10,4847.295,1,0.17699999999967986,BACKFILL_AUTO
2026-06-19 04:36:40,1781843800,R_10,4847.401,1,0.10599999999976717,BACKFILL_AUTO
2026-06-19 04:36:42,1781843802,R_10,4847.413,1,0.011999999999716238,BACKFILL_AUTO
2026-06-19 04:36:44,1781843804,R_10,4847.496,1,0.08300000000053842,BACKFILL_AUTO
2026-06-19 04:36:46,1781843806,R_10,4847.483,-1,0.012999999999919964,BACKFILL_AUTO
2026-06-19 04:36:48,1781843808,R_10,4847.334,-1,0.14900000000034197,BACKFILL_AUTO
2026-06-19 04:36:50,1781843810,R_10,4847.241,-1,0.0929999999998472,BACKFILL_AUTO
2026-06-19 04:36:52,1781843812,R_10,4847.095,-1,0.1459999999997308,BACKFILL_AUTO
2026-06-19 04:36:54,1781843814,R_10,4847.002,-1,0.0929999999998472,BACKFILL_AUTO
2026-06-19 04:36:56,1781843816,R_10,4846.877,-1,0.125,BACKFILL_AUTO
2026-06-19 04:36:58,1781843818,R_10,4847.14,1,0.26299999999991996,BACKFILL_AUTO
2026-06-19 04:37:00,1781843820,R_10,4847.018,-1,0.12200000000029831,BACKFILL_AUTO
2026-06-19 04:37:02,1781843822,R_10,4846.975,-1,0.042999999999665306,BACKFILL_AUTO
2026-06-19 04:37:04,1781843824,R_10,4846.804,-1,0.1710000000002765,BACKFILL_AUTO
2026-06-19 04:37:06,1781843826,R_10,4846.936,1,0.1319999999996071,BACKFILL_AUTO
2026-06-19 04:37:08,1781843828,R_10,4846.708,-1,0.22800000000006548,BACKFILL_AUTO
2026-06-19 04:37:10,1781843830,R_10,4846.66,-1,0.047999999999774445,BACKFILL_AUTO
2026-06-19 04:37:12,1781843832,R_10,4846.578,-1,0.0819999999994252,BACKFILL_AUTO
2026-06-19 04:37:14,1781843834,R_10,4846.476,-1,0.10200000000077125,BACKFILL_AUTO
2026-06-19 04:37:16,1781843836,R_10,4846.75,1,0.27400000000034197,BACKFILL_AUTO
2026-06-19 04:37:18,1781843838,R_10,4846.639,-1,0.11099999999987631,BACKFILL_AUTO
2026-06-19 04:37:20,1781843840,R_10,4846.471,-1,0.1680000000005748,BACKFILL_AUTO
2026-06-19 04:37:22,1781843842,R_10,4846.267,-1,0.2039999999997235,BACKFILL_AUTO
2026-06-19 04:37:24,1781843844,R_10,4846.193,-1,0.07399999999961437,BACKFILL_AUTO
2026-06-19 04:37:26,1781843846,R_10,4846.101,-1,0.09200000000055297,BACKFILL_AUTO
2026-06-19 04:37:28,1781843848,R_10,4846.187,1,0.0860000000002401,BACKFILL_AUTO
2026-06-19 04:37:30,1781843850,R_10,4846.301,1,0.11400000000048749,BACKFILL_AUTO
2026-06-19 04:37:32,1781843852,R_10,4846.454,1,0.1529999999993379,BACKFILL_AUTO
2026-06-19 04:37:34,1781843854,R_10,4846.364,-1,0.09000000000014552,BACKFILL_AUTO
2026-06-19 04:37:36,1781843856,R_10,4846.237,-1,0.12699999999949796,BACKFILL_AUTO
2026-06-19 04:37:38,1781843858,R_10,4846.322,1,0.08500000000003638,BACKFILL_AUTO
2026-06-19 04:37:40,1781843860,R_10,4846.219,-1,0.10300000000006548,BACKFILL_AUTO
2026-06-19 04:37:42,1781843862,R_10,4846.14,-1,0.07899999999972351,BACKFILL_AUTO
2026-06-19 04:37:44,1781843864,R_10,4846.047,-1,0.0930000000007567,BACKFILL_AUTO
2026-06-19 04:37:46,1781843866,R_10,4846.102,1,0.05500000000029104,BACKFILL_AUTO
2026-06-19 04:37:48,1781843868,R_10,4846.116,1,0.014000000000123691,BACKFILL_AUTO
2026-06-19 04:37:50,1781843870,R_10,4846.157,1,0.04100000000016735,BACKFILL_AUTO
2026-06-19 04:37:52,1781843872,R_10,4846.3,1,0.1430000000000291,BACKFILL_AUTO
2026-06-19 04:37:54,1781843874,R_10,4846.297,-1,0.0030000000006111804,BACKFILL_AUTO
2026-06-19 04:37:56,1781843876,R_10,4846.267,-1,0.02999999999974534,BACKFILL_AUTO
2026-06-19 04:37:58,1781843878,R_10,4846.103,-1,0.1639999999997599,BACKFILL_AUTO
2026-06-19 04:38:00,1781843880,R_10,4846.066,-1,0.037000000000261934,BACKFILL_AUTO
2026-06-19 04:38:02,1781843882,R_10,4846.1,1,0.03400000000056025,BACKFILL_AUTO
2026-06-19 04:38:04,1781843884,R_10,4846.349,1,0.24899999999979627,BACKFILL_AUTO
2026-06-19 04:38:06,1781843886,R_10,4846.401,1,0.05199999999967986,BACKFILL_AUTO
2026-06-19 04:38:08,1781843888,R_10,4846.405,1,0.0039999999999054126,BACKFILL_AUTO
2026-06-19 04:38:10,1781843890,R_10,4846.441,1,0.03600000000005821,BACKFILL_AUTO
2026-06-19 04:38:12,1781843892,R_10,4846.511,1,0.07000000000061846,BACKFILL_AUTO
2026-06-19 04:38:14,1781843894,R_10,4846.372,-1,0.1390000000001237,BACKFILL_AUTO
2026-06-19 04:38:16,1781843896,R_10,4846.581,1,0.20899999999983265,BACKFILL_AUTO
2026-06-19 04:38:18,1781843898,R_10,4846.663,1,0.0819999999994252,BACKFILL_AUTO
2026-06-19 04:38:20,1781843900,R_10,4846.644,-1,0.018999999999323336,BACKFILL_AUTO
2026-06-19 04:38:22,1781843902,R_10,4846.741,1,0.09699999999975262,BACKFILL_AUTO
2026-06-19 04:38:24,1781843904,R_10,4846.757,1,0.01599999999962165,BACKFILL_AUTO
2026-06-19 04:38:26,1781843906,R_10,4846.706,-1,0.05099999999947613,BACKFILL_AUTO
2026-06-19 04:38:28,1781843908,R_10,4846.911,1,0.20499999999992724,BACKFILL_AUTO
2026-06-19 04:38:30,1781843910,R_10,4846.947,1,0.03600000000005821,BACKFILL_AUTO
2026-06-19 04:38:32,1781843912,R_10,4847.024,1,0.07700000000022555,BACKFILL_AUTO
2026-06-19 04:38:34,1781843914,R_10,4847.073,1,0.04899999999997817,BACKFILL_AUTO
2026-06-19 04:38:36,1781843916,R_10,4847.106,1,0.03299999999944703,BACKFILL_AUTO
2026-06-19 04:38:38,1781843918,R_10,4847.259,1,0.15300000000024738,BACKFILL_AUTO
2026-06-19 04:38:40,1781843920,R_10,4847.354,1,0.09500000000025466,BACKFILL_AUTO
2026-06-19 04:38:42,1781843922,R_10,4847.422,1,0.06799999999930151,BACKFILL_AUTO
2026-06-19 04:38:44,1781843924,R_10,4847.421,-1,0.0009999999992942321,BACKFILL_AUTO
2026-06-19 04:38:46,1781843926,R_10,4847.368,-1,0.052999999999883585,BACKFILL_AUTO
2026-06-19 04:38:48,1781843928,R_10,4847.307,-1,0.061000000000603904,BACKFILL_AUTO
2026-06-19 04:38:50,1781843930,R_10,4847.205,-1,0.10199999999986176,BACKFILL_AUTO
2026-06-19 04:38:52,1781843932,R_10,4846.986,-1,0.21900000000005093,BACKFILL_AUTO
2026-06-19 04:38:54,1781843934,R_10,4846.942,-1,0.04399999999986903,BACKFILL_AUTO
2026-06-19 04:38:56,1781843936,R_10,4846.917,-1,0.024999999999636202,BACKFILL_AUTO
2026-06-19 04:38:58,1781843938,R_10,4846.819,-1,0.09799999999995634,BACKFILL_AUTO
2026-06-19 04:39:00,1781843940,R_10,4847.025,1,0.20599999999922147,BACKFILL_AUTO
2026-06-19 04:39:02,1781843942,R_10,4846.967,-1,0.057999999999992724,BACKFILL_AUTO
2026-06-19 04:39:04,1781843944,R_10,4847.01,1,0.0430000000005748,BACKFILL_AUTO
2026-06-19 04:39:06,1781843946,R_10,4847.159,1,0.14899999999943248,BACKFILL_AUTO
2026-06-19 04:39:08,1781843948,R_10,4847.266,1,0.1069999999999709,BACKFILL_AUTO
2026-06-19 04:39:10,1781843950,R_10,4847.308,1,0.042000000000371074,BACKFILL_AUTO
2026-06-19 04:39:12,1781843952,R_10,4847.292,-1,0.01599999999962165,BACKFILL_AUTO
2026-06-19 04:39:14,1781843954,R_10,4847.266,-1,0.026000000000749424,BACKFILL_AUTO
2026-06-19 04:39:16,1781843956,R_10,4847.272,1,0.006000000000312866,BACKFILL_AUTO
2026-06-19 04:39:18,1781843958,R_10,4847.457,1,0.18500000000040018,BACKFILL_AUTO
2026-06-19 04:39:20,1781843960,R_10,4847.403,-1,0.05400000000008731,BACKFILL_AUTO
2026-06-19 04:39:22,1781843962,R_10,4847.589,1,0.1859999999996944,BACKFILL_AUTO
2026-06-19 04:39:24,1781843964,R_10,4847.723,1,0.13400000000001455,BACKFILL_AUTO
2026-06-19 04:39:26,1781843966,R_10,4847.782,1,0.05900000000019645,BACKFILL_AUTO
2026-06-19 04:39:28,1781843968,R_10,4847.609,-1,0.17299999999977445,BACKFILL_AUTO
2026-06-19 04:39:30,1781843970,R_10,4847.536,-1,0.07300000000032014,BACKFILL_AUTO
2026-06-19 04:39:32,1781843972,R_10,4847.461,-1,0.0749999999998181,BACKFILL_AUTO
2026-06-19 04:39:34,1781843974,R_10,4847.57,1,0.10899999999946886,BACKFILL_AUTO
2026-06-19 04:39:36,1781843976,R_10,4847.547,-1,0.023000000000138243,BACKFILL_AUTO
2026-06-19 04:39:38,1781843978,R_10,4847.603,1,0.056000000000494765,BACKFILL_AUTO
2026-06-19 04:39:40,1781843980,R_10,4847.486,-1,0.11700000000018917,BACKFILL_AUTO
2026-06-19 04:39:42,1781843982,R_10,4847.743,1,0.2570000000005166,BACKFILL_AUTO
2026-06-19 04:39:44,1781843984,R_10,4847.704,-1,0.03900000000066939,BACKFILL_AUTO
2026-06-19 04:39:46,1781843986,R_10,4847.545,-1,0.15899999999965075,BACKFILL_AUTO
2026-06-19 04:39:48,1781843988,R_10,4847.434,-1,0.11099999999987631,BACKFILL_AUTO
2026-06-19 04:39:50,1781843990,R_10,4847.334,-1,0.1000000000003638,BACKFILL_AUTO
2026-06-19 04:39:52,1781843992,R_10,4847.382,1,0.047999999999774445,BACKFILL_AUTO
2026-06-19 04:39:54,1781843994,R_10,4847.467,1,0.08500000000003638,BACKFILL_AUTO
2026-06-19 04:39:56,1781843996,R_10,4847.563,1,0.09600000000045839,BACKFILL_AUTO
2026-06-19 04:39:58,1781843998,R_10,4847.501,-1,0.06199999999989814,BACKFILL_AUTO
2026-06-19 04:40:00,1781844000,R_10,4847.273,-1,0.22800000000006548,BACKFILL_AUTO
2026-06-19 04:40:02,1781844002,R_10,4847.14,-1,0.13299999999981083,BACKFILL_AUTO
2026-06-19 04:40:04,1781844004,R_10,4847.193,1,0.052999999999883585,BACKFILL_AUTO
2026-06-19 04:40:06,1781844006,R_10,4847.135,-1,0.057999999999992724,BACKFILL_AUTO
2026-06-19 04:40:08,1781844008,R_10,4847.041,-1,0.09400000000005093,BACKFILL_AUTO
2026-06-19 04:40:10,1781844010,R_10,4847.131,1,0.09000000000014552,BACKFILL_AUTO
2026-06-19 04:40:12,1781844012,R_10,4847.178,1,0.04699999999957072,BACKFILL_AUTO
2026-06-19 04:40:14,1781844014,R_10,4847.216,1,0.03800000000046566,BACKFILL_AUTO
2026-06-19 04:40:16,1781844016,R_10,4847.219,1,0.0029999999997016857,BACKFILL_AUTO
2026-06-19 04:40:18,1781844018,R_10,4847.115,-1,0.10400000000026921,BACKFILL_AUTO
2026-06-19 04:40:20,1781844020,R_10,4847.244,1,0.1289999999999054,BACKFILL_AUTO
2026-06-19 04:40:22,1781844022,R_10,4847.547,1,0.3029999999998836,BACKFILL_AUTO
2026-06-19 04:40:24,1781844024,R_10,4847.546,-1,0.0009999999992942321,BACKFILL_AUTO
2026-06-19 04:40:26,1781844026,R_10,4847.515,-1,0.03099999999994907,BACKFILL_AUTO
2026-06-19 04:40:28,1781844028,R_10,4847.43,-1,0.08500000000003638,BACKFILL_AUTO
2026-06-19 04:40:30,1781844030,R_10,4847.559,1,0.1289999999999054,BACKFILL_AUTO
2026-06-19 04:40:32,1781844032,R_10,4847.544,-1,0.015000000000327418,BACKFILL_AUTO
2026-06-19 04:40:34,1781844034,R_10,4847.478,-1,0.06599999999980355,BACKFILL_AUTO
2026-06-19 04:40:36,1781844036,R_10,4847.486,1,0.007999999999810825,BACKFILL_AUTO
2026-06-19 04:40:38,1781844038,R_10,4847.41,-1,0.07600000000002183,BACKFILL_AUTO
2026-06-19 04:40:40,1781844040,R_10,4847.413,1,0.0029999999997016857,BACKFILL_AUTO
2026-06-19 04:40:42,1781844042,R_10,4847.541,1,0.12800000000061118,BACKFILL_AUTO
2026-06-19 04:40:44,1781844044,R_10,4847.56,1,0.01900000000023283,BACKFILL_AUTO
2026-06-19 04:40:46,1781844046,R_10,4847.478,-1,0.0820000000003347,BACKFILL_AUTO
2026-06-19 04:40:48,1781844048,R_10,4847.517,1,0.03899999999975989,BACKFILL_AUTO
2026-06-19 04:40:50,1781844050,R_10,4847.304,-1,0.21299999999973807,BACKFILL_AUTO
2026-06-19 04:40:52,1781844052,R_10,4847.297,-1,0.007000000000516593,BACKFILL_AUTO
2026-06-19 04:40:54,1781844054,R_10,4847.195,-1,0.10199999999986176,BACKFILL_AUTO
2026-06-19 04:40:56,1781844056,R_10,4847.272,1,0.07700000000022555,BACKFILL_AUTO
2026-06-19 04:40:58,1781844058,R_10,4847.32,1,0.047999999999774445,BACKFILL_AUTO
2026-06-19 04:41:00,1781844060,R_10,4847.545,1,0.2250000000003638,BACKFILL_AUTO
2026-06-19 04:41:02,1781844062,R_10,4847.415,-1,0.13000000000010914,BACKFILL_AUTO
2026-06-19 04:41:04,1781844064,R_10,4847.404,-1,0.01099999999951251,BACKFILL_AUTO
2026-06-19 04:41:06,1781844066,R_10,4847.419,1,0.014999999999417923,BACKFILL_AUTO
2026-06-19 04:41:08,1781844068,R_10,4847.596,1,0.17699999999967986,BACKFILL_AUTO
2026-06-19 04:41:10,1781844070,R_10,4847.753,1,0.1570000000001528,BACKFILL_AUTO
2026-06-19 04:41:12,1781844072,R_10,4847.58,-1,0.17299999999977445,BACKFILL_AUTO
2026-06-19 04:41:14,1781844074,R_10,4847.658,1,0.07800000000042928,BACKFILL_AUTO
2026-06-19 04:41:16,1781844076,R_10,4847.47,-1,0.18800000000010186,BACKFILL_AUTO
2026-06-19 04:41:18,1781844078,R_10,4847.347,-1,0.12300000000050204,BACKFILL_AUTO
2026-06-19 04:41:20,1781844080,R_10,4847.416,1,0.06900000000041473,BACKFILL_AUTO
2026-06-19 04:41:22,1781844082,R_10,4847.483,1,0.06700000000000728,BACKFILL_AUTO
2026-06-19 04:41:24,1781844084,R_10,4847.661,1,0.17799999999988358,BACKFILL_AUTO
2026-06-19 04:41:26,1781844086,R_10,4847.808,1,0.14699999999993452,BACKFILL_AUTO
2026-06-19 04:41:28,1781844088,R_10,4847.886,1,0.07800000000042928,BACKFILL_AUTO
2026-06-19 04:41:30,1781844090,R_10,4847.872,-1,0.014000000000123691,BACKFILL_AUTO
2026-06-19 04:41:32,1781844092,R_10,4847.838,-1,0.03400000000056025,BACKFILL_AUTO
2026-06-19 04:41:34,1781844094,R_10,4847.65,-1,0.18800000000010186,BACKFILL_AUTO
2026-06-19 04:41:36,1781844096,R_10,4847.743,1,0.0930000000007567,BACKFILL_AUTO
2026-06-19 04:41:38,1781844098,R_10,4847.649,-1,0.09400000000005093,BACKFILL_AUTO
2026-06-19 04:41:40,1781844100,R_10,4847.588,-1,0.061000000000603904,BACKFILL_AUTO
2026-06-19 04:41:42,1781844102,R_10,4847.526,-1,0.06199999999989814,BACKFILL_AUTO
2026-06-19 04:41:44,1781844104,R_10,4847.529,1,0.0030000000006111804,BACKFILL_AUTO
2026-06-19 04:41:46,1781844106,R_10,4847.617,1,0.08799999999973807,BACKFILL_AUTO
2026-06-19 04:41:48,1781844108,R_10,4847.658,1,0.04100000000016735,BACKFILL_AUTO
2026-06-19 04:41:50,1781844110,R_10,4847.701,1,0.042999999999665306,BACKFILL_AUTO
2026-06-19 04:41:52,1781844112,R_10,4847.753,1,0.05199999999967986,BACKFILL_AUTO
2026-06-19 04:41:54,1781844114,R_10,4847.783,1,0.030000000000654836,BACKFILL_AUTO
2026-06-19 04:41:56,1781844116,R_10,4847.728,-1,0.05500000000029104,BACKFILL_AUTO
2026-06-19 04:41:58,1781844118,R_10,4847.81,1,0.0820000000003347,BACKFILL_AUTO
2026-06-19 04:42:00,1781844120,R_10,4847.794,-1,0.016000000000531145,BACKFILL_AUTO
2026-06-19 04:42:02,1781844122,R_10,4847.767,-1,0.027000000000043656,BACKFILL_AUTO
2026-06-19 04:42:04,1781844124,R_10,4847.889,1,0.12200000000029831,BACKFILL_AUTO
2026-06-19 04:42:06,1781844126,R_10,4848.026,1,0.13699999999971624,BACKFILL_AUTO
2026-06-19 04:42:08,1781844128,R_10,4848.08,1,0.05400000000008731,BACKFILL_AUTO
2026-06-19 04:42:10,1781844130,R_10,4847.984,-1,0.09599999999954889,BACKFILL_AUTO
2026-06-19 04:42:12,1781844132,R_10,4848.108,1,0.12399999999979627,BACKFILL_AUTO
2026-06-19 04:42:14,1781844134,R_10,4848.084,-1,0.02400000000034197,BACKFILL_AUTO
2026-06-19 04:42:16,1781844136,R_10,4848.086,1,0.0020000000004074536,BACKFILL_AUTO
2026-06-19 04:42:18,1781844138,R_10,4847.965,-1,0.12100000000009459,BACKFILL_AUTO
2026-06-19 04:42:20,1781844140,R_10,4847.932,-1,0.03300000000035652,BACKFILL_AUTO
2026-06-19 04:42:22,1781844142,R_10,4847.752,-1,0.17999999999938154,BACKFILL_AUTO
2026-06-19 04:42:24,1781844144,R_10,4847.792,1,0.03999999999996362,BACKFILL_AUTO
2026-06-19 04:42:26,1781844146,R_10,4847.836,1,0.04399999999986903,BACKFILL_AUTO
2026-06-19 04:42:28,1781844148,R_10,4848.058,1,0.22199999999975262,BACKFILL_AUTO
2026-06-19 04:42:30,1781844150,R_10,4848.225,1,0.16700000000037107,BACKFILL_AUTO
2026-06-19 04:42:32,1781844152,R_10,4848.393,1,0.1679999999996653,BACKFILL_AUTO
2026-06-19 04:42:34,1781844154,R_10,4848.431,1,0.03799999999955617,BACKFILL_AUTO
2026-06-19 04:42:36,1781844156,R_10,4848.348,-1,0.08299999999962893,BACKFILL_AUTO
2026-06-19 04:42:38,1781844158,R_10,4848.166,-1,0.181999999999789,BACKFILL_AUTO
2026-06-19 04:42:40,1781844160,R_10,4848.35,1,0.18400000000019645,BACKFILL_AUTO
2026-06-19 04:42:42,1781844162,R_10,4848.195,-1,0.15500000000065484,BACKFILL_AUTO
2026-06-19 04:42:44,1781844164,R_10,4848.316,1,0.12100000000009459,BACKFILL_AUTO
2026-06-19 04:42:46,1781844166,R_10,4848.161,-1,0.15499999999974534,BACKFILL_AUTO
2026-06-19 04:42:48,1781844168,R_10,4848.128,-1,0.03300000000035652,BACKFILL_AUTO
2026-06-19 04:42:50,1781844170,R_10,4848.296,1,0.1680000000005748,BACKFILL_AUTO
2026-06-19 04:42:52,1781844172,R_10,4848.324,1,0.027999999999337888,BACKFILL_AUTO
2026-06-19 04:42:54,1781844174,R_10,4848.274,-1,0.049999999999272404,BACKFILL_AUTO
2026-06-19 04:42:56,1781844176,R_10,4848.312,1,0.03799999999955617,BACKFILL_AUTO
2026-06-19 04:42:58,1781844178,R_10,4848.308,-1,0.0039999999999054126,BACKFILL_AUTO
2026-06-19 04:43:00,1781844180,R_10,4848.16,-1,0.14800000000013824,BACKFILL_AUTO
2026-06-19 04:43:02,1781844182,R_10,4848.184,1,0.02400000000034197,BACKFILL_AUTO
2026-06-19 04:43:04,1781844184,R_10,4848.23,1,0.04599999999936699,BACKFILL_AUTO
2026-06-19 04:43:06,1781844186,R_10,4848.339,1,0.10900000000037835,BACKFILL_AUTO
2026-06-19 04:43:08,1781844188,R_10,4848.248,-1,0.09100000000034925,BACKFILL_AUTO
2026-06-19 04:43:10,1781844190,R_10,4848.115,-1,0.13299999999981083,BACKFILL_AUTO
2026-06-19 04:43:12,1781844192,R_10,4848.004,-1,0.11099999999987631,BACKFILL_AUTO
2026-06-19 04:43:14,1781844194,R_10,4847.849,-1,0.15499999999974534,BACKFILL_AUTO
2026-06-19 04:43:16,1781844196,R_10,4847.818,-1,0.03099999999994907,BACKFILL_AUTO
2026-06-19 04:43:18,1781844198,R_10,4847.915,1,0.09699999999975262,BACKFILL_AUTO
2026-06-19 04:43:20,1781844200,R_10,4847.946,1,0.03099999999994907,BACKFILL_AUTO
2026-06-19 04:43:22,1781844202,R_10,4847.906,-1,0.03999999999996362,BACKFILL_AUTO
2026-06-19 04:43:24,1781844204,R_10,4847.825,-1,0.08100000000013097,BACKFILL_AUTO
2026-06-19 04:43:26,1781844206,R_10,4847.587,-1,0.23799999999937427,BACKFILL_AUTO
2026-06-19 04:43:28,1781844208,R_10,4847.448,-1,0.1390000000001237,BACKFILL_AUTO
2026-06-19 04:43:30,1781844210,R_10,4847.525,1,0.07699999999931606,BACKFILL_AUTO
2026-06-19 04:43:32,1781844212,R_10,4847.614,1,0.08899999999994179,BACKFILL_AUTO
2026-06-19 04:43:34,1781844214,R_10,4847.486,-1,0.12799999999970169,BACKFILL_AUTO
2026-06-19 04:43:36,1781844216,R_10,4847.645,1,0.15900000000056025,BACKFILL_AUTO
2026-06-19 04:43:38,1781844218,R_10,4847.652,1,0.006999999999607098,BACKFILL_AUTO
2026-06-19 04:43:40,1781844220,R_10,4847.557,-1,0.09500000000025466,BACKFILL_AUTO
2026-06-19 04:43:42,1781844222,R_10,4847.482,-1,0.0749999999998181,BACKFILL_AUTO
2026-06-19 04:43:44,1781844224,R_10,4847.329,-1,0.15300000000024738,BACKFILL_AUTO
2026-06-19 04:43:46,1781844226,R_10,4847.477,1,0.14800000000013824,BACKFILL_AUTO
2026-06-19 04:43:48,1781844228,R_10,4847.564,1,0.08700000000044383,BACKFILL_AUTO
2026-06-19 04:43:50,1781844230,R_10,4847.751,1,0.18699999999989814,BACKFILL_AUTO
2026-06-19 04:43:52,1781844232,R_10,4847.825,1,0.07399999999961437,BACKFILL_AUTO
2026-06-19 04:43:54,1781844234,R_10,4847.75,-1,0.0749999999998181,BACKFILL_AUTO
2026-06-19 04:43:56,1781844236,R_10,4847.711,-1,0.03899999999975989,BACKFILL_AUTO
2026-06-19 04:43:58,1781844238,R_10,4847.65,-1,0.061000000000603904,BACKFILL_AUTO
2026-06-19 04:44:00,1781844240,R_10,4847.556,-1,0.09400000000005093,BACKFILL_AUTO
2026-06-19 04:44:02,1781844242,R_10,4847.759,1,0.20300000000042928,BACKFILL_AUTO
2026-06-19 04:44:04,1781844244,R_10,4847.712,-1,0.04699999999957072,BACKFILL_AUTO
2026-06-19 04:44:06,1781844246,R_10,4847.899,1,0.18699999999989814,BACKFILL_AUTO
2026-06-19 04:44:08,1781844248,R_10,4847.877,-1,0.021999999999934516,BACKFILL_AUTO
2026-06-19 04:44:10,1781844250,R_10,4847.934,1,0.056999999999789,BACKFILL_AUTO
2026-06-19 04:44:12,1781844252,R_10,4847.798,-1,0.136000000000422,BACKFILL_AUTO
2026-06-19 04:44:14,1781844254,R_10,4847.616,-1,0.181999999999789,BACKFILL_AUTO
2026-06-19 04:44:16,1781844256,R_10,4847.661,1,0.04500000000007276,BACKFILL_AUTO
2026-06-19 04:44:18,1781844258,R_10,4847.397,-1,0.2640000000001237,BACKFILL_AUTO
2026-06-19 04:44:20,1781844260,R_10,4847.54,1,0.1430000000000291,BACKFILL_AUTO
2026-06-19 04:44:22,1781844262,R_10,4847.744,1,0.2039999999997235,BACKFILL_AUTO
2026-06-19 04:44:24,1781844264,R_10,4847.647,-1,0.09699999999975262,BACKFILL_AUTO
2026-06-19 04:44:26,1781844266,R_10,4847.825,1,0.17799999999988358,BACKFILL_AUTO
2026-06-19 04:44:28,1781844268,R_10,4847.734,-1,0.09099999999943975,BACKFILL_AUTO
2026-06-19 04:44:30,1781844270,R_10,4847.936,1,0.20199999999931606,BACKFILL_AUTO
2026-06-19 04:44:32,1781844272,R_10,4848.1,1,0.1640000000006694,BACKFILL_AUTO
2026-06-19 04:44:34,1781844274,R_10,4848.056,-1,0.04400000000077853,BACKFILL_AUTO
2026-06-19 04:44:36,1781844276,R_10,4848.013,-1,0.042999999999665306,BACKFILL_AUTO
2026-06-19 04:44:38,1781844278,R_10,4847.775,-1,0.23800000000028376,BACKFILL_AUTO
2026-06-19 04:44:40,1781844280,R_10,4847.726,-1,0.04899999999997817,BACKFILL_AUTO
2026-06-19 04:44:42,1781844282,R_10,4847.671,-1,0.054999999999381544,BACKFILL_AUTO
2026-06-19 04:44:44,1781844284,R_10,4847.546,-1,0.125,BACKFILL_AUTO
2026-06-19 04:44:46,1781844286,R_10,4847.44,-1,0.10600000000067666,BACKFILL_AUTO
2026-06-19 04:44:48,1781844288,R_10,4847.54,1,0.1000000000003638,BACKFILL_AUTO
2026-06-19 04:44:50,1781844290,R_10,4847.521,-1,0.01900000000023283,BACKFILL_AUTO
2026-06-19 04:44:52,1781844292,R_10,4847.679,1,0.15800000000035652,BACKFILL_AUTO
2026-06-19 04:44:54,1781844294,R_10,4847.594,-1,0.08500000000003638,BACKFILL_AUTO
2026-06-19 04:44:56,1781844296,R_10,4847.509,-1,0.08500000000003638,BACKFILL_AUTO
2026-06-19 04:44:58,1781844298,R_10,4847.483,-1,0.02599999999983993,BACKFILL_AUTO
2026-06-19 04:45:00,1781844300,R_10,4847.466,-1,0.016999999999825377,BACKFILL_AUTO
2026-06-19 04:45:02,1781844302,R_10,4847.302,-1,0.1640000000006694,BACKFILL_AUTO
2026-06-19 04:45:04,1781844304,R_10,4847.289,-1,0.012999999999919964,BACKFILL_AUTO
2026-06-19 04:45:06,1781844306,R_10,4847.343,1,0.05400000000008731,BACKFILL_AUTO
2026-06-19 04:45:08,1781844308,R_10,4847.315,-1,0.028000000000247383,BACKFILL_AUTO
2026-06-19 04:45:10,1781844310,R_10,4847.39,1,0.0750000000007276,BACKFILL_AUTO
2026-06-19 04:45:12,1781844312,R_10,4847.253,-1,0.13700000000062573,BACKFILL_AUTO
2026-06-19 04:45:14,1781844314,R_10,4846.908,-1,0.34499999999934516,BACKFILL_AUTO
2026-06-19 04:45:16,1781844316,R_10,4846.927,1,0.018999999999323336,BACKFILL_AUTO
2026-06-19 04:45:18,1781844318,R_10,4846.922,-1,0.005000000000109139,BACKFILL_AUTO
2026-06-19 04:45:20,1781844320,R_10,4846.951,1,0.02900000000045111,BACKFILL_AUTO
2026-06-19 04:45:22,1781844322,R_10,4846.925,-1,0.02599999999983993,BACKFILL_AUTO
2026-06-19 04:45:24,1781844324,R_10,4846.937,1,0.011999999999716238,BACKFILL_AUTO
2026-06-19 04:45:26,1781844326,R_10,4846.782,-1,0.15499999999974534,BACKFILL_AUTO
2026-06-19 04:45:28,1781844328,R_10,4846.715,-1,0.06700000000000728,BACKFILL_AUTO
2026-06-19 04:45:30,1781844330,R_10,4846.624,-1,0.09100000000034925,BACKFILL_AUTO
2026-06-19 04:45:32,1781844332,R_10,4846.576,-1,0.047999999999774445,BACKFILL_AUTO
2026-06-19 04:45:34,1781844334,R_10,4846.569,-1,0.006999999999607098,BACKFILL_AUTO
2026-06-19 04:45:36,1781844336,R_10,4846.561,-1,0.00800000000072032,BACKFILL_AUTO
2026-06-19 04:45:38,1781844338,R_10,4846.659,1,0.09799999999995634,BACKFILL_AUTO
2026-06-19 04:45:40,1781844340,R_10,4846.534,-1,0.125,BACKFILL_AUTO
2026-06-19 04:45:42,1781844342,R_10,4846.574,1,0.03999999999996362,BACKFILL_AUTO
2026-06-19 04:45:44,1781844344,R_10,4846.553,-1,0.02099999999973079,BACKFILL_AUTO
2026-06-19 04:45:46,1781844346,R_10,4846.72,1,0.16700000000037107,BACKFILL_AUTO
2026-06-19 04:45:48,1781844348,R_10,4846.634,-1,0.0860000000002401,BACKFILL_AUTO
2026-06-19 04:45:50,1781844350,R_10,4846.757,1,0.12299999999959255,BACKFILL_AUTO
2026-06-19 04:45:52,1781844352,R_10,4846.582,-1,0.1749999999992724,BACKFILL_AUTO
2026-06-19 04:45:54,1781844354,R_10,4846.813,1,0.23099999999976717,BACKFILL_AUTO
2026-06-19 04:45:56,1781844356,R_10,4846.872,1,0.05900000000019645,BACKFILL_AUTO
2026-06-19 04:45:58,1781844358,R_10,4846.859,-1,0.012999999999919964,BACKFILL_AUTO
2026-06-19 04:46:00,1781844360,R_10,4846.857,-1,0.0020000000004074536,BACKFILL_AUTO
2026-06-19 04:46:02,1781844362,R_10,4846.766,-1,0.09100000000034925,BACKFILL_AUTO
2026-06-19 04:46:04,1781844364,R_10,4846.815,1,0.04899999999997817,BACKFILL_AUTO
2026-06-19 04:46:06,1781844366,R_10,4846.871,1,0.056000000000494765,BACKFILL_AUTO
2026-06-19 04:46:08,1781844368,R_10,4846.728,-1,0.1430000000000291,BACKFILL_AUTO
2026-06-19 04:46:10,1781844370,R_10,4846.821,1,0.0929999999998472,BACKFILL_AUTO
2026-06-19 04:46:12,1781844372,R_10,4846.59,-1,0.23099999999976717,BACKFILL_AUTO
2026-06-19 04:46:14,1781844374,R_10,4846.756,1,0.16600000000016735,BACKFILL_AUTO
2026-06-19 04:46:16,1781844376,R_10,4846.85,1,0.09400000000005093,BACKFILL_AUTO
2026-06-19 04:46:18,1781844378,R_10,4846.824,-1,0.026000000000749424,BACKFILL_AUTO
2026-06-19 04:46:20,1781844380,R_10,4846.918,1,0.09400000000005093,BACKFILL_AUTO
2026-06-19 04:46:22,1781844382,R_10,4846.771,-1,0.14699999999993452,BACKFILL_AUTO
2026-06-19 04:46:24,1781844384,R_10,4846.935,1,0.1640000000006694,BACKFILL_AUTO
2026-06-19 04:46:26,1781844386,R_10,4846.932,-1,0.0030000000006111804,BACKFILL_AUTO
2026-06-19 04:46:28,1781844388,R_10,4846.794,-1,0.13799999999991996,BACKFILL_AUTO
2026-06-19 04:46:30,1781844390,R_10,4846.851,1,0.056999999999789,BACKFILL_AUTO
2026-06-19 04:46:32,1781844392,R_10,4846.885,1,0.03400000000056025,BACKFILL_AUTO
2026-06-19 04:46:34,1781844394,R_10,4846.785,-1,0.1000000000003638,BACKFILL_AUTO
2026-06-19 04:46:36,1781844396,R_10,4846.777,-1,0.007999999999810825,BACKFILL_AUTO
2026-06-19 04:46:38,1781844398,R_10,4846.758,-1,0.01900000000023283,BACKFILL_AUTO
2026-06-19 04:46:40,1781844400,R_10,4846.671,-1,0.08699999999953434,BACKFILL_AUTO
2026-06-19 04:46:42,1781844402,R_10,4846.624,-1,0.04700000000048021,BACKFILL_AUTO
2026-06-19 04:46:44,1781844404,R_10,4846.679,1,0.05500000000029104,BACKFILL_AUTO
2026-06-19 04:46:46,1781844406,R_10,4846.718,1,0.03899999999975989,BACKFILL_AUTO
2026-06-19 04:46:48,1781844408,R_10,4846.733,1,0.015000000000327418,BACKFILL_AUTO
2026-06-19 04:46:50,1781844410,R_10,4846.641,-1,0.09200000000055297,BACKFILL_AUTO
2026-06-19 04:46:52,1781844412,R_10,4846.721,1,0.07999999999992724,BACKFILL_AUTO
2026-06-19 04:46:54,1781844414,R_10,4846.974,1,0.2530000000006112,BACKFILL_AUTO
2026-06-19 04:46:56,1781844416,R_10,4847.029,1,0.05500000000029104,BACKFILL_AUTO
2026-06-19 04:46:58,1781844418,R_10,4847.2,1,0.170999999999367,BACKFILL_AUTO
2026-06-19 04:47:00,1781844420,R_10,4847.21,1,0.010000000000218279,BACKFILL_AUTO
2026-06-19 04:47:02,1781844422,R_10,4847.462,1,0.25200000000040745,BACKFILL_AUTO
2026-06-19 04:47:04,1781844424,R_10,4847.418,-1,0.04400000000077853,BACKFILL_AUTO
2026-06-19 04:47:06,1781844426,R_10,4847.184,-1,0.23399999999946886,BACKFILL_AUTO
2026-06-19 04:47:08,1781844428,R_10,4847.19,1,0.0059999999994033715,BACKFILL_AUTO
2026-06-19 04:47:10,1781844430,R_10,4847.029,-1,0.1609999999991487,BACKFILL_AUTO
2026-06-19 04:47:12,1781844432,R_10,4847.09,1,0.06099999999969441,BACKFILL_AUTO
2026-06-19 04:47:14,1781844434,R_10,4847.171,1,0.08100000000013097,BACKFILL_AUTO
2026-06-19 04:47:16,1781844436,R_10,4847.158,-1,0.012999999999919964,BACKFILL_AUTO
2026-06-19 04:47:18,1781844438,R_10,4847.087,-1,0.07099999999991269,BACKFILL_AUTO
2026-06-19 04:47:20,1781844440,R_10,4847.354,1,0.2669999999998254,BACKFILL_AUTO
2026-06-19 04:47:22,1781844442,R_10,4847.423,1,0.06899999999950523,BACKFILL_AUTO
2026-06-19 04:47:24,1781844444,R_10,4847.326,-1,0.09699999999975262,BACKFILL_AUTO
2026-06-19 04:47:26,1781844446,R_10,4847.313,-1,0.012999999999919964,BACKFILL_AUTO
2026-06-19 04:47:28,1781844448,R_10,4847.221,-1,0.09200000000055297,BACKFILL_AUTO
2026-06-19 04:47:30,1781844450,R_10,4847.35,1,0.1290000000008149,BACKFILL_AUTO
2026-06-19 04:47:32,1781844452,R_10,4847.286,-1,0.06400000000030559,BACKFILL_AUTO
2026-06-19 04:47:34,1781844454,R_10,4847.327,1,0.04100000000016735,BACKFILL_AUTO
2026-06-19 04:47:36,1781844456,R_10,4847.249,-1,0.07800000000042928,BACKFILL_AUTO
2026-06-19 04:47:38,1781844458,R_10,4847.012,-1,0.23700000000008004,BACKFILL_AUTO
2026-06-19 04:47:40,1781844460,R_10,4847.102,1,0.09000000000014552,BACKFILL_AUTO
2026-06-19 04:47:42,1781844462,R_10,4847.06,-1,0.04199999999946158,BACKFILL_AUTO
2026-06-19 04:47:44,1781844464,R_10,4847.157,1,0.09699999999975262,BACKFILL_AUTO
2026-06-19 04:47:46,1781844466,R_10,4847.108,-1,0.04899999999997817,BACKFILL_AUTO
2026-06-19 04:47:48,1781844468,R_10,4847.056,-1,0.05200000000058935,BACKFILL_AUTO
2026-06-19 04:47:50,1781844470,R_10,4847.141,1,0.08500000000003638,BACKFILL_AUTO
2026-06-19 04:47:52,1781844472,R_10,4847.186,1,0.04500000000007276,BACKFILL_AUTO
2026-06-19 04:47:54,1781844474,R_10,4847.043,-1,0.1430000000000291,BACKFILL_AUTO
2026-06-19 04:47:56,1781844476,R_10,4846.952,-1,0.09099999999943975,BACKFILL_AUTO
2026-06-19 04:47:58,1781844478,R_10,4847.088,1,0.1359999999995125,BACKFILL_AUTO
2026-06-19 04:48:00,1781844480,R_10,4847.197,1,0.10900000000037835,BACKFILL_AUTO
2026-06-19 04:48:02,1781844482,R_10,4847.267,1,0.06999999999970896,BACKFILL_AUTO
2026-06-19 04:48:04,1781844484,R_10,4847.342,1,0.0749999999998181,BACKFILL_AUTO
2026-06-19 04:48:06,1781844486,R_10,4847.31,-1,0.0319999999992433,BACKFILL_AUTO
2026-06-19 04:48:08,1781844488,R_10,4847.33,1,0.019999999999527063,BACKFILL_AUTO
2026-06-19 04:48:10,1781844490,R_10,4847.532,1,0.20200000000022555,BACKFILL_AUTO
2026-06-19 04:48:12,1781844492,R_10,4847.704,1,0.17199999999957072,BACKFILL_AUTO
2026-06-19 04:48:14,1781844494,R_10,4847.731,1,0.027000000000043656,BACKFILL_AUTO
2026-06-19 04:48:16,1781844496,R_10,4847.701,-1,0.02999999999974534,BACKFILL_AUTO
2026-06-19 04:48:18,1781844498,R_10,4847.612,-1,0.08899999999994179,BACKFILL_AUTO
2026-06-19 04:48:20,1781844500,R_10,4847.337,-1,0.2749999999996362,BACKFILL_AUTO
2026-06-19 04:48:22,1781844502,R_10,4847.421,1,0.08399999999983265,BACKFILL_AUTO
2026-06-19 04:48:24,1781844504,R_10,4847.376,-1,0.04500000000007276,BACKFILL_AUTO
2026-06-19 04:48:26,1781844506,R_10,4847.205,-1,0.1710000000002765,BACKFILL_AUTO
2026-06-19 04:48:28,1781844508,R_10,4847.366,1,0.1610000000000582,BACKFILL_AUTO
2026-06-19 04:48:30,1781844510,R_10,4847.152,-1,0.2139999999999418,BACKFILL_AUTO
2026-06-19 04:48:32,1781844512,R_10,4847.246,1,0.09400000000005093,BACKFILL_AUTO
2026-06-19 04:48:34,1781844514,R_10,4847.377,1,0.13100000000031287,BACKFILL_AUTO
2026-06-19 04:48:36,1781844516,R_10,4847.612,1,0.23499999999967258,BACKFILL_AUTO
2026-06-19 04:48:38,1781844518,R_10,4847.579,-1,0.03300000000035652,BACKFILL_AUTO
2026-06-19 04:48:40,1781844520,R_10,4847.643,1,0.06400000000030559,BACKFILL_AUTO
2026-06-19 04:48:42,1781844522,R_10,4847.576,-1,0.06700000000000728,BACKFILL_AUTO
2026-06-19 04:48:44,1781844524,R_10,4847.615,1,0.03899999999975989,BACKFILL_AUTO
2026-06-19 04:48:46,1781844526,R_10,4847.792,1,0.17700000000058935,BACKFILL_AUTO
2026-06-19 04:48:48,1781844528,R_10,4847.866,1,0.07399999999961437,BACKFILL_AUTO
2026-06-19 04:48:50,1781844530,R_10,4847.808,-1,0.057999999999992724,BACKFILL_AUTO
2026-06-19 04:48:52,1781844532,R_10,4847.808,0,0.0,BACKFILL_AUTO
2026-06-19 04:48:54,1781844534,R_10,4847.761,-1,0.04699999999957072,BACKFILL_AUTO
2026-06-19 04:48:56,1781844536,R_10,4847.649,-1,0.11200000000008004,BACKFILL_AUTO
2026-06-19 04:48:58,1781844538,R_10,4847.56,-1,0.08899999999994179,BACKFILL_AUTO
2026-06-19 04:49:00,1781844540,R_10,4847.315,-1,0.24500000000080036,BACKFILL_AUTO
2026-06-19 04:49:02,1781844542,R_10,4847.44,1,0.125,BACKFILL_AUTO
2026-06-19 04:49:04,1781844544,R_10,4847.341,-1,0.09899999999925058,BACKFILL_AUTO
2026-06-19 04:49:06,1781844546,R_10,4847.252,-1,0.08899999999994179,BACKFILL_AUTO
2026-06-19 04:49:08,1781844548,R_10,4847.192,-1,0.06000000000040018,BACKFILL_AUTO
2026-06-19 04:49:10,1781844550,R_10,4847.267,1,0.0749999999998181,BACKFILL_AUTO
2026-06-19 04:49:12,1781844552,R_10,4847.231,-1,0.03600000000005821,BACKFILL_AUTO
2026-06-19 04:49:14,1781844554,R_10,4847.151,-1,0.07999999999992724,BACKFILL_AUTO
2026-06-19 04:49:16,1781844556,R_10,4847.268,1,0.11700000000018917,BACKFILL_AUTO
2026-06-19 04:49:18,1781844558,R_10,4847.204,-1,0.06400000000030559,BACKFILL_AUTO
2026-06-19 04:49:20,1781844560,R_10,4847.361,1,0.1570000000001528,BACKFILL_AUTO
2026-06-19 04:49:22,1781844562,R_10,4847.299,-1,0.06199999999989814,BACKFILL_AUTO
2026-06-19 04:49:24,1781844564,R_10,4847.278,-1,0.02099999999973079,BACKFILL_AUTO
2026-06-19 04:49:26,1781844566,R_10,4847.263,-1,0.015000000000327418,BACKFILL_AUTO
2026-06-19 04:49:28,1781844568,R_10,4847.203,-1,0.05999999999949068,BACKFILL_AUTO
2026-06-19 04:49:30,1781844570,R_10,4847.374,1,0.170999999999367,BACKFILL_AUTO
2026-06-19 04:49:32,1781844572,R_10,4847.272,-1,0.10199999999986176,BACKFILL_AUTO
2026-06-19 04:49:34,1781844574,R_10,4847.433,1,0.1610000000000582,BACKFILL_AUTO
2026-06-19 04:49:36,1781844576,R_10,4847.285,-1,0.14800000000013824,BACKFILL_AUTO
2026-06-19 04:49:38,1781844578,R_10,4847.233,-1,0.05199999999967986,BACKFILL_AUTO
2026-06-19 04:49:40,1781844580,R_10,4847.136,-1,0.09699999999975262,BACKFILL_AUTO
2026-06-19 04:49:42,1781844582,R_10,4847.142,1,0.0059999999994033715,BACKFILL_AUTO
2026-06-19 04:49:44,1781844584,R_10,4847.089,-1,0.052999999999883585,BACKFILL_AUTO
2026-06-19 04:49:46,1781844586,R_10,4847.32,1,0.23099999999976717,BACKFILL_AUTO
2026-06-19 04:49:48,1781844588,R_10,4847.39,1,0.07000000000061846,BACKFILL_AUTO
2026-06-19 04:49:50,1781844590,R_10,4847.246,-1,0.14400000000023283,BACKFILL_AUTO
2026-06-19 04:49:52,1781844592,R_10,4847.154,-1,0.09199999999964348,BACKFILL_AUTO
2026-06-19 04:49:54,1781844594,R_10,4847.018,-1,0.136000000000422,BACKFILL_AUTO
2026-06-19 04:49:56,1781844596,R_10,4847.198,1,0.18000000000029104,BACKFILL_AUTO
2026-06-19 04:49:58,1781844598,R_10,4847.181,-1,0.01700000000073487,BACKFILL_AUTO
2026-06-19 04:50:00,1781844600,R_10,4847.252,1,0.07100000000082218,BACKFILL_AUTO
2026-06-19 04:50:02,1781844602,R_10,4847.138,-1,0.11400000000048749,BACKFILL_AUTO
2026-06-19 04:50:04,1781844604,R_10,4847.08,-1,0.057999999999992724,BACKFILL_AUTO
2026-06-19 04:50:06,1781844606,R_10,4847.111,1,0.03099999999994907,BACKFILL_AUTO
2026-06-19 04:50:08,1781844608,R_10,4846.909,-1,0.20200000000022555,BACKFILL_AUTO
2026-06-19 04:50:10,1781844610,R_10,4846.917,1,0.00800000000072032,BACKFILL_AUTO
2026-06-19 04:50:12,1781844612,R_10,4847.006,1,0.08899999999994179,BACKFILL_AUTO
2026-06-19 04:50:14,1781844614,R_10,4847.063,1,0.056999999999789,BACKFILL_AUTO
2026-06-19 04:50:16,1781844616,R_10,4847.296,1,0.23300000000017462,BACKFILL_AUTO
2026-06-19 04:50:18,1781844618,R_10,4847.255,-1,0.04100000000016735,BACKFILL_AUTO
2026-06-19 04:50:20,1781844620,R_10,4847.37,1,0.11499999999978172,BACKFILL_AUTO
2026-06-19 04:50:22,1781844622,R_10,4847.302,-1,0.068000000000211,BACKFILL_AUTO
2026-06-19 04:50:24,1781844624,R_10,4847.286,-1,0.01599999999962165,BACKFILL_AUTO
2026-06-19 04:50:26,1781844626,R_10,4847.451,1,0.16499999999996362,BACKFILL_AUTO
2026-06-19 04:50:28,1781844628,R_10,4847.442,-1,0.009000000000014552,BACKFILL_AUTO
2026-06-19 04:50:30,1781844630,R_10,4847.362,-1,0.07999999999992724,BACKFILL_AUTO
2026-06-19 04:50:32,1781844632,R_10,4847.386,1,0.02400000000034197,BACKFILL_AUTO
2026-06-19 04:50:34,1781844634,R_10,4847.371,-1,0.015000000000327418,BACKFILL_AUTO
2026-06-19 04:50:36,1781844636,R_10,4847.411,1,0.03999999999996362,BACKFILL_AUTO
2026-06-19 04:50:38,1781844638,R_10,4847.684,1,0.27300000000013824,BACKFILL_AUTO
2026-06-19 04:50:40,1781844640,R_10,4847.585,-1,0.09900000000016007,BACKFILL_AUTO
2026-06-19 04:50:42,1781844642,R_10,4847.713,1,0.12799999999970169,BACKFILL_AUTO
2026-06-19 04:50:44,1781844644,R_10,4847.47,-1,0.2429999999994834,BACKFILL_AUTO
2026-06-19 04:50:46,1781844646,R_10,4847.377,-1,0.0929999999998472,BACKFILL_AUTO
2026-06-19 04:50:48,1781844648,R_10,4847.273,-1,0.10400000000026921,BACKFILL_AUTO
2026-06-19 04:50:50,1781844650,R_10,4847.241,-1,0.032000000000152795,BACKFILL_AUTO
2026-06-19 04:50:52,1781844652,R_10,4847.333,1,0.09199999999964348,BACKFILL_AUTO
2026-06-19 04:50:54,1781844654,R_10,4847.449,1,0.11599999999998545,BACKFILL_AUTO
2026-06-19 04:50:56,1781844656,R_10,4847.208,-1,0.24099999999998545,BACKFILL_AUTO
2026-06-19 04:50:58,1781844658,R_10,4847.315,1,0.1069999999999709,BACKFILL_AUTO
2026-06-19 04:51:00,1781844660,R_10,4847.251,-1,0.0639999999993961,BACKFILL_AUTO
2026-06-19 04:51:02,1781844662,R_10,4847.114,-1,0.13700000000062573,BACKFILL_AUTO
2026-06-19 04:51:04,1781844664,R_10,4847.141,1,0.027000000000043656,BACKFILL_AUTO
2026-06-19 04:51:06,1781844666,R_10,4847.165,1,0.02400000000034197,BACKFILL_AUTO
2026-06-19 04:51:08,1781844668,R_10,4847.139,-1,0.02599999999983993,BACKFILL_AUTO
2026-06-19 04:51:10,1781844670,R_10,4847.091,-1,0.047999999999774445,BACKFILL_AUTO
2026-06-19 04:51:12,1781844672,R_10,4847.095,1,0.0039999999999054126,BACKFILL_AUTO
2026-06-19 04:51:14,1781844674,R_10,4847.245,1,0.1499999999996362,BACKFILL_AUTO
2026-06-19 04:51:16,1781844676,R_10,4846.989,-1,0.25600000000031287,BACKFILL_AUTO
2026-06-19 04:51:18,1781844678,R_10,4846.936,-1,0.052999999999883585,BACKFILL_AUTO
2026-06-19 04:51:20,1781844680,R_10,4847.211,1,0.2750000000005457,BACKFILL_AUTO
2026-06-19 04:51:22,1781844682,R_10,4847.436,1,0.2249999999994543,BACKFILL_AUTO
2026-06-19 04:51:24,1781844684,R_10,4847.281,-1,0.15499999999974534,BACKFILL_AUTO
2026-06-19 04:51:26,1781844686,R_10,4847.126,-1,0.15499999999974534,BACKFILL_AUTO
2026-06-19 04:51:28,1781844688,R_10,4847.23,1,0.10399999999935972,BACKFILL_AUTO
2026-06-19 04:51:30,1781844690,R_10,4847.131,-1,0.09899999999925058,BACKFILL_AUTO
2026-06-19 04:51:32,1781844692,R_10,4847.374,1,0.2429999999994834,BACKFILL_AUTO
2026-06-19 04:51:34,1781844694,R_10,4847.305,-1,0.06899999999950523,BACKFILL_AUTO
2026-06-19 04:51:36,1781844696,R_10,4847.332,1,0.027000000000043656,BACKFILL_AUTO
2026-06-19 04:51:38,1781844698,R_10,4847.307,-1,0.025000000000545697,BACKFILL_AUTO
2026-06-19 04:51:40,1781844700,R_10,4847.457,1,0.1500000000005457,BACKFILL_AUTO
2026-06-19 04:51:42,1781844702,R_10,4847.385,-1,0.07200000000011642,BACKFILL_AUTO
2026-06-19 04:51:44,1781844704,R_10,4847.44,1,0.054999999999381544,BACKFILL_AUTO
2026-06-19 04:51:46,1781844706,R_10,4847.367,-1,0.07299999999941065,BACKFILL_AUTO
2026-06-19 04:51:48,1781844708,R_10,4847.347,-1,0.020000000000436557,BACKFILL_AUTO
2026-06-19 04:51:50,1781844710,R_10,4847.49,1,0.1430000000000291,BACKFILL_AUTO
2026-06-19 04:51:52,1781844712,R_10,4847.56,1,0.07000000000061846,BACKFILL_AUTO
2026-06-19 04:51:54,1781844714,R_10,4847.517,-1,0.0430000000005748,BACKFILL_AUTO
2026-06-19 04:51:56,1781844716,R_10,4847.613,1,0.09600000000045839,BACKFILL_AUTO
2026-06-19 04:51:58,1781844718,R_10,4847.643,1,0.02999999999974534,BACKFILL_AUTO
2026-06-19 04:52:00,1781844720,R_10,4847.543,-1,0.1000000000003638,BACKFILL_AUTO
2026-06-19 04:52:02,1781844722,R_10,4847.6,1,0.05700000000069849,BACKFILL_AUTO
2026-06-19 04:52:04,1781844724,R_10,4847.591,-1,0.009000000000014552,BACKFILL_AUTO
2026-06-19 04:52:06,1781844726,R_10,4847.592,1,0.0009999999992942321,BACKFILL_AUTO
2026-06-19 04:52:08,1781844728,R_10,4847.533,-1,0.058999999999286956,BACKFILL_AUTO
2026-06-19 04:52:10,1781844730,R_10,4847.466,-1,0.06700000000000728,BACKFILL_AUTO
2026-06-19 04:52:12,1781844732,R_10,4847.527,1,0.06099999999969441,BACKFILL_AUTO
2026-06-19 04:52:14,1781844734,R_10,4847.405,-1,0.12200000000029831,BACKFILL_AUTO
2026-06-19 04:52:16,1781844736,R_10,4847.489,1,0.08399999999983265,BACKFILL_AUTO
2026-06-19 04:52:18,1781844738,R_10,4847.46,-1,0.028999999999541615,BACKFILL_AUTO
2026-06-19 04:52:20,1781844740,R_10,4847.424,-1,0.03600000000005821,BACKFILL_AUTO
2026-06-19 04:52:22,1781844742,R_10,4847.302,-1,0.12200000000029831,BACKFILL_AUTO
2026-06-19 04:52:24,1781844744,R_10,4847.316,1,0.014000000000123691,BACKFILL_AUTO
2026-06-19 04:52:26,1781844746,R_10,4847.228,-1,0.08799999999973807,BACKFILL_AUTO
2026-06-19 04:52:28,1781844748,R_10,4847.021,-1,0.2070000000003347,BACKFILL_AUTO
2026-06-19 04:52:30,1781844750,R_10,4847.13,1,0.10900000000037835,BACKFILL_AUTO
2026-06-19 04:52:32,1781844752,R_10,4847.125,-1,0.005000000000109139,BACKFILL_AUTO
2026-06-19 04:52:34,1781844754,R_10,4847.096,-1,0.02900000000045111,BACKFILL_AUTO
2026-06-19 04:52:36,1781844756,R_10,4847.226,1,0.13000000000010914,BACKFILL_AUTO
2026-06-19 04:52:38,1781844758,R_10,4847.063,-1,0.16299999999955617,BACKFILL_AUTO
2026-06-19 04:52:40,1781844760,R_10,4846.927,-1,0.136000000000422,BACKFILL_AUTO
2026-06-19 04:52:42,1781844762,R_10,4847.146,1,0.21900000000005093,BACKFILL_AUTO
2026-06-19 04:52:44,1781844764,R_10,4847.31,1,0.1640000000006694,BACKFILL_AUTO
2026-06-19 04:52:46,1781844766,R_10,4847.235,-1,0.0750000000007276,BACKFILL_AUTO
2026-06-19 04:52:48,1781844768,R_10,4847.344,1,0.10900000000037835,BACKFILL_AUTO
2026-06-19 04:52:50,1781844770,R_10,4847.103,-1,0.24099999999998545,BACKFILL_AUTO
2026-06-19 04:52:52,1781844772,R_10,4846.974,-1,0.1289999999999054,BACKFILL_AUTO
2026-06-19 04:52:54,1781844774,R_10,4847.07,1,0.09599999999954889,BACKFILL_AUTO
2026-06-19 04:52:56,1781844776,R_10,4846.846,-1,0.22400000000016007,BACKFILL_AUTO
2026-06-19 04:52:58,1781844778,R_10,4846.589,-1,0.2569999999996071,BACKFILL_AUTO
2026-06-19 04:53:00,1781844780,R_10,4846.704,1,0.11499999999978172,BACKFILL_AUTO
2026-06-19 04:53:02,1781844782,R_10,4846.711,1,0.007000000000516593,BACKFILL_AUTO
2026-06-19 04:53:04,1781844784,R_10,4846.56,-1,0.15099999999983993,BACKFILL_AUTO
2026-06-19 04:53:06,1781844786,R_10,4846.526,-1,0.03400000000056025,BACKFILL_AUTO
2026-06-19 04:53:08,1781844788,R_10,4846.626,1,0.1000000000003638,BACKFILL_AUTO
2026-06-19 04:53:10,1781844790,R_10,4846.653,1,0.027000000000043656,BACKFILL_AUTO
2026-06-19 04:53:12,1781844792,R_10,4846.834,1,0.18099999999958527,BACKFILL_AUTO
2026-06-19 04:53:14,1781844794,R_10,4847.109,1,0.2750000000005457,BACKFILL_AUTO
2026-06-19 04:53:16,1781844796,R_10,4846.98,-1,0.1290000000008149,BACKFILL_AUTO
2026-06-19 04:53:18,1781844798,R_10,4846.981,1,0.0010000000002037268,BACKFILL_AUTO
2026-06-19 04:53:20,1781844800,R_10,4846.879,-1,0.10199999999986176,BACKFILL_AUTO
2026-06-19 04:53:22,1781844802,R_10,4846.708,-1,0.1710000000002765,BACKFILL_AUTO
2026-06-19 04:53:24,1781844804,R_10,4846.7,-1,0.007999999999810825,BACKFILL_AUTO
2026-06-19 04:53:26,1781844806,R_10,4846.589,-1,0.11099999999987631,BACKFILL_AUTO
2026-06-19 04:53:28,1781844808,R_10,4846.707,1,0.1180000000003929,BACKFILL_AUTO
2026-06-19 04:53:30,1781844810,R_10,4846.808,1,0.10099999999965803,BACKFILL_AUTO
2026-06-19 04:53:32,1781844812,R_10,4846.824,1,0.01599999999962165,BACKFILL_AUTO
2026-06-19 04:53:34,1781844814,R_10,4846.84,1,0.016000000000531145,BACKFILL_AUTO
2026-06-19 04:53:36,1781844816,R_10,4846.62,-1,0.22000000000025466,BACKFILL_AUTO
2026-06-19 04:53:38,1781844818,R_10,4846.59,-1,0.02999999999974534,BACKFILL_AUTO
2026-06-19 04:53:40,1781844820,R_10,4846.484,-1,0.10599999999976717,BACKFILL_AUTO
2026-06-19 04:53:42,1781844822,R_10,4846.429,-1,0.05500000000029104,BACKFILL_AUTO
2026-06-19 04:53:44,1781844824,R_10,4846.358,-1,0.07099999999991269,BACKFILL_AUTO
2026-06-19 04:53:46,1781844826,R_10,4846.732,1,0.3739999999997963,BACKFILL_AUTO
2026-06-19 04:53:48,1781844828,R_10,4846.823,1,0.09100000000034925,BACKFILL_AUTO
2026-06-19 04:53:50,1781844830,R_10,4846.729,-1,0.09400000000005093,BACKFILL_AUTO
2026-06-19 04:53:52,1781844832,R_10,4846.941,1,0.21199999999953434,BACKFILL_AUTO
2026-06-19 04:53:54,1781844834,R_10,4847.015,1,0.07400000000052387,BACKFILL_AUTO
2026-06-19 04:53:56,1781844836,R_10,4847.237,1,0.22199999999975262,BACKFILL_AUTO
2026-06-19 04:53:58,1781844838,R_10,4847.147,-1,0.09000000000014552,BACKFILL_AUTO
2026-06-19 04:54:00,1781844840,R_10,4847.194,1,0.04700000000048021,BACKFILL_AUTO
2026-06-19 04:54:02,1781844842,R_10,4847.195,1,0.0009999999992942321,BACKFILL_AUTO
2026-06-19 04:54:04,1781844844,R_10,4847.038,-1,0.1570000000001528,BACKFILL_AUTO
2026-06-19 04:54:06,1781844846,R_10,4846.938,-1,0.0999999999994543,BACKFILL_AUTO
2026-06-19 04:54:08,1781844848,R_10,4847.001,1,0.06300000000010186,BACKFILL_AUTO
2026-06-19 04:54:10,1781844850,R_10,4846.909,-1,0.09200000000055297,BACKFILL_AUTO
2026-06-19 04:54:12,1781844852,R_10,4846.706,-1,0.2029999999995198,BACKFILL_AUTO
2026-06-19 04:54:14,1781844854,R_10,4846.846,1,0.13999999999941792,BACKFILL_AUTO
2026-06-19 04:54:16,1781844856,R_10,4846.833,-1,0.012999999999919964,BACKFILL_AUTO
2026-06-19 04:54:18,1781844858,R_10,4846.829,-1,0.0039999999999054126,BACKFILL_AUTO
2026-06-19 04:54:20,1781844860,R_10,4846.771,-1,0.057999999999992724,BACKFILL_AUTO
2026-06-19 04:54:22,1781844862,R_10,4846.694,-1,0.07699999999931606,BACKFILL_AUTO
2026-06-19 04:54:24,1781844864,R_10,4846.58,-1,0.11400000000048749,BACKFILL_AUTO
2026-06-19 04:54:26,1781844866,R_10,4846.5,-1,0.07999999999992724,BACKFILL_AUTO
2026-06-19 04:54:28,1781844868,R_10,4846.512,1,0.011999999999716238,BACKFILL_AUTO
2026-06-19 04:54:30,1781844870,R_10,4846.598,1,0.0860000000002401,BACKFILL_AUTO
2026-06-19 04:54:32,1781844872,R_10,4846.533,-1,0.06499999999959982,BACKFILL_AUTO
2026-06-19 04:54:34,1781844874,R_10,4846.676,1,0.1430000000000291,BACKFILL_AUTO
2026-06-19 04:54:36,1781844876,R_10,4846.897,1,0.2209999999995489,BACKFILL_AUTO
2026-06-19 04:54:38,1781844878,R_10,4846.925,1,0.028000000000247383,BACKFILL_AUTO
2026-06-19 04:54:40,1781844880,R_10,4846.75,-1,0.1750000000001819,BACKFILL_AUTO
2026-06-19 04:54:42,1781844882,R_10,4846.646,-1,0.10400000000026921,BACKFILL_AUTO
2026-06-19 04:54:44,1781844884,R_10,4846.664,1,0.018000000000029104,BACKFILL_AUTO
2026-06-19 04:54:46,1781844886,R_10,4846.587,-1,0.07699999999931606,BACKFILL_AUTO
2026-06-19 04:54:48,1781844888,R_10,4846.423,-1,0.1640000000006694,BACKFILL_AUTO
2026-06-19 04:54:50,1781844890,R_10,4846.404,-1,0.018999999999323336,BACKFILL_AUTO
2026-06-19 04:54:52,1781844892,R_10,4846.369,-1,0.035000000000763976,BACKFILL_AUTO
2026-06-19 04:54:54,1781844894,R_10,4846.466,1,0.09700000000066211,BACKFILL_AUTO
2026-06-19 04:54:56,1781844896,R_10,4846.399,-1,0.06700000000000728,BACKFILL_AUTO
2026-06-19 04:54:58,1781844898,R_10,4846.559,1,0.15999999999985448,BACKFILL_AUTO
2026-06-19 04:55:00,1781844900,R_10,4846.392,-1,0.16700000000037107,BACKFILL_AUTO
2026-06-19 04:55:02,1781844902,R_10,4846.457,1,0.06500000000050932,BACKFILL_AUTO
2026-06-19 04:55:04,1781844904,R_10,4846.526,1,0.06899999999950523,BACKFILL_AUTO
2026-06-19 04:55:06,1781844906,R_10,4846.593,1,0.06700000000000728,BACKFILL_AUTO
2026-06-19 04:55:08,1781844908,R_10,4846.521,-1,0.07200000000011642,BACKFILL_AUTO
2026-06-19 04:55:10,1781844910,R_10,4846.738,1,0.21700000000055297,BACKFILL_AUTO
2026-06-19 04:55:12,1781844912,R_10,4846.74,1,0.001999999999497959,BACKFILL_AUTO
2026-06-19 04:55:14,1781844914,R_10,4846.661,-1,0.07899999999972351,BACKFILL_AUTO
2026-06-19 04:55:16,1781844916,R_10,4846.796,1,0.13500000000021828,BACKFILL_AUTO
2026-06-19 04:55:18,1781844918,R_10,4846.641,-1,0.15500000000065484,BACKFILL_AUTO
2026-06-19 04:55:20,1781844920,R_10,4846.666,1,0.025000000000545697,BACKFILL_AUTO
2026-06-19 04:55:22,1781844922,R_10,4846.748,1,0.0819999999994252,BACKFILL_AUTO
2026-06-19 04:55:24,1781844924,R_10,4846.756,1,0.00800000000072032,BACKFILL_AUTO
2026-06-19 04:55:26,1781844926,R_10,4846.684,-1,0.07200000000011642,BACKFILL_AUTO
2026-06-19 04:55:28,1781844928,R_10,4846.842,1,0.15799999999944703,BACKFILL_AUTO
2026-06-19 04:55:30,1781844930,R_10,4846.862,1,0.020000000000436557,BACKFILL_AUTO
2026-06-19 04:55:32,1781844932,R_10,4846.671,-1,0.19099999999980355,BACKFILL_AUTO
2026-06-19 04:55:34,1781844934,R_10,4847.001,1,0.32999999999992724,BACKFILL_AUTO
2026-06-19 04:55:36,1781844936,R_10,4846.939,-1,0.06199999999989814,BACKFILL_AUTO
2026-06-19 04:55:38,1781844938,R_10,4846.916,-1,0.023000000000138243,BACKFILL_AUTO
2026-06-19 04:55:40,1781844940,R_10,4846.883,-1,0.03300000000035652,BACKFILL_AUTO
2026-06-19 04:55:42,1781844942,R_10,4846.897,1,0.014000000000123691,BACKFILL_AUTO
2026-06-19 04:55:44,1781844944,R_10,4846.772,-1,0.125,BACKFILL_AUTO
2026-06-19 04:55:46,1781844946,R_10,4846.715,-1,0.056999999999789,BACKFILL_AUTO
2026-06-19 04:55:48,1781844948,R_10,4846.699,-1,0.016000000000531145,BACKFILL_AUTO
2026-06-19 04:55:50,1781844950,R_10,4846.582,-1,0.11699999999927968,BACKFILL_AUTO
2026-06-19 04:55:52,1781844952,R_10,4846.551,-1,0.03099999999994907,BACKFILL_AUTO
2026-06-19 04:55:54,1781844954,R_10,4846.397,-1,0.1540000000004511,BACKFILL_AUTO
2026-06-19 04:55:56,1781844956,R_10,4846.323,-1,0.07399999999961437,BACKFILL_AUTO
2026-06-19 04:55:58,1781844958,R_10,4846.374,1,0.05099999999947613,BACKFILL_AUTO
2026-06-19 04:56:00,1781844960,R_10,4846.43,1,0.056000000000494765,BACKFILL_AUTO
2026-06-19 04:56:02,1781844962,R_10,4846.383,-1,0.04700000000048021,BACKFILL_AUTO
2026-06-19 04:56:04,1781844964,R_10,4846.331,-1,0.05199999999967986,BACKFILL_AUTO
2026-06-19 04:56:06,1781844966,R_10,4846.465,1,0.13400000000001455,BACKFILL_AUTO
2026-06-19 04:56:08,1781844968,R_10,4846.504,1,0.03899999999975989,BACKFILL_AUTO
2026-06-19 04:56:10,1781844970,R_10,4846.602,1,0.09799999999995634,BACKFILL_AUTO
2026-06-19 04:56:12,1781844972,R_10,4846.593,-1,0.009000000000014552,BACKFILL_AUTO
2026-06-19 04:56:14,1781844974,R_10,4846.51,-1,0.08299999999962893,BACKFILL_AUTO
2026-06-19 04:56:16,1781844976,R_10,4846.7,1,0.18999999999959982,BACKFILL_AUTO
2026-06-19 04:56:18,1781844978,R_10,4846.725,1,0.025000000000545697,BACKFILL_AUTO
2026-06-19 04:56:20,1781844980,R_10,4846.692,-1,0.03300000000035652,BACKFILL_AUTO
2026-06-19 04:56:22,1781844982,R_10,4846.666,-1,0.02599999999983993,BACKFILL_AUTO
2026-06-19 04:56:24,1781844984,R_10,4846.717,1,0.05099999999947613,BACKFILL_AUTO
2026-06-19 04:56:26,1781844986,R_10,4846.581,-1,0.1359999999995125,BACKFILL_AUTO
2026-06-19 04:56:28,1781844988,R_10,4846.457,-1,0.12399999999979627,BACKFILL_AUTO
2026-06-19 04:56:30,1781844990,R_10,4846.382,-1,0.0750000000007276,BACKFILL_AUTO
2026-06-19 04:56:32,1781844992,R_10,4846.475,1,0.0930000000007567,BACKFILL_AUTO
2026-06-19 04:56:34,1781844994,R_10,4846.615,1,0.13999999999941792,BACKFILL_AUTO
2026-06-19 04:56:36,1781844996,R_10,4846.453,-1,0.16199999999935244,BACKFILL_AUTO
2026-06-19 04:56:38,1781844998,R_10,4846.532,1,0.07899999999972351,BACKFILL_AUTO
2026-06-19 04:56:40,1781845000,R_10,4846.668,1,0.1359999999995125,BACKFILL_AUTO
2026-06-19 04:56:42,1781845002,R_10,4846.749,1,0.08100000000013097,BACKFILL_AUTO
2026-06-19 04:56:44,1781845004,R_10,4846.792,1,0.0430000000005748,BACKFILL_AUTO
2026-06-19 04:56:46,1781845006,R_10,4846.842,1,0.049999999999272404,BACKFILL_AUTO
2026-06-19 04:56:48,1781845008,R_10,4847.024,1,0.1820000000006985,BACKFILL_AUTO
2026-06-19 04:56:50,1781845010,R_10,4847.103,1,0.07899999999972351,BACKFILL_AUTO
2026-06-19 04:56:52,1781845012,R_10,4847.275,1,0.17199999999957072,BACKFILL_AUTO
2026-06-19 04:56:54,1781845014,R_10,4847.141,-1,0.13400000000001455,BACKFILL_AUTO
2026-06-19 04:56:56,1781845016,R_10,4847.291,1,0.1500000000005457,BACKFILL_AUTO
2026-06-19 04:56:58,1781845018,R_10,4847.37,1,0.07899999999972351,BACKFILL_AUTO
2026-06-19 04:57:00,1781845020,R_10,4847.38,1,0.010000000000218279,BACKFILL_AUTO
2026-06-19 04:57:02,1781845022,R_10,4847.41,1,0.02999999999974534,BACKFILL_AUTO
2026-06-19 04:57:04,1781845024,R_10,4847.627,1,0.21700000000055297,BACKFILL_AUTO
2026-06-19 04:57:06,1781845026,R_10,4847.514,-1,0.11300000000028376,BACKFILL_AUTO
2026-06-19 04:57:08,1781845028,R_10,4847.54,1,0.02599999999983993,BACKFILL_AUTO
2026-06-19 04:57:10,1781845030,R_10,4847.619,1,0.07899999999972351,BACKFILL_AUTO
2026-06-19 04:57:12,1781845032,R_10,4847.639,1,0.020000000000436557,BACKFILL_AUTO
2026-06-19 04:57:14,1781845034,R_10,4847.427,-1,0.21200000000044383,BACKFILL_AUTO
2026-06-19 04:57:16,1781845036,R_10,4847.305,-1,0.12199999999938882,BACKFILL_AUTO
2026-06-19 04:57:18,1781845038,R_10,4847.342,1,0.03699999999935244,BACKFILL_AUTO
2026-06-19 04:57:20,1781845040,R_10,4847.184,-1,0.15799999999944703,BACKFILL_AUTO
2026-06-19 04:57:22,1781845042,R_10,4847.257,1,0.07299999999941065,BACKFILL_AUTO
2026-06-19 04:57:24,1781845044,R_10,4847.269,1,0.012000000000625732,BACKFILL_AUTO
2026-06-19 04:57:26,1781845046,R_10,4847.196,-1,0.07300000000032014,BACKFILL_AUTO
2026-06-19 04:57:28,1781845048,R_10,4847.189,-1,0.006999999999607098,BACKFILL_AUTO
2026-06-19 04:57:30,1781845050,R_10,4847.215,1,0.02599999999983993,BACKFILL_AUTO
2026-06-19 04:57:32,1781845052,R_10,4847.304,1,0.08899999999994179,BACKFILL_AUTO
2026-06-19 04:57:34,1781845054,R_10,4847.38,1,0.07600000000002183,BACKFILL_AUTO
2026-06-19 04:57:36,1781845056,R_10,4847.405,1,0.024999999999636202,BACKFILL_AUTO
2026-06-19 04:57:38,1781845058,R_10,4847.503,1,0.09799999999995634,BACKFILL_AUTO
2026-06-19 04:57:40,1781845060,R_10,4847.532,1,0.02900000000045111,BACKFILL_AUTO
2026-06-19 04:57:42,1781845062,R_10,4847.587,1,0.05500000000029104,BACKFILL_AUTO
2026-06-19 04:57:44,1781845064,R_10,4847.619,1,0.0319999999992433,BACKFILL_AUTO
2026-06-19 04:57:46,1781845066,R_10,4847.558,-1,0.06099999999969441,BACKFILL_AUTO
2026-06-19 04:57:48,1781845068,R_10,4847.405,-1,0.15300000000024738,BACKFILL_AUTO
2026-06-19 04:57:50,1781845070,R_10,4847.354,-1,0.05099999999947613,BACKFILL_AUTO
2026-06-19 04:57:52,1781845072,R_10,4847.141,-1,0.21300000000064756,BACKFILL_AUTO
2026-06-19 04:57:54,1781845074,R_10,4847.088,-1,0.052999999999883585,BACKFILL_AUTO
2026-06-19 04:57:56,1781845076,R_10,4847.186,1,0.09799999999995634,BACKFILL_AUTO
2026-06-19 04:57:58,1781845078,R_10,4847.31,1,0.12400000000070577,BACKFILL_AUTO
2026-06-19 04:58:00,1781845080,R_10,4847.43,1,0.11999999999989086,BACKFILL_AUTO
2026-06-19 04:58:02,1781845082,R_10,4847.245,-1,0.18500000000040018,BACKFILL_AUTO
2026-06-19 04:58:04,1781845084,R_10,4847.419,1,0.17399999999997817,BACKFILL_AUTO
2026-06-19 04:58:06,1781845086,R_10,4847.475,1,0.056000000000494765,BACKFILL_AUTO
2026-06-19 04:58:08,1781845088,R_10,4847.628,1,0.1529999999993379,BACKFILL_AUTO
2026-06-19 04:58:10,1781845090,R_10,4847.572,-1,0.05599999999958527,BACKFILL_AUTO
2026-06-19 04:58:12,1781845092,R_10,4847.337,-1,0.23499999999967258,BACKFILL_AUTO
2026-06-19 04:58:14,1781845094,R_10,4847.235,-1,0.10200000000077125,BACKFILL_AUTO
2026-06-19 04:58:16,1781845096,R_10,4847.321,1,0.0860000000002401,BACKFILL_AUTO
2026-06-19 04:58:18,1781845098,R_10,4847.361,1,0.03999999999996362,BACKFILL_AUTO
2026-06-19 04:58:20,1781845100,R_10,4847.46,1,0.09900000000016007,BACKFILL_AUTO
2026-06-19 04:58:22,1781845102,R_10,4847.603,1,0.1430000000000291,BACKFILL_AUTO
2026-06-19 04:58:24,1781845104,R_10,4847.725,1,0.12200000000029831,BACKFILL_AUTO
2026-06-19 04:58:26,1781845106,R_10,4847.779,1,0.05400000000008731,BACKFILL_AUTO
2026-06-19 04:58:28,1781845108,R_10,4847.679,-1,0.1000000000003638,BACKFILL_AUTO
2026-06-19 04:58:30,1781845110,R_10,4847.355,-1,0.32400000000052387,BACKFILL_AUTO
2026-06-19 04:58:32,1781845112,R_10,4847.344,-1,0.01099999999951251,BACKFILL_AUTO
2026-06-19 04:58:34,1781845114,R_10,4847.623,1,0.2789999999995416,BACKFILL_AUTO
2026-06-19 04:58:36,1781845116,R_10,4847.824,1,0.20100000000002183,BACKFILL_AUTO
2026-06-19 04:58:38,1781845118,R_10,4847.851,1,0.027000000000043656,BACKFILL_AUTO
2026-06-19 04:58:40,1781845120,R_10,4847.839,-1,0.011999999999716238,BACKFILL_AUTO
2026-06-19 04:58:42,1781845122,R_10,4848.032,1,0.193000000000211,BACKFILL_AUTO
2026-06-19 04:58:44,1781845124,R_10,4848.102,1,0.06999999999970896,BACKFILL_AUTO
2026-06-19 04:58:46,1781845126,R_10,4848.056,-1,0.046000000000276486,BACKFILL_AUTO
2026-06-19 04:58:48,1781845128,R_10,4848.291,1,0.23500000000058208,BACKFILL_AUTO
2026-06-19 04:58:50,1781845130,R_10,4848.562,1,0.2709999999997308,BACKFILL_AUTO
2026-06-19 04:58:52,1781845132,R_10,4848.488,-1,0.07399999999961437,BACKFILL_AUTO
2026-06-19 04:58:54,1781845134,R_10,4848.53,1,0.04199999999946158,BACKFILL_AUTO
2026-06-19 04:58:56,1781845136,R_10,4848.507,-1,0.023000000000138243,BACKFILL_AUTO
2026-06-19 04:58:58,1781845138,R_10,4848.326,-1,0.18099999999958527,BACKFILL_AUTO
2026-06-19 04:59:00,1781845140,R_10,4848.335,1,0.009000000000014552,BACKFILL_AUTO
2026-06-19 04:59:02,1781845142,R_10,4848.33,-1,0.005000000000109139,BACKFILL_AUTO
2026-06-19 04:59:04,1781845144,R_10,4848.314,-1,0.01599999999962165,BACKFILL_AUTO
2026-06-19 04:59:06,1781845146,R_10,4848.405,1,0.09099999999943975,BACKFILL_AUTO
2026-06-19 04:59:08,1781845148,R_10,4848.443,1,0.03800000000046566,BACKFILL_AUTO
2026-06-19 04:59:10,1781845150,R_10,4848.357,-1,0.0860000000002401,BACKFILL_AUTO
2026-06-19 04:59:12,1781845152,R_10,4848.324,-1,0.03300000000035652,BACKFILL_AUTO
2026-06-19 04:59:14,1781845154,R_10,4848.395,1,0.07100000000082218,BACKFILL_AUTO
2026-06-19 04:59:16,1781845156,R_10,4848.334,-1,0.061000000000603904,BACKFILL_AUTO
2026-06-19 04:59:18,1781845158,R_10,4848.093,-1,0.24099999999998545,BACKFILL_AUTO
2026-06-19 04:59:20,1781845160,R_10,4848.078,-1,0.014999999999417923,BACKFILL_AUTO
2026-06-19 04:59:22,1781845162,R_10,4848.109,1,0.03099999999994907,BACKFILL_AUTO
2026-06-19 04:59:24,1781845164,R_10,4848.151,1,0.04199999999946158,BACKFILL_AUTO
2026-06-19 04:59:26,1781845166,R_10,4848.273,1,0.12200000000029831,BACKFILL_AUTO
2026-06-19 04:59:28,1781845168,R_10,4848.523,1,0.25,BACKFILL_AUTO
2026-06-19 04:59:30,1781845170,R_10,4848.446,-1,0.07700000000022555,BACKFILL_AUTO
2026-06-19 04:59:32,1781845172,R_10,4848.406,-1,0.03999999999996362,BACKFILL_AUTO
2026-06-19 04:59:34,1781845174,R_10,4848.35,-1,0.05599999999958527,BACKFILL_AUTO
2026-06-19 04:59:36,1781845176,R_10,4848.329,-1,0.021000000000640284,BACKFILL_AUTO
2026-06-19 04:59:38,1781845178,R_10,4848.317,-1,0.011999999999716238,BACKFILL_AUTO
2026-06-19 04:59:40,1781845180,R_10,4848.383,1,0.06599999999980355,BACKFILL_AUTO
2026-06-19 04:59:42,1781845182,R_10,4848.164,-1,0.21900000000005093,BACKFILL_AUTO
2026-06-19 04:59:44,1781845184,R_10,4848.079,-1,0.08500000000003638,BACKFILL_AUTO
2026-06-19 04:59:46,1781845186,R_10,4848.237,1,0.15800000000035652,BACKFILL_AUTO
2026-06-19 04:59:48,1781845188,R_10,4848.079,-1,0.15800000000035652,BACKFILL_AUTO
2026-06-19 04:59:50,1781845190,R_10,4848.342,1,0.26299999999991996,BACKFILL_AUTO
2026-06-19 04:59:52,1781845192,R_10,4848.3,-1,0.04199999999946158,BACKFILL_AUTO
2026-06-19 04:59:54,1781845194,R_10,4848.192,-1,0.10800000000017462,BACKFILL_AUTO
2026-06-19 04:59:56,1781845196,R_10,4848.415,1,0.22299999999995634,BACKFILL_AUTO
2026-06-19 04:59:58,1781845198,R_10,4848.369,-1,0.046000000000276486,BACKFILL_AUTO
2026-06-19 05:00:00,1781845200,R_10,4848.256,-1,0.11299999999937427,BACKFILL_AUTO
2026-06-19 05:00:02,1781845202,R_10,4848.297,1,0.04099999999925785,BACKFILL_AUTO
2026-06-19 05:00:04,1781845204,R_10,4848.259,-1,0.03799999999955617,BACKFILL_AUTO
2026-06-19 05:00:06,1781845206,R_10,4848.413,1,0.15399999999954161,BACKFILL_AUTO
2026-06-19 05:00:08,1781845208,R_10,4848.546,1,0.13300000000072032,BACKFILL_AUTO
2026-06-19 05:00:10,1781845210,R_10,4848.527,-1,0.01900000000023283,BACKFILL_AUTO
2026-06-19 05:00:12,1781845212,R_10,4848.587,1,0.06000000000040018,BACKFILL_AUTO
2026-06-19 05:00:14,1781845214,R_10,4848.542,-1,0.04500000000007276,BACKFILL_AUTO
2026-06-19 05:00:16,1781845216,R_10,4848.642,1,0.0999999999994543,BACKFILL_AUTO
2026-06-19 05:00:18,1781845218,R_10,4848.753,1,0.11099999999987631,BACKFILL_AUTO
2026-06-19 05:00:20,1781845220,R_10,4848.685,-1,0.06799999999930151,BACKFILL_AUTO
2026-06-19 05:00:22,1781845222,R_10,4848.704,1,0.018999999999323336,BACKFILL_AUTO
2026-06-19 05:00:24,1781845224,R_10,4848.854,1,0.1500000000005457,BACKFILL_AUTO
2026-06-19 05:00:26,1781845226,R_10,4848.727,-1,0.12700000000040745,BACKFILL_AUTO
2026-06-19 05:00:28,1781845228,R_10,4848.65,-1,0.07700000000022555,BACKFILL_AUTO
2026-06-19 05:00:30,1781845230,R_10,4848.661,1,0.011000000000422006,BACKFILL_AUTO
2026-06-19 05:00:32,1781845232,R_10,4848.753,1,0.09199999999964348,BACKFILL_AUTO
2026-06-19 05:00:34,1781845234,R_10,4848.696,-1,0.056999999999789,BACKFILL_AUTO
2026-06-19 05:00:36,1781845236,R_10,4848.718,1,0.021999999999934516,BACKFILL_AUTO
2026-06-19 05:00:38,1781845238,R_10,4848.892,1,0.17399999999997817,BACKFILL_AUTO
2026-06-19 05:00:40,1781845240,R_10,4848.888,-1,0.0039999999999054126,BACKFILL_AUTO
2026-06-19 05:00:42,1781845242,R_10,4848.85,-1,0.03799999999955617,BACKFILL_AUTO
2026-06-19 05:00:44,1781845244,R_10,4849.007,1,0.1569999999992433,BACKFILL_AUTO
2026-06-19 05:00:46,1781845246,R_10,4849.089,1,0.0820000000003347,BACKFILL_AUTO
2026-06-19 05:00:48,1781845248,R_10,4849.091,1,0.0020000000004074536,BACKFILL_AUTO
2026-06-19 05:00:50,1781845250,R_10,4849.143,1,0.05199999999967986,BACKFILL_AUTO
2026-06-19 05:00:52,1781845252,R_10,4849.168,1,0.024999999999636202,BACKFILL_AUTO
2026-06-19 05:00:54,1781845254,R_10,4849.254,1,0.0860000000002401,BACKFILL_AUTO
2026-06-19 05:00:56,1781845256,R_10,4849.278,1,0.02400000000034197,BACKFILL_AUTO
2026-06-19 05:00:58,1781845258,R_10,4849.32,1,0.04199999999946158,BACKFILL_AUTO
2026-06-19 05:01:00,1781845260,R_10,4849.426,1,0.10600000000067666,BACKFILL_AUTO
2026-06-19 05:01:02,1781845262,R_10,4849.264,-1,0.16200000000026193,BACKFILL_AUTO
2026-06-19 05:01:04,1781845264,R_10,4849.265,1,0.0010000000002037268,BACKFILL_AUTO
2026-06-19 05:01:06,1781845266,R_10,4849.174,-1,0.09100000000034925,BACKFILL_AUTO
2026-06-19 05:01:08,1781845268,R_10,4849.163,-1,0.011000000000422006,BACKFILL_AUTO
2026-06-19 05:01:10,1781845270,R_10,4849.492,1,0.329000000000633,BACKFILL_AUTO
2026-06-19 05:01:12,1781845272,R_10,4849.337,-1,0.15499999999974534,BACKFILL_AUTO
2026-06-19 05:01:14,1781845274,R_10,4849.297,-1,0.040000000000873115,BACKFILL_AUTO
2026-06-19 05:01:16,1781845276,R_10,4849.139,-1,0.15799999999944703,BACKFILL_AUTO
2026-06-19 05:01:18,1781845278,R_10,4849.158,1,0.01900000000023283,BACKFILL_AUTO
2026-06-19 05:01:20,1781845280,R_10,4849.341,1,0.18299999999999272,BACKFILL_AUTO
2026-06-19 05:01:22,1781845282,R_10,4849.38,1,0.03899999999975989,BACKFILL_AUTO
2026-06-19 05:01:24,1781845284,R_10,4849.313,-1,0.06700000000000728,BACKFILL_AUTO
2026-06-19 05:01:26,1781845286,R_10,4849.387,1,0.07399999999961437,BACKFILL_AUTO
2026-06-19 05:01:28,1781845288,R_10,4849.147,-1,0.23999999999978172,BACKFILL_AUTO
2026-06-19 05:01:30,1781845290,R_10,4849.457,1,0.3100000000004002,BACKFILL_AUTO
2026-06-19 05:01:32,1781845292,R_10,4849.497,1,0.03999999999996362,BACKFILL_AUTO
2026-06-19 05:01:34,1781845294,R_10,4849.2,-1,0.2970000000004802,BACKFILL_AUTO
2026-06-19 05:01:36,1781845296,R_10,4849.149,-1,0.05099999999947613,BACKFILL_AUTO
2026-06-19 05:01:38,1781845298,R_10,4849.151,1,0.001999999999497959,BACKFILL_AUTO
2026-06-19 05:01:40,1781845300,R_10,4849.312,1,0.1610000000000582,BACKFILL_AUTO
2026-06-19 05:01:42,1781845302,R_10,4849.375,1,0.06300000000010186,BACKFILL_AUTO
2026-06-19 05:01:44,1781845304,R_10,4849.242,-1,0.13299999999981083,BACKFILL_AUTO
2026-06-19 05:01:46,1781845306,R_10,4849.308,1,0.06599999999980355,BACKFILL_AUTO
2026-06-19 05:01:48,1781845308,R_10,4849.385,1,0.07700000000022555,BACKFILL_AUTO
2026-06-19 05:01:50,1781845310,R_10,4849.378,-1,0.007000000000516593,BACKFILL_AUTO
2026-06-19 05:01:52,1781845312,R_10,4849.411,1,0.03300000000035652,BACKFILL_AUTO
2026-06-19 05:01:54,1781845314,R_10,4849.526,1,0.11499999999978172,BACKFILL_AUTO
2026-06-19 05:01:56,1781845316,R_10,4849.371,-1,0.15499999999974534,BACKFILL_AUTO
2026-06-19 05:01:58,1781845318,R_10,4849.324,-1,0.04700000000048021,BACKFILL_AUTO
2026-06-19 05:02:00,1781845320,R_10,4849.517,1,0.193000000000211,BACKFILL_AUTO
2026-06-19 05:02:02,1781845322,R_10,4849.609,1,0.09200000000055297,BACKFILL_AUTO
2026-06-19 05:02:04,1781845324,R_10,4849.577,-1,0.032000000000152795,BACKFILL_AUTO
2026-06-19 05:02:06,1781845326,R_10,4849.686,1,0.10899999999946886,BACKFILL_AUTO
2026-06-19 05:02:08,1781845328,R_10,4849.73,1,0.04399999999986903,BACKFILL_AUTO
2026-06-19 05:02:10,1781845330,R_10,4849.833,1,0.10300000000006548,BACKFILL_AUTO
2026-06-19 05:02:12,1781845332,R_10,4849.916,1,0.08300000000053842,BACKFILL_AUTO
2026-06-19 05:02:14,1781845334,R_10,4849.848,-1,0.068000000000211,BACKFILL_AUTO
2026-06-19 05:02:16,1781845336,R_10,4849.761,-1,0.08699999999953434,BACKFILL_AUTO
2026-06-19 05:02:18,1781845338,R_10,4849.582,-1,0.1790000000000873,BACKFILL_AUTO
2026-06-19 05:02:20,1781845340,R_10,4849.678,1,0.09599999999954889,BACKFILL_AUTO
2026-06-19 05:02:22,1781845342,R_10,4849.671,-1,0.006999999999607098,BACKFILL_AUTO
2026-06-19 05:02:24,1781845344,R_10,4849.71,1,0.03899999999975989,BACKFILL_AUTO
2026-06-19 05:02:26,1781845346,R_10,4849.706,-1,0.0039999999999054126,BACKFILL_AUTO
2026-06-19 05:02:28,1781845348,R_10,4849.865,1,0.15899999999965075,BACKFILL_AUTO
2026-06-19 05:02:30,1781845350,R_10,4849.875,1,0.010000000000218279,BACKFILL_AUTO
2026-06-19 05:02:32,1781845352,R_10,4850.031,1,0.15599999999994907,BACKFILL_AUTO
2026-06-19 05:02:34,1781845354,R_10,4849.904,-1,0.12699999999949796,BACKFILL_AUTO
2026-06-19 05:02:36,1781845356,R_10,4849.931,1,0.02699999999913416,BACKFILL_AUTO
2026-06-19 05:02:38,1781845358,R_10,4850.015,1,0.08400000000074215,BACKFILL_AUTO
2026-06-19 05:02:40,1781845360,R_10,4849.935,-1,0.07999999999992724,BACKFILL_AUTO
2026-06-19 05:02:42,1781845362,R_10,4849.74,-1,0.19500000000061846,BACKFILL_AUTO
2026-06-19 05:02:44,1781845364,R_10,4849.6,-1,0.13999999999941792,BACKFILL_AUTO
2026-06-19 05:02:46,1781845366,R_10,4849.753,1,0.1529999999993379,BACKFILL_AUTO
2026-06-19 05:02:48,1781845368,R_10,4849.618,-1,0.13499999999930878,BACKFILL_AUTO
2026-06-19 05:02:50,1781845370,R_10,4849.587,-1,0.03099999999994907,BACKFILL_AUTO
2026-06-19 05:02:52,1781845372,R_10,4849.651,1,0.0639999999993961,BACKFILL_AUTO
2026-06-19 05:02:54,1781845374,R_10,4849.431,-1,0.22000000000025466,BACKFILL_AUTO
2026-06-19 05:02:56,1781845376,R_10,4849.427,-1,0.0039999999999054126,BACKFILL_AUTO
2026-06-19 05:02:58,1781845378,R_10,4849.459,1,0.032000000000152795,BACKFILL_AUTO
2026-06-19 05:03:00,1781845380,R_10,4849.646,1,0.18699999999989814,BACKFILL_AUTO
2026-06-19 05:03:02,1781845382,R_10,4849.727,1,0.08100000000013097,BACKFILL_AUTO
2026-06-19 05:03:04,1781845384,R_10,4849.838,1,0.11099999999987631,BACKFILL_AUTO
2026-06-19 05:03:06,1781845386,R_10,4849.669,-1,0.16899999999986903,BACKFILL_AUTO
2026-06-19 05:03:08,1781845388,R_10,4849.828,1,0.15900000000056025,BACKFILL_AUTO
2026-06-19 05:03:10,1781845390,R_10,4849.969,1,0.14099999999962165,BACKFILL_AUTO
2026-06-19 05:03:12,1781845392,R_10,4849.983,1,0.014000000000123691,BACKFILL_AUTO
2026-06-19 05:03:14,1781845394,R_10,4849.945,-1,0.03800000000046566,BACKFILL_AUTO
2026-06-19 05:03:16,1781845396,R_10,4850.071,1,0.12600000000020373,BACKFILL_AUTO
2026-06-19 05:03:18,1781845398,R_10,4850.259,1,0.18800000000010186,BACKFILL_AUTO
2026-06-19 05:03:20,1781845400,R_10,4850.089,-1,0.17000000000007276,BACKFILL_AUTO
2026-06-19 05:03:22,1781845402,R_10,4850.202,1,0.11300000000028376,BACKFILL_AUTO
2026-06-19 05:03:24,1781845404,R_10,4850.206,1,0.0039999999999054126,BACKFILL_AUTO
2026-06-19 05:03:26,1781845406,R_10,4850.389,1,0.18299999999999272,BACKFILL_AUTO
2026-06-19 05:03:28,1781845408,R_10,4850.407,1,0.018000000000029104,BACKFILL_AUTO
2026-06-19 05:03:30,1781845410,R_10,4850.483,1,0.07600000000002183,BACKFILL_AUTO
2026-06-19 05:03:32,1781845412,R_10,4850.288,-1,0.19500000000061846,BACKFILL_AUTO
2026-06-19 05:03:34,1781845414,R_10,4850.346,1,0.057999999999992724,BACKFILL_AUTO
2026-06-19 05:03:36,1781845416,R_10,4850.139,-1,0.2069999999994252,BACKFILL_AUTO
2026-06-19 05:03:38,1781845418,R_10,4850.024,-1,0.11499999999978172,BACKFILL_AUTO
2026-06-19 05:03:40,1781845420,R_10,4850.267,1,0.2429999999994834,BACKFILL_AUTO
2026-06-19 05:03:42,1781845422,R_10,4850.197,-1,0.06999999999970896,BACKFILL_AUTO
2026-06-19 05:03:44,1781845424,R_10,4850.371,1,0.17399999999997817,BACKFILL_AUTO
2026-06-19 05:03:46,1781845426,R_10,4850.357,-1,0.014000000000123691,BACKFILL_AUTO
2026-06-19 05:03:48,1781845428,R_10,4850.264,-1,0.0929999999998472,BACKFILL_AUTO
2026-06-19 05:03:50,1781845430,R_10,4850.112,-1,0.15200000000004366,BACKFILL_AUTO
2026-06-19 05:03:52,1781845432,R_10,4850.366,1,0.2539999999999054,BACKFILL_AUTO
2026-06-19 05:03:54,1781845434,R_10,4850.209,-1,0.1570000000001528,BACKFILL_AUTO
2026-06-19 05:03:56,1781845436,R_10,4850.349,1,0.14000000000032742,BACKFILL_AUTO
2026-06-19 05:03:58,1781845438,R_10,4850.489,1,0.13999999999941792,BACKFILL_AUTO
2026-06-19 05:04:00,1781845440,R_10,4850.413,-1,0.07600000000002183,BACKFILL_AUTO
2026-06-19 05:04:02,1781845442,R_10,4850.362,-1,0.05099999999947613,BACKFILL_AUTO
2026-06-19 05:04:04,1781845444,R_10,4850.174,-1,0.18800000000010186,BACKFILL_AUTO
2026-06-19 05:04:06,1781845446,R_10,4850.172,-1,0.0020000000004074536,BACKFILL_AUTO
2026-06-19 05:04:08,1781845448,R_10,4850.287,1,0.11500000000069122,BACKFILL_AUTO
2026-06-19 05:04:10,1781845450,R_10,4850.212,-1,0.0749999999998181,BACKFILL_AUTO
2026-06-19 05:04:12,1781845452,R_10,4850.25,1,0.03799999999955617,BACKFILL_AUTO
2026-06-19 05:04:14,1781845454,R_10,4850.223,-1,0.027000000000043656,BACKFILL_AUTO
2026-06-19 05:04:16,1781845456,R_10,4850.02,-1,0.2029999999995198,BACKFILL_AUTO
2026-06-19 05:04:18,1781845458,R_10,4849.962,-1,0.057999999999992724,BACKFILL_AUTO
2026-06-19 05:04:20,1781845460,R_10,4849.909,-1,0.05300000000079308,BACKFILL_AUTO
2026-06-19 05:04:22,1781845462,R_10,4849.928,1,0.01900000000023283,BACKFILL_AUTO
2026-06-19 05:04:24,1781845464,R_10,4849.767,-1,0.1610000000000582,BACKFILL_AUTO
2026-06-19 05:04:26,1781845466,R_10,4849.95,1,0.18299999999999272,BACKFILL_AUTO
2026-06-19 05:04:28,1781845468,R_10,4849.916,-1,0.033999999999650754,BACKFILL_AUTO
2026-06-19 05:04:30,1781845470,R_10,4849.999,1,0.08299999999962893,BACKFILL_AUTO
2026-06-19 05:04:32,1781845472,R_10,4850.017,1,0.018000000000029104,BACKFILL_AUTO
2026-06-19 05:04:34,1781845474,R_10,4850.072,1,0.05500000000029104,BACKFILL_AUTO
2026-06-19 05:04:36,1781845476,R_10,4849.966,-1,0.10599999999976717,BACKFILL_AUTO
2026-06-19 05:04:38,1781845478,R_10,4850.137,1,0.170999999999367,BACKFILL_AUTO
2026-06-19 05:04:40,1781845480,R_10,4849.973,-1,0.1639999999997599,BACKFILL_AUTO
2026-06-19 05:04:42,1781845482,R_10,4849.806,-1,0.16700000000037107,BACKFILL_AUTO
2026-06-19 05:04:44,1781845484,R_10,4849.86,1,0.05400000000008731,BACKFILL_AUTO
2026-06-19 05:04:46,1781845486,R_10,4849.896,1,0.03600000000005821,BACKFILL_AUTO
2026-06-19 05:04:48,1781845488,R_10,4849.871,-1,0.024999999999636202,BACKFILL_AUTO
2026-06-19 05:04:50,1781845490,R_10,4849.856,-1,0.015000000000327418,BACKFILL_AUTO
2026-06-19 05:04:52,1781845492,R_10,4849.741,-1,0.11499999999978172,BACKFILL_AUTO
2026-06-19 05:04:54,1781845494,R_10,4849.911,1,0.17000000000007276,BACKFILL_AUTO
2026-06-19 05:04:56,1781845496,R_10,4849.898,-1,0.012999999999919964,BACKFILL_AUTO
2026-06-19 05:04:58,1781845498,R_10,4849.988,1,0.09000000000014552,BACKFILL_AUTO
2026-06-19 05:05:00,1781845500,R_10,4850.103,1,0.11499999999978172,BACKFILL_AUTO
2026-06-19 05:05:02,1781845502,R_10,4850.208,1,0.10499999999956344,BACKFILL_AUTO
2026-06-19 05:05:04,1781845504,R_10,4850.176,-1,0.0319999999992433,BACKFILL_AUTO
2026-06-19 05:05:06,1781845506,R_10,4850.025,-1,0.15100000000074942,BACKFILL_AUTO
2026-06-19 05:05:08,1781845508,R_10,4849.964,-1,0.06099999999969441,BACKFILL_AUTO
2026-06-19 05:05:10,1781845510,R_10,4849.861,-1,0.10300000000006548,BACKFILL_AUTO
2026-06-19 05:05:12,1781845512,R_10,4849.971,1,0.10999999999967258,BACKFILL_AUTO
2026-06-19 05:05:14,1781845514,R_10,4850.027,1,0.056000000000494765,BACKFILL_AUTO
2026-06-19 05:05:16,1781845516,R_10,4850.068,1,0.04100000000016735,BACKFILL_AUTO
2026-06-19 05:05:18,1781845518,R_10,4850.274,1,0.20600000000013097,BACKFILL_AUTO
2026-06-19 05:05:20,1781845520,R_10,4850.409,1,0.13499999999930878,BACKFILL_AUTO
2026-06-19 05:05:22,1781845522,R_10,4850.401,-1,0.007999999999810825,BACKFILL_AUTO
2026-06-19 05:05:24,1781845524,R_10,4850.312,-1,0.08899999999994179,BACKFILL_AUTO
2026-06-19 05:05:26,1781845526,R_10,4850.174,-1,0.13799999999991996,BACKFILL_AUTO
2026-06-19 05:05:28,1781845528,R_10,4850.185,1,0.011000000000422006,BACKFILL_AUTO
2026-06-19 05:05:30,1781845530,R_10,4850.397,1,0.21199999999953434,BACKFILL_AUTO
2026-06-19 05:05:32,1781845532,R_10,4850.355,-1,0.042000000000371074,BACKFILL_AUTO
2026-06-19 05:05:34,1781845534,R_10,4850.409,1,0.05400000000008731,BACKFILL_AUTO
2026-06-19 05:05:36,1781845536,R_10,4850.631,1,0.2220000000006621,BACKFILL_AUTO
2026-06-19 05:05:38,1781845538,R_10,4850.584,-1,0.04700000000048021,BACKFILL_AUTO
2026-06-19 05:05:40,1781845540,R_10,4850.636,1,0.05200000000058935,BACKFILL_AUTO
2026-06-19 05:05:42,1781845542,R_10,4850.598,-1,0.03800000000046566,BACKFILL_AUTO
2026-06-19 05:05:44,1781845544,R_10,4850.577,-1,0.02099999999973079,BACKFILL_AUTO
2026-06-19 05:05:46,1781845546,R_10,4850.503,-1,0.07400000000052387,BACKFILL_AUTO
2026-06-19 05:05:48,1781845548,R_10,4850.412,-1,0.09099999999943975,BACKFILL_AUTO
2026-06-19 05:05:50,1781845550,R_10,4850.546,1,0.13400000000001455,BACKFILL_AUTO
2026-06-19 05:05:52,1781845552,R_10,4850.478,-1,0.068000000000211,BACKFILL_AUTO
2026-06-19 05:05:54,1781845554,R_10,4850.483,1,0.005000000000109139,BACKFILL_AUTO
2026-06-19 05:05:56,1781845556,R_10,4850.525,1,0.04199999999946158,BACKFILL_AUTO
2026-06-19 05:05:58,1781845558,R_10,4850.712,1,0.18700000000080763,BACKFILL_AUTO
2026-06-19 05:06:00,1781845560,R_10,4850.742,1,0.02999999999974534,BACKFILL_AUTO
2026-06-19 05:06:02,1781845562,R_10,4850.829,1,0.08699999999953434,BACKFILL_AUTO
2026-06-19 05:06:04,1781845564,R_10,4850.968,1,0.1390000000001237,BACKFILL_AUTO
2026-06-19 05:06:06,1781845566,R_10,4850.933,-1,0.03499999999985448,BACKFILL_AUTO
2026-06-19 05:06:08,1781845568,R_10,4850.71,-1,0.22299999999995634,BACKFILL_AUTO
2026-06-19 05:06:10,1781845570,R_10,4850.773,1,0.06300000000010186,BACKFILL_AUTO
2026-06-19 05:06:12,1781845572,R_10,4850.755,-1,0.018000000000029104,BACKFILL_AUTO
2026-06-19 05:06:14,1781845574,R_10,4850.634,-1,0.12100000000009459,BACKFILL_AUTO
2026-06-19 05:06:16,1781845576,R_10,4850.834,1,0.1999999999998181,BACKFILL_AUTO
2026-06-19 05:06:18,1781845578,R_10,4850.722,-1,0.11200000000008004,BACKFILL_AUTO
2026-06-19 05:06:20,1781845580,R_10,4850.442,-1,0.27999999999974534,BACKFILL_AUTO
2026-06-19 05:06:22,1781845582,R_10,4850.296,-1,0.1459999999997308,BACKFILL_AUTO
2026-06-19 05:06:24,1781845584,R_10,4850.356,1,0.05999999999949068,BACKFILL_AUTO
2026-06-19 05:06:26,1781845586,R_10,4850.331,-1,0.024999999999636202,BACKFILL_AUTO
2026-06-19 05:06:28,1781845588,R_10,4850.45,1,0.11899999999968713,BACKFILL_AUTO
2026-06-19 05:06:30,1781845590,R_10,4850.624,1,0.17399999999997817,BACKFILL_AUTO
2026-06-19 05:06:32,1781845592,R_10,4850.633,1,0.009000000000014552,BACKFILL_AUTO
2026-06-19 05:06:34,1781845594,R_10,4850.727,1,0.09400000000005093,BACKFILL_AUTO
2026-06-19 05:06:36,1781845596,R_10,4850.691,-1,0.03600000000005821,BACKFILL_AUTO
2026-06-19 05:06:38,1781845598,R_10,4850.548,-1,0.1430000000000291,BACKFILL_AUTO
2026-06-19 05:06:40,1781845600,R_10,4850.673,1,0.125,BACKFILL_AUTO
2026-06-19 05:06:42,1781845602,R_10,4850.546,-1,0.12699999999949796,BACKFILL_AUTO
2026-06-19 05:06:44,1781845604,R_10,4850.72,1,0.17399999999997817,BACKFILL_AUTO
2026-06-19 05:06:46,1781845606,R_10,4850.588,-1,0.1320000000005166,BACKFILL_AUTO
2026-06-19 05:06:48,1781845608,R_10,4850.838,1,0.25,BACKFILL_AUTO
2026-06-19 05:06:50,1781845610,R_10,4850.846,1,0.007999999999810825,BACKFILL_AUTO
2026-06-19 05:06:52,1781845612,R_10,4851.001,1,0.15500000000065484,BACKFILL_AUTO
2026-06-19 05:06:54,1781845614,R_10,4851.183,1,0.181999999999789,BACKFILL_AUTO
2026-06-19 05:06:56,1781845616,R_10,4851.08,-1,0.10300000000006548,BACKFILL_AUTO
2026-06-19 05:06:58,1781845618,R_10,4851.034,-1,0.046000000000276486,BACKFILL_AUTO
2026-06-19 05:07:00,1781845620,R_10,4850.926,-1,0.10799999999926513,BACKFILL_AUTO
2026-06-19 05:07:02,1781845622,R_10,4850.965,1,0.03899999999975989,BACKFILL_AUTO
2026-06-19 05:07:04,1781845624,R_10,4850.791,-1,0.17399999999997817,BACKFILL_AUTO
2026-06-19 05:07:06,1781845626,R_10,4850.807,1,0.01599999999962165,BACKFILL_AUTO
2026-06-19 05:07:08,1781845628,R_10,4850.812,1,0.005000000000109139,BACKFILL_AUTO
2026-06-19 05:07:10,1781845630,R_10,4850.784,-1,0.028000000000247383,BACKFILL_AUTO
2026-06-19 05:07:12,1781845632,R_10,4850.681,-1,0.10300000000006548,BACKFILL_AUTO
2026-06-19 05:07:14,1781845634,R_10,4850.541,-1,0.13999999999941792,BACKFILL_AUTO
2026-06-19 05:07:16,1781845636,R_10,4850.513,-1,0.028000000000247383,BACKFILL_AUTO
2026-06-19 05:07:18,1781845638,R_10,4850.536,1,0.023000000000138243,BACKFILL_AUTO
2026-06-19 05:07:20,1781845640,R_10,4850.302,-1,0.23400000000037835,BACKFILL_AUTO
2026-06-19 05:07:22,1781845642,R_10,4850.424,1,0.12200000000029831,BACKFILL_AUTO
2026-06-19 05:07:24,1781845644,R_10,4850.282,-1,0.14199999999982538,BACKFILL_AUTO
2026-06-19 05:07:26,1781845646,R_10,4850.169,-1,0.11300000000028376,BACKFILL_AUTO
2026-06-19 05:07:28,1781845648,R_10,4849.938,-1,0.23099999999976717,BACKFILL_AUTO
2026-06-19 05:07:30,1781845650,R_10,4849.798,-1,0.14000000000032742,BACKFILL_AUTO
2026-06-19 05:07:32,1781845652,R_10,4849.617,-1,0.18099999999958527,BACKFILL_AUTO
2026-06-19 05:07:34,1781845654,R_10,4849.643,1,0.02599999999983993,BACKFILL_AUTO
2026-06-19 05:07:36,1781845656,R_10,4849.594,-1,0.04899999999997817,BACKFILL_AUTO
2026-06-19 05:07:38,1781845658,R_10,4849.578,-1,0.01599999999962165,BACKFILL_AUTO
2026-06-19 05:07:40,1781845660,R_10,4849.486,-1,0.09200000000055297,BACKFILL_AUTO
2026-06-19 05:07:42,1781845662,R_10,4849.466,-1,0.019999999999527063,BACKFILL_AUTO
2026-06-19 05:07:44,1781845664,R_10,4849.504,1,0.03799999999955617,BACKFILL_AUTO
2026-06-19 05:07:46,1781845666,R_10,4849.579,1,0.0749999999998181,BACKFILL_AUTO
2026-06-19 05:07:48,1781845668,R_10,4849.538,-1,0.04100000000016735,BACKFILL_AUTO
2026-06-19 05:07:50,1781845670,R_10,4849.419,-1,0.11899999999968713,BACKFILL_AUTO
2026-06-19 05:07:52,1781845672,R_10,4849.41,-1,0.009000000000014552,BACKFILL_AUTO
2026-06-19 05:07:54,1781845674,R_10,4849.461,1,0.051000000000385626,BACKFILL_AUTO
2026-06-19 05:07:56,1781845676,R_10,4849.412,-1,0.04899999999997817,BACKFILL_AUTO
2026-06-19 05:07:58,1781845678,R_10,4849.554,1,0.14199999999982538,BACKFILL_AUTO
2026-06-19 05:08:00,1781845680,R_10,4849.619,1,0.06499999999959982,BACKFILL_AUTO
2026-06-19 05:08:02,1781845682,R_10,4849.686,1,0.06700000000000728,BACKFILL_AUTO
2026-06-19 05:08:04,1781845684,R_10,4849.939,1,0.2530000000006112,BACKFILL_AUTO
2026-06-19 05:08:06,1781845686,R_10,4849.992,1,0.052999999999883585,BACKFILL_AUTO
2026-06-19 05:08:08,1781845688,R_10,4850.029,1,0.037000000000261934,BACKFILL_AUTO
2026-06-19 05:08:10,1781845690,R_10,4850.036,1,0.006999999999607098,BACKFILL_AUTO
2026-06-19 05:08:12,1781845692,R_10,4850.015,-1,0.02099999999973079,BACKFILL_AUTO
2026-06-19 05:08:14,1781845694,R_10,4849.886,-1,0.1289999999999054,BACKFILL_AUTO
2026-06-19 05:08:16,1781845696,R_10,4850.043,1,0.1569999999992433,BACKFILL_AUTO
2026-06-19 05:08:18,1781845698,R_10,4849.998,-1,0.04500000000007276,BACKFILL_AUTO
2026-06-19 05:08:20,1781845700,R_10,4849.803,-1,0.19499999999970896,BACKFILL_AUTO
2026-06-19 05:08:22,1781845702,R_10,4849.779,-1,0.023999999999432475,BACKFILL_AUTO
2026-06-19 05:08:24,1781845704,R_10,4849.708,-1,0.07100000000082218,BACKFILL_AUTO
2026-06-19 05:08:26,1781845706,R_10,4849.623,-1,0.08500000000003638,BACKFILL_AUTO
2026-06-19 05:08:28,1781845708,R_10,4849.72,1,0.09700000000066211,BACKFILL_AUTO
2026-06-19 05:08:30,1781845710,R_10,4849.874,1,0.15399999999954161,BACKFILL_AUTO
2026-06-19 05:08:32,1781845712,R_10,4849.863,-1,0.01099999999951251,BACKFILL_AUTO
2026-06-19 05:08:34,1781845714,R_10,4849.869,1,0.0059999999994033715,BACKFILL_AUTO
2026-06-19 05:08:36,1781845716,R_10,4849.863,-1,0.0059999999994033715,BACKFILL_AUTO
2026-06-19 05:08:38,1781845718,R_10,4849.683,-1,0.18000000000029104,BACKFILL_AUTO
2026-06-19 05:08:40,1781845720,R_10,4849.625,-1,0.057999999999992724,BACKFILL_AUTO
2026-06-19 05:08:42,1781845722,R_10,4849.724,1,0.09900000000016007,BACKFILL_AUTO
2026-06-19 05:08:44,1781845724,R_10,4849.812,1,0.08799999999973807,BACKFILL_AUTO
2026-06-19 05:08:46,1781845726,R_10,4849.586,-1,0.22599999999965803,BACKFILL_AUTO
2026-06-19 05:08:48,1781845728,R_10,4849.499,-1,0.08700000000044383,BACKFILL_AUTO
2026-06-19 05:08:50,1781845730,R_10,4849.633,1,0.13400000000001455,BACKFILL_AUTO
2026-06-19 05:08:52,1781845732,R_10,4849.77,1,0.13700000000062573,BACKFILL_AUTO
2026-06-19 05:08:54,1781845734,R_10,4849.824,1,0.05399999999917782,BACKFILL_AUTO
2026-06-19 05:08:56,1781845736,R_10,4849.681,-1,0.1430000000000291,BACKFILL_AUTO
2026-06-19 05:08:58,1781845738,R_10,4849.483,-1,0.19799999999941065,BACKFILL_AUTO
2026-06-19 05:09:00,1781845740,R_10,4849.41,-1,0.07300000000032014,BACKFILL_AUTO
2026-06-19 05:09:02,1781845742,R_10,4849.722,1,0.31199999999989814,BACKFILL_AUTO
2026-06-19 05:09:04,1781845744,R_10,4849.631,-1,0.09099999999943975,BACKFILL_AUTO
2026-06-19 05:09:06,1781845746,R_10,4849.712,1,0.08100000000013097,BACKFILL_AUTO
2026-06-19 05:09:08,1781845748,R_10,4849.791,1,0.07899999999972351,BACKFILL_AUTO
2026-06-19 05:09:10,1781845750,R_10,4849.587,-1,0.2039999999997235,BACKFILL_AUTO
2026-06-19 05:09:12,1781845752,R_10,4849.583,-1,0.004000000000814907,BACKFILL_AUTO
2026-06-19 05:09:14,1781845754,R_10,4849.647,1,0.06400000000030559,BACKFILL_AUTO
2026-06-19 05:09:16,1781845756,R_10,4849.574,-1,0.07300000000032014,BACKFILL_AUTO
2026-06-19 05:09:18,1781845758,R_10,4849.419,-1,0.15499999999974534,BACKFILL_AUTO
2026-06-19 05:09:20,1781845760,R_10,4849.58,1,0.1610000000000582,BACKFILL_AUTO
2026-06-19 05:09:22,1781845762,R_10,4849.514,-1,0.06599999999980355,BACKFILL_AUTO
2026-06-19 05:09:24,1781845764,R_10,4849.605,1,0.09099999999943975,BACKFILL_AUTO
2026-06-19 05:09:26,1781845766,R_10,4849.71,1,0.10500000000047294,BACKFILL_AUTO
2026-06-19 05:09:28,1781845768,R_10,4849.629,-1,0.08100000000013097,BACKFILL_AUTO
2026-06-19 05:09:30,1781845770,R_10,4849.621,-1,0.007999999999810825,BACKFILL_AUTO
2026-06-19 05:09:32,1781845772,R_10,4849.837,1,0.21600000000034925,BACKFILL_AUTO
2026-06-19 05:09:34,1781845774,R_10,4849.822,-1,0.015000000000327418,BACKFILL_AUTO
2026-06-19 05:09:36,1781845776,R_10,4849.771,-1,0.051000000000385626,BACKFILL_AUTO
2026-06-19 05:09:38,1781845778,R_10,4849.779,1,0.00800000000072032,BACKFILL_AUTO
2026-06-19 05:09:40,1781845780,R_10,4849.846,1,0.06699999999909778,BACKFILL_AUTO
2026-06-19 05:09:42,1781845782,R_10,4849.948,1,0.10200000000077125,BACKFILL_AUTO
2026-06-19 05:09:44,1781845784,R_10,4849.78,-1,0.1680000000005748,BACKFILL_AUTO
2026-06-19 05:09:46,1781845786,R_10,4849.734,-1,0.04599999999936699,BACKFILL_AUTO
2026-06-19 05:09:48,1781845788,R_10,4849.688,-1,0.046000000000276486,BACKFILL_AUTO
2026-06-19 05:09:50,1781845790,R_10,4849.692,1,0.0039999999999054126,BACKFILL_AUTO
2026-06-19 05:09:52,1781845792,R_10,4849.583,-1,0.10900000000037835,BACKFILL_AUTO
2026-06-19 05:09:54,1781845794,R_10,4849.495,-1,0.08799999999973807,BACKFILL_AUTO
2026-06-19 05:09:56,1781845796,R_10,4849.477,-1,0.018000000000029104,BACKFILL_AUTO
2026-06-19 05:09:58,1781845798,R_10,4849.595,1,0.1180000000003929,BACKFILL_AUTO
2026-06-19 05:10:00,1781845800,R_10,4849.449,-1,0.14600000000064028,BACKFILL_AUTO
2026-06-19 05:10:02,1781845802,R_10,4849.611,1,0.16200000000026193,BACKFILL_AUTO
2026-06-19 05:10:04,1781845804,R_10,4849.516,-1,0.09500000000025466,BACKFILL_AUTO
2026-06-19 05:10:06,1781845806,R_10,4849.458,-1,0.057999999999992724,BACKFILL_AUTO
2026-06-19 05:10:08,1781845808,R_10,4849.539,1,0.08100000000013097,BACKFILL_AUTO
2026-06-19 05:10:10,1781845810,R_10,4849.333,-1,0.20600000000013097,BACKFILL_AUTO
2026-06-19 05:10:12,1781845812,R_10,4849.221,-1,0.11200000000008004,BACKFILL_AUTO
2026-06-19 05:10:14,1781845814,R_10,4849.146,-1,0.0749999999998181,BACKFILL_AUTO
2026-06-19 05:10:16,1781845816,R_10,4849.211,1,0.06500000000050932,BACKFILL_AUTO
2026-06-19 05:10:18,1781845818,R_10,4849.121,-1,0.09000000000014552,BACKFILL_AUTO
2026-06-19 05:10:20,1781845820,R_10,4849.287,1,0.16600000000016735,BACKFILL_AUTO
2026-06-19 05:10:22,1781845822,R_10,4849.301,1,0.014000000000123691,BACKFILL_AUTO
2026-06-19 05:10:24,1781845824,R_10,4849.26,-1,0.04100000000016735,BACKFILL_AUTO
2026-06-19 05:10:26,1781845826,R_10,4849.332,1,0.07200000000011642,BACKFILL_AUTO
2026-06-19 05:10:28,1781845828,R_10,4849.293,-1,0.03900000000066939,BACKFILL_AUTO
2026-06-19 05:10:30,1781845830,R_10,4849.667,1,0.37400000000070577,BACKFILL_AUTO
2026-06-19 05:10:32,1781845832,R_10,4849.847,1,0.17999999999938154,BACKFILL_AUTO
2026-06-19 05:10:34,1781845834,R_10,4849.773,-1,0.07399999999961437,BACKFILL_AUTO
2026-06-19 05:10:36,1781845836,R_10,4849.719,-1,0.05400000000008731,BACKFILL_AUTO
2026-06-19 05:10:38,1781845838,R_10,4849.708,-1,0.011000000000422006,BACKFILL_AUTO
2026-06-19 05:10:40,1781845840,R_10,4849.879,1,0.1710000000002765,BACKFILL_AUTO
2026-06-19 05:10:42,1781845842,R_10,4849.712,-1,0.16699999999946158,BACKFILL_AUTO
2026-06-19 05:10:44,1781845844,R_10,4849.669,-1,0.0430000000005748,BACKFILL_AUTO
2026-06-19 05:10:46,1781845846,R_10,4849.829,1,0.15999999999985448,BACKFILL_AUTO
2026-06-19 05:10:48,1781845848,R_10,4849.681,-1,0.14800000000013824,BACKFILL_AUTO
2026-06-19 05:10:50,1781845850,R_10,4849.577,-1,0.10399999999935972,BACKFILL_AUTO
2026-06-19 05:10:52,1781845852,R_10,4849.376,-1,0.20100000000002183,BACKFILL_AUTO
2026-06-19 05:10:54,1781845854,R_10,4849.486,1,0.10999999999967258,BACKFILL_AUTO
2026-06-19 05:10:56,1781845856,R_10,4849.432,-1,0.05400000000008731,BACKFILL_AUTO
2026-06-19 05:10:58,1781845858,R_10,4849.393,-1,0.03899999999975989,BACKFILL_AUTO
2026-06-19 05:11:00,1781845860,R_10,4849.309,-1,0.08399999999983265,BACKFILL_AUTO
2026-06-19 05:11:02,1781845862,R_10,4849.203,-1,0.10599999999976717,BACKFILL_AUTO
2026-06-19 05:11:04,1781845864,R_10,4849.191,-1,0.012000000000625732,BACKFILL_AUTO
2026-06-19 05:11:06,1781845866,R_10,4849.13,-1,0.06099999999969441,BACKFILL_AUTO
2026-06-19 05:11:08,1781845868,R_10,4849.035,-1,0.09500000000025466,BACKFILL_AUTO
2026-06-19 05:11:10,1781845870,R_10,4848.903,-1,0.1319999999996071,BACKFILL_AUTO
2026-06-19 05:11:12,1781845872,R_10,4848.709,-1,0.19400000000041473,BACKFILL_AUTO
2026-06-19 05:11:14,1781845874,R_10,4848.74,1,0.03099999999994907,BACKFILL_AUTO
2026-06-19 05:11:16,1781845876,R_10,4848.766,1,0.02599999999983993,BACKFILL_AUTO
2026-06-19 05:11:18,1781845878,R_10,4848.57,-1,0.1959999999999127,BACKFILL_AUTO
2026-06-19 05:11:20,1781845880,R_10,4848.889,1,0.31900000000041473,BACKFILL_AUTO
2026-06-19 05:11:22,1781845882,R_10,4849.023,1,0.13400000000001455,BACKFILL_AUTO
2026-06-19 05:11:24,1781845884,R_10,4848.917,-1,0.10599999999976717,BACKFILL_AUTO
2026-06-19 05:11:26,1781845886,R_10,4848.888,-1,0.02900000000045111,BACKFILL_AUTO
2026-06-19 05:11:28,1781845888,R_10,4848.847,-1,0.04100000000016735,BACKFILL_AUTO
2026-06-19 05:11:30,1781845890,R_10,4848.653,-1,0.19399999999950523,BACKFILL_AUTO
2026-06-19 05:11:32,1781845892,R_10,4848.552,-1,0.10100000000056752,BACKFILL_AUTO
2026-06-19 05:11:34,1781845894,R_10,4848.37,-1,0.181999999999789,BACKFILL_AUTO
2026-06-19 05:11:36,1781845896,R_10,4848.379,1,0.009000000000014552,BACKFILL_AUTO
2026-06-19 05:11:38,1781845898,R_10,4848.413,1,0.033999999999650754,BACKFILL_AUTO
2026-06-19 05:11:40,1781845900,R_10,4848.321,-1,0.09199999999964348,BACKFILL_AUTO
2026-06-19 05:11:42,1781845902,R_10,4848.441,1,0.11999999999989086,BACKFILL_AUTO
2026-06-19 05:11:44,1781845904,R_10,4848.437,-1,0.0039999999999054126,BACKFILL_AUTO
2026-06-19 05:11:46,1781845906,R_10,4848.39,-1,0.04699999999957072,BACKFILL_AUTO
2026-06-19 05:11:48,1781845908,R_10,4848.51,1,0.11999999999989086,BACKFILL_AUTO
2026-06-19 05:11:50,1781845910,R_10,4848.575,1,0.06499999999959982,BACKFILL_AUTO
2026-06-19 05:11:52,1781845912,R_10,4848.492,-1,0.08299999999962893,BACKFILL_AUTO
2026-06-19 05:11:54,1781845914,R_10,4848.518,1,0.02599999999983993,BACKFILL_AUTO
2026-06-19 05:11:56,1781845916,R_10,4848.444,-1,0.07399999999961437,BACKFILL_AUTO
2026-06-19 05:11:58,1781845918,R_10,4848.332,-1,0.11200000000008004,BACKFILL_AUTO
2026-06-19 05:12:00,1781845920,R_10,4848.367,1,0.03499999999985448,BACKFILL_AUTO
2026-06-19 05:12:02,1781845922,R_10,4848.272,-1,0.09500000000025466,BACKFILL_AUTO
2026-06-19 05:12:04,1781845924,R_10,4848.126,-1,0.1459999999997308,BACKFILL_AUTO
2026-06-19 05:12:06,1781845926,R_10,4848.164,1,0.03799999999955617,BACKFILL_AUTO
2026-06-19 05:12:08,1781845928,R_10,4848.146,-1,0.018000000000029104,BACKFILL_AUTO
2026-06-19 05:12:10,1781845930,R_10,4848.06,-1,0.08599999999933061,BACKFILL_AUTO
2026-06-19 05:12:12,1781845932,R_10,4847.975,-1,0.08500000000003638,BACKFILL_AUTO
2026-06-19 05:12:14,1781845934,R_10,4848.046,1,0.07099999999991269,BACKFILL_AUTO
2026-06-19 05:12:16,1781845936,R_10,4848.184,1,0.13799999999991996,BACKFILL_AUTO
2026-06-19 05:12:18,1781845938,R_10,4848.313,1,0.1289999999999054,BACKFILL_AUTO
2026-06-19 05:12:20,1781845940,R_10,4848.26,-1,0.052999999999883585,BACKFILL_AUTO
2026-06-19 05:12:22,1781845942,R_10,4848.105,-1,0.15500000000065484,BACKFILL_AUTO
2026-06-19 05:12:24,1781845944,R_10,4848.013,-1,0.09199999999964348,BACKFILL_AUTO
2026-06-19 05:12:26,1781845946,R_10,4847.86,-1,0.15300000000024738,BACKFILL_AUTO
2026-06-19 05:12:28,1781845948,R_10,4847.905,1,0.04500000000007276,BACKFILL_AUTO
2026-06-19 05:12:30,1781845950,R_10,4847.834,-1,0.07099999999991269,BACKFILL_AUTO
2026-06-19 05:12:32,1781845952,R_10,4847.811,-1,0.023000000000138243,BACKFILL_AUTO
2026-06-19 05:12:34,1781845954,R_10,4847.725,-1,0.08599999999933061,BACKFILL_AUTO
2026-06-19 05:12:36,1781845956,R_10,4847.71,-1,0.015000000000327418,BACKFILL_AUTO
2026-06-19 05:12:38,1781845958,R_10,4847.715,1,0.005000000000109139,BACKFILL_AUTO
2026-06-19 05:12:40,1781845960,R_10,4847.683,-1,0.032000000000152795,BACKFILL_AUTO
2026-06-19 05:12:42,1781845962,R_10,4847.659,-1,0.02400000000034197,BACKFILL_AUTO
2026-06-19 05:12:44,1781845964,R_10,4847.485,-1,0.17399999999997817,BACKFILL_AUTO
2026-06-19 05:12:46,1781845966,R_10,4847.616,1,0.13100000000031287,BACKFILL_AUTO
2026-06-19 05:12:48,1781845968,R_10,4847.699,1,0.08299999999962893,BACKFILL_AUTO
2026-06-19 05:12:50,1781845970,R_10,4847.786,1,0.08700000000044383,BACKFILL_AUTO
2026-06-19 05:12:52,1781845972,R_10,4847.741,-1,0.04500000000007276,BACKFILL_AUTO
2026-06-19 05:12:54,1781845974,R_10,4847.691,-1,0.0500000000001819,BACKFILL_AUTO
2026-06-19 05:12:56,1781845976,R_10,4847.571,-1,0.11999999999989086,BACKFILL_AUTO
2026-06-19 05:12:58,1781845978,R_10,4847.556,-1,0.015000000000327418,BACKFILL_AUTO
2026-06-19 05:13:00,1781845980,R_10,4847.605,1,0.04899999999997817,BACKFILL_AUTO
2026-06-19 05:13:02,1781845982,R_10,4847.466,-1,0.1389999999992142,BACKFILL_AUTO
2026-06-19 05:13:04,1781845984,R_10,4847.507,1,0.04099999999925785,BACKFILL_AUTO
2026-06-19 05:13:06,1781845986,R_10,4847.681,1,0.17399999999997817,BACKFILL_AUTO
2026-06-19 05:13:08,1781845988,R_10,4847.807,1,0.12600000000020373,BACKFILL_AUTO
2026-06-19 05:13:10,1781845990,R_10,4847.689,-1,0.11799999999948341,BACKFILL_AUTO
2026-06-19 05:13:12,1781845992,R_10,4847.826,1,0.13699999999971624,BACKFILL_AUTO
2026-06-19 05:13:14,1781845994,R_10,4847.708,-1,0.1180000000003929,BACKFILL_AUTO
2026-06-19 05:13:16,1781845996,R_10,4847.798,1,0.09000000000014552,BACKFILL_AUTO
2026-06-19 05:13:18,1781845998,R_10,4847.669,-1,0.1289999999999054,BACKFILL_AUTO
2026-06-19 05:13:20,1781846000,R_10,4847.718,1,0.04899999999997817,BACKFILL_AUTO
2026-06-19 05:13:22,1781846002,R_10,4847.544,-1,0.17399999999997817,BACKFILL_AUTO
2026-06-19 05:13:24,1781846004,R_10,4847.696,1,0.15200000000004366,BACKFILL_AUTO
2026-06-19 05:13:26,1781846006,R_10,4847.617,-1,0.07899999999972351,BACKFILL_AUTO
2026-06-19 05:13:28,1781846008,R_10,4847.323,-1,0.29399999999986903,BACKFILL_AUTO
2026-06-19 05:13:30,1781846010,R_10,4847.262,-1,0.061000000000603904,BACKFILL_AUTO
2026-06-19 05:13:32,1781846012,R_10,4847.113,-1,0.14899999999943248,BACKFILL_AUTO
2026-06-19 05:13:34,1781846014,R_10,4846.852,-1,0.261000000000422,BACKFILL_AUTO
2026-06-19 05:13:36,1781846016,R_10,4846.792,-1,0.05999999999949068,BACKFILL_AUTO
2026-06-19 05:13:38,1781846018,R_10,4846.957,1,0.16499999999996362,BACKFILL_AUTO
2026-06-19 05:13:40,1781846020,R_10,4847.3,1,0.3429999999998472,BACKFILL_AUTO
2026-06-19 05:13:42,1781846022,R_10,4847.262,-1,0.03800000000046566,BACKFILL_AUTO
2026-06-19 05:13:44,1781846024,R_10,4847.297,1,0.03499999999985448,BACKFILL_AUTO
2026-06-19 05:13:46,1781846026,R_10,4847.333,1,0.03600000000005821,BACKFILL_AUTO
2026-06-19 05:13:48,1781846028,R_10,4847.531,1,0.19800000000032014,BACKFILL_AUTO
2026-06-19 05:13:50,1781846030,R_10,4847.7,1,0.16899999999986903,BACKFILL_AUTO
2026-06-19 05:13:52,1781846032,R_10,4847.914,1,0.2139999999999418,BACKFILL_AUTO
2026-06-19 05:13:54,1781846034,R_10,4847.822,-1,0.09199999999964348,BACKFILL_AUTO
2026-06-19 05:13:56,1781846036,R_10,4847.941,1,0.11899999999968713,BACKFILL_AUTO
2026-06-19 05:13:58,1781846038,R_10,4847.804,-1,0.13699999999971624,BACKFILL_AUTO
2026-06-19 05:14:00,1781846040,R_10,4847.757,-1,0.04700000000048021,BACKFILL_AUTO
2026-06-19 05:14:02,1781846042,R_10,4847.659,-1,0.09799999999995634,BACKFILL_AUTO
2026-06-19 05:14:04,1781846044,R_10,4847.724,1,0.06500000000050932,BACKFILL_AUTO
2026-06-19 05:14:06,1781846046,R_10,4847.545,-1,0.1790000000000873,BACKFILL_AUTO
2026-06-19 05:14:08,1781846048,R_10,4847.646,1,0.10099999999965803,BACKFILL_AUTO
2026-06-19 05:14:10,1781846050,R_10,4847.717,1,0.07099999999991269,BACKFILL_AUTO
2026-06-19 05:14:12,1781846052,R_10,4847.712,-1,0.004999999999199645,BACKFILL_AUTO
2026-06-19 05:14:14,1781846054,R_10,4847.742,1,0.02999999999974534,BACKFILL_AUTO
2026-06-19 05:14:16,1781846056,R_10,4847.793,1,0.05099999999947613,BACKFILL_AUTO
2026-06-19 05:14:18,1781846058,R_10,4847.725,-1,0.06799999999930151,BACKFILL_AUTO
2026-06-19 05:14:20,1781846060,R_10,4847.7,-1,0.025000000000545697,BACKFILL_AUTO
2026-06-19 05:14:22,1781846062,R_10,4847.75,1,0.0500000000001819,BACKFILL_AUTO
2026-06-19 05:14:24,1781846064,R_10,4847.807,1,0.056999999999789,BACKFILL_AUTO
2026-06-19 05:14:26,1781846066,R_10,4847.967,1,0.15999999999985448,BACKFILL_AUTO
2026-06-19 05:14:28,1781846068,R_10,4847.856,-1,0.11099999999987631,BACKFILL_AUTO
2026-06-19 05:14:30,1781846070,R_10,4847.854,-1,0.001999999999497959,BACKFILL_AUTO
2026-06-19 05:14:32,1781846072,R_10,4847.618,-1,0.2359999999998763,BACKFILL_AUTO
2026-06-19 05:14:34,1781846074,R_10,4847.823,1,0.20499999999992724,BACKFILL_AUTO
2026-06-19 05:14:36,1781846076,R_10,4848.14,1,0.3170000000000073,BACKFILL_AUTO
2026-06-19 05:14:38,1781846078,R_10,4848.046,-1,0.09400000000005093,BACKFILL_AUTO
2026-06-19 05:14:40,1781846080,R_10,4848.213,1,0.16699999999946158,BACKFILL_AUTO
2026-06-19 05:14:42,1781846082,R_10,4848.081,-1,0.1319999999996071,BACKFILL_AUTO
2026-06-19 05:14:44,1781846084,R_10,4848.136,1,0.05500000000029104,BACKFILL_AUTO
2026-06-19 05:14:46,1781846086,R_10,4848.144,1,0.007999999999810825,BACKFILL_AUTO
2026-06-19 05:14:48,1781846088,R_10,4847.92,-1,0.22400000000016007,BACKFILL_AUTO
2026-06-19 05:14:50,1781846090,R_10,4848.026,1,0.10599999999976717,BACKFILL_AUTO
2026-06-19 05:14:52,1781846092,R_10,4847.855,-1,0.1710000000002765,BACKFILL_AUTO
2026-06-19 05:14:54,1781846094,R_10,4847.775,-1,0.07999999999992724,BACKFILL_AUTO
2026-06-19 05:14:56,1781846096,R_10,4847.802,1,0.027000000000043656,BACKFILL_AUTO
2026-06-19 05:14:58,1781846098,R_10,4847.611,-1,0.19099999999980355,BACKFILL_AUTO
2026-06-19 05:15:00,1781846100,R_10,4847.641,1,0.02999999999974534,BACKFILL_AUTO
2026-06-19 05:15:02,1781846102,R_10,4847.725,1,0.08400000000074215,BACKFILL_AUTO
2026-06-19 05:15:04,1781846104,R_10,4847.858,1,0.13299999999981083,BACKFILL_AUTO
2026-06-19 05:15:06,1781846106,R_10,4847.941,1,0.08299999999962893,BACKFILL_AUTO
2026-06-19 05:15:08,1781846108,R_10,4847.818,-1,0.12299999999959255,BACKFILL_AUTO
2026-06-19 05:15:10,1781846110,R_10,4847.821,1,0.0029999999997016857,BACKFILL_AUTO
2026-06-19 05:15:12,1781846112,R_10,4848.023,1,0.20200000000022555,BACKFILL_AUTO
2026-06-19 05:15:14,1781846114,R_10,4848.143,1,0.11999999999989086,BACKFILL_AUTO
2026-06-19 05:15:16,1781846116,R_10,4848.076,-1,0.06700000000000728,BACKFILL_AUTO
2026-06-19 05:15:18,1781846118,R_10,4848.164,1,0.08799999999973807,BACKFILL_AUTO
2026-06-19 05:15:20,1781846120,R_10,4848.05,-1,0.113999999999578,BACKFILL_AUTO
2026-06-19 05:15:22,1781846122,R_10,4848.234,1,0.18400000000019645,BACKFILL_AUTO
2026-06-19 05:15:24,1781846124,R_10,4848.288,1,0.05399999999917782,BACKFILL_AUTO
2026-06-19 05:15:26,1781846126,R_10,4848.038,-1,0.25,BACKFILL_AUTO
2026-06-19 05:15:28,1781846128,R_10,4848.15,1,0.11200000000008004,BACKFILL_AUTO
2026-06-19 05:15:30,1781846130,R_10,4848.171,1,0.021000000000640284,BACKFILL_AUTO
2026-06-19 05:15:32,1781846132,R_10,4848.145,-1,0.02599999999983993,BACKFILL_AUTO
2026-06-19 05:15:34,1781846134,R_10,4848.045,-1,0.1000000000003638,BACKFILL_AUTO
2026-06-19 05:15:36,1781846136,R_10,4847.916,-1,0.1289999999999054,BACKFILL_AUTO
2026-06-19 05:15:38,1781846138,R_10,4847.887,-1,0.02900000000045111,BACKFILL_AUTO
2026-06-19 05:15:40,1781846140,R_10,4847.63,-1,0.2569999999996071,BACKFILL_AUTO
2026-06-19 05:15:42,1781846142,R_10,4847.537,-1,0.0929999999998472,BACKFILL_AUTO
2026-06-19 05:15:44,1781846144,R_10,4847.525,-1,0.012000000000625732,BACKFILL_AUTO
2026-06-19 05:15:46,1781846146,R_10,4847.526,1,0.0010000000002037268,BACKFILL_AUTO
2026-06-19 05:15:48,1781846148,R_10,4847.494,-1,0.032000000000152795,BACKFILL_AUTO
2026-06-19 05:15:50,1781846150,R_10,4847.378,-1,0.11599999999998545,BACKFILL_AUTO
2026-06-19 05:15:52,1781846152,R_10,4847.356,-1,0.021999999999934516,BACKFILL_AUTO
2026-06-19 05:15:54,1781846154,R_10,4847.61,1,0.2539999999999054,BACKFILL_AUTO
2026-06-19 05:15:56,1781846156,R_10,4847.559,-1,0.05099999999947613,BACKFILL_AUTO
2026-06-19 05:15:58,1781846158,R_10,4847.677,1,0.11799999999948341,BACKFILL_AUTO
2026-06-19 05:16:00,1781846160,R_10,4847.741,1,0.06400000000030559,BACKFILL_AUTO
2026-06-19 05:16:02,1781846162,R_10,4847.833,1,0.09199999999964348,BACKFILL_AUTO
2026-06-19 05:16:04,1781846164,R_10,4847.811,-1,0.021999999999934516,BACKFILL_AUTO
2026-06-19 05:16:06,1781846166,R_10,4847.903,1,0.09200000000055297,BACKFILL_AUTO
2026-06-19 05:16:08,1781846168,R_10,4847.941,1,0.03799999999955617,BACKFILL_AUTO
2026-06-19 05:16:10,1781846170,R_10,4847.646,-1,0.29500000000007276,BACKFILL_AUTO
2026-06-19 05:16:12,1781846172,R_10,4847.644,-1,0.001999999999497959,BACKFILL_AUTO
2026-06-19 05:16:14,1781846174,R_10,4847.748,1,0.10399999999935972,BACKFILL_AUTO
2026-06-19 05:16:16,1781846176,R_10,4847.892,1,0.14400000000023283,BACKFILL_AUTO
2026-06-19 05:16:18,1781846178,R_10,4847.758,-1,0.13400000000001455,BACKFILL_AUTO
2026-06-19 05:16:20,1781846180,R_10,4847.908,1,0.1500000000005457,BACKFILL_AUTO
2026-06-19 05:16:22,1781846182,R_10,4847.915,1,0.006999999999607098,BACKFILL_AUTO
2026-06-19 05:16:24,1781846184,R_10,4847.773,-1,0.14199999999982538,BACKFILL_AUTO
2026-06-19 05:16:26,1781846186,R_10,4847.815,1,0.04199999999946158,BACKFILL_AUTO
2026-06-19 05:16:28,1781846188,R_10,4847.624,-1,0.19099999999980355,BACKFILL_AUTO
2026-06-19 05:16:30,1781846190,R_10,4847.836,1,0.21200000000044383,BACKFILL_AUTO
2026-06-19 05:16:32,1781846192,R_10,4847.872,1,0.03600000000005821,BACKFILL_AUTO
2026-06-19 05:16:34,1781846194,R_10,4847.977,1,0.10499999999956344,BACKFILL_AUTO
2026-06-19 05:16:36,1781846196,R_10,4847.823,-1,0.15399999999954161,BACKFILL_AUTO
2026-06-19 05:16:38,1781846198,R_10,4847.81,-1,0.012999999999919964,BACKFILL_AUTO
2026-06-19 05:16:40,1781846200,R_10,4847.839,1,0.028999999999541615,BACKFILL_AUTO
2026-06-19 05:16:42,1781846202,R_10,4847.865,1,0.02599999999983993,BACKFILL_AUTO
2026-06-19 05:16:44,1781846204,R_10,4848.097,1,0.2319999999999709,BACKFILL_AUTO
2026-06-19 05:16:46,1781846206,R_10,4848.163,1,0.06599999999980355,BACKFILL_AUTO
2026-06-19 05:16:48,1781846208,R_10,4848.088,-1,0.0749999999998181,BACKFILL_AUTO
2026-06-19 05:16:50,1781846210,R_10,4848.024,-1,0.0639999999993961,BACKFILL_AUTO
2026-06-19 05:16:52,1781846212,R_10,4847.989,-1,0.035000000000763976,BACKFILL_AUTO
2026-06-19 05:16:54,1781846214,R_10,4847.943,-1,0.04599999999936699,BACKFILL_AUTO
2026-06-19 05:16:56,1781846216,R_10,4847.841,-1,0.10199999999986176,BACKFILL_AUTO
2026-06-19 05:16:58,1781846218,R_10,4847.776,-1,0.06500000000050932,BACKFILL_AUTO
2026-06-19 05:17:00,1781846220,R_10,4847.796,1,0.020000000000436557,BACKFILL_AUTO
2026-06-19 05:17:02,1781846222,R_10,4847.808,1,0.011999999999716238,BACKFILL_AUTO
2026-06-19 05:17:04,1781846224,R_10,4847.699,-1,0.10900000000037835,BACKFILL_AUTO
2026-06-19 05:17:06,1781846226,R_10,4847.814,1,0.11500000000069122,BACKFILL_AUTO
2026-06-19 05:17:08,1781846228,R_10,4847.706,-1,0.10800000000017462,BACKFILL_AUTO
2026-06-19 05:17:10,1781846230,R_10,4847.702,-1,0.0039999999999054126,BACKFILL_AUTO
2026-06-19 05:17:12,1781846232,R_10,4847.668,-1,0.03400000000056025,BACKFILL_AUTO
2026-06-19 05:17:14,1781846234,R_10,4847.885,1,0.21700000000055297,BACKFILL_AUTO
2026-06-19 05:17:16,1781846236,R_10,4847.916,1,0.03099999999994907,BACKFILL_AUTO
2026-06-19 05:17:18,1781846238,R_10,4847.942,1,0.02599999999983993,BACKFILL_AUTO
2026-06-19 05:17:20,1781846240,R_10,4848.016,1,0.07399999999961437,BACKFILL_AUTO
2026-06-19 05:17:22,1781846242,R_10,4848.009,-1,0.006999999999607098,BACKFILL_AUTO
2026-06-19 05:17:24,1781846244,R_10,4848.02,1,0.011000000000422006,BACKFILL_AUTO
2026-06-19 05:17:26,1781846246,R_10,4848.117,1,0.09699999999975262,BACKFILL_AUTO
2026-06-19 05:17:28,1781846248,R_10,4848.075,-1,0.042000000000371074,BACKFILL_AUTO
2026-06-19 05:17:30,1781846250,R_10,4848.118,1,0.0430000000005748,BACKFILL_AUTO
2026-06-19 05:17:32,1781846252,R_10,4848.092,-1,0.026000000000749424,BACKFILL_AUTO
2026-06-19 05:17:34,1781846254,R_10,4847.745,-1,0.3469999999997526,BACKFILL_AUTO
2026-06-19 05:17:36,1781846256,R_10,4847.724,-1,0.02099999999973079,BACKFILL_AUTO
2026-06-19 05:17:38,1781846258,R_10,4847.684,-1,0.03999999999996362,BACKFILL_AUTO
2026-06-19 05:17:40,1781846260,R_10,4847.609,-1,0.0749999999998181,BACKFILL_AUTO
2026-06-19 05:17:42,1781846262,R_10,4847.579,-1,0.030000000000654836,BACKFILL_AUTO
2026-06-19 05:17:44,1781846264,R_10,4847.666,1,0.08700000000044383,BACKFILL_AUTO
2026-06-19 05:17:46,1781846266,R_10,4847.43,-1,0.2359999999998763,BACKFILL_AUTO
2026-06-19 05:17:48,1781846268,R_10,4847.486,1,0.05599999999958527,BACKFILL_AUTO
2026-06-19 05:17:50,1781846270,R_10,4847.451,-1,0.03499999999985448,BACKFILL_AUTO
2026-06-19 05:17:52,1781846272,R_10,4847.547,1,0.09599999999954889,BACKFILL_AUTO
2026-06-19 05:17:54,1781846274,R_10,4847.498,-1,0.04899999999997817,BACKFILL_AUTO
2026-06-19 05:17:56,1781846276,R_10,4847.553,1,0.05500000000029104,BACKFILL_AUTO
2026-06-19 05:17:58,1781846278,R_10,4847.498,-1,0.05500000000029104,BACKFILL_AUTO
2026-06-19 05:18:00,1781846280,R_10,4847.548,1,0.0500000000001819,BACKFILL_AUTO
2026-06-19 05:18:02,1781846282,R_10,4847.546,-1,0.001999999999497959,BACKFILL_AUTO
2026-06-19 05:18:04,1781846284,R_10,4847.519,-1,0.027000000000043656,BACKFILL_AUTO
2026-06-19 05:18:06,1781846286,R_10,4847.595,1,0.07600000000002183,BACKFILL_AUTO
2026-06-19 05:18:08,1781846288,R_10,4847.604,1,0.009000000000014552,BACKFILL_AUTO
2026-06-19 05:18:10,1781846290,R_10,4847.637,1,0.03299999999944703,BACKFILL_AUTO
2026-06-19 05:18:12,1781846292,R_10,4847.641,1,0.0039999999999054126,BACKFILL_AUTO
2026-06-19 05:18:14,1781846294,R_10,4847.451,-1,0.18999999999959982,BACKFILL_AUTO
2026-06-19 05:18:16,1781846296,R_10,4847.373,-1,0.07800000000042928,BACKFILL_AUTO
2026-06-19 05:18:18,1781846298,R_10,4847.436,1,0.06300000000010186,BACKFILL_AUTO
2026-06-19 05:18:20,1781846300,R_10,4847.669,1,0.23300000000017462,BACKFILL_AUTO
2026-06-19 05:18:22,1781846302,R_10,4847.793,1,0.12399999999979627,BACKFILL_AUTO
2026-06-19 05:18:24,1781846304,R_10,4847.72,-1,0.07299999999941065,BACKFILL_AUTO
2026-06-19 05:18:26,1781846306,R_10,4847.756,1,0.03600000000005821,BACKFILL_AUTO
2026-06-19 05:18:28,1781846308,R_10,4847.75,-1,0.006000000000312866,BACKFILL_AUTO
2026-06-19 05:18:30,1781846310,R_10,4847.81,1,0.06000000000040018,BACKFILL_AUTO
2026-06-19 05:18:32,1781846312,R_10,4847.764,-1,0.046000000000276486,BACKFILL_AUTO
2026-06-19 05:18:34,1781846314,R_10,4847.564,-1,0.1999999999998181,BACKFILL_AUTO
2026-06-19 05:18:36,1781846316,R_10,4847.529,-1,0.03499999999985448,BACKFILL_AUTO
2026-06-19 05:18:38,1781846318,R_10,4847.368,-1,0.1610000000000582,BACKFILL_AUTO
2026-06-19 05:18:40,1781846320,R_10,4847.559,1,0.19099999999980355,BACKFILL_AUTO
2026-06-19 05:18:42,1781846322,R_10,4847.569,1,0.010000000000218279,BACKFILL_AUTO
2026-06-19 05:18:44,1781846324,R_10,4847.663,1,0.09399999999914144,BACKFILL_AUTO
2026-06-19 05:18:46,1781846326,R_10,4847.746,1,0.08300000000053842,BACKFILL_AUTO
2026-06-19 05:18:48,1781846328,R_10,4847.674,-1,0.07200000000011642,BACKFILL_AUTO
2026-06-19 05:18:50,1781846330,R_10,4847.556,-1,0.1180000000003929,BACKFILL_AUTO
2026-06-19 05:18:52,1781846332,R_10,4847.505,-1,0.05099999999947613,BACKFILL_AUTO
2026-06-19 05:18:54,1781846334,R_10,4847.399,-1,0.10599999999976717,BACKFILL_AUTO
2026-06-19 05:18:56,1781846336,R_10,4847.436,1,0.03699999999935244,BACKFILL_AUTO
2026-06-19 05:18:58,1781846338,R_10,4847.665,1,0.2290000000002692,BACKFILL_AUTO
2026-06-19 05:19:00,1781846340,R_10,4847.523,-1,0.14199999999982538,BACKFILL_AUTO
2026-06-19 05:19:02,1781846342,R_10,4847.466,-1,0.056999999999789,BACKFILL_AUTO
2026-06-19 05:19:04,1781846344,R_10,4847.611,1,0.14499999999952706,BACKFILL_AUTO
2026-06-19 05:19:06,1781846346,R_10,4847.63,1,0.01900000000023283,BACKFILL_AUTO
2026-06-19 05:19:08,1781846348,R_10,4847.568,-1,0.06199999999989814,BACKFILL_AUTO
2026-06-19 05:19:10,1781846350,R_10,4847.697,1,0.1289999999999054,BACKFILL_AUTO
2026-06-19 05:19:12,1781846352,R_10,4847.548,-1,0.14900000000034197,BACKFILL_AUTO
2026-06-19 05:19:14,1781846354,R_10,4847.787,1,0.2390000000004875,BACKFILL_AUTO
2026-06-19 05:19:16,1781846356,R_10,4847.635,-1,0.15200000000004366,BACKFILL_AUTO
2026-06-19 05:19:18,1781846358,R_10,4847.446,-1,0.1890000000003056,BACKFILL_AUTO
2026-06-19 05:19:20,1781846360,R_10,4847.301,-1,0.14499999999952706,BACKFILL_AUTO
2026-06-19 05:19:22,1781846362,R_10,4847.423,1,0.12199999999938882,BACKFILL_AUTO
2026-06-19 05:19:24,1781846364,R_10,4847.336,-1,0.08699999999953434,BACKFILL_AUTO
2026-06-19 05:19:26,1781846366,R_10,4847.285,-1,0.051000000000385626,BACKFILL_AUTO
2026-06-19 05:19:28,1781846368,R_10,4847.359,1,0.07400000000052387,BACKFILL_AUTO
2026-06-19 05:19:30,1781846370,R_10,4847.553,1,0.19399999999950523,BACKFILL_AUTO
2026-06-19 05:19:32,1781846372,R_10,4847.713,1,0.15999999999985448,BACKFILL_AUTO
2026-06-19 05:19:34,1781846374,R_10,4847.755,1,0.042000000000371074,BACKFILL_AUTO
2026-06-19 05:19:36,1781846376,R_10,4847.791,1,0.03600000000005821,BACKFILL_AUTO
2026-06-19 05:19:38,1781846378,R_10,4848.006,1,0.21500000000014552,BACKFILL_AUTO
2026-06-19 05:19:40,1781846380,R_10,4847.868,-1,0.13799999999991996,BACKFILL_AUTO
2026-06-19 05:19:42,1781846382,R_10,4847.828,-1,0.03999999999996362,BACKFILL_AUTO
2026-06-19 05:19:44,1781846384,R_10,4847.878,1,0.049999999999272404,BACKFILL_AUTO
2026-06-19 05:19:46,1781846386,R_10,4848.045,1,0.16700000000037107,BACKFILL_AUTO
2026-06-19 05:19:48,1781846388,R_10,4847.974,-1,0.07099999999991269,BACKFILL_AUTO
2026-06-19 05:19:50,1781846390,R_10,4848.054,1,0.07999999999992724,BACKFILL_AUTO
2026-06-19 05:19:52,1781846392,R_10,4848.042,-1,0.011999999999716238,BACKFILL_AUTO
2026-06-19 05:19:54,1781846394,R_10,4848.13,1,0.08799999999973807,BACKFILL_AUTO
2026-06-19 05:19:56,1781846396,R_10,4848.097,-1,0.03300000000035652,BACKFILL_AUTO
2026-06-19 05:19:58,1781846398,R_10,4848.075,-1,0.021999999999934516,BACKFILL_AUTO
2026-06-19 05:20:00,1781846400,R_10,4848.083,1,0.007999999999810825,BACKFILL_AUTO
2026-06-19 05:20:02,1781846402,R_10,4848.095,1,0.012000000000625732,BACKFILL_AUTO
2026-06-19 05:20:04,1781846404,R_10,4848.082,-1,0.012999999999919964,BACKFILL_AUTO
2026-06-19 05:20:06,1781846406,R_10,4847.84,-1,0.24200000000018917,BACKFILL_AUTO
2026-06-19 05:20:08,1781846408,R_10,4847.967,1,0.12699999999949796,BACKFILL_AUTO
2026-06-19 05:20:10,1781846410,R_10,4847.956,-1,0.01099999999951251,BACKFILL_AUTO
2026-06-19 05:20:12,1781846412,R_10,4848.194,1,0.23800000000028376,BACKFILL_AUTO
2026-06-19 05:20:14,1781846414,R_10,4847.946,-1,0.24800000000050204,BACKFILL_AUTO
2026-06-19 05:20:16,1781846416,R_10,4847.906,-1,0.03999999999996362,BACKFILL_AUTO
2026-06-19 05:20:18,1781846418,R_10,4848.067,1,0.1610000000000582,BACKFILL_AUTO
2026-06-19 05:20:20,1781846420,R_10,4848.104,1,0.037000000000261934,BACKFILL_AUTO
2026-06-19 05:20:22,1781846422,R_10,4848.13,1,0.02599999999983993,BACKFILL_AUTO
2026-06-19 05:20:24,1781846424,R_10,4848.032,-1,0.09799999999995634,BACKFILL_AUTO
2026-06-19 05:20:26,1781846426,R_10,4847.903,-1,0.1289999999999054,BACKFILL_AUTO
2026-06-19 05:20:28,1781846428,R_10,4847.836,-1,0.06700000000000728,BACKFILL_AUTO
2026-06-19 05:20:30,1781846430,R_10,4848.039,1,0.2029999999995198,BACKFILL_AUTO
2026-06-19 05:20:32,1781846432,R_10,4848.098,1,0.05900000000019645,BACKFILL_AUTO
2026-06-19 05:20:34,1781846434,R_10,4848.423,1,0.3249999999998181,BACKFILL_AUTO
2026-06-19 05:20:36,1781846436,R_10,4848.227,-1,0.1959999999999127,BACKFILL_AUTO
2026-06-19 05:20:38,1781846438,R_10,4848.233,1,0.006000000000312866,BACKFILL_AUTO
2026-06-19 05:20:40,1781846440,R_10,4848.087,-1,0.1459999999997308,BACKFILL_AUTO
2026-06-19 05:20:42,1781846442,R_10,4848.278,1,0.19099999999980355,BACKFILL_AUTO
2026-06-19 05:20:44,1781846444,R_10,4848.331,1,0.052999999999883585,BACKFILL_AUTO
2026-06-19 05:20:46,1781846446,R_10,4848.323,-1,0.007999999999810825,BACKFILL_AUTO
2026-06-19 05:20:48,1781846448,R_10,4848.336,1,0.012999999999919964,BACKFILL_AUTO
2026-06-19 05:20:50,1781846450,R_10,4848.203,-1,0.13299999999981083,BACKFILL_AUTO
2026-06-19 05:20:52,1781846452,R_10,4848.169,-1,0.03400000000056025,BACKFILL_AUTO
2026-06-19 05:20:54,1781846454,R_10,4848.322,1,0.15300000000024738,BACKFILL_AUTO
2026-06-19 05:20:56,1781846456,R_10,4848.367,1,0.04500000000007276,BACKFILL_AUTO
2026-06-19 05:20:58,1781846458,R_10,4848.165,-1,0.20200000000022555,BACKFILL_AUTO
2026-06-19 05:21:00,1781846460,R_10,4848.236,1,0.07099999999991269,BACKFILL_AUTO
2026-06-19 05:21:02,1781846462,R_10,4848.281,1,0.04500000000007276,BACKFILL_AUTO
2026-06-19 05:21:04,1781846464,R_10,4848.251,-1,0.02999999999974534,BACKFILL_AUTO
2026-06-19 05:21:06,1781846466,R_10,4848.213,-1,0.03800000000046566,BACKFILL_AUTO
2026-06-19 05:21:08,1781846468,R_10,4848.168,-1,0.04500000000007276,BACKFILL_AUTO
2026-06-19 05:21:10,1781846470,R_10,4848.156,-1,0.011999999999716238,BACKFILL_AUTO
2026-06-19 05:21:12,1781846472,R_10,4848.093,-1,0.06300000000010186,BACKFILL_AUTO
2026-06-19 05:21:14,1781846474,R_10,4848.351,1,0.2579999999998108,BACKFILL_AUTO
2026-06-19 05:21:16,1781846476,R_10,4848.464,1,0.11300000000028376,BACKFILL_AUTO
2026-06-19 05:21:18,1781846478,R_10,4848.52,1,0.056000000000494765,BACKFILL_AUTO
2026-06-19 05:21:20,1781846480,R_10,4848.542,1,0.021999999999934516,BACKFILL_AUTO
2026-06-19 05:21:22,1781846482,R_10,4848.338,-1,0.204000000000633,BACKFILL_AUTO
2026-06-19 05:21:24,1781846484,R_10,4848.659,1,0.3209999999999127,BACKFILL_AUTO
2026-06-19 05:21:26,1781846486,R_10,4848.442,-1,0.21699999999964348,BACKFILL_AUTO
2026-06-19 05:21:28,1781846488,R_10,4848.525,1,0.08299999999962893,BACKFILL_AUTO
2026-06-19 05:21:30,1781846490,R_10,4848.548,1,0.023000000000138243,BACKFILL_AUTO
2026-06-19 05:21:32,1781846492,R_10,4848.424,-1,0.12399999999979627,BACKFILL_AUTO
2026-06-19 05:21:34,1781846494,R_10,4848.293,-1,0.13100000000031287,BACKFILL_AUTO
2026-06-19 05:21:36,1781846496,R_10,4848.163,-1,0.13000000000010914,BACKFILL_AUTO
2026-06-19 05:21:38,1781846498,R_10,4848.223,1,0.06000000000040018,BACKFILL_AUTO
2026-06-19 05:21:40,1781846500,R_10,4848.057,-1,0.16600000000016735,BACKFILL_AUTO
2026-06-19 05:21:42,1781846502,R_10,4848.029,-1,0.027999999999337888,BACKFILL_AUTO
2026-06-19 05:21:44,1781846504,R_10,4848.174,1,0.14499999999952706,BACKFILL_AUTO
2026-06-19 05:21:46,1781846506,R_10,4848.197,1,0.023000000000138243,BACKFILL_AUTO
2026-06-19 05:21:48,1781846508,R_10,4848.222,1,0.024999999999636202,BACKFILL_AUTO
2026-06-19 05:21:50,1781846510,R_10,4848.089,-1,0.13299999999981083,BACKFILL_AUTO
2026-06-19 05:21:52,1781846512,R_10,4848.225,1,0.136000000000422,BACKFILL_AUTO
2026-06-19 05:21:54,1781846514,R_10,4848.155,-1,0.07000000000061846,BACKFILL_AUTO
2026-06-19 05:21:56,1781846516,R_10,4848.124,-1,0.03099999999994907,BACKFILL_AUTO
2026-06-19 05:21:58,1781846518,R_10,4848.041,-1,0.08299999999962893,BACKFILL_AUTO
2026-06-19 05:22:00,1781846520,R_10,4848.002,-1,0.03899999999975989,BACKFILL_AUTO
2026-06-19 05:22:02,1781846522,R_10,4847.957,-1,0.04500000000007276,BACKFILL_AUTO
2026-06-19 05:22:04,1781846524,R_10,4848.014,1,0.056999999999789,BACKFILL_AUTO
2026-06-19 05:22:06,1781846526,R_10,4848.039,1,0.024999999999636202,BACKFILL_AUTO
2026-06-19 05:22:08,1781846528,R_10,4848.12,1,0.08100000000013097,BACKFILL_AUTO
2026-06-19 05:22:10,1781846530,R_10,4848.182,1,0.06199999999989814,BACKFILL_AUTO
2026-06-19 05:22:12,1781846532,R_10,4848.122,-1,0.05999999999949068,BACKFILL_AUTO
2026-06-19 05:22:14,1781846534,R_10,4848.237,1,0.11499999999978172,BACKFILL_AUTO
2026-06-19 05:22:16,1781846536,R_10,4848.387,1,0.1499999999996362,BACKFILL_AUTO
2026-06-19 05:22:18,1781846538,R_10,4848.169,-1,0.2179999999998472,BACKFILL_AUTO
2026-06-19 05:22:20,1781846540,R_10,4848.134,-1,0.03499999999985448,BACKFILL_AUTO
2026-06-19 05:22:22,1781846542,R_10,4848.304,1,0.17000000000007276,BACKFILL_AUTO
2026-06-19 05:22:24,1781846544,R_10,4848.31,1,0.006000000000312866,BACKFILL_AUTO
2026-06-19 05:22:26,1781846546,R_10,4848.435,1,0.125,BACKFILL_AUTO
2026-06-19 05:22:28,1781846548,R_10,4848.389,-1,0.046000000000276486,BACKFILL_AUTO
2026-06-19 05:22:30,1781846550,R_10,4848.627,1,0.23800000000028376,BACKFILL_AUTO
2026-06-19 05:22:32,1781846552,R_10,4848.38,-1,0.24700000000029831,BACKFILL_AUTO
2026-06-19 05:22:34,1781846554,R_10,4848.112,-1,0.2680000000000291,BACKFILL_AUTO
2026-06-19 05:22:36,1781846556,R_10,4848.021,-1,0.09100000000034925,BACKFILL_AUTO
2026-06-19 05:22:38,1781846558,R_10,4848.072,1,0.051000000000385626,BACKFILL_AUTO
2026-06-19 05:22:40,1781846560,R_10,4848.06,-1,0.011999999999716238,BACKFILL_AUTO
2026-06-19 05:22:42,1781846562,R_10,4847.929,-1,0.13100000000031287,BACKFILL_AUTO
2026-06-19 05:22:44,1781846564,R_10,4847.898,-1,0.03099999999994907,BACKFILL_AUTO
2026-06-19 05:22:46,1781846566,R_10,4847.757,-1,0.14100000000053114,BACKFILL_AUTO
2026-06-19 05:22:48,1781846568,R_10,4847.892,1,0.13500000000021828,BACKFILL_AUTO
2026-06-19 05:22:50,1781846570,R_10,4847.926,1,0.03400000000056025,BACKFILL_AUTO
2026-06-19 05:22:52,1781846572,R_10,4847.82,-1,0.10600000000067666,BACKFILL_AUTO
2026-06-19 05:22:54,1781846574,R_10,4847.876,1,0.056000000000494765,BACKFILL_AUTO
2026-06-19 05:22:56,1781846576,R_10,4847.654,-1,0.22199999999975262,BACKFILL_AUTO
2026-06-19 05:22:58,1781846578,R_10,4847.551,-1,0.10300000000006548,BACKFILL_AUTO
2026-06-19 05:23:00,1781846580,R_10,4847.609,1,0.057999999999992724,BACKFILL_AUTO
2026-06-19 05:23:02,1781846582,R_10,4847.913,1,0.3039999999991778,BACKFILL_AUTO
2026-06-19 05:23:04,1781846584,R_10,4847.834,-1,0.07899999999972351,BACKFILL_AUTO
2026-06-19 05:23:06,1781846586,R_10,4847.856,1,0.021999999999934516,BACKFILL_AUTO
2026-06-19 05:23:08,1781846588,R_10,4848.066,1,0.21000000000003638,BACKFILL_AUTO
2026-06-19 05:23:10,1781846590,R_10,4848.059,-1,0.006999999999607098,BACKFILL_AUTO
2026-06-19 05:23:12,1781846592,R_10,4848.047,-1,0.012000000000625732,BACKFILL_AUTO
2026-06-19 05:23:14,1781846594,R_10,4847.936,-1,0.11099999999987631,BACKFILL_AUTO
2026-06-19 05:23:16,1781846596,R_10,4847.893,-1,0.042999999999665306,BACKFILL_AUTO
2026-06-19 05:23:18,1781846598,R_10,4847.812,-1,0.08100000000013097,BACKFILL_AUTO
2026-06-19 05:23:20,1781846600,R_10,4848.095,1,0.2830000000003565,BACKFILL_AUTO
2026-06-19 05:23:22,1781846602,R_10,4847.973,-1,0.12200000000029831,BACKFILL_AUTO
2026-06-19 05:23:24,1781846604,R_10,4847.937,-1,0.03600000000005821,BACKFILL_AUTO
2026-06-19 05:23:26,1781846606,R_10,4847.858,-1,0.07899999999972351,BACKFILL_AUTO
2026-06-19 05:23:28,1781846608,R_10,4847.716,-1,0.14199999999982538,BACKFILL_AUTO
2026-06-19 05:23:30,1781846610,R_10,4847.825,1,0.10899999999946886,BACKFILL_AUTO
2026-06-19 05:23:32,1781846612,R_10,4847.774,-1,0.05099999999947613,BACKFILL_AUTO
2026-06-19 05:23:34,1781846614,R_10,4847.889,1,0.11499999999978172,BACKFILL_AUTO
2026-06-19 05:23:36,1781846616,R_10,4847.792,-1,0.09699999999975262,BACKFILL_AUTO
2026-06-19 05:23:38,1781846618,R_10,4847.52,-1,0.2719999999999345,BACKFILL_AUTO
2026-06-19 05:23:40,1781846620,R_10,4847.536,1,0.01599999999962165,BACKFILL_AUTO
2026-06-19 05:23:42,1781846622,R_10,4847.437,-1,0.09900000000016007,BACKFILL_AUTO
2026-06-19 05:23:44,1781846624,R_10,4847.403,-1,0.033999999999650754,BACKFILL_AUTO
2026-06-19 05:23:46,1781846626,R_10,4847.324,-1,0.07900000000063301,BACKFILL_AUTO
2026-06-19 05:23:48,1781846628,R_10,4847.4,1,0.07600000000002183,BACKFILL_AUTO
2026-06-19 05:23:50,1781846630,R_10,4847.398,-1,0.001999999999497959,BACKFILL_AUTO
2026-06-19 05:23:52,1781846632,R_10,4847.499,1,0.10099999999965803,BACKFILL_AUTO
2026-06-19 05:23:54,1781846634,R_10,4847.769,1,0.27000000000043656,BACKFILL_AUTO
2026-06-19 05:23:56,1781846636,R_10,4847.772,1,0.0029999999997016857,BACKFILL_AUTO
2026-06-19 05:23:58,1781846638,R_10,4847.675,-1,0.09699999999975262,BACKFILL_AUTO
2026-06-19 05:24:00,1781846640,R_10,4847.637,-1,0.03800000000046566,BACKFILL_AUTO
2026-06-19 05:24:02,1781846642,R_10,4847.543,-1,0.09400000000005093,BACKFILL_AUTO
2026-06-19 05:24:04,1781846644,R_10,4847.636,1,0.0930000000007567,BACKFILL_AUTO
2026-06-19 05:24:06,1781846646,R_10,4847.477,-1,0.15900000000056025,BACKFILL_AUTO
2026-06-19 05:24:08,1781846648,R_10,4847.332,-1,0.14499999999952706,BACKFILL_AUTO
2026-06-19 05:24:10,1781846650,R_10,4847.344,1,0.011999999999716238,BACKFILL_AUTO
2026-06-19 05:24:12,1781846652,R_10,4847.424,1,0.07999999999992724,BACKFILL_AUTO
2026-06-19 05:24:14,1781846654,R_10,4847.466,1,0.042000000000371074,BACKFILL_AUTO
2026-06-19 05:24:16,1781846656,R_10,4847.721,1,0.25499999999919964,BACKFILL_AUTO
2026-06-19 05:24:18,1781846658,R_10,4847.74,1,0.01900000000023283,BACKFILL_AUTO
2026-06-19 05:24:20,1781846660,R_10,4847.738,-1,0.001999999999497959,BACKFILL_AUTO
2026-06-19 05:24:22,1781846662,R_10,4847.568,-1,0.17000000000007276,BACKFILL_AUTO
2026-06-19 05:24:24,1781846664,R_10,4847.436,-1,0.1320000000005166,BACKFILL_AUTO
2026-06-19 05:24:26,1781846666,R_10,4847.433,-1,0.0029999999997016857,BACKFILL_AUTO
2026-06-19 05:24:28,1781846668,R_10,4847.466,1,0.03300000000035652,BACKFILL_AUTO
2026-06-19 05:24:30,1781846670,R_10,4847.246,-1,0.22000000000025466,BACKFILL_AUTO
2026-06-19 05:24:32,1781846672,R_10,4847.399,1,0.15300000000024738,BACKFILL_AUTO
2026-06-19 05:24:34,1781846674,R_10,4847.04,-1,0.35900000000037835,BACKFILL_AUTO
2026-06-19 05:24:36,1781846676,R_10,4847.318,1,0.2780000000002474,BACKFILL_AUTO
2026-06-19 05:24:38,1781846678,R_10,4847.252,-1,0.06599999999980355,BACKFILL_AUTO
2026-06-19 05:24:40,1781846680,R_10,4847.192,-1,0.06000000000040018,BACKFILL_AUTO
2026-06-19 05:24:42,1781846682,R_10,4847.031,-1,0.1610000000000582,BACKFILL_AUTO
2026-06-19 05:24:44,1781846684,R_10,4847.031,0,0.0,BACKFILL_AUTO
2026-06-19 05:24:46,1781846686,R_10,4847.265,1,0.23400000000037835,BACKFILL_AUTO
2026-06-19 05:24:48,1781846688,R_10,4847.349,1,0.08399999999983265,BACKFILL_AUTO
2026-06-19 05:24:50,1781846690,R_10,4847.434,1,0.08500000000003638,BACKFILL_AUTO
2026-06-19 05:24:52,1781846692,R_10,4847.583,1,0.14899999999943248,BACKFILL_AUTO
2026-06-19 05:24:54,1781846694,R_10,4847.599,1,0.016000000000531145,BACKFILL_AUTO
2026-06-19 05:24:56,1781846696,R_10,4847.632,1,0.03299999999944703,BACKFILL_AUTO
2026-06-19 05:24:58,1781846698,R_10,4847.552,-1,0.07999999999992724,BACKFILL_AUTO
2026-06-19 05:25:00,1781846700,R_10,4847.491,-1,0.06099999999969441,BACKFILL_AUTO
2026-06-19 05:25:02,1781846702,R_10,4847.328,-1,0.16299999999955617,BACKFILL_AUTO
2026-06-19 05:25:04,1781846704,R_10,4847.266,-1,0.06200000000080763,BACKFILL_AUTO
2026-06-19 05:25:06,1781846706,R_10,4847.451,1,0.18500000000040018,BACKFILL_AUTO
2026-06-19 05:25:08,1781846708,R_10,4847.323,-1,0.12799999999970169,BACKFILL_AUTO
2026-06-19 05:25:10,1781846710,R_10,4847.428,1,0.10499999999956344,BACKFILL_AUTO
2026-06-19 05:25:12,1781846712,R_10,4847.55,1,0.12200000000029831,BACKFILL_AUTO
2026-06-19 05:25:14,1781846714,R_10,4847.554,1,0.0039999999999054126,BACKFILL_AUTO
2026-06-19 05:25:16,1781846716,R_10,4847.56,1,0.006000000000312866,BACKFILL_AUTO
2026-06-19 05:25:18,1781846718,R_10,4847.483,-1,0.07700000000022555,BACKFILL_AUTO
2026-06-19 05:25:20,1781846720,R_10,4847.54,1,0.056999999999789,BACKFILL_AUTO
2026-06-19 05:25:22,1781846722,R_10,4847.645,1,0.10500000000047294,BACKFILL_AUTO
2026-06-19 05:25:24,1781846724,R_10,4847.619,-1,0.026000000000749424,BACKFILL_AUTO
2026-06-19 05:25:26,1781846726,R_10,4847.48,-1,0.1390000000001237,BACKFILL_AUTO
2026-06-19 05:25:28,1781846728,R_10,4847.273,-1,0.2069999999994252,BACKFILL_AUTO
2026-06-19 05:25:30,1781846730,R_10,4847.492,1,0.21900000000005093,BACKFILL_AUTO
2026-06-19 05:25:32,1781846732,R_10,4847.629,1,0.13699999999971624,BACKFILL_AUTO
2026-06-19 05:25:34,1781846734,R_10,4847.669,1,0.03999999999996362,BACKFILL_AUTO
2026-06-19 05:25:36,1781846736,R_10,4847.574,-1,0.09500000000025466,BACKFILL_AUTO
2026-06-19 05:25:38,1781846738,R_10,4847.414,-1,0.15999999999985448,BACKFILL_AUTO
2026-06-19 05:25:40,1781846740,R_10,4847.24,-1,0.17399999999997817,BACKFILL_AUTO
2026-06-19 05:25:42,1781846742,R_10,4847.191,-1,0.04899999999997817,BACKFILL_AUTO
2026-06-19 05:25:44,1781846744,R_10,4847.066,-1,0.125,BACKFILL_AUTO
2026-06-19 05:25:46,1781846746,R_10,4846.915,-1,0.15099999999983993,BACKFILL_AUTO
2026-06-19 05:25:48,1781846748,R_10,4846.801,-1,0.113999999999578,BACKFILL_AUTO
2026-06-19 05:25:50,1781846750,R_10,4846.924,1,0.12299999999959255,BACKFILL_AUTO
2026-06-19 05:25:52,1781846752,R_10,4846.895,-1,0.028999999999541615,BACKFILL_AUTO
2026-06-19 05:25:54,1781846754,R_10,4847.056,1,0.1609999999991487,BACKFILL_AUTO
2026-06-19 05:25:56,1781846756,R_10,4847.018,-1,0.03799999999955617,BACKFILL_AUTO
2026-06-19 05:25:58,1781846758,R_10,4846.935,-1,0.08299999999962893,BACKFILL_AUTO
2026-06-19 05:26:00,1781846760,R_10,4846.588,-1,0.3470000000006621,BACKFILL_AUTO
2026-06-19 05:26:02,1781846762,R_10,4846.743,1,0.15500000000065484,BACKFILL_AUTO
2026-06-19 05:26:04,1781846764,R_10,4846.681,-1,0.06200000000080763,BACKFILL_AUTO
2026-06-19 05:26:06,1781846766,R_10,4846.79,1,0.10900000000037835,BACKFILL_AUTO
2026-06-19 05:26:08,1781846768,R_10,4846.735,-1,0.05500000000029104,BACKFILL_AUTO
2026-06-19 05:26:10,1781846770,R_10,4846.557,-1,0.17799999999988358,BACKFILL_AUTO
2026-06-19 05:26:12,1781846772,R_10,4846.549,-1,0.007999999999810825,BACKFILL_AUTO
2026-06-19 05:26:14,1781846774,R_10,4846.538,-1,0.011000000000422006,BACKFILL_AUTO
2026-06-19 05:26:16,1781846776,R_10,4846.512,-1,0.02599999999983993,BACKFILL_AUTO
2026-06-19 05:26:18,1781846778,R_10,4846.428,-1,0.08399999999983265,BACKFILL_AUTO
2026-06-19 05:26:20,1781846780,R_10,4846.371,-1,0.056999999999789,BACKFILL_AUTO
2026-06-19 05:26:22,1781846782,R_10,4846.471,1,0.0999999999994543,BACKFILL_AUTO
2026-06-19 05:26:24,1781846784,R_10,4846.477,1,0.006000000000312866,BACKFILL_AUTO
2026-06-19 05:26:26,1781846786,R_10,4846.347,-1,0.13000000000010914,BACKFILL_AUTO
2026-06-19 05:26:28,1781846788,R_10,4846.483,1,0.136000000000422,BACKFILL_AUTO
2026-06-19 05:26:30,1781846790,R_10,4846.609,1,0.12600000000020373,BACKFILL_AUTO
2026-06-19 05:26:32,1781846792,R_10,4846.67,1,0.06099999999969441,BACKFILL_AUTO
2026-06-19 05:26:34,1781846794,R_10,4846.817,1,0.14699999999993452,BACKFILL_AUTO
2026-06-19 05:26:36,1781846796,R_10,4846.999,1,0.181999999999789,BACKFILL_AUTO
2026-06-19 05:26:38,1781846798,R_10,4846.996,-1,0.0029999999997016857,BACKFILL_AUTO
2026-06-19 05:26:40,1781846800,R_10,4847.077,1,0.08100000000013097,BACKFILL_AUTO
2026-06-19 05:26:42,1781846802,R_10,4847.383,1,0.30599999999958527,BACKFILL_AUTO
2026-06-19 05:26:44,1781846804,R_10,4847.313,-1,0.06999999999970896,BACKFILL_AUTO
2026-06-19 05:26:46,1781846806,R_10,4847.291,-1,0.021999999999934516,BACKFILL_AUTO
2026-06-19 05:26:48,1781846808,R_10,4847.396,1,0.10499999999956344,BACKFILL_AUTO
2026-06-19 05:26:50,1781846810,R_10,4847.337,-1,0.058999999999286956,BACKFILL_AUTO
2026-06-19 05:26:52,1781846812,R_10,4847.322,-1,0.015000000000327418,BACKFILL_AUTO
2026-06-19 05:26:54,1781846814,R_10,4847.135,-1,0.18699999999989814,BACKFILL_AUTO
2026-06-19 05:26:56,1781846816,R_10,4847.225,1,0.09000000000014552,BACKFILL_AUTO
2026-06-19 05:26:58,1781846818,R_10,4847.085,-1,0.14000000000032742,BACKFILL_AUTO
2026-06-19 05:27:00,1781846820,R_10,4847.199,1,0.113999999999578,BACKFILL_AUTO
2026-06-19 05:27:02,1781846822,R_10,4847.215,1,0.016000000000531145,BACKFILL_AUTO
2026-06-19 05:27:04,1781846824,R_10,4847.15,-1,0.06500000000050932,BACKFILL_AUTO
2026-06-19 05:27:06,1781846826,R_10,4847.226,1,0.07600000000002183,BACKFILL_AUTO
2026-06-19 05:27:08,1781846828,R_10,4847.295,1,0.06900000000041473,BACKFILL_AUTO
2026-06-19 05:27:10,1781846830,R_10,4847.626,1,0.33100000000013097,BACKFILL_AUTO
2026-06-19 05:27:12,1781846832,R_10,4847.719,1,0.0929999999998472,BACKFILL_AUTO
2026-06-19 05:27:14,1781846834,R_10,4847.659,-1,0.06000000000040018,BACKFILL_AUTO
2026-06-19 05:27:16,1781846836,R_10,4847.545,-1,0.113999999999578,BACKFILL_AUTO
2026-06-19 05:27:18,1781846838,R_10,4847.597,1,0.05199999999967986,BACKFILL_AUTO
2026-06-19 05:27:20,1781846840,R_10,4847.419,-1,0.17799999999988358,BACKFILL_AUTO
2026-06-19 05:27:22,1781846842,R_10,4847.396,-1,0.023000000000138243,BACKFILL_AUTO
2026-06-19 05:27:24,1781846844,R_10,4847.26,-1,0.1359999999995125,BACKFILL_AUTO
2026-06-19 05:27:26,1781846846,R_10,4847.156,-1,0.10400000000026921,BACKFILL_AUTO
2026-06-19 05:27:28,1781846848,R_10,4847.2,1,0.04399999999986903,BACKFILL_AUTO
2026-06-19 05:27:30,1781846850,R_10,4847.197,-1,0.0029999999997016857,BACKFILL_AUTO
2026-06-19 05:27:32,1781846852,R_10,4847.103,-1,0.09400000000005093,BACKFILL_AUTO
2026-06-19 05:27:34,1781846854,R_10,4846.862,-1,0.24099999999998545,BACKFILL_AUTO
2026-06-19 05:27:36,1781846856,R_10,4846.681,-1,0.18100000000049477,BACKFILL_AUTO
2026-06-19 05:27:38,1781846858,R_10,4846.824,1,0.1430000000000291,BACKFILL_AUTO
2026-06-19 05:27:40,1781846860,R_10,4846.848,1,0.02400000000034197,BACKFILL_AUTO
2026-06-19 05:27:42,1781846862,R_10,4846.858,1,0.010000000000218279,BACKFILL_AUTO
2026-06-19 05:27:44,1781846864,R_10,4847.073,1,0.21500000000014552,BACKFILL_AUTO
2026-06-19 05:27:46,1781846866,R_10,4846.996,-1,0.07700000000022555,BACKFILL_AUTO
2026-06-19 05:27:48,1781846868,R_10,4846.921,-1,0.0749999999998181,BACKFILL_AUTO
2026-06-19 05:27:50,1781846870,R_10,4846.827,-1,0.09400000000005093,BACKFILL_AUTO
2026-06-19 05:27:52,1781846872,R_10,4846.725,-1,0.10199999999986176,BACKFILL_AUTO
2026-06-19 05:27:54,1781846874,R_10,4846.633,-1,0.09200000000055297,BACKFILL_AUTO
2026-06-19 05:27:56,1781846876,R_10,4846.644,1,0.011000000000422006,BACKFILL_AUTO
2026-06-19 05:27:58,1781846878,R_10,4846.644,0,0.0,BACKFILL_AUTO
2026-06-19 05:28:00,1781846880,R_10,4846.722,1,0.07799999999951979,BACKFILL_AUTO
2026-06-19 05:28:02,1781846882,R_10,4846.547,-1,0.1750000000001819,BACKFILL_AUTO
2026-06-19 05:28:04,1781846884,R_10,4846.648,1,0.10100000000056752,BACKFILL_AUTO
2026-06-19 05:28:06,1781846886,R_10,4846.707,1,0.05900000000019645,BACKFILL_AUTO
2026-06-19 05:28:08,1781846888,R_10,4846.713,1,0.0059999999994033715,BACKFILL_AUTO
2026-06-19 05:28:10,1781846890,R_10,4846.766,1,0.052999999999883585,BACKFILL_AUTO
2026-06-19 05:28:12,1781846892,R_10,4846.763,-1,0.0029999999997016857,BACKFILL_AUTO
2026-06-19 05:28:14,1781846894,R_10,4846.724,-1,0.03899999999975989,BACKFILL_AUTO
2026-06-19 05:28:16,1781846896,R_10,4846.627,-1,0.09699999999975262,BACKFILL_AUTO
2026-06-19 05:28:18,1781846898,R_10,4846.558,-1,0.06900000000041473,BACKFILL_AUTO
2026-06-19 05:28:20,1781846900,R_10,4846.453,-1,0.10499999999956344,BACKFILL_AUTO
2026-06-19 05:28:22,1781846902,R_10,4846.371,-1,0.0820000000003347,BACKFILL_AUTO
2026-06-19 05:28:24,1781846904,R_10,4846.447,1,0.07600000000002183,BACKFILL_AUTO
2026-06-19 05:28:26,1781846906,R_10,4846.443,-1,0.0039999999999054126,BACKFILL_AUTO
2026-06-19 05:28:28,1781846908,R_10,4846.497,1,0.05400000000008731,BACKFILL_AUTO
2026-06-19 05:28:30,1781846910,R_10,4846.645,1,0.14800000000013824,BACKFILL_AUTO
2026-06-19 05:28:32,1781846912,R_10,4846.675,1,0.02999999999974534,BACKFILL_AUTO
2026-06-19 05:28:34,1781846914,R_10,4846.704,1,0.028999999999541615,BACKFILL_AUTO
2026-06-19 05:28:36,1781846916,R_10,4846.575,-1,0.1289999999999054,BACKFILL_AUTO
2026-06-19 05:28:38,1781846918,R_10,4846.902,1,0.32700000000022555,BACKFILL_AUTO
2026-06-19 05:28:40,1781846920,R_10,4846.808,-1,0.09400000000005093,BACKFILL_AUTO
2026-06-19 05:28:42,1781846922,R_10,4846.98,1,0.17199999999957072,BACKFILL_AUTO
2026-06-19 05:28:44,1781846924,R_10,4846.983,1,0.0030000000006111804,BACKFILL_AUTO
2026-06-19 05:28:46,1781846926,R_10,4846.948,-1,0.03499999999985448,BACKFILL_AUTO
2026-06-19 05:28:48,1781846928,R_10,4846.944,-1,0.0039999999999054126,BACKFILL_AUTO
2026-06-19 05:28:50,1781846930,R_10,4846.986,1,0.04199999999946158,BACKFILL_AUTO
2026-06-19 05:28:52,1781846932,R_10,4847.018,1,0.032000000000152795,BACKFILL_AUTO
2026-06-19 05:28:54,1781846934,R_10,4847.047,1,0.028999999999541615,BACKFILL_AUTO
2026-06-19 05:28:56,1781846936,R_10,4847.123,1,0.07600000000002183,BACKFILL_AUTO
2026-06-19 05:28:58,1781846938,R_10,4847.016,-1,0.1069999999999709,BACKFILL_AUTO
2026-06-19 05:29:00,1781846940,R_10,4847.235,1,0.21900000000005093,BACKFILL_AUTO
2026-06-19 05:29:02,1781846942,R_10,4847.182,-1,0.052999999999883585,BACKFILL_AUTO
2026-06-19 05:29:04,1781846944,R_10,4847.177,-1,0.005000000000109139,BACKFILL_AUTO
2026-06-19 05:29:06,1781846946,R_10,4847.05,-1,0.12699999999949796,BACKFILL_AUTO
2026-06-19 05:29:08,1781846948,R_10,4846.859,-1,0.19099999999980355,BACKFILL_AUTO
2026-06-19 05:29:10,1781846950,R_10,4846.689,-1,0.17000000000007276,BACKFILL_AUTO
2026-06-19 05:29:12,1781846952,R_10,4846.608,-1,0.08100000000013097,BACKFILL_AUTO
2026-06-19 05:29:14,1781846954,R_10,4846.719,1,0.11099999999987631,BACKFILL_AUTO
2026-06-19 05:29:16,1781846956,R_10,4846.525,-1,0.19400000000041473,BACKFILL_AUTO
2026-06-19 05:29:18,1781846958,R_10,4846.436,-1,0.08899999999994179,BACKFILL_AUTO
2026-06-19 05:29:20,1781846960,R_10,4846.433,-1,0.0029999999997016857,BACKFILL_AUTO
2026-06-19 05:29:22,1781846962,R_10,4846.302,-1,0.13100000000031287,BACKFILL_AUTO
2026-06-19 05:29:24,1781846964,R_10,4846.218,-1,0.08399999999983265,BACKFILL_AUTO
2026-06-19 05:29:26,1781846966,R_10,4846.116,-1,0.10199999999986176,BACKFILL_AUTO
2026-06-19 05:29:28,1781846968,R_10,4846.014,-1,0.10199999999986176,BACKFILL_AUTO
2026-06-19 05:29:30,1781846970,R_10,4846.135,1,0.12100000000009459,BACKFILL_AUTO
2026-06-19 05:29:32,1781846972,R_10,4846.284,1,0.14899999999943248,BACKFILL_AUTO
2026-06-19 05:29:34,1781846974,R_10,4846.307,1,0.023000000000138243,BACKFILL_AUTO
2026-06-19 05:29:36,1781846976,R_10,4846.298,-1,0.009000000000014552,BACKFILL_AUTO
2026-06-19 05:29:38,1781846978,R_10,4846.301,1,0.0030000000006111804,BACKFILL_AUTO
2026-06-19 05:29:40,1781846980,R_10,4846.182,-1,0.11900000000059663,BACKFILL_AUTO
2026-06-19 05:29:42,1781846982,R_10,4846.24,1,0.057999999999992724,BACKFILL_AUTO
2026-06-19 05:29:44,1781846984,R_10,4846.237,-1,0.0029999999997016857,BACKFILL_AUTO
2026-06-19 05:29:46,1781846986,R_10,4846.345,1,0.10800000000017462,BACKFILL_AUTO
2026-06-19 05:29:48,1781846988,R_10,4846.029,-1,0.31599999999980355,BACKFILL_AUTO
2026-06-19 05:29:50,1781846990,R_10,4845.952,-1,0.07700000000022555,BACKFILL_AUTO
2026-06-19 05:29:52,1781846992,R_10,4845.973,1,0.02099999999973079,BACKFILL_AUTO
2026-06-19 05:29:54,1781846994,R_10,4846.087,1,0.11400000000048749,BACKFILL_AUTO
2026-06-19 05:29:56,1781846996,R_10,4845.855,-1,0.2320000000008804,BACKFILL_AUTO
2026-06-19 05:29:58,1781846998,R_10,4845.755,-1,0.0999999999994543,BACKFILL_AUTO
2026-06-19 05:30:00,1781847000,R_10,4845.672,-1,0.08300000000053842,BACKFILL_AUTO
2026-06-19 05:30:02,1781847002,R_10,4845.722,1,0.0500000000001819,BACKFILL_AUTO
2026-06-19 05:30:04,1781847004,R_10,4845.755,1,0.03300000000035652,BACKFILL_AUTO
2026-06-19 05:30:06,1781847006,R_10,4845.744,-1,0.011000000000422006,BACKFILL_AUTO
2026-06-19 05:30:08,1781847008,R_10,4845.793,1,0.04899999999997817,BACKFILL_AUTO
2026-06-19 05:30:10,1781847010,R_10,4846.082,1,0.2890000000006694,BACKFILL_AUTO
2026-06-19 05:30:12,1781847012,R_10,4846.178,1,0.09599999999954889,BACKFILL_AUTO
2026-06-19 05:30:14,1781847014,R_10,4846.016,-1,0.16200000000026193,BACKFILL_AUTO
2026-06-19 05:30:16,1781847016,R_10,4846.146,1,0.13000000000010914,BACKFILL_AUTO
2026-06-19 05:30:18,1781847018,R_10,4845.979,-1,0.16699999999946158,BACKFILL_AUTO
2026-06-19 05:30:20,1781847020,R_10,4845.93,-1,0.04899999999997817,BACKFILL_AUTO
2026-06-19 05:30:22,1781847022,R_10,4846.05,1,0.11999999999989086,BACKFILL_AUTO
2026-06-19 05:30:24,1781847024,R_10,4846.109,1,0.05900000000019645,BACKFILL_AUTO
2026-06-19 05:30:26,1781847026,R_10,4846.33,1,0.2209999999995489,BACKFILL_AUTO
2026-06-19 05:30:28,1781847028,R_10,4846.394,1,0.06400000000030559,BACKFILL_AUTO
2026-06-19 05:30:30,1781847030,R_10,4846.508,1,0.113999999999578,BACKFILL_AUTO
2026-06-19 05:30:32,1781847032,R_10,4846.454,-1,0.05400000000008731,BACKFILL_AUTO
2026-06-19 05:30:34,1781847034,R_10,4846.419,-1,0.03499999999985448,BACKFILL_AUTO
2026-06-19 05:30:36,1781847036,R_10,4846.375,-1,0.04399999999986903,BACKFILL_AUTO
2026-06-19 05:30:38,1781847038,R_10,4846.416,1,0.04100000000016735,BACKFILL_AUTO
2026-06-19 05:30:40,1781847040,R_10,4846.499,1,0.08299999999962893,BACKFILL_AUTO
2026-06-19 05:30:42,1781847042,R_10,4846.609,1,0.11000000000058208,BACKFILL_AUTO
2026-06-19 05:30:44,1781847044,R_10,4846.559,-1,0.0500000000001819,BACKFILL_AUTO
2026-06-19 05:30:46,1781847046,R_10,4846.522,-1,0.037000000000261934,BACKFILL_AUTO
2026-06-19 05:30:48,1781847048,R_10,4846.588,1,0.06599999999980355,BACKFILL_AUTO
2026-06-19 05:30:50,1781847050,R_10,4846.462,-1,0.12599999999929423,BACKFILL_AUTO
2026-06-19 05:30:52,1781847052,R_10,4846.609,1,0.14699999999993452,BACKFILL_AUTO
2026-06-19 05:30:54,1781847054,R_10,4846.635,1,0.02599999999983993,BACKFILL_AUTO
2026-06-19 05:30:56,1781847056,R_10,4846.653,1,0.018000000000029104,BACKFILL_AUTO
2026-06-19 05:30:58,1781847058,R_10,4846.822,1,0.16899999999986903,BACKFILL_AUTO
2026-06-19 05:31:00,1781847060,R_10,4846.815,-1,0.007000000000516593,BACKFILL_AUTO
2026-06-19 05:31:02,1781847062,R_10,4846.832,1,0.01700000000073487,BACKFILL_AUTO
2026-06-19 05:31:04,1781847064,R_10,4846.856,1,0.023999999999432475,BACKFILL_AUTO
2026-06-19 05:31:06,1781847066,R_10,4847.026,1,0.17000000000007276,BACKFILL_AUTO
2026-06-19 05:31:08,1781847068,R_10,4846.997,-1,0.028999999999541615,BACKFILL_AUTO
2026-06-19 05:31:10,1781847070,R_10,4846.868,-1,0.1289999999999054,BACKFILL_AUTO
2026-06-19 05:31:12,1781847072,R_10,4846.786,-1,0.0820000000003347,BACKFILL_AUTO
2026-06-19 05:31:14,1781847074,R_10,4846.896,1,0.10999999999967258,BACKFILL_AUTO
2026-06-19 05:31:16,1781847076,R_10,4846.942,1,0.046000000000276486,BACKFILL_AUTO
2026-06-19 05:31:18,1781847078,R_10,4847.115,1,0.17299999999977445,BACKFILL_AUTO
2026-06-19 05:31:20,1781847080,R_10,4847.121,1,0.006000000000312866,BACKFILL_AUTO
2026-06-19 05:31:22,1781847082,R_10,4847.148,1,0.027000000000043656,BACKFILL_AUTO
2026-06-19 05:31:24,1781847084,R_10,4847.079,-1,0.06900000000041473,BACKFILL_AUTO
2026-06-19 05:31:26,1781847086,R_10,4847.222,1,0.1430000000000291,BACKFILL_AUTO
2026-06-19 05:31:28,1781847088,R_10,4847.088,-1,0.13400000000001455,BACKFILL_AUTO
2026-06-19 05:31:30,1781847090,R_10,4847.08,-1,0.007999999999810825,BACKFILL_AUTO
2026-06-19 05:31:32,1781847092,R_10,4846.803,-1,0.27700000000004366,BACKFILL_AUTO
2026-06-19 05:31:34,1781847094,R_10,4846.849,1,0.046000000000276486,BACKFILL_AUTO
2026-06-19 05:31:36,1781847096,R_10,4846.938,1,0.08899999999994179,BACKFILL_AUTO
2026-06-19 05:31:38,1781847098,R_10,4846.905,-1,0.03300000000035652,BACKFILL_AUTO
2026-06-19 05:31:40,1781847100,R_10,4847.072,1,0.16700000000037107,BACKFILL_AUTO
2026-06-19 05:31:42,1781847102,R_10,4847.171,1,0.09900000000016007,BACKFILL_AUTO
2026-06-19 05:31:44,1781847104,R_10,4847.262,1,0.09099999999943975,BACKFILL_AUTO
2026-06-19 05:31:46,1781847106,R_10,4847.281,1,0.01900000000023283,BACKFILL_AUTO
2026-06-19 05:31:48,1781847108,R_10,4847.315,1,0.033999999999650754,BACKFILL_AUTO
2026-06-19 05:31:50,1781847110,R_10,4847.415,1,0.1000000000003638,BACKFILL_AUTO
2026-06-19 05:31:52,1781847112,R_10,4847.553,1,0.13799999999991996,BACKFILL_AUTO
2026-06-19 05:31:54,1781847114,R_10,4847.636,1,0.08300000000053842,BACKFILL_AUTO
2026-06-19 05:31:56,1781847116,R_10,4847.58,-1,0.056000000000494765,BACKFILL_AUTO
2026-06-19 05:31:58,1781847118,R_10,4847.675,1,0.09500000000025466,BACKFILL_AUTO
2026-06-19 05:32:00,1781847120,R_10,4847.81,1,0.13500000000021828,BACKFILL_AUTO
2026-06-19 05:32:02,1781847122,R_10,4847.968,1,0.15799999999944703,BACKFILL_AUTO
2026-06-19 05:32:04,1781847124,R_10,4847.952,-1,0.01599999999962165,BACKFILL_AUTO
2026-06-19 05:32:06,1781847126,R_10,4847.952,0,0.0,BACKFILL_AUTO
2026-06-19 05:32:08,1781847128,R_10,4847.926,-1,0.02599999999983993,BACKFILL_AUTO
2026-06-19 05:32:10,1781847130,R_10,4847.91,-1,0.016000000000531145,BACKFILL_AUTO
2026-06-19 05:32:12,1781847132,R_10,4847.941,1,0.03099999999994907,BACKFILL_AUTO
2026-06-19 05:32:14,1781847134,R_10,4847.92,-1,0.02099999999973079,BACKFILL_AUTO
2026-06-19 05:32:16,1781847136,R_10,4848.003,1,0.08299999999962893,BACKFILL_AUTO
2026-06-19 05:32:18,1781847138,R_10,4847.894,-1,0.10899999999946886,BACKFILL_AUTO
2026-06-19 05:32:20,1781847140,R_10,4847.696,-1,0.19800000000032014,BACKFILL_AUTO
2026-06-19 05:32:22,1781847142,R_10,4847.736,1,0.03999999999996362,BACKFILL_AUTO
2026-06-19 05:32:24,1781847144,R_10,4847.688,-1,0.047999999999774445,BACKFILL_AUTO
2026-06-19 05:32:26,1781847146,R_10,4847.519,-1,0.16899999999986903,BACKFILL_AUTO
2026-06-19 05:32:28,1781847148,R_10,4847.646,1,0.12699999999949796,BACKFILL_AUTO
2026-06-19 05:32:30,1781847150,R_10,4847.58,-1,0.06599999999980355,BACKFILL_AUTO
2026-06-19 05:32:32,1781847152,R_10,4847.541,-1,0.03899999999975989,BACKFILL_AUTO
2026-06-19 05:32:34,1781847154,R_10,4847.37,-1,0.1710000000002765,BACKFILL_AUTO
2026-06-19 05:32:36,1781847156,R_10,4847.384,1,0.014000000000123691,BACKFILL_AUTO
2026-06-19 05:32:38,1781847158,R_10,4847.4,1,0.01599999999962165,BACKFILL_AUTO
2026-06-19 05:32:40,1781847160,R_10,4847.428,1,0.028000000000247383,BACKFILL_AUTO
2026-06-19 05:32:42,1781847162,R_10,4847.374,-1,0.05400000000008731,BACKFILL_AUTO
2026-06-19 05:32:44,1781847164,R_10,4847.389,1,0.015000000000327418,BACKFILL_AUTO
2026-06-19 05:32:46,1781847166,R_10,4847.345,-1,0.04399999999986903,BACKFILL_AUTO
2026-06-19 05:32:48,1781847168,R_10,4847.282,-1,0.06300000000010186,BACKFILL_AUTO
2026-06-19 05:32:50,1781847170,R_10,4847.347,1,0.06499999999959982,BACKFILL_AUTO
2026-06-19 05:32:52,1781847172,R_10,4847.279,-1,0.06799999999930151,BACKFILL_AUTO
2026-06-19 05:32:54,1781847174,R_10,4847.168,-1,0.1110000000007858,BACKFILL_AUTO
2026-06-19 05:32:56,1781847176,R_10,4847.382,1,0.2139999999999418,BACKFILL_AUTO
2026-06-19 05:32:58,1781847178,R_10,4847.295,-1,0.08699999999953434,BACKFILL_AUTO
2026-06-19 05:33:00,1781847180,R_10,4847.43,1,0.13500000000021828,BACKFILL_AUTO
2026-06-19 05:33:02,1781847182,R_10,4847.49,1,0.05999999999949068,BACKFILL_AUTO
2026-06-19 05:33:04,1781847184,R_10,4847.401,-1,0.08899999999994179,BACKFILL_AUTO
2026-06-19 05:33:06,1781847186,R_10,4847.311,-1,0.09000000000014552,BACKFILL_AUTO
2026-06-19 05:33:08,1781847188,R_10,4847.4,1,0.08899999999994179,BACKFILL_AUTO
2026-06-19 05:33:10,1781847190,R_10,4847.604,1,0.204000000000633,BACKFILL_AUTO
2026-06-19 05:33:12,1781847192,R_10,4847.539,-1,0.06500000000050932,BACKFILL_AUTO
2026-06-19 05:33:14,1781847194,R_10,4847.678,1,0.1390000000001237,BACKFILL_AUTO
2026-06-19 05:33:16,1781847196,R_10,4847.895,1,0.21700000000055297,BACKFILL_AUTO
2026-06-19 05:33:18,1781847198,R_10,4847.942,1,0.04699999999957072,BACKFILL_AUTO
2026-06-19 05:33:20,1781847200,R_10,4847.638,-1,0.3040000000000873,BACKFILL_AUTO
2026-06-19 05:33:22,1781847202,R_10,4847.517,-1,0.12100000000009459,BACKFILL_AUTO
2026-06-19 05:33:24,1781847204,R_10,4847.641,1,0.12399999999979627,BACKFILL_AUTO
2026-06-19 05:33:26,1781847206,R_10,4847.672,1,0.03099999999994907,BACKFILL_AUTO
2026-06-19 05:33:28,1781847208,R_10,4847.762,1,0.09000000000014552,BACKFILL_AUTO
2026-06-19 05:33:30,1781847210,R_10,4847.719,-1,0.042999999999665306,BACKFILL_AUTO
2026-06-19 05:33:32,1781847212,R_10,4847.665,-1,0.05400000000008731,BACKFILL_AUTO
2026-06-19 05:33:34,1781847214,R_10,4847.54,-1,0.125,BACKFILL_AUTO
2026-06-19 05:33:36,1781847216,R_10,4847.512,-1,0.028000000000247383,BACKFILL_AUTO
2026-06-19 05:33:38,1781847218,R_10,4847.38,-1,0.1319999999996071,BACKFILL_AUTO
2026-06-19 05:33:40,1781847220,R_10,4847.41,1,0.02999999999974534,BACKFILL_AUTO
2026-06-19 05:33:42,1781847222,R_10,4847.242,-1,0.1679999999996653,BACKFILL_AUTO
2026-06-19 05:33:44,1781847224,R_10,4847.297,1,0.054999999999381544,BACKFILL_AUTO
2026-06-19 05:33:46,1781847226,R_10,4847.287,-1,0.009999999999308784,BACKFILL_AUTO
2026-06-19 05:33:48,1781847228,R_10,4847.284,-1,0.0030000000006111804,BACKFILL_AUTO
2026-06-19 05:33:50,1781847230,R_10,4847.569,1,0.285000000000764,BACKFILL_AUTO
2026-06-19 05:33:52,1781847232,R_10,4847.476,-1,0.0930000000007567,BACKFILL_AUTO
2026-06-19 05:33:54,1781847234,R_10,4847.667,1,0.19100000000071304,BACKFILL_AUTO
2026-06-19 05:33:56,1781847236,R_10,4847.672,1,0.004999999999199645,BACKFILL_AUTO
2026-06-19 05:33:58,1781847238,R_10,4847.761,1,0.08900000000085129,BACKFILL_AUTO
2026-06-19 05:34:00,1781847240,R_10,4847.836,1,0.0749999999998181,BACKFILL_AUTO
2026-06-19 05:34:02,1781847242,R_10,4847.834,-1,0.0020000000004074536,BACKFILL_AUTO
2026-06-19 05:34:04,1781847244,R_10,4848.046,1,0.21200000000044383,BACKFILL_AUTO
2026-06-19 05:34:06,1781847246,R_10,4847.961,-1,0.08500000000003638,BACKFILL_AUTO
2026-06-19 05:34:08,1781847248,R_10,4848.082,1,0.12100000000009459,BACKFILL_AUTO
2026-06-19 05:34:10,1781847250,R_10,4848.074,-1,0.00800000000072032,BACKFILL_AUTO
2026-06-19 05:34:12,1781847252,R_10,4848.293,1,0.21900000000005093,BACKFILL_AUTO
2026-06-19 05:34:14,1781847254,R_10,4848.083,-1,0.21000000000003638,BACKFILL_AUTO
2026-06-19 05:34:16,1781847256,R_10,4848.126,1,0.0430000000005748,BACKFILL_AUTO
2026-06-19 05:34:18,1781847258,R_10,4848.218,1,0.09199999999964348,BACKFILL_AUTO
2026-06-19 05:34:20,1781847260,R_10,4848.126,-1,0.09199999999964348,BACKFILL_AUTO
2026-06-19 05:34:22,1781847262,R_10,4847.977,-1,0.14900000000034197,BACKFILL_AUTO
2026-06-19 05:34:24,1781847264,R_10,4848.208,1,0.23099999999976717,BACKFILL_AUTO
2026-06-19 05:34:26,1781847266,R_10,4848.158,-1,0.049999999999272404,BACKFILL_AUTO
2026-06-19 05:34:28,1781847268,R_10,4848.09,-1,0.068000000000211,BACKFILL_AUTO
2026-06-19 05:34:30,1781847270,R_10,4848.193,1,0.10300000000006548,BACKFILL_AUTO
2026-06-19 05:34:32,1781847272,R_10,4847.966,-1,0.22699999999986176,BACKFILL_AUTO
2026-06-19 05:34:34,1781847274,R_10,4848.142,1,0.17599999999947613,BACKFILL_AUTO
2026-06-19 05:34:36,1781847276,R_10,4847.985,-1,0.1570000000001528,BACKFILL_AUTO
2026-06-19 05:34:38,1781847278,R_10,4847.978,-1,0.006999999999607098,BACKFILL_AUTO
2026-06-19 05:34:40,1781847280,R_10,4848.004,1,0.02599999999983993,BACKFILL_AUTO
2026-06-19 05:34:42,1781847282,R_10,4847.796,-1,0.20799999999962893,BACKFILL_AUTO
2026-06-19 05:34:44,1781847284,R_10,4847.685,-1,0.11099999999987631,BACKFILL_AUTO
2026-06-19 05:34:46,1781847286,R_10,4847.668,-1,0.01700000000073487,BACKFILL_AUTO
2026-06-19 05:34:48,1781847288,R_10,4848.037,1,0.36900000000059663,BACKFILL_AUTO
2026-06-19 05:34:50,1781847290,R_10,4847.917,-1,0.11999999999989086,BACKFILL_AUTO
2026-06-19 05:34:52,1781847292,R_10,4847.895,-1,0.021999999999934516,BACKFILL_AUTO
2026-06-19 05:34:54,1781847294,R_10,4847.858,-1,0.037000000000261934,BACKFILL_AUTO
2026-06-19 05:34:56,1781847296,R_10,4847.882,1,0.023999999999432475,BACKFILL_AUTO
2026-06-19 05:34:58,1781847298,R_10,4847.941,1,0.05900000000019645,BACKFILL_AUTO
2026-06-19 05:35:00,1781847300,R_10,4848.02,1,0.07900000000063301,BACKFILL_AUTO
2026-06-19 05:35:02,1781847302,R_10,4847.861,-1,0.15900000000056025,BACKFILL_AUTO
2026-06-19 05:35:04,1781847304,R_10,4848.064,1,0.20300000000042928,BACKFILL_AUTO
2026-06-19 05:35:06,1781847306,R_10,4848.174,1,0.10999999999967258,BACKFILL_AUTO
2026-06-19 05:35:08,1781847308,R_10,4848.229,1,0.05500000000029104,BACKFILL_AUTO
2026-06-19 05:35:10,1781847310,R_10,4848.223,-1,0.006000000000312866,BACKFILL_AUTO
2026-06-19 05:35:12,1781847312,R_10,4848.15,-1,0.07300000000032014,BACKFILL_AUTO
2026-06-19 05:35:14,1781847314,R_10,4848.17,1,0.020000000000436557,BACKFILL_AUTO
2026-06-19 05:35:16,1781847316,R_10,4848.327,1,0.1570000000001528,BACKFILL_AUTO
2026-06-19 05:35:18,1781847318,R_10,4848.129,-1,0.19800000000032014,BACKFILL_AUTO
2026-06-19 05:35:20,1781847320,R_10,4848.213,1,0.08399999999983265,BACKFILL_AUTO
2026-06-19 05:35:22,1781847322,R_10,4848.11,-1,0.10300000000006548,BACKFILL_AUTO
2026-06-19 05:35:24,1781847324,R_10,4848.001,-1,0.10899999999946886,BACKFILL_AUTO
2026-06-19 05:35:26,1781847326,R_10,4848.025,1,0.023999999999432475,BACKFILL_AUTO
2026-06-19 05:35:28,1781847328,R_10,4848.166,1,0.14100000000053114,BACKFILL_AUTO
2026-06-19 05:35:30,1781847330,R_10,4848.272,1,0.10599999999976717,BACKFILL_AUTO
2026-06-19 05:35:32,1781847332,R_10,4848.378,1,0.10599999999976717,BACKFILL_AUTO
2026-06-19 05:35:34,1781847334,R_10,4848.433,1,0.05500000000029104,BACKFILL_AUTO
2026-06-19 05:35:36,1781847336,R_10,4848.557,1,0.12399999999979627,BACKFILL_AUTO
2026-06-19 05:35:38,1781847338,R_10,4848.666,1,0.10900000000037835,BACKFILL_AUTO
2026-06-19 05:35:40,1781847340,R_10,4848.724,1,0.057999999999992724,BACKFILL_AUTO
2026-06-19 05:35:42,1781847342,R_10,4848.772,1,0.047999999999774445,BACKFILL_AUTO
2026-06-19 05:35:44,1781847344,R_10,4849.092,1,0.31999999999970896,BACKFILL_AUTO
2026-06-19 05:35:46,1781847346,R_10,4849.084,-1,0.007999999999810825,BACKFILL_AUTO
2026-06-19 05:35:48,1781847348,R_10,4849.039,-1,0.04500000000007276,BACKFILL_AUTO
2026-06-19 05:35:50,1781847350,R_10,4849.028,-1,0.01099999999951251,BACKFILL_AUTO
2026-06-19 05:35:52,1781847352,R_10,4848.847,-1,0.18100000000049477,BACKFILL_AUTO
2026-06-19 05:35:54,1781847354,R_10,4848.754,-1,0.0929999999998472,BACKFILL_AUTO
2026-06-19 05:35:56,1781847356,R_10,4848.761,1,0.007000000000516593,BACKFILL_AUTO
2026-06-19 05:35:58,1781847358,R_10,4848.643,-1,0.1180000000003929,BACKFILL_AUTO
2026-06-19 05:36:00,1781847360,R_10,4848.895,1,0.25200000000040745,BACKFILL_AUTO
2026-06-19 05:36:02,1781847362,R_10,4848.872,-1,0.023000000000138243,BACKFILL_AUTO
2026-06-19 05:36:04,1781847364,R_10,4848.954,1,0.0819999999994252,BACKFILL_AUTO
2026-06-19 05:36:06,1781847366,R_10,4848.83,-1,0.12399999999979627,BACKFILL_AUTO
2026-06-19 05:36:08,1781847368,R_10,4848.934,1,0.10400000000026921,BACKFILL_AUTO
2026-06-19 05:36:10,1781847370,R_10,4848.921,-1,0.012999999999919964,BACKFILL_AUTO
2026-06-19 05:36:12,1781847372,R_10,4848.805,-1,0.11599999999998545,BACKFILL_AUTO
2026-06-19 05:36:14,1781847374,R_10,4848.97,1,0.16499999999996362,BACKFILL_AUTO
2026-06-19 05:36:16,1781847376,R_10,4849.179,1,0.20899999999983265,BACKFILL_AUTO
2026-06-19 05:36:18,1781847378,R_10,4849.445,1,0.26599999999962165,BACKFILL_AUTO
2026-06-19 05:36:20,1781847380,R_10,4849.5,1,0.05500000000029104,BACKFILL_AUTO
2026-06-19 05:36:22,1781847382,R_10,4849.564,1,0.06400000000030559,BACKFILL_AUTO
2026-06-19 05:36:24,1781847384,R_10,4849.765,1,0.20100000000002183,BACKFILL_AUTO
2026-06-19 05:36:26,1781847386,R_10,4849.659,-1,0.10600000000067666,BACKFILL_AUTO
2026-06-19 05:36:28,1781847388,R_10,4849.63,-1,0.028999999999541615,BACKFILL_AUTO
2026-06-19 05:36:30,1781847390,R_10,4849.564,-1,0.06599999999980355,BACKFILL_AUTO
2026-06-19 05:36:32,1781847392,R_10,4849.676,1,0.11200000000008004,BACKFILL_AUTO
2026-06-19 05:36:34,1781847394,R_10,4849.607,-1,0.06900000000041473,BACKFILL_AUTO
2026-06-19 05:36:36,1781847396,R_10,4849.643,1,0.03600000000005821,BACKFILL_AUTO
2026-06-19 05:36:38,1781847398,R_10,4849.556,-1,0.08700000000044383,BACKFILL_AUTO
2026-06-19 05:36:40,1781847400,R_10,4849.707,1,0.15100000000074942,BACKFILL_AUTO
2026-06-19 05:36:42,1781847402,R_10,4849.739,1,0.0319999999992433,BACKFILL_AUTO
2026-06-19 05:36:44,1781847404,R_10,4849.926,1,0.18700000000080763,BACKFILL_AUTO
2026-06-19 05:36:46,1781847406,R_10,4849.943,1,0.016999999999825377,BACKFILL_AUTO
2026-06-19 05:36:48,1781847408,R_10,4849.891,-1,0.05200000000058935,BACKFILL_AUTO
2026-06-19 05:36:50,1781847410,R_10,4849.955,1,0.06400000000030559,BACKFILL_AUTO
2026-06-19 05:36:52,1781847412,R_10,4850.062,1,0.1069999999999709,BACKFILL_AUTO
2026-06-19 05:36:54,1781847414,R_10,4849.901,-1,0.1610000000000582,BACKFILL_AUTO
2026-06-19 05:36:56,1781847416,R_10,4849.803,-1,0.09799999999995634,BACKFILL_AUTO
2026-06-19 05:36:58,1781847418,R_10,4849.673,-1,0.13000000000010914,BACKFILL_AUTO
2026-06-19 05:37:00,1781847420,R_10,4849.536,-1,0.13699999999971624,BACKFILL_AUTO
2026-06-19 05:37:02,1781847422,R_10,4849.596,1,0.05999999999949068,BACKFILL_AUTO
2026-06-19 05:37:04,1781847424,R_10,4849.58,-1,0.01599999999962165,BACKFILL_AUTO
2026-06-19 05:37:06,1781847426,R_10,4849.641,1,0.06099999999969441,BACKFILL_AUTO
2026-06-19 05:37:08,1781847428,R_10,4849.435,-1,0.20599999999922147,BACKFILL_AUTO
2026-06-19 05:37:10,1781847430,R_10,4849.466,1,0.03099999999994907,BACKFILL_AUTO
2026-06-19 05:37:12,1781847432,R_10,4849.535,1,0.06899999999950523,BACKFILL_AUTO
2026-06-19 05:37:14,1781847434,R_10,4849.563,1,0.028000000000247383,BACKFILL_AUTO
2026-06-19 05:37:16,1781847436,R_10,4849.623,1,0.05999999999949068,BACKFILL_AUTO
2026-06-19 05:37:18,1781847438,R_10,4849.629,1,0.006000000000312866,BACKFILL_AUTO
2026-06-19 05:37:20,1781847440,R_10,4849.473,-1,0.15599999999994907,BACKFILL_AUTO
2026-06-19 05:37:22,1781847442,R_10,4849.482,1,0.009000000000014552,BACKFILL_AUTO
2026-06-19 05:37:24,1781847444,R_10,4849.427,-1,0.05500000000029104,BACKFILL_AUTO
2026-06-19 05:37:26,1781847446,R_10,4849.468,1,0.04100000000016735,BACKFILL_AUTO
2026-06-19 05:37:28,1781847448,R_10,4849.303,-1,0.16499999999996362,BACKFILL_AUTO
2026-06-19 05:37:30,1781847450,R_10,4849.34,1,0.037000000000261934,BACKFILL_AUTO
2026-06-19 05:37:32,1781847452,R_10,4849.582,1,0.24200000000018917,BACKFILL_AUTO
2026-06-19 05:37:34,1781847454,R_10,4849.508,-1,0.07400000000052387,BACKFILL_AUTO
2026-06-19 05:37:36,1781847456,R_10,4849.512,1,0.0039999999999054126,BACKFILL_AUTO
2026-06-19 05:37:38,1781847458,R_10,4849.513,1,0.0010000000002037268,BACKFILL_AUTO
2026-06-19 05:37:40,1781847460,R_10,4849.525,1,0.011999999999716238,BACKFILL_AUTO
2026-06-19 05:37:42,1781847462,R_10,4849.535,1,0.010000000000218279,BACKFILL_AUTO
2026-06-19 05:37:44,1781847464,R_10,4849.583,1,0.047999999999774445,BACKFILL_AUTO
2026-06-19 05:37:46,1781847466,R_10,4849.6,1,0.01700000000073487,BACKFILL_AUTO
2026-06-19 05:37:48,1781847468,R_10,4849.615,1,0.014999999999417923,BACKFILL_AUTO
2026-06-19 05:37:50,1781847470,R_10,4849.536,-1,0.07899999999972351,BACKFILL_AUTO
2026-06-19 05:37:52,1781847472,R_10,4849.446,-1,0.09000000000014552,BACKFILL_AUTO
2026-06-19 05:37:54,1781847474,R_10,4849.688,1,0.24200000000018917,BACKFILL_AUTO
2026-06-19 05:37:56,1781847476,R_10,4849.627,-1,0.06099999999969441,BACKFILL_AUTO
2026-06-19 05:37:58,1781847478,R_10,4849.807,1,0.17999999999938154,BACKFILL_AUTO
2026-06-19 05:38:00,1781847480,R_10,4849.86,1,0.052999999999883585,BACKFILL_AUTO
2026-06-19 05:38:02,1781847482,R_10,4849.737,-1,0.12299999999959255,BACKFILL_AUTO
2026-06-19 05:38:04,1781847484,R_10,4849.689,-1,0.047999999999774445,BACKFILL_AUTO
2026-06-19 05:38:06,1781847486,R_10,4849.725,1,0.03600000000005821,BACKFILL_AUTO
2026-06-19 05:38:08,1781847488,R_10,4849.568,-1,0.1570000000001528,BACKFILL_AUTO
2026-06-19 05:38:10,1781847490,R_10,4849.683,1,0.11499999999978172,BACKFILL_AUTO
2026-06-19 05:38:12,1781847492,R_10,4849.625,-1,0.057999999999992724,BACKFILL_AUTO
2026-06-19 05:38:14,1781847494,R_10,4849.54,-1,0.08500000000003638,BACKFILL_AUTO
2026-06-19 05:38:16,1781847496,R_10,4849.503,-1,0.037000000000261934,BACKFILL_AUTO
2026-06-19 05:38:18,1781847498,R_10,4849.494,-1,0.009000000000014552,BACKFILL_AUTO
2026-06-19 05:38:20,1781847500,R_10,4849.317,-1,0.17699999999967986,BACKFILL_AUTO
2026-06-19 05:38:22,1781847502,R_10,4849.381,1,0.06400000000030559,BACKFILL_AUTO
2026-06-19 05:38:24,1781847504,R_10,4849.243,-1,0.13799999999991996,BACKFILL_AUTO
2026-06-19 05:38:26,1781847506,R_10,4849.167,-1,0.07600000000002183,BACKFILL_AUTO
2026-06-19 05:38:28,1781847508,R_10,4849.076,-1,0.09100000000034925,BACKFILL_AUTO
2026-06-19 05:38:30,1781847510,R_10,4849.096,1,0.019999999999527063,BACKFILL_AUTO
2026-06-19 05:38:32,1781847512,R_10,4849.066,-1,0.02999999999974534,BACKFILL_AUTO
2026-06-19 05:38:34,1781847514,R_10,4849.158,1,0.09200000000055297,BACKFILL_AUTO
2026-06-19 05:38:36,1781847516,R_10,4849.143,-1,0.015000000000327418,BACKFILL_AUTO
2026-06-19 05:38:38,1781847518,R_10,4849.05,-1,0.0929999999998472,BACKFILL_AUTO
2026-06-19 05:38:40,1781847520,R_10,4849.002,-1,0.047999999999774445,BACKFILL_AUTO
2026-06-19 05:38:42,1781847522,R_10,4849.118,1,0.11599999999998545,BACKFILL_AUTO
2026-06-19 05:38:44,1781847524,R_10,4849.169,1,0.05099999999947613,BACKFILL_AUTO
2026-06-19 05:38:46,1781847526,R_10,4849.08,-1,0.08899999999994179,BACKFILL_AUTO
2026-06-19 05:38:48,1781847528,R_10,4849.02,-1,0.05999999999949068,BACKFILL_AUTO
2026-06-19 05:38:50,1781847530,R_10,4849.108,1,0.08799999999973807,BACKFILL_AUTO
2026-06-19 05:38:52,1781847532,R_10,4849.173,1,0.06499999999959982,BACKFILL_AUTO
2026-06-19 05:38:54,1781847534,R_10,4849.198,1,0.025000000000545697,BACKFILL_AUTO
2026-06-19 05:38:56,1781847536,R_10,4849.302,1,0.10399999999935972,BACKFILL_AUTO
2026-06-19 05:38:58,1781847538,R_10,4849.254,-1,0.047999999999774445,BACKFILL_AUTO
2026-06-19 05:39:00,1781847540,R_10,4849.287,1,0.03300000000035652,BACKFILL_AUTO
2026-06-19 05:39:02,1781847542,R_10,4849.16,-1,0.12700000000040745,BACKFILL_AUTO
2026-06-19 05:39:04,1781847544,R_10,4849.034,-1,0.12600000000020373,BACKFILL_AUTO
2026-06-19 05:39:06,1781847546,R_10,4848.797,-1,0.23700000000008004,BACKFILL_AUTO
2026-06-19 05:39:08,1781847548,R_10,4848.867,1,0.07000000000061846,BACKFILL_AUTO
2026-06-19 05:39:10,1781847550,R_10,4848.895,1,0.028000000000247383,BACKFILL_AUTO
2026-06-19 05:39:12,1781847552,R_10,4848.794,-1,0.10100000000056752,BACKFILL_AUTO
2026-06-19 05:39:14,1781847554,R_10,4848.544,-1,0.25,BACKFILL_AUTO
2026-06-19 05:39:16,1781847556,R_10,4848.35,-1,0.19399999999950523,BACKFILL_AUTO
2026-06-19 05:39:18,1781847558,R_10,4848.285,-1,0.06500000000050932,BACKFILL_AUTO
2026-06-19 05:39:20,1781847560,R_10,4848.324,1,0.03899999999975989,BACKFILL_AUTO
2026-06-19 05:39:22,1781847562,R_10,4848.098,-1,0.22599999999965803,BACKFILL_AUTO
2026-06-19 05:39:24,1781847564,R_10,4848.276,1,0.17799999999988358,BACKFILL_AUTO
2026-06-19 05:39:26,1781847566,R_10,4848.279,1,0.0030000000006111804,BACKFILL_AUTO
2026-06-19 05:39:28,1781847568,R_10,4848.335,1,0.05599999999958527,BACKFILL_AUTO
2026-06-19 05:39:30,1781847570,R_10,4848.287,-1,0.047999999999774445,BACKFILL_AUTO
2026-06-19 05:39:32,1781847572,R_10,4848.136,-1,0.15099999999983993,BACKFILL_AUTO
2026-06-19 05:39:34,1781847574,R_10,4848.058,-1,0.07800000000042928,BACKFILL_AUTO
2026-06-19 05:39:36,1781847576,R_10,4848.021,-1,0.037000000000261934,BACKFILL_AUTO
2026-06-19 05:39:38,1781847578,R_10,4848.06,1,0.03900000000066939,BACKFILL_AUTO
2026-06-19 05:39:40,1781847580,R_10,4848.072,1,0.011999999999716238,BACKFILL_AUTO
2026-06-19 05:39:42,1781847582,R_10,4848.151,1,0.07899999999972351,BACKFILL_AUTO
2026-06-19 05:39:44,1781847584,R_10,4848.383,1,0.2319999999999709,BACKFILL_AUTO
2026-06-19 05:39:46,1781847586,R_10,4848.518,1,0.13500000000021828,BACKFILL_AUTO
2026-06-19 05:39:48,1781847588,R_10,4848.524,1,0.006000000000312866,BACKFILL_AUTO
2026-06-19 05:39:50,1781847590,R_10,4848.635,1,0.11099999999987631,BACKFILL_AUTO
2026-06-19 05:39:52,1781847592,R_10,4848.771,1,0.1359999999995125,BACKFILL_AUTO
2026-06-19 05:39:54,1781847594,R_10,4848.829,1,0.057999999999992724,BACKFILL_AUTO
2026-06-19 05:39:56,1781847596,R_10,4848.762,-1,0.06700000000000728,BACKFILL_AUTO
2026-06-19 05:39:58,1781847598,R_10,4848.833,1,0.07099999999991269,BACKFILL_AUTO
2026-06-19 05:40:00,1781847600,R_10,4849.059,1,0.22600000000056752,BACKFILL_AUTO
2026-06-19 05:40:02,1781847602,R_10,4848.946,-1,0.11300000000028376,BACKFILL_AUTO
2026-06-19 05:40:04,1781847604,R_10,4849.137,1,0.19099999999980355,BACKFILL_AUTO
2026-06-19 05:40:06,1781847606,R_10,4849.282,1,0.14500000000043656,BACKFILL_AUTO
2026-06-19 05:40:08,1781847608,R_10,4849.409,1,0.12699999999949796,BACKFILL_AUTO
2026-06-19 05:40:10,1781847610,R_10,4849.31,-1,0.09899999999925058,BACKFILL_AUTO
2026-06-19 05:40:12,1781847612,R_10,4849.484,1,0.17399999999997817,BACKFILL_AUTO
2026-06-19 05:40:14,1781847614,R_10,4849.427,-1,0.05700000000069849,BACKFILL_AUTO
2026-06-19 05:40:16,1781847616,R_10,4849.246,-1,0.18099999999958527,BACKFILL_AUTO
2026-06-19 05:40:18,1781847618,R_10,4849.223,-1,0.023000000000138243,BACKFILL_AUTO
2026-06-19 05:40:20,1781847620,R_10,4849.13,-1,0.0929999999998472,BACKFILL_AUTO
2026-06-19 05:40:22,1781847622,R_10,4848.982,-1,0.14800000000013824,BACKFILL_AUTO
2026-06-19 05:40:24,1781847624,R_10,4849.176,1,0.19400000000041473,BACKFILL_AUTO
2026-06-19 05:40:26,1781847626,R_10,4848.998,-1,0.17800000000079308,BACKFILL_AUTO
2026-06-19 05:40:28,1781847628,R_10,4849.241,1,0.2430000000003929,BACKFILL_AUTO
2026-06-19 05:40:30,1781847630,R_10,4849.203,-1,0.03799999999955617,BACKFILL_AUTO
2026-06-19 05:40:32,1781847632,R_10,4849.435,1,0.2319999999999709,BACKFILL_AUTO
2026-06-19 05:40:34,1781847634,R_10,4849.579,1,0.14399999999932334,BACKFILL_AUTO
2026-06-19 05:40:36,1781847636,R_10,4849.719,1,0.14000000000032742,BACKFILL_AUTO
2026-06-19 05:40:38,1781847638,R_10,4849.887,1,0.1679999999996653,BACKFILL_AUTO
2026-06-19 05:40:40,1781847640,R_10,4849.849,-1,0.03799999999955617,BACKFILL_AUTO
2026-06-19 05:40:42,1781847642,R_10,4849.811,-1,0.03800000000046566,BACKFILL_AUTO
2026-06-19 05:40:44,1781847644,R_10,4849.661,-1,0.1499999999996362,BACKFILL_AUTO
2026-06-19 05:40:46,1781847646,R_10,4849.733,1,0.07200000000011642,BACKFILL_AUTO
2026-06-19 05:40:48,1781847648,R_10,4849.844,1,0.11099999999987631,BACKFILL_AUTO
2026-06-19 05:40:50,1781847650,R_10,4849.741,-1,0.10300000000006548,BACKFILL_AUTO
2026-06-19 05:40:52,1781847652,R_10,4849.858,1,0.11700000000018917,BACKFILL_AUTO
2026-06-19 05:40:54,1781847654,R_10,4849.525,-1,0.3330000000005384,BACKFILL_AUTO
2026-06-19 05:40:56,1781847656,R_10,4849.57,1,0.04500000000007276,BACKFILL_AUTO
2026-06-19 05:40:58,1781847658,R_10,4849.549,-1,0.02099999999973079,BACKFILL_AUTO
2026-06-19 05:41:00,1781847660,R_10,4849.635,1,0.0860000000002401,BACKFILL_AUTO
2026-06-19 05:41:02,1781847662,R_10,4849.578,-1,0.056999999999789,BACKFILL_AUTO
2026-06-19 05:41:04,1781847664,R_10,4849.679,1,0.10099999999965803,BACKFILL_AUTO
2026-06-19 05:41:06,1781847666,R_10,4849.759,1,0.07999999999992724,BACKFILL_AUTO
2026-06-19 05:41:08,1781847668,R_10,4849.869,1,0.10999999999967258,BACKFILL_AUTO
2026-06-19 05:41:10,1781847670,R_10,4849.965,1,0.09600000000045839,BACKFILL_AUTO
2026-06-19 05:41:12,1781847672,R_10,4850.113,1,0.14800000000013824,BACKFILL_AUTO
2026-06-19 05:41:14,1781847674,R_10,4850.151,1,0.03799999999955617,BACKFILL_AUTO
2026-06-19 05:41:16,1781847676,R_10,4849.979,-1,0.17199999999957072,BACKFILL_AUTO
2026-06-19 05:41:18,1781847678,R_10,4849.98,1,0.0009999999992942321,BACKFILL_AUTO
2026-06-19 05:41:20,1781847680,R_10,4850.055,1,0.0750000000007276,BACKFILL_AUTO
2026-06-19 05:41:22,1781847682,R_10,4850.121,1,0.06599999999980355,BACKFILL_AUTO
2026-06-19 05:41:24,1781847684,R_10,4850.306,1,0.18499999999949068,BACKFILL_AUTO
2026-06-19 05:41:26,1781847686,R_10,4850.442,1,0.136000000000422,BACKFILL_AUTO
2026-06-19 05:41:28,1781847688,R_10,4850.311,-1,0.13100000000031287,BACKFILL_AUTO
2026-06-19 05:41:30,1781847690,R_10,4849.998,-1,0.31300000000010186,BACKFILL_AUTO
2026-06-19 05:41:32,1781847692,R_10,4849.907,-1,0.09099999999943975,BACKFILL_AUTO
2026-06-19 05:41:34,1781847694,R_10,4849.893,-1,0.014000000000123691,BACKFILL_AUTO
2026-06-19 05:41:36,1781847696,R_10,4849.956,1,0.06300000000010186,BACKFILL_AUTO
2026-06-19 05:41:38,1781847698,R_10,4849.798,-1,0.15800000000035652,BACKFILL_AUTO
2026-06-19 05:41:40,1781847700,R_10,4849.756,-1,0.04199999999946158,BACKFILL_AUTO
2026-06-19 05:41:42,1781847702,R_10,4849.731,-1,0.025000000000545697,BACKFILL_AUTO
2026-06-19 05:41:44,1781847704,R_10,4849.649,-1,0.0819999999994252,BACKFILL_AUTO
2026-06-19 05:41:46,1781847706,R_10,4849.852,1,0.2029999999995198,BACKFILL_AUTO
2026-06-19 05:41:48,1781847708,R_10,4849.778,-1,0.07399999999961437,BACKFILL_AUTO
2026-06-19 05:41:50,1781847710,R_10,4849.787,1,0.009000000000014552,BACKFILL_AUTO
2026-06-19 05:41:52,1781847712,R_10,4849.721,-1,0.06600000000071304,BACKFILL_AUTO
2026-06-19 05:41:54,1781847714,R_10,4849.718,-1,0.0029999999997016857,BACKFILL_AUTO
2026-06-19 05:41:56,1781847716,R_10,4849.557,-1,0.1610000000000582,BACKFILL_AUTO
2026-06-19 05:41:58,1781847718,R_10,4849.455,-1,0.10199999999986176,BACKFILL_AUTO
2026-06-19 05:42:00,1781847720,R_10,4849.539,1,0.08399999999983265,BACKFILL_AUTO
2026-06-19 05:42:02,1781847722,R_10,4849.498,-1,0.04100000000016735,BACKFILL_AUTO
2026-06-19 05:42:04,1781847724,R_10,4849.529,1,0.031000000000858563,BACKFILL_AUTO
2026-06-19 05:42:06,1781847726,R_10,4849.554,1,0.024999999999636202,BACKFILL_AUTO
2026-06-19 05:42:08,1781847728,R_10,4849.717,1,0.16299999999955617,BACKFILL_AUTO
2026-06-19 05:42:10,1781847730,R_10,4849.771,1,0.05400000000008731,BACKFILL_AUTO
2026-06-19 05:42:12,1781847732,R_10,4849.605,-1,0.16600000000016735,BACKFILL_AUTO
2026-06-19 05:42:14,1781847734,R_10,4849.673,1,0.068000000000211,BACKFILL_AUTO
2026-06-19 05:42:16,1781847736,R_10,4849.784,1,0.11099999999987631,BACKFILL_AUTO
2026-06-19 05:42:18,1781847738,R_10,4849.848,1,0.06400000000030559,BACKFILL_AUTO
2026-06-19 05:42:20,1781847740,R_10,4849.825,-1,0.023000000000138243,BACKFILL_AUTO
2026-06-19 05:42:22,1781847742,R_10,4849.906,1,0.08100000000013097,BACKFILL_AUTO
2026-06-19 05:42:24,1781847744,R_10,4849.792,-1,0.113999999999578,BACKFILL_AUTO
2026-06-19 05:42:26,1781847746,R_10,4849.669,-1,0.12300000000050204,BACKFILL_AUTO
2026-06-19 05:42:28,1781847748,R_10,4849.611,-1,0.057999999999992724,BACKFILL_AUTO
2026-06-19 05:42:30,1781847750,R_10,4849.721,1,0.10999999999967258,BACKFILL_AUTO
2026-06-19 05:42:32,1781847752,R_10,4849.872,1,0.15100000000074942,BACKFILL_AUTO
2026-06-19 05:42:34,1781847754,R_10,4849.88,1,0.007999999999810825,BACKFILL_AUTO
2026-06-19 05:42:36,1781847756,R_10,4849.985,1,0.10499999999956344,BACKFILL_AUTO
2026-06-19 05:42:38,1781847758,R_10,4849.954,-1,0.03099999999994907,BACKFILL_AUTO
2026-06-19 05:42:40,1781847760,R_10,4850.079,1,0.125,BACKFILL_AUTO
2026-06-19 05:42:42,1781847762,R_10,4849.984,-1,0.09499999999934516,BACKFILL_AUTO
2026-06-19 05:42:44,1781847764,R_10,4849.913,-1,0.07100000000082218,BACKFILL_AUTO
2026-06-19 05:42:46,1781847766,R_10,4849.902,-1,0.01099999999951251,BACKFILL_AUTO
2026-06-19 05:42:48,1781847768,R_10,4849.916,1,0.014000000000123691,BACKFILL_AUTO
2026-06-19 05:42:50,1781847770,R_10,4849.762,-1,0.1540000000004511,BACKFILL_AUTO
2026-06-19 05:42:52,1781847772,R_10,4849.895,1,0.13300000000072032,BACKFILL_AUTO
2026-06-19 05:42:54,1781847774,R_10,4850.109,1,0.2139999999999418,BACKFILL_AUTO
2026-06-19 05:42:56,1781847776,R_10,4850.072,-1,0.037000000000261934,BACKFILL_AUTO
2026-06-19 05:42:58,1781847778,R_10,4850.012,-1,0.06000000000040018,BACKFILL_AUTO
2026-06-19 05:43:00,1781847780,R_10,4850.023,1,0.011000000000422006,BACKFILL_AUTO
2026-06-19 05:43:02,1781847782,R_10,4849.998,-1,0.025000000000545697,BACKFILL_AUTO
2026-06-19 05:43:04,1781847784,R_10,4850.195,1,0.19700000000011642,BACKFILL_AUTO
2026-06-19 05:43:06,1781847786,R_10,4850.134,-1,0.06099999999969441,BACKFILL_AUTO
2026-06-19 05:43:08,1781847788,R_10,4850.233,1,0.09900000000016007,BACKFILL_AUTO
2026-06-19 05:43:10,1781847790,R_10,4850.038,-1,0.19500000000061846,BACKFILL_AUTO
2026-06-19 05:43:12,1781847792,R_10,4850.037,-1,0.0009999999992942321,BACKFILL_AUTO
2026-06-19 05:43:14,1781847794,R_10,4849.854,-1,0.18299999999999272,BACKFILL_AUTO
2026-06-19 05:43:16,1781847796,R_10,4849.926,1,0.07200000000011642,BACKFILL_AUTO
2026-06-19 05:43:18,1781847798,R_10,4849.969,1,0.042999999999665306,BACKFILL_AUTO
2026-06-19 05:43:20,1781847800,R_10,4849.902,-1,0.06700000000000728,BACKFILL_AUTO
2026-06-19 05:43:22,1781847802,R_10,4849.928,1,0.02599999999983993,BACKFILL_AUTO
2026-06-19 05:43:24,1781847804,R_10,4849.884,-1,0.04399999999986903,BACKFILL_AUTO
2026-06-19 05:43:26,1781847806,R_10,4849.831,-1,0.052999999999883585,BACKFILL_AUTO
2026-06-19 05:43:28,1781847808,R_10,4849.999,1,0.1679999999996653,BACKFILL_AUTO
2026-06-19 05:43:30,1781847810,R_10,4850.078,1,0.07900000000063301,BACKFILL_AUTO
2026-06-19 05:43:32,1781847812,R_10,4850.045,-1,0.03300000000035652,BACKFILL_AUTO
2026-06-19 05:43:34,1781847814,R_10,4850.183,1,0.13799999999991996,BACKFILL_AUTO
2026-06-19 05:43:36,1781847816,R_10,4850.273,1,0.09000000000014552,BACKFILL_AUTO
2026-06-19 05:43:38,1781847818,R_10,4850.098,-1,0.1750000000001819,BACKFILL_AUTO
2026-06-19 05:43:40,1781847820,R_10,4850.015,-1,0.08299999999962893,BACKFILL_AUTO
2026-06-19 05:43:42,1781847822,R_10,4850.066,1,0.05099999999947613,BACKFILL_AUTO
2026-06-19 05:43:44,1781847824,R_10,4850.086,1,0.020000000000436557,BACKFILL_AUTO
2026-06-19 05:43:46,1781847826,R_10,4850.299,1,0.21299999999973807,BACKFILL_AUTO
2026-06-19 05:43:48,1781847828,R_10,4850.162,-1,0.13699999999971624,BACKFILL_AUTO
2026-06-19 05:43:50,1781847830,R_10,4850.219,1,0.056999999999789,BACKFILL_AUTO
2026-06-19 05:43:52,1781847832,R_10,4849.972,-1,0.24700000000029831,BACKFILL_AUTO
2026-06-19 05:43:54,1781847834,R_10,4850.014,1,0.042000000000371074,BACKFILL_AUTO
2026-06-19 05:43:56,1781847836,R_10,4850.107,1,0.0929999999998472,BACKFILL_AUTO
2026-06-19 05:43:58,1781847838,R_10,4850.095,-1,0.011999999999716238,BACKFILL_AUTO
2026-06-19 05:44:00,1781847840,R_10,4849.87,-1,0.2250000000003638,BACKFILL_AUTO
2026-06-19 05:44:02,1781847842,R_10,4849.921,1,0.051000000000385626,BACKFILL_AUTO
2026-06-19 05:44:04,1781847844,R_10,4849.749,-1,0.1720000000004802,BACKFILL_AUTO
2026-06-19 05:44:06,1781847846,R_10,4849.741,-1,0.007999999999810825,BACKFILL_AUTO
2026-06-19 05:44:08,1781847848,R_10,4849.845,1,0.10400000000026921,BACKFILL_AUTO
2026-06-19 05:44:10,1781847850,R_10,4849.713,-1,0.1320000000005166,BACKFILL_AUTO
2026-06-19 05:44:12,1781847852,R_10,4849.771,1,0.057999999999992724,BACKFILL_AUTO
2026-06-19 05:44:14,1781847854,R_10,4849.685,-1,0.08599999999933061,BACKFILL_AUTO
2026-06-19 05:44:16,1781847856,R_10,4849.77,1,0.08500000000003638,BACKFILL_AUTO
2026-06-19 05:44:18,1781847858,R_10,4849.582,-1,0.18800000000010186,BACKFILL_AUTO
2026-06-19 05:44:20,1781847860,R_10,4849.593,1,0.01099999999951251,BACKFILL_AUTO
2026-06-19 05:44:22,1781847862,R_10,4849.675,1,0.0820000000003347,BACKFILL_AUTO
2026-06-19 05:44:24,1781847864,R_10,4849.726,1,0.05099999999947613,BACKFILL_AUTO
2026-06-19 05:44:26,1781847866,R_10,4849.812,1,0.0860000000002401,BACKFILL_AUTO
2026-06-19 05:44:28,1781847868,R_10,4849.86,1,0.047999999999774445,BACKFILL_AUTO
2026-06-19 05:44:30,1781847870,R_10,4849.743,-1,0.11699999999927968,BACKFILL_AUTO
2026-06-19 05:44:32,1781847872,R_10,4849.711,-1,0.032000000000152795,BACKFILL_AUTO
2026-06-19 05:44:34,1781847874,R_10,4849.534,-1,0.17700000000058935,BACKFILL_AUTO
2026-06-19 05:44:36,1781847876,R_10,4849.622,1,0.08800000000064756,BACKFILL_AUTO
2026-06-19 05:44:38,1781847878,R_10,4849.832,1,0.21000000000003638,BACKFILL_AUTO
2026-06-19 05:44:40,1781847880,R_10,4849.846,1,0.013999999999214197,BACKFILL_AUTO
2026-06-19 05:44:42,1781847882,R_10,4849.909,1,0.06300000000010186,BACKFILL_AUTO
2026-06-19 05:44:44,1781847884,R_10,4849.834,-1,0.0749999999998181,BACKFILL_AUTO
2026-06-19 05:44:46,1781847886,R_10,4849.775,-1,0.05900000000019645,BACKFILL_AUTO
2026-06-19 05:44:48,1781847888,R_10,4849.587,-1,0.18799999999919237,BACKFILL_AUTO
2026-06-19 05:44:50,1781847890,R_10,4849.534,-1,0.05300000000079308,BACKFILL_AUTO
2026-06-19 05:44:52,1781847892,R_10,4849.327,-1,0.2069999999994252,BACKFILL_AUTO
2026-06-19 05:44:54,1781847894,R_10,4849.502,1,0.1750000000001819,BACKFILL_AUTO
2026-06-19 05:44:56,1781847896,R_10,4849.416,-1,0.0860000000002401,BACKFILL_AUTO
2026-06-19 05:44:58,1781847898,R_10,4849.394,-1,0.021999999999934516,BACKFILL_AUTO
2026-06-19 05:45:00,1781847900,R_10,4849.558,1,0.1639999999997599,BACKFILL_AUTO
2026-06-19 05:45:02,1781847902,R_10,4849.471,-1,0.08700000000044383,BACKFILL_AUTO
2026-06-19 05:45:04,1781847904,R_10,4849.574,1,0.10300000000006548,BACKFILL_AUTO
2026-06-19 05:45:06,1781847906,R_10,4849.597,1,0.023000000000138243,BACKFILL_AUTO
2026-06-19 05:45:08,1781847908,R_10,4849.55,-1,0.04699999999957072,BACKFILL_AUTO
2026-06-19 05:45:10,1781847910,R_10,4849.687,1,0.13699999999971624,BACKFILL_AUTO
2026-06-19 05:45:12,1781847912,R_10,4849.635,-1,0.05199999999967986,BACKFILL_AUTO
2026-06-19 05:45:14,1781847914,R_10,4849.569,-1,0.06599999999980355,BACKFILL_AUTO
2026-06-19 05:45:16,1781847916,R_10,4849.536,-1,0.03300000000035652,BACKFILL_AUTO
2026-06-19 05:45:18,1781847918,R_10,4849.523,-1,0.012999999999919964,BACKFILL_AUTO
2026-06-19 05:45:20,1781847920,R_10,4849.433,-1,0.09000000000014552,BACKFILL_AUTO
2026-06-19 05:45:22,1781847922,R_10,4849.253,-1,0.18000000000029104,BACKFILL_AUTO
2026-06-19 05:45:24,1781847924,R_10,4849.335,1,0.0820000000003347,BACKFILL_AUTO
2026-06-19 05:45:26,1781847926,R_10,4849.281,-1,0.05400000000008731,BACKFILL_AUTO
2026-06-19 05:45:28,1781847928,R_10,4849.092,-1,0.1890000000003056,BACKFILL_AUTO
2026-06-19 05:45:30,1781847930,R_10,4849.089,-1,0.0029999999997016857,BACKFILL_AUTO
2026-06-19 05:45:32,1781847932,R_10,4848.906,-1,0.18299999999999272,BACKFILL_AUTO
2026-06-19 05:45:34,1781847934,R_10,4848.731,-1,0.1750000000001819,BACKFILL_AUTO
2026-06-19 05:45:36,1781847936,R_10,4848.572,-1,0.15899999999965075,BACKFILL_AUTO
2026-06-19 05:45:38,1781847938,R_10,4848.732,1,0.15999999999985448,BACKFILL_AUTO
2026-06-19 05:45:40,1781847940,R_10,4848.637,-1,0.09500000000025466,BACKFILL_AUTO
2026-06-19 05:45:42,1781847942,R_10,4848.684,1,0.04700000000048021,BACKFILL_AUTO
2026-06-19 05:45:44,1781847944,R_10,4848.83,1,0.1459999999997308,BACKFILL_AUTO
2026-06-19 05:45:46,1781847946,R_10,4849.067,1,0.23700000000008004,BACKFILL_AUTO
2026-06-19 05:45:48,1781847948,R_10,4849.116,1,0.04899999999997817,BACKFILL_AUTO
2026-06-19 05:45:50,1781847950,R_10,4849.115,-1,0.0010000000002037268,BACKFILL_AUTO
2026-06-19 05:45:52,1781847952,R_10,4849.04,-1,0.0749999999998181,BACKFILL_AUTO
2026-06-19 05:45:54,1781847954,R_10,4849.218,1,0.17799999999988358,BACKFILL_AUTO
2026-06-19 05:45:56,1781847956,R_10,4849.228,1,0.010000000000218279,BACKFILL_AUTO
2026-06-19 05:45:58,1781847958,R_10,4849.105,-1,0.12300000000050204,BACKFILL_AUTO
2026-06-19 05:46:00,1781847960,R_10,4849.299,1,0.19400000000041473,BACKFILL_AUTO
2026-06-19 05:46:02,1781847962,R_10,4849.145,-1,0.15399999999954161,BACKFILL_AUTO
2026-06-19 05:46:04,1781847964,R_10,4849.209,1,0.0639999999993961,BACKFILL_AUTO
2026-06-19 05:46:06,1781847966,R_10,4849.043,-1,0.16600000000016735,BACKFILL_AUTO
2026-06-19 05:46:08,1781847968,R_10,4849.159,1,0.11599999999998545,BACKFILL_AUTO
2026-06-19 05:46:10,1781847970,R_10,4848.874,-1,0.2849999999998545,BACKFILL_AUTO
2026-06-19 05:46:12,1781847972,R_10,4848.727,-1,0.14699999999993452,BACKFILL_AUTO
2026-06-19 05:46:14,1781847974,R_10,4848.612,-1,0.11499999999978172,BACKFILL_AUTO
2026-06-19 05:46:16,1781847976,R_10,4848.458,-1,0.1540000000004511,BACKFILL_AUTO
2026-06-19 05:46:18,1781847978,R_10,4848.423,-1,0.03499999999985448,BACKFILL_AUTO
2026-06-19 05:46:20,1781847980,R_10,4848.411,-1,0.011999999999716238,BACKFILL_AUTO
2026-06-19 05:46:22,1781847982,R_10,4848.328,-1,0.08299999999962893,BACKFILL_AUTO
2026-06-19 05:46:24,1781847984,R_10,4848.45,1,0.12199999999938882,BACKFILL_AUTO
2026-06-19 05:46:26,1781847986,R_10,4848.454,1,0.0039999999999054126,BACKFILL_AUTO
2026-06-19 05:46:28,1781847988,R_10,4848.447,-1,0.006999999999607098,BACKFILL_AUTO
2026-06-19 05:46:30,1781847990,R_10,4848.399,-1,0.047999999999774445,BACKFILL_AUTO
2026-06-19 05:46:32,1781847992,R_10,4848.217,-1,0.1820000000006985,BACKFILL_AUTO
2026-06-19 05:46:34,1781847994,R_10,4848.389,1,0.1720000000004802,BACKFILL_AUTO
2026-06-19 05:46:36,1781847996,R_10,4848.485,1,0.09599999999954889,BACKFILL_AUTO
2026-06-19 05:46:38,1781847998,R_10,4848.474,-1,0.01099999999951251,BACKFILL_AUTO
2026-06-19 05:46:40,1781848000,R_10,4848.561,1,0.08699999999953434,BACKFILL_AUTO
2026-06-19 05:46:42,1781848002,R_10,4848.619,1,0.057999999999992724,BACKFILL_AUTO
2026-06-19 05:46:44,1781848004,R_10,4848.54,-1,0.07899999999972351,BACKFILL_AUTO
2026-06-19 05:46:46,1781848006,R_10,4848.341,-1,0.19899999999961437,BACKFILL_AUTO
2026-06-19 05:46:48,1781848008,R_10,4848.395,1,0.05400000000008731,BACKFILL_AUTO
2026-06-19 05:46:50,1781848010,R_10,4848.244,-1,0.15100000000074942,BACKFILL_AUTO
2026-06-19 05:46:52,1781848012,R_10,4848.202,-1,0.04199999999946158,BACKFILL_AUTO
2026-06-19 05:46:54,1781848014,R_10,4848.072,-1,0.13000000000010914,BACKFILL_AUTO
2026-06-19 05:46:56,1781848016,R_10,4848.184,1,0.11200000000008004,BACKFILL_AUTO
2026-06-19 05:46:58,1781848018,R_10,4848.219,1,0.03499999999985448,BACKFILL_AUTO
2026-06-19 05:47:00,1781848020,R_10,4848.209,-1,0.010000000000218279,BACKFILL_AUTO
2026-06-19 05:47:02,1781848022,R_10,4848.419,1,0.21000000000003638,BACKFILL_AUTO
2026-06-19 05:47:04,1781848024,R_10,4848.454,1,0.03499999999985448,BACKFILL_AUTO
2026-06-19 05:47:06,1781848026,R_10,4848.593,1,0.1390000000001237,BACKFILL_AUTO
2026-06-19 05:47:08,1781848028,R_10,4848.715,1,0.12200000000029831,BACKFILL_AUTO
2026-06-19 05:47:10,1781848030,R_10,4848.681,-1,0.03400000000056025,BACKFILL_AUTO
2026-06-19 05:47:12,1781848032,R_10,4848.658,-1,0.02299999999922875,BACKFILL_AUTO
2026-06-19 05:47:14,1781848034,R_10,4848.715,1,0.056999999999789,BACKFILL_AUTO
2026-06-19 05:47:16,1781848036,R_10,4848.697,-1,0.018000000000029104,BACKFILL_AUTO
2026-06-19 05:47:18,1781848038,R_10,4848.786,1,0.08899999999994179,BACKFILL_AUTO
2026-06-19 05:47:20,1781848040,R_10,4848.729,-1,0.056999999999789,BACKFILL_AUTO
2026-06-19 05:47:22,1781848042,R_10,4848.65,-1,0.07900000000063301,BACKFILL_AUTO
2026-06-19 05:47:24,1781848044,R_10,4848.542,-1,0.10799999999926513,BACKFILL_AUTO
2026-06-19 05:47:26,1781848046,R_10,4848.444,-1,0.09799999999995634,BACKFILL_AUTO
2026-06-19 05:47:28,1781848048,R_10,4848.503,1,0.058999999999286956,BACKFILL_AUTO
2026-06-19 05:47:30,1781848050,R_10,4848.397,-1,0.10599999999976717,BACKFILL_AUTO
2026-06-19 05:47:32,1781848052,R_10,4848.463,1,0.06599999999980355,BACKFILL_AUTO
2026-06-19 05:47:34,1781848054,R_10,4848.293,-1,0.17000000000007276,BACKFILL_AUTO
2026-06-19 05:47:36,1781848056,R_10,4848.448,1,0.15500000000065484,BACKFILL_AUTO
2026-06-19 05:47:38,1781848058,R_10,4848.203,-1,0.24499999999989086,BACKFILL_AUTO
2026-06-19 05:47:40,1781848060,R_10,4848.168,-1,0.035000000000763976,BACKFILL_AUTO
2026-06-19 05:47:42,1781848062,R_10,4848.237,1,0.06900000000041473,BACKFILL_AUTO
2026-06-19 05:47:44,1781848064,R_10,4848.312,1,0.0749999999998181,BACKFILL_AUTO
2026-06-19 05:47:46,1781848066,R_10,4848.275,-1,0.037000000000261934,BACKFILL_AUTO
2026-06-19 05:47:48,1781848068,R_10,4848.372,1,0.09700000000066211,BACKFILL_AUTO
2026-06-19 05:47:50,1781848070,R_10,4848.362,-1,0.010000000000218279,BACKFILL_AUTO
2026-06-19 05:47:52,1781848072,R_10,4848.43,1,0.068000000000211,BACKFILL_AUTO
2026-06-19 05:47:54,1781848074,R_10,4848.504,1,0.07399999999961437,BACKFILL_AUTO
2026-06-19 05:47:56,1781848076,R_10,4848.475,-1,0.028999999999541615,BACKFILL_AUTO
2026-06-19 05:47:58,1781848078,R_10,4848.495,1,0.019999999999527063,BACKFILL_AUTO
2026-06-19 05:48:00,1781848080,R_10,4848.533,1,0.03800000000046566,BACKFILL_AUTO
2026-06-19 05:48:02,1781848082,R_10,4848.402,-1,0.13100000000031287,BACKFILL_AUTO
2026-06-19 05:48:04,1781848084,R_10,4848.333,-1,0.06900000000041473,BACKFILL_AUTO
2026-06-19 05:48:06,1781848086,R_10,4848.46,1,0.12700000000040745,BACKFILL_AUTO
2026-06-19 05:48:08,1781848088,R_10,4848.509,1,0.04899999999997817,BACKFILL_AUTO
2026-06-19 05:48:10,1781848090,R_10,4848.637,1,0.12799999999970169,BACKFILL_AUTO
2026-06-19 05:48:12,1781848092,R_10,4848.668,1,0.03099999999994907,BACKFILL_AUTO
2026-06-19 05:48:14,1781848094,R_10,4848.642,-1,0.02599999999983993,BACKFILL_AUTO
2026-06-19 05:48:16,1781848096,R_10,4848.723,1,0.08100000000013097,BACKFILL_AUTO
2026-06-19 05:48:18,1781848098,R_10,4848.819,1,0.09600000000045839,BACKFILL_AUTO
2026-06-19 05:48:20,1781848100,R_10,4848.931,1,0.11199999999917054,BACKFILL_AUTO
2026-06-19 05:48:22,1781848102,R_10,4848.916,-1,0.014999999999417923,BACKFILL_AUTO
2026-06-19 05:48:24,1781848104,R_10,4848.945,1,0.028999999999541615,BACKFILL_AUTO
2026-06-19 05:48:26,1781848106,R_10,4849.057,1,0.11200000000008004,BACKFILL_AUTO
2026-06-19 05:48:28,1781848108,R_10,4848.929,-1,0.12799999999970169,BACKFILL_AUTO
2026-06-19 05:48:30,1781848110,R_10,4848.807,-1,0.12200000000029831,BACKFILL_AUTO
2026-06-19 05:48:32,1781848112,R_10,4848.942,1,0.13500000000021828,BACKFILL_AUTO
2026-06-19 05:48:34,1781848114,R_10,4848.841,-1,0.10099999999965803,BACKFILL_AUTO
2026-06-19 05:48:36,1781848116,R_10,4848.921,1,0.07999999999992724,BACKFILL_AUTO
2026-06-19 05:48:38,1781848118,R_10,4848.742,-1,0.1790000000000873,BACKFILL_AUTO
2026-06-19 05:48:40,1781848120,R_10,4848.648,-1,0.09400000000005093,BACKFILL_AUTO
2026-06-19 05:48:42,1781848122,R_10,4848.81,1,0.16200000000026193,BACKFILL_AUTO
2026-06-19 05:48:44,1781848124,R_10,4848.693,-1,0.11700000000018917,BACKFILL_AUTO
2026-06-19 05:48:46,1781848126,R_10,4848.838,1,0.14499999999952706,BACKFILL_AUTO
2026-06-19 05:48:48,1781848128,R_10,4848.887,1,0.04899999999997817,BACKFILL_AUTO
2026-06-19 05:48:50,1781848130,R_10,4848.999,1,0.11200000000008004,BACKFILL_AUTO
2026-06-19 05:48:52,1781848132,R_10,4848.982,-1,0.016999999999825377,BACKFILL_AUTO
2026-06-19 05:48:54,1781848134,R_10,4849.039,1,0.056999999999789,BACKFILL_AUTO
2026-06-19 05:48:56,1781848136,R_10,4849.188,1,0.14900000000034197,BACKFILL_AUTO
2026-06-19 05:48:58,1781848138,R_10,4849.508,1,0.31999999999970896,BACKFILL_AUTO
2026-06-19 05:49:00,1781848140,R_10,4849.541,1,0.03300000000035652,BACKFILL_AUTO
2026-06-19 05:49:02,1781848142,R_10,4849.454,-1,0.08700000000044383,BACKFILL_AUTO
2026-06-19 05:49:04,1781848144,R_10,4849.434,-1,0.019999999999527063,BACKFILL_AUTO
2026-06-19 05:49:06,1781848146,R_10,4849.291,-1,0.1430000000000291,BACKFILL_AUTO
2026-06-19 05:49:08,1781848148,R_10,4849.262,-1,0.02900000000045111,BACKFILL_AUTO
2026-06-19 05:49:10,1781848150,R_10,4849.403,1,0.14100000000053114,BACKFILL_AUTO
2026-06-19 05:49:12,1781848152,R_10,4849.471,1,0.06799999999930151,BACKFILL_AUTO
2026-06-19 05:49:14,1781848154,R_10,4849.366,-1,0.10499999999956344,BACKFILL_AUTO
2026-06-19 05:49:16,1781848156,R_10,4849.395,1,0.02900000000045111,BACKFILL_AUTO
2026-06-19 05:49:18,1781848158,R_10,4849.276,-1,0.11900000000059663,BACKFILL_AUTO
2026-06-19 05:49:20,1781848160,R_10,4849.251,-1,0.024999999999636202,BACKFILL_AUTO
2026-06-19 05:49:22,1781848162,R_10,4849.164,-1,0.08700000000044383,BACKFILL_AUTO
2026-06-19 05:49:24,1781848164,R_10,4849.066,-1,0.09799999999995634,BACKFILL_AUTO
2026-06-19 05:49:26,1781848166,R_10,4848.946,-1,0.11999999999989086,BACKFILL_AUTO
2026-06-19 05:49:28,1781848168,R_10,4848.918,-1,0.028000000000247383,BACKFILL_AUTO
2026-06-19 05:49:30,1781848170,R_10,4848.721,-1,0.19700000000011642,BACKFILL_AUTO
2026-06-19 05:49:32,1781848172,R_10,4848.704,-1,0.016999999999825377,BACKFILL_AUTO
2026-06-19 05:49:34,1781848174,R_10,4848.525,-1,0.1790000000000873,BACKFILL_AUTO
2026-06-19 05:49:36,1781848176,R_10,4848.585,1,0.06000000000040018,BACKFILL_AUTO
2026-06-19 05:49:38,1781848178,R_10,4848.724,1,0.1390000000001237,BACKFILL_AUTO
2026-06-19 05:49:40,1781848180,R_10,4848.666,-1,0.057999999999992724,BACKFILL_AUTO
2026-06-19 05:49:42,1781848182,R_10,4848.607,-1,0.05900000000019645,BACKFILL_AUTO
2026-06-19 05:49:44,1781848184,R_10,4848.323,-1,0.28399999999965075,BACKFILL_AUTO
2026-06-19 05:49:46,1781848186,R_10,4848.261,-1,0.06199999999989814,BACKFILL_AUTO
2026-06-19 05:49:48,1781848188,R_10,4848.284,1,0.02299999999922875,BACKFILL_AUTO
2026-06-19 05:49:50,1781848190,R_10,4848.235,-1,0.04899999999997817,BACKFILL_AUTO
2026-06-19 05:49:52,1781848192,R_10,4848.047,-1,0.18800000000010186,BACKFILL_AUTO
2026-06-19 05:49:54,1781848194,R_10,4848.145,1,0.09800000000086584,BACKFILL_AUTO
2026-06-19 05:49:56,1781848196,R_10,4848.36,1,0.21499999999923602,BACKFILL_AUTO
2026-06-19 05:49:58,1781848198,R_10,4848.172,-1,0.18800000000010186,BACKFILL_AUTO
2026-06-19 05:50:00,1781848200,R_10,4848.053,-1,0.11899999999968713,BACKFILL_AUTO
2026-06-19 05:50:02,1781848202,R_10,4847.886,-1,0.16699999999946158,BACKFILL_AUTO
2026-06-19 05:50:04,1781848204,R_10,4848.03,1,0.14399999999932334,BACKFILL_AUTO
2026-06-19 05:50:06,1781848206,R_10,4848.18,1,0.1500000000005457,BACKFILL_AUTO
2026-06-19 05:50:08,1781848208,R_10,4848.032,-1,0.14800000000013824,BACKFILL_AUTO
2026-06-19 05:50:10,1781848210,R_10,4848.056,1,0.023999999999432475,BACKFILL_AUTO
2026-06-19 05:50:12,1781848212,R_10,4848.095,1,0.03900000000066939,BACKFILL_AUTO
2026-06-19 05:50:14,1781848214,R_10,4847.935,-1,0.15999999999985448,BACKFILL_AUTO
2026-06-19 05:50:16,1781848216,R_10,4847.913,-1,0.02200000000084401,BACKFILL_AUTO
2026-06-19 05:50:18,1781848218,R_10,4847.848,-1,0.06499999999959982,BACKFILL_AUTO
2026-06-19 05:50:20,1781848220,R_10,4847.761,-1,0.08699999999953434,BACKFILL_AUTO
2026-06-19 05:50:22,1781848222,R_10,4847.783,1,0.021999999999934516,BACKFILL_AUTO
2026-06-19 05:50:24,1781848224,R_10,4847.95,1,0.16699999999946158,BACKFILL_AUTO
2026-06-19 05:50:26,1781848226,R_10,4847.994,1,0.04399999999986903,BACKFILL_AUTO
2026-06-19 05:50:28,1781848228,R_10,4847.976,-1,0.018000000000029104,BACKFILL_AUTO
2026-06-19 05:50:30,1781848230,R_10,4848.086,1,0.11000000000058208,BACKFILL_AUTO
2026-06-19 05:50:32,1781848232,R_10,4848.146,1,0.05999999999949068,BACKFILL_AUTO
2026-06-19 05:50:34,1781848234,R_10,4848.321,1,0.1750000000001819,BACKFILL_AUTO
2026-06-19 05:50:36,1781848236,R_10,4848.207,-1,0.113999999999578,BACKFILL_AUTO
2026-06-19 05:50:38,1781848238,R_10,4848.21,1,0.0029999999997016857,BACKFILL_AUTO
2026-06-19 05:50:40,1781848240,R_10,4848.07,-1,0.14000000000032742,BACKFILL_AUTO
2026-06-19 05:50:42,1781848242,R_10,4848.151,1,0.08100000000013097,BACKFILL_AUTO
2026-06-19 05:50:44,1781848244,R_10,4848.131,-1,0.019999999999527063,BACKFILL_AUTO
2026-06-19 05:50:46,1781848246,R_10,4848.203,1,0.07200000000011642,BACKFILL_AUTO
2026-06-19 05:50:48,1781848248,R_10,4848.407,1,0.2039999999997235,BACKFILL_AUTO
2026-06-19 05:50:50,1781848250,R_10,4848.369,-1,0.03800000000046566,BACKFILL_AUTO
2026-06-19 05:50:52,1781848252,R_10,4848.407,1,0.03800000000046566,BACKFILL_AUTO
2026-06-19 05:50:54,1781848254,R_10,4848.355,-1,0.05200000000058935,BACKFILL_AUTO
2026-06-19 05:50:56,1781848256,R_10,4848.397,1,0.042000000000371074,BACKFILL_AUTO
2026-06-19 05:50:58,1781848258,R_10,4848.471,1,0.07399999999961437,BACKFILL_AUTO
2026-06-19 05:51:00,1781848260,R_10,4848.633,1,0.16200000000026193,BACKFILL_AUTO
2026-06-19 05:51:02,1781848262,R_10,4848.56,-1,0.07299999999941065,BACKFILL_AUTO
2026-06-19 05:51:04,1781848264,R_10,4848.551,-1,0.009000000000014552,BACKFILL_AUTO
2026-06-19 05:51:06,1781848266,R_10,4848.568,1,0.016999999999825377,BACKFILL_AUTO
2026-06-19 05:51:08,1781848268,R_10,4848.621,1,0.052999999999883585,BACKFILL_AUTO
2026-06-19 05:51:10,1781848270,R_10,4848.532,-1,0.08899999999994179,BACKFILL_AUTO
2026-06-19 05:51:12,1781848272,R_10,4848.307,-1,0.2250000000003638,BACKFILL_AUTO
2026-06-19 05:51:14,1781848274,R_10,4848.215,-1,0.09199999999964348,BACKFILL_AUTO
2026-06-19 05:51:16,1781848276,R_10,4848.191,-1,0.02400000000034197,BACKFILL_AUTO
2026-06-19 05:51:18,1781848278,R_10,4848.24,1,0.04899999999997817,BACKFILL_AUTO
2026-06-19 05:51:20,1781848280,R_10,4848.267,1,0.027000000000043656,BACKFILL_AUTO
2026-06-19 05:51:22,1781848282,R_10,4848.185,-1,0.0819999999994252,BACKFILL_AUTO
2026-06-19 05:51:24,1781848284,R_10,4848.208,1,0.02299999999922875,BACKFILL_AUTO
2026-06-19 05:51:26,1781848286,R_10,4848.272,1,0.06400000000030559,BACKFILL_AUTO
2026-06-19 05:51:28,1781848288,R_10,4848.142,-1,0.13000000000010914,BACKFILL_AUTO
2026-06-19 05:51:30,1781848290,R_10,4848.068,-1,0.07399999999961437,BACKFILL_AUTO
2026-06-19 05:51:32,1781848292,R_10,4848.025,-1,0.0430000000005748,BACKFILL_AUTO
2026-06-19 05:51:34,1781848294,R_10,4848.069,1,0.04400000000077853,BACKFILL_AUTO
2026-06-19 05:51:36,1781848296,R_10,4848.112,1,0.042999999999665306,BACKFILL_AUTO
2026-06-19 05:51:38,1781848298,R_10,4847.966,-1,0.1459999999997308,BACKFILL_AUTO
2026-06-19 05:51:40,1781848300,R_10,4847.933,-1,0.03300000000035652,BACKFILL_AUTO
2026-06-19 05:51:42,1781848302,R_10,4847.853,-1,0.07999999999992724,BACKFILL_AUTO
2026-06-19 05:51:44,1781848304,R_10,4847.837,-1,0.01599999999962165,BACKFILL_AUTO
2026-06-19 05:51:46,1781848306,R_10,4847.775,-1,0.06200000000080763,BACKFILL_AUTO
2026-06-19 05:51:48,1781848308,R_10,4847.846,1,0.07099999999991269,BACKFILL_AUTO
2026-06-19 05:51:50,1781848310,R_10,4847.718,-1,0.12799999999970169,BACKFILL_AUTO
2026-06-19 05:51:52,1781848312,R_10,4847.749,1,0.03099999999994907,BACKFILL_AUTO
2026-06-19 05:51:54,1781848314,R_10,4847.805,1,0.056000000000494765,BACKFILL_AUTO
2026-06-19 05:51:56,1781848316,R_10,4847.719,-1,0.0860000000002401,BACKFILL_AUTO
2026-06-19 05:51:58,1781848318,R_10,4847.603,-1,0.11599999999998545,BACKFILL_AUTO
2026-06-19 05:52:00,1781848320,R_10,4847.529,-1,0.07399999999961437,BACKFILL_AUTO
2026-06-19 05:52:02,1781848322,R_10,4847.621,1,0.09199999999964348,BACKFILL_AUTO
2026-06-19 05:52:04,1781848324,R_10,4847.711,1,0.09000000000014552,BACKFILL_AUTO
2026-06-19 05:52:06,1781848326,R_10,4847.93,1,0.21900000000005093,BACKFILL_AUTO
2026-06-19 05:52:08,1781848328,R_10,4847.839,-1,0.09100000000034925,BACKFILL_AUTO
2026-06-19 05:52:10,1781848330,R_10,4847.845,1,0.006000000000312866,BACKFILL_AUTO
2026-06-19 05:52:12,1781848332,R_10,4847.802,-1,0.0430000000005748,BACKFILL_AUTO
2026-06-19 05:52:14,1781848334,R_10,4847.697,-1,0.10499999999956344,BACKFILL_AUTO
2026-06-19 05:52:16,1781848336,R_10,4847.739,1,0.04199999999946158,BACKFILL_AUTO
2026-06-19 05:52:18,1781848338,R_10,4847.932,1,0.193000000000211,BACKFILL_AUTO
2026-06-19 05:52:20,1781848340,R_10,4847.797,-1,0.13500000000021828,BACKFILL_AUTO
2026-06-19 05:52:22,1781848342,R_10,4847.845,1,0.04800000000068394,BACKFILL_AUTO
2026-06-19 05:52:24,1781848344,R_10,4847.675,-1,0.17000000000007276,BACKFILL_AUTO
2026-06-19 05:52:26,1781848346,R_10,4847.52,-1,0.15499999999974534,BACKFILL_AUTO
2026-06-19 05:52:28,1781848348,R_10,4847.389,-1,0.13100000000031287,BACKFILL_AUTO
2026-06-19 05:52:30,1781848350,R_10,4847.278,-1,0.11099999999987631,BACKFILL_AUTO
2026-06-19 05:52:32,1781848352,R_10,4847.089,-1,0.1890000000003056,BACKFILL_AUTO
2026-06-19 05:52:34,1781848354,R_10,4847.026,-1,0.06300000000010186,BACKFILL_AUTO
2026-06-19 05:52:36,1781848356,R_10,4846.847,-1,0.1790000000000873,BACKFILL_AUTO
2026-06-19 05:52:38,1781848358,R_10,4846.743,-1,0.10399999999935972,BACKFILL_AUTO
2026-06-19 05:52:40,1781848360,R_10,4846.526,-1,0.21700000000055297,BACKFILL_AUTO
2026-06-19 05:52:42,1781848362,R_10,4846.392,-1,0.13400000000001455,BACKFILL_AUTO
2026-06-19 05:52:44,1781848364,R_10,4846.414,1,0.021999999999934516,BACKFILL_AUTO
2026-06-19 05:52:46,1781848366,R_10,4846.404,-1,0.009999999999308784,BACKFILL_AUTO
2026-06-19 05:52:48,1781848368,R_10,4846.522,1,0.11799999999948341,BACKFILL_AUTO
2026-06-19 05:52:50,1781848370,R_10,4846.366,-1,0.15599999999994907,BACKFILL_AUTO
2026-06-19 05:52:52,1781848372,R_10,4846.274,-1,0.09199999999964348,BACKFILL_AUTO
2026-06-19 05:52:54,1781848374,R_10,4846.236,-1,0.03800000000046566,BACKFILL_AUTO
2026-06-19 05:52:56,1781848376,R_10,4846.334,1,0.09799999999995634,BACKFILL_AUTO
2026-06-19 05:52:58,1781848378,R_10,4846.307,-1,0.027000000000043656,BACKFILL_AUTO
2026-06-19 05:53:00,1781848380,R_10,4846.466,1,0.15900000000056025,BACKFILL_AUTO
2026-06-19 05:53:02,1781848382,R_10,4846.299,-1,0.16700000000037107,BACKFILL_AUTO
2026-06-19 05:53:04,1781848384,R_10,4846.322,1,0.023000000000138243,BACKFILL_AUTO
2026-06-19 05:53:06,1781848386,R_10,4846.374,1,0.05199999999967986,BACKFILL_AUTO
2026-06-19 05:53:08,1781848388,R_10,4846.283,-1,0.09099999999943975,BACKFILL_AUTO
2026-06-19 05:53:10,1781848390,R_10,4846.348,1,0.06499999999959982,BACKFILL_AUTO
2026-06-19 05:53:12,1781848392,R_10,4846.444,1,0.09600000000045839,BACKFILL_AUTO
2026-06-19 05:53:14,1781848394,R_10,4846.413,-1,0.031000000000858563,BACKFILL_AUTO
2026-06-19 05:53:16,1781848396,R_10,4846.313,-1,0.0999999999994543,BACKFILL_AUTO
2026-06-19 05:53:18,1781848398,R_10,4846.371,1,0.057999999999992724,BACKFILL_AUTO
2026-06-19 05:53:20,1781848400,R_10,4846.393,1,0.021999999999934516,BACKFILL_AUTO
2026-06-19 05:53:22,1781848402,R_10,4846.424,1,0.03099999999994907,BACKFILL_AUTO
2026-06-19 05:53:24,1781848404,R_10,4846.491,1,0.06700000000000728,BACKFILL_AUTO
2026-06-19 05:53:26,1781848406,R_10,4846.591,1,0.1000000000003638,BACKFILL_AUTO
2026-06-19 05:53:28,1781848408,R_10,4846.696,1,0.10499999999956344,BACKFILL_AUTO
2026-06-19 05:53:30,1781848410,R_10,4846.706,1,0.010000000000218279,BACKFILL_AUTO
2026-06-19 05:53:32,1781848412,R_10,4846.776,1,0.06999999999970896,BACKFILL_AUTO
2026-06-19 05:53:34,1781848414,R_10,4846.849,1,0.07300000000032014,BACKFILL_AUTO
2026-06-19 05:53:36,1781848416,R_10,4846.925,1,0.07600000000002183,BACKFILL_AUTO
2026-06-19 05:53:38,1781848418,R_10,4846.792,-1,0.13299999999981083,BACKFILL_AUTO
2026-06-19 05:53:40,1781848420,R_10,4846.61,-1,0.1820000000006985,BACKFILL_AUTO
2026-06-19 05:53:42,1781848422,R_10,4846.575,-1,0.03499999999985448,BACKFILL_AUTO
2026-06-19 05:53:44,1781848424,R_10,4846.728,1,0.15300000000024738,BACKFILL_AUTO
2026-06-19 05:53:46,1781848426,R_10,4846.49,-1,0.23800000000028376,BACKFILL_AUTO
2026-06-19 05:53:48,1781848428,R_10,4846.371,-1,0.11899999999968713,BACKFILL_AUTO
2026-06-19 05:53:50,1781848430,R_10,4846.323,-1,0.047999999999774445,BACKFILL_AUTO
2026-06-19 05:53:52,1781848432,R_10,4846.292,-1,0.03099999999994907,BACKFILL_AUTO
2026-06-19 05:53:54,1781848434,R_10,4846.338,1,0.04599999999936699,BACKFILL_AUTO
2026-06-19 05:53:56,1781848436,R_10,4846.201,-1,0.13699999999971624,BACKFILL_AUTO
2026-06-19 05:53:58,1781848438,R_10,4846.03,-1,0.1710000000002765,BACKFILL_AUTO
2026-06-19 05:54:00,1781848440,R_10,4845.909,-1,0.12100000000009459,BACKFILL_AUTO
2026-06-19 05:54:02,1781848442,R_10,4845.826,-1,0.08299999999962893,BACKFILL_AUTO
2026-06-19 05:54:04,1781848444,R_10,4845.987,1,0.1610000000000582,BACKFILL_AUTO
2026-06-19 05:54:06,1781848446,R_10,4845.922,-1,0.06500000000050932,BACKFILL_AUTO
2026-06-19 05:54:08,1781848448,R_10,4845.751,-1,0.170999999999367,BACKFILL_AUTO
2026-06-19 05:54:10,1781848450,R_10,4845.787,1,0.03600000000005821,BACKFILL_AUTO
2026-06-19 05:54:12,1781848452,R_10,4846.038,1,0.25099999999929423,BACKFILL_AUTO
2026-06-19 05:54:14,1781848454,R_10,4846.261,1,0.22300000000086584,BACKFILL_AUTO
2026-06-19 05:54:16,1781848456,R_10,4846.303,1,0.04199999999946158,BACKFILL_AUTO
2026-06-19 05:54:18,1781848458,R_10,4846.153,-1,0.1499999999996362,BACKFILL_AUTO
2026-06-19 05:54:20,1781848460,R_10,4845.947,-1,0.20600000000013097,BACKFILL_AUTO
2026-06-19 05:54:22,1781848462,R_10,4846.014,1,0.06700000000000728,BACKFILL_AUTO
2026-06-19 05:54:24,1781848464,R_10,4846.125,1,0.11099999999987631,BACKFILL_AUTO
2026-06-19 05:54:26,1781848466,R_10,4846.093,-1,0.032000000000152795,BACKFILL_AUTO
2026-06-19 05:54:28,1781848468,R_10,4845.976,-1,0.11700000000018917,BACKFILL_AUTO
2026-06-19 05:54:30,1781848470,R_10,4846.023,1,0.04700000000048021,BACKFILL_AUTO
2026-06-19 05:54:32,1781848472,R_10,4846.121,1,0.09799999999995634,BACKFILL_AUTO
2026-06-19 05:54:34,1781848474,R_10,4846.413,1,0.2919999999994616,BACKFILL_AUTO
2026-06-19 05:54:36,1781848476,R_10,4846.319,-1,0.09399999999914144,BACKFILL_AUTO
2026-06-19 05:54:38,1781848478,R_10,4846.239,-1,0.08000000000083674,BACKFILL_AUTO
2026-06-19 05:54:40,1781848480,R_10,4846.111,-1,0.12799999999970169,BACKFILL_AUTO
2026-06-19 05:54:42,1781848482,R_10,4846.319,1,0.20800000000053842,BACKFILL_AUTO
2026-06-19 05:54:44,1781848484,R_10,4846.252,-1,0.06700000000000728,BACKFILL_AUTO
2026-06-19 05:54:46,1781848486,R_10,4846.269,1,0.016999999999825377,BACKFILL_AUTO
2026-06-19 05:54:48,1781848488,R_10,4846.443,1,0.17399999999997817,BACKFILL_AUTO
2026-06-19 05:54:50,1781848490,R_10,4846.637,1,0.19399999999950523,BACKFILL_AUTO
2026-06-19 05:54:52,1781848492,R_10,4846.711,1,0.07400000000052387,BACKFILL_AUTO
2026-06-19 05:54:54,1781848494,R_10,4846.763,1,0.05199999999967986,BACKFILL_AUTO
2026-06-19 05:54:56,1781848496,R_10,4846.791,1,0.028000000000247383,BACKFILL_AUTO
2026-06-19 05:54:58,1781848498,R_10,4846.721,-1,0.07000000000061846,BACKFILL_AUTO
2026-06-19 05:55:00,1781848500,R_10,4846.728,1,0.007000000000516593,BACKFILL_AUTO
2026-06-19 05:55:02,1781848502,R_10,4846.728,0,0.0,BACKFILL_AUTO
2026-06-19 05:55:04,1781848504,R_10,4846.843,1,0.11499999999978172,BACKFILL_AUTO
2026-06-19 05:55:06,1781848506,R_10,4846.885,1,0.042000000000371074,BACKFILL_AUTO
2026-06-19 05:55:08,1781848508,R_10,4847.067,1,0.181999999999789,BACKFILL_AUTO
2026-06-19 05:55:10,1781848510,R_10,4847.059,-1,0.007999999999810825,BACKFILL_AUTO
2026-06-19 05:55:12,1781848512,R_10,4846.866,-1,0.193000000000211,BACKFILL_AUTO
2026-06-19 05:55:14,1781848514,R_10,4846.822,-1,0.04399999999986903,BACKFILL_AUTO
2026-06-19 05:55:16,1781848516,R_10,4846.828,1,0.006000000000312866,BACKFILL_AUTO
2026-06-19 05:55:18,1781848518,R_10,4846.87,1,0.04199999999946158,BACKFILL_AUTO
2026-06-19 05:55:20,1781848520,R_10,4846.7,-1,0.17000000000007276,BACKFILL_AUTO
2026-06-19 05:55:22,1781848522,R_10,4846.605,-1,0.09500000000025466,BACKFILL_AUTO
2026-06-19 05:55:24,1781848524,R_10,4846.613,1,0.00800000000072032,BACKFILL_AUTO
2026-06-19 05:55:26,1781848526,R_10,4846.633,1,0.019999999999527063,BACKFILL_AUTO
2026-06-19 05:55:28,1781848528,R_10,4846.78,1,0.14699999999993452,BACKFILL_AUTO
2026-06-19 05:55:30,1781848530,R_10,4846.67,-1,0.10999999999967258,BACKFILL_AUTO
2026-06-19 05:55:32,1781848532,R_10,4846.729,1,0.05900000000019645,BACKFILL_AUTO
2026-06-19 05:55:34,1781848534,R_10,4846.819,1,0.09000000000014552,BACKFILL_AUTO
2026-06-19 05:55:36,1781848536,R_10,4846.571,-1,0.24800000000050204,BACKFILL_AUTO
2026-06-19 05:55:38,1781848538,R_10,4846.598,1,0.027000000000043656,BACKFILL_AUTO
2026-06-19 05:55:40,1781848540,R_10,4846.719,1,0.12100000000009459,BACKFILL_AUTO
2026-06-19 05:55:42,1781848542,R_10,4846.799,1,0.07999999999992724,BACKFILL_AUTO
2026-06-19 05:55:44,1781848544,R_10,4846.714,-1,0.08500000000003638,BACKFILL_AUTO
2026-06-19 05:55:46,1781848546,R_10,4846.955,1,0.24099999999998545,BACKFILL_AUTO
2026-06-19 05:55:48,1781848548,R_10,4846.991,1,0.03600000000005821,BACKFILL_AUTO
2026-06-19 05:55:50,1781848550,R_10,4847.085,1,0.09400000000005093,BACKFILL_AUTO
2026-06-19 05:55:52,1781848552,R_10,4847.212,1,0.12700000000040745,BACKFILL_AUTO
2026-06-19 05:55:54,1781848554,R_10,4847.147,-1,0.06500000000050932,BACKFILL_AUTO
2026-06-19 05:55:56,1781848556,R_10,4846.943,-1,0.2039999999997235,BACKFILL_AUTO
2026-06-19 05:55:58,1781848558,R_10,4846.826,-1,0.11700000000018917,BACKFILL_AUTO
2026-06-19 05:56:00,1781848560,R_10,4846.95,1,0.12399999999979627,BACKFILL_AUTO
2026-06-19 05:56:02,1781848562,R_10,4846.864,-1,0.0860000000002401,BACKFILL_AUTO
2026-06-19 05:56:04,1781848564,R_10,4846.952,1,0.08800000000064756,BACKFILL_AUTO
2026-06-19 05:56:06,1781848566,R_10,4847.042,1,0.09000000000014552,BACKFILL_AUTO
2026-06-19 05:56:08,1781848568,R_10,4847.013,-1,0.02900000000045111,BACKFILL_AUTO
2026-06-19 05:56:10,1781848570,R_10,4846.922,-1,0.09100000000034925,BACKFILL_AUTO
2026-06-19 05:56:12,1781848572,R_10,4846.745,-1,0.17699999999967986,BACKFILL_AUTO
2026-06-19 05:56:14,1781848574,R_10,4846.78,1,0.03499999999985448,BACKFILL_AUTO
2026-06-19 05:56:16,1781848576,R_10,4846.754,-1,0.02599999999983993,BACKFILL_AUTO
2026-06-19 05:56:18,1781848578,R_10,4846.752,-1,0.001999999999497959,BACKFILL_AUTO
2026-06-19 05:56:20,1781848580,R_10,4846.98,1,0.227999999999156,BACKFILL_AUTO
2026-06-19 05:56:22,1781848582,R_10,4847.055,1,0.0750000000007276,BACKFILL_AUTO
2026-06-19 05:56:24,1781848584,R_10,4847.2,1,0.14499999999952706,BACKFILL_AUTO
2026-06-19 05:56:26,1781848586,R_10,4847.084,-1,0.11599999999998545,BACKFILL_AUTO
2026-06-19 05:56:28,1781848588,R_10,4847.086,1,0.0020000000004074536,BACKFILL_AUTO
2026-06-19 05:56:30,1781848590,R_10,4847.032,-1,0.05400000000008731,BACKFILL_AUTO
2026-06-19 05:56:32,1781848592,R_10,4846.972,-1,0.06000000000040018,BACKFILL_AUTO
2026-06-19 05:56:34,1781848594,R_10,4847.09,1,0.1180000000003929,BACKFILL_AUTO
2026-06-19 05:56:36,1781848596,R_10,4847.167,1,0.07700000000022555,BACKFILL_AUTO
2026-06-19 05:56:38,1781848598,R_10,4847.194,1,0.027000000000043656,BACKFILL_AUTO
2026-06-19 05:56:40,1781848600,R_10,4847.15,-1,0.04400000000077853,BACKFILL_AUTO
2026-06-19 05:56:42,1781848602,R_10,4847.136,-1,0.013999999999214197,BACKFILL_AUTO
2026-06-19 05:56:44,1781848604,R_10,4846.862,-1,0.27400000000034197,BACKFILL_AUTO
2026-06-19 05:56:46,1781848606,R_10,4847.119,1,0.2569999999996071,BACKFILL_AUTO
2026-06-19 05:56:48,1781848608,R_10,4847.004,-1,0.11499999999978172,BACKFILL_AUTO
2026-06-19 05:56:50,1781848610,R_10,4846.932,-1,0.07200000000011642,BACKFILL_AUTO
2026-06-19 05:56:52,1781848612,R_10,4846.833,-1,0.09900000000016007,BACKFILL_AUTO
2026-06-19 05:56:54,1781848614,R_10,4846.834,1,0.0010000000002037268,BACKFILL_AUTO
2026-06-19 05:56:56,1781848616,R_10,4846.723,-1,0.11099999999987631,BACKFILL_AUTO
2026-06-19 05:56:58,1781848618,R_10,4846.819,1,0.09600000000045839,BACKFILL_AUTO
2026-06-19 05:57:00,1781848620,R_10,4846.56,-1,0.25900000000001455,BACKFILL_AUTO
2026-06-19 05:57:02,1781848622,R_10,4846.433,-1,0.12700000000040745,BACKFILL_AUTO
2026-06-19 05:57:04,1781848624,R_10,4846.486,1,0.052999999999883585,BACKFILL_AUTO
2026-06-19 05:57:06,1781848626,R_10,4846.536,1,0.0500000000001819,BACKFILL_AUTO
2026-06-19 05:57:08,1781848628,R_10,4846.399,-1,0.13699999999971624,BACKFILL_AUTO
2026-06-19 05:57:10,1781848630,R_10,4846.391,-1,0.00800000000072032,BACKFILL_AUTO
2026-06-19 05:57:12,1781848632,R_10,4846.298,-1,0.0929999999998472,BACKFILL_AUTO
2026-06-19 05:57:14,1781848634,R_10,4846.284,-1,0.014000000000123691,BACKFILL_AUTO
2026-06-19 05:57:16,1781848636,R_10,4846.052,-1,0.2319999999999709,BACKFILL_AUTO
2026-06-19 05:57:18,1781848638,R_10,4846.209,1,0.1570000000001528,BACKFILL_AUTO
2026-06-19 05:57:20,1781848640,R_10,4846.383,1,0.17399999999997817,BACKFILL_AUTO
2026-06-19 05:57:22,1781848642,R_10,4846.365,-1,0.018000000000029104,BACKFILL_AUTO
2026-06-19 05:57:24,1781848644,R_10,4846.453,1,0.08800000000064756,BACKFILL_AUTO
2026-06-19 05:57:26,1781848646,R_10,4846.429,-1,0.02400000000034197,BACKFILL_AUTO
2026-06-19 05:57:28,1781848648,R_10,4846.597,1,0.1679999999996653,BACKFILL_AUTO
2026-06-19 05:57:30,1781848650,R_10,4846.328,-1,0.26899999999932334,BACKFILL_AUTO
2026-06-19 05:57:32,1781848652,R_10,4846.414,1,0.08599999999933061,BACKFILL_AUTO
2026-06-19 05:57:34,1781848654,R_10,4846.401,-1,0.012999999999919964,BACKFILL_AUTO
2026-06-19 05:57:36,1781848656,R_10,4846.53,1,0.1289999999999054,BACKFILL_AUTO
2026-06-19 05:57:38,1781848658,R_10,4846.584,1,0.05400000000008731,BACKFILL_AUTO
2026-06-19 05:57:40,1781848660,R_10,4846.573,-1,0.01099999999951251,BACKFILL_AUTO
2026-06-19 05:57:42,1781848662,R_10,4846.697,1,0.12399999999979627,BACKFILL_AUTO
2026-06-19 05:57:44,1781848664,R_10,4846.751,1,0.05400000000008731,BACKFILL_AUTO
2026-06-19 05:57:46,1781848666,R_10,4846.624,-1,0.12700000000040745,BACKFILL_AUTO
2026-06-19 05:57:48,1781848668,R_10,4846.848,1,0.22400000000016007,BACKFILL_AUTO
2026-06-19 05:57:50,1781848670,R_10,4846.787,-1,0.06099999999969441,BACKFILL_AUTO
2026-06-19 05:57:52,1781848672,R_10,4846.719,-1,0.068000000000211,BACKFILL_AUTO
2026-06-19 05:57:54,1781848674,R_10,4846.81,1,0.09100000000034925,BACKFILL_AUTO
2026-06-19 05:57:56,1781848676,R_10,4847.062,1,0.25199999999949796,BACKFILL_AUTO
2026-06-19 05:57:58,1781848678,R_10,4846.951,-1,0.11099999999987631,BACKFILL_AUTO
2026-06-19 05:58:00,1781848680,R_10,4846.928,-1,0.023000000000138243,BACKFILL_AUTO
2026-06-19 05:58:02,1781848682,R_10,4846.97,1,0.042000000000371074,BACKFILL_AUTO
2026-06-19 05:58:04,1781848684,R_10,4846.991,1,0.02099999999973079,BACKFILL_AUTO
2026-06-19 05:58:06,1781848686,R_10,4846.944,-1,0.04699999999957072,BACKFILL_AUTO
2026-06-19 05:58:08,1781848688,R_10,4847.022,1,0.07799999999951979,BACKFILL_AUTO
2026-06-19 05:58:10,1781848690,R_10,4847.158,1,0.136000000000422,BACKFILL_AUTO
2026-06-19 05:58:12,1781848692,R_10,4847.185,1,0.027000000000043656,BACKFILL_AUTO
2026-06-19 05:58:14,1781848694,R_10,4847.327,1,0.14199999999982538,BACKFILL_AUTO
2026-06-19 05:58:16,1781848696,R_10,4847.455,1,0.12799999999970169,BACKFILL_AUTO
2026-06-19 05:58:18,1781848698,R_10,4847.435,-1,0.019999999999527063,BACKFILL_AUTO
2026-06-19 05:58:20,1781848700,R_10,4847.287,-1,0.14800000000013824,BACKFILL_AUTO
2026-06-19 05:58:22,1781848702,R_10,4847.35,1,0.06300000000010186,BACKFILL_AUTO
2026-06-19 05:58:24,1781848704,R_10,4847.291,-1,0.05900000000019645,BACKFILL_AUTO
2026-06-19 05:58:26,1781848706,R_10,4847.248,-1,0.0430000000005748,BACKFILL_AUTO
2026-06-19 05:58:28,1781848708,R_10,4847.301,1,0.05300000000079308,BACKFILL_AUTO
2026-06-19 05:58:30,1781848710,R_10,4847.51,1,0.20899999999983265,BACKFILL_AUTO
2026-06-19 05:58:32,1781848712,R_10,4847.292,-1,0.2179999999998472,BACKFILL_AUTO
2026-06-19 05:58:34,1781848714,R_10,4847.37,1,0.07799999999951979,BACKFILL_AUTO
2026-06-19 05:58:36,1781848716,R_10,4847.425,1,0.05500000000029104,BACKFILL_AUTO
2026-06-19 05:58:38,1781848718,R_10,4847.431,1,0.0059999999994033715,BACKFILL_AUTO
2026-06-19 05:58:40,1781848720,R_10,4847.457,1,0.026000000000749424,BACKFILL_AUTO
2026-06-19 05:58:42,1781848722,R_10,4847.369,-1,0.08800000000064756,BACKFILL_AUTO
2026-06-19 05:58:44,1781848724,R_10,4847.412,1,0.0430000000005748,BACKFILL_AUTO
2026-06-19 05:58:46,1781848726,R_10,4847.495,1,0.08299999999962893,BACKFILL_AUTO
2026-06-19 05:58:48,1781848728,R_10,4847.607,1,0.11200000000008004,BACKFILL_AUTO
2026-06-19 05:58:50,1781848730,R_10,4847.56,-1,0.04699999999957072,BACKFILL_AUTO
2026-06-19 05:58:52,1781848732,R_10,4847.411,-1,0.14900000000034197,BACKFILL_AUTO
2026-06-19 05:58:54,1781848734,R_10,4847.557,1,0.1459999999997308,BACKFILL_AUTO
2026-06-19 05:58:56,1781848736,R_10,4847.56,1,0.0030000000006111804,BACKFILL_AUTO
2026-06-19 05:58:58,1781848738,R_10,4847.576,1,0.01599999999962165,BACKFILL_AUTO
2026-06-19 05:59:00,1781848740,R_10,4847.371,-1,0.20499999999992724,BACKFILL_AUTO
2026-06-19 05:59:02,1781848742,R_10,4847.245,-1,0.12600000000020373,BACKFILL_AUTO
2026-06-19 05:59:04,1781848744,R_10,4847.173,-1,0.07200000000011642,BACKFILL_AUTO
2026-06-19 05:59:06,1781848746,R_10,4847.228,1,0.05500000000029104,BACKFILL_AUTO
2026-06-19 05:59:08,1781848748,R_10,4847.143,-1,0.08500000000003638,BACKFILL_AUTO
2026-06-19 05:59:10,1781848750,R_10,4847.175,1,0.032000000000152795,BACKFILL_AUTO
2026-06-19 05:59:12,1781848752,R_10,4847.199,1,0.023999999999432475,BACKFILL_AUTO
2026-06-19 05:59:14,1781848754,R_10,4847.202,1,0.0030000000006111804,BACKFILL_AUTO
2026-06-19 05:59:16,1781848756,R_10,4847.245,1,0.042999999999665306,BACKFILL_AUTO
2026-06-19 05:59:18,1781848758,R_10,4847.285,1,0.03999999999996362,BACKFILL_AUTO
2026-06-19 05:59:20,1781848760,R_10,4847.471,1,0.1859999999996944,BACKFILL_AUTO
2026-06-19 05:59:22,1781848762,R_10,4847.616,1,0.14500000000043656,BACKFILL_AUTO
2026-06-19 05:59:24,1781848764,R_10,4847.613,-1,0.0029999999997016857,BACKFILL_AUTO
2026-06-19 05:59:26,1781848766,R_10,4847.504,-1,0.10900000000037835,BACKFILL_AUTO
2026-06-19 05:59:28,1781848768,R_10,4847.517,1,0.012999999999919964,BACKFILL_AUTO
2026-06-19 05:59:30,1781848770,R_10,4847.437,-1,0.07999999999992724,BACKFILL_AUTO
2026-06-19 05:59:32,1781848772,R_10,4847.343,-1,0.09400000000005093,BACKFILL_AUTO
2026-06-19 05:59:34,1781848774,R_10,4847.42,1,0.07700000000022555,BACKFILL_AUTO
2026-06-19 05:59:36,1781848776,R_10,4847.348,-1,0.07200000000011642,BACKFILL_AUTO
2026-06-19 05:59:38,1781848778,R_10,4847.284,-1,0.06400000000030559,BACKFILL_AUTO
2026-06-19 05:59:40,1781848780,R_10,4847.336,1,0.05200000000058935,BACKFILL_AUTO
2026-06-19 05:59:42,1781848782,R_10,4847.51,1,0.17399999999997817,BACKFILL_AUTO
2026-06-19 05:59:44,1781848784,R_10,4847.617,1,0.1069999999999709,BACKFILL_AUTO
2026-06-19 05:59:46,1781848786,R_10,4847.594,-1,0.023000000000138243,BACKFILL_AUTO
2026-06-19 05:59:48,1781848788,R_10,4847.464,-1,0.13000000000010914,BACKFILL_AUTO
2026-06-19 05:59:50,1781848790,R_10,4847.401,-1,0.06300000000010186,BACKFILL_AUTO
2026-06-19 05:59:52,1781848792,R_10,4847.336,-1,0.06499999999959982,BACKFILL_AUTO
2026-06-19 05:59:54,1781848794,R_10,4847.419,1,0.08299999999962893,BACKFILL_AUTO
2026-06-19 05:59:56,1781848796,R_10,4847.372,-1,0.04699999999957072,BACKFILL_AUTO
2026-06-19 05:59:58,1781848798,R_10,4847.45,1,0.07799999999951979,BACKFILL_AUTO
2026-06-19 06:00:00,1781848800,R_10,4847.464,1,0.014000000000123691,BACKFILL_AUTO
2026-06-19 06:00:02,1781848802,R_10,4847.438,-1,0.02599999999983993,BACKFILL_AUTO
2026-06-19 06:00:04,1781848804,R_10,4847.128,-1,0.3100000000004002,BACKFILL_AUTO
2026-06-19 06:00:06,1781848806,R_10,4847.032,-1,0.09599999999954889,BACKFILL_AUTO
2026-06-19 06:00:08,1781848808,R_10,4846.843,-1,0.1890000000003056,BACKFILL_AUTO
2026-06-19 06:00:10,1781848810,R_10,4846.854,1,0.011000000000422006,BACKFILL_AUTO
2026-06-19 06:00:12,1781848812,R_10,4846.927,1,0.07299999999941065,BACKFILL_AUTO
2026-06-19 06:00:14,1781848814,R_10,4847.009,1,0.0820000000003347,BACKFILL_AUTO
2026-06-19 06:00:16,1781848816,R_10,4847.003,-1,0.006000000000312866,BACKFILL_AUTO
2026-06-19 06:00:18,1781848818,R_10,4847.208,1,0.20499999999992724,BACKFILL_AUTO
2026-06-19 06:00:20,1781848820,R_10,4847.011,-1,0.19699999999920692,BACKFILL_AUTO
2026-06-19 06:00:22,1781848822,R_10,4847.133,1,0.12199999999938882,BACKFILL_AUTO
2026-06-19 06:00:24,1781848824,R_10,4847.179,1,0.046000000000276486,BACKFILL_AUTO
2026-06-19 06:00:26,1781848826,R_10,4847.147,-1,0.032000000000152795,BACKFILL_AUTO
2026-06-19 06:00:28,1781848828,R_10,4846.849,-1,0.29799999999977445,BACKFILL_AUTO
2026-06-19 06:00:30,1781848830,R_10,4846.818,-1,0.03099999999994907,BACKFILL_AUTO
2026-06-19 06:00:32,1781848832,R_10,4846.856,1,0.03799999999955617,BACKFILL_AUTO
2026-06-19 06:00:34,1781848834,R_10,4846.776,-1,0.07999999999992724,BACKFILL_AUTO
2026-06-19 06:00:36,1781848836,R_10,4846.653,-1,0.12299999999959255,BACKFILL_AUTO
2026-06-19 06:00:38,1781848838,R_10,4846.606,-1,0.04700000000048021,BACKFILL_AUTO
2026-06-19 06:00:40,1781848840,R_10,4846.6,-1,0.0059999999994033715,BACKFILL_AUTO
2026-06-19 06:00:42,1781848842,R_10,4846.568,-1,0.032000000000152795,BACKFILL_AUTO
2026-06-19 06:00:44,1781848844,R_10,4846.331,-1,0.23700000000008004,BACKFILL_AUTO
2026-06-19 06:00:46,1781848846,R_10,4846.367,1,0.03600000000005821,BACKFILL_AUTO
2026-06-19 06:00:48,1781848848,R_10,4846.407,1,0.03999999999996362,BACKFILL_AUTO
2026-06-19 06:00:50,1781848850,R_10,4846.325,-1,0.0820000000003347,BACKFILL_AUTO
2026-06-19 06:00:52,1781848852,R_10,4846.544,1,0.21900000000005093,BACKFILL_AUTO
2026-06-19 06:00:54,1781848854,R_10,4846.515,-1,0.028999999999541615,BACKFILL_AUTO
2026-06-19 06:00:56,1781848856,R_10,4846.514,-1,0.0010000000002037268,BACKFILL_AUTO
2026-06-19 06:00:58,1781848858,R_10,4846.665,1,0.15099999999983993,BACKFILL_AUTO
2026-06-19 06:01:00,1781848860,R_10,4846.464,-1,0.20100000000002183,BACKFILL_AUTO
2026-06-19 06:01:02,1781848862,R_10,4846.563,1,0.09900000000016007,BACKFILL_AUTO
2026-06-19 06:01:04,1781848864,R_10,4846.633,1,0.06999999999970896,BACKFILL_AUTO
2026-06-19 06:01:06,1781848866,R_10,4846.69,1,0.056999999999789,BACKFILL_AUTO
2026-06-19 06:01:08,1781848868,R_10,4846.571,-1,0.11899999999968713,BACKFILL_AUTO
2026-06-19 06:01:10,1781848870,R_10,4846.607,1,0.03600000000005821,BACKFILL_AUTO
2026-06-19 06:01:12,1781848872,R_10,4846.689,1,0.0820000000003347,BACKFILL_AUTO
2026-06-19 06:01:14,1781848874,R_10,4846.614,-1,0.0750000000007276,BACKFILL_AUTO
2026-06-19 06:01:16,1781848876,R_10,4846.589,-1,0.024999999999636202,BACKFILL_AUTO
2026-06-19 06:01:18,1781848878,R_10,4846.59,1,0.0010000000002037268,BACKFILL_AUTO
2026-06-19 06:01:20,1781848880,R_10,4846.694,1,0.10400000000026921,BACKFILL_AUTO
2026-06-19 06:01:22,1781848882,R_10,4846.802,1,0.10799999999926513,BACKFILL_AUTO
2026-06-19 06:01:24,1781848884,R_10,4846.946,1,0.14400000000023283,BACKFILL_AUTO
2026-06-19 06:01:26,1781848886,R_10,4846.999,1,0.052999999999883585,BACKFILL_AUTO
2026-06-19 06:01:28,1781848888,R_10,4847.041,1,0.042000000000371074,BACKFILL_AUTO
2026-06-19 06:01:30,1781848890,R_10,4846.943,-1,0.09799999999995634,BACKFILL_AUTO
2026-06-19 06:01:32,1781848892,R_10,4847.039,1,0.09599999999954889,BACKFILL_AUTO
2026-06-19 06:01:34,1781848894,R_10,4847.067,1,0.028000000000247383,BACKFILL_AUTO
2026-06-19 06:01:36,1781848896,R_10,4847.274,1,0.2070000000003347,BACKFILL_AUTO
2026-06-19 06:01:38,1781848898,R_10,4847.247,-1,0.027000000000043656,BACKFILL_AUTO
2026-06-19 06:01:40,1781848900,R_10,4847.331,1,0.08399999999983265,BACKFILL_AUTO
2026-06-19 06:01:42,1781848902,R_10,4847.152,-1,0.1790000000000873,BACKFILL_AUTO
2026-06-19 06:01:44,1781848904,R_10,4847.317,1,0.16499999999996362,BACKFILL_AUTO
2026-06-19 06:01:46,1781848906,R_10,4847.192,-1,0.125,BACKFILL_AUTO
2026-06-19 06:01:48,1781848908,R_10,4847.119,-1,0.07300000000032014,BACKFILL_AUTO
2026-06-19 06:01:50,1781848910,R_10,4847.049,-1,0.06999999999970896,BACKFILL_AUTO
2026-06-19 06:01:52,1781848912,R_10,4847.143,1,0.09400000000005093,BACKFILL_AUTO
2026-06-19 06:01:54,1781848914,R_10,4847.055,-1,0.08799999999973807,BACKFILL_AUTO
2026-06-19 06:01:56,1781848916,R_10,4847.081,1,0.02599999999983993,BACKFILL_AUTO
2026-06-19 06:01:58,1781848918,R_10,4847.029,-1,0.05199999999967986,BACKFILL_AUTO
2026-06-19 06:02:00,1781848920,R_10,4846.901,-1,0.12800000000061118,BACKFILL_AUTO
2026-06-19 06:02:02,1781848922,R_10,4846.998,1,0.09699999999975262,BACKFILL_AUTO
2026-06-19 06:02:04,1781848924,R_10,4846.954,-1,0.04399999999986903,BACKFILL_AUTO
2026-06-19 06:02:06,1781848926,R_10,4847.024,1,0.07000000000061846,BACKFILL_AUTO
2026-06-19 06:02:08,1781848928,R_10,4847.083,1,0.058999999999286956,BACKFILL_AUTO
2026-06-19 06:02:10,1781848930,R_10,4846.967,-1,0.11599999999998545,BACKFILL_AUTO
2026-06-19 06:02:12,1781848932,R_10,4847.032,1,0.06500000000050932,BACKFILL_AUTO
2026-06-19 06:02:14,1781848934,R_10,4847.052,1,0.019999999999527063,BACKFILL_AUTO
2026-06-19 06:02:16,1781848936,R_10,4847.104,1,0.05200000000058935,BACKFILL_AUTO
2026-06-19 06:02:18,1781848938,R_10,4847.166,1,0.06199999999989814,BACKFILL_AUTO
2026-06-19 06:02:20,1781848940,R_10,4847.164,-1,0.0020000000004074536,BACKFILL_AUTO
2026-06-19 06:02:22,1781848942,R_10,4847.159,-1,0.005000000000109139,BACKFILL_AUTO
2026-06-19 06:02:24,1781848944,R_10,4847.222,1,0.06300000000010186,BACKFILL_AUTO
2026-06-19 06:02:26,1781848946,R_10,4847.33,1,0.10800000000017462,BACKFILL_AUTO
2026-06-19 06:02:28,1781848948,R_10,4847.282,-1,0.047999999999774445,BACKFILL_AUTO
2026-06-19 06:02:30,1781848950,R_10,4847.199,-1,0.08300000000053842,BACKFILL_AUTO
2026-06-19 06:02:32,1781848952,R_10,4847.159,-1,0.03999999999996362,BACKFILL_AUTO
2026-06-19 06:02:34,1781848954,R_10,4847.048,-1,0.11099999999987631,BACKFILL_AUTO
2026-06-19 06:02:36,1781848956,R_10,4847.029,-1,0.018999999999323336,BACKFILL_AUTO
2026-06-19 06:02:38,1781848958,R_10,4847.039,1,0.009999999999308784,BACKFILL_AUTO
2026-06-19 06:02:40,1781848960,R_10,4846.811,-1,0.22800000000006548,BACKFILL_AUTO
2026-06-19 06:02:42,1781848962,R_10,4846.852,1,0.04100000000016735,BACKFILL_AUTO
2026-06-19 06:02:44,1781848964,R_10,4846.935,1,0.08300000000053842,BACKFILL_AUTO
2026-06-19 06:02:46,1781848966,R_10,4846.789,-1,0.14600000000064028,BACKFILL_AUTO
2026-06-19 06:02:48,1781848968,R_10,4846.938,1,0.14900000000034197,BACKFILL_AUTO
2026-06-19 06:02:50,1781848970,R_10,4846.937,-1,0.0010000000002037268,BACKFILL_AUTO
2026-06-19 06:02:52,1781848972,R_10,4846.878,-1,0.05900000000019645,BACKFILL_AUTO
2026-06-19 06:02:54,1781848974,R_10,4846.864,-1,0.014000000000123691,BACKFILL_AUTO
2026-06-19 06:02:56,1781848976,R_10,4846.699,-1,0.16499999999996362,BACKFILL_AUTO
2026-06-19 06:02:58,1781848978,R_10,4846.655,-1,0.04399999999986903,BACKFILL_AUTO
2026-06-19 06:03:00,1781848980,R_10,4846.79,1,0.13500000000021828,BACKFILL_AUTO
2026-06-19 06:03:02,1781848982,R_10,4846.703,-1,0.08699999999953434,BACKFILL_AUTO
2026-06-19 06:03:04,1781848984,R_10,4846.694,-1,0.009000000000014552,BACKFILL_AUTO
2026-06-19 06:03:06,1781848986,R_10,4846.543,-1,0.15100000000074942,BACKFILL_AUTO
2026-06-19 06:03:08,1781848988,R_10,4846.566,1,0.023000000000138243,BACKFILL_AUTO
2026-06-19 06:03:10,1781848990,R_10,4846.429,-1,0.13699999999971624,BACKFILL_AUTO
2026-06-19 06:03:12,1781848992,R_10,4846.204,-1,0.2250000000003638,BACKFILL_AUTO
2026-06-19 06:03:14,1781848994,R_10,4846.253,1,0.04899999999997817,BACKFILL_AUTO
2026-06-19 06:03:16,1781848996,R_10,4846.125,-1,0.12799999999970169,BACKFILL_AUTO
2026-06-19 06:03:18,1781848998,R_10,4846.232,1,0.1069999999999709,BACKFILL_AUTO
2026-06-19 06:03:20,1781849000,R_10,4846.257,1,0.024999999999636202,BACKFILL_AUTO
2026-06-19 06:03:22,1781849002,R_10,4846.113,-1,0.14399999999932334,BACKFILL_AUTO
2026-06-19 06:03:24,1781849004,R_10,4846.092,-1,0.021000000000640284,BACKFILL_AUTO
2026-06-19 06:03:26,1781849006,R_10,4846.125,1,0.03300000000035652,BACKFILL_AUTO
2026-06-19 06:03:28,1781849008,R_10,4845.95,-1,0.1750000000001819,BACKFILL_AUTO
2026-06-19 06:03:30,1781849010,R_10,4846.21,1,0.2600000000002183,BACKFILL_AUTO
2026-06-19 06:03:32,1781849012,R_10,4846.383,1,0.17299999999977445,BACKFILL_AUTO
2026-06-19 06:03:34,1781849014,R_10,4846.351,-1,0.032000000000152795,BACKFILL_AUTO
2026-06-19 06:03:36,1781849016,R_10,4846.167,-1,0.18399999999928696,BACKFILL_AUTO
2026-06-19 06:03:38,1781849018,R_10,4846.115,-1,0.05200000000058935,BACKFILL_AUTO
2026-06-19 06:03:40,1781849020,R_10,4845.92,-1,0.19499999999970896,BACKFILL_AUTO
2026-06-19 06:03:42,1781849022,R_10,4846.047,1,0.12699999999949796,BACKFILL_AUTO
2026-06-19 06:03:44,1781849024,R_10,4845.903,-1,0.14399999999932334,BACKFILL_AUTO
2026-06-19 06:03:46,1781849026,R_10,4846.015,1,0.11200000000008004,BACKFILL_AUTO
2026-06-19 06:03:48,1781849028,R_10,4845.93,-1,0.08500000000003638,BACKFILL_AUTO
2026-06-19 06:03:50,1781849030,R_10,4845.767,-1,0.16300000000046566,BACKFILL_AUTO
2026-06-19 06:03:52,1781849032,R_10,4845.82,1,0.052999999999883585,BACKFILL_AUTO
2026-06-19 06:03:54,1781849034,R_10,4845.713,-1,0.1069999999999709,BACKFILL_AUTO
2026-06-19 06:03:56,1781849036,R_10,4845.796,1,0.08300000000053842,BACKFILL_AUTO
2026-06-19 06:03:58,1781849038,R_10,4845.83,1,0.033999999999650754,BACKFILL_AUTO
2026-06-19 06:04:00,1781849040,R_10,4845.902,1,0.07200000000011642,BACKFILL_AUTO
2026-06-19 06:04:02,1781849042,R_10,4846.002,1,0.1000000000003638,BACKFILL_AUTO
2026-06-19 06:04:04,1781849044,R_10,4845.927,-1,0.0750000000007276,BACKFILL_AUTO
2026-06-19 06:04:06,1781849046,R_10,4845.795,-1,0.1319999999996071,BACKFILL_AUTO
2026-06-19 06:04:08,1781849048,R_10,4845.617,-1,0.17799999999988358,BACKFILL_AUTO
2026-06-19 06:04:10,1781849050,R_10,4845.607,-1,0.010000000000218279,BACKFILL_AUTO
2026-06-19 06:04:12,1781849052,R_10,4845.464,-1,0.1430000000000291,BACKFILL_AUTO
2026-06-19 06:04:14,1781849054,R_10,4845.627,1,0.16300000000046566,BACKFILL_AUTO
2026-06-19 06:04:16,1781849056,R_10,4845.573,-1,0.05400000000008731,BACKFILL_AUTO
2026-06-19 06:04:18,1781849058,R_10,4845.464,-1,0.10900000000037835,BACKFILL_AUTO
2026-06-19 06:04:20,1781849060,R_10,4845.37,-1,0.09400000000005093,BACKFILL_AUTO
2026-06-19 06:04:22,1781849062,R_10,4845.213,-1,0.1570000000001528,BACKFILL_AUTO
2026-06-19 06:04:24,1781849064,R_10,4845.316,1,0.10300000000006548,BACKFILL_AUTO
2026-06-19 06:04:26,1781849066,R_10,4845.27,-1,0.04599999999936699,BACKFILL_AUTO
2026-06-19 06:04:28,1781849068,R_10,4845.094,-1,0.17600000000038563,BACKFILL_AUTO
2026-06-19 06:04:30,1781849070,R_10,4845.247,1,0.15300000000024738,BACKFILL_AUTO
2026-06-19 06:04:32,1781849072,R_10,4845.136,-1,0.11099999999987631,BACKFILL_AUTO
2026-06-19 06:04:34,1781849074,R_10,4844.983,-1,0.15300000000024738,BACKFILL_AUTO
2026-06-19 06:04:36,1781849076,R_10,4844.885,-1,0.09799999999995634,BACKFILL_AUTO
2026-06-19 06:04:38,1781849078,R_10,4844.873,-1,0.012000000000625732,BACKFILL_AUTO
2026-06-19 06:04:40,1781849080,R_10,4844.994,1,0.12100000000009459,BACKFILL_AUTO
2026-06-19 06:04:42,1781849082,R_10,4844.695,-1,0.29899999999997817,BACKFILL_AUTO
2026-06-19 06:04:44,1781849084,R_10,4844.442,-1,0.2529999999997017,BACKFILL_AUTO
2026-06-19 06:04:46,1781849086,R_10,4844.41,-1,0.032000000000152795,BACKFILL_AUTO
2026-06-19 06:04:48,1781849088,R_10,4844.478,1,0.068000000000211,BACKFILL_AUTO
2026-06-19 06:04:50,1781849090,R_10,4844.498,1,0.019999999999527063,BACKFILL_AUTO
2026-06-19 06:04:52,1781849092,R_10,4844.714,1,0.21600000000034925,BACKFILL_AUTO
2026-06-19 06:04:54,1781849094,R_10,4844.508,-1,0.20600000000013097,BACKFILL_AUTO
2026-06-19 06:04:56,1781849096,R_10,4844.649,1,0.14100000000053114,BACKFILL_AUTO
2026-06-19 06:04:58,1781849098,R_10,4844.647,-1,0.0020000000004074536,BACKFILL_AUTO
2026-06-19 06:05:00,1781849100,R_10,4844.524,-1,0.12299999999959255,BACKFILL_AUTO
2026-06-19 06:05:02,1781849102,R_10,4844.456,-1,0.068000000000211,BACKFILL_AUTO
2026-06-19 06:05:04,1781849104,R_10,4844.195,-1,0.261000000000422,BACKFILL_AUTO
2026-06-19 06:05:06,1781849106,R_10,4844.088,-1,0.1069999999999709,BACKFILL_AUTO
2026-06-19 06:05:08,1781849108,R_10,4843.999,-1,0.08899999999994179,BACKFILL_AUTO
2026-06-19 06:05:10,1781849110,R_10,4843.982,-1,0.016999999999825377,BACKFILL_AUTO
2026-06-19 06:05:12,1781849112,R_10,4844.121,1,0.1390000000001237,BACKFILL_AUTO
2026-06-19 06:05:14,1781849114,R_10,4843.956,-1,0.16499999999996362,BACKFILL_AUTO
2026-06-19 06:05:16,1781849116,R_10,4843.799,-1,0.1570000000001528,BACKFILL_AUTO
2026-06-19 06:05:18,1781849118,R_10,4843.768,-1,0.03099999999994907,BACKFILL_AUTO
2026-06-19 06:05:20,1781849120,R_10,4843.788,1,0.019999999999527063,BACKFILL_AUTO
2026-06-19 06:05:22,1781849122,R_10,4843.871,1,0.08300000000053842,BACKFILL_AUTO
2026-06-19 06:05:24,1781849124,R_10,4843.894,1,0.023000000000138243,BACKFILL_AUTO
2026-06-19 06:05:26,1781849126,R_10,4843.79,-1,0.10400000000026921,BACKFILL_AUTO
2026-06-19 06:05:28,1781849128,R_10,4843.787,-1,0.0029999999997016857,BACKFILL_AUTO
2026-06-19 06:05:30,1781849130,R_10,4843.675,-1,0.11200000000008004,BACKFILL_AUTO
2026-06-19 06:05:32,1781849132,R_10,4843.612,-1,0.06300000000010186,BACKFILL_AUTO
2026-06-19 06:05:34,1781849134,R_10,4843.689,1,0.07700000000022555,BACKFILL_AUTO
2026-06-19 06:05:36,1781849136,R_10,4843.483,-1,0.20600000000013097,BACKFILL_AUTO
2026-06-19 06:05:38,1781849138,R_10,4843.496,1,0.012999999999919964,BACKFILL_AUTO
2026-06-19 06:05:40,1781849140,R_10,4843.509,1,0.012999999999919964,BACKFILL_AUTO
2026-06-19 06:05:42,1781849142,R_10,4843.363,-1,0.1459999999997308,BACKFILL_AUTO
2026-06-19 06:05:44,1781849144,R_10,4843.432,1,0.06899999999950523,BACKFILL_AUTO
2026-06-19 06:05:46,1781849146,R_10,4843.286,-1,0.1459999999997308,BACKFILL_AUTO
2026-06-19 06:05:48,1781849148,R_10,4843.138,-1,0.14800000000013824,BACKFILL_AUTO
2026-06-19 06:05:50,1781849150,R_10,4843.203,1,0.06500000000050932,BACKFILL_AUTO
2026-06-19 06:05:52,1781849152,R_10,4843.295,1,0.09199999999964348,BACKFILL_AUTO
2026-06-19 06:05:54,1781849154,R_10,4843.232,-1,0.06300000000010186,BACKFILL_AUTO
2026-06-19 06:05:56,1781849156,R_10,4843.311,1,0.07899999999972351,BACKFILL_AUTO
2026-06-19 06:05:58,1781849158,R_10,4843.354,1,0.0430000000005748,BACKFILL_AUTO
2026-06-19 06:06:00,1781849160,R_10,4843.305,-1,0.04899999999997817,BACKFILL_AUTO
2026-06-19 06:06:02,1781849162,R_10,4843.402,1,0.09699999999975262,BACKFILL_AUTO
2026-06-19 06:06:04,1781849164,R_10,4843.263,-1,0.1390000000001237,BACKFILL_AUTO
2026-06-19 06:06:06,1781849166,R_10,4843.342,1,0.07899999999972351,BACKFILL_AUTO
2026-06-19 06:06:08,1781849168,R_10,4843.308,-1,0.033999999999650754,BACKFILL_AUTO
2026-06-19 06:06:10,1781849170,R_10,4843.37,1,0.06199999999989814,BACKFILL_AUTO
2026-06-19 06:06:12,1781849172,R_10,4843.541,1,0.1710000000002765,BACKFILL_AUTO
2026-06-19 06:06:14,1781849174,R_10,4843.368,-1,0.17299999999977445,BACKFILL_AUTO
2026-06-19 06:06:16,1781849176,R_10,4843.233,-1,0.13500000000021828,BACKFILL_AUTO
2026-06-19 06:06:18,1781849178,R_10,4843.18,-1,0.052999999999883585,BACKFILL_AUTO
2026-06-19 06:06:20,1781849180,R_10,4843.274,1,0.09400000000005093,BACKFILL_AUTO
2026-06-19 06:06:22,1781849182,R_10,4843.197,-1,0.07700000000022555,BACKFILL_AUTO
2026-06-19 06:06:24,1781849184,R_10,4843.188,-1,0.009000000000014552,BACKFILL_AUTO
2026-06-19 06:06:26,1781849186,R_10,4843.142,-1,0.046000000000276486,BACKFILL_AUTO
2026-06-19 06:06:28,1781849188,R_10,4843.183,1,0.04100000000016735,BACKFILL_AUTO
2026-06-19 06:06:30,1781849190,R_10,4843.091,-1,0.09199999999964348,BACKFILL_AUTO
2026-06-19 06:06:32,1781849192,R_10,4843.074,-1,0.01700000000073487,BACKFILL_AUTO
2026-06-19 06:06:34,1781849194,R_10,4843.001,-1,0.07299999999941065,BACKFILL_AUTO
2026-06-19 06:06:36,1781849196,R_10,4842.864,-1,0.13700000000062573,BACKFILL_AUTO
2026-06-19 06:06:38,1781849198,R_10,4842.938,1,0.07400000000052387,BACKFILL_AUTO
2026-06-19 06:06:40,1781849200,R_10,4842.899,-1,0.03899999999975989,BACKFILL_AUTO
2026-06-19 06:06:42,1781849202,R_10,4843.148,1,0.24899999999979627,BACKFILL_AUTO
2026-06-19 06:06:44,1781849204,R_10,4843.254,1,0.10599999999976717,BACKFILL_AUTO
2026-06-19 06:06:46,1781849206,R_10,4843.112,-1,0.14199999999982538,BACKFILL_AUTO
2026-06-19 06:06:48,1781849208,R_10,4843.038,-1,0.07400000000052387,BACKFILL_AUTO
2026-06-19 06:06:50,1781849210,R_10,4843.193,1,0.15500000000065484,BACKFILL_AUTO
2026-06-19 06:06:52,1781849212,R_10,4843.112,-1,0.08100000000013097,BACKFILL_AUTO
2026-06-19 06:06:54,1781849214,R_10,4843.196,1,0.08399999999983265,BACKFILL_AUTO
2026-06-19 06:06:56,1781849216,R_10,4843.152,-1,0.04399999999986903,BACKFILL_AUTO
2026-06-19 06:06:58,1781849218,R_10,4843.108,-1,0.04399999999986903,BACKFILL_AUTO
2026-06-19 06:07:00,1781849220,R_10,4843.341,1,0.23300000000017462,BACKFILL_AUTO
2026-06-19 06:07:02,1781849222,R_10,4843.483,1,0.14199999999982538,BACKFILL_AUTO
2026-06-19 06:07:04,1781849224,R_10,4843.344,-1,0.1390000000001237,BACKFILL_AUTO
2026-06-19 06:07:06,1781849226,R_10,4843.327,-1,0.016999999999825377,BACKFILL_AUTO
2026-06-19 06:07:08,1781849228,R_10,4843.225,-1,0.10199999999986176,BACKFILL_AUTO
2026-06-19 06:07:10,1781849230,R_10,4843.366,1,0.14099999999962165,BACKFILL_AUTO
2026-06-19 06:07:12,1781849232,R_10,4843.488,1,0.12200000000029831,BACKFILL_AUTO
2026-06-19 06:07:14,1781849234,R_10,4843.607,1,0.11899999999968713,BACKFILL_AUTO
2026-06-19 06:07:16,1781849236,R_10,4843.35,-1,0.2569999999996071,BACKFILL_AUTO
2026-06-19 06:07:18,1781849238,R_10,4843.39,1,0.03999999999996362,BACKFILL_AUTO
2026-06-19 06:07:20,1781849240,R_10,4843.332,-1,0.057999999999992724,BACKFILL_AUTO
2026-06-19 06:07:22,1781849242,R_10,4843.422,1,0.08999999999923602,BACKFILL_AUTO
2026-06-19 06:07:24,1781849244,R_10,4843.578,1,0.15600000000085856,BACKFILL_AUTO
2026-06-19 06:07:26,1781849246,R_10,4843.581,1,0.0029999999997016857,BACKFILL_AUTO
2026-06-19 06:07:28,1781849248,R_10,4843.573,-1,0.007999999999810825,BACKFILL_AUTO
2026-06-19 06:07:30,1781849250,R_10,4843.713,1,0.13999999999941792,BACKFILL_AUTO
2026-06-19 06:07:32,1781849252,R_10,4843.92,1,0.2070000000003347,BACKFILL_AUTO
2026-06-19 06:07:34,1781849254,R_10,4843.921,1,0.0010000000002037268,BACKFILL_AUTO
2026-06-19 06:07:36,1781849256,R_10,4843.832,-1,0.08899999999994179,BACKFILL_AUTO
2026-06-19 06:07:38,1781849258,R_10,4843.896,1,0.0639999999993961,BACKFILL_AUTO
2026-06-19 06:07:40,1781849260,R_10,4843.987,1,0.09100000000034925,BACKFILL_AUTO
2026-06-19 06:07:42,1781849262,R_10,4844.236,1,0.24899999999979627,BACKFILL_AUTO
2026-06-19 06:07:44,1781849264,R_10,4844.376,1,0.14000000000032742,BACKFILL_AUTO
2026-06-19 06:07:46,1781849266,R_10,4844.553,1,0.17699999999967986,BACKFILL_AUTO
2026-06-19 06:07:48,1781849268,R_10,4844.485,-1,0.068000000000211,BACKFILL_AUTO
2026-06-19 06:07:50,1781849270,R_10,4844.487,1,0.0020000000004074536,BACKFILL_AUTO
2026-06-19 06:07:52,1781849272,R_10,4844.823,1,0.3360000000002401,BACKFILL_AUTO
2026-06-19 06:07:54,1781849274,R_10,4844.62,-1,0.20300000000042928,BACKFILL_AUTO
2026-06-19 06:07:56,1781849276,R_10,4844.678,1,0.057999999999992724,BACKFILL_AUTO
2026-06-19 06:07:58,1781849278,R_10,4844.713,1,0.03499999999985448,BACKFILL_AUTO
2026-06-19 06:08:00,1781849280,R_10,4844.89,1,0.17700000000058935,BACKFILL_AUTO
2026-06-19 06:08:02,1781849282,R_10,4844.916,1,0.02599999999983993,BACKFILL_AUTO
2026-06-19 06:08:04,1781849284,R_10,4844.91,-1,0.006000000000312866,BACKFILL_AUTO
2026-06-19 06:08:06,1781849286,R_10,4845.006,1,0.09600000000045839,BACKFILL_AUTO
2026-06-19 06:08:08,1781849288,R_10,4844.83,-1,0.17600000000038563,BACKFILL_AUTO
2026-06-19 06:08:10,1781849290,R_10,4844.748,-1,0.0820000000003347,BACKFILL_AUTO
2026-06-19 06:08:12,1781849292,R_10,4844.546,-1,0.20199999999931606,BACKFILL_AUTO
2026-06-19 06:08:14,1781849294,R_10,4844.614,1,0.06799999999930151,BACKFILL_AUTO
2026-06-19 06:08:16,1781849296,R_10,4844.667,1,0.05300000000079308,BACKFILL_AUTO
2026-06-19 06:08:18,1781849298,R_10,4844.508,-1,0.15900000000056025,BACKFILL_AUTO
2026-06-19 06:08:20,1781849300,R_10,4844.33,-1,0.17799999999988358,BACKFILL_AUTO
2026-06-19 06:08:22,1781849302,R_10,4844.05,-1,0.27999999999974534,BACKFILL_AUTO
2026-06-19 06:08:24,1781849304,R_10,4844.002,-1,0.047999999999774445,BACKFILL_AUTO
2026-06-19 06:08:26,1781849306,R_10,4844.046,1,0.04399999999986903,BACKFILL_AUTO
2026-06-19 06:08:28,1781849308,R_10,4843.898,-1,0.14800000000013824,BACKFILL_AUTO
2026-06-19 06:08:30,1781849310,R_10,4843.784,-1,0.11400000000048749,BACKFILL_AUTO
2026-06-19 06:08:32,1781849312,R_10,4843.956,1,0.1720000000004802,BACKFILL_AUTO
2026-06-19 06:08:34,1781849314,R_10,4843.858,-1,0.09799999999995634,BACKFILL_AUTO
2026-06-19 06:08:36,1781849316,R_10,4843.884,1,0.02599999999983993,BACKFILL_AUTO
2026-06-19 06:08:38,1781849318,R_10,4843.901,1,0.016999999999825377,BACKFILL_AUTO
2026-06-19 06:08:40,1781849320,R_10,4843.757,-1,0.14400000000023283,BACKFILL_AUTO
2026-06-19 06:08:42,1781849322,R_10,4843.659,-1,0.09799999999995634,BACKFILL_AUTO
2026-06-19 06:08:44,1781849324,R_10,4843.485,-1,0.17399999999997817,BACKFILL_AUTO
2026-06-19 06:08:46,1781849326,R_10,4843.278,-1,0.2069999999994252,BACKFILL_AUTO
2026-06-19 06:08:48,1781849328,R_10,4843.173,-1,0.10500000000047294,BACKFILL_AUTO
2026-06-19 06:08:50,1781849330,R_10,4843.153,-1,0.019999999999527063,BACKFILL_AUTO
2026-06-19 06:08:52,1781849332,R_10,4843.199,1,0.04599999999936699,BACKFILL_AUTO
2026-06-19 06:08:54,1781849334,R_10,4843.439,1,0.24000000000069122,BACKFILL_AUTO
2026-06-19 06:08:56,1781849336,R_10,4843.539,1,0.0999999999994543,BACKFILL_AUTO
2026-06-19 06:08:58,1781849338,R_10,4843.589,1,0.0500000000001819,BACKFILL_AUTO
2026-06-19 06:09:00,1781849340,R_10,4843.364,-1,0.2250000000003638,BACKFILL_AUTO
2026-06-19 06:09:02,1781849342,R_10,4843.469,1,0.10500000000047294,BACKFILL_AUTO
2026-06-19 06:09:04,1781849344,R_10,4843.523,1,0.05400000000008731,BACKFILL_AUTO
2026-06-19 06:09:06,1781849346,R_10,4843.606,1,0.08299999999962893,BACKFILL_AUTO
2026-06-19 06:09:08,1781849348,R_10,4843.695,1,0.08899999999994179,BACKFILL_AUTO
2026-06-19 06:09:10,1781849350,R_10,4843.627,-1,0.06799999999930151,BACKFILL_AUTO
2026-06-19 06:09:12,1781849352,R_10,4843.929,1,0.30199999999967986,BACKFILL_AUTO
2026-06-19 06:09:14,1781849354,R_10,4844.021,1,0.09199999999964348,BACKFILL_AUTO
2026-06-19 06:09:16,1781849356,R_10,4843.997,-1,0.023999999999432475,BACKFILL_AUTO
2026-06-19 06:09:18,1781849358,R_10,4843.956,-1,0.04100000000016735,BACKFILL_AUTO
2026-06-19 06:09:20,1781849360,R_10,4843.96,1,0.0039999999999054126,BACKFILL_AUTO
2026-06-19 06:09:22,1781849362,R_10,4844.106,1,0.1459999999997308,BACKFILL_AUTO
2026-06-19 06:09:24,1781849364,R_10,4844.176,1,0.07000000000061846,BACKFILL_AUTO
2026-06-19 06:09:26,1781849366,R_10,4844.316,1,0.13999999999941792,BACKFILL_AUTO
2026-06-19 06:09:28,1781849368,R_10,4844.315,-1,0.0010000000002037268,BACKFILL_AUTO
2026-06-19 06:09:30,1781849370,R_10,4844.363,1,0.04800000000068394,BACKFILL_AUTO
2026-06-19 06:09:32,1781849372,R_10,4844.316,-1,0.04700000000048021,BACKFILL_AUTO
2026-06-19 06:09:34,1781849374,R_10,4844.329,1,0.012999999999919964,BACKFILL_AUTO
2026-06-19 06:09:36,1781849376,R_10,4844.318,-1,0.01099999999951251,BACKFILL_AUTO
2026-06-19 06:09:38,1781849378,R_10,4844.354,1,0.03600000000005821,BACKFILL_AUTO
2026-06-19 06:09:40,1781849380,R_10,4844.242,-1,0.11200000000008004,BACKFILL_AUTO
2026-06-19 06:09:42,1781849382,R_10,4844.385,1,0.1430000000000291,BACKFILL_AUTO
2026-06-19 06:09:44,1781849384,R_10,4844.511,1,0.12600000000020373,BACKFILL_AUTO
2026-06-19 06:09:46,1781849386,R_10,4844.661,1,0.1499999999996362,BACKFILL_AUTO
2026-06-19 06:09:48,1781849388,R_10,4844.638,-1,0.023000000000138243,BACKFILL_AUTO
2026-06-19 06:09:50,1781849390,R_10,4844.653,1,0.015000000000327418,BACKFILL_AUTO
2026-06-19 06:09:52,1781849392,R_10,4844.818,1,0.16499999999996362,BACKFILL_AUTO
2026-06-19 06:09:54,1781849394,R_10,4844.865,1,0.04699999999957072,BACKFILL_AUTO
2026-06-19 06:09:56,1781849396,R_10,4844.779,-1,0.08599999999933061,BACKFILL_AUTO
2026-06-19 06:09:58,1781849398,R_10,4844.678,-1,0.10100000000056752,BACKFILL_AUTO
2026-06-19 06:10:00,1781849400,R_10,4844.767,1,0.08899999999994179,BACKFILL_AUTO
2026-06-19 06:10:02,1781849402,R_10,4844.656,-1,0.11099999999987631,BACKFILL_AUTO
2026-06-19 06:10:04,1781849404,R_10,4844.619,-1,0.037000000000261934,BACKFILL_AUTO
2026-06-19 06:10:06,1781849406,R_10,4844.633,1,0.014000000000123691,BACKFILL_AUTO
2026-06-19 06:10:08,1781849408,R_10,4844.424,-1,0.20899999999983265,BACKFILL_AUTO
2026-06-19 06:10:10,1781849410,R_10,4844.379,-1,0.04500000000007276,BACKFILL_AUTO
2026-06-19 06:10:12,1781849412,R_10,4844.463,1,0.08399999999983265,BACKFILL_AUTO
2026-06-19 06:10:14,1781849414,R_10,4844.417,-1,0.04599999999936699,BACKFILL_AUTO
2026-06-19 06:10:16,1781849416,R_10,4844.051,-1,0.36599999999998545,BACKFILL_AUTO
2026-06-19 06:10:18,1781849418,R_10,4844.105,1,0.05399999999917782,BACKFILL_AUTO
2026-06-19 06:10:20,1781849420,R_10,4844.193,1,0.08800000000064756,BACKFILL_AUTO
2026-06-19 06:10:22,1781849422,R_10,4844.236,1,0.042999999999665306,BACKFILL_AUTO
2026-06-19 06:10:24,1781849424,R_10,4844.258,1,0.021999999999934516,BACKFILL_AUTO
2026-06-19 06:10:26,1781849426,R_10,4844.142,-1,0.11599999999998545,BACKFILL_AUTO
2026-06-19 06:10:28,1781849428,R_10,4844.296,1,0.1540000000004511,BACKFILL_AUTO
2026-06-19 06:10:30,1781849430,R_10,4844.236,-1,0.06000000000040018,BACKFILL_AUTO
2026-06-19 06:10:32,1781849432,R_10,4844.307,1,0.07099999999991269,BACKFILL_AUTO
2026-06-19 06:10:34,1781849434,R_10,4844.122,-1,0.18499999999949068,BACKFILL_AUTO
2026-06-19 06:10:36,1781849436,R_10,4844.191,1,0.06899999999950523,BACKFILL_AUTO
2026-06-19 06:10:38,1781849438,R_10,4844.314,1,0.12300000000050204,BACKFILL_AUTO
2026-06-19 06:10:40,1781849440,R_10,4844.342,1,0.027999999999337888,BACKFILL_AUTO
2026-06-19 06:10:42,1781849442,R_10,4844.539,1,0.19700000000011642,BACKFILL_AUTO
2026-06-19 06:10:44,1781849444,R_10,4844.424,-1,0.11499999999978172,BACKFILL_AUTO
2026-06-19 06:10:46,1781849446,R_10,4844.442,1,0.018000000000029104,BACKFILL_AUTO
2026-06-19 06:10:48,1781849448,R_10,4844.558,1,0.11599999999998545,BACKFILL_AUTO
2026-06-19 06:10:50,1781849450,R_10,4844.448,-1,0.10999999999967258,BACKFILL_AUTO
2026-06-19 06:10:52,1781849452,R_10,4844.362,-1,0.0860000000002401,BACKFILL_AUTO
2026-06-19 06:10:54,1781849454,R_10,4844.483,1,0.12100000000009459,BACKFILL_AUTO
2026-06-19 06:10:56,1781849456,R_10,4844.644,1,0.1610000000000582,BACKFILL_AUTO
2026-06-19 06:10:58,1781849458,R_10,4844.608,-1,0.03600000000005821,BACKFILL_AUTO
2026-06-19 06:11:00,1781849460,R_10,4844.564,-1,0.04399999999986903,BACKFILL_AUTO
2026-06-19 06:11:02,1781849462,R_10,4844.554,-1,0.010000000000218279,BACKFILL_AUTO
2026-06-19 06:11:04,1781849464,R_10,4844.619,1,0.06499999999959982,BACKFILL_AUTO
2026-06-19 06:11:06,1781849466,R_10,4844.612,-1,0.006999999999607098,BACKFILL_AUTO
2026-06-19 06:11:08,1781849468,R_10,4844.705,1,0.0929999999998472,BACKFILL_AUTO
2026-06-19 06:11:10,1781849470,R_10,4844.627,-1,0.07799999999951979,BACKFILL_AUTO
2026-06-19 06:11:12,1781849472,R_10,4844.458,-1,0.16900000000077853,BACKFILL_AUTO
2026-06-19 06:11:14,1781849474,R_10,4844.373,-1,0.08500000000003638,BACKFILL_AUTO
2026-06-19 06:11:16,1781849476,R_10,4844.292,-1,0.08099999999922147,BACKFILL_AUTO
2026-06-19 06:11:18,1781849478,R_10,4844.239,-1,0.05300000000079308,BACKFILL_AUTO
2026-06-19 06:11:20,1781849480,R_10,4844.237,-1,0.001999999999497959,BACKFILL_AUTO
2026-06-19 06:11:22,1781849482,R_10,4844.363,1,0.12600000000020373,BACKFILL_AUTO
2026-06-19 06:11:24,1781849484,R_10,4844.41,1,0.04699999999957072,BACKFILL_AUTO
2026-06-19 06:11:26,1781849486,R_10,4844.345,-1,0.06499999999959982,BACKFILL_AUTO
2026-06-19 06:11:28,1781849488,R_10,4844.251,-1,0.09400000000005093,BACKFILL_AUTO
2026-06-19 06:11:30,1781849490,R_10,4844.267,1,0.01599999999962165,BACKFILL_AUTO
2026-06-19 06:11:32,1781849492,R_10,4844.186,-1,0.08100000000013097,BACKFILL_AUTO
2026-06-19 06:11:34,1781849494,R_10,4844.055,-1,0.13099999999940337,BACKFILL_AUTO
2026-06-19 06:11:36,1781849496,R_10,4844.007,-1,0.04800000000068394,BACKFILL_AUTO
2026-06-19 06:11:38,1781849498,R_10,4844.115,1,0.10800000000017462,BACKFILL_AUTO
2026-06-19 06:11:40,1781849500,R_10,4844.048,-1,0.06700000000000728,BACKFILL_AUTO
2026-06-19 06:11:42,1781849502,R_10,4844.136,1,0.08800000000064756,BACKFILL_AUTO
2026-06-19 06:11:44,1781849504,R_10,4844.115,-1,0.021000000000640284,BACKFILL_AUTO
2026-06-19 06:11:46,1781849506,R_10,4844.11,-1,0.005000000000109139,BACKFILL_AUTO
2026-06-19 06:11:48,1781849508,R_10,4844.04,-1,0.06999999999970896,BACKFILL_AUTO
2026-06-19 06:11:50,1781849510,R_10,4844.067,1,0.027000000000043656,BACKFILL_AUTO
2026-06-19 06:11:52,1781849512,R_10,4844.323,1,0.25600000000031287,BACKFILL_AUTO
2026-06-19 06:11:54,1781849514,R_10,4844.454,1,0.13099999999940337,BACKFILL_AUTO
2026-06-19 06:11:56,1781849516,R_10,4844.224,-1,0.22999999999956344,BACKFILL_AUTO
2026-06-19 06:11:58,1781849518,R_10,4844.279,1,0.05500000000029104,BACKFILL_AUTO
2026-06-19 06:12:00,1781849520,R_10,4844.274,-1,0.005000000000109139,BACKFILL_AUTO
2026-06-19 06:12:02,1781849522,R_10,4844.165,-1,0.10900000000037835,BACKFILL_AUTO
2026-06-19 06:12:04,1781849524,R_10,4844.209,1,0.04399999999986903,BACKFILL_AUTO
2026-06-19 06:12:06,1781849526,R_10,4844.219,1,0.010000000000218279,BACKFILL_AUTO
2026-06-19 06:12:08,1781849528,R_10,4844.013,-1,0.20600000000013097,BACKFILL_AUTO
2026-06-19 06:12:10,1781849530,R_10,4844.062,1,0.04899999999997817,BACKFILL_AUTO
2026-06-19 06:12:12,1781849532,R_10,4844.089,1,0.027000000000043656,BACKFILL_AUTO
2026-06-19 06:12:14,1781849534,R_10,4844.044,-1,0.04500000000007276,BACKFILL_AUTO
2026-06-19 06:12:16,1781849536,R_10,4844.162,1,0.1180000000003929,BACKFILL_AUTO
2026-06-19 06:12:18,1781849538,R_10,4844.043,-1,0.11900000000059663,BACKFILL_AUTO
2026-06-19 06:12:20,1781849540,R_10,4843.788,-1,0.25500000000010914,BACKFILL_AUTO
2026-06-19 06:12:22,1781849542,R_10,4843.776,-1,0.011999999999716238,BACKFILL_AUTO
2026-06-19 06:12:24,1781849544,R_10,4843.893,1,0.11700000000018917,BACKFILL_AUTO
2026-06-19 06:12:26,1781849546,R_10,4843.954,1,0.06099999999969441,BACKFILL_AUTO
2026-06-19 06:12:28,1781849548,R_10,4843.916,-1,0.03799999999955617,BACKFILL_AUTO
2026-06-19 06:12:30,1781849550,R_10,4843.915,-1,0.0010000000002037268,BACKFILL_AUTO
2026-06-19 06:12:32,1781849552,R_10,4843.843,-1,0.07200000000011642,BACKFILL_AUTO
2026-06-19 06:12:34,1781849554,R_10,4843.806,-1,0.037000000000261934,BACKFILL_AUTO
2026-06-19 06:12:36,1781849556,R_10,4843.989,1,0.18299999999999272,BACKFILL_AUTO
2026-06-19 06:12:38,1781849558,R_10,4844.13,1,0.14100000000053114,BACKFILL_AUTO
2026-06-19 06:12:40,1781849560,R_10,4844.163,1,0.03299999999944703,BACKFILL_AUTO
2026-06-19 06:12:42,1781849562,R_10,4844.211,1,0.04800000000068394,BACKFILL_AUTO
2026-06-19 06:12:44,1781849564,R_10,4844.395,1,0.18400000000019645,BACKFILL_AUTO
2026-06-19 06:12:46,1781849566,R_10,4844.399,1,0.0039999999999054126,BACKFILL_AUTO
2026-06-19 06:12:48,1781849568,R_10,4844.397,-1,0.0020000000004074536,BACKFILL_AUTO
2026-06-19 06:12:50,1781849570,R_10,4844.519,1,0.12200000000029831,BACKFILL_AUTO
2026-06-19 06:12:52,1781849572,R_10,4844.498,-1,0.021000000000640284,BACKFILL_AUTO
2026-06-19 06:12:54,1781849574,R_10,4844.712,1,0.2140000000008513,BACKFILL_AUTO
2026-06-19 06:12:56,1781849576,R_10,4844.762,1,0.049999999999272404,BACKFILL_AUTO
2026-06-19 06:12:58,1781849578,R_10,4844.761,-1,0.0009999999992942321,BACKFILL_AUTO
2026-06-19 06:13:00,1781849580,R_10,4844.877,1,0.11599999999998545,BACKFILL_AUTO
2026-06-19 06:13:02,1781849582,R_10,4845.018,1,0.14099999999962165,BACKFILL_AUTO
2026-06-19 06:13:04,1781849584,R_10,4844.985,-1,0.03300000000035652,BACKFILL_AUTO
2026-06-19 06:13:06,1781849586,R_10,4844.898,-1,0.08699999999953434,BACKFILL_AUTO
2026-06-19 06:13:08,1781849588,R_10,4844.805,-1,0.0929999999998472,BACKFILL_AUTO
2026-06-19 06:13:10,1781849590,R_10,4844.836,1,0.03099999999994907,BACKFILL_AUTO
2026-06-19 06:13:12,1781849592,R_10,4844.888,1,0.05199999999967986,BACKFILL_AUTO
2026-06-19 06:13:14,1781849594,R_10,4844.838,-1,0.0500000000001819,BACKFILL_AUTO
2026-06-19 06:13:16,1781849596,R_10,4844.769,-1,0.06899999999950523,BACKFILL_AUTO
2026-06-19 06:13:18,1781849598,R_10,4844.75,-1,0.01900000000023283,BACKFILL_AUTO
2026-06-19 06:13:20,1781849600,R_10,4844.715,-1,0.03499999999985448,BACKFILL_AUTO
2026-06-19 06:13:22,1781849602,R_10,4844.739,1,0.023999999999432475,BACKFILL_AUTO
2026-06-19 06:13:24,1781849604,R_10,4844.741,1,0.0020000000004074536,BACKFILL_AUTO
2026-06-19 06:13:26,1781849606,R_10,4844.649,-1,0.09199999999964348,BACKFILL_AUTO
2026-06-19 06:13:28,1781849608,R_10,4844.948,1,0.29899999999997817,BACKFILL_AUTO
2026-06-19 06:13:30,1781849610,R_10,4844.765,-1,0.18299999999999272,BACKFILL_AUTO
2026-06-19 06:13:32,1781849612,R_10,4844.721,-1,0.04400000000077853,BACKFILL_AUTO
2026-06-19 06:13:34,1781849614,R_10,4844.891,1,0.17000000000007276,BACKFILL_AUTO
2026-06-19 06:13:36,1781849616,R_10,4844.891,0,0.0,BACKFILL_AUTO
2026-06-19 06:13:38,1781849618,R_10,4844.999,1,0.10800000000017462,BACKFILL_AUTO
2026-06-19 06:13:40,1781849620,R_10,4844.885,-1,0.113999999999578,BACKFILL_AUTO
2026-06-19 06:13:42,1781849622,R_10,4844.609,-1,0.27599999999983993,BACKFILL_AUTO
2026-06-19 06:13:44,1781849624,R_10,4844.725,1,0.11599999999998545,BACKFILL_AUTO
2026-06-19 06:13:46,1781849626,R_10,4844.762,1,0.03699999999935244,BACKFILL_AUTO
2026-06-19 06:13:48,1781849628,R_10,4844.661,-1,0.10099999999965803,BACKFILL_AUTO
2026-06-19 06:13:50,1781849630,R_10,4844.81,1,0.14900000000034197,BACKFILL_AUTO
2026-06-19 06:13:52,1781849632,R_10,4844.684,-1,0.12600000000020373,BACKFILL_AUTO
2026-06-19 06:13:54,1781849634,R_10,4844.713,1,0.028999999999541615,BACKFILL_AUTO
2026-06-19 06:13:56,1781849636,R_10,4844.855,1,0.14199999999982538,BACKFILL_AUTO
2026-06-19 06:13:58,1781849638,R_10,4844.893,1,0.03800000000046566,BACKFILL_AUTO
2026-06-19 06:14:00,1781849640,R_10,4844.876,-1,0.016999999999825377,BACKFILL_AUTO
2026-06-19 06:14:02,1781849642,R_10,4844.91,1,0.033999999999650754,BACKFILL_AUTO
2026-06-19 06:14:04,1781849644,R_10,4844.769,-1,0.14099999999962165,BACKFILL_AUTO
2026-06-19 06:14:06,1781849646,R_10,4844.636,-1,0.13299999999981083,BACKFILL_AUTO
2026-06-19 06:14:08,1781849648,R_10,4844.695,1,0.058999999999286956,BACKFILL_AUTO
2026-06-19 06:14:10,1781849650,R_10,4844.541,-1,0.15399999999954161,BACKFILL_AUTO
2026-06-19 06:14:12,1781849652,R_10,4844.423,-1,0.1180000000003929,BACKFILL_AUTO
2026-06-19 06:14:14,1781849654,R_10,4844.409,-1,0.014000000000123691,BACKFILL_AUTO
2026-06-19 06:14:16,1781849656,R_10,4844.389,-1,0.019999999999527063,BACKFILL_AUTO
2026-06-19 06:14:18,1781849658,R_10,4844.312,-1,0.07700000000022555,BACKFILL_AUTO
2026-06-19 06:14:20,1781849660,R_10,4844.267,-1,0.04500000000007276,BACKFILL_AUTO
2026-06-19 06:14:22,1781849662,R_10,4844.143,-1,0.12399999999979627,BACKFILL_AUTO
2026-06-19 06:14:24,1781849664,R_10,4844.367,1,0.22400000000016007,BACKFILL_AUTO
2026-06-19 06:14:26,1781849666,R_10,4844.429,1,0.06199999999989814,BACKFILL_AUTO
2026-06-19 06:14:28,1781849668,R_10,4844.213,-1,0.21600000000034925,BACKFILL_AUTO
2026-06-19 06:14:30,1781849670,R_10,4844.418,1,0.20499999999992724,BACKFILL_AUTO
2026-06-19 06:14:32,1781849672,R_10,4844.235,-1,0.18299999999999272,BACKFILL_AUTO
2026-06-19 06:14:34,1781849674,R_10,4844.395,1,0.16000000000076398,BACKFILL_AUTO
2026-06-19 06:14:36,1781849676,R_10,4844.268,-1,0.12700000000040745,BACKFILL_AUTO
2026-06-19 06:14:38,1781849678,R_10,4844.267,-1,0.0010000000002037268,BACKFILL_AUTO
2026-06-19 06:14:40,1781849680,R_10,4844.634,1,0.3670000000001892,BACKFILL_AUTO
2026-06-19 06:14:42,1781849682,R_10,4844.813,1,0.1790000000000873,BACKFILL_AUTO
2026-06-19 06:14:44,1781849684,R_10,4844.741,-1,0.07200000000011642,BACKFILL_AUTO
2026-06-19 06:14:46,1781849686,R_10,4844.636,-1,0.10499999999956344,BACKFILL_AUTO
2026-06-19 06:14:48,1781849688,R_10,4844.732,1,0.09599999999954889,BACKFILL_AUTO
2026-06-19 06:14:50,1781849690,R_10,4844.62,-1,0.11200000000008004,BACKFILL_AUTO
2026-06-19 06:14:52,1781849692,R_10,4844.571,-1,0.04899999999997817,BACKFILL_AUTO
2026-06-19 06:14:54,1781849694,R_10,4844.888,1,0.3170000000000073,BACKFILL_AUTO
2026-06-19 06:14:56,1781849696,R_10,4844.84,-1,0.047999999999774445,BACKFILL_AUTO
2026-06-19 06:14:58,1781849698,R_10,4844.671,-1,0.16899999999986903,BACKFILL_AUTO
2026-06-19 06:15:00,1781849700,R_10,4844.748,1,0.07699999999931606,BACKFILL_AUTO
2026-06-19 06:15:02,1781849702,R_10,4844.885,1,0.13700000000062573,BACKFILL_AUTO
2026-06-19 06:15:04,1781849704,R_10,4844.624,-1,0.261000000000422,BACKFILL_AUTO
2026-06-19 06:15:06,1781849706,R_10,4844.449,-1,0.1750000000001819,BACKFILL_AUTO
2026-06-19 06:15:08,1781849708,R_10,4844.311,-1,0.13799999999991996,BACKFILL_AUTO
2026-06-19 06:15:10,1781849710,R_10,4844.202,-1,0.10899999999946886,BACKFILL_AUTO
2026-06-19 06:15:12,1781849712,R_10,4844.234,1,0.032000000000152795,BACKFILL_AUTO
2026-06-19 06:15:14,1781849714,R_10,4844.173,-1,0.061000000000603904,BACKFILL_AUTO
2026-06-19 06:15:16,1781849716,R_10,4844.261,1,0.08800000000064756,BACKFILL_AUTO
2026-06-19 06:15:18,1781849718,R_10,4844.073,-1,0.18800000000010186,BACKFILL_AUTO
2026-06-19 06:15:20,1781849720,R_10,4844.222,1,0.14899999999943248,BACKFILL_AUTO
2026-06-19 06:15:22,1781849722,R_10,4844.194,-1,0.027999999999337888,BACKFILL_AUTO
2026-06-19 06:15:24,1781849724,R_10,4844.155,-1,0.03900000000066939,BACKFILL_AUTO
2026-06-19 06:15:26,1781849726,R_10,4844.336,1,0.18100000000049477,BACKFILL_AUTO
2026-06-19 06:15:28,1781849728,R_10,4844.533,1,0.19700000000011642,BACKFILL_AUTO
2026-06-19 06:15:30,1781849730,R_10,4844.532,-1,0.0010000000002037268,BACKFILL_AUTO
2026-06-19 06:15:32,1781849732,R_10,4844.341,-1,0.19099999999980355,BACKFILL_AUTO
2026-06-19 06:15:34,1781849734,R_10,4844.293,-1,0.04800000000068394,BACKFILL_AUTO
2026-06-19 06:15:36,1781849736,R_10,4844.324,1,0.03099999999994907,BACKFILL_AUTO
2026-06-19 06:15:38,1781849738,R_10,4844.49,1,0.16600000000016735,BACKFILL_AUTO
2026-06-19 06:15:40,1781849740,R_10,4844.456,-1,0.033999999999650754,BACKFILL_AUTO
2026-06-19 06:15:42,1781849742,R_10,4844.585,1,0.1289999999999054,BACKFILL_AUTO
2026-06-19 06:15:44,1781849744,R_10,4844.481,-1,0.10400000000026921,BACKFILL_AUTO
2026-06-19 06:15:46,1781849746,R_10,4844.416,-1,0.06499999999959982,BACKFILL_AUTO
2026-06-19 06:15:48,1781849748,R_10,4844.299,-1,0.11700000000018917,BACKFILL_AUTO
2026-06-19 06:15:50,1781849750,R_10,4844.075,-1,0.22400000000016007,BACKFILL_AUTO
2026-06-19 06:15:52,1781849752,R_10,4844.195,1,0.11999999999989086,BACKFILL_AUTO
2026-06-19 06:15:54,1781849754,R_10,4844.068,-1,0.12699999999949796,BACKFILL_AUTO
2026-06-19 06:15:56,1781849756,R_10,4844.004,-1,0.06400000000030559,BACKFILL_AUTO
2026-06-19 06:15:58,1781849758,R_10,4844.018,1,0.014000000000123691,BACKFILL_AUTO
2026-06-19 06:16:00,1781849760,R_10,4843.956,-1,0.06199999999989814,BACKFILL_AUTO
2026-06-19 06:16:02,1781849762,R_10,4844.102,1,0.1459999999997308,BACKFILL_AUTO
2026-06-19 06:16:04,1781849764,R_10,4844.172,1,0.06999999999970896,BACKFILL_AUTO
2026-06-19 06:16:06,1781849766,R_10,4844.169,-1,0.0029999999997016857,BACKFILL_AUTO
2026-06-19 06:16:08,1781849768,R_10,4844.035,-1,0.13400000000001455,BACKFILL_AUTO
2026-06-19 06:16:10,1781849770,R_10,4844.006,-1,0.028999999999541615,BACKFILL_AUTO
2026-06-19 06:16:12,1781849772,R_10,4843.96,-1,0.046000000000276486,BACKFILL_AUTO
2026-06-19 06:16:14,1781849774,R_10,4843.856,-1,0.10400000000026921,BACKFILL_AUTO
2026-06-19 06:16:16,1781849776,R_10,4843.977,1,0.12100000000009459,BACKFILL_AUTO
2026-06-19 06:16:18,1781849778,R_10,4843.835,-1,0.14199999999982538,BACKFILL_AUTO
2026-06-19 06:16:20,1781849780,R_10,4843.81,-1,0.024999999999636202,BACKFILL_AUTO
2026-06-19 06:16:22,1781849782,R_10,4843.947,1,0.13699999999971624,BACKFILL_AUTO
2026-06-19 06:16:24,1781849784,R_10,4844.02,1,0.07300000000032014,BACKFILL_AUTO
2026-06-19 06:16:26,1781849786,R_10,4843.956,-1,0.06400000000030559,BACKFILL_AUTO
2026-06-19 06:16:28,1781849788,R_10,4843.79,-1,0.16600000000016735,BACKFILL_AUTO
2026-06-19 06:16:30,1781849790,R_10,4843.718,-1,0.07200000000011642,BACKFILL_AUTO
2026-06-19 06:16:32,1781849792,R_10,4843.854,1,0.136000000000422,BACKFILL_AUTO
2026-06-19 06:16:34,1781849794,R_10,4843.844,-1,0.010000000000218279,BACKFILL_AUTO
2026-06-19 06:16:36,1781849796,R_10,4843.8,-1,0.04399999999986903,BACKFILL_AUTO
2026-06-19 06:16:38,1781849798,R_10,4843.775,-1,0.025000000000545697,BACKFILL_AUTO
2026-06-19 06:16:40,1781849800,R_10,4843.716,-1,0.058999999999286956,BACKFILL_AUTO
2026-06-19 06:16:42,1781849802,R_10,4843.599,-1,0.11700000000018917,BACKFILL_AUTO
2026-06-19 06:16:44,1781849804,R_10,4843.639,1,0.03999999999996362,BACKFILL_AUTO
2026-06-19 06:16:46,1781849806,R_10,4843.657,1,0.018000000000029104,BACKFILL_AUTO
2026-06-19 06:16:48,1781849808,R_10,4843.619,-1,0.03800000000046566,BACKFILL_AUTO
2026-06-19 06:16:50,1781849810,R_10,4843.512,-1,0.1069999999999709,BACKFILL_AUTO
2026-06-19 06:16:52,1781849812,R_10,4843.378,-1,0.13400000000001455,BACKFILL_AUTO
2026-06-19 06:16:54,1781849814,R_10,4843.454,1,0.07600000000002183,BACKFILL_AUTO
2026-06-19 06:16:56,1781849816,R_10,4843.648,1,0.19400000000041473,BACKFILL_AUTO
2026-06-19 06:16:58,1781849818,R_10,4843.574,-1,0.07400000000052387,BACKFILL_AUTO
2026-06-19 06:17:00,1781849820,R_10,4843.553,-1,0.02099999999973079,BACKFILL_AUTO
2026-06-19 06:17:02,1781849822,R_10,4843.613,1,0.06000000000040018,BACKFILL_AUTO
2026-06-19 06:17:04,1781849824,R_10,4843.607,-1,0.006000000000312866,BACKFILL_AUTO
2026-06-19 06:17:06,1781849826,R_10,4843.574,-1,0.03300000000035652,BACKFILL_AUTO
2026-06-19 06:17:08,1781849828,R_10,4843.556,-1,0.018000000000029104,BACKFILL_AUTO
2026-06-19 06:17:10,1781849830,R_10,4843.6,1,0.04400000000077853,BACKFILL_AUTO
2026-06-19 06:17:12,1781849832,R_10,4843.579,-1,0.021000000000640284,BACKFILL_AUTO
2026-06-19 06:17:14,1781849834,R_10,4843.602,1,0.023000000000138243,BACKFILL_AUTO
2026-06-19 06:17:16,1781849836,R_10,4843.775,1,0.17299999999977445,BACKFILL_AUTO
2026-06-19 06:17:18,1781849838,R_10,4843.933,1,0.15800000000035652,BACKFILL_AUTO
2026-06-19 06:17:20,1781849840,R_10,4844.02,1,0.08700000000044383,BACKFILL_AUTO
2026-06-19 06:17:22,1781849842,R_10,4844.111,1,0.09099999999943975,BACKFILL_AUTO
2026-06-19 06:17:24,1781849844,R_10,4844.003,-1,0.10800000000017462,BACKFILL_AUTO
2026-06-19 06:17:26,1781849846,R_10,4843.786,-1,0.21699999999964348,BACKFILL_AUTO
2026-06-19 06:17:28,1781849848,R_10,4843.616,-1,0.17000000000007276,BACKFILL_AUTO
2026-06-19 06:17:30,1781849850,R_10,4843.664,1,0.047999999999774445,BACKFILL_AUTO
2026-06-19 06:17:32,1781849852,R_10,4843.752,1,0.08800000000064756,BACKFILL_AUTO
2026-06-19 06:17:34,1781849854,R_10,4843.574,-1,0.17800000000079308,BACKFILL_AUTO
2026-06-19 06:17:36,1781849856,R_10,4843.357,-1,0.21699999999964348,BACKFILL_AUTO
2026-06-19 06:17:38,1781849858,R_10,4843.206,-1,0.15099999999983993,BACKFILL_AUTO
2026-06-19 06:17:40,1781849860,R_10,4843.029,-1,0.17699999999967986,BACKFILL_AUTO
2026-06-19 06:17:42,1781849862,R_10,4843.148,1,0.11899999999968713,BACKFILL_AUTO
2026-06-19 06:17:44,1781849864,R_10,4843.344,1,0.1959999999999127,BACKFILL_AUTO
2026-06-19 06:17:46,1781849866,R_10,4843.215,-1,0.1289999999999054,BACKFILL_AUTO
2026-06-19 06:17:48,1781849868,R_10,4842.986,-1,0.2290000000002692,BACKFILL_AUTO
2026-06-19 06:17:50,1781849870,R_10,4843.033,1,0.04700000000048021,BACKFILL_AUTO
2026-06-19 06:17:52,1781849872,R_10,4843.152,1,0.11899999999968713,BACKFILL_AUTO
2026-06-19 06:17:54,1781849874,R_10,4843.243,1,0.09100000000034925,BACKFILL_AUTO
2026-06-19 06:17:56,1781849876,R_10,4843.353,1,0.10999999999967258,BACKFILL_AUTO
2026-06-19 06:17:58,1781849878,R_10,4843.469,1,0.11599999999998545,BACKFILL_AUTO
2026-06-19 06:18:00,1781849880,R_10,4843.546,1,0.07700000000022555,BACKFILL_AUTO
2026-06-19 06:18:02,1781849882,R_10,4843.338,-1,0.20800000000053842,BACKFILL_AUTO
2026-06-19 06:18:04,1781849884,R_10,4843.291,-1,0.04699999999957072,BACKFILL_AUTO
2026-06-19 06:18:06,1781849886,R_10,4843.255,-1,0.03600000000005821,BACKFILL_AUTO
2026-06-19 06:18:08,1781849888,R_10,4843.134,-1,0.12100000000009459,BACKFILL_AUTO
2026-06-19 06:18:10,1781849890,R_10,4843.338,1,0.2039999999997235,BACKFILL_AUTO
2026-06-19 06:18:12,1781849892,R_10,4843.383,1,0.04500000000007276,BACKFILL_AUTO
2026-06-19 06:18:14,1781849894,R_10,4843.42,1,0.037000000000261934,BACKFILL_AUTO
2026-06-19 06:18:16,1781849896,R_10,4843.315,-1,0.10500000000047294,BACKFILL_AUTO
2026-06-19 06:18:18,1781849898,R_10,4843.429,1,0.11400000000048749,BACKFILL_AUTO
2026-06-19 06:18:20,1781849900,R_10,4843.276,-1,0.15300000000024738,BACKFILL_AUTO
2026-06-19 06:18:22,1781849902,R_10,4843.312,1,0.03600000000005821,BACKFILL_AUTO
2026-06-19 06:18:24,1781849904,R_10,4843.281,-1,0.03099999999994907,BACKFILL_AUTO
2026-06-19 06:18:26,1781849906,R_10,4843.263,-1,0.018000000000029104,BACKFILL_AUTO
2026-06-19 06:18:28,1781849908,R_10,4843.408,1,0.14500000000043656,BACKFILL_AUTO
2026-06-19 06:18:30,1781849910,R_10,4843.268,-1,0.14000000000032742,BACKFILL_AUTO
2026-06-19 06:18:32,1781849912,R_10,4843.057,-1,0.2110000000002401,BACKFILL_AUTO
2026-06-19 06:18:34,1781849914,R_10,4842.929,-1,0.12799999999970169,BACKFILL_AUTO
2026-06-19 06:18:36,1781849916,R_10,4842.756,-1,0.17299999999977445,BACKFILL_AUTO
2026-06-19 06:18:38,1781849918,R_10,4842.645,-1,0.11099999999987631,BACKFILL_AUTO
2026-06-19 06:18:40,1781849920,R_10,4842.544,-1,0.10100000000056752,BACKFILL_AUTO
2026-06-19 06:18:42,1781849922,R_10,4842.574,1,0.02999999999974534,BACKFILL_AUTO
2026-06-19 06:18:44,1781849924,R_10,4842.655,1,0.08100000000013097,BACKFILL_AUTO
2026-06-19 06:18:46,1781849926,R_10,4842.578,-1,0.07699999999931606,BACKFILL_AUTO
2026-06-19 06:18:48,1781849928,R_10,4842.687,1,0.10899999999946886,BACKFILL_AUTO
2026-06-19 06:18:50,1781849930,R_10,4842.787,1,0.1000000000003638,BACKFILL_AUTO
2026-06-19 06:18:52,1781849932,R_10,4842.969,1,0.181999999999789,BACKFILL_AUTO
2026-06-19 06:18:54,1781849934,R_10,4842.869,-1,0.1000000000003638,BACKFILL_AUTO
2026-06-19 06:18:56,1781849936,R_10,4842.9,1,0.03099999999994907,BACKFILL_AUTO
2026-06-19 06:18:58,1781849938,R_10,4842.837,-1,0.06299999999919237,BACKFILL_AUTO
2026-06-19 06:19:00,1781849940,R_10,4842.875,1,0.03799999999955617,BACKFILL_AUTO
2026-06-19 06:19:02,1781849942,R_10,4842.606,-1,0.26900000000023283,BACKFILL_AUTO
2026-06-19 06:19:04,1781849944,R_10,4842.606,0,0.0,BACKFILL_AUTO
2026-06-19 06:19:06,1781849946,R_10,4842.5,-1,0.10599999999976717,BACKFILL_AUTO
2026-06-19 06:19:08,1781849948,R_10,4842.496,-1,0.0039999999999054126,BACKFILL_AUTO
2026-06-19 06:19:10,1781849950,R_10,4842.651,1,0.15499999999974534,BACKFILL_AUTO
2026-06-19 06:19:12,1781849952,R_10,4842.668,1,0.016999999999825377,BACKFILL_AUTO
2026-06-19 06:19:14,1781849954,R_10,4842.752,1,0.08400000000074215,BACKFILL_AUTO
2026-06-19 06:19:16,1781849956,R_10,4842.518,-1,0.23400000000037835,BACKFILL_AUTO
2026-06-19 06:19:18,1781849958,R_10,4842.842,1,0.3239999999996144,BACKFILL_AUTO
2026-06-19 06:19:20,1781849960,R_10,4842.86,1,0.018000000000029104,BACKFILL_AUTO
2026-06-19 06:19:22,1781849962,R_10,4843.068,1,0.20800000000053842,BACKFILL_AUTO
2026-06-19 06:19:24,1781849964,R_10,4842.979,-1,0.08899999999994179,BACKFILL_AUTO
2026-06-19 06:19:26,1781849966,R_10,4842.781,-1,0.19800000000032014,BACKFILL_AUTO
2026-06-19 06:19:28,1781849968,R_10,4842.89,1,0.10900000000037835,BACKFILL_AUTO
2026-06-19 06:19:30,1781849970,R_10,4843.098,1,0.20799999999962893,BACKFILL_AUTO
2026-06-19 06:19:32,1781849972,R_10,4843.039,-1,0.05900000000019645,BACKFILL_AUTO
2026-06-19 06:19:34,1781849974,R_10,4843.045,1,0.006000000000312866,BACKFILL_AUTO
2026-06-19 06:19:36,1781849976,R_10,4842.989,-1,0.056000000000494765,BACKFILL_AUTO
2026-06-19 06:19:38,1781849978,R_10,4843.02,1,0.031000000000858563,BACKFILL_AUTO
2026-06-19 06:19:40,1781849980,R_10,4843.139,1,0.11899999999968713,BACKFILL_AUTO
2026-06-19 06:19:42,1781849982,R_10,4843.059,-1,0.07999999999992724,BACKFILL_AUTO
2026-06-19 06:19:44,1781849984,R_10,4843.117,1,0.057999999999992724,BACKFILL_AUTO
2026-06-19 06:19:46,1781849986,R_10,4843.032,-1,0.08500000000003638,BACKFILL_AUTO
2026-06-19 06:19:48,1781849988,R_10,4842.972,-1,0.06000000000040018,BACKFILL_AUTO
2026-06-19 06:19:50,1781849990,R_10,4843.113,1,0.14100000000053114,BACKFILL_AUTO
2026-06-19 06:19:52,1781849992,R_10,4843.028,-1,0.08500000000003638,BACKFILL_AUTO
2026-06-19 06:19:54,1781849994,R_10,4843.049,1,0.02099999999973079,BACKFILL_AUTO
2026-06-19 06:19:56,1781849996,R_10,4843.109,1,0.06000000000040018,BACKFILL_AUTO
2026-06-19 06:19:58,1781849998,R_10,4842.89,-1,0.21900000000005093,BACKFILL_AUTO
2026-06-19 06:20:00,1781850000,R_10,4842.837,-1,0.052999999999883585,BACKFILL_AUTO
2026-06-19 06:20:02,1781850002,R_10,4842.8,-1,0.037000000000261934,BACKFILL_AUTO
2026-06-19 06:20:04,1781850004,R_10,4842.906,1,0.10599999999976717,BACKFILL_AUTO
2026-06-19 06:20:06,1781850006,R_10,4843.001,1,0.09500000000025466,BACKFILL_AUTO
2026-06-19 06:20:08,1781850008,R_10,4842.917,-1,0.08399999999983265,BACKFILL_AUTO
2026-06-19 06:20:10,1781850010,R_10,4842.904,-1,0.012999999999919964,BACKFILL_AUTO
2026-06-19 06:20:12,1781850012,R_10,4842.97,1,0.06599999999980355,BACKFILL_AUTO
2026-06-19 06:20:14,1781850014,R_10,4842.816,-1,0.1540000000004511,BACKFILL_AUTO
2026-06-19 06:20:16,1781850016,R_10,4842.77,-1,0.04599999999936699,BACKFILL_AUTO
2026-06-19 06:20:18,1781850018,R_10,4842.71,-1,0.06000000000040018,BACKFILL_AUTO
2026-06-19 06:20:20,1781850020,R_10,4842.725,1,0.015000000000327418,BACKFILL_AUTO
2026-06-19 06:20:22,1781850022,R_10,4842.713,-1,0.012000000000625732,BACKFILL_AUTO
2026-06-19 06:20:24,1781850024,R_10,4842.768,1,0.05500000000029104,BACKFILL_AUTO
2026-06-19 06:20:26,1781850026,R_10,4842.617,-1,0.15099999999983993,BACKFILL_AUTO
2026-06-19 06:20:28,1781850028,R_10,4842.65,1,0.03299999999944703,BACKFILL_AUTO
2026-06-19 06:20:30,1781850030,R_10,4842.546,-1,0.10399999999935972,BACKFILL_AUTO
2026-06-19 06:20:32,1781850032,R_10,4842.502,-1,0.04399999999986903,BACKFILL_AUTO
2026-06-19 06:20:34,1781850034,R_10,4842.292,-1,0.21000000000003638,BACKFILL_AUTO
2026-06-19 06:20:36,1781850036,R_10,4842.559,1,0.2669999999998254,BACKFILL_AUTO
2026-06-19 06:20:38,1781850038,R_10,4842.558,-1,0.0010000000002037268,BACKFILL_AUTO
2026-06-19 06:20:40,1781850040,R_10,4842.439,-1,0.11899999999968713,BACKFILL_AUTO
2026-06-19 06:20:42,1781850042,R_10,4842.408,-1,0.03099999999994907,BACKFILL_AUTO
2026-06-19 06:20:44,1781850044,R_10,4842.603,1,0.19499999999970896,BACKFILL_AUTO
2026-06-19 06:20:46,1781850046,R_10,4842.547,-1,0.056000000000494765,BACKFILL_AUTO
2026-06-19 06:20:48,1781850048,R_10,4842.537,-1,0.009999999999308784,BACKFILL_AUTO
2026-06-19 06:20:50,1781850050,R_10,4842.807,1,0.26999999999952706,BACKFILL_AUTO
2026-06-19 06:20:52,1781850052,R_10,4842.811,1,0.0039999999999054126,BACKFILL_AUTO
2026-06-19 06:20:54,1781850054,R_10,4842.771,-1,0.03999999999996362,BACKFILL_AUTO
2026-06-19 06:20:56,1781850056,R_10,4842.819,1,0.04800000000068394,BACKFILL_AUTO
2026-06-19 06:20:58,1781850058,R_10,4842.973,1,0.15399999999954161,BACKFILL_AUTO
2026-06-19 06:21:00,1781850060,R_10,4843.106,1,0.13299999999981083,BACKFILL_AUTO
2026-06-19 06:21:02,1781850062,R_10,4843.329,1,0.22299999999995634,BACKFILL_AUTO
2026-06-19 06:21:04,1781850064,R_10,4843.242,-1,0.08699999999953434,BACKFILL_AUTO
2026-06-19 06:21:06,1781850066,R_10,4843.015,-1,0.22699999999986176,BACKFILL_AUTO
2026-06-19 06:21:08,1781850068,R_10,4843.004,-1,0.011000000000422006,BACKFILL_AUTO
2026-06-19 06:21:10,1781850070,R_10,4843.11,1,0.10599999999976717,BACKFILL_AUTO
2026-06-19 06:21:12,1781850072,R_10,4842.956,-1,0.15399999999954161,BACKFILL_AUTO
2026-06-19 06:21:14,1781850074,R_10,4842.952,-1,0.0039999999999054126,BACKFILL_AUTO
2026-06-19 06:21:16,1781850076,R_10,4842.933,-1,0.01900000000023283,BACKFILL_AUTO
2026-06-19 06:21:18,1781850078,R_10,4842.973,1,0.03999999999996362,BACKFILL_AUTO
2026-06-19 06:21:20,1781850080,R_10,4842.967,-1,0.006000000000312866,BACKFILL_AUTO
2026-06-19 06:21:22,1781850082,R_10,4843.213,1,0.2460000000000946,BACKFILL_AUTO
2026-06-19 06:21:24,1781850084,R_10,4843.327,1,0.11400000000048749,BACKFILL_AUTO
2026-06-19 06:21:26,1781850086,R_10,4843.232,-1,0.09500000000025466,BACKFILL_AUTO
2026-06-19 06:21:28,1781850088,R_10,4843.329,1,0.09699999999975262,BACKFILL_AUTO
2026-06-19 06:21:30,1781850090,R_10,4843.504,1,0.1750000000001819,BACKFILL_AUTO
2026-06-19 06:21:32,1781850092,R_10,4843.316,-1,0.18800000000010186,BACKFILL_AUTO
2026-06-19 06:21:34,1781850094,R_10,4843.392,1,0.07600000000002183,BACKFILL_AUTO
2026-06-19 06:21:36,1781850096,R_10,4843.422,1,0.02999999999974534,BACKFILL_AUTO
2026-06-19 06:21:38,1781850098,R_10,4843.204,-1,0.2179999999998472,BACKFILL_AUTO
2026-06-19 06:21:40,1781850100,R_10,4842.965,-1,0.238999999999578,BACKFILL_AUTO
2026-06-19 06:21:42,1781850102,R_10,4842.87,-1,0.09500000000025466,BACKFILL_AUTO
2026-06-19 06:21:44,1781850104,R_10,4842.871,1,0.0010000000002037268,BACKFILL_AUTO
2026-06-19 06:21:46,1781850106,R_10,4842.858,-1,0.012999999999919964,BACKFILL_AUTO
2026-06-19 06:21:48,1781850108,R_10,4842.87,1,0.011999999999716238,BACKFILL_AUTO
2026-06-19 06:21:50,1781850110,R_10,4842.608,-1,0.26199999999971624,BACKFILL_AUTO
2026-06-19 06:21:52,1781850112,R_10,4842.388,-1,0.22000000000025466,BACKFILL_AUTO
2026-06-19 06:21:54,1781850114,R_10,4842.497,1,0.10900000000037835,BACKFILL_AUTO
2026-06-19 06:21:56,1781850116,R_10,4842.455,-1,0.042000000000371074,BACKFILL_AUTO
2026-06-19 06:21:58,1781850118,R_10,4842.439,-1,0.01599999999962165,BACKFILL_AUTO
2026-06-19 06:22:00,1781850120,R_10,4842.332,-1,0.1069999999999709,BACKFILL_AUTO
2026-06-19 06:22:02,1781850122,R_10,4842.294,-1,0.03800000000046566,BACKFILL_AUTO
2026-06-19 06:22:04,1781850124,R_10,4842.429,1,0.13500000000021828,BACKFILL_AUTO
2026-06-19 06:22:06,1781850126,R_10,4842.476,1,0.04699999999957072,BACKFILL_AUTO
2026-06-19 06:22:08,1781850128,R_10,4842.233,-1,0.2429999999994834,BACKFILL_AUTO
2026-06-19 06:22:10,1781850130,R_10,4842.147,-1,0.0860000000002401,BACKFILL_AUTO
2026-06-19 06:22:12,1781850132,R_10,4842.027,-1,0.11999999999989086,BACKFILL_AUTO
2026-06-19 06:22:14,1781850134,R_10,4842.099,1,0.07200000000011642,BACKFILL_AUTO
2026-06-19 06:22:16,1781850136,R_10,4842.079,-1,0.020000000000436557,BACKFILL_AUTO
2026-06-19 06:22:18,1781850138,R_10,4842.062,-1,0.016999999999825377,BACKFILL_AUTO
2026-06-19 06:22:20,1781850140,R_10,4841.85,-1,0.21199999999953434,BACKFILL_AUTO
2026-06-19 06:22:22,1781850142,R_10,4841.944,1,0.09400000000005093,BACKFILL_AUTO
2026-06-19 06:22:24,1781850144,R_10,4841.893,-1,0.051000000000385626,BACKFILL_AUTO
2026-06-19 06:22:26,1781850146,R_10,4842.206,1,0.31300000000010186,BACKFILL_AUTO
2026-06-19 06:22:28,1781850148,R_10,4842.099,-1,0.1069999999999709,BACKFILL_AUTO
2026-06-19 06:22:30,1781850150,R_10,4842.124,1,0.024999999999636202,BACKFILL_AUTO
2026-06-19 06:22:32,1781850152,R_10,4842.153,1,0.02900000000045111,BACKFILL_AUTO
2026-06-19 06:22:34,1781850154,R_10,4842.239,1,0.08599999999933061,BACKFILL_AUTO
2026-06-19 06:22:36,1781850156,R_10,4842.379,1,0.14000000000032742,BACKFILL_AUTO
2026-06-19 06:22:38,1781850158,R_10,4842.207,-1,0.17199999999957072,BACKFILL_AUTO
2026-06-19 06:22:40,1781850160,R_10,4842.213,1,0.0059999999994033715,BACKFILL_AUTO
2026-06-19 06:22:42,1781850162,R_10,4842.276,1,0.06300000000010186,BACKFILL_AUTO
2026-06-19 06:22:44,1781850164,R_10,4842.326,1,0.0500000000001819,BACKFILL_AUTO
2026-06-19 06:22:46,1781850166,R_10,4842.208,-1,0.1180000000003929,BACKFILL_AUTO
2026-06-19 06:22:48,1781850168,R_10,4842.261,1,0.05300000000079308,BACKFILL_AUTO
2026-06-19 06:22:50,1781850170,R_10,4842.19,-1,0.07100000000082218,BACKFILL_AUTO
2026-06-19 06:22:52,1781850172,R_10,4841.939,-1,0.25099999999929423,BACKFILL_AUTO
2026-06-19 06:22:54,1781850174,R_10,4841.924,-1,0.015000000000327418,BACKFILL_AUTO
2026-06-19 06:22:56,1781850176,R_10,4841.984,1,0.06000000000040018,BACKFILL_AUTO
2026-06-19 06:22:58,1781850178,R_10,4841.721,-1,0.26300000000082946,BACKFILL_AUTO
2026-06-19 06:23:00,1781850180,R_10,4841.672,-1,0.04899999999997817,BACKFILL_AUTO
2026-06-19 06:23:02,1781850182,R_10,4841.652,-1,0.019999999999527063,BACKFILL_AUTO
2026-06-19 06:23:04,1781850184,R_10,4841.699,1,0.04699999999957072,BACKFILL_AUTO
2026-06-19 06:23:06,1781850186,R_10,4841.892,1,0.193000000000211,BACKFILL_AUTO
2026-06-19 06:23:08,1781850188,R_10,4841.947,1,0.05500000000029104,BACKFILL_AUTO
2026-06-19 06:23:10,1781850190,R_10,4841.907,-1,0.03999999999996362,BACKFILL_AUTO
2026-06-19 06:23:12,1781850192,R_10,4842.0,1,0.0929999999998472,BACKFILL_AUTO
2026-06-19 06:23:14,1781850194,R_10,4842.205,1,0.20499999999992724,BACKFILL_AUTO
2026-06-19 06:23:16,1781850196,R_10,4842.11,-1,0.09500000000025466,BACKFILL_AUTO
2026-06-19 06:23:18,1781850198,R_10,4842.134,1,0.02400000000034197,BACKFILL_AUTO
2026-06-19 06:23:20,1781850200,R_10,4842.008,-1,0.12600000000020373,BACKFILL_AUTO
2026-06-19 06:23:22,1781850202,R_10,4842.059,1,0.051000000000385626,BACKFILL_AUTO
2026-06-19 06:23:24,1781850204,R_10,4842.022,-1,0.037000000000261934,BACKFILL_AUTO
2026-06-19 06:23:26,1781850206,R_10,4842.005,-1,0.016999999999825377,BACKFILL_AUTO
2026-06-19 06:23:28,1781850208,R_10,4842.13,1,0.125,BACKFILL_AUTO
2026-06-19 06:23:30,1781850210,R_10,4842.304,1,0.17399999999997817,BACKFILL_AUTO
2026-06-19 06:23:32,1781850212,R_10,4842.382,1,0.07799999999951979,BACKFILL_AUTO
2026-06-19 06:23:34,1781850214,R_10,4842.752,1,0.37000000000080036,BACKFILL_AUTO
2026-06-19 06:23:36,1781850216,R_10,4842.729,-1,0.023000000000138243,BACKFILL_AUTO
2026-06-19 06:23:38,1781850218,R_10,4842.992,1,0.26299999999991996,BACKFILL_AUTO
2026-06-19 06:23:40,1781850220,R_10,4842.948,-1,0.04399999999986903,BACKFILL_AUTO
2026-06-19 06:23:42,1781850222,R_10,4842.695,-1,0.2530000000006112,BACKFILL_AUTO
2026-06-19 06:23:44,1781850224,R_10,4842.759,1,0.06400000000030559,BACKFILL_AUTO
2026-06-19 06:23:46,1781850226,R_10,4842.611,-1,0.14800000000013824,BACKFILL_AUTO
2026-06-19 06:23:48,1781850228,R_10,4842.516,-1,0.09500000000025466,BACKFILL_AUTO
2026-06-19 06:23:50,1781850230,R_10,4842.489,-1,0.027000000000043656,BACKFILL_AUTO
2026-06-19 06:23:52,1781850232,R_10,4842.822,1,0.3330000000005384,BACKFILL_AUTO
2026-06-19 06:23:54,1781850234,R_10,4842.855,1,0.03299999999944703,BACKFILL_AUTO
2026-06-19 06:23:56,1781850236,R_10,4842.952,1,0.09700000000066211,BACKFILL_AUTO
2026-06-19 06:23:58,1781850238,R_10,4842.86,-1,0.09200000000055297,BACKFILL_AUTO
2026-06-19 06:24:00,1781850240,R_10,4842.869,1,0.009000000000014552,BACKFILL_AUTO
2026-06-19 06:24:02,1781850242,R_10,4842.819,-1,0.049999999999272404,BACKFILL_AUTO
2026-06-19 06:24:04,1781850244,R_10,4842.962,1,0.1430000000000291,BACKFILL_AUTO
2026-06-19 06:24:06,1781850246,R_10,4842.964,1,0.001999999999497959,BACKFILL_AUTO
2026-06-19 06:24:08,1781850248,R_10,4842.911,-1,0.052999999999883585,BACKFILL_AUTO
2026-06-19 06:24:10,1781850250,R_10,4843.014,1,0.10300000000006548,BACKFILL_AUTO
2026-06-19 06:24:12,1781850252,R_10,4842.976,-1,0.03800000000046566,BACKFILL_AUTO
2026-06-19 06:24:14,1781850254,R_10,4843.224,1,0.24800000000050204,BACKFILL_AUTO
2026-06-19 06:24:16,1781850256,R_10,4843.204,-1,0.020000000000436557,BACKFILL_AUTO
2026-06-19 06:24:18,1781850258,R_10,4843.196,-1,0.007999999999810825,BACKFILL_AUTO
2026-06-19 06:24:20,1781850260,R_10,4843.249,1,0.052999999999883585,BACKFILL_AUTO
2026-06-19 06:24:22,1781850262,R_10,4843.05,-1,0.19899999999961437,BACKFILL_AUTO
2026-06-19 06:24:24,1781850264,R_10,4843.045,-1,0.005000000000109139,BACKFILL_AUTO
2026-06-19 06:24:26,1781850266,R_10,4843.014,-1,0.03099999999994907,BACKFILL_AUTO
2026-06-19 06:24:28,1781850268,R_10,4842.912,-1,0.10199999999986176,BACKFILL_AUTO
2026-06-19 06:24:30,1781850270,R_10,4842.908,-1,0.0039999999999054126,BACKFILL_AUTO
2026-06-19 06:24:32,1781850272,R_10,4842.952,1,0.04399999999986903,BACKFILL_AUTO
2026-06-19 06:24:34,1781850274,R_10,4842.778,-1,0.17399999999997817,BACKFILL_AUTO
2026-06-19 06:24:36,1781850276,R_10,4842.774,-1,0.0039999999999054126,BACKFILL_AUTO
2026-06-19 06:24:38,1781850278,R_10,4842.816,1,0.04199999999946158,BACKFILL_AUTO
2026-06-19 06:24:40,1781850280,R_10,4842.78,-1,0.03600000000005821,BACKFILL_AUTO
2026-06-19 06:24:42,1781850282,R_10,4842.71,-1,0.06999999999970896,BACKFILL_AUTO
2026-06-19 06:24:44,1781850284,R_10,4842.587,-1,0.12299999999959255,BACKFILL_AUTO
2026-06-19 06:24:46,1781850286,R_10,4842.596,1,0.008999999999105057,BACKFILL_AUTO
2026-06-19 06:24:48,1781850288,R_10,4842.416,-1,0.17999999999938154,BACKFILL_AUTO
2026-06-19 06:24:50,1781850290,R_10,4842.31,-1,0.10599999999976717,BACKFILL_AUTO
2026-06-19 06:24:52,1781850292,R_10,4842.369,1,0.058999999999286956,BACKFILL_AUTO
2026-06-19 06:24:54,1781850294,R_10,4842.284,-1,0.08500000000003638,BACKFILL_AUTO
2026-06-19 06:24:56,1781850296,R_10,4842.221,-1,0.06300000000010186,BACKFILL_AUTO
2026-06-19 06:24:58,1781850298,R_10,4842.323,1,0.10200000000077125,BACKFILL_AUTO
2026-06-19 06:25:00,1781850300,R_10,4842.34,1,0.016999999999825377,BACKFILL_AUTO
2026-06-19 06:25:02,1781850302,R_10,4842.339,-1,0.0010000000002037268,BACKFILL_AUTO
2026-06-19 06:25:04,1781850304,R_10,4842.159,-1,0.18000000000029104,BACKFILL_AUTO
2026-06-19 06:25:06,1781850306,R_10,4842.227,1,0.068000000000211,BACKFILL_AUTO
2026-06-19 06:25:08,1781850308,R_10,4842.174,-1,0.052999999999883585,BACKFILL_AUTO
2026-06-19 06:25:10,1781850310,R_10,4842.136,-1,0.03799999999955617,BACKFILL_AUTO
2026-06-19 06:25:12,1781850312,R_10,4842.252,1,0.11599999999998545,BACKFILL_AUTO
2026-06-19 06:25:14,1781850314,R_10,4842.153,-1,0.09900000000016007,BACKFILL_AUTO
2026-06-19 06:25:16,1781850316,R_10,4842.275,1,0.12199999999938882,BACKFILL_AUTO
2026-06-19 06:25:18,1781850318,R_10,4842.28,1,0.005000000000109139,BACKFILL_AUTO
2026-06-19 06:25:20,1781850320,R_10,4842.2,-1,0.07999999999992724,BACKFILL_AUTO
2026-06-19 06:25:22,1781850322,R_10,4842.04,-1,0.15999999999985448,BACKFILL_AUTO
2026-06-19 06:25:24,1781850324,R_10,4841.994,-1,0.046000000000276486,BACKFILL_AUTO
2026-06-19 06:25:26,1781850326,R_10,4842.092,1,0.09799999999995634,BACKFILL_AUTO
2026-06-19 06:25:28,1781850328,R_10,4842.111,1,0.01900000000023283,BACKFILL_AUTO
2026-06-19 06:25:30,1781850330,R_10,4841.815,-1,0.2960000000002765,BACKFILL_AUTO
2026-06-19 06:25:32,1781850332,R_10,4841.766,-1,0.04899999999997817,BACKFILL_AUTO
2026-06-19 06:25:34,1781850334,R_10,4841.636,-1,0.12999999999919964,BACKFILL_AUTO
2026-06-19 06:25:36,1781850336,R_10,4841.639,1,0.0029999999997016857,BACKFILL_AUTO
2026-06-19 06:25:38,1781850338,R_10,4841.731,1,0.09199999999964348,BACKFILL_AUTO
2026-06-19 06:25:40,1781850340,R_10,4841.62,-1,0.11099999999987631,BACKFILL_AUTO
2026-06-19 06:25:42,1781850342,R_10,4841.444,-1,0.17599999999947613,BACKFILL_AUTO
2026-06-19 06:25:44,1781850344,R_10,4841.576,1,0.1319999999996071,BACKFILL_AUTO
2026-06-19 06:25:46,1781850346,R_10,4841.592,1,0.01599999999962165,BACKFILL_AUTO
2026-06-19 06:25:48,1781850348,R_10,4841.522,-1,0.06999999999970896,BACKFILL_AUTO
2026-06-19 06:25:50,1781850350,R_10,4841.493,-1,0.028999999999541615,BACKFILL_AUTO
2026-06-19 06:25:52,1781850352,R_10,4841.66,1,0.16699999999946158,BACKFILL_AUTO
2026-06-19 06:25:54,1781850354,R_10,4841.58,-1,0.07999999999992724,BACKFILL_AUTO
2026-06-19 06:25:56,1781850356,R_10,4841.582,1,0.0020000000004074536,BACKFILL_AUTO
2026-06-19 06:25:58,1781850358,R_10,4841.634,1,0.05199999999967986,BACKFILL_AUTO
2026-06-19 06:26:00,1781850360,R_10,4841.517,-1,0.11700000000018917,BACKFILL_AUTO
2026-06-19 06:26:02,1781850362,R_10,4841.448,-1,0.06899999999950523,BACKFILL_AUTO
2026-06-19 06:26:04,1781850364,R_10,4841.337,-1,0.11099999999987631,BACKFILL_AUTO
2026-06-19 06:26:06,1781850366,R_10,4841.253,-1,0.08400000000074215,BACKFILL_AUTO
2026-06-19 06:26:08,1781850368,R_10,4841.428,1,0.1750000000001819,BACKFILL_AUTO
2026-06-19 06:26:10,1781850370,R_10,4841.554,1,0.12600000000020373,BACKFILL_AUTO
2026-06-19 06:26:12,1781850372,R_10,4841.651,1,0.09699999999975262,BACKFILL_AUTO
2026-06-19 06:26:14,1781850374,R_10,4841.786,1,0.13500000000021828,BACKFILL_AUTO
2026-06-19 06:26:16,1781850376,R_10,4841.677,-1,0.10900000000037835,BACKFILL_AUTO
2026-06-19 06:26:18,1781850378,R_10,4841.649,-1,0.027999999999337888,BACKFILL_AUTO
2026-06-19 06:26:20,1781850380,R_10,4841.79,1,0.14099999999962165,BACKFILL_AUTO
2026-06-19 06:26:22,1781850382,R_10,4841.986,1,0.1959999999999127,BACKFILL_AUTO
2026-06-19 06:26:24,1781850384,R_10,4841.891,-1,0.09500000000025466,BACKFILL_AUTO
2026-06-19 06:26:26,1781850386,R_10,4841.902,1,0.011000000000422006,BACKFILL_AUTO
2026-06-19 06:26:28,1781850388,R_10,4841.796,-1,0.10599999999976717,BACKFILL_AUTO
2026-06-19 06:26:30,1781850390,R_10,4841.705,-1,0.09100000000034925,BACKFILL_AUTO
2026-06-19 06:26:32,1781850392,R_10,4841.737,1,0.032000000000152795,BACKFILL_AUTO
2026-06-19 06:26:34,1781850394,R_10,4841.817,1,0.07999999999992724,BACKFILL_AUTO
2026-06-19 06:26:36,1781850396,R_10,4841.874,1,0.056999999999789,BACKFILL_AUTO
2026-06-19 06:26:38,1781850398,R_10,4841.841,-1,0.03299999999944703,BACKFILL_AUTO
2026-06-19 06:26:40,1781850400,R_10,4841.866,1,0.024999999999636202,BACKFILL_AUTO
2026-06-19 06:26:42,1781850402,R_10,4841.658,-1,0.20799999999962893,BACKFILL_AUTO
2026-06-19 06:26:44,1781850404,R_10,4841.507,-1,0.15100000000074942,BACKFILL_AUTO
2026-06-19 06:26:46,1781850406,R_10,4841.338,-1,0.16899999999986903,BACKFILL_AUTO
2026-06-19 06:26:48,1781850408,R_10,4841.469,1,0.13100000000031287,BACKFILL_AUTO
2026-06-19 06:26:50,1781850410,R_10,4841.434,-1,0.03499999999985448,BACKFILL_AUTO
2026-06-19 06:26:52,1781850412,R_10,4841.454,1,0.019999999999527063,BACKFILL_AUTO
2026-06-19 06:26:54,1781850414,R_10,4841.41,-1,0.04399999999986903,BACKFILL_AUTO
2026-06-19 06:26:56,1781850416,R_10,4841.348,-1,0.06199999999989814,BACKFILL_AUTO
2026-06-19 06:26:58,1781850418,R_10,4841.178,-1,0.17000000000007276,BACKFILL_AUTO
2026-06-19 06:27:00,1781850420,R_10,4841.212,1,0.03400000000056025,BACKFILL_AUTO
2026-06-19 06:27:02,1781850422,R_10,4841.16,-1,0.05200000000058935,BACKFILL_AUTO
2026-06-19 06:27:04,1781850424,R_10,4841.215,1,0.05500000000029104,BACKFILL_AUTO
2026-06-19 06:27:06,1781850426,R_10,4841.163,-1,0.05200000000058935,BACKFILL_AUTO
2026-06-19 06:27:08,1781850428,R_10,4841.042,-1,0.12099999999918509,BACKFILL_AUTO
2026-06-19 06:27:10,1781850430,R_10,4841.003,-1,0.03900000000066939,BACKFILL_AUTO
2026-06-19 06:27:12,1781850432,R_10,4841.069,1,0.06600000000071304,BACKFILL_AUTO
2026-06-19 06:27:14,1781850434,R_10,4841.005,-1,0.06400000000030559,BACKFILL_AUTO
2026-06-19 06:27:16,1781850436,R_10,4840.684,-1,0.3209999999999127,BACKFILL_AUTO
2026-06-19 06:27:18,1781850438,R_10,4840.62,-1,0.06400000000030559,BACKFILL_AUTO
2026-06-19 06:27:20,1781850440,R_10,4840.657,1,0.037000000000261934,BACKFILL_AUTO
2026-06-19 06:27:22,1781850442,R_10,4840.718,1,0.06099999999969441,BACKFILL_AUTO
2026-06-19 06:27:24,1781850444,R_10,4840.655,-1,0.06300000000010186,BACKFILL_AUTO
2026-06-19 06:27:26,1781850446,R_10,4840.622,-1,0.03299999999944703,BACKFILL_AUTO
2026-06-19 06:27:28,1781850448,R_10,4840.559,-1,0.06300000000010186,BACKFILL_AUTO
2026-06-19 06:27:30,1781850450,R_10,4840.445,-1,0.11400000000048749,BACKFILL_AUTO
2026-06-19 06:27:32,1781850452,R_10,4840.434,-1,0.01099999999951251,BACKFILL_AUTO
2026-06-19 06:27:34,1781850454,R_10,4840.487,1,0.052999999999883585,BACKFILL_AUTO
2026-06-19 06:27:36,1781850456,R_10,4840.583,1,0.09599999999954889,BACKFILL_AUTO
2026-06-19 06:27:38,1781850458,R_10,4840.437,-1,0.1459999999997308,BACKFILL_AUTO
2026-06-19 06:27:40,1781850460,R_10,4840.475,1,0.03800000000046566,BACKFILL_AUTO
2026-06-19 06:27:42,1781850462,R_10,4840.472,-1,0.0030000000006111804,BACKFILL_AUTO
2026-06-19 06:27:44,1781850464,R_10,4840.292,-1,0.17999999999938154,BACKFILL_AUTO
2026-06-19 06:27:46,1781850466,R_10,4840.276,-1,0.016000000000531145,BACKFILL_AUTO
2026-06-19 06:27:48,1781850468,R_10,4840.32,1,0.04399999999986903,BACKFILL_AUTO
2026-06-19 06:27:50,1781850470,R_10,4840.455,1,0.13500000000021828,BACKFILL_AUTO
2026-06-19 06:27:52,1781850472,R_10,4840.441,-1,0.014000000000123691,BACKFILL_AUTO
2026-06-19 06:27:54,1781850474,R_10,4840.462,1,0.021000000000640284,BACKFILL_AUTO
2026-06-19 06:27:56,1781850476,R_10,4840.545,1,0.08299999999962893,BACKFILL_AUTO
2026-06-19 06:27:58,1781850478,R_10,4840.845,1,0.3000000000001819,BACKFILL_AUTO
2026-06-19 06:28:00,1781850480,R_10,4840.873,1,0.027999999999337888,BACKFILL_AUTO
2026-06-19 06:28:02,1781850482,R_10,4841.081,1,0.20800000000053842,BACKFILL_AUTO
2026-06-19 06:28:04,1781850484,R_10,4841.064,-1,0.016999999999825377,BACKFILL_AUTO
2026-06-19 06:28:06,1781850486,R_10,4841.093,1,0.028999999999541615,BACKFILL_AUTO
2026-06-19 06:28:08,1781850488,R_10,4841.077,-1,0.01599999999962165,BACKFILL_AUTO
2026-06-19 06:28:10,1781850490,R_10,4841.123,1,0.04599999999936699,BACKFILL_AUTO
2026-06-19 06:28:12,1781850492,R_10,4841.235,1,0.11200000000008004,BACKFILL_AUTO
2026-06-19 06:28:14,1781850494,R_10,4841.312,1,0.07700000000022555,BACKFILL_AUTO
2026-06-19 06:28:16,1781850496,R_10,4841.265,-1,0.04699999999957072,BACKFILL_AUTO
2026-06-19 06:28:18,1781850498,R_10,4841.114,-1,0.15100000000074942,BACKFILL_AUTO
2026-06-19 06:28:20,1781850500,R_10,4840.947,-1,0.16699999999946158,BACKFILL_AUTO
2026-06-19 06:28:22,1781850502,R_10,4840.65,-1,0.2970000000004802,BACKFILL_AUTO
2026-06-19 06:28:24,1781850504,R_10,4840.465,-1,0.18499999999949068,BACKFILL_AUTO
2026-06-19 06:28:26,1781850506,R_10,4840.482,1,0.016999999999825377,BACKFILL_AUTO
2026-06-19 06:28:28,1781850508,R_10,4840.466,-1,0.01599999999962165,BACKFILL_AUTO
2026-06-19 06:28:30,1781850510,R_10,4840.423,-1,0.0430000000005748,BACKFILL_AUTO
2026-06-19 06:28:32,1781850512,R_10,4840.422,-1,0.0010000000002037268,BACKFILL_AUTO
2026-06-19 06:28:34,1781850514,R_10,4840.449,1,0.027000000000043656,BACKFILL_AUTO
2026-06-19 06:28:36,1781850516,R_10,4840.343,-1,0.10599999999976717,BACKFILL_AUTO
2026-06-19 06:28:38,1781850518,R_10,4840.339,-1,0.0039999999999054126,BACKFILL_AUTO
2026-06-19 06:28:40,1781850520,R_10,4840.466,1,0.12700000000040745,BACKFILL_AUTO
2026-06-19 06:28:42,1781850522,R_10,4840.2,-1,0.26600000000053114,BACKFILL_AUTO
2026-06-19 06:28:44,1781850524,R_10,4840.269,1,0.06900000000041473,BACKFILL_AUTO
2026-06-19 06:28:46,1781850526,R_10,4840.251,-1,0.018000000000029104,BACKFILL_AUTO
2026-06-19 06:28:48,1781850528,R_10,4840.271,1,0.019999999999527063,BACKFILL_AUTO
2026-06-19 06:28:50,1781850530,R_10,4840.415,1,0.14400000000023283,BACKFILL_AUTO
2026-06-19 06:28:52,1781850532,R_10,4840.395,-1,0.019999999999527063,BACKFILL_AUTO
2026-06-19 06:28:54,1781850534,R_10,4840.557,1,0.16199999999935244,BACKFILL_AUTO
2026-06-19 06:28:56,1781850536,R_10,4840.608,1,0.051000000000385626,BACKFILL_AUTO
2026-06-19 06:28:58,1781850538,R_10,4840.461,-1,0.14699999999993452,BACKFILL_AUTO
2026-06-19 06:29:00,1781850540,R_10,4840.459,-1,0.0020000000004074536,BACKFILL_AUTO
2026-06-19 06:29:02,1781850542,R_10,4840.469,1,0.010000000000218279,BACKFILL_AUTO
2026-06-19 06:29:04,1781850544,R_10,4840.61,1,0.14099999999962165,BACKFILL_AUTO
2026-06-19 06:29:06,1781850546,R_10,4840.695,1,0.08500000000003638,BACKFILL_AUTO
2026-06-19 06:29:08,1781850548,R_10,4840.599,-1,0.09599999999954889,BACKFILL_AUTO
2026-06-19 06:29:10,1781850550,R_10,4840.748,1,0.14899999999943248,BACKFILL_AUTO
2026-06-19 06:29:12,1781850552,R_10,4840.846,1,0.09799999999995634,BACKFILL_AUTO
2026-06-19 06:29:14,1781850554,R_10,4840.865,1,0.01900000000023283,BACKFILL_AUTO
2026-06-19 06:29:16,1781850556,R_10,4841.048,1,0.18299999999999272,BACKFILL_AUTO
2026-06-19 06:29:18,1781850558,R_10,4841.003,-1,0.04500000000007276,BACKFILL_AUTO
2026-06-19 06:29:20,1781850560,R_10,4840.978,-1,0.024999999999636202,BACKFILL_AUTO
2026-06-19 06:29:22,1781850562,R_10,4840.909,-1,0.06900000000041473,BACKFILL_AUTO
2026-06-19 06:29:24,1781850564,R_10,4840.823,-1,0.08599999999933061,BACKFILL_AUTO
2026-06-19 06:29:26,1781850566,R_10,4840.91,1,0.08699999999953434,BACKFILL_AUTO
2026-06-19 06:29:28,1781850568,R_10,4840.619,-1,0.29100000000016735,BACKFILL_AUTO
2026-06-19 06:29:30,1781850570,R_10,4840.609,-1,0.009999999999308784,BACKFILL_AUTO
2026-06-19 06:29:32,1781850572,R_10,4840.586,-1,0.023000000000138243,BACKFILL_AUTO
2026-06-19 06:29:34,1781850574,R_10,4840.767,1,0.18099999999958527,BACKFILL_AUTO
2026-06-19 06:29:36,1781850576,R_10,4840.645,-1,0.12199999999938882,BACKFILL_AUTO
2026-06-19 06:29:38,1781850578,R_10,4840.532,-1,0.11300000000028376,BACKFILL_AUTO
2026-06-19 06:29:40,1781850580,R_10,4840.635,1,0.10300000000006548,BACKFILL_AUTO
2026-06-19 06:29:42,1781850582,R_10,4840.707,1,0.07200000000011642,BACKFILL_AUTO
2026-06-19 06:29:44,1781850584,R_10,4840.621,-1,0.0860000000002401,BACKFILL_AUTO
2026-06-19 06:29:46,1781850586,R_10,4840.758,1,0.13699999999971624,BACKFILL_AUTO
2026-06-19 06:29:48,1781850588,R_10,4840.634,-1,0.12399999999979627,BACKFILL_AUTO
2026-06-19 06:29:50,1781850590,R_10,4840.605,-1,0.02900000000045111,BACKFILL_AUTO
2026-06-19 06:29:52,1781850592,R_10,4840.615,1,0.010000000000218279,BACKFILL_AUTO
2026-06-19 06:29:54,1781850594,R_10,4840.299,-1,0.31599999999980355,BACKFILL_AUTO
2026-06-19 06:29:56,1781850596,R_10,4840.225,-1,0.07399999999961437,BACKFILL_AUTO
2026-06-19 06:29:58,1781850598,R_10,4840.33,1,0.10499999999956344,BACKFILL_AUTO
2026-06-19 06:30:00,1781850600,R_10,4840.184,-1,0.1459999999997308,BACKFILL_AUTO
2026-06-19 06:30:02,1781850602,R_10,4840.313,1,0.1289999999999054,BACKFILL_AUTO
2026-06-19 06:30:04,1781850604,R_10,4840.324,1,0.01099999999951251,BACKFILL_AUTO
2026-06-19 06:30:06,1781850606,R_10,4840.261,-1,0.06299999999919237,BACKFILL_AUTO
2026-06-19 06:30:08,1781850608,R_10,4840.199,-1,0.06200000000080763,BACKFILL_AUTO
2026-06-19 06:30:10,1781850610,R_10,4840.231,1,0.032000000000152795,BACKFILL_AUTO
2026-06-19 06:30:12,1781850612,R_10,4840.101,-1,0.13000000000010914,BACKFILL_AUTO
2026-06-19 06:30:14,1781850614,R_10,4839.945,-1,0.15599999999994907,BACKFILL_AUTO
2026-06-19 06:30:16,1781850616,R_10,4840.13,1,0.18500000000040018,BACKFILL_AUTO
2026-06-19 06:30:18,1781850618,R_10,4840.226,1,0.09599999999954889,BACKFILL_AUTO
2026-06-19 06:30:20,1781850620,R_10,4840.187,-1,0.03899999999975989,BACKFILL_AUTO
2026-06-19 06:30:22,1781850622,R_10,4840.087,-1,0.0999999999994543,BACKFILL_AUTO
2026-06-19 06:30:24,1781850624,R_10,4839.97,-1,0.11700000000018917,BACKFILL_AUTO
2026-06-19 06:30:26,1781850626,R_10,4839.932,-1,0.03800000000046566,BACKFILL_AUTO
2026-06-19 06:30:28,1781850628,R_10,4840.205,1,0.27300000000013824,BACKFILL_AUTO
2026-06-19 06:30:30,1781850630,R_10,4840.196,-1,0.009000000000014552,BACKFILL_AUTO
2026-06-19 06:30:32,1781850632,R_10,4840.44,1,0.24399999999968713,BACKFILL_AUTO
2026-06-19 06:30:34,1781850634,R_10,4840.268,-1,0.17199999999957072,BACKFILL_AUTO
2026-06-19 06:30:36,1781850636,R_10,4840.357,1,0.08899999999994179,BACKFILL_AUTO
2026-06-19 06:30:38,1781850638,R_10,4840.306,-1,0.051000000000385626,BACKFILL_AUTO
2026-06-19 06:30:40,1781850640,R_10,4840.479,1,0.17300000000068394,BACKFILL_AUTO
2026-06-19 06:30:42,1781850642,R_10,4840.52,1,0.04100000000016735,BACKFILL_AUTO
2026-06-19 06:30:44,1781850644,R_10,4840.314,-1,0.20600000000013097,BACKFILL_AUTO
2026-06-19 06:30:46,1781850646,R_10,4840.399,1,0.08500000000003638,BACKFILL_AUTO
2026-06-19 06:30:48,1781850648,R_10,4840.423,1,0.023999999999432475,BACKFILL_AUTO
2026-06-19 06:30:50,1781850650,R_10,4840.569,1,0.14600000000064028,BACKFILL_AUTO
2026-06-19 06:30:52,1781850652,R_10,4840.58,1,0.01099999999951251,BACKFILL_AUTO
2026-06-19 06:30:54,1781850654,R_10,4840.625,1,0.04500000000007276,BACKFILL_AUTO
2026-06-19 06:30:56,1781850656,R_10,4840.566,-1,0.05900000000019645,BACKFILL_AUTO
2026-06-19 06:30:58,1781850658,R_10,4840.617,1,0.051000000000385626,BACKFILL_AUTO
2026-06-19 06:31:00,1781850660,R_10,4840.65,1,0.03299999999944703,BACKFILL_AUTO
2026-06-19 06:31:02,1781850662,R_10,4840.886,1,0.2360000000007858,BACKFILL_AUTO
2026-06-19 06:31:04,1781850664,R_10,4841.021,1,0.13499999999930878,BACKFILL_AUTO
2026-06-19 06:31:06,1781850666,R_10,4841.052,1,0.03099999999994907,BACKFILL_AUTO
2026-06-19 06:31:08,1781850668,R_10,4841.115,1,0.06300000000010186,BACKFILL_AUTO
2026-06-19 06:31:10,1781850670,R_10,4841.225,1,0.11000000000058208,BACKFILL_AUTO
2026-06-19 06:31:12,1781850672,R_10,4841.144,-1,0.08100000000013097,BACKFILL_AUTO
2026-06-19 06:31:14,1781850674,R_10,4841.31,1,0.16600000000016735,BACKFILL_AUTO
2026-06-19 06:31:16,1781850676,R_10,4841.385,1,0.0749999999998181,BACKFILL_AUTO
2026-06-19 06:31:18,1781850678,R_10,4841.392,1,0.006999999999607098,BACKFILL_AUTO
2026-06-19 06:31:20,1781850680,R_10,4841.352,-1,0.03999999999996362,BACKFILL_AUTO
2026-06-19 06:31:22,1781850682,R_10,4841.476,1,0.12399999999979627,BACKFILL_AUTO
2026-06-19 06:31:24,1781850684,R_10,4841.447,-1,0.028999999999541615,BACKFILL_AUTO
2026-06-19 06:31:26,1781850686,R_10,4841.563,1,0.11599999999998545,BACKFILL_AUTO
2026-06-19 06:31:28,1781850688,R_10,4841.536,-1,0.027000000000043656,BACKFILL_AUTO
2026-06-19 06:31:30,1781850690,R_10,4841.735,1,0.19899999999961437,BACKFILL_AUTO
2026-06-19 06:31:32,1781850692,R_10,4841.583,-1,0.15200000000004366,BACKFILL_AUTO
2026-06-19 06:31:34,1781850694,R_10,4841.606,1,0.023000000000138243,BACKFILL_AUTO
2026-06-19 06:31:36,1781850696,R_10,4841.508,-1,0.09799999999995634,BACKFILL_AUTO
2026-06-19 06:31:38,1781850698,R_10,4841.414,-1,0.09400000000005093,BACKFILL_AUTO
2026-06-19 06:31:40,1781850700,R_10,4841.564,1,0.1500000000005457,BACKFILL_AUTO
2026-06-19 06:31:42,1781850702,R_10,4841.593,1,0.028999999999541615,BACKFILL_AUTO
2026-06-19 06:31:44,1781850704,R_10,4841.571,-1,0.021999999999934516,BACKFILL_AUTO
2026-06-19 06:31:46,1781850706,R_10,4841.443,-1,0.12799999999970169,BACKFILL_AUTO
2026-06-19 06:31:48,1781850708,R_10,4841.459,1,0.01599999999962165,BACKFILL_AUTO
2026-06-19 06:31:50,1781850710,R_10,4841.57,1,0.11099999999987631,BACKFILL_AUTO
2026-06-19 06:31:52,1781850712,R_10,4841.425,-1,0.14499999999952706,BACKFILL_AUTO
2026-06-19 06:31:54,1781850714,R_10,4841.31,-1,0.11499999999978172,BACKFILL_AUTO
2026-06-19 06:31:56,1781850716,R_10,4841.286,-1,0.02400000000034197,BACKFILL_AUTO
2026-06-19 06:31:58,1781850718,R_10,4841.319,1,0.03300000000035652,BACKFILL_AUTO
2026-06-19 06:32:00,1781850720,R_10,4841.205,-1,0.11400000000048749,BACKFILL_AUTO
2026-06-19 06:32:02,1781850722,R_10,4841.139,-1,0.06599999999980355,BACKFILL_AUTO
2026-06-19 06:32:04,1781850724,R_10,4841.29,1,0.15099999999983993,BACKFILL_AUTO
2026-06-19 06:32:06,1781850726,R_10,4841.413,1,0.12299999999959255,BACKFILL_AUTO
2026-06-19 06:32:08,1781850728,R_10,4841.592,1,0.1790000000000873,BACKFILL_AUTO
2026-06-19 06:32:10,1781850730,R_10,4841.58,-1,0.011999999999716238,BACKFILL_AUTO
2026-06-19 06:32:12,1781850732,R_10,4841.476,-1,0.10400000000026921,BACKFILL_AUTO
2026-06-19 06:32:14,1781850734,R_10,4841.407,-1,0.06899999999950523,BACKFILL_AUTO
2026-06-19 06:32:16,1781850736,R_10,4841.466,1,0.05900000000019645,BACKFILL_AUTO
2026-06-19 06:32:18,1781850738,R_10,4841.405,-1,0.061000000000603904,BACKFILL_AUTO
2026-06-19 06:32:20,1781850740,R_10,4841.19,-1,0.21500000000014552,BACKFILL_AUTO
2026-06-19 06:32:22,1781850742,R_10,4840.946,-1,0.24399999999968713,BACKFILL_AUTO
2026-06-19 06:32:24,1781850744,R_10,4840.964,1,0.018000000000029104,BACKFILL_AUTO
2026-06-19 06:32:26,1781850746,R_10,4841.05,1,0.0860000000002401,BACKFILL_AUTO
2026-06-19 06:32:28,1781850748,R_10,4841.139,1,0.08899999999994179,BACKFILL_AUTO
2026-06-19 06:32:30,1781850750,R_10,4840.975,-1,0.1639999999997599,BACKFILL_AUTO
2026-06-19 06:32:32,1781850752,R_10,4841.127,1,0.15200000000004366,BACKFILL_AUTO
2026-06-19 06:32:34,1781850754,R_10,4841.028,-1,0.09900000000016007,BACKFILL_AUTO
2026-06-19 06:32:36,1781850756,R_10,4840.94,-1,0.08800000000064756,BACKFILL_AUTO
2026-06-19 06:32:38,1781850758,R_10,4840.95,1,0.010000000000218279,BACKFILL_AUTO
2026-06-19 06:32:40,1781850760,R_10,4840.851,-1,0.09900000000016007,BACKFILL_AUTO
2026-06-19 06:32:42,1781850762,R_10,4840.87,1,0.01900000000023283,BACKFILL_AUTO
2026-06-19 06:32:44,1781850764,R_10,4840.668,-1,0.20200000000022555,BACKFILL_AUTO
2026-06-19 06:32:46,1781850766,R_10,4840.678,1,0.010000000000218279,BACKFILL_AUTO
2026-06-19 06:32:48,1781850768,R_10,4840.45,-1,0.22800000000006548,BACKFILL_AUTO
2026-06-19 06:32:50,1781850770,R_10,4840.572,1,0.12200000000029831,BACKFILL_AUTO
2026-06-19 06:32:52,1781850772,R_10,4840.593,1,0.02099999999973079,BACKFILL_AUTO
2026-06-19 06:32:54,1781850774,R_10,4840.686,1,0.0929999999998472,BACKFILL_AUTO
2026-06-19 06:32:56,1781850776,R_10,4840.575,-1,0.11099999999987631,BACKFILL_AUTO
2026-06-19 06:32:58,1781850778,R_10,4840.588,1,0.012999999999919964,BACKFILL_AUTO
2026-06-19 06:33:00,1781850780,R_10,4840.497,-1,0.09099999999943975,BACKFILL_AUTO
2026-06-19 06:33:02,1781850782,R_10,4840.311,-1,0.1860000000006039,BACKFILL_AUTO
2026-06-19 06:33:04,1781850784,R_10,4840.405,1,0.09400000000005093,BACKFILL_AUTO
2026-06-19 06:33:06,1781850786,R_10,4840.546,1,0.14100000000053114,BACKFILL_AUTO
2026-06-19 06:33:08,1781850788,R_10,4840.519,-1,0.027000000000043656,BACKFILL_AUTO
2026-06-19 06:33:10,1781850790,R_10,4840.465,-1,0.05400000000008731,BACKFILL_AUTO
2026-06-19 06:33:12,1781850792,R_10,4840.397,-1,0.068000000000211,BACKFILL_AUTO
2026-06-19 06:33:14,1781850794,R_10,4840.339,-1,0.057999999999992724,BACKFILL_AUTO
2026-06-19 06:33:16,1781850796,R_10,4840.141,-1,0.19800000000032014,BACKFILL_AUTO
2026-06-19 06:33:18,1781850798,R_10,4840.126,-1,0.014999999999417923,BACKFILL_AUTO
2026-06-19 06:33:20,1781850800,R_10,4839.991,-1,0.13500000000021828,BACKFILL_AUTO
2026-06-19 06:33:22,1781850802,R_10,4840.053,1,0.06199999999989814,BACKFILL_AUTO
2026-06-19 06:33:24,1781850804,R_10,4840.086,1,0.03300000000035652,BACKFILL_AUTO
2026-06-19 06:33:26,1781850806,R_10,4840.145,1,0.05900000000019645,BACKFILL_AUTO
2026-06-19 06:33:28,1781850808,R_10,4840.005,-1,0.14000000000032742,BACKFILL_AUTO
2026-06-19 06:33:30,1781850810,R_10,4839.893,-1,0.11200000000008004,BACKFILL_AUTO
2026-06-19 06:33:32,1781850812,R_10,4839.975,1,0.0820000000003347,BACKFILL_AUTO
2026-06-19 06:33:34,1781850814,R_10,4840.075,1,0.0999999999994543,BACKFILL_AUTO
2026-06-19 06:33:36,1781850816,R_10,4840.056,-1,0.01900000000023283,BACKFILL_AUTO
2026-06-19 06:33:38,1781850818,R_10,4840.165,1,0.10900000000037835,BACKFILL_AUTO
2026-06-19 06:33:40,1781850820,R_10,4840.279,1,0.11400000000048749,BACKFILL_AUTO
2026-06-19 06:33:42,1781850822,R_10,4840.405,1,0.12599999999929423,BACKFILL_AUTO
2026-06-19 06:33:44,1781850824,R_10,4840.272,-1,0.13299999999981083,BACKFILL_AUTO
2026-06-19 06:33:46,1781850826,R_10,4840.19,-1,0.0820000000003347,BACKFILL_AUTO
2026-06-19 06:33:48,1781850828,R_10,4840.404,1,0.2140000000008513,BACKFILL_AUTO
2026-06-19 06:33:50,1781850830,R_10,4840.349,-1,0.05500000000029104,BACKFILL_AUTO
2026-06-19 06:33:52,1781850832,R_10,4840.119,-1,0.23000000000047294,BACKFILL_AUTO
2026-06-19 06:33:54,1781850834,R_10,4839.904,-1,0.21499999999923602,BACKFILL_AUTO
2026-06-19 06:33:56,1781850836,R_10,4839.806,-1,0.09800000000086584,BACKFILL_AUTO
2026-06-19 06:33:58,1781850838,R_10,4839.703,-1,0.10299999999915599,BACKFILL_AUTO
2026-06-19 06:34:00,1781850840,R_10,4839.476,-1,0.22700000000077125,BACKFILL_AUTO
2026-06-19 06:34:02,1781850842,R_10,4839.3,-1,0.17599999999947613,BACKFILL_AUTO
2026-06-19 06:34:04,1781850844,R_10,4839.214,-1,0.0860000000002401,BACKFILL_AUTO
2026-06-19 06:34:06,1781850846,R_10,4839.097,-1,0.11700000000018917,BACKFILL_AUTO
2026-06-19 06:34:08,1781850848,R_10,4839.117,1,0.020000000000436557,BACKFILL_AUTO
2026-06-19 06:34:10,1781850850,R_10,4839.154,1,0.037000000000261934,BACKFILL_AUTO
2026-06-19 06:34:12,1781850852,R_10,4839.088,-1,0.06600000000071304,BACKFILL_AUTO
2026-06-19 06:34:14,1781850854,R_10,4839.132,1,0.04399999999986903,BACKFILL_AUTO
2026-06-19 06:34:16,1781850856,R_10,4839.017,-1,0.11499999999978172,BACKFILL_AUTO
2026-06-19 06:34:18,1781850858,R_10,4839.14,1,0.12300000000050204,BACKFILL_AUTO
2026-06-19 06:34:20,1781850860,R_10,4839.279,1,0.1390000000001237,BACKFILL_AUTO
2026-06-19 06:34:22,1781850862,R_10,4839.26,-1,0.01900000000023283,BACKFILL_AUTO
2026-06-19 06:34:24,1781850864,R_10,4839.206,-1,0.05400000000008731,BACKFILL_AUTO
2026-06-19 06:34:26,1781850866,R_10,4839.206,0,0.0,BACKFILL_AUTO
2026-06-19 06:34:28,1781850868,R_10,4839.213,1,0.006999999999607098,BACKFILL_AUTO
2026-06-19 06:34:30,1781850870,R_10,4839.163,-1,0.0500000000001819,BACKFILL_AUTO
2026-06-19 06:34:32,1781850872,R_10,4839.248,1,0.08500000000003638,BACKFILL_AUTO
2026-06-19 06:34:34,1781850874,R_10,4839.275,1,0.027000000000043656,BACKFILL_AUTO
2026-06-19 06:34:36,1781850876,R_10,4839.047,-1,0.22800000000006548,BACKFILL_AUTO
2026-06-19 06:34:38,1781850878,R_10,4838.901,-1,0.1459999999997308,BACKFILL_AUTO
2026-06-19 06:34:40,1781850880,R_10,4838.593,-1,0.3079999999999927,BACKFILL_AUTO
2026-06-19 06:34:42,1781850882,R_10,4838.611,1,0.018000000000029104,BACKFILL_AUTO
2026-06-19 06:34:44,1781850884,R_10,4838.707,1,0.09600000000045839,BACKFILL_AUTO
2026-06-19 06:34:46,1781850886,R_10,4838.597,-1,0.11000000000058208,BACKFILL_AUTO
2026-06-19 06:34:48,1781850888,R_10,4838.473,-1,0.12399999999979627,BACKFILL_AUTO
2026-06-19 06:34:50,1781850890,R_10,4838.466,-1,0.006999999999607098,BACKFILL_AUTO
2026-06-19 06:34:52,1781850892,R_10,4838.463,-1,0.0030000000006111804,BACKFILL_AUTO
2026-06-19 06:34:54,1781850894,R_10,4838.69,1,0.22699999999986176,BACKFILL_AUTO
2026-06-19 06:34:56,1781850896,R_10,4838.593,-1,0.09699999999975262,BACKFILL_AUTO
2026-06-19 06:34:58,1781850898,R_10,4838.65,1,0.056999999999789,BACKFILL_AUTO
2026-06-19 06:35:00,1781850900,R_10,4838.579,-1,0.07099999999991269,BACKFILL_AUTO
2026-06-19 06:35:02,1781850902,R_10,4838.52,-1,0.058999999999286956,BACKFILL_AUTO
2026-06-19 06:35:04,1781850904,R_10,4838.41,-1,0.11000000000058208,BACKFILL_AUTO
2026-06-19 06:35:06,1781850906,R_10,4838.274,-1,0.1359999999995125,BACKFILL_AUTO
2026-06-19 06:35:08,1781850908,R_10,4838.135,-1,0.1390000000001237,BACKFILL_AUTO
2026-06-19 06:35:10,1781850910,R_10,4838.029,-1,0.10599999999976717,BACKFILL_AUTO
2026-06-19 06:35:12,1781850912,R_10,4837.962,-1,0.06700000000000728,BACKFILL_AUTO
2026-06-19 06:35:14,1781850914,R_10,4837.881,-1,0.08100000000013097,BACKFILL_AUTO
2026-06-19 06:35:16,1781850916,R_10,4837.862,-1,0.01900000000023283,BACKFILL_AUTO
2026-06-19 06:35:18,1781850918,R_10,4837.98,1,0.11799999999948341,BACKFILL_AUTO
2026-06-19 06:35:20,1781850920,R_10,4837.768,-1,0.21199999999953434,BACKFILL_AUTO
2026-06-19 06:35:22,1781850922,R_10,4837.788,1,0.019999999999527063,BACKFILL_AUTO
2026-06-19 06:35:24,1781850924,R_10,4837.546,-1,0.24199999999927968,BACKFILL_AUTO
2026-06-19 06:35:26,1781850926,R_10,4837.587,1,0.04100000000016735,BACKFILL_AUTO
2026-06-19 06:35:28,1781850928,R_10,4837.713,1,0.12599999999929423,BACKFILL_AUTO
2026-06-19 06:35:30,1781850930,R_10,4837.685,-1,0.027999999999337888,BACKFILL_AUTO
2026-06-19 06:35:32,1781850932,R_10,4837.638,-1,0.04700000000048021,BACKFILL_AUTO
2026-06-19 06:35:34,1781850934,R_10,4837.826,1,0.18800000000010186,BACKFILL_AUTO
2026-06-19 06:35:36,1781850936,R_10,4837.799,-1,0.027000000000043656,BACKFILL_AUTO
2026-06-19 06:35:38,1781850938,R_10,4837.763,-1,0.03600000000005821,BACKFILL_AUTO
2026-06-19 06:35:40,1781850940,R_10,4837.864,1,0.10099999999965803,BACKFILL_AUTO
2026-06-19 06:35:42,1781850942,R_10,4837.801,-1,0.06299999999919237,BACKFILL_AUTO
2026-06-19 06:35:44,1781850944,R_10,4837.733,-1,0.068000000000211,BACKFILL_AUTO
2026-06-19 06:35:46,1781850946,R_10,4837.779,1,0.046000000000276486,BACKFILL_AUTO
2026-06-19 06:35:48,1781850948,R_10,4837.85,1,0.07099999999991269,BACKFILL_AUTO
2026-06-19 06:35:50,1781850950,R_10,4837.734,-1,0.11599999999998545,BACKFILL_AUTO
2026-06-19 06:35:52,1781850952,R_10,4837.553,-1,0.18100000000049477,BACKFILL_AUTO
2026-06-19 06:35:54,1781850954,R_10,4837.648,1,0.09500000000025466,BACKFILL_AUTO
2026-06-19 06:35:56,1781850956,R_10,4837.662,1,0.014000000000123691,BACKFILL_AUTO
2026-06-19 06:35:58,1781850958,R_10,4837.661,-1,0.0010000000002037268,BACKFILL_AUTO
2026-06-19 06:36:00,1781850960,R_10,4837.666,1,0.005000000000109139,BACKFILL_AUTO
2026-06-19 06:36:02,1781850962,R_10,4837.666,0,0.0,BACKFILL_AUTO
2026-06-19 06:36:04,1781850964,R_10,4837.835,1,0.16899999999986903,BACKFILL_AUTO
2026-06-19 06:36:06,1781850966,R_10,4837.984,1,0.14900000000034197,BACKFILL_AUTO
2026-06-19 06:36:08,1781850968,R_10,4838.043,1,0.058999999999286956,BACKFILL_AUTO
2026-06-19 06:36:10,1781850970,R_10,4837.987,-1,0.05599999999958527,BACKFILL_AUTO
2026-06-19 06:36:12,1781850972,R_10,4838.022,1,0.03499999999985448,BACKFILL_AUTO
2026-06-19 06:36:14,1781850974,R_10,4838.137,1,0.11499999999978172,BACKFILL_AUTO
2026-06-19 06:36:16,1781850976,R_10,4837.96,-1,0.17699999999967986,BACKFILL_AUTO
2026-06-19 06:36:18,1781850978,R_10,4837.953,-1,0.006999999999607098,BACKFILL_AUTO
2026-06-19 06:36:20,1781850980,R_10,4837.863,-1,0.09000000000014552,BACKFILL_AUTO
2026-06-19 06:36:22,1781850982,R_10,4837.874,1,0.01099999999951251,BACKFILL_AUTO
2026-06-19 06:36:24,1781850984,R_10,4838.03,1,0.15599999999994907,BACKFILL_AUTO
2026-06-19 06:36:26,1781850986,R_10,4837.885,-1,0.14499999999952706,BACKFILL_AUTO
2026-06-19 06:36:28,1781850988,R_10,4837.935,1,0.0500000000001819,BACKFILL_AUTO
2026-06-19 06:36:30,1781850990,R_10,4837.762,-1,0.17300000000068394,BACKFILL_AUTO
2026-06-19 06:36:32,1781850992,R_10,4837.544,-1,0.2179999999998472,BACKFILL_AUTO
2026-06-19 06:36:34,1781850994,R_10,4837.551,1,0.007000000000516593,BACKFILL_AUTO
2026-06-19 06:36:36,1781850996,R_10,4837.645,1,0.09400000000005093,BACKFILL_AUTO
2026-06-19 06:36:38,1781850998,R_10,4837.589,-1,0.056000000000494765,BACKFILL_AUTO
2026-06-19 06:36:40,1781851000,R_10,4837.645,1,0.056000000000494765,BACKFILL_AUTO
2026-06-19 06:36:42,1781851002,R_10,4837.421,-1,0.22400000000016007,BACKFILL_AUTO
2026-06-19 06:36:44,1781851004,R_10,4837.615,1,0.19399999999950523,BACKFILL_AUTO
2026-06-19 06:36:46,1781851006,R_10,4837.604,-1,0.01099999999951251,BACKFILL_AUTO
2026-06-19 06:36:48,1781851008,R_10,4837.735,1,0.13099999999940337,BACKFILL_AUTO
2026-06-19 06:36:50,1781851010,R_10,4837.763,1,0.028000000000247383,BACKFILL_AUTO
2026-06-19 06:36:52,1781851012,R_10,4837.822,1,0.05900000000019645,BACKFILL_AUTO
2026-06-19 06:36:54,1781851014,R_10,4837.673,-1,0.14900000000034197,BACKFILL_AUTO
2026-06-19 06:36:56,1781851016,R_10,4837.57,-1,0.10300000000006548,BACKFILL_AUTO
2026-06-19 06:36:58,1781851018,R_10,4837.466,-1,0.10399999999935972,BACKFILL_AUTO
2026-06-19 06:37:00,1781851020,R_10,4837.452,-1,0.014000000000123691,BACKFILL_AUTO
2026-06-19 06:37:02,1781851022,R_10,4837.641,1,0.1889999999993961,BACKFILL_AUTO
2026-06-19 06:37:04,1781851024,R_10,4837.392,-1,0.24899999999979627,BACKFILL_AUTO
2026-06-19 06:37:06,1781851026,R_10,4837.252,-1,0.13999999999941792,BACKFILL_AUTO
2026-06-19 06:37:08,1781851028,R_10,4837.055,-1,0.19700000000011642,BACKFILL_AUTO
2026-06-19 06:37:10,1781851030,R_10,4837.132,1,0.07699999999931606,BACKFILL_AUTO
2026-06-19 06:37:12,1781851032,R_10,4837.148,1,0.016000000000531145,BACKFILL_AUTO
2026-06-19 06:37:14,1781851034,R_10,4837.2,1,0.05199999999967986,BACKFILL_AUTO
2026-06-19 06:37:16,1781851036,R_10,4837.269,1,0.06900000000041473,BACKFILL_AUTO
2026-06-19 06:37:18,1781851038,R_10,4837.108,-1,0.1610000000000582,BACKFILL_AUTO
2026-06-19 06:37:20,1781851040,R_10,4837.068,-1,0.03999999999996362,BACKFILL_AUTO
2026-06-19 06:37:22,1781851042,R_10,4836.887,-1,0.18100000000049477,BACKFILL_AUTO
2026-06-19 06:37:24,1781851044,R_10,4836.538,-1,0.34900000000016007,BACKFILL_AUTO
2026-06-19 06:37:26,1781851046,R_10,4836.644,1,0.10600000000067666,BACKFILL_AUTO
2026-06-19 06:37:28,1781851048,R_10,4836.539,-1,0.10500000000047294,BACKFILL_AUTO
2026-06-19 06:37:30,1781851050,R_10,4836.677,1,0.13799999999991996,BACKFILL_AUTO
2026-06-19 06:37:32,1781851052,R_10,4836.769,1,0.09200000000055297,BACKFILL_AUTO
2026-06-19 06:37:34,1781851054,R_10,4836.96,1,0.19099999999980355,BACKFILL_AUTO
2026-06-19 06:37:36,1781851056,R_10,4836.949,-1,0.011000000000422006,BACKFILL_AUTO
2026-06-19 06:37:38,1781851058,R_10,4837.008,1,0.05900000000019645,BACKFILL_AUTO
2026-06-19 06:37:40,1781851060,R_10,4837.21,1,0.20200000000022555,BACKFILL_AUTO
2026-06-19 06:37:42,1781851062,R_10,4837.186,-1,0.02400000000034197,BACKFILL_AUTO
2026-06-19 06:37:44,1781851064,R_10,4837.308,1,0.12200000000029831,BACKFILL_AUTO
2026-06-19 06:37:46,1781851066,R_10,4837.546,1,0.23800000000028376,BACKFILL_AUTO
2026-06-19 06:37:48,1781851068,R_10,4837.472,-1,0.07400000000052387,BACKFILL_AUTO
2026-06-19 06:37:50,1781851070,R_10,4837.369,-1,0.10300000000006548,BACKFILL_AUTO
2026-06-19 06:37:52,1781851072,R_10,4837.266,-1,0.10300000000006548,BACKFILL_AUTO
2026-06-19 06:37:54,1781851074,R_10,4837.389,1,0.12300000000050204,BACKFILL_AUTO
2026-06-19 06:37:56,1781851076,R_10,4837.297,-1,0.09200000000055297,BACKFILL_AUTO
2026-06-19 06:37:58,1781851078,R_10,4837.299,1,0.0020000000004074536,BACKFILL_AUTO
2026-06-19 06:38:00,1781851080,R_10,4837.343,1,0.04399999999986903,BACKFILL_AUTO
2026-06-19 06:38:02,1781851082,R_10,4837.271,-1,0.07200000000011642,BACKFILL_AUTO
2026-06-19 06:38:04,1781851084,R_10,4837.237,-1,0.033999999999650754,BACKFILL_AUTO
2026-06-19 06:38:06,1781851086,R_10,4837.41,1,0.17299999999977445,BACKFILL_AUTO
2026-06-19 06:38:08,1781851088,R_10,4837.234,-1,0.17599999999947613,BACKFILL_AUTO
2026-06-19 06:38:10,1781851090,R_10,4837.198,-1,0.03600000000005821,BACKFILL_AUTO
2026-06-19 06:38:12,1781851092,R_10,4837.271,1,0.07299999999941065,BACKFILL_AUTO
2026-06-19 06:38:14,1781851094,R_10,4837.354,1,0.08300000000053842,BACKFILL_AUTO
2026-06-19 06:38:16,1781851096,R_10,4837.344,-1,0.010000000000218279,BACKFILL_AUTO
2026-06-19 06:38:18,1781851098,R_10,4837.224,-1,0.11999999999989086,BACKFILL_AUTO
2026-06-19 06:38:20,1781851100,R_10,4837.455,1,0.23099999999976717,BACKFILL_AUTO
2026-06-19 06:38:22,1781851102,R_10,4837.436,-1,0.01900000000023283,BACKFILL_AUTO
2026-06-19 06:38:24,1781851104,R_10,4837.499,1,0.06300000000010186,BACKFILL_AUTO
2026-06-19 06:38:26,1781851106,R_10,4837.585,1,0.0860000000002401,BACKFILL_AUTO
2026-06-19 06:38:28,1781851108,R_10,4837.695,1,0.10999999999967258,BACKFILL_AUTO
2026-06-19 06:38:30,1781851110,R_10,4837.868,1,0.17300000000068394,BACKFILL_AUTO
2026-06-19 06:38:32,1781851112,R_10,4838.123,1,0.25499999999919964,BACKFILL_AUTO
2026-06-19 06:38:34,1781851114,R_10,4837.972,-1,0.15099999999983993,BACKFILL_AUTO
2026-06-19 06:38:36,1781851116,R_10,4838.144,1,0.1720000000004802,BACKFILL_AUTO
2026-06-19 06:38:38,1781851118,R_10,4837.956,-1,0.18800000000010186,BACKFILL_AUTO
2026-06-19 06:38:40,1781851120,R_10,4837.839,-1,0.11700000000018917,BACKFILL_AUTO
2026-06-19 06:38:42,1781851122,R_10,4837.928,1,0.08899999999994179,BACKFILL_AUTO
2026-06-19 06:38:44,1781851124,R_10,4838.031,1,0.10300000000006548,BACKFILL_AUTO
2026-06-19 06:38:46,1781851126,R_10,4838.049,1,0.018000000000029104,BACKFILL_AUTO
2026-06-19 06:38:48,1781851128,R_10,4838.151,1,0.10199999999986176,BACKFILL_AUTO
2026-06-19 06:38:50,1781851130,R_10,4838.109,-1,0.04199999999946158,BACKFILL_AUTO
2026-06-19 06:38:52,1781851132,R_10,4838.128,1,0.018999999999323336,BACKFILL_AUTO
2026-06-19 06:38:54,1781851134,R_10,4838.208,1,0.07999999999992724,BACKFILL_AUTO
2026-06-19 06:38:56,1781851136,R_10,4838.09,-1,0.11799999999948341,BACKFILL_AUTO
2026-06-19 06:38:58,1781851138,R_10,4837.977,-1,0.11300000000028376,BACKFILL_AUTO
2026-06-19 06:39:00,1781851140,R_10,4837.961,-1,0.01599999999962165,BACKFILL_AUTO
2026-06-19 06:39:02,1781851142,R_10,4838.103,1,0.14199999999982538,BACKFILL_AUTO
2026-06-19 06:39:04,1781851144,R_10,4838.021,-1,0.0820000000003347,BACKFILL_AUTO
2026-06-19 06:39:06,1781851146,R_10,4837.974,-1,0.04699999999957072,BACKFILL_AUTO
2026-06-19 06:39:08,1781851148,R_10,4837.946,-1,0.028000000000247383,BACKFILL_AUTO
2026-06-19 06:39:10,1781851150,R_10,4838.013,1,0.06700000000000728,BACKFILL_AUTO
2026-06-19 06:39:12,1781851152,R_10,4838.144,1,0.13100000000031287,BACKFILL_AUTO
2026-06-19 06:39:14,1781851154,R_10,4838.378,1,0.23399999999946886,BACKFILL_AUTO
2026-06-19 06:39:16,1781851156,R_10,4838.428,1,0.0500000000001819,BACKFILL_AUTO
2026-06-19 06:39:18,1781851158,R_10,4838.509,1,0.08100000000013097,BACKFILL_AUTO
2026-06-19 06:39:20,1781851160,R_10,4838.546,1,0.037000000000261934,BACKFILL_AUTO
2026-06-19 06:39:22,1781851162,R_10,4838.301,-1,0.24499999999989086,BACKFILL_AUTO
2026-06-19 06:39:24,1781851164,R_10,4838.222,-1,0.07900000000063301,BACKFILL_AUTO
2026-06-19 06:39:26,1781851166,R_10,4838.165,-1,0.056999999999789,BACKFILL_AUTO
2026-06-19 06:39:28,1781851168,R_10,4838.024,-1,0.14099999999962165,BACKFILL_AUTO
2026-06-19 06:39:30,1781851170,R_10,4838.209,1,0.18499999999949068,BACKFILL_AUTO
2026-06-19 06:39:32,1781851172,R_10,4838.173,-1,0.03600000000005821,BACKFILL_AUTO
2026-06-19 06:39:34,1781851174,R_10,4838.34,1,0.16700000000037107,BACKFILL_AUTO
2026-06-19 06:39:36,1781851176,R_10,4838.482,1,0.14199999999982538,BACKFILL_AUTO
2026-06-19 06:39:38,1781851178,R_10,4838.37,-1,0.11200000000008004,BACKFILL_AUTO
2026-06-19 06:39:40,1781851180,R_10,4838.53,1,0.15999999999985448,BACKFILL_AUTO
2026-06-19 06:39:42,1781851182,R_10,4838.362,-1,0.1679999999996653,BACKFILL_AUTO
2026-06-19 06:39:44,1781851184,R_10,4838.604,1,0.24200000000018917,BACKFILL_AUTO
2026-06-19 06:39:46,1781851186,R_10,4838.606,1,0.001999999999497959,BACKFILL_AUTO
2026-06-19 06:39:48,1781851188,R_10,4838.667,1,0.061000000000603904,BACKFILL_AUTO
2026-06-19 06:39:50,1781851190,R_10,4838.591,-1,0.07600000000002183,BACKFILL_AUTO
2026-06-19 06:39:52,1781851192,R_10,4838.706,1,0.11499999999978172,BACKFILL_AUTO
2026-06-19 06:39:54,1781851194,R_10,4838.613,-1,0.0929999999998472,BACKFILL_AUTO
2026-06-19 06:39:56,1781851196,R_10,4838.613,0,0.0,BACKFILL_AUTO
2026-06-19 06:39:58,1781851198,R_10,4838.678,1,0.06499999999959982,BACKFILL_AUTO
2026-06-19 06:40:00,1781851200,R_10,4838.655,-1,0.023000000000138243,BACKFILL_AUTO
2026-06-19 06:40:02,1781851202,R_10,4838.599,-1,0.05599999999958527,BACKFILL_AUTO
2026-06-19 06:40:04,1781851204,R_10,4838.696,1,0.09699999999975262,BACKFILL_AUTO
2026-06-19 06:40:06,1781851206,R_10,4838.679,-1,0.016999999999825377,BACKFILL_AUTO
2026-06-19 06:40:08,1781851208,R_10,4838.448,-1,0.23099999999976717,BACKFILL_AUTO
2026-06-19 06:40:10,1781851210,R_10,4838.538,1,0.08999999999923602,BACKFILL_AUTO
2026-06-19 06:40:12,1781851212,R_10,4838.547,1,0.009000000000014552,BACKFILL_AUTO
2026-06-19 06:40:14,1781851214,R_10,4838.691,1,0.14400000000023283,BACKFILL_AUTO
2026-06-19 06:40:16,1781851216,R_10,4838.598,-1,0.0929999999998472,BACKFILL_AUTO
2026-06-19 06:40:18,1781851218,R_10,4838.603,1,0.005000000000109139,BACKFILL_AUTO
2026-06-19 06:40:20,1781851220,R_10,4838.6,-1,0.0029999999997016857,BACKFILL_AUTO
2026-06-19 06:40:22,1781851222,R_10,4838.565,-1,0.035000000000763976,BACKFILL_AUTO
2026-06-19 06:40:24,1781851224,R_10,4838.497,-1,0.06799999999930151,BACKFILL_AUTO
2026-06-19 06:40:26,1781851226,R_10,4838.592,1,0.09499999999934516,BACKFILL_AUTO
2026-06-19 06:40:28,1781851228,R_10,4838.658,1,0.06600000000071304,BACKFILL_AUTO
2026-06-19 06:40:30,1781851230,R_10,4838.512,-1,0.14600000000064028,BACKFILL_AUTO
2026-06-19 06:40:32,1781851232,R_10,4838.639,1,0.12700000000040745,BACKFILL_AUTO
2026-06-19 06:40:34,1781851234,R_10,4838.859,1,0.22000000000025466,BACKFILL_AUTO
2026-06-19 06:40:36,1781851236,R_10,4838.753,-1,0.10600000000067666,BACKFILL_AUTO
2026-06-19 06:40:38,1781851238,R_10,4838.666,-1,0.08699999999953434,BACKFILL_AUTO
2026-06-19 06:40:40,1781851240,R_10,4838.651,-1,0.015000000000327418,BACKFILL_AUTO
2026-06-19 06:40:42,1781851242,R_10,4838.722,1,0.07099999999991269,BACKFILL_AUTO
2026-06-19 06:40:44,1781851244,R_10,4838.546,-1,0.17599999999947613,BACKFILL_AUTO
2026-06-19 06:40:46,1781851246,R_10,4838.627,1,0.08100000000013097,BACKFILL_AUTO
2026-06-19 06:40:48,1781851248,R_10,4838.561,-1,0.06600000000071304,BACKFILL_AUTO
2026-06-19 06:40:50,1781851250,R_10,4838.652,1,0.09100000000034925,BACKFILL_AUTO
2026-06-19 06:40:52,1781851252,R_10,4838.683,1,0.03099999999994907,BACKFILL_AUTO
2026-06-19 06:40:54,1781851254,R_10,4838.737,1,0.05400000000008731,BACKFILL_AUTO
2026-06-19 06:40:56,1781851256,R_10,4838.597,-1,0.14000000000032742,BACKFILL_AUTO
2026-06-19 06:40:58,1781851258,R_10,4838.43,-1,0.16699999999946158,BACKFILL_AUTO
2026-06-19 06:41:00,1781851260,R_10,4838.245,-1,0.18500000000040018,BACKFILL_AUTO
2026-06-19 06:41:02,1781851262,R_10,4838.328,1,0.08300000000053842,BACKFILL_AUTO
2026-06-19 06:41:04,1781851264,R_10,4838.389,1,0.06099999999969441,BACKFILL_AUTO
2026-06-19 06:41:06,1781851266,R_10,4838.475,1,0.0860000000002401,BACKFILL_AUTO
2026-06-19 06:41:08,1781851268,R_10,4838.566,1,0.09099999999943975,BACKFILL_AUTO
2026-06-19 06:41:10,1781851270,R_10,4838.526,-1,0.03999999999996362,BACKFILL_AUTO
2026-06-19 06:41:12,1781851272,R_10,4838.465,-1,0.06099999999969441,BACKFILL_AUTO
2026-06-19 06:41:14,1781851274,R_10,4838.426,-1,0.03899999999975989,BACKFILL_AUTO
2026-06-19 06:41:16,1781851276,R_10,4838.146,-1,0.28000000000065484,BACKFILL_AUTO
2026-06-19 06:41:18,1781851278,R_10,4838.291,1,0.14500000000043656,BACKFILL_AUTO
2026-06-19 06:41:20,1781851280,R_10,4838.189,-1,0.10199999999986176,BACKFILL_AUTO
2026-06-19 06:41:22,1781851282,R_10,4838.127,-1,0.06199999999989814,BACKFILL_AUTO
2026-06-19 06:41:24,1781851284,R_10,4838.225,1,0.09799999999995634,BACKFILL_AUTO
2026-06-19 06:41:26,1781851286,R_10,4838.179,-1,0.046000000000276486,BACKFILL_AUTO
2026-06-19 06:41:28,1781851288,R_10,4838.45,1,0.2709999999997308,BACKFILL_AUTO
2026-06-19 06:41:30,1781851290,R_10,4838.344,-1,0.10599999999976717,BACKFILL_AUTO
2026-06-19 06:41:32,1781851292,R_10,4838.44,1,0.09599999999954889,BACKFILL_AUTO
2026-06-19 06:41:34,1781851294,R_10,4838.399,-1,0.04099999999925785,BACKFILL_AUTO
2026-06-19 06:41:36,1781851296,R_10,4838.28,-1,0.11900000000059663,BACKFILL_AUTO
2026-06-19 06:41:38,1781851298,R_10,4838.199,-1,0.08100000000013097,BACKFILL_AUTO
2026-06-19 06:41:40,1781851300,R_10,4838.234,1,0.035000000000763976,BACKFILL_AUTO
2026-06-19 06:41:42,1781851302,R_10,4838.417,1,0.18299999999999272,BACKFILL_AUTO
2026-06-19 06:41:44,1781851304,R_10,4838.261,-1,0.15599999999994907,BACKFILL_AUTO
2026-06-19 06:41:46,1781851306,R_10,4838.418,1,0.1569999999992433,BACKFILL_AUTO
2026-06-19 06:41:48,1781851308,R_10,4838.393,-1,0.024999999999636202,BACKFILL_AUTO
2026-06-19 06:41:50,1781851310,R_10,4838.447,1,0.05400000000008731,BACKFILL_AUTO
2026-06-19 06:41:52,1781851312,R_10,4838.644,1,0.19700000000011642,BACKFILL_AUTO
2026-06-19 06:41:54,1781851314,R_10,4838.526,-1,0.1180000000003929,BACKFILL_AUTO
2026-06-19 06:41:56,1781851316,R_10,4838.443,-1,0.08299999999962893,BACKFILL_AUTO
2026-06-19 06:41:58,1781851318,R_10,4838.565,1,0.12199999999938882,BACKFILL_AUTO
2026-06-19 06:42:00,1781851320,R_10,4838.332,-1,0.23299999999926513,BACKFILL_AUTO
2026-06-19 06:42:02,1781851322,R_10,4838.207,-1,0.125,BACKFILL_AUTO
2026-06-19 06:42:04,1781851324,R_10,4838.39,1,0.18299999999999272,BACKFILL_AUTO
2026-06-19 06:42:06,1781851326,R_10,4838.364,-1,0.026000000000749424,BACKFILL_AUTO
2026-06-19 06:42:08,1781851328,R_10,4838.245,-1,0.11899999999968713,BACKFILL_AUTO
2026-06-19 06:42:10,1781851330,R_10,4838.259,1,0.014000000000123691,BACKFILL_AUTO
2026-06-19 06:42:12,1781851332,R_10,4838.371,1,0.11200000000008004,BACKFILL_AUTO
2026-06-19 06:42:14,1781851334,R_10,4838.384,1,0.012999999999919964,BACKFILL_AUTO
2026-06-19 06:42:16,1781851336,R_10,4838.43,1,0.046000000000276486,BACKFILL_AUTO
2026-06-19 06:42:18,1781851338,R_10,4838.463,1,0.03299999999944703,BACKFILL_AUTO
2026-06-19 06:42:20,1781851340,R_10,4838.528,1,0.06500000000050932,BACKFILL_AUTO
2026-06-19 06:42:22,1781851342,R_10,4838.512,-1,0.016000000000531145,BACKFILL_AUTO
2026-06-19 06:42:24,1781851344,R_10,4838.655,1,0.1430000000000291,BACKFILL_AUTO
2026-06-19 06:42:26,1781851346,R_10,4838.725,1,0.07000000000061846,BACKFILL_AUTO
2026-06-19 06:42:28,1781851348,R_10,4838.816,1,0.09099999999943975,BACKFILL_AUTO
2026-06-19 06:42:30,1781851350,R_10,4838.96,1,0.14400000000023283,BACKFILL_AUTO
2026-06-19 06:42:32,1781851352,R_10,4838.923,-1,0.037000000000261934,BACKFILL_AUTO
2026-06-19 06:42:34,1781851354,R_10,4838.995,1,0.07200000000011642,BACKFILL_AUTO
2026-06-19 06:42:36,1781851356,R_10,4838.88,-1,0.11499999999978172,BACKFILL_AUTO
2026-06-19 06:42:38,1781851358,R_10,4838.876,-1,0.0039999999999054126,BACKFILL_AUTO
2026-06-19 06:42:40,1781851360,R_10,4838.866,-1,0.010000000000218279,BACKFILL_AUTO
2026-06-19 06:42:42,1781851362,R_10,4838.901,1,0.03499999999985448,BACKFILL_AUTO
2026-06-19 06:42:44,1781851364,R_10,4839.158,1,0.2570000000005166,BACKFILL_AUTO
2026-06-19 06:42:46,1781851366,R_10,4839.304,1,0.1459999999997308,BACKFILL_AUTO
2026-06-19 06:42:48,1781851368,R_10,4839.26,-1,0.04399999999986903,BACKFILL_AUTO
2026-06-19 06:42:50,1781851370,R_10,4839.53,1,0.26999999999952706,BACKFILL_AUTO
2026-06-19 06:42:52,1781851372,R_10,4839.402,-1,0.12799999999970169,BACKFILL_AUTO
2026-06-19 06:42:54,1781851374,R_10,4839.312,-1,0.09000000000014552,BACKFILL_AUTO
2026-06-19 06:42:56,1781851376,R_10,4839.461,1,0.14900000000034197,BACKFILL_AUTO
2026-06-19 06:42:58,1781851378,R_10,4839.412,-1,0.04899999999997817,BACKFILL_AUTO
2026-06-19 06:43:00,1781851380,R_10,4839.365,-1,0.04700000000048021,BACKFILL_AUTO
2026-06-19 06:43:02,1781851382,R_10,4839.397,1,0.032000000000152795,BACKFILL_AUTO
2026-06-19 06:43:04,1781851384,R_10,4839.287,-1,0.10999999999967258,BACKFILL_AUTO
2026-06-19 06:43:06,1781851386,R_10,4839.378,1,0.09099999999943975,BACKFILL_AUTO
2026-06-19 06:43:08,1781851388,R_10,4839.405,1,0.027000000000043656,BACKFILL_AUTO
2026-06-19 06:43:10,1781851390,R_10,4839.143,-1,0.26199999999971624,BACKFILL_AUTO
2026-06-19 06:43:12,1781851392,R_10,4839.425,1,0.2820000000001528,BACKFILL_AUTO
2026-06-19 06:43:14,1781851394,R_10,4839.545,1,0.11999999999989086,BACKFILL_AUTO
2026-06-19 06:43:16,1781851396,R_10,4839.695,1,0.1499999999996362,BACKFILL_AUTO
2026-06-19 06:43:18,1781851398,R_10,4839.672,-1,0.023000000000138243,BACKFILL_AUTO
2026-06-19 06:43:20,1781851400,R_10,4839.694,1,0.02200000000084401,BACKFILL_AUTO
2026-06-19 06:43:22,1781851402,R_10,4839.648,-1,0.046000000000276486,BACKFILL_AUTO
2026-06-19 06:43:24,1781851404,R_10,4839.71,1,0.06199999999989814,BACKFILL_AUTO
2026-06-19 06:43:26,1781851406,R_10,4839.557,-1,0.15300000000024738,BACKFILL_AUTO
2026-06-19 06:43:28,1781851408,R_10,4839.56,1,0.0030000000006111804,BACKFILL_AUTO
2026-06-19 06:43:30,1781851410,R_10,4839.433,-1,0.12700000000040745,BACKFILL_AUTO
2026-06-19 06:43:32,1781851412,R_10,4839.375,-1,0.057999999999992724,BACKFILL_AUTO
2026-06-19 06:43:34,1781851414,R_10,4839.496,1,0.12100000000009459,BACKFILL_AUTO
2026-06-19 06:43:36,1781851416,R_10,4839.259,-1,0.23700000000008004,BACKFILL_AUTO
2026-06-19 06:43:38,1781851418,R_10,4839.199,-1,0.06000000000040018,BACKFILL_AUTO
2026-06-19 06:43:40,1781851420,R_10,4839.114,-1,0.08500000000003638,BACKFILL_AUTO
2026-06-19 06:43:42,1781851422,R_10,4839.007,-1,0.1069999999999709,BACKFILL_AUTO
2026-06-19 06:43:44,1781851424,R_10,4839.051,1,0.04400000000077853,BACKFILL_AUTO
2026-06-19 06:43:46,1781851426,R_10,4838.973,-1,0.07800000000042928,BACKFILL_AUTO
2026-06-19 06:43:48,1781851428,R_10,4839.083,1,0.10999999999967258,BACKFILL_AUTO
2026-06-19 06:43:50,1781851430,R_10,4839.098,1,0.015000000000327418,BACKFILL_AUTO
2026-06-19 06:43:52,1781851432,R_10,4839.056,-1,0.042000000000371074,BACKFILL_AUTO
2026-06-19 06:43:54,1781851434,R_10,4839.273,1,0.21700000000055297,BACKFILL_AUTO
2026-06-19 06:43:56,1781851436,R_10,4839.366,1,0.0929999999998472,BACKFILL_AUTO
2026-06-19 06:43:58,1781851438,R_10,4839.555,1,0.1890000000003056,BACKFILL_AUTO
2026-06-19 06:44:00,1781851440,R_10,4839.429,-1,0.12600000000020373,BACKFILL_AUTO
2026-06-19 06:44:02,1781851442,R_10,4839.493,1,0.06400000000030559,BACKFILL_AUTO
2026-06-19 06:44:04,1781851444,R_10,4839.364,-1,0.1290000000008149,BACKFILL_AUTO
2026-06-19 06:44:06,1781851446,R_10,4839.265,-1,0.09899999999925058,BACKFILL_AUTO
2026-06-19 06:44:08,1781851448,R_10,4839.2,-1,0.06500000000050932,BACKFILL_AUTO
2026-06-19 06:44:10,1781851450,R_10,4839.129,-1,0.07099999999991269,BACKFILL_AUTO
2026-06-19 06:44:12,1781851452,R_10,4839.009,-1,0.11999999999989086,BACKFILL_AUTO
2026-06-19 06:44:14,1781851454,R_10,4838.928,-1,0.08100000000013097,BACKFILL_AUTO
2026-06-19 06:44:16,1781851456,R_10,4838.946,1,0.018000000000029104,BACKFILL_AUTO
2026-06-19 06:44:18,1781851458,R_10,4838.783,-1,0.16299999999955617,BACKFILL_AUTO
2026-06-19 06:44:20,1781851460,R_10,4838.769,-1,0.014000000000123691,BACKFILL_AUTO
2026-06-19 06:44:22,1781851462,R_10,4838.621,-1,0.14800000000013824,BACKFILL_AUTO
2026-06-19 06:44:24,1781851464,R_10,4838.629,1,0.007999999999810825,BACKFILL_AUTO
2026-06-19 06:44:26,1781851466,R_10,4838.538,-1,0.09100000000034925,BACKFILL_AUTO
2026-06-19 06:44:28,1781851468,R_10,4838.539,1,0.0010000000002037268,BACKFILL_AUTO
2026-06-19 06:44:30,1781851470,R_10,4838.318,-1,0.2209999999995489,BACKFILL_AUTO
2026-06-19 06:44:32,1781851472,R_10,4838.341,1,0.023000000000138243,BACKFILL_AUTO
2026-06-19 06:44:34,1781851474,R_10,4838.173,-1,0.1680000000005748,BACKFILL_AUTO
2026-06-19 06:44:36,1781851476,R_10,4838.183,1,0.010000000000218279,BACKFILL_AUTO
2026-06-19 06:44:38,1781851478,R_10,4838.083,-1,0.1000000000003638,BACKFILL_AUTO
2026-06-19 06:44:40,1781851480,R_10,4837.968,-1,0.11499999999978172,BACKFILL_AUTO
2026-06-19 06:44:42,1781851482,R_10,4837.933,-1,0.03499999999985448,BACKFILL_AUTO
2026-06-19 06:44:44,1781851484,R_10,4837.969,1,0.03600000000005821,BACKFILL_AUTO
2026-06-19 06:44:46,1781851486,R_10,4838.065,1,0.09599999999954889,BACKFILL_AUTO
2026-06-19 06:44:48,1781851488,R_10,4837.924,-1,0.14099999999962165,BACKFILL_AUTO
2026-06-19 06:44:50,1781851490,R_10,4837.941,1,0.016999999999825377,BACKFILL_AUTO
2026-06-19 06:44:52,1781851492,R_10,4837.914,-1,0.027000000000043656,BACKFILL_AUTO
2026-06-19 06:44:54,1781851494,R_10,4837.822,-1,0.09199999999964348,BACKFILL_AUTO
2026-06-19 06:44:56,1781851496,R_10,4838.053,1,0.23099999999976717,BACKFILL_AUTO
2026-06-19 06:44:58,1781851498,R_10,4837.98,-1,0.07300000000032014,BACKFILL_AUTO
2026-06-19 06:45:00,1781851500,R_10,4838.021,1,0.04100000000016735,BACKFILL_AUTO
2026-06-19 06:45:02,1781851502,R_10,4838.035,1,0.014000000000123691,BACKFILL_AUTO
2026-06-19 06:45:04,1781851504,R_10,4838.137,1,0.10199999999986176,BACKFILL_AUTO
2026-06-19 06:45:06,1781851506,R_10,4838.173,1,0.03600000000005821,BACKFILL_AUTO
2026-06-19 06:45:08,1781851508,R_10,4838.021,-1,0.15200000000004366,BACKFILL_AUTO
2026-06-19 06:45:10,1781851510,R_10,4838.207,1,0.1860000000006039,BACKFILL_AUTO
2026-06-19 06:45:12,1781851512,R_10,4838.329,1,0.12199999999938882,BACKFILL_AUTO
2026-06-19 06:45:14,1781851514,R_10,4838.295,-1,0.033999999999650754,BACKFILL_AUTO
2026-06-19 06:45:16,1781851516,R_10,4838.07,-1,0.2250000000003638,BACKFILL_AUTO
2026-06-19 06:45:18,1781851518,R_10,4838.061,-1,0.009000000000014552,BACKFILL_AUTO
2026-06-19 06:45:20,1781851520,R_10,4838.087,1,0.026000000000749424,BACKFILL_AUTO
2026-06-19 06:45:22,1781851522,R_10,4837.927,-1,0.16000000000076398,BACKFILL_AUTO
2026-06-19 06:45:24,1781851524,R_10,4837.954,1,0.027000000000043656,BACKFILL_AUTO
2026-06-19 06:45:26,1781851526,R_10,4837.807,-1,0.14699999999993452,BACKFILL_AUTO
2026-06-19 06:45:28,1781851528,R_10,4837.805,-1,0.001999999999497959,BACKFILL_AUTO
2026-06-19 06:45:30,1781851530,R_10,4837.67,-1,0.13500000000021828,BACKFILL_AUTO
2026-06-19 06:45:32,1781851532,R_10,4837.562,-1,0.10800000000017462,BACKFILL_AUTO
2026-06-19 06:45:34,1781851534,R_10,4837.516,-1,0.046000000000276486,BACKFILL_AUTO
2026-06-19 06:45:36,1781851536,R_10,4837.549,1,0.03300000000035652,BACKFILL_AUTO
2026-06-19 06:45:38,1781851538,R_10,4837.555,1,0.006000000000312866,BACKFILL_AUTO
2026-06-19 06:45:40,1781851540,R_10,4837.511,-1,0.04399999999986903,BACKFILL_AUTO
2026-06-19 06:45:42,1781851542,R_10,4837.416,-1,0.09500000000025466,BACKFILL_AUTO
2026-06-19 06:45:44,1781851544,R_10,4837.394,-1,0.021999999999934516,BACKFILL_AUTO
2026-06-19 06:45:46,1781851546,R_10,4837.372,-1,0.021999999999934516,BACKFILL_AUTO
2026-06-19 06:45:48,1781851548,R_10,4837.367,-1,0.005000000000109139,BACKFILL_AUTO
2026-06-19 06:45:50,1781851550,R_10,4837.282,-1,0.08500000000003638,BACKFILL_AUTO
2026-06-19 06:45:52,1781851552,R_10,4837.401,1,0.11899999999968713,BACKFILL_AUTO
2026-06-19 06:45:54,1781851554,R_10,4837.529,1,0.12800000000061118,BACKFILL_AUTO
2026-06-19 06:45:56,1781851556,R_10,4837.575,1,0.04599999999936699,BACKFILL_AUTO
2026-06-19 06:45:58,1781851558,R_10,4837.551,-1,0.023999999999432475,BACKFILL_AUTO
2026-06-19 06:46:00,1781851560,R_10,4837.809,1,0.2579999999998108,BACKFILL_AUTO
2026-06-19 06:46:02,1781851562,R_10,4837.978,1,0.16899999999986903,BACKFILL_AUTO
2026-06-19 06:46:04,1781851564,R_10,4837.806,-1,0.1720000000004802,BACKFILL_AUTO
2026-06-19 06:46:06,1781851566,R_10,4837.772,-1,0.033999999999650754,BACKFILL_AUTO
2026-06-19 06:46:08,1781851568,R_10,4837.663,-1,0.10900000000037835,BACKFILL_AUTO
2026-06-19 06:46:10,1781851570,R_10,4837.669,1,0.006000000000312866,BACKFILL_AUTO
2026-06-19 06:46:12,1781851572,R_10,4837.662,-1,0.006999999999607098,BACKFILL_AUTO
2026-06-19 06:46:14,1781851574,R_10,4837.852,1,0.18999999999959982,BACKFILL_AUTO
2026-06-19 06:46:16,1781851576,R_10,4838.137,1,0.2849999999998545,BACKFILL_AUTO
2026-06-19 06:46:18,1781851578,R_10,4838.268,1,0.13100000000031287,BACKFILL_AUTO
2026-06-19 06:46:20,1781851580,R_10,4838.104,-1,0.1639999999997599,BACKFILL_AUTO
2026-06-19 06:46:22,1781851582,R_10,4837.956,-1,0.14800000000013824,BACKFILL_AUTO
2026-06-19 06:46:24,1781851584,R_10,4837.902,-1,0.05400000000008731,BACKFILL_AUTO
2026-06-19 06:46:26,1781851586,R_10,4837.532,-1,0.36999999999989086,BACKFILL_AUTO
2026-06-19 06:46:28,1781851588,R_10,4837.642,1,0.10999999999967258,BACKFILL_AUTO
2026-06-19 06:46:30,1781851590,R_10,4837.537,-1,0.10499999999956344,BACKFILL_AUTO
2026-06-19 06:46:32,1781851592,R_10,4837.731,1,0.19399999999950523,BACKFILL_AUTO
2026-06-19 06:46:34,1781851594,R_10,4837.823,1,0.09200000000055297,BACKFILL_AUTO
2026-06-19 06:46:36,1781851596,R_10,4837.89,1,0.06700000000000728,BACKFILL_AUTO
2026-06-19 06:46:38,1781851598,R_10,4837.832,-1,0.057999999999992724,BACKFILL_AUTO
2026-06-19 06:46:40,1781851600,R_10,4837.858,1,0.02599999999983993,BACKFILL_AUTO
2026-06-19 06:46:42,1781851602,R_10,4837.665,-1,0.193000000000211,BACKFILL_AUTO
2026-06-19 06:46:44,1781851604,R_10,4837.677,1,0.011999999999716238,BACKFILL_AUTO
2026-06-19 06:46:46,1781851606,R_10,4837.61,-1,0.06700000000000728,BACKFILL_AUTO
2026-06-19 06:46:48,1781851608,R_10,4837.541,-1,0.06899999999950523,BACKFILL_AUTO
2026-06-19 06:46:50,1781851610,R_10,4837.411,-1,0.13000000000010914,BACKFILL_AUTO
2026-06-19 06:46:52,1781851612,R_10,4837.445,1,0.033999999999650754,BACKFILL_AUTO
2026-06-19 06:46:54,1781851614,R_10,4837.273,-1,0.17199999999957072,BACKFILL_AUTO
2026-06-19 06:46:56,1781851616,R_10,4837.289,1,0.01599999999962165,BACKFILL_AUTO
2026-06-19 06:46:58,1781851618,R_10,4837.297,1,0.007999999999810825,BACKFILL_AUTO
2026-06-19 06:47:00,1781851620,R_10,4837.513,1,0.21600000000034925,BACKFILL_AUTO
2026-06-19 06:47:02,1781851622,R_10,4837.658,1,0.14500000000043656,BACKFILL_AUTO
2026-06-19 06:47:04,1781851624,R_10,4837.683,1,0.024999999999636202,BACKFILL_AUTO
2026-06-19 06:47:06,1781851626,R_10,4837.634,-1,0.04899999999997817,BACKFILL_AUTO
2026-06-19 06:47:08,1781851628,R_10,4837.487,-1,0.14699999999993452,BACKFILL_AUTO
2026-06-19 06:47:10,1781851630,R_10,4837.68,1,0.193000000000211,BACKFILL_AUTO
2026-06-19 06:47:12,1781851632,R_10,4837.703,1,0.023000000000138243,BACKFILL_AUTO
2026-06-19 06:47:14,1781851634,R_10,4837.796,1,0.0929999999998472,BACKFILL_AUTO
2026-06-19 06:47:16,1781851636,R_10,4837.874,1,0.07799999999951979,BACKFILL_AUTO
2026-06-19 06:47:18,1781851638,R_10,4838.001,1,0.12700000000040745,BACKFILL_AUTO
2026-06-19 06:47:20,1781851640,R_10,4838.029,1,0.028000000000247383,BACKFILL_AUTO
2026-06-19 06:47:22,1781851642,R_10,4838.094,1,0.06499999999959982,BACKFILL_AUTO
2026-06-19 06:47:24,1781851644,R_10,4838.109,1,0.015000000000327418,BACKFILL_AUTO
2026-06-19 06:47:26,1781851646,R_10,4838.127,1,0.018000000000029104,BACKFILL_AUTO
2026-06-19 06:47:28,1781851648,R_10,4837.978,-1,0.14900000000034197,BACKFILL_AUTO
2026-06-19 06:47:30,1781851650,R_10,4837.742,-1,0.2359999999998763,BACKFILL_AUTO
2026-06-19 06:47:32,1781851652,R_10,4837.61,-1,0.1320000000005166,BACKFILL_AUTO
2026-06-19 06:47:34,1781851654,R_10,4837.538,-1,0.07200000000011642,BACKFILL_AUTO
2026-06-19 06:47:36,1781851656,R_10,4837.687,1,0.14900000000034197,BACKFILL_AUTO
2026-06-19 06:47:38,1781851658,R_10,4837.558,-1,0.1289999999999054,BACKFILL_AUTO
2026-06-19 06:47:40,1781851660,R_10,4837.464,-1,0.09400000000005093,BACKFILL_AUTO
2026-06-19 06:47:42,1781851662,R_10,4837.517,1,0.052999999999883585,BACKFILL_AUTO
2026-06-19 06:47:44,1781851664,R_10,4837.546,1,0.02900000000045111,BACKFILL_AUTO
2026-06-19 06:47:46,1781851666,R_10,4837.571,1,0.024999999999636202,BACKFILL_AUTO
2026-06-19 06:47:48,1781851668,R_10,4837.777,1,0.20600000000013097,BACKFILL_AUTO
2026-06-19 06:47:50,1781851670,R_10,4837.805,1,0.028000000000247383,BACKFILL_AUTO
2026-06-19 06:47:52,1781851672,R_10,4837.761,-1,0.04399999999986903,BACKFILL_AUTO
2026-06-19 06:47:54,1781851674,R_10,4837.79,1,0.028999999999541615,BACKFILL_AUTO
2026-06-19 06:47:56,1781851676,R_10,4837.727,-1,0.06300000000010186,BACKFILL_AUTO
2026-06-19 06:47:58,1781851678,R_10,4837.558,-1,0.16899999999986903,BACKFILL_AUTO
2026-06-19 06:48:00,1781851680,R_10,4837.602,1,0.04399999999986903,BACKFILL_AUTO
2026-06-19 06:48:02,1781851682,R_10,4837.535,-1,0.06700000000000728,BACKFILL_AUTO
2026-06-19 06:48:04,1781851684,R_10,4837.455,-1,0.07999999999992724,BACKFILL_AUTO
2026-06-19 06:48:06,1781851686,R_10,4837.205,-1,0.25,BACKFILL_AUTO
2026-06-19 06:48:08,1781851688,R_10,4837.321,1,0.11599999999998545,BACKFILL_AUTO
2026-06-19 06:48:10,1781851690,R_10,4837.232,-1,0.08899999999994179,BACKFILL_AUTO
2026-06-19 06:48:12,1781851692,R_10,4837.451,1,0.21900000000005093,BACKFILL_AUTO
2026-06-19 06:48:14,1781851694,R_10,4837.477,1,0.02599999999983993,BACKFILL_AUTO
2026-06-19 06:48:16,1781851696,R_10,4837.229,-1,0.24799999999959255,BACKFILL_AUTO
2026-06-19 06:48:18,1781851698,R_10,4837.485,1,0.25599999999940337,BACKFILL_AUTO
2026-06-19 06:48:20,1781851700,R_10,4837.472,-1,0.012999999999919964,BACKFILL_AUTO
2026-06-19 06:48:22,1781851702,R_10,4837.496,1,0.02400000000034197,BACKFILL_AUTO
2026-06-19 06:48:24,1781851704,R_10,4837.219,-1,0.27700000000004366,BACKFILL_AUTO
2026-06-19 06:48:26,1781851706,R_10,4837.41,1,0.19099999999980355,BACKFILL_AUTO
2026-06-19 06:48:28,1781851708,R_10,4837.571,1,0.1610000000000582,BACKFILL_AUTO
2026-06-19 06:48:30,1781851710,R_10,4837.638,1,0.06700000000000728,BACKFILL_AUTO
2026-06-19 06:48:32,1781851712,R_10,4837.861,1,0.22299999999995634,BACKFILL_AUTO
2026-06-19 06:48:34,1781851714,R_10,4837.75,-1,0.11099999999987631,BACKFILL_AUTO
2026-06-19 06:48:36,1781851716,R_10,4837.702,-1,0.047999999999774445,BACKFILL_AUTO
2026-06-19 06:48:38,1781851718,R_10,4837.676,-1,0.02599999999983993,BACKFILL_AUTO
2026-06-19 06:48:40,1781851720,R_10,4837.513,-1,0.16300000000046566,BACKFILL_AUTO
2026-06-19 06:48:42,1781851722,R_10,4837.391,-1,0.12200000000029831,BACKFILL_AUTO
2026-06-19 06:48:44,1781851724,R_10,4837.255,-1,0.1359999999995125,BACKFILL_AUTO
2026-06-19 06:48:46,1781851726,R_10,4837.445,1,0.18999999999959982,BACKFILL_AUTO
2026-06-19 06:48:48,1781851728,R_10,4837.764,1,0.31900000000041473,BACKFILL_AUTO
2026-06-19 06:48:50,1781851730,R_10,4837.704,-1,0.06000000000040018,BACKFILL_AUTO
2026-06-19 06:48:52,1781851732,R_10,4837.845,1,0.14100000000053114,BACKFILL_AUTO
2026-06-19 06:48:54,1781851734,R_10,4837.989,1,0.14399999999932334,BACKFILL_AUTO
2026-06-19 06:48:56,1781851736,R_10,4837.962,-1,0.02699999999913416,BACKFILL_AUTO
2026-06-19 06:48:58,1781851738,R_10,4838.072,1,0.10999999999967258,BACKFILL_AUTO
2026-06-19 06:49:00,1781851740,R_10,4838.149,1,0.07700000000022555,BACKFILL_AUTO
2026-06-19 06:49:02,1781851742,R_10,4838.208,1,0.058999999999286956,BACKFILL_AUTO
2026-06-19 06:49:04,1781851744,R_10,4838.194,-1,0.013999999999214197,BACKFILL_AUTO
2026-06-19 06:49:06,1781851746,R_10,4837.997,-1,0.19700000000011642,BACKFILL_AUTO
2026-06-19 06:49:08,1781851748,R_10,4838.012,1,0.014999999999417923,BACKFILL_AUTO
2026-06-19 06:49:10,1781851750,R_10,4837.942,-1,0.06999999999970896,BACKFILL_AUTO
2026-06-19 06:49:12,1781851752,R_10,4838.048,1,0.10599999999976717,BACKFILL_AUTO
2026-06-19 06:49:14,1781851754,R_10,4838.362,1,0.3140000000003056,BACKFILL_AUTO
2026-06-19 06:49:16,1781851756,R_10,4838.215,-1,0.14699999999993452,BACKFILL_AUTO
2026-06-19 06:49:18,1781851758,R_10,4838.317,1,0.10199999999986176,BACKFILL_AUTO
2026-06-19 06:49:20,1781851760,R_10,4838.243,-1,0.07399999999961437,BACKFILL_AUTO
2026-06-19 06:49:22,1781851762,R_10,4838.208,-1,0.035000000000763976,BACKFILL_AUTO
2026-06-19 06:49:24,1781851764,R_10,4838.134,-1,0.07399999999961437,BACKFILL_AUTO
2026-06-19 06:49:26,1781851766,R_10,4838.201,1,0.06700000000000728,BACKFILL_AUTO
2026-06-19 06:49:28,1781851768,R_10,4838.221,1,0.019999999999527063,BACKFILL_AUTO
2026-06-19 06:49:30,1781851770,R_10,4838.161,-1,0.05999999999949068,BACKFILL_AUTO
2026-06-19 06:49:32,1781851772,R_10,4838.077,-1,0.08399999999983265,BACKFILL_AUTO
2026-06-19 06:49:34,1781851774,R_10,4838.073,-1,0.0039999999999054126,BACKFILL_AUTO
2026-06-19 06:49:36,1781851776,R_10,4837.939,-1,0.13400000000001455,BACKFILL_AUTO
2026-06-19 06:49:38,1781851778,R_10,4837.936,-1,0.0030000000006111804,BACKFILL_AUTO
2026-06-19 06:49:40,1781851780,R_10,4838.091,1,0.15500000000065484,BACKFILL_AUTO
2026-06-19 06:49:42,1781851782,R_10,4838.297,1,0.20599999999922147,BACKFILL_AUTO
2026-06-19 06:49:44,1781851784,R_10,4838.374,1,0.07700000000022555,BACKFILL_AUTO
2026-06-19 06:49:46,1781851786,R_10,4838.359,-1,0.014999999999417923,BACKFILL_AUTO
2026-06-19 06:49:48,1781851788,R_10,4838.186,-1,0.17300000000068394,BACKFILL_AUTO
2026-06-19 06:49:50,1781851790,R_10,4838.383,1,0.19700000000011642,BACKFILL_AUTO
2026-06-19 06:49:52,1781851792,R_10,4838.654,1,0.2710000000006403,BACKFILL_AUTO
2026-06-19 06:49:54,1781851794,R_10,4838.75,1,0.09599999999954889,BACKFILL_AUTO
2026-06-19 06:49:56,1781851796,R_10,4838.746,-1,0.0039999999999054126,BACKFILL_AUTO
2026-06-19 06:49:58,1781851798,R_10,4838.933,1,0.18699999999989814,BACKFILL_AUTO
2026-06-19 06:50:00,1781851800,R_10,4839.072,1,0.1390000000001237,BACKFILL_AUTO
2026-06-19 06:50:02,1781851802,R_10,4838.995,-1,0.07700000000022555,BACKFILL_AUTO
2026-06-19 06:50:04,1781851804,R_10,4838.856,-1,0.1390000000001237,BACKFILL_AUTO
2026-06-19 06:50:06,1781851806,R_10,4838.993,1,0.13700000000062573,BACKFILL_AUTO
2026-06-19 06:50:08,1781851808,R_10,4839.034,1,0.04099999999925785,BACKFILL_AUTO
2026-06-19 06:50:10,1781851810,R_10,4839.217,1,0.18299999999999272,BACKFILL_AUTO
2026-06-19 06:50:12,1781851812,R_10,4839.198,-1,0.018999999999323336,BACKFILL_AUTO
2026-06-19 06:50:14,1781851814,R_10,4839.373,1,0.1749999999992724,BACKFILL_AUTO
2026-06-19 06:50:16,1781851816,R_10,4839.522,1,0.14900000000034197,BACKFILL_AUTO
2026-06-19 06:50:18,1781851818,R_10,4839.686,1,0.1639999999997599,BACKFILL_AUTO
2026-06-19 06:50:20,1781851820,R_10,4839.445,-1,0.24099999999998545,BACKFILL_AUTO
2026-06-19 06:50:22,1781851822,R_10,4839.461,1,0.016000000000531145,BACKFILL_AUTO
2026-06-19 06:50:24,1781851824,R_10,4839.637,1,0.17599999999947613,BACKFILL_AUTO
2026-06-19 06:50:26,1781851826,R_10,4839.714,1,0.07700000000022555,BACKFILL_AUTO
2026-06-19 06:50:28,1781851828,R_10,4839.879,1,0.16499999999996362,BACKFILL_AUTO
2026-06-19 06:50:30,1781851830,R_10,4839.881,1,0.0020000000004074536,BACKFILL_AUTO
2026-06-19 06:50:32,1781851832,R_10,4840.183,1,0.30199999999967986,BACKFILL_AUTO
2026-06-19 06:50:34,1781851834,R_10,4840.403,1,0.22000000000025466,BACKFILL_AUTO
2026-06-19 06:50:36,1781851836,R_10,4840.469,1,0.06599999999980355,BACKFILL_AUTO
2026-06-19 06:50:38,1781851838,R_10,4840.425,-1,0.04399999999986903,BACKFILL_AUTO
2026-06-19 06:50:40,1781851840,R_10,4840.27,-1,0.15499999999974534,BACKFILL_AUTO
2026-06-19 06:50:42,1781851842,R_10,4840.139,-1,0.13100000000031287,BACKFILL_AUTO
2026-06-19 06:50:44,1781851844,R_10,4840.203,1,0.06400000000030559,BACKFILL_AUTO
2026-06-19 06:50:46,1781851846,R_10,4840.14,-1,0.06300000000010186,BACKFILL_AUTO
2026-06-19 06:50:48,1781851848,R_10,4840.049,-1,0.09100000000034925,BACKFILL_AUTO
2026-06-19 06:50:50,1781851850,R_10,4839.794,-1,0.25500000000010914,BACKFILL_AUTO
2026-06-19 06:50:52,1781851852,R_10,4839.815,1,0.02099999999973079,BACKFILL_AUTO
2026-06-19 06:50:54,1781851854,R_10,4839.707,-1,0.10799999999926513,BACKFILL_AUTO
2026-06-19 06:50:56,1781851856,R_10,4839.894,1,0.18699999999989814,BACKFILL_AUTO
2026-06-19 06:50:58,1781851858,R_10,4839.861,-1,0.03300000000035652,BACKFILL_AUTO
2026-06-19 06:51:00,1781851860,R_10,4839.768,-1,0.0929999999998472,BACKFILL_AUTO
2026-06-19 06:51:02,1781851862,R_10,4839.736,-1,0.032000000000152795,BACKFILL_AUTO
2026-06-19 06:51:04,1781851864,R_10,4839.849,1,0.11300000000028376,BACKFILL_AUTO
2026-06-19 06:51:06,1781851866,R_10,4839.509,-1,0.3400000000001455,BACKFILL_AUTO
2026-06-19 06:51:08,1781851868,R_10,4839.58,1,0.07099999999991269,BACKFILL_AUTO
2026-06-19 06:51:10,1781851870,R_10,4839.681,1,0.10099999999965803,BACKFILL_AUTO
2026-06-19 06:51:12,1781851872,R_10,4839.55,-1,0.13099999999940337,BACKFILL_AUTO
2026-06-19 06:51:14,1781851874,R_10,4839.307,-1,0.2430000000003929,BACKFILL_AUTO
2026-06-19 06:51:16,1781851876,R_10,4839.112,-1,0.19499999999970896,BACKFILL_AUTO
2026-06-19 06:51:18,1781851878,R_10,4839.11,-1,0.0020000000004074536,BACKFILL_AUTO
2026-06-19 06:51:20,1781851880,R_10,4839.164,1,0.05400000000008731,BACKFILL_AUTO
2026-06-19 06:51:22,1781851882,R_10,4839.208,1,0.04399999999986903,BACKFILL_AUTO
2026-06-19 06:51:24,1781851884,R_10,4839.293,1,0.08500000000003638,BACKFILL_AUTO
2026-06-19 06:51:26,1781851886,R_10,4839.255,-1,0.03799999999955617,BACKFILL_AUTO
2026-06-19 06:51:28,1781851888,R_10,4839.113,-1,0.14199999999982538,BACKFILL_AUTO
2026-06-19 06:51:30,1781851890,R_10,4839.14,1,0.027000000000043656,BACKFILL_AUTO
2026-06-19 06:51:32,1781851892,R_10,4839.244,1,0.10399999999935972,BACKFILL_AUTO
2026-06-19 06:51:34,1781851894,R_10,4839.252,1,0.00800000000072032,BACKFILL_AUTO
2026-06-19 06:51:36,1781851896,R_10,4839.382,1,0.12999999999919964,BACKFILL_AUTO
2026-06-19 06:51:38,1781851898,R_10,4839.33,-1,0.05199999999967986,BACKFILL_AUTO
2026-06-19 06:51:40,1781851900,R_10,4839.182,-1,0.14800000000013824,BACKFILL_AUTO
2026-06-19 06:51:42,1781851902,R_10,4838.996,-1,0.1859999999996944,BACKFILL_AUTO
2026-06-19 06:51:44,1781851904,R_10,4838.943,-1,0.052999999999883585,BACKFILL_AUTO
2026-06-19 06:51:46,1781851906,R_10,4838.958,1,0.014999999999417923,BACKFILL_AUTO
2026-06-19 06:51:48,1781851908,R_10,4839.183,1,0.2250000000003638,BACKFILL_AUTO
2026-06-19 06:51:50,1781851910,R_10,4839.176,-1,0.006999999999607098,BACKFILL_AUTO
2026-06-19 06:51:52,1781851912,R_10,4839.03,-1,0.14600000000064028,BACKFILL_AUTO
2026-06-19 06:51:54,1781851914,R_10,4838.952,-1,0.07799999999951979,BACKFILL_AUTO
2026-06-19 06:51:56,1781851916,R_10,4838.842,-1,0.11000000000058208,BACKFILL_AUTO
2026-06-19 06:51:58,1781851918,R_10,4838.8,-1,0.04199999999946158,BACKFILL_AUTO
2026-06-19 06:52:00,1781851920,R_10,4838.912,1,0.11200000000008004,BACKFILL_AUTO
2026-06-19 06:52:02,1781851922,R_10,4838.884,-1,0.028000000000247383,BACKFILL_AUTO
2026-06-19 06:52:04,1781851924,R_10,4838.877,-1,0.006999999999607098,BACKFILL_AUTO
2026-06-19 06:52:06,1781851926,R_10,4839.054,1,0.17699999999967986,BACKFILL_AUTO
2026-06-19 06:52:08,1781851928,R_10,4838.956,-1,0.09799999999995634,BACKFILL_AUTO
2026-06-19 06:52:10,1781851930,R_10,4839.041,1,0.08500000000003638,BACKFILL_AUTO
2026-06-19 06:52:12,1781851932,R_10,4839.094,1,0.052999999999883585,BACKFILL_AUTO
2026-06-19 06:52:14,1781851934,R_10,4839.297,1,0.2029999999995198,BACKFILL_AUTO
2026-06-19 06:52:16,1781851936,R_10,4839.379,1,0.0820000000003347,BACKFILL_AUTO
2026-06-19 06:52:18,1781851938,R_10,4839.284,-1,0.09500000000025466,BACKFILL_AUTO
2026-06-19 06:52:20,1781851940,R_10,4839.418,1,0.13400000000001455,BACKFILL_AUTO
2026-06-19 06:52:22,1781851942,R_10,4839.295,-1,0.12299999999959255,BACKFILL_AUTO
2026-06-19 06:52:24,1781851944,R_10,4839.272,-1,0.023000000000138243,BACKFILL_AUTO
2026-06-19 06:52:26,1781851946,R_10,4839.306,1,0.033999999999650754,BACKFILL_AUTO
2026-06-19 06:52:28,1781851948,R_10,4839.133,-1,0.17299999999977445,BACKFILL_AUTO
2026-06-19 06:52:30,1781851950,R_10,4839.043,-1,0.09000000000014552,BACKFILL_AUTO
2026-06-19 06:52:32,1781851952,R_10,4839.005,-1,0.03799999999955617,BACKFILL_AUTO
2026-06-19 06:52:34,1781851954,R_10,4838.811,-1,0.19400000000041473,BACKFILL_AUTO
2026-06-19 06:52:36,1781851956,R_10,4838.907,1,0.09600000000045839,BACKFILL_AUTO
2026-06-19 06:52:38,1781851958,R_10,4839.04,1,0.13299999999981083,BACKFILL_AUTO
2026-06-19 06:52:40,1781851960,R_10,4839.142,1,0.10199999999986176,BACKFILL_AUTO
2026-06-19 06:52:42,1781851962,R_10,4839.055,-1,0.08699999999953434,BACKFILL_AUTO
2026-06-19 06:52:44,1781851964,R_10,4838.826,-1,0.2290000000002692,BACKFILL_AUTO
2026-06-19 06:52:46,1781851966,R_10,4838.872,1,0.046000000000276486,BACKFILL_AUTO
2026-06-19 06:52:48,1781851968,R_10,4838.985,1,0.11299999999937427,BACKFILL_AUTO
2026-06-19 06:52:50,1781851970,R_10,4839.094,1,0.10900000000037835,BACKFILL_AUTO
2026-06-19 06:52:52,1781851972,R_10,4839.201,1,0.1069999999999709,BACKFILL_AUTO
2026-06-19 06:52:54,1781851974,R_10,4839.367,1,0.16600000000016735,BACKFILL_AUTO
2026-06-19 06:52:56,1781851976,R_10,4839.309,-1,0.057999999999992724,BACKFILL_AUTO
2026-06-19 06:52:58,1781851978,R_10,4839.38,1,0.07099999999991269,BACKFILL_AUTO
2026-06-19 06:53:00,1781851980,R_10,4839.497,1,0.11700000000018917,BACKFILL_AUTO
2026-06-19 06:53:02,1781851982,R_10,4839.6,1,0.10300000000006548,BACKFILL_AUTO
2026-06-19 06:53:04,1781851984,R_10,4839.43,-1,0.17000000000007276,BACKFILL_AUTO
2026-06-19 06:53:06,1781851986,R_10,4839.579,1,0.14899999999943248,BACKFILL_AUTO
2026-06-19 06:53:08,1781851988,R_10,4839.599,1,0.020000000000436557,BACKFILL_AUTO
2026-06-19 06:53:10,1781851990,R_10,4839.643,1,0.04399999999986903,BACKFILL_AUTO
2026-06-19 06:53:12,1781851992,R_10,4839.761,1,0.1180000000003929,BACKFILL_AUTO
2026-06-19 06:53:14,1781851994,R_10,4839.857,1,0.09599999999954889,BACKFILL_AUTO
2026-06-19 06:53:16,1781851996,R_10,4839.624,-1,0.23300000000017462,BACKFILL_AUTO
2026-06-19 06:53:18,1781851998,R_10,4839.561,-1,0.06300000000010186,BACKFILL_AUTO
2026-06-19 06:53:20,1781852000,R_10,4839.641,1,0.07999999999992724,BACKFILL_AUTO
2026-06-19 06:53:22,1781852002,R_10,4839.59,-1,0.05099999999947613,BACKFILL_AUTO
2026-06-19 06:53:24,1781852004,R_10,4839.797,1,0.2069999999994252,BACKFILL_AUTO
2026-06-19 06:53:26,1781852006,R_10,4839.827,1,0.030000000000654836,BACKFILL_AUTO
2026-06-19 06:53:28,1781852008,R_10,4839.917,1,0.09000000000014552,BACKFILL_AUTO
2026-06-19 06:53:30,1781852010,R_10,4839.747,-1,0.17000000000007276,BACKFILL_AUTO
2026-06-19 06:53:32,1781852012,R_10,4839.717,-1,0.030000000000654836,BACKFILL_AUTO
2026-06-19 06:53:34,1781852014,R_10,4839.616,-1,0.10099999999965803,BACKFILL_AUTO
2026-06-19 06:53:36,1781852016,R_10,4839.855,1,0.238999999999578,BACKFILL_AUTO
2026-06-19 06:53:38,1781852018,R_10,4839.935,1,0.08000000000083674,BACKFILL_AUTO
2026-06-19 06:53:40,1781852020,R_10,4839.956,1,0.02099999999973079,BACKFILL_AUTO
2026-06-19 06:53:42,1781852022,R_10,4839.933,-1,0.023000000000138243,BACKFILL_AUTO
2026-06-19 06:53:44,1781852024,R_10,4839.826,-1,0.1069999999999709,BACKFILL_AUTO
2026-06-19 06:53:46,1781852026,R_10,4839.876,1,0.0500000000001819,BACKFILL_AUTO
2026-06-19 06:53:48,1781852028,R_10,4839.823,-1,0.052999999999883585,BACKFILL_AUTO
2026-06-19 06:53:50,1781852030,R_10,4839.682,-1,0.14100000000053114,BACKFILL_AUTO
2026-06-19 06:53:52,1781852032,R_10,4839.834,1,0.15200000000004366,BACKFILL_AUTO
2026-06-19 06:53:54,1781852034,R_10,4839.926,1,0.09200000000055297,BACKFILL_AUTO
2026-06-19 06:53:56,1781852036,R_10,4840.067,1,0.14099999999962165,BACKFILL_AUTO
2026-06-19 06:53:58,1781852038,R_10,4840.097,1,0.02999999999974534,BACKFILL_AUTO
2026-06-19 06:54:00,1781852040,R_10,4839.911,-1,0.1859999999996944,BACKFILL_AUTO
2026-06-19 06:54:02,1781852042,R_10,4839.886,-1,0.024999999999636202,BACKFILL_AUTO
2026-06-19 06:54:04,1781852044,R_10,4839.807,-1,0.07900000000063301,BACKFILL_AUTO
2026-06-19 06:54:06,1781852046,R_10,4839.813,1,0.006000000000312866,BACKFILL_AUTO
2026-06-19 06:54:08,1781852048,R_10,4839.824,1,0.01099999999951251,BACKFILL_AUTO
2026-06-19 06:54:10,1781852050,R_10,4839.824,0,0.0,BACKFILL_AUTO
2026-06-19 06:54:12,1781852052,R_10,4840.053,1,0.2290000000002692,BACKFILL_AUTO
2026-06-19 06:54:14,1781852054,R_10,4840.178,1,0.125,BACKFILL_AUTO
2026-06-19 06:54:16,1781852056,R_10,4840.351,1,0.17299999999977445,BACKFILL_AUTO
2026-06-19 06:54:18,1781852058,R_10,4840.159,-1,0.19200000000000728,BACKFILL_AUTO
2026-06-19 06:54:20,1781852060,R_10,4840.1,-1,0.058999999999286956,BACKFILL_AUTO
2026-06-19 06:54:22,1781852062,R_10,4840.007,-1,0.0930000000007567,BACKFILL_AUTO
2026-06-19 06:54:24,1781852064,R_10,4839.861,-1,0.1459999999997308,BACKFILL_AUTO
2026-06-19 06:54:26,1781852066,R_10,4839.826,-1,0.03499999999985448,BACKFILL_AUTO
2026-06-19 06:54:28,1781852068,R_10,4839.911,1,0.08500000000003638,BACKFILL_AUTO
2026-06-19 06:54:30,1781852070,R_10,4839.718,-1,0.193000000000211,BACKFILL_AUTO
2026-06-19 06:54:32,1781852072,R_10,4839.787,1,0.06900000000041473,BACKFILL_AUTO
2026-06-19 06:54:34,1781852074,R_10,4839.959,1,0.17199999999957072,BACKFILL_AUTO
2026-06-19 06:54:36,1781852076,R_10,4840.073,1,0.11400000000048749,BACKFILL_AUTO
2026-06-19 06:54:38,1781852078,R_10,4840.189,1,0.11599999999998545,BACKFILL_AUTO
2026-06-19 06:54:40,1781852080,R_10,4840.174,-1,0.015000000000327418,BACKFILL_AUTO
2026-06-19 06:54:42,1781852082,R_10,4840.19,1,0.01599999999962165,BACKFILL_AUTO
2026-06-19 06:54:44,1781852084,R_10,4840.347,1,0.1570000000001528,BACKFILL_AUTO
2026-06-19 06:54:46,1781852086,R_10,4840.144,-1,0.2029999999995198,BACKFILL_AUTO
2026-06-19 06:54:48,1781852088,R_10,4840.154,1,0.010000000000218279,BACKFILL_AUTO
2026-06-19 06:54:50,1781852090,R_10,4840.297,1,0.1429999999991196,BACKFILL_AUTO
2026-06-19 06:54:52,1781852092,R_10,4840.133,-1,0.1639999999997599,BACKFILL_AUTO
2026-06-19 06:54:54,1781852094,R_10,4840.15,1,0.016999999999825377,BACKFILL_AUTO
2026-06-19 06:54:56,1781852096,R_10,4840.058,-1,0.09199999999964348,BACKFILL_AUTO
2026-06-19 06:54:58,1781852098,R_10,4840.026,-1,0.032000000000152795,BACKFILL_AUTO
2026-06-19 06:55:00,1781852100,R_10,4840.115,1,0.08899999999994179,BACKFILL_AUTO
2026-06-19 06:55:02,1781852102,R_10,4840.172,1,0.056999999999789,BACKFILL_AUTO
2026-06-19 06:55:04,1781852104,R_10,4840.282,1,0.11000000000058208,BACKFILL_AUTO
2026-06-19 06:55:06,1781852106,R_10,4840.103,-1,0.1790000000000873,BACKFILL_AUTO
2026-06-19 06:55:08,1781852108,R_10,4840.134,1,0.03099999999994907,BACKFILL_AUTO
2026-06-19 06:55:10,1781852110,R_10,4840.117,-1,0.016999999999825377,BACKFILL_AUTO
2026-06-19 06:55:12,1781852112,R_10,4840.184,1,0.06700000000000728,BACKFILL_AUTO
2026-06-19 06:55:14,1781852114,R_10,4840.263,1,0.07899999999972351,BACKFILL_AUTO
2026-06-19 06:55:16,1781852116,R_10,4840.274,1,0.011000000000422006,BACKFILL_AUTO
2026-06-19 06:55:18,1781852118,R_10,4840.271,-1,0.0030000000006111804,BACKFILL_AUTO
2026-06-19 06:55:20,1781852120,R_10,4840.19,-1,0.08100000000013097,BACKFILL_AUTO
2026-06-19 06:55:22,1781852122,R_10,4840.244,1,0.05400000000008731,BACKFILL_AUTO
2026-06-19 06:55:24,1781852124,R_10,4840.349,1,0.10500000000047294,BACKFILL_AUTO
2026-06-19 06:55:26,1781852126,R_10,4840.352,1,0.0029999999997016857,BACKFILL_AUTO
2026-06-19 06:55:28,1781852128,R_10,4839.998,-1,0.3540000000002692,BACKFILL_AUTO
2026-06-19 06:55:30,1781852130,R_10,4839.731,-1,0.2669999999998254,BACKFILL_AUTO
2026-06-19 06:55:32,1781852132,R_10,4839.665,-1,0.06599999999980355,BACKFILL_AUTO
2026-06-19 06:55:34,1781852134,R_10,4839.563,-1,0.10199999999986176,BACKFILL_AUTO
2026-06-19 06:55:36,1781852136,R_10,4839.573,1,0.010000000000218279,BACKFILL_AUTO
2026-06-19 06:55:38,1781852138,R_10,4839.463,-1,0.11000000000058208,BACKFILL_AUTO
2026-06-19 06:55:40,1781852140,R_10,4839.373,-1,0.09000000000014552,BACKFILL_AUTO
2026-06-19 06:55:42,1781852142,R_10,4839.67,1,0.2970000000004802,BACKFILL_AUTO
2026-06-19 06:55:44,1781852144,R_10,4839.818,1,0.14800000000013824,BACKFILL_AUTO
2026-06-19 06:55:46,1781852146,R_10,4839.881,1,0.06300000000010186,BACKFILL_AUTO
2026-06-19 06:55:48,1781852148,R_10,4839.894,1,0.012999999999919964,BACKFILL_AUTO
2026-06-19 06:55:50,1781852150,R_10,4839.827,-1,0.06700000000000728,BACKFILL_AUTO
2026-06-19 06:55:52,1781852152,R_10,4839.703,-1,0.12399999999979627,BACKFILL_AUTO
2026-06-19 06:55:54,1781852154,R_10,4839.716,1,0.012999999999919964,BACKFILL_AUTO
2026-06-19 06:55:56,1781852156,R_10,4839.757,1,0.04099999999925785,BACKFILL_AUTO
2026-06-19 06:55:58,1781852158,R_10,4839.744,-1,0.012999999999919964,BACKFILL_AUTO
2026-06-19 06:56:00,1781852160,R_10,4839.776,1,0.032000000000152795,BACKFILL_AUTO
2026-06-19 06:56:02,1781852162,R_10,4839.622,-1,0.15399999999954161,BACKFILL_AUTO
2026-06-19 06:56:04,1781852164,R_10,4839.751,1,0.1289999999999054,BACKFILL_AUTO
2026-06-19 06:56:06,1781852166,R_10,4839.819,1,0.068000000000211,BACKFILL_AUTO
2026-06-19 06:56:08,1781852168,R_10,4839.955,1,0.1359999999995125,BACKFILL_AUTO
2026-06-19 06:56:10,1781852170,R_10,4840.105,1,0.1499999999996362,BACKFILL_AUTO
2026-06-19 06:56:12,1781852172,R_10,4840.208,1,0.10300000000006548,BACKFILL_AUTO
2026-06-19 06:56:14,1781852174,R_10,4840.236,1,0.028000000000247383,BACKFILL_AUTO
2026-06-19 06:56:16,1781852176,R_10,4840.35,1,0.11400000000048749,BACKFILL_AUTO
2026-06-19 06:56:18,1781852178,R_10,4840.194,-1,0.15599999999994907,BACKFILL_AUTO
2026-06-19 06:56:20,1781852180,R_10,4840.222,1,0.027999999999337888,BACKFILL_AUTO
2026-06-19 06:56:22,1781852182,R_10,4840.135,-1,0.08699999999953434,BACKFILL_AUTO
2026-06-19 06:56:24,1781852184,R_10,4839.877,-1,0.2579999999998108,BACKFILL_AUTO
2026-06-19 06:56:26,1781852186,R_10,4839.855,-1,0.02200000000084401,BACKFILL_AUTO
2026-06-19 06:56:28,1781852188,R_10,4839.756,-1,0.09899999999925058,BACKFILL_AUTO
2026-06-19 06:56:30,1781852190,R_10,4839.807,1,0.05099999999947613,BACKFILL_AUTO
2026-06-19 06:56:32,1781852192,R_10,4840.099,1,0.2920000000003711,BACKFILL_AUTO
2026-06-19 06:56:34,1781852194,R_10,4840.051,-1,0.047999999999774445,BACKFILL_AUTO
2026-06-19 06:56:36,1781852196,R_10,4840.16,1,0.10899999999946886,BACKFILL_AUTO
2026-06-19 06:56:38,1781852198,R_10,4840.149,-1,0.01099999999951251,BACKFILL_AUTO
2026-06-19 06:56:40,1781852200,R_10,4840.037,-1,0.11200000000008004,BACKFILL_AUTO
2026-06-19 06:56:42,1781852202,R_10,4840.112,1,0.0749999999998181,BACKFILL_AUTO
2026-06-19 06:56:44,1781852204,R_10,4840.176,1,0.06400000000030559,BACKFILL_AUTO
2026-06-19 06:56:46,1781852206,R_10,4840.144,-1,0.032000000000152795,BACKFILL_AUTO
2026-06-19 06:56:48,1781852208,R_10,4840.278,1,0.13400000000001455,BACKFILL_AUTO
2026-06-19 06:56:50,1781852210,R_10,4840.365,1,0.08699999999953434,BACKFILL_AUTO
2026-06-19 06:56:52,1781852212,R_10,4840.425,1,0.06000000000040018,BACKFILL_AUTO
2026-06-19 06:56:54,1781852214,R_10,4840.472,1,0.04699999999957072,BACKFILL_AUTO
2026-06-19 06:56:56,1781852216,R_10,4840.199,-1,0.27300000000013824,BACKFILL_AUTO
2026-06-19 06:56:58,1781852218,R_10,4840.128,-1,0.07099999999991269,BACKFILL_AUTO
2026-06-19 06:57:00,1781852220,R_10,4840.06,-1,0.06799999999930151,BACKFILL_AUTO
2026-06-19 06:57:02,1781852222,R_10,4840.032,-1,0.028000000000247383,BACKFILL_AUTO
2026-06-19 06:57:04,1781852224,R_10,4839.967,-1,0.06500000000050932,BACKFILL_AUTO
2026-06-19 06:57:06,1781852226,R_10,4840.106,1,0.1390000000001237,BACKFILL_AUTO
2026-06-19 06:57:08,1781852228,R_10,4840.115,1,0.009000000000014552,BACKFILL_AUTO
2026-06-19 06:57:10,1781852230,R_10,4840.152,1,0.037000000000261934,BACKFILL_AUTO
2026-06-19 06:57:12,1781852232,R_10,4840.124,-1,0.028000000000247383,BACKFILL_AUTO
2026-06-19 06:57:14,1781852234,R_10,4839.93,-1,0.19399999999950523,BACKFILL_AUTO
2026-06-19 06:57:16,1781852236,R_10,4839.954,1,0.023999999999432475,BACKFILL_AUTO
2026-06-19 06:57:18,1781852238,R_10,4839.869,-1,0.08500000000003638,BACKFILL_AUTO
2026-06-19 06:57:20,1781852240,R_10,4839.919,1,0.0500000000001819,BACKFILL_AUTO
2026-06-19 06:57:22,1781852242,R_10,4840.023,1,0.10400000000026921,BACKFILL_AUTO
2026-06-19 06:57:24,1781852244,R_10,4839.885,-1,0.13799999999991996,BACKFILL_AUTO
2026-06-19 06:57:26,1781852246,R_10,4839.907,1,0.021999999999934516,BACKFILL_AUTO
2026-06-19 06:57:28,1781852248,R_10,4839.767,-1,0.14000000000032742,BACKFILL_AUTO
2026-06-19 06:57:30,1781852250,R_10,4839.829,1,0.06199999999989814,BACKFILL_AUTO
2026-06-19 06:57:32,1781852252,R_10,4839.69,-1,0.1390000000001237,BACKFILL_AUTO
2026-06-19 06:57:34,1781852254,R_10,4839.697,1,0.007000000000516593,BACKFILL_AUTO
2026-06-19 06:57:36,1781852256,R_10,4839.911,1,0.2139999999999418,BACKFILL_AUTO
2026-06-19 06:57:38,1781852258,R_10,4839.867,-1,0.04399999999986903,BACKFILL_AUTO
2026-06-19 06:57:40,1781852260,R_10,4839.778,-1,0.08899999999994179,BACKFILL_AUTO
2026-06-19 06:57:42,1781852262,R_10,4839.783,1,0.005000000000109139,BACKFILL_AUTO
2026-06-19 06:57:44,1781852264,R_10,4839.764,-1,0.01900000000023283,BACKFILL_AUTO
2026-06-19 06:57:46,1781852266,R_10,4839.605,-1,0.15900000000056025,BACKFILL_AUTO
2026-06-19 06:57:48,1781852268,R_10,4839.641,1,0.03600000000005821,BACKFILL_AUTO
2026-06-19 06:57:50,1781852270,R_10,4839.588,-1,0.052999999999883585,BACKFILL_AUTO
2026-06-19 06:57:52,1781852272,R_10,4839.617,1,0.02900000000045111,BACKFILL_AUTO
2026-06-19 06:57:54,1781852274,R_10,4839.584,-1,0.03300000000035652,BACKFILL_AUTO
2026-06-19 06:57:56,1781852276,R_10,4839.629,1,0.04500000000007276,BACKFILL_AUTO
2026-06-19 06:57:58,1781852278,R_10,4839.701,1,0.07200000000011642,BACKFILL_AUTO
2026-06-19 06:58:00,1781852280,R_10,4839.693,-1,0.007999999999810825,BACKFILL_AUTO
2026-06-19 06:58:02,1781852282,R_10,4839.697,1,0.0039999999999054126,BACKFILL_AUTO
2026-06-19 06:58:04,1781852284,R_10,4839.89,1,0.193000000000211,BACKFILL_AUTO
2026-06-19 06:58:06,1781852286,R_10,4839.898,1,0.007999999999810825,BACKFILL_AUTO
2026-06-19 06:58:08,1781852288,R_10,4839.96,1,0.06199999999989814,BACKFILL_AUTO
2026-06-19 06:58:10,1781852290,R_10,4839.855,-1,0.10500000000047294,BACKFILL_AUTO
2026-06-19 06:58:12,1781852292,R_10,4839.775,-1,0.07999999999992724,BACKFILL_AUTO
2026-06-19 06:58:14,1781852294,R_10,4839.751,-1,0.023999999999432475,BACKFILL_AUTO
2026-06-19 06:58:16,1781852296,R_10,4839.62,-1,0.13100000000031287,BACKFILL_AUTO
2026-06-19 06:58:18,1781852298,R_10,4839.446,-1,0.17399999999997817,BACKFILL_AUTO
2026-06-19 06:58:20,1781852300,R_10,4839.584,1,0.13799999999991996,BACKFILL_AUTO
2026-06-19 06:58:22,1781852302,R_10,4839.874,1,0.2899999999999636,BACKFILL_AUTO
2026-06-19 06:58:24,1781852304,R_10,4839.937,1,0.06300000000010186,BACKFILL_AUTO
2026-06-19 06:58:26,1781852306,R_10,4839.838,-1,0.09900000000016007,BACKFILL_AUTO
2026-06-19 06:58:28,1781852308,R_10,4839.898,1,0.06000000000040018,BACKFILL_AUTO
2026-06-19 06:58:30,1781852310,R_10,4839.951,1,0.052999999999883585,BACKFILL_AUTO
2026-06-19 06:58:32,1781852312,R_10,4840.104,1,0.15300000000024738,BACKFILL_AUTO
2026-06-19 06:58:34,1781852314,R_10,4840.218,1,0.113999999999578,BACKFILL_AUTO
2026-06-19 06:58:36,1781852316,R_10,4840.164,-1,0.05400000000008731,BACKFILL_AUTO
2026-06-19 06:58:38,1781852318,R_10,4840.267,1,0.10300000000006548,BACKFILL_AUTO
2026-06-19 06:58:40,1781852320,R_10,4840.168,-1,0.09900000000016007,BACKFILL_AUTO
2026-06-19 06:58:42,1781852322,R_10,4840.142,-1,0.02599999999983993,BACKFILL_AUTO
2026-06-19 06:58:44,1781852324,R_10,4840.278,1,0.136000000000422,BACKFILL_AUTO
2026-06-19 06:58:46,1781852326,R_10,4840.187,-1,0.09100000000034925,BACKFILL_AUTO
2026-06-19 06:58:48,1781852328,R_10,4840.161,-1,0.02599999999983993,BACKFILL_AUTO
2026-06-19 06:58:50,1781852330,R_10,4840.117,-1,0.04399999999986903,BACKFILL_AUTO
2026-06-19 06:58:52,1781852332,R_10,4840.167,1,0.0500000000001819,BACKFILL_AUTO
2026-06-19 06:58:54,1781852334,R_10,4840.167,0,0.0,BACKFILL_AUTO
2026-06-19 06:58:56,1781852336,R_10,4840.017,-1,0.1500000000005457,BACKFILL_AUTO
2026-06-19 06:58:58,1781852338,R_10,4839.916,-1,0.10099999999965803,BACKFILL_AUTO
2026-06-19 06:59:00,1781852340,R_10,4839.999,1,0.08299999999962893,BACKFILL_AUTO
2026-06-19 06:59:02,1781852342,R_10,4840.003,1,0.0039999999999054126,BACKFILL_AUTO
2026-06-19 06:59:04,1781852344,R_10,4839.995,-1,0.007999999999810825,BACKFILL_AUTO
2026-06-19 06:59:06,1781852346,R_10,4839.921,-1,0.07399999999961437,BACKFILL_AUTO
2026-06-19 06:59:08,1781852348,R_10,4839.861,-1,0.06000000000040018,BACKFILL_AUTO
2026-06-19 06:59:10,1781852350,R_10,4839.877,1,0.016000000000531145,BACKFILL_AUTO
2026-06-19 06:59:12,1781852352,R_10,4839.935,1,0.057999999999992724,BACKFILL_AUTO
2026-06-19 06:59:14,1781852354,R_10,4840.045,1,0.10999999999967258,BACKFILL_AUTO
2026-06-19 06:59:16,1781852356,R_10,4840.039,-1,0.006000000000312866,BACKFILL_AUTO
2026-06-19 06:59:18,1781852358,R_10,4840.073,1,0.03400000000056025,BACKFILL_AUTO
2026-06-19 06:59:20,1781852360,R_10,4840.174,1,0.10099999999965803,BACKFILL_AUTO
2026-06-19 06:59:22,1781852362,R_10,4840.124,-1,0.0500000000001819,BACKFILL_AUTO
2026-06-19 06:59:24,1781852364,R_10,4840.081,-1,0.042999999999665306,BACKFILL_AUTO
2026-06-19 06:59:26,1781852366,R_10,4840.043,-1,0.03800000000046566,BACKFILL_AUTO
2026-06-19 06:59:28,1781852368,R_10,4840.046,1,0.0030000000006111804,BACKFILL_AUTO
2026-06-19 06:59:30,1781852370,R_10,4840.031,-1,0.015000000000327418,BACKFILL_AUTO
2026-06-19 06:59:32,1781852372,R_10,4839.931,-1,0.1000000000003638,BACKFILL_AUTO
2026-06-19 06:59:34,1781852374,R_10,4840.144,1,0.21300000000064756,BACKFILL_AUTO
2026-06-19 06:59:36,1781852376,R_10,4840.048,-1,0.09600000000045839,BACKFILL_AUTO
2026-06-19 06:59:38,1781852378,R_10,4840.113,1,0.06500000000050932,BACKFILL_AUTO
2026-06-19 06:59:40,1781852380,R_10,4840.187,1,0.07399999999961437,BACKFILL_AUTO
2026-06-19 06:59:42,1781852382,R_10,4840.22,1,0.03300000000035652,BACKFILL_AUTO
2026-06-19 06:59:44,1781852384,R_10,4840.012,-1,0.20800000000053842,BACKFILL_AUTO
2026-06-19 06:59:46,1781852386,R_10,4839.905,-1,0.1069999999999709,BACKFILL_AUTO
2026-06-19 06:59:48,1781852388,R_10,4839.752,-1,0.1529999999993379,BACKFILL_AUTO
2026-06-19 06:59:50,1781852390,R_10,4839.694,-1,0.057999999999992724,BACKFILL_AUTO
2026-06-19 06:59:52,1781852392,R_10,4839.74,1,0.04599999999936699,BACKFILL_AUTO
2026-06-19 06:59:54,1781852394,R_10,4839.782,1,0.042000000000371074,BACKFILL_AUTO
2026-06-19 06:59:56,1781852396,R_10,4839.663,-1,0.11900000000059663,BACKFILL_AUTO
2026-06-19 06:59:58,1781852398,R_10,4839.603,-1,0.05999999999949068,BACKFILL_AUTO
2026-06-19 07:00:00,1781852400,R_10,4839.694,1,0.09100000000034925,BACKFILL_AUTO
2026-06-19 07:00:02,1781852402,R_10,4839.869,1,0.1749999999992724,BACKFILL_AUTO
2026-06-19 07:00:04,1781852404,R_10,4839.754,-1,0.11499999999978172,BACKFILL_AUTO
2026-06-19 07:00:06,1781852406,R_10,4839.741,-1,0.012999999999919964,BACKFILL_AUTO
2026-06-19 07:00:08,1781852408,R_10,4839.576,-1,0.16499999999996362,BACKFILL_AUTO
2026-06-19 07:00:10,1781852410,R_10,4839.401,-1,0.1750000000001819,BACKFILL_AUTO
2026-06-19 07:00:12,1781852412,R_10,4839.329,-1,0.07200000000011642,BACKFILL_AUTO
2026-06-19 07:00:14,1781852414,R_10,4839.48,1,0.15099999999983993,BACKFILL_AUTO
2026-06-19 07:00:16,1781852416,R_10,4839.438,-1,0.04199999999946158,BACKFILL_AUTO
2026-06-19 07:00:18,1781852418,R_10,4839.306,-1,0.1320000000005166,BACKFILL_AUTO
2026-06-19 07:00:20,1781852420,R_10,4839.367,1,0.061000000000603904,BACKFILL_AUTO
2026-06-19 07:00:22,1781852422,R_10,4839.203,-1,0.1639999999997599,BACKFILL_AUTO
2026-06-19 07:00:24,1781852424,R_10,4839.136,-1,0.06700000000000728,BACKFILL_AUTO
2026-06-19 07:00:26,1781852426,R_10,4838.939,-1,0.19700000000011642,BACKFILL_AUTO
2026-06-19 07:00:28,1781852428,R_10,4838.959,1,0.019999999999527063,BACKFILL_AUTO
2026-06-19 07:00:30,1781852430,R_10,4838.876,-1,0.08299999999962893,BACKFILL_AUTO
2026-06-19 07:00:32,1781852432,R_10,4838.749,-1,0.12700000000040745,BACKFILL_AUTO
2026-06-19 07:00:34,1781852434,R_10,4838.841,1,0.09200000000055297,BACKFILL_AUTO
2026-06-19 07:00:36,1781852436,R_10,4839.023,1,0.181999999999789,BACKFILL_AUTO
2026-06-19 07:00:38,1781852438,R_10,4839.005,-1,0.018000000000029104,BACKFILL_AUTO
2026-06-19 07:00:40,1781852440,R_10,4839.094,1,0.08899999999994179,BACKFILL_AUTO
2026-06-19 07:00:42,1781852442,R_10,4839.003,-1,0.09100000000034925,BACKFILL_AUTO
2026-06-19 07:00:44,1781852444,R_10,4838.769,-1,0.23399999999946886,BACKFILL_AUTO
2026-06-19 07:00:46,1781852446,R_10,4838.651,-1,0.1180000000003929,BACKFILL_AUTO
2026-06-19 07:00:48,1781852448,R_10,4838.669,1,0.018000000000029104,BACKFILL_AUTO
2026-06-19 07:00:50,1781852450,R_10,4838.576,-1,0.0929999999998472,BACKFILL_AUTO
2026-06-19 07:00:52,1781852452,R_10,4838.508,-1,0.068000000000211,BACKFILL_AUTO
2026-06-19 07:00:54,1781852454,R_10,4838.506,-1,0.001999999999497959,BACKFILL_AUTO
2026-06-19 07:00:56,1781852456,R_10,4838.488,-1,0.018000000000029104,BACKFILL_AUTO
2026-06-19 07:00:58,1781852458,R_10,4838.451,-1,0.037000000000261934,BACKFILL_AUTO
2026-06-19 07:01:00,1781852460,R_10,4838.343,-1,0.10800000000017462,BACKFILL_AUTO
2026-06-19 07:01:02,1781852462,R_10,4838.399,1,0.056000000000494765,BACKFILL_AUTO
2026-06-19 07:01:04,1781852464,R_10,4838.305,-1,0.09400000000005093,BACKFILL_AUTO
2026-06-19 07:01:06,1781852466,R_10,4838.616,1,0.3109999999996944,BACKFILL_AUTO
2026-06-19 07:01:08,1781852468,R_10,4838.506,-1,0.10999999999967258,BACKFILL_AUTO
2026-06-19 07:01:10,1781852470,R_10,4838.414,-1,0.09200000000055297,BACKFILL_AUTO
2026-06-19 07:01:12,1781852472,R_10,4838.443,1,0.02900000000045111,BACKFILL_AUTO
2026-06-19 07:01:14,1781852474,R_10,4838.435,-1,0.007999999999810825,BACKFILL_AUTO
2026-06-19 07:01:16,1781852476,R_10,4838.759,1,0.3239999999996144,BACKFILL_AUTO
2026-06-19 07:01:18,1781852478,R_10,4838.807,1,0.047999999999774445,BACKFILL_AUTO
2026-06-19 07:01:20,1781852480,R_10,4838.909,1,0.10199999999986176,BACKFILL_AUTO
2026-06-19 07:01:22,1781852482,R_10,4838.931,1,0.021999999999934516,BACKFILL_AUTO
2026-06-19 07:01:24,1781852484,R_10,4839.051,1,0.12000000000080036,BACKFILL_AUTO
2026-06-19 07:01:26,1781852486,R_10,4838.967,-1,0.08400000000074215,BACKFILL_AUTO
2026-06-19 07:01:28,1781852488,R_10,4838.949,-1,0.018000000000029104,BACKFILL_AUTO
2026-06-19 07:01:30,1781852490,R_10,4839.061,1,0.11200000000008004,BACKFILL_AUTO
2026-06-19 07:01:32,1781852492,R_10,4838.952,-1,0.10899999999946886,BACKFILL_AUTO
2026-06-19 07:01:34,1781852494,R_10,4838.964,1,0.011999999999716238,BACKFILL_AUTO
2026-06-19 07:01:36,1781852496,R_10,4838.836,-1,0.12799999999970169,BACKFILL_AUTO
2026-06-19 07:01:38,1781852498,R_10,4838.88,1,0.04399999999986903,BACKFILL_AUTO
2026-06-19 07:01:40,1781852500,R_10,4838.811,-1,0.06900000000041473,BACKFILL_AUTO
2026-06-19 07:01:42,1781852502,R_10,4838.745,-1,0.06599999999980355,BACKFILL_AUTO
2026-06-19 07:01:44,1781852504,R_10,4838.911,1,0.16600000000016735,BACKFILL_AUTO
2026-06-19 07:01:46,1781852506,R_10,4839.01,1,0.09900000000016007,BACKFILL_AUTO
2026-06-19 07:01:48,1781852508,R_10,4839.144,1,0.13400000000001455,BACKFILL_AUTO
2026-06-19 07:01:50,1781852510,R_10,4838.97,-1,0.17399999999997817,BACKFILL_AUTO
2026-06-19 07:01:52,1781852512,R_10,4839.056,1,0.08599999999933061,BACKFILL_AUTO
2026-06-19 07:01:54,1781852514,R_10,4839.041,-1,0.014999999999417923,BACKFILL_AUTO
2026-06-19 07:01:56,1781852516,R_10,4839.179,1,0.13799999999991996,BACKFILL_AUTO
2026-06-19 07:01:58,1781852518,R_10,4839.04,-1,0.1390000000001237,BACKFILL_AUTO
2026-06-19 07:02:00,1781852520,R_10,4839.21,1,0.17000000000007276,BACKFILL_AUTO
2026-06-19 07:02:02,1781852522,R_10,4839.294,1,0.08399999999983265,BACKFILL_AUTO
2026-06-19 07:02:04,1781852524,R_10,4839.391,1,0.09699999999975262,BACKFILL_AUTO
2026-06-19 07:02:06,1781852526,R_10,4839.2,-1,0.19099999999980355,BACKFILL_AUTO
2026-06-19 07:02:08,1781852528,R_10,4839.353,1,0.15300000000024738,BACKFILL_AUTO
2026-06-19 07:02:10,1781852530,R_10,4839.274,-1,0.07899999999972351,BACKFILL_AUTO
2026-06-19 07:02:12,1781852532,R_10,4839.275,1,0.0009999999992942321,BACKFILL_AUTO
2026-06-19 07:02:14,1781852534,R_10,4839.311,1,0.03600000000005821,BACKFILL_AUTO
2026-06-19 07:02:16,1781852536,R_10,4839.3,-1,0.01099999999951251,BACKFILL_AUTO
2026-06-19 07:02:18,1781852538,R_10,4839.417,1,0.11700000000018917,BACKFILL_AUTO
2026-06-19 07:02:20,1781852540,R_10,4839.399,-1,0.018000000000029104,BACKFILL_AUTO
2026-06-19 07:02:22,1781852542,R_10,4839.311,-1,0.08800000000064756,BACKFILL_AUTO
2026-06-19 07:02:24,1781852544,R_10,4839.562,1,0.2510000000002037,BACKFILL_AUTO
2026-06-19 07:02:26,1781852546,R_10,4839.323,-1,0.238999999999578,BACKFILL_AUTO
2026-06-19 07:02:28,1781852548,R_10,4839.325,1,0.001999999999497959,BACKFILL_AUTO
2026-06-19 07:02:30,1781852550,R_10,4839.121,-1,0.2039999999997235,BACKFILL_AUTO
2026-06-19 07:02:32,1781852552,R_10,4839.155,1,0.033999999999650754,BACKFILL_AUTO
2026-06-19 07:02:34,1781852554,R_10,4839.24,1,0.08500000000003638,BACKFILL_AUTO
2026-06-19 07:02:36,1781852556,R_10,4839.357,1,0.11700000000018917,BACKFILL_AUTO
2026-06-19 07:02:38,1781852558,R_10,4839.276,-1,0.08100000000013097,BACKFILL_AUTO
2026-06-19 07:02:40,1781852560,R_10,4839.31,1,0.03400000000056025,BACKFILL_AUTO
2026-06-19 07:02:42,1781852562,R_10,4839.313,1,0.0029999999997016857,BACKFILL_AUTO
2026-06-19 07:02:44,1781852564,R_10,4839.095,-1,0.2179999999998472,BACKFILL_AUTO
2026-06-19 07:02:46,1781852566,R_10,4839.118,1,0.023000000000138243,BACKFILL_AUTO
2026-06-19 07:02:48,1781852568,R_10,4839.058,-1,0.06000000000040018,BACKFILL_AUTO
2026-06-19 07:02:50,1781852570,R_10,4839.052,-1,0.006000000000312866,BACKFILL_AUTO
2026-06-19 07:02:52,1781852572,R_10,4838.996,-1,0.05599999999958527,BACKFILL_AUTO
2026-06-19 07:02:54,1781852574,R_10,4839.101,1,0.10499999999956344,BACKFILL_AUTO
2026-06-19 07:02:56,1781852576,R_10,4839.438,1,0.33700000000044383,BACKFILL_AUTO
2026-06-19 07:02:58,1781852578,R_10,4839.348,-1,0.09000000000014552,BACKFILL_AUTO
2026-06-19 07:03:00,1781852580,R_10,4839.223,-1,0.125,BACKFILL_AUTO
2026-06-19 07:03:02,1781852582,R_10,4839.112,-1,0.11099999999987631,BACKFILL_AUTO
2026-06-19 07:03:04,1781852584,R_10,4839.133,1,0.02099999999973079,BACKFILL_AUTO
2026-06-19 07:03:06,1781852586,R_10,4839.251,1,0.1180000000003929,BACKFILL_AUTO
2026-06-19 07:03:08,1781852588,R_10,4839.313,1,0.06199999999989814,BACKFILL_AUTO
2026-06-19 07:03:10,1781852590,R_10,4839.396,1,0.08299999999962893,BACKFILL_AUTO
2026-06-19 07:03:12,1781852592,R_10,4839.436,1,0.03999999999996362,BACKFILL_AUTO
2026-06-19 07:03:14,1781852594,R_10,4839.442,1,0.006000000000312866,BACKFILL_AUTO
2026-06-19 07:03:16,1781852596,R_10,4839.474,1,0.032000000000152795,BACKFILL_AUTO
2026-06-19 07:03:18,1781852598,R_10,4839.469,-1,0.005000000000109139,BACKFILL_AUTO
2026-06-19 07:03:20,1781852600,R_10,4839.457,-1,0.011999999999716238,BACKFILL_AUTO
2026-06-19 07:03:22,1781852602,R_10,4839.37,-1,0.08700000000044383,BACKFILL_AUTO
2026-06-19 07:03:24,1781852604,R_10,4839.343,-1,0.027000000000043656,BACKFILL_AUTO
2026-06-19 07:03:26,1781852606,R_10,4839.39,1,0.04700000000048021,BACKFILL_AUTO
2026-06-19 07:03:28,1781852608,R_10,4839.151,-1,0.2390000000004875,BACKFILL_AUTO
2026-06-19 07:03:30,1781852610,R_10,4839.263,1,0.11200000000008004,BACKFILL_AUTO
2026-06-19 07:03:32,1781852612,R_10,4839.296,1,0.03300000000035652,BACKFILL_AUTO
2026-06-19 07:03:34,1781852614,R_10,4839.496,1,0.1999999999998181,BACKFILL_AUTO
2026-06-19 07:03:36,1781852616,R_10,4839.405,-1,0.09100000000034925,BACKFILL_AUTO
2026-06-19 07:03:38,1781852618,R_10,4839.304,-1,0.10099999999965803,BACKFILL_AUTO
2026-06-19 07:03:40,1781852620,R_10,4839.088,-1,0.21600000000034925,BACKFILL_AUTO
2026-06-19 07:03:42,1781852622,R_10,4839.026,-1,0.06199999999989814,BACKFILL_AUTO
2026-06-19 07:03:44,1781852624,R_10,4839.219,1,0.193000000000211,BACKFILL_AUTO
2026-06-19 07:03:46,1781852626,R_10,4839.199,-1,0.020000000000436557,BACKFILL_AUTO
2026-06-19 07:03:48,1781852628,R_10,4839.162,-1,0.03699999999935244,BACKFILL_AUTO
2026-06-19 07:03:50,1781852630,R_10,4839.209,1,0.04699999999957072,BACKFILL_AUTO
2026-06-19 07:03:52,1781852632,R_10,4839.352,1,0.1430000000000291,BACKFILL_AUTO
2026-06-19 07:03:54,1781852634,R_10,4839.412,1,0.06000000000040018,BACKFILL_AUTO
2026-06-19 07:03:56,1781852636,R_10,4839.566,1,0.15399999999954161,BACKFILL_AUTO
2026-06-19 07:03:58,1781852638,R_10,4839.461,-1,0.10499999999956344,BACKFILL_AUTO
2026-06-19 07:04:00,1781852640,R_10,4839.421,-1,0.03999999999996362,BACKFILL_AUTO
2026-06-19 07:04:02,1781852642,R_10,4839.513,1,0.09199999999964348,BACKFILL_AUTO
2026-06-19 07:04:04,1781852644,R_10,4839.854,1,0.34100000000034925,BACKFILL_AUTO
2026-06-19 07:04:06,1781852646,R_10,4839.805,-1,0.04899999999997817,BACKFILL_AUTO
2026-06-19 07:04:08,1781852648,R_10,4839.923,1,0.11799999999948341,BACKFILL_AUTO
2026-06-19 07:04:10,1781852650,R_10,4839.836,-1,0.08699999999953434,BACKFILL_AUTO
2026-06-19 07:04:12,1781852652,R_10,4839.962,1,0.12600000000020373,BACKFILL_AUTO
2026-06-19 07:04:14,1781852654,R_10,4839.891,-1,0.07100000000082218,BACKFILL_AUTO
2026-06-19 07:04:16,1781852656,R_10,4839.983,1,0.09200000000055297,BACKFILL_AUTO
2026-06-19 07:04:18,1781852658,R_10,4839.978,-1,0.005000000000109139,BACKFILL_AUTO
2026-06-19 07:04:20,1781852660,R_10,4839.834,-1,0.14400000000023283,BACKFILL_AUTO
2026-06-19 07:04:22,1781852662,R_10,4839.978,1,0.14400000000023283,BACKFILL_AUTO
2026-06-19 07:04:24,1781852664,R_10,4839.916,-1,0.06199999999989814,BACKFILL_AUTO
2026-06-19 07:04:26,1781852666,R_10,4839.786,-1,0.13000000000010914,BACKFILL_AUTO
2026-06-19 07:04:28,1781852668,R_10,4839.814,1,0.028000000000247383,BACKFILL_AUTO
2026-06-19 07:04:30,1781852670,R_10,4839.842,1,0.027999999999337888,BACKFILL_AUTO
2026-06-19 07:04:32,1781852672,R_10,4839.793,-1,0.04899999999997817,BACKFILL_AUTO
2026-06-19 07:04:34,1781852674,R_10,4840.023,1,0.23000000000047294,BACKFILL_AUTO
2026-06-19 07:04:36,1781852676,R_10,4840.249,1,0.22599999999965803,BACKFILL_AUTO
2026-06-19 07:04:38,1781852678,R_10,4840.094,-1,0.15499999999974534,BACKFILL_AUTO
2026-06-19 07:04:40,1781852680,R_10,4839.984,-1,0.10999999999967258,BACKFILL_AUTO
2026-06-19 07:04:42,1781852682,R_10,4840.048,1,0.0639999999993961,BACKFILL_AUTO
2026-06-19 07:04:44,1781852684,R_10,4839.961,-1,0.08699999999953434,BACKFILL_AUTO
2026-06-19 07:04:46,1781852686,R_10,4839.815,-1,0.14600000000064028,BACKFILL_AUTO
2026-06-19 07:04:48,1781852688,R_10,4839.942,1,0.12700000000040745,BACKFILL_AUTO
2026-06-19 07:04:50,1781852690,R_10,4839.83,-1,0.11200000000008004,BACKFILL_AUTO
2026-06-19 07:04:52,1781852692,R_10,4839.765,-1,0.06499999999959982,BACKFILL_AUTO
2026-06-19 07:04:54,1781852694,R_10,4839.632,-1,0.13300000000072032,BACKFILL_AUTO
2026-06-19 07:04:56,1781852696,R_10,4839.474,-1,0.15799999999944703,BACKFILL_AUTO
2026-06-19 07:04:58,1781852698,R_10,4839.557,1,0.08299999999962893,BACKFILL_AUTO
2026-06-19 07:05:00,1781852700,R_10,4839.446,-1,0.11099999999987631,BACKFILL_AUTO
2026-06-19 07:05:02,1781852702,R_10,4839.579,1,0.13299999999981083,BACKFILL_AUTO
2026-06-19 07:05:04,1781852704,R_10,4839.521,-1,0.057999999999992724,BACKFILL_AUTO
2026-06-19 07:05:06,1781852706,R_10,4839.454,-1,0.06700000000000728,BACKFILL_AUTO
2026-06-19 07:05:08,1781852708,R_10,4839.534,1,0.07999999999992724,BACKFILL_AUTO
2026-06-19 07:05:10,1781852710,R_10,4839.575,1,0.04100000000016735,BACKFILL_AUTO
2026-06-19 07:05:12,1781852712,R_10,4839.711,1,0.136000000000422,BACKFILL_AUTO
2026-06-19 07:05:14,1781852714,R_10,4839.818,1,0.1069999999999709,BACKFILL_AUTO
2026-06-19 07:05:16,1781852716,R_10,4840.147,1,0.3289999999997235,BACKFILL_AUTO
2026-06-19 07:05:18,1781852718,R_10,4840.232,1,0.08500000000003638,BACKFILL_AUTO
2026-06-19 07:05:20,1781852720,R_10,4840.329,1,0.09699999999975262,BACKFILL_AUTO
2026-06-19 07:05:22,1781852722,R_10,4840.318,-1,0.01099999999951251,BACKFILL_AUTO
2026-06-19 07:05:24,1781852724,R_10,4840.645,1,0.32700000000022555,BACKFILL_AUTO
2026-06-19 07:05:26,1781852726,R_10,4840.678,1,0.03299999999944703,BACKFILL_AUTO
2026-06-19 07:05:28,1781852728,R_10,4840.657,-1,0.02099999999973079,BACKFILL_AUTO
2026-06-19 07:05:30,1781852730,R_10,4840.582,-1,0.0749999999998181,BACKFILL_AUTO
2026-06-19 07:05:32,1781852732,R_10,4840.504,-1,0.07800000000042928,BACKFILL_AUTO
2026-06-19 07:05:34,1781852734,R_10,4840.366,-1,0.13799999999991996,BACKFILL_AUTO
2026-06-19 07:05:36,1781852736,R_10,4840.217,-1,0.14900000000034197,BACKFILL_AUTO
2026-06-19 07:05:38,1781852738,R_10,4840.215,-1,0.001999999999497959,BACKFILL_AUTO
2026-06-19 07:05:40,1781852740,R_10,4840.106,-1,0.10900000000037835,BACKFILL_AUTO
2026-06-19 07:05:42,1781852742,R_10,4839.975,-1,0.13099999999940337,BACKFILL_AUTO
2026-06-19 07:05:44,1781852744,R_10,4839.913,-1,0.06200000000080763,BACKFILL_AUTO
2026-06-19 07:05:46,1781852746,R_10,4839.724,-1,0.1889999999993961,BACKFILL_AUTO
2026-06-19 07:05:48,1781852748,R_10,4839.82,1,0.09599999999954889,BACKFILL_AUTO
2026-06-19 07:05:50,1781852750,R_10,4840.04,1,0.22000000000025466,BACKFILL_AUTO
2026-06-19 07:05:52,1781852752,R_10,4839.976,-1,0.06400000000030559,BACKFILL_AUTO
2026-06-19 07:05:54,1781852754,R_10,4840.095,1,0.11900000000059663,BACKFILL_AUTO
2026-06-19 07:05:56,1781852756,R_10,4840.132,1,0.03699999999935244,BACKFILL_AUTO
2026-06-19 07:05:58,1781852758,R_10,4840.229,1,0.09700000000066211,BACKFILL_AUTO
2026-06-19 07:06:00,1781852760,R_10,4840.42,1,0.19099999999980355,BACKFILL_AUTO
2026-06-19 07:06:02,1781852762,R_10,4840.207,-1,0.21299999999973807,BACKFILL_AUTO
2026-06-19 07:06:04,1781852764,R_10,4840.34,1,0.13299999999981083,BACKFILL_AUTO
2026-06-19 07:06:06,1781852766,R_10,4840.334,-1,0.006000000000312866,BACKFILL_AUTO
2026-06-19 07:06:08,1781852768,R_10,4840.286,-1,0.047999999999774445,BACKFILL_AUTO
2026-06-19 07:06:10,1781852770,R_10,4840.098,-1,0.18800000000010186,BACKFILL_AUTO
2026-06-19 07:06:12,1781852772,R_10,4840.227,1,0.1289999999999054,BACKFILL_AUTO
2026-06-19 07:06:14,1781852774,R_10,4840.105,-1,0.12200000000029831,BACKFILL_AUTO
2026-06-19 07:06:16,1781852776,R_10,4840.423,1,0.318000000000211,BACKFILL_AUTO
2026-06-19 07:06:18,1781852778,R_10,4840.658,1,0.23500000000058208,BACKFILL_AUTO
2026-06-19 07:06:20,1781852780,R_10,4840.736,1,0.07799999999951979,BACKFILL_AUTO
2026-06-19 07:06:22,1781852782,R_10,4840.955,1,0.21900000000005093,BACKFILL_AUTO
2026-06-19 07:06:24,1781852784,R_10,4840.976,1,0.02099999999973079,BACKFILL_AUTO
2026-06-19 07:06:26,1781852786,R_10,4840.743,-1,0.23299999999926513,BACKFILL_AUTO
2026-06-19 07:06:28,1781852788,R_10,4840.645,-1,0.09799999999995634,BACKFILL_AUTO
2026-06-19 07:06:30,1781852790,R_10,4840.479,-1,0.16600000000016735,BACKFILL_AUTO
2026-06-19 07:06:32,1781852792,R_10,4840.41,-1,0.06900000000041473,BACKFILL_AUTO
2026-06-19 07:06:34,1781852794,R_10,4840.198,-1,0.21199999999953434,BACKFILL_AUTO
2026-06-19 07:06:36,1781852796,R_10,4840.299,1,0.10099999999965803,BACKFILL_AUTO
2026-06-19 07:06:38,1781852798,R_10,4840.404,1,0.10500000000047294,BACKFILL_AUTO
2026-06-19 07:06:40,1781852800,R_10,4840.467,1,0.06299999999919237,BACKFILL_AUTO
2026-06-19 07:06:42,1781852802,R_10,4840.601,1,0.13400000000001455,BACKFILL_AUTO
2026-06-19 07:06:44,1781852804,R_10,4840.559,-1,0.04199999999946158,BACKFILL_AUTO
2026-06-19 07:06:46,1781852806,R_10,4840.365,-1,0.19400000000041473,BACKFILL_AUTO
2026-06-19 07:06:48,1781852808,R_10,4840.267,-1,0.09799999999995634,BACKFILL_AUTO
2026-06-19 07:06:50,1781852810,R_10,4840.165,-1,0.10199999999986176,BACKFILL_AUTO
2026-06-19 07:06:52,1781852812,R_10,4840.107,-1,0.057999999999992724,BACKFILL_AUTO
2026-06-19 07:06:54,1781852814,R_10,4840.072,-1,0.03499999999985448,BACKFILL_AUTO
2026-06-19 07:06:56,1781852816,R_10,4840.004,-1,0.068000000000211,BACKFILL_AUTO
2026-06-19 07:06:58,1781852818,R_10,4840.047,1,0.042999999999665306,BACKFILL_AUTO
2026-06-19 07:07:00,1781852820,R_10,4840.108,1,0.061000000000603904,BACKFILL_AUTO
2026-06-19 07:07:02,1781852822,R_10,4840.145,1,0.037000000000261934,BACKFILL_AUTO
2026-06-19 07:07:04,1781852824,R_10,4840.324,1,0.17899999999917782,BACKFILL_AUTO
2026-06-19 07:07:06,1781852826,R_10,4840.274,-1,0.049999999999272404,BACKFILL_AUTO
2026-06-19 07:07:08,1781852828,R_10,4840.443,1,0.16899999999986903,BACKFILL_AUTO
2026-06-19 07:07:10,1781852830,R_10,4840.525,1,0.0819999999994252,BACKFILL_AUTO
2026-06-19 07:07:12,1781852832,R_10,4840.328,-1,0.19699999999920692,BACKFILL_AUTO
2026-06-19 07:07:14,1781852834,R_10,4840.537,1,0.20899999999983265,BACKFILL_AUTO
2026-06-19 07:07:16,1781852836,R_10,4840.581,1,0.04399999999986903,BACKFILL_AUTO
2026-06-19 07:07:18,1781852838,R_10,4840.618,1,0.037000000000261934,BACKFILL_AUTO
2026-06-19 07:07:20,1781852840,R_10,4840.798,1,0.17999999999938154,BACKFILL_AUTO
2026-06-19 07:07:22,1781852842,R_10,4840.702,-1,0.09599999999954889,BACKFILL_AUTO
2026-06-19 07:07:24,1781852844,R_10,4840.68,-1,0.021999999999934516,BACKFILL_AUTO
2026-06-19 07:07:26,1781852846,R_10,4840.635,-1,0.04500000000007276,BACKFILL_AUTO
2026-06-19 07:07:28,1781852848,R_10,4840.744,1,0.10899999999946886,BACKFILL_AUTO
2026-06-19 07:07:30,1781852850,R_10,4840.72,-1,0.023999999999432475,BACKFILL_AUTO
2026-06-19 07:07:32,1781852852,R_10,4840.654,-1,0.06599999999980355,BACKFILL_AUTO
2026-06-19 07:07:34,1781852854,R_10,4840.57,-1,0.08400000000074215,BACKFILL_AUTO
2026-06-19 07:07:36,1781852856,R_10,4840.619,1,0.04899999999997817,BACKFILL_AUTO
2026-06-19 07:07:38,1781852858,R_10,4840.438,-1,0.18099999999958527,BACKFILL_AUTO
2026-06-19 07:07:40,1781852860,R_10,4840.381,-1,0.056999999999789,BACKFILL_AUTO
2026-06-19 07:07:42,1781852862,R_10,4840.466,1,0.08500000000003638,BACKFILL_AUTO
2026-06-19 07:07:44,1781852864,R_10,4840.582,1,0.11599999999998545,BACKFILL_AUTO
2026-06-19 07:07:46,1781852866,R_10,4840.482,-1,0.1000000000003638,BACKFILL_AUTO
2026-06-19 07:07:48,1781852868,R_10,4840.481,-1,0.0010000000002037268,BACKFILL_AUTO
2026-06-19 07:07:50,1781852870,R_10,4840.406,-1,0.0749999999998181,BACKFILL_AUTO
2026-06-19 07:07:52,1781852872,R_10,4840.381,-1,0.024999999999636202,BACKFILL_AUTO
2026-06-19 07:07:54,1781852874,R_10,4840.683,1,0.30199999999967986,BACKFILL_AUTO
2026-06-19 07:07:56,1781852876,R_10,4840.932,1,0.24899999999979627,BACKFILL_AUTO
2026-06-19 07:07:58,1781852878,R_10,4840.991,1,0.05900000000019645,BACKFILL_AUTO
2026-06-19 07:08:00,1781852880,R_10,4840.864,-1,0.12700000000040745,BACKFILL_AUTO
2026-06-19 07:08:02,1781852882,R_10,4840.993,1,0.1290000000008149,BACKFILL_AUTO
2026-06-19 07:08:04,1781852884,R_10,4841.087,1,0.09400000000005093,BACKFILL_AUTO
2026-06-19 07:08:06,1781852886,R_10,4841.085,-1,0.0020000000004074536,BACKFILL_AUTO
2026-06-19 07:08:08,1781852888,R_10,4840.974,-1,0.11099999999987631,BACKFILL_AUTO
2026-06-19 07:08:10,1781852890,R_10,4840.796,-1,0.17799999999988358,BACKFILL_AUTO
2026-06-19 07:08:12,1781852892,R_10,4840.778,-1,0.018000000000029104,BACKFILL_AUTO
2026-06-19 07:08:14,1781852894,R_10,4841.083,1,0.30499999999938154,BACKFILL_AUTO
2026-06-19 07:08:16,1781852896,R_10,4841.059,-1,0.023999999999432475,BACKFILL_AUTO
2026-06-19 07:08:18,1781852898,R_10,4840.953,-1,0.10599999999976717,BACKFILL_AUTO
2026-06-19 07:08:20,1781852900,R_10,4841.036,1,0.08299999999962893,BACKFILL_AUTO
2026-06-19 07:08:22,1781852902,R_10,4840.86,-1,0.17600000000038563,BACKFILL_AUTO
2026-06-19 07:08:24,1781852904,R_10,4840.887,1,0.027000000000043656,BACKFILL_AUTO
2026-06-19 07:08:26,1781852906,R_10,4840.997,1,0.11000000000058208,BACKFILL_AUTO
2026-06-19 07:08:28,1781852908,R_10,4840.972,-1,0.025000000000545697,BACKFILL_AUTO
2026-06-19 07:08:30,1781852910,R_10,4841.064,1,0.09200000000055297,BACKFILL_AUTO
2026-06-19 07:08:32,1781852912,R_10,4840.988,-1,0.07600000000002183,BACKFILL_AUTO
2026-06-19 07:08:34,1781852914,R_10,4841.126,1,0.13799999999991996,BACKFILL_AUTO
2026-06-19 07:08:36,1781852916,R_10,4840.967,-1,0.15900000000056025,BACKFILL_AUTO
2026-06-19 07:08:38,1781852918,R_10,4840.975,1,0.00800000000072032,BACKFILL_AUTO
2026-06-19 07:08:40,1781852920,R_10,4841.033,1,0.057999999999992724,BACKFILL_AUTO
2026-06-19 07:08:42,1781852922,R_10,4841.019,-1,0.014000000000123691,BACKFILL_AUTO
2026-06-19 07:08:44,1781852924,R_10,4840.91,-1,0.10900000000037835,BACKFILL_AUTO
2026-06-19 07:08:46,1781852926,R_10,4840.955,1,0.04500000000007276,BACKFILL_AUTO
2026-06-19 07:08:48,1781852928,R_10,4840.872,-1,0.08299999999962893,BACKFILL_AUTO
2026-06-19 07:08:50,1781852930,R_10,4840.789,-1,0.08300000000053842,BACKFILL_AUTO
2026-06-19 07:08:52,1781852932,R_10,4840.618,-1,0.170999999999367,BACKFILL_AUTO
2026-06-19 07:08:54,1781852934,R_10,4840.785,1,0.16699999999946158,BACKFILL_AUTO
2026-06-19 07:08:56,1781852936,R_10,4840.851,1,0.06599999999980355,BACKFILL_AUTO
2026-06-19 07:08:58,1781852938,R_10,4840.951,1,0.1000000000003638,BACKFILL_AUTO
2026-06-19 07:09:00,1781852940,R_10,4840.696,-1,0.25500000000010914,BACKFILL_AUTO
2026-06-19 07:09:02,1781852942,R_10,4840.554,-1,0.14199999999982538,BACKFILL_AUTO
2026-06-19 07:09:04,1781852944,R_10,4840.658,1,0.10400000000026921,BACKFILL_AUTO
2026-06-19 07:09:06,1781852946,R_10,4840.554,-1,0.10400000000026921,BACKFILL_AUTO
2026-06-19 07:09:08,1781852948,R_10,4840.569,1,0.015000000000327418,BACKFILL_AUTO
2026-06-19 07:09:10,1781852950,R_10,4840.576,1,0.006999999999607098,BACKFILL_AUTO
2026-06-19 07:09:12,1781852952,R_10,4840.524,-1,0.05199999999967986,BACKFILL_AUTO
2026-06-19 07:09:14,1781852954,R_10,4840.546,1,0.021999999999934516,BACKFILL_AUTO
2026-06-19 07:09:16,1781852956,R_10,4840.296,-1,0.25,BACKFILL_AUTO
2026-06-19 07:09:18,1781852958,R_10,4840.308,1,0.011999999999716238,BACKFILL_AUTO
2026-06-19 07:09:20,1781852960,R_10,4840.307,-1,0.0010000000002037268,BACKFILL_AUTO
2026-06-19 07:09:22,1781852962,R_10,4840.244,-1,0.06300000000010186,BACKFILL_AUTO
2026-06-19 07:09:24,1781852964,R_10,4840.348,1,0.10400000000026921,BACKFILL_AUTO
2026-06-19 07:09:26,1781852966,R_10,4840.313,-1,0.03499999999985448,BACKFILL_AUTO
2026-06-19 07:09:28,1781852968,R_10,4840.472,1,0.15899999999965075,BACKFILL_AUTO
2026-06-19 07:09:30,1781852970,R_10,4840.379,-1,0.0929999999998472,BACKFILL_AUTO
2026-06-19 07:09:32,1781852972,R_10,4840.518,1,0.1390000000001237,BACKFILL_AUTO
2026-06-19 07:09:34,1781852974,R_10,4840.64,1,0.12200000000029831,BACKFILL_AUTO
2026-06-19 07:09:36,1781852976,R_10,4840.912,1,0.2719999999999345,BACKFILL_AUTO
2026-06-19 07:09:38,1781852978,R_10,4840.895,-1,0.016999999999825377,BACKFILL_AUTO
2026-06-19 07:09:40,1781852980,R_10,4840.718,-1,0.17700000000058935,BACKFILL_AUTO
2026-06-19 07:09:42,1781852982,R_10,4840.913,1,0.19499999999970896,BACKFILL_AUTO
2026-06-19 07:09:44,1781852984,R_10,4840.888,-1,0.024999999999636202,BACKFILL_AUTO
2026-06-19 07:09:46,1781852986,R_10,4841.193,1,0.30500000000029104,BACKFILL_AUTO
2026-06-19 07:09:48,1781852988,R_10,4841.108,-1,0.08500000000003638,BACKFILL_AUTO
2026-06-19 07:09:50,1781852990,R_10,4841.204,1,0.09599999999954889,BACKFILL_AUTO
2026-06-19 07:09:52,1781852992,R_10,4841.306,1,0.10199999999986176,BACKFILL_AUTO
2026-06-19 07:09:54,1781852994,R_10,4841.209,-1,0.09699999999975262,BACKFILL_AUTO
2026-06-19 07:09:56,1781852996,R_10,4841.251,1,0.042000000000371074,BACKFILL_AUTO
2026-06-19 07:09:58,1781852998,R_10,4841.056,-1,0.19500000000061846,BACKFILL_AUTO
2026-06-19 07:10:00,1781853000,R_10,4841.079,1,0.023000000000138243,BACKFILL_AUTO
2026-06-19 07:10:02,1781853002,R_10,4840.852,-1,0.22699999999986176,BACKFILL_AUTO
2026-06-19 07:10:04,1781853004,R_10,4840.766,-1,0.0860000000002401,BACKFILL_AUTO
2026-06-19 07:10:06,1781853006,R_10,4840.846,1,0.07999999999992724,BACKFILL_AUTO
2026-06-19 07:10:08,1781853008,R_10,4840.915,1,0.06900000000041473,BACKFILL_AUTO
2026-06-19 07:10:10,1781853010,R_10,4841.016,1,0.10099999999965803,BACKFILL_AUTO
2026-06-19 07:10:12,1781853012,R_10,4840.834,-1,0.181999999999789,BACKFILL_AUTO
2026-06-19 07:10:14,1781853014,R_10,4840.791,-1,0.042999999999665306,BACKFILL_AUTO
2026-06-19 07:10:16,1781853016,R_10,4841.035,1,0.24399999999968713,BACKFILL_AUTO
2026-06-19 07:10:18,1781853018,R_10,4841.272,1,0.23700000000008004,BACKFILL_AUTO
2026-06-19 07:10:20,1781853020,R_10,4841.241,-1,0.03099999999994907,BACKFILL_AUTO
2026-06-19 07:10:22,1781853022,R_10,4841.136,-1,0.10499999999956344,BACKFILL_AUTO
2026-06-19 07:10:24,1781853024,R_10,4840.923,-1,0.21300000000064756,BACKFILL_AUTO
2026-06-19 07:10:26,1781853026,R_10,4840.885,-1,0.03799999999955617,BACKFILL_AUTO
2026-06-19 07:10:28,1781853028,R_10,4840.793,-1,0.09200000000055297,BACKFILL_AUTO
2026-06-19 07:10:30,1781853030,R_10,4840.781,-1,0.011999999999716238,BACKFILL_AUTO
2026-06-19 07:10:32,1781853032,R_10,4840.72,-1,0.06099999999969441,BACKFILL_AUTO
2026-06-19 07:10:34,1781853034,R_10,4840.626,-1,0.09400000000005093,BACKFILL_AUTO
2026-06-19 07:10:36,1781853036,R_10,4840.52,-1,0.10599999999976717,BACKFILL_AUTO
2026-06-19 07:10:38,1781853038,R_10,4840.412,-1,0.10800000000017462,BACKFILL_AUTO
2026-06-19 07:10:40,1781853040,R_10,4840.632,1,0.21999999999934516,BACKFILL_AUTO
2026-06-19 07:10:42,1781853042,R_10,4840.457,-1,0.1749999999992724,BACKFILL_AUTO
2026-06-19 07:10:44,1781853044,R_10,4840.61,1,0.1529999999993379,BACKFILL_AUTO
2026-06-19 07:10:46,1781853046,R_10,4840.537,-1,0.07299999999941065,BACKFILL_AUTO
2026-06-19 07:10:48,1781853048,R_10,4840.607,1,0.06999999999970896,BACKFILL_AUTO
2026-06-19 07:10:50,1781853050,R_10,4840.734,1,0.12700000000040745,BACKFILL_AUTO
2026-06-19 07:10:52,1781853052,R_10,4840.569,-1,0.16499999999996362,BACKFILL_AUTO
2026-06-19 07:10:54,1781853054,R_10,4840.7,1,0.13099999999940337,BACKFILL_AUTO
2026-06-19 07:10:56,1781853056,R_10,4840.58,-1,0.11999999999989086,BACKFILL_AUTO
2026-06-19 07:10:58,1781853058,R_10,4840.716,1,0.136000000000422,BACKFILL_AUTO
2026-06-19 07:11:00,1781853060,R_10,4840.55,-1,0.16600000000016735,BACKFILL_AUTO
2026-06-19 07:11:02,1781853062,R_10,4840.541,-1,0.009000000000014552,BACKFILL_AUTO
2026-06-19 07:11:04,1781853064,R_10,4840.678,1,0.13699999999971624,BACKFILL_AUTO
2026-06-19 07:11:06,1781853066,R_10,4840.455,-1,0.22299999999995634,BACKFILL_AUTO
2026-06-19 07:11:08,1781853068,R_10,4840.547,1,0.09199999999964348,BACKFILL_AUTO
2026-06-19 07:11:10,1781853070,R_10,4840.639,1,0.09200000000055297,BACKFILL_AUTO
2026-06-19 07:11:12,1781853072,R_10,4840.825,1,0.1859999999996944,BACKFILL_AUTO
2026-06-19 07:11:14,1781853074,R_10,4840.874,1,0.04899999999997817,BACKFILL_AUTO
2026-06-19 07:11:16,1781853076,R_10,4840.939,1,0.06500000000050932,BACKFILL_AUTO
2026-06-19 07:11:18,1781853078,R_10,4841.113,1,0.17399999999997817,BACKFILL_AUTO
2026-06-19 07:11:20,1781853080,R_10,4841.154,1,0.04100000000016735,BACKFILL_AUTO
2026-06-19 07:11:22,1781853082,R_10,4841.36,1,0.20599999999922147,BACKFILL_AUTO
2026-06-19 07:11:24,1781853084,R_10,4841.387,1,0.027000000000043656,BACKFILL_AUTO
2026-06-19 07:11:26,1781853086,R_10,4841.324,-1,0.06300000000010186,BACKFILL_AUTO
2026-06-19 07:11:28,1781853088,R_10,4841.188,-1,0.1359999999995125,BACKFILL_AUTO
2026-06-19 07:11:30,1781853090,R_10,4841.381,1,0.193000000000211,BACKFILL_AUTO
2026-06-19 07:11:32,1781853092,R_10,4841.193,-1,0.18800000000010186,BACKFILL_AUTO
2026-06-19 07:11:34,1781853094,R_10,4841.318,1,0.125,BACKFILL_AUTO
2026-06-19 07:11:36,1781853096,R_10,4841.245,-1,0.07300000000032014,BACKFILL_AUTO
2026-06-19 07:11:38,1781853098,R_10,4841.318,1,0.07300000000032014,BACKFILL_AUTO
2026-06-19 07:11:40,1781853100,R_10,4841.376,1,0.057999999999992724,BACKFILL_AUTO
2026-06-19 07:11:42,1781853102,R_10,4841.42,1,0.04399999999986903,BACKFILL_AUTO
2026-06-19 07:11:44,1781853104,R_10,4841.336,-1,0.08399999999983265,BACKFILL_AUTO
2026-06-19 07:11:46,1781853106,R_10,4841.52,1,0.18400000000019645,BACKFILL_AUTO
2026-06-19 07:11:48,1781853108,R_10,4841.551,1,0.03099999999994907,BACKFILL_AUTO
2026-06-19 07:11:50,1781853110,R_10,4841.648,1,0.09699999999975262,BACKFILL_AUTO
2026-06-19 07:11:52,1781853112,R_10,4841.625,-1,0.023000000000138243,BACKFILL_AUTO
2026-06-19 07:11:54,1781853114,R_10,4841.73,1,0.10499999999956344,BACKFILL_AUTO
2026-06-19 07:11:56,1781853116,R_10,4841.776,1,0.046000000000276486,BACKFILL_AUTO
2026-06-19 07:11:58,1781853118,R_10,4841.808,1,0.032000000000152795,BACKFILL_AUTO
2026-06-19 07:12:00,1781853120,R_10,4841.935,1,0.12700000000040745,BACKFILL_AUTO
2026-06-19 07:12:02,1781853122,R_10,4841.932,-1,0.0030000000006111804,BACKFILL_AUTO
2026-06-19 07:12:04,1781853124,R_10,4842.047,1,0.11499999999978172,BACKFILL_AUTO
2026-06-19 07:12:06,1781853126,R_10,4842.384,1,0.33700000000044383,BACKFILL_AUTO
2026-06-19 07:12:08,1781853128,R_10,4842.469,1,0.08500000000003638,BACKFILL_AUTO
2026-06-19 07:12:10,1781853130,R_10,4842.558,1,0.08899999999994179,BACKFILL_AUTO
2026-06-19 07:12:12,1781853132,R_10,4842.465,-1,0.0929999999998472,BACKFILL_AUTO
2026-06-19 07:12:14,1781853134,R_10,4842.648,1,0.18299999999999272,BACKFILL_AUTO
2026-06-19 07:12:16,1781853136,R_10,4842.522,-1,0.12600000000020373,BACKFILL_AUTO
2026-06-19 07:12:18,1781853138,R_10,4842.553,1,0.03099999999994907,BACKFILL_AUTO
2026-06-19 07:12:20,1781853140,R_10,4842.607,1,0.05400000000008731,BACKFILL_AUTO
2026-06-19 07:12:22,1781853142,R_10,4842.66,1,0.052999999999883585,BACKFILL_AUTO
2026-06-19 07:12:24,1781853144,R_10,4842.748,1,0.08799999999973807,BACKFILL_AUTO
2026-06-19 07:12:26,1781853146,R_10,4842.691,-1,0.056999999999789,BACKFILL_AUTO
2026-06-19 07:12:28,1781853148,R_10,4842.769,1,0.07800000000042928,BACKFILL_AUTO
2026-06-19 07:12:30,1781853150,R_10,4842.561,-1,0.20800000000053842,BACKFILL_AUTO
2026-06-19 07:12:32,1781853152,R_10,4842.627,1,0.06600000000071304,BACKFILL_AUTO
2026-06-19 07:12:34,1781853154,R_10,4842.711,1,0.08399999999983265,BACKFILL_AUTO
2026-06-19 07:12:36,1781853156,R_10,4842.742,1,0.03099999999994907,BACKFILL_AUTO
2026-06-19 07:12:38,1781853158,R_10,4842.863,1,0.12100000000009459,BACKFILL_AUTO
2026-06-19 07:12:40,1781853160,R_10,4842.878,1,0.014999999999417923,BACKFILL_AUTO
2026-06-19 07:12:42,1781853162,R_10,4842.902,1,0.02400000000034197,BACKFILL_AUTO
2026-06-19 07:12:44,1781853164,R_10,4842.751,-1,0.15099999999983993,BACKFILL_AUTO
2026-06-19 07:12:46,1781853166,R_10,4842.632,-1,0.11900000000059663,BACKFILL_AUTO
2026-06-19 07:12:48,1781853168,R_10,4842.652,1,0.020000000000436557,BACKFILL_AUTO
2026-06-19 07:12:50,1781853170,R_10,4842.783,1,0.13100000000031287,BACKFILL_AUTO
2026-06-19 07:12:52,1781853172,R_10,4842.916,1,0.13299999999981083,BACKFILL_AUTO
2026-06-19 07:12:54,1781853174,R_10,4842.942,1,0.02599999999983993,BACKFILL_AUTO
2026-06-19 07:12:56,1781853176,R_10,4843.149,1,0.2070000000003347,BACKFILL_AUTO
2026-06-19 07:12:58,1781853178,R_10,4843.192,1,0.042999999999665306,BACKFILL_AUTO
2026-06-19 07:13:00,1781853180,R_10,4843.318,1,0.12600000000020373,BACKFILL_AUTO
2026-06-19 07:13:02,1781853182,R_10,4843.301,-1,0.016999999999825377,BACKFILL_AUTO
2026-06-19 07:13:04,1781853184,R_10,4843.374,1,0.07299999999941065,BACKFILL_AUTO
2026-06-19 07:13:06,1781853186,R_10,4843.496,1,0.12200000000029831,BACKFILL_AUTO
2026-06-19 07:13:08,1781853188,R_10,4843.589,1,0.0929999999998472,BACKFILL_AUTO
2026-06-19 07:13:10,1781853190,R_10,4843.451,-1,0.13799999999991996,BACKFILL_AUTO
2026-06-19 07:13:12,1781853192,R_10,4843.264,-1,0.18699999999989814,BACKFILL_AUTO
2026-06-19 07:13:14,1781853194,R_10,4843.217,-1,0.04700000000048021,BACKFILL_AUTO
2026-06-19 07:13:16,1781853196,R_10,4843.171,-1,0.04599999999936699,BACKFILL_AUTO
2026-06-19 07:13:18,1781853198,R_10,4843.16,-1,0.011000000000422006,BACKFILL_AUTO
2026-06-19 07:13:20,1781853200,R_10,4843.228,1,0.068000000000211,BACKFILL_AUTO
2026-06-19 07:13:22,1781853202,R_10,4843.333,1,0.10499999999956344,BACKFILL_AUTO
2026-06-19 07:13:24,1781853204,R_10,4843.223,-1,0.10999999999967258,BACKFILL_AUTO
2026-06-19 07:13:26,1781853206,R_10,4843.248,1,0.024999999999636202,BACKFILL_AUTO
2026-06-19 07:13:28,1781853208,R_10,4843.119,-1,0.1289999999999054,BACKFILL_AUTO
2026-06-19 07:13:30,1781853210,R_10,4842.887,-1,0.2319999999999709,BACKFILL_AUTO
2026-06-19 07:13:32,1781853212,R_10,4842.802,-1,0.08500000000003638,BACKFILL_AUTO
2026-06-19 07:13:34,1781853214,R_10,4842.903,1,0.10100000000056752,BACKFILL_AUTO
2026-06-19 07:13:36,1781853216,R_10,4843.053,1,0.1499999999996362,BACKFILL_AUTO
2026-06-19 07:13:38,1781853218,R_10,4843.101,1,0.047999999999774445,BACKFILL_AUTO
2026-06-19 07:13:40,1781853220,R_10,4843.028,-1,0.07299999999941065,BACKFILL_AUTO
2026-06-19 07:13:42,1781853222,R_10,4842.919,-1,0.10900000000037835,BACKFILL_AUTO
2026-06-19 07:13:44,1781853224,R_10,4842.881,-1,0.03799999999955617,BACKFILL_AUTO
2026-06-19 07:13:46,1781853226,R_10,4842.87,-1,0.011000000000422006,BACKFILL_AUTO
2026-06-19 07:13:48,1781853228,R_10,4842.881,1,0.011000000000422006,BACKFILL_AUTO
2026-06-19 07:13:50,1781853230,R_10,4843.059,1,0.17799999999988358,BACKFILL_AUTO
2026-06-19 07:13:52,1781853232,R_10,4843.103,1,0.04399999999986903,BACKFILL_AUTO
2026-06-19 07:13:54,1781853234,R_10,4843.052,-1,0.051000000000385626,BACKFILL_AUTO
2026-06-19 07:13:56,1781853236,R_10,4842.837,-1,0.21499999999923602,BACKFILL_AUTO
2026-06-19 07:13:58,1781853238,R_10,4842.778,-1,0.05900000000019645,BACKFILL_AUTO
2026-06-19 07:14:00,1781853240,R_10,4842.909,1,0.13099999999940337,BACKFILL_AUTO
2026-06-19 07:14:02,1781853242,R_10,4842.966,1,0.05700000000069849,BACKFILL_AUTO
2026-06-19 07:14:04,1781853244,R_10,4842.75,-1,0.21600000000034925,BACKFILL_AUTO
2026-06-19 07:14:06,1781853246,R_10,4842.74,-1,0.010000000000218279,BACKFILL_AUTO
2026-06-19 07:14:08,1781853248,R_10,4842.747,1,0.007000000000516593,BACKFILL_AUTO
2026-06-19 07:14:10,1781853250,R_10,4842.68,-1,0.06700000000000728,BACKFILL_AUTO
2026-06-19 07:14:12,1781853252,R_10,4842.729,1,0.04899999999997817,BACKFILL_AUTO
2026-06-19 07:14:14,1781853254,R_10,4842.631,-1,0.09799999999995634,BACKFILL_AUTO
2026-06-19 07:14:16,1781853256,R_10,4842.683,1,0.05199999999967986,BACKFILL_AUTO
2026-06-19 07:14:18,1781853258,R_10,4842.778,1,0.09500000000025466,BACKFILL_AUTO
2026-06-19 07:14:20,1781853260,R_10,4842.779,1,0.0010000000002037268,BACKFILL_AUTO
2026-06-19 07:14:22,1781853262,R_10,4842.734,-1,0.04500000000007276,BACKFILL_AUTO
2026-06-19 07:14:24,1781853264,R_10,4842.751,1,0.016999999999825377,BACKFILL_AUTO
2026-06-19 07:14:26,1781853266,R_10,4842.828,1,0.07700000000022555,BACKFILL_AUTO
2026-06-19 07:14:28,1781853268,R_10,4842.792,-1,0.03600000000005821,BACKFILL_AUTO
2026-06-19 07:14:30,1781853270,R_10,4842.673,-1,0.11900000000059663,BACKFILL_AUTO
2026-06-19 07:14:32,1781853272,R_10,4842.707,1,0.03400000000056025,BACKFILL_AUTO
2026-06-19 07:14:34,1781853274,R_10,4842.686,-1,0.021000000000640284,BACKFILL_AUTO
2026-06-19 07:14:36,1781853276,R_10,4842.757,1,0.07099999999991269,BACKFILL_AUTO
2026-06-19 07:14:38,1781853278,R_10,4842.728,-1,0.028999999999541615,BACKFILL_AUTO
2026-06-19 07:14:40,1781853280,R_10,4842.418,-1,0.3100000000004002,BACKFILL_AUTO
2026-06-19 07:14:42,1781853282,R_10,4842.494,1,0.07600000000002183,BACKFILL_AUTO
2026-06-19 07:14:44,1781853284,R_10,4842.328,-1,0.16599999999925785,BACKFILL_AUTO
2026-06-19 07:14:46,1781853286,R_10,4842.197,-1,0.13100000000031287,BACKFILL_AUTO
2026-06-19 07:14:48,1781853288,R_10,4842.316,1,0.11899999999968713,BACKFILL_AUTO
2026-06-19 07:14:50,1781853290,R_10,4842.333,1,0.016999999999825377,BACKFILL_AUTO
2026-06-19 07:14:52,1781853292,R_10,4842.297,-1,0.03600000000005821,BACKFILL_AUTO
2026-06-19 07:14:54,1781853294,R_10,4842.361,1,0.06400000000030559,BACKFILL_AUTO
2026-06-19 07:14:56,1781853296,R_10,4842.46,1,0.09900000000016007,BACKFILL_AUTO
2026-06-19 07:14:58,1781853298,R_10,4842.605,1,0.14499999999952706,BACKFILL_AUTO
2026-06-19 07:15:00,1781853300,R_10,4842.52,-1,0.08499999999912689,BACKFILL_AUTO
2026-06-19 07:15:02,1781853302,R_10,4842.508,-1,0.012000000000625732,BACKFILL_AUTO
2026-06-19 07:15:04,1781853304,R_10,4842.565,1,0.056999999999789,BACKFILL_AUTO
2026-06-19 07:15:06,1781853306,R_10,4842.624,1,0.05900000000019645,BACKFILL_AUTO
2026-06-19 07:15:08,1781853308,R_10,4842.583,-1,0.04100000000016735,BACKFILL_AUTO
2026-06-19 07:15:10,1781853310,R_10,4842.745,1,0.16200000000026193,BACKFILL_AUTO
2026-06-19 07:15:12,1781853312,R_10,4842.992,1,0.24700000000029831,BACKFILL_AUTO
2026-06-19 07:15:14,1781853314,R_10,4843.125,1,0.13299999999981083,BACKFILL_AUTO
2026-06-19 07:15:16,1781853316,R_10,4843.126,1,0.0010000000002037268,BACKFILL_AUTO
2026-06-19 07:15:18,1781853318,R_10,4843.096,-1,0.030000000000654836,BACKFILL_AUTO
2026-06-19 07:15:20,1781853320,R_10,4843.141,1,0.04500000000007276,BACKFILL_AUTO
2026-06-19 07:15:22,1781853322,R_10,4843.245,1,0.10400000000026921,BACKFILL_AUTO
2026-06-19 07:15:24,1781853324,R_10,4843.317,1,0.07200000000011642,BACKFILL_AUTO
2026-06-19 07:15:26,1781853326,R_10,4843.319,1,0.0020000000004074536,BACKFILL_AUTO
2026-06-19 07:15:28,1781853328,R_10,4843.201,-1,0.1180000000003929,BACKFILL_AUTO
2026-06-19 07:15:30,1781853330,R_10,4843.077,-1,0.12399999999979627,BACKFILL_AUTO
2026-06-19 07:15:32,1781853332,R_10,4843.135,1,0.057999999999992724,BACKFILL_AUTO
2026-06-19 07:15:34,1781853334,R_10,4843.232,1,0.09699999999975262,BACKFILL_AUTO
2026-06-19 07:15:36,1781853336,R_10,4843.323,1,0.09100000000034925,BACKFILL_AUTO
2026-06-19 07:15:38,1781853338,R_10,4843.345,1,0.021999999999934516,BACKFILL_AUTO
2026-06-19 07:15:40,1781853340,R_10,4843.173,-1,0.1720000000004802,BACKFILL_AUTO
2026-06-19 07:15:42,1781853342,R_10,4843.314,1,0.14100000000053114,BACKFILL_AUTO
2026-06-19 07:15:44,1781853344,R_10,4843.244,-1,0.07000000000061846,BACKFILL_AUTO
2026-06-19 07:15:46,1781853346,R_10,4843.258,1,0.014000000000123691,BACKFILL_AUTO
2026-06-19 07:15:48,1781853348,R_10,4842.985,-1,0.27300000000013824,BACKFILL_AUTO
2026-06-19 07:15:50,1781853350,R_10,4842.789,-1,0.1959999999999127,BACKFILL_AUTO
2026-06-19 07:15:52,1781853352,R_10,4842.798,1,0.009000000000014552,BACKFILL_AUTO
2026-06-19 07:15:54,1781853354,R_10,4842.839,1,0.04100000000016735,BACKFILL_AUTO
2026-06-19 07:15:56,1781853356,R_10,4842.871,1,0.032000000000152795,BACKFILL_AUTO
2026-06-19 07:15:58,1781853358,R_10,4842.68,-1,0.19099999999980355,BACKFILL_AUTO
2026-06-19 07:16:00,1781853360,R_10,4842.788,1,0.10799999999926513,BACKFILL_AUTO
2026-06-19 07:16:02,1781853362,R_10,4842.774,-1,0.013999999999214197,BACKFILL_AUTO
2026-06-19 07:16:04,1781853364,R_10,4842.571,-1,0.20300000000042928,BACKFILL_AUTO
2026-06-19 07:16:06,1781853366,R_10,4842.589,1,0.018000000000029104,BACKFILL_AUTO
2026-06-19 07:16:08,1781853368,R_10,4842.714,1,0.125,BACKFILL_AUTO
2026-06-19 07:16:10,1781853370,R_10,4842.571,-1,0.1430000000000291,BACKFILL_AUTO
2026-06-19 07:16:12,1781853372,R_10,4842.549,-1,0.021999999999934516,BACKFILL_AUTO
2026-06-19 07:16:14,1781853374,R_10,4842.513,-1,0.03600000000005821,BACKFILL_AUTO
2026-06-19 07:16:16,1781853376,R_10,4842.44,-1,0.07300000000032014,BACKFILL_AUTO
2026-06-19 07:16:18,1781853378,R_10,4842.512,1,0.07200000000011642,BACKFILL_AUTO
2026-06-19 07:16:20,1781853380,R_10,4842.682,1,0.17000000000007276,BACKFILL_AUTO
2026-06-19 07:16:22,1781853382,R_10,4842.786,1,0.10400000000026921,BACKFILL_AUTO
2026-06-19 07:16:24,1781853384,R_10,4842.674,-1,0.11200000000008004,BACKFILL_AUTO
2026-06-19 07:16:26,1781853386,R_10,4842.685,1,0.011000000000422006,BACKFILL_AUTO
2026-06-19 07:16:28,1781853388,R_10,4842.52,-1,0.16499999999996362,BACKFILL_AUTO
2026-06-19 07:16:30,1781853390,R_10,4842.441,-1,0.07900000000063301,BACKFILL_AUTO
2026-06-19 07:16:32,1781853392,R_10,4842.491,1,0.0500000000001819,BACKFILL_AUTO
2026-06-19 07:16:34,1781853394,R_10,4842.491,0,0.0,BACKFILL_AUTO
2026-06-19 07:16:36,1781853396,R_10,4842.495,1,0.0039999999999054126,BACKFILL_AUTO
2026-06-19 07:16:38,1781853398,R_10,4842.411,-1,0.08399999999983265,BACKFILL_AUTO
2026-06-19 07:16:40,1781853400,R_10,4842.39,-1,0.02099999999973079,BACKFILL_AUTO
2026-06-19 07:16:42,1781853402,R_10,4842.167,-1,0.22299999999995634,BACKFILL_AUTO
2026-06-19 07:16:44,1781853404,R_10,4842.171,1,0.0039999999999054126,BACKFILL_AUTO
2026-06-19 07:16:46,1781853406,R_10,4842.384,1,0.21299999999973807,BACKFILL_AUTO
2026-06-19 07:16:48,1781853408,R_10,4842.648,1,0.2640000000001237,BACKFILL_AUTO
2026-06-19 07:16:50,1781853410,R_10,4842.792,1,0.14400000000023283,BACKFILL_AUTO
2026-06-19 07:16:52,1781853412,R_10,4842.915,1,0.12299999999959255,BACKFILL_AUTO
2026-06-19 07:16:54,1781853414,R_10,4842.927,1,0.011999999999716238,BACKFILL_AUTO
2026-06-19 07:16:56,1781853416,R_10,4842.919,-1,0.007999999999810825,BACKFILL_AUTO
2026-06-19 07:16:58,1781853418,R_10,4842.865,-1,0.05400000000008731,BACKFILL_AUTO
2026-06-19 07:17:00,1781853420,R_10,4842.817,-1,0.047999999999774445,BACKFILL_AUTO
2026-06-19 07:17:02,1781853422,R_10,4843.049,1,0.2319999999999709,BACKFILL_AUTO
2026-06-19 07:17:04,1781853424,R_10,4843.153,1,0.10400000000026921,BACKFILL_AUTO
2026-06-19 07:17:06,1781853426,R_10,4843.282,1,0.1289999999999054,BACKFILL_AUTO
2026-06-19 07:17:08,1781853428,R_10,4843.136,-1,0.1459999999997308,BACKFILL_AUTO
2026-06-19 07:17:10,1781853430,R_10,4843.06,-1,0.07600000000002183,BACKFILL_AUTO
2026-06-19 07:17:12,1781853432,R_10,4843.112,1,0.05199999999967986,BACKFILL_AUTO
2026-06-19 07:17:14,1781853434,R_10,4843.119,1,0.006999999999607098,BACKFILL_AUTO
2026-06-19 07:17:16,1781853436,R_10,4843.254,1,0.13500000000021828,BACKFILL_AUTO
2026-06-19 07:17:18,1781853438,R_10,4843.185,-1,0.06899999999950523,BACKFILL_AUTO
2026-06-19 07:17:20,1781853440,R_10,4843.237,1,0.05199999999967986,BACKFILL_AUTO
2026-06-19 07:17:22,1781853442,R_10,4843.322,1,0.08500000000003638,BACKFILL_AUTO
2026-06-19 07:17:24,1781853444,R_10,4843.382,1,0.05999999999949068,BACKFILL_AUTO
2026-06-19 07:17:26,1781853446,R_10,4843.373,-1,0.009000000000014552,BACKFILL_AUTO
2026-06-19 07:17:28,1781853448,R_10,4843.53,1,0.1570000000001528,BACKFILL_AUTO
2026-06-19 07:17:30,1781853450,R_10,4843.479,-1,0.05099999999947613,BACKFILL_AUTO
2026-06-19 07:17:32,1781853452,R_10,4843.389,-1,0.09000000000014552,BACKFILL_AUTO
2026-06-19 07:17:34,1781853454,R_10,4843.299,-1,0.09000000000014552,BACKFILL_AUTO
2026-06-19 07:17:36,1781853456,R_10,4843.25,-1,0.04899999999997817,BACKFILL_AUTO
2026-06-19 07:17:38,1781853458,R_10,4843.203,-1,0.04699999999957072,BACKFILL_AUTO
2026-06-19 07:17:40,1781853460,R_10,4843.208,1,0.004999999999199645,BACKFILL_AUTO
2026-06-19 07:17:42,1781853462,R_10,4843.195,-1,0.012999999999919964,BACKFILL_AUTO
2026-06-19 07:17:44,1781853464,R_10,4843.168,-1,0.027000000000043656,BACKFILL_AUTO
2026-06-19 07:17:46,1781853466,R_10,4843.19,1,0.021999999999934516,BACKFILL_AUTO
2026-06-19 07:17:48,1781853468,R_10,4843.305,1,0.11500000000069122,BACKFILL_AUTO
2026-06-19 07:17:50,1781853470,R_10,4843.38,1,0.0749999999998181,BACKFILL_AUTO
2026-06-19 07:17:52,1781853472,R_10,4843.557,1,0.17699999999967986,BACKFILL_AUTO
2026-06-19 07:17:54,1781853474,R_10,4843.631,1,0.07400000000052387,BACKFILL_AUTO
2026-06-19 07:17:56,1781853476,R_10,4843.528,-1,0.10300000000006548,BACKFILL_AUTO
2026-06-19 07:17:58,1781853478,R_10,4843.679,1,0.15099999999983993,BACKFILL_AUTO
2026-06-19 07:18:00,1781853480,R_10,4843.705,1,0.02599999999983993,BACKFILL_AUTO
2026-06-19 07:18:02,1781853482,R_10,4843.658,-1,0.04699999999957072,BACKFILL_AUTO
2026-06-19 07:18:04,1781853484,R_10,4843.696,1,0.03799999999955617,BACKFILL_AUTO
2026-06-19 07:18:06,1781853486,R_10,4843.581,-1,0.11499999999978172,BACKFILL_AUTO
2026-06-19 07:18:08,1781853488,R_10,4843.571,-1,0.010000000000218279,BACKFILL_AUTO
2026-06-19 07:18:10,1781853490,R_10,4843.561,-1,0.010000000000218279,BACKFILL_AUTO
2026-06-19 07:18:12,1781853492,R_10,4843.524,-1,0.03699999999935244,BACKFILL_AUTO
2026-06-19 07:18:14,1781853494,R_10,4843.788,1,0.2639999999992142,BACKFILL_AUTO
2026-06-19 07:18:16,1781853496,R_10,4843.794,1,0.006000000000312866,BACKFILL_AUTO
2026-06-19 07:18:18,1781853498,R_10,4844.011,1,0.21700000000055297,BACKFILL_AUTO
2026-06-19 07:18:20,1781853500,R_10,4843.767,-1,0.24400000000059663,BACKFILL_AUTO
2026-06-19 07:18:22,1781853502,R_10,4843.842,1,0.0749999999998181,BACKFILL_AUTO
2026-06-19 07:18:24,1781853504,R_10,4843.958,1,0.11599999999998545,BACKFILL_AUTO
2026-06-19 07:18:26,1781853506,R_10,4844.028,1,0.07000000000061846,BACKFILL_AUTO
2026-06-19 07:18:28,1781853508,R_10,4843.99,-1,0.03800000000046566,BACKFILL_AUTO
2026-06-19 07:18:30,1781853510,R_10,4844.052,1,0.06199999999989814,BACKFILL_AUTO
2026-06-19 07:18:32,1781853512,R_10,4844.116,1,0.06400000000030559,BACKFILL_AUTO
2026-06-19 07:18:34,1781853514,R_10,4844.21,1,0.09400000000005093,BACKFILL_AUTO
2026-06-19 07:18:36,1781853516,R_10,4844.348,1,0.13799999999991996,BACKFILL_AUTO
2026-06-19 07:18:38,1781853518,R_10,4844.35,1,0.0020000000004074536,BACKFILL_AUTO
2026-06-19 07:18:40,1781853520,R_10,4844.576,1,0.22599999999965803,BACKFILL_AUTO
2026-06-19 07:18:42,1781853522,R_10,4844.571,-1,0.005000000000109139,BACKFILL_AUTO
2026-06-19 07:18:44,1781853524,R_10,4844.622,1,0.051000000000385626,BACKFILL_AUTO
2026-06-19 07:18:46,1781853526,R_10,4844.573,-1,0.04899999999997817,BACKFILL_AUTO
2026-06-19 07:18:48,1781853528,R_10,4844.606,1,0.03299999999944703,BACKFILL_AUTO
2026-06-19 07:18:50,1781853530,R_10,4844.491,-1,0.11499999999978172,BACKFILL_AUTO
2026-06-19 07:18:52,1781853532,R_10,4844.54,1,0.04899999999997817,BACKFILL_AUTO
2026-06-19 07:18:54,1781853534,R_10,4844.617,1,0.07700000000022555,BACKFILL_AUTO
2026-06-19 07:18:56,1781853536,R_10,4844.646,1,0.028999999999541615,BACKFILL_AUTO
2026-06-19 07:18:58,1781853538,R_10,4844.405,-1,0.24099999999998545,BACKFILL_AUTO
2026-06-19 07:19:00,1781853540,R_10,4844.547,1,0.14199999999982538,BACKFILL_AUTO
2026-06-19 07:19:02,1781853542,R_10,4844.533,-1,0.013999999999214197,BACKFILL_AUTO
2026-06-19 07:19:04,1781853544,R_10,4844.455,-1,0.07800000000042928,BACKFILL_AUTO
2026-06-19 07:19:06,1781853546,R_10,4844.275,-1,0.18000000000029104,BACKFILL_AUTO
2026-06-19 07:19:08,1781853548,R_10,4844.397,1,0.12200000000029831,BACKFILL_AUTO
2026-06-19 07:19:10,1781853550,R_10,4844.362,-1,0.03499999999985448,BACKFILL_AUTO
2026-06-19 07:19:12,1781853552,R_10,4844.562,1,0.1999999999998181,BACKFILL_AUTO
2026-06-19 07:19:14,1781853554,R_10,4844.526,-1,0.03600000000005821,BACKFILL_AUTO
2026-06-19 07:19:16,1781853556,R_10,4844.692,1,0.16600000000016735,BACKFILL_AUTO
2026-06-19 07:19:18,1781853558,R_10,4844.681,-1,0.011000000000422006,BACKFILL_AUTO
2026-06-19 07:19:20,1781853560,R_10,4844.74,1,0.05900000000019645,BACKFILL_AUTO
2026-06-19 07:19:22,1781853562,R_10,4844.59,-1,0.1499999999996362,BACKFILL_AUTO
2026-06-19 07:19:24,1781853564,R_10,4844.457,-1,0.13299999999981083,BACKFILL_AUTO
2026-06-19 07:19:26,1781853566,R_10,4844.579,1,0.12199999999938882,BACKFILL_AUTO
2026-06-19 07:19:28,1781853568,R_10,4844.375,-1,0.2039999999997235,BACKFILL_AUTO
2026-06-19 07:19:30,1781853570,R_10,4844.363,-1,0.011999999999716238,BACKFILL_AUTO
2026-06-19 07:19:32,1781853572,R_10,4844.476,1,0.11299999999937427,BACKFILL_AUTO
2026-06-19 07:19:34,1781853574,R_10,4844.599,1,0.12300000000050204,BACKFILL_AUTO
2026-06-19 07:19:36,1781853576,R_10,4844.614,1,0.014999999999417923,BACKFILL_AUTO
2026-06-19 07:19:38,1781853578,R_10,4844.622,1,0.00800000000072032,BACKFILL_AUTO
2026-06-19 07:19:40,1781853580,R_10,4844.79,1,0.1679999999996653,BACKFILL_AUTO
2026-06-19 07:19:42,1781853582,R_10,4844.845,1,0.05500000000029104,BACKFILL_AUTO
2026-06-19 07:19:44,1781853584,R_10,4844.773,-1,0.07200000000011642,BACKFILL_AUTO
2026-06-19 07:19:46,1781853586,R_10,4844.802,1,0.028999999999541615,BACKFILL_AUTO
2026-06-19 07:19:48,1781853588,R_10,4844.728,-1,0.07399999999961437,BACKFILL_AUTO
2026-06-19 07:19:50,1781853590,R_10,4844.734,1,0.006000000000312866,BACKFILL_AUTO
2026-06-19 07:19:52,1781853592,R_10,4844.72,-1,0.014000000000123691,BACKFILL_AUTO
2026-06-19 07:19:54,1781853594,R_10,4844.476,-1,0.24400000000059663,BACKFILL_AUTO
2026-06-19 07:19:56,1781853596,R_10,4844.466,-1,0.009999999999308784,BACKFILL_AUTO
2026-06-19 07:19:58,1781853598,R_10,4844.621,1,0.15499999999974534,BACKFILL_AUTO
2026-06-19 07:20:00,1781853600,R_10,4844.796,1,0.1750000000001819,BACKFILL_AUTO
2026-06-19 07:20:02,1781853602,R_10,4844.907,1,0.11099999999987631,BACKFILL_AUTO
2026-06-19 07:20:04,1781853604,R_10,4844.925,1,0.018000000000029104,BACKFILL_AUTO
2026-06-19 07:20:06,1781853606,R_10,4845.192,1,0.2669999999998254,BACKFILL_AUTO
2026-06-19 07:20:08,1781853608,R_10,4845.15,-1,0.042000000000371074,BACKFILL_AUTO
2026-06-19 07:20:10,1781853610,R_10,4845.151,1,0.0010000000002037268,BACKFILL_AUTO
2026-06-19 07:20:12,1781853612,R_10,4845.427,1,0.27599999999983993,BACKFILL_AUTO
2026-06-19 07:20:14,1781853614,R_10,4845.37,-1,0.056999999999789,BACKFILL_AUTO
2026-06-19 07:20:16,1781853616,R_10,4845.497,1,0.12700000000040745,BACKFILL_AUTO
2026-06-19 07:20:18,1781853618,R_10,4845.415,-1,0.0820000000003347,BACKFILL_AUTO
2026-06-19 07:20:20,1781853620,R_10,4845.428,1,0.012999999999919964,BACKFILL_AUTO
2026-06-19 07:20:22,1781853622,R_10,4845.419,-1,0.009000000000014552,BACKFILL_AUTO
2026-06-19 07:20:24,1781853624,R_10,4845.445,1,0.02599999999983993,BACKFILL_AUTO
2026-06-19 07:20:26,1781853626,R_10,4845.703,1,0.2580000000007203,BACKFILL_AUTO
2026-06-19 07:20:28,1781853628,R_10,4845.585,-1,0.1180000000003929,BACKFILL_AUTO
2026-06-19 07:20:30,1781853630,R_10,4845.594,1,0.009000000000014552,BACKFILL_AUTO
2026-06-19 07:20:32,1781853632,R_10,4845.758,1,0.1639999999997599,BACKFILL_AUTO
2026-06-19 07:20:34,1781853634,R_10,4845.68,-1,0.07799999999951979,BACKFILL_AUTO
2026-06-19 07:20:36,1781853636,R_10,4845.922,1,0.24199999999927968,BACKFILL_AUTO
2026-06-19 07:20:38,1781853638,R_10,4845.748,-1,0.17399999999997817,BACKFILL_AUTO
2026-06-19 07:20:40,1781853640,R_10,4845.737,-1,0.01099999999951251,BACKFILL_AUTO
2026-06-19 07:20:42,1781853642,R_10,4845.919,1,0.181999999999789,BACKFILL_AUTO
2026-06-19 07:20:44,1781853644,R_10,4845.848,-1,0.07099999999991269,BACKFILL_AUTO
2026-06-19 07:20:46,1781853646,R_10,4846.083,1,0.23499999999967258,BACKFILL_AUTO
2026-06-19 07:20:48,1781853648,R_10,4846.254,1,0.1710000000002765,BACKFILL_AUTO
2026-06-19 07:20:50,1781853650,R_10,4846.285,1,0.03099999999994907,BACKFILL_AUTO
2026-06-19 07:20:52,1781853652,R_10,4846.319,1,0.03400000000056025,BACKFILL_AUTO
2026-06-19 07:20:54,1781853654,R_10,4846.148,-1,0.1710000000002765,BACKFILL_AUTO
2026-06-19 07:20:56,1781853656,R_10,4846.194,1,0.046000000000276486,BACKFILL_AUTO
2026-06-19 07:20:58,1781853658,R_10,4846.231,1,0.03699999999935244,BACKFILL_AUTO
2026-06-19 07:21:00,1781853660,R_10,4846.251,1,0.020000000000436557,BACKFILL_AUTO
2026-06-19 07:21:02,1781853662,R_10,4846.246,-1,0.005000000000109139,BACKFILL_AUTO
2026-06-19 07:21:04,1781853664,R_10,4845.962,-1,0.28399999999965075,BACKFILL_AUTO
2026-06-19 07:21:06,1781853666,R_10,4845.83,-1,0.1320000000005166,BACKFILL_AUTO
2026-06-19 07:21:08,1781853668,R_10,4845.634,-1,0.1959999999999127,BACKFILL_AUTO
2026-06-19 07:21:10,1781853670,R_10,4845.549,-1,0.08500000000003638,BACKFILL_AUTO
2026-06-19 07:21:12,1781853672,R_10,4845.507,-1,0.042000000000371074,BACKFILL_AUTO
2026-06-19 07:21:14,1781853674,R_10,4845.687,1,0.18000000000029104,BACKFILL_AUTO
2026-06-19 07:21:16,1781853676,R_10,4845.627,-1,0.05999999999949068,BACKFILL_AUTO
2026-06-19 07:21:18,1781853678,R_10,4845.375,-1,0.25200000000040745,BACKFILL_AUTO
2026-06-19 07:21:20,1781853680,R_10,4845.298,-1,0.07700000000022555,BACKFILL_AUTO
2026-06-19 07:21:22,1781853682,R_10,4845.294,-1,0.0039999999999054126,BACKFILL_AUTO
2026-06-19 07:21:24,1781853684,R_10,4845.297,1,0.0029999999997016857,BACKFILL_AUTO
2026-06-19 07:21:26,1781853686,R_10,4845.289,-1,0.007999999999810825,BACKFILL_AUTO
2026-06-19 07:21:28,1781853688,R_10,4845.322,1,0.03300000000035652,BACKFILL_AUTO
2026-06-19 07:21:30,1781853690,R_10,4845.304,-1,0.018000000000029104,BACKFILL_AUTO
2026-06-19 07:21:32,1781853692,R_10,4845.189,-1,0.11499999999978172,BACKFILL_AUTO
2026-06-19 07:21:34,1781853694,R_10,4845.089,-1,0.1000000000003638,BACKFILL_AUTO
2026-06-19 07:21:36,1781853696,R_10,4845.067,-1,0.021999999999934516,BACKFILL_AUTO
2026-06-19 07:21:38,1781853698,R_10,4844.947,-1,0.11999999999989086,BACKFILL_AUTO
2026-06-19 07:21:40,1781853700,R_10,4845.123,1,0.17599999999947613,BACKFILL_AUTO
2026-06-19 07:21:42,1781853702,R_10,4845.06,-1,0.06299999999919237,BACKFILL_AUTO
2026-06-19 07:21:44,1781853704,R_10,4845.028,-1,0.032000000000152795,BACKFILL_AUTO
2026-06-19 07:21:46,1781853706,R_10,4845.169,1,0.14099999999962165,BACKFILL_AUTO
2026-06-19 07:21:48,1781853708,R_10,4844.969,-1,0.1999999999998181,BACKFILL_AUTO
2026-06-19 07:21:50,1781853710,R_10,4844.871,-1,0.09799999999995634,BACKFILL_AUTO
2026-06-19 07:21:52,1781853712,R_10,4845.007,1,0.1359999999995125,BACKFILL_AUTO
2026-06-19 07:21:54,1781853714,R_10,4845.269,1,0.26200000000062573,BACKFILL_AUTO
2026-06-19 07:21:56,1781853716,R_10,4845.402,1,0.13299999999981083,BACKFILL_AUTO
2026-06-19 07:21:58,1781853718,R_10,4845.462,1,0.06000000000040018,BACKFILL_AUTO
2026-06-19 07:22:00,1781853720,R_10,4845.629,1,0.16699999999946158,BACKFILL_AUTO
2026-06-19 07:22:02,1781853722,R_10,4845.474,-1,0.15499999999974534,BACKFILL_AUTO
2026-06-19 07:22:04,1781853724,R_10,4845.603,1,0.1289999999999054,BACKFILL_AUTO
2026-06-19 07:22:06,1781853726,R_10,4845.603,0,0.0,BACKFILL_AUTO
2026-06-19 07:22:08,1781853728,R_10,4845.577,-1,0.02599999999983993,BACKFILL_AUTO
2026-06-19 07:22:10,1781853730,R_10,4845.756,1,0.1790000000000873,BACKFILL_AUTO
2026-06-19 07:22:12,1781853732,R_10,4845.809,1,0.052999999999883585,BACKFILL_AUTO
2026-06-19 07:22:14,1781853734,R_10,4845.77,-1,0.03899999999975989,BACKFILL_AUTO
2026-06-19 07:22:16,1781853736,R_10,4845.372,-1,0.39800000000013824,BACKFILL_AUTO
2026-06-19 07:22:18,1781853738,R_10,4845.515,1,0.1430000000000291,BACKFILL_AUTO
2026-06-19 07:22:20,1781853740,R_10,4845.672,1,0.1569999999992433,BACKFILL_AUTO
2026-06-19 07:22:22,1781853742,R_10,4845.659,-1,0.012999999999919964,BACKFILL_AUTO
2026-06-19 07:22:24,1781853744,R_10,4845.624,-1,0.03499999999985448,BACKFILL_AUTO
2026-06-19 07:22:26,1781853746,R_10,4845.578,-1,0.04599999999936699,BACKFILL_AUTO
2026-06-19 07:22:28,1781853748,R_10,4845.534,-1,0.04400000000077853,BACKFILL_AUTO
2026-06-19 07:22:30,1781853750,R_10,4845.547,1,0.012999999999919964,BACKFILL_AUTO
2026-06-19 07:22:32,1781853752,R_10,4845.613,1,0.06600000000071304,BACKFILL_AUTO
2026-06-19 07:22:34,1781853754,R_10,4845.637,1,0.023999999999432475,BACKFILL_AUTO
2026-06-19 07:22:36,1781853756,R_10,4845.705,1,0.068000000000211,BACKFILL_AUTO
2026-06-19 07:22:38,1781853758,R_10,4845.721,1,0.01599999999962165,BACKFILL_AUTO
2026-06-19 07:22:40,1781853760,R_10,4845.697,-1,0.023999999999432475,BACKFILL_AUTO
2026-06-19 07:22:42,1781853762,R_10,4845.601,-1,0.09600000000045839,BACKFILL_AUTO
2026-06-19 07:22:44,1781853764,R_10,4845.479,-1,0.12199999999938882,BACKFILL_AUTO
2026-06-19 07:22:46,1781853766,R_10,4845.595,1,0.11599999999998545,BACKFILL_AUTO
2026-06-19 07:22:48,1781853768,R_10,4845.59,-1,0.005000000000109139,BACKFILL_AUTO
2026-06-19 07:22:50,1781853770,R_10,4845.491,-1,0.09900000000016007,BACKFILL_AUTO
2026-06-19 07:22:52,1781853772,R_10,4845.617,1,0.12600000000020373,BACKFILL_AUTO
2026-06-19 07:22:54,1781853774,R_10,4845.662,1,0.04500000000007276,BACKFILL_AUTO
2026-06-19 07:22:56,1781853776,R_10,4845.465,-1,0.19700000000011642,BACKFILL_AUTO
2026-06-19 07:22:58,1781853778,R_10,4845.422,-1,0.0430000000005748,BACKFILL_AUTO
2026-06-19 07:23:00,1781853780,R_10,4845.472,1,0.0500000000001819,BACKFILL_AUTO
2026-06-19 07:23:02,1781853782,R_10,4845.436,-1,0.03600000000005821,BACKFILL_AUTO
2026-06-19 07:23:04,1781853784,R_10,4845.376,-1,0.05999999999949068,BACKFILL_AUTO
2026-06-19 07:23:06,1781853786,R_10,4845.302,-1,0.07400000000052387,BACKFILL_AUTO
2026-06-19 07:23:08,1781853788,R_10,4845.255,-1,0.04699999999957072,BACKFILL_AUTO
2026-06-19 07:23:10,1781853790,R_10,4845.146,-1,0.10900000000037835,BACKFILL_AUTO
2026-06-19 07:23:12,1781853792,R_10,4845.282,1,0.136000000000422,BACKFILL_AUTO
2026-06-19 07:23:14,1781853794,R_10,4845.337,1,0.05500000000029104,BACKFILL_AUTO
2026-06-19 07:23:16,1781853796,R_10,4845.302,-1,0.035000000000763976,BACKFILL_AUTO
2026-06-19 07:23:18,1781853798,R_10,4845.586,1,0.28400000000056025,BACKFILL_AUTO
2026-06-19 07:23:20,1781853800,R_10,4845.573,-1,0.012999999999919964,BACKFILL_AUTO
2026-06-19 07:23:22,1781853802,R_10,4845.377,-1,0.1959999999999127,BACKFILL_AUTO
2026-06-19 07:23:24,1781853804,R_10,4845.278,-1,0.09900000000016007,BACKFILL_AUTO
2026-06-19 07:23:26,1781853806,R_10,4845.01,-1,0.2680000000000291,BACKFILL_AUTO
2026-06-19 07:23:28,1781853808,R_10,4844.881,-1,0.1289999999999054,BACKFILL_AUTO
2026-06-19 07:23:30,1781853810,R_10,4844.817,-1,0.06400000000030559,BACKFILL_AUTO
2026-06-19 07:23:32,1781853812,R_10,4844.608,-1,0.20899999999983265,BACKFILL_AUTO
2026-06-19 07:23:34,1781853814,R_10,4844.653,1,0.04500000000007276,BACKFILL_AUTO
2026-06-19 07:23:36,1781853816,R_10,4844.725,1,0.07200000000011642,BACKFILL_AUTO
2026-06-19 07:23:38,1781853818,R_10,4844.602,-1,0.12300000000050204,BACKFILL_AUTO
2026-06-19 07:23:40,1781853820,R_10,4844.364,-1,0.23800000000028376,BACKFILL_AUTO
2026-06-19 07:23:42,1781853822,R_10,4844.68,1,0.31600000000071304,BACKFILL_AUTO
2026-06-19 07:23:44,1781853824,R_10,4844.839,1,0.15899999999965075,BACKFILL_AUTO
2026-06-19 07:23:46,1781853826,R_10,4844.729,-1,0.10999999999967258,BACKFILL_AUTO
2026-06-19 07:23:48,1781853828,R_10,4844.679,-1,0.0500000000001819,BACKFILL_AUTO
2026-06-19 07:23:50,1781853830,R_10,4844.624,-1,0.05500000000029104,BACKFILL_AUTO
2026-06-19 07:23:52,1781853832,R_10,4844.724,1,0.1000000000003638,BACKFILL_AUTO
2026-06-19 07:23:54,1781853834,R_10,4844.481,-1,0.2430000000003929,BACKFILL_AUTO
2026-06-19 07:23:56,1781853836,R_10,4844.338,-1,0.1430000000000291,BACKFILL_AUTO
2026-06-19 07:23:58,1781853838,R_10,4844.302,-1,0.03600000000005821,BACKFILL_AUTO
2026-06-19 07:24:00,1781853840,R_10,4844.293,-1,0.009000000000014552,BACKFILL_AUTO
2026-06-19 07:24:02,1781853842,R_10,4844.205,-1,0.08799999999973807,BACKFILL_AUTO
2026-06-19 07:24:04,1781853844,R_10,4844.145,-1,0.05999999999949068,BACKFILL_AUTO
2026-06-19 07:24:06,1781853846,R_10,4844.128,-1,0.01700000000073487,BACKFILL_AUTO
2026-06-19 07:24:08,1781853848,R_10,4844.177,1,0.04899999999997817,BACKFILL_AUTO
2026-06-19 07:24:10,1781853850,R_10,4844.189,1,0.012000000000625732,BACKFILL_AUTO
2026-06-19 07:24:12,1781853852,R_10,4843.993,-1,0.1959999999999127,BACKFILL_AUTO
2026-06-19 07:24:14,1781853854,R_10,4843.942,-1,0.051000000000385626,BACKFILL_AUTO
2026-06-19 07:24:16,1781853856,R_10,4843.974,1,0.032000000000152795,BACKFILL_AUTO
2026-06-19 07:24:18,1781853858,R_10,4843.916,-1,0.057999999999992724,BACKFILL_AUTO
2026-06-19 07:24:20,1781853860,R_10,4843.784,-1,0.1320000000005166,BACKFILL_AUTO
2026-06-19 07:24:22,1781853862,R_10,4843.684,-1,0.0999999999994543,BACKFILL_AUTO
2026-06-19 07:24:24,1781853864,R_10,4843.753,1,0.06899999999950523,BACKFILL_AUTO
2026-06-19 07:24:26,1781853866,R_10,4843.502,-1,0.25099999999929423,BACKFILL_AUTO
2026-06-19 07:24:28,1781853868,R_10,4843.37,-1,0.1320000000005166,BACKFILL_AUTO
2026-06-19 07:24:30,1781853870,R_10,4843.352,-1,0.018000000000029104,BACKFILL_AUTO
2026-06-19 07:24:32,1781853872,R_10,4843.179,-1,0.17299999999977445,BACKFILL_AUTO
2026-06-19 07:24:34,1781853874,R_10,4843.177,-1,0.0020000000004074536,BACKFILL_AUTO
2026-06-19 07:24:36,1781853876,R_10,4843.109,-1,0.06799999999930151,BACKFILL_AUTO
2026-06-19 07:24:38,1781853878,R_10,4843.077,-1,0.032000000000152795,BACKFILL_AUTO
2026-06-19 07:24:40,1781853880,R_10,4843.164,1,0.08699999999953434,BACKFILL_AUTO
2026-06-19 07:24:42,1781853882,R_10,4842.93,-1,0.23399999999946886,BACKFILL_AUTO
2026-06-19 07:24:44,1781853884,R_10,4843.076,1,0.1459999999997308,BACKFILL_AUTO
2026-06-19 07:24:46,1781853886,R_10,4843.05,-1,0.02599999999983993,BACKFILL_AUTO
2026-06-19 07:24:48,1781853888,R_10,4843.018,-1,0.032000000000152795,BACKFILL_AUTO
2026-06-19 07:24:50,1781853890,R_10,4843.178,1,0.15999999999985448,BACKFILL_AUTO
2026-06-19 07:24:52,1781853892,R_10,4843.202,1,0.02400000000034197,BACKFILL_AUTO
2026-06-19 07:24:54,1781853894,R_10,4843.347,1,0.14499999999952706,BACKFILL_AUTO
2026-06-19 07:24:56,1781853896,R_10,4843.222,-1,0.125,BACKFILL_AUTO
2026-06-19 07:24:58,1781853898,R_10,4843.124,-1,0.09799999999995634,BACKFILL_AUTO
2026-06-19 07:25:00,1781853900,R_10,4843.264,1,0.14000000000032742,BACKFILL_AUTO
2026-06-19 07:25:02,1781853902,R_10,4843.29,1,0.02599999999983993,BACKFILL_AUTO
2026-06-19 07:25:04,1781853904,R_10,4843.202,-1,0.08799999999973807,BACKFILL_AUTO
2026-06-19 07:25:06,1781853906,R_10,4843.073,-1,0.1289999999999054,BACKFILL_AUTO
2026-06-19 07:25:08,1781853908,R_10,4842.846,-1,0.22700000000077125,BACKFILL_AUTO
2026-06-19 07:25:10,1781853910,R_10,4842.653,-1,0.1929999999993015,BACKFILL_AUTO
2026-06-19 07:25:12,1781853912,R_10,4842.404,-1,0.24899999999979627,BACKFILL_AUTO
2026-06-19 07:25:14,1781853914,R_10,4842.313,-1,0.09100000000034925,BACKFILL_AUTO
2026-06-19 07:25:16,1781853916,R_10,4842.393,1,0.07999999999992724,BACKFILL_AUTO
2026-06-19 07:25:18,1781853918,R_10,4842.344,-1,0.04899999999997817,BACKFILL_AUTO
2026-06-19 07:25:20,1781853920,R_10,4842.305,-1,0.03899999999975989,BACKFILL_AUTO
2026-06-19 07:25:22,1781853922,R_10,4842.25,-1,0.05500000000029104,BACKFILL_AUTO
2026-06-19 07:25:24,1781853924,R_10,4842.415,1,0.16499999999996362,BACKFILL_AUTO
2026-06-19 07:25:26,1781853926,R_10,4842.54,1,0.125,BACKFILL_AUTO
2026-06-19 07:25:28,1781853928,R_10,4842.354,-1,0.1859999999996944,BACKFILL_AUTO
2026-06-19 07:25:30,1781853930,R_10,4842.166,-1,0.18800000000010186,BACKFILL_AUTO
2026-06-19 07:25:32,1781853932,R_10,4842.197,1,0.03099999999994907,BACKFILL_AUTO
2026-06-19 07:25:34,1781853934,R_10,4842.176,-1,0.02099999999973079,BACKFILL_AUTO
2026-06-19 07:25:36,1781853936,R_10,4842.453,1,0.27700000000004366,BACKFILL_AUTO
2026-06-19 07:25:38,1781853938,R_10,4842.44,-1,0.01300000000082946,BACKFILL_AUTO
2026-06-19 07:25:40,1781853940,R_10,4842.528,1,0.08800000000064756,BACKFILL_AUTO
2026-06-19 07:25:42,1781853942,R_10,4842.464,-1,0.06400000000030559,BACKFILL_AUTO
2026-06-19 07:25:44,1781853944,R_10,4842.485,1,0.02099999999973079,BACKFILL_AUTO
2026-06-19 07:25:46,1781853946,R_10,4842.672,1,0.18699999999989814,BACKFILL_AUTO
2026-06-19 07:25:48,1781853948,R_10,4842.662,-1,0.009999999999308784,BACKFILL_AUTO
2026-06-19 07:25:50,1781853950,R_10,4842.775,1,0.11299999999937427,BACKFILL_AUTO
2026-06-19 07:25:52,1781853952,R_10,4842.794,1,0.01900000000023283,BACKFILL_AUTO
2026-06-19 07:25:54,1781853954,R_10,4842.691,-1,0.10300000000006548,BACKFILL_AUTO
2026-06-19 07:25:56,1781853956,R_10,4842.779,1,0.08800000000064756,BACKFILL_AUTO
2026-06-19 07:25:58,1781853958,R_10,4842.922,1,0.1429999999991196,BACKFILL_AUTO
2026-06-19 07:26:00,1781853960,R_10,4842.766,-1,0.15599999999994907,BACKFILL_AUTO
2026-06-19 07:26:02,1781853962,R_10,4842.768,1,0.0020000000004074536,BACKFILL_AUTO
2026-06-19 07:26:04,1781853964,R_10,4842.541,-1,0.22699999999986176,BACKFILL_AUTO
2026-06-19 07:26:06,1781853966,R_10,4842.739,1,0.19799999999941065,BACKFILL_AUTO
2026-06-19 07:26:08,1781853968,R_10,4842.748,1,0.009000000000014552,BACKFILL_AUTO
2026-06-19 07:26:10,1781853970,R_10,4842.598,-1,0.1499999999996362,BACKFILL_AUTO
2026-06-19 07:26:12,1781853972,R_10,4842.765,1,0.16700000000037107,BACKFILL_AUTO
2026-06-19 07:26:14,1781853974,R_10,4842.853,1,0.08799999999973807,BACKFILL_AUTO
2026-06-19 07:26:16,1781853976,R_10,4842.8,-1,0.052999999999883585,BACKFILL_AUTO
2026-06-19 07:26:18,1781853978,R_10,4842.81,1,0.010000000000218279,BACKFILL_AUTO
2026-06-19 07:26:20,1781853980,R_10,4842.854,1,0.04399999999986903,BACKFILL_AUTO
2026-06-19 07:26:22,1781853982,R_10,4842.928,1,0.07399999999961437,BACKFILL_AUTO
2026-06-19 07:26:24,1781853984,R_10,4842.974,1,0.046000000000276486,BACKFILL_AUTO
2026-06-19 07:26:26,1781853986,R_10,4842.827,-1,0.14699999999993452,BACKFILL_AUTO
2026-06-19 07:26:28,1781853988,R_10,4842.76,-1,0.06700000000000728,BACKFILL_AUTO
2026-06-19 07:26:30,1781853990,R_10,4842.992,1,0.2319999999999709,BACKFILL_AUTO
2026-06-19 07:26:32,1781853992,R_10,4842.814,-1,0.17799999999988358,BACKFILL_AUTO
2026-06-19 07:26:34,1781853994,R_10,4842.661,-1,0.15300000000024738,BACKFILL_AUTO
2026-06-19 07:26:36,1781853996,R_10,4842.681,1,0.019999999999527063,BACKFILL_AUTO
2026-06-19 07:26:38,1781853998,R_10,4842.522,-1,0.15899999999965075,BACKFILL_AUTO
2026-06-19 07:26:40,1781854000,R_10,4842.384,-1,0.13799999999991996,BACKFILL_AUTO
2026-06-19 07:26:42,1781854002,R_10,4842.423,1,0.03899999999975989,BACKFILL_AUTO
2026-06-19 07:26:44,1781854004,R_10,4842.317,-1,0.10599999999976717,BACKFILL_AUTO
2026-06-19 07:26:46,1781854006,R_10,4842.355,1,0.03799999999955617,BACKFILL_AUTO
2026-06-19 07:26:48,1781854008,R_10,4842.219,-1,0.1359999999995125,BACKFILL_AUTO
2026-06-19 07:26:50,1781854010,R_10,4842.096,-1,0.12300000000050204,BACKFILL_AUTO
2026-06-19 07:26:52,1781854012,R_10,4842.164,1,0.068000000000211,BACKFILL_AUTO
2026-06-19 07:26:54,1781854014,R_10,4842.184,1,0.020000000000436557,BACKFILL_AUTO
2026-06-19 07:26:56,1781854016,R_10,4842.221,1,0.03699999999935244,BACKFILL_AUTO
2026-06-19 07:26:58,1781854018,R_10,4842.27,1,0.04900000000088767,BACKFILL_AUTO
2026-06-19 07:27:00,1781854020,R_10,4842.275,1,0.004999999999199645,BACKFILL_AUTO
2026-06-19 07:27:02,1781854022,R_10,4842.429,1,0.1540000000004511,BACKFILL_AUTO
2026-06-19 07:27:04,1781854024,R_10,4842.369,-1,0.06000000000040018,BACKFILL_AUTO
2026-06-19 07:27:06,1781854026,R_10,4842.227,-1,0.14199999999982538,BACKFILL_AUTO
2026-06-19 07:27:08,1781854028,R_10,4842.15,-1,0.07700000000022555,BACKFILL_AUTO
2026-06-19 07:27:10,1781854030,R_10,4842.039,-1,0.11099999999987631,BACKFILL_AUTO
2026-06-19 07:27:12,1781854032,R_10,4842.147,1,0.10800000000017462,BACKFILL_AUTO
2026-06-19 07:27:14,1781854034,R_10,4842.037,-1,0.10999999999967258,BACKFILL_AUTO
2026-06-19 07:27:16,1781854036,R_10,4841.949,-1,0.08800000000064756,BACKFILL_AUTO
2026-06-19 07:27:18,1781854038,R_10,4841.84,-1,0.10899999999946886,BACKFILL_AUTO
2026-06-19 07:27:20,1781854040,R_10,4841.513,-1,0.32700000000022555,BACKFILL_AUTO
2026-06-19 07:27:22,1781854042,R_10,4841.682,1,0.16899999999986903,BACKFILL_AUTO
2026-06-19 07:27:24,1781854044,R_10,4842.085,1,0.4030000000002474,BACKFILL_AUTO
2026-06-19 07:27:26,1781854046,R_10,4841.921,-1,0.1639999999997599,BACKFILL_AUTO
2026-06-19 07:27:28,1781854048,R_10,4842.028,1,0.1069999999999709,BACKFILL_AUTO
2026-06-19 07:27:30,1781854050,R_10,4842.045,1,0.016999999999825377,BACKFILL_AUTO
2026-06-19 07:27:32,1781854052,R_10,4841.94,-1,0.10500000000047294,BACKFILL_AUTO
2026-06-19 07:27:34,1781854054,R_10,4841.899,-1,0.04099999999925785,BACKFILL_AUTO
2026-06-19 07:27:36,1781854056,R_10,4841.899,0,0.0,BACKFILL_AUTO
2026-06-19 07:27:38,1781854058,R_10,4841.976,1,0.07699999999931606,BACKFILL_AUTO
2026-06-19 07:27:40,1781854060,R_10,4842.14,1,0.1640000000006694,BACKFILL_AUTO
2026-06-19 07:27:42,1781854062,R_10,4842.056,-1,0.08400000000074215,BACKFILL_AUTO
2026-06-19 07:27:44,1781854064,R_10,4842.126,1,0.07000000000061846,BACKFILL_AUTO
2026-06-19 07:27:46,1781854066,R_10,4841.964,-1,0.16200000000026193,BACKFILL_AUTO
2026-06-19 07:27:48,1781854068,R_10,4842.034,1,0.06999999999970896,BACKFILL_AUTO
2026-06-19 07:27:50,1781854070,R_10,4841.872,-1,0.16199999999935244,BACKFILL_AUTO
2026-06-19 07:27:52,1781854072,R_10,4841.823,-1,0.04899999999997817,BACKFILL_AUTO
2026-06-19 07:27:54,1781854074,R_10,4841.675,-1,0.14800000000013824,BACKFILL_AUTO
2026-06-19 07:27:56,1781854076,R_10,4841.843,1,0.1679999999996653,BACKFILL_AUTO
2026-06-19 07:27:58,1781854078,R_10,4841.796,-1,0.04699999999957072,BACKFILL_AUTO
2026-06-19 07:28:00,1781854080,R_10,4841.913,1,0.11699999999927968,BACKFILL_AUTO
2026-06-19 07:28:02,1781854082,R_10,4841.644,-1,0.26899999999932334,BACKFILL_AUTO
2026-06-19 07:28:04,1781854084,R_10,4841.455,-1,0.1890000000003056,BACKFILL_AUTO
2026-06-19 07:28:06,1781854086,R_10,4841.628,1,0.17299999999977445,BACKFILL_AUTO
2026-06-19 07:28:08,1781854088,R_10,4841.501,-1,0.12699999999949796,BACKFILL_AUTO
2026-06-19 07:28:10,1781854090,R_10,4841.384,-1,0.11700000000018917,BACKFILL_AUTO
2026-06-19 07:28:12,1781854092,R_10,4841.317,-1,0.06700000000000728,BACKFILL_AUTO
2026-06-19 07:28:14,1781854094,R_10,4841.35,1,0.03300000000035652,BACKFILL_AUTO
2026-06-19 07:28:16,1781854096,R_10,4841.257,-1,0.0930000000007567,BACKFILL_AUTO
2026-06-19 07:28:18,1781854098,R_10,4841.137,-1,0.11999999999989086,BACKFILL_AUTO
2026-06-19 07:28:20,1781854100,R_10,4841.137,0,0.0,BACKFILL_AUTO
2026-06-19 07:28:22,1781854102,R_10,4841.317,1,0.18000000000029104,BACKFILL_AUTO
2026-06-19 07:28:24,1781854104,R_10,4841.297,-1,0.020000000000436557,BACKFILL_AUTO
2026-06-19 07:28:26,1781854106,R_10,4841.345,1,0.04800000000068394,BACKFILL_AUTO
2026-06-19 07:28:28,1781854108,R_10,4841.411,1,0.06599999999980355,BACKFILL_AUTO
2026-06-19 07:28:30,1781854110,R_10,4841.386,-1,0.024999999999636202,BACKFILL_AUTO
2026-06-19 07:28:32,1781854112,R_10,4841.454,1,0.06799999999930151,BACKFILL_AUTO
2026-06-19 07:28:34,1781854114,R_10,4841.518,1,0.06400000000030559,BACKFILL_AUTO
2026-06-19 07:28:36,1781854116,R_10,4841.443,-1,0.0749999999998181,BACKFILL_AUTO
2026-06-19 07:28:38,1781854118,R_10,4841.569,1,0.12600000000020373,BACKFILL_AUTO
2026-06-19 07:28:40,1781854120,R_10,4841.523,-1,0.046000000000276486,BACKFILL_AUTO
2026-06-19 07:28:42,1781854122,R_10,4841.33,-1,0.193000000000211,BACKFILL_AUTO
2026-06-19 07:28:44,1781854124,R_10,4841.44,1,0.10999999999967258,BACKFILL_AUTO
2026-06-19 07:28:46,1781854126,R_10,4841.259,-1,0.18099999999958527,BACKFILL_AUTO
2026-06-19 07:28:48,1781854128,R_10,4841.412,1,0.15300000000024738,BACKFILL_AUTO
2026-06-19 07:28:50,1781854130,R_10,4841.31,-1,0.10199999999986176,BACKFILL_AUTO
2026-06-19 07:28:52,1781854132,R_10,4841.338,1,0.027999999999337888,BACKFILL_AUTO
2026-06-19 07:28:54,1781854134,R_10,4841.479,1,0.14100000000053114,BACKFILL_AUTO
2026-06-19 07:28:56,1781854136,R_10,4841.458,-1,0.021000000000640284,BACKFILL_AUTO
2026-06-19 07:28:58,1781854138,R_10,4841.702,1,0.24400000000059663,BACKFILL_AUTO
2026-06-19 07:29:00,1781854140,R_10,4841.714,1,0.011999999999716238,BACKFILL_AUTO
2026-06-19 07:29:02,1781854142,R_10,4841.719,1,0.005000000000109139,BACKFILL_AUTO
2026-06-19 07:29:04,1781854144,R_10,4841.8,1,0.08100000000013097,BACKFILL_AUTO
2026-06-19 07:29:06,1781854146,R_10,4841.733,-1,0.06700000000000728,BACKFILL_AUTO
2026-06-19 07:29:08,1781854148,R_10,4841.981,1,0.24799999999959255,BACKFILL_AUTO
2026-06-19 07:29:10,1781854150,R_10,4842.022,1,0.04100000000016735,BACKFILL_AUTO
2026-06-19 07:29:12,1781854152,R_10,4842.192,1,0.17000000000007276,BACKFILL_AUTO
2026-06-19 07:29:14,1781854154,R_10,4842.264,1,0.07200000000011642,BACKFILL_AUTO
2026-06-19 07:29:16,1781854156,R_10,4842.328,1,0.06400000000030559,BACKFILL_AUTO
2026-06-19 07:29:18,1781854158,R_10,4842.302,-1,0.026000000000749424,BACKFILL_AUTO
2026-06-19 07:29:20,1781854160,R_10,4842.313,1,0.011000000000422006,BACKFILL_AUTO
2026-06-19 07:29:22,1781854162,R_10,4842.352,1,0.03899999999975989,BACKFILL_AUTO
2026-06-19 07:29:24,1781854164,R_10,4842.381,1,0.02900000000045111,BACKFILL_AUTO
2026-06-19 07:29:26,1781854166,R_10,4842.462,1,0.08100000000013097,BACKFILL_AUTO
2026-06-19 07:29:28,1781854168,R_10,4842.323,-1,0.1390000000001237,BACKFILL_AUTO
2026-06-19 07:29:30,1781854170,R_10,4842.547,1,0.22399999999925058,BACKFILL_AUTO
2026-06-19 07:29:32,1781854172,R_10,4842.392,-1,0.15499999999974534,BACKFILL_AUTO
2026-06-19 07:29:34,1781854174,R_10,4842.375,-1,0.016999999999825377,BACKFILL_AUTO
2026-06-19 07:29:36,1781854176,R_10,4842.553,1,0.17799999999988358,BACKFILL_AUTO
2026-06-19 07:29:38,1781854178,R_10,4842.561,1,0.007999999999810825,BACKFILL_AUTO
2026-06-19 07:29:40,1781854180,R_10,4842.464,-1,0.09699999999975262,BACKFILL_AUTO
2026-06-19 07:29:42,1781854182,R_10,4842.331,-1,0.13299999999981083,BACKFILL_AUTO
2026-06-19 07:29:44,1781854184,R_10,4842.372,1,0.04100000000016735,BACKFILL_AUTO
2026-06-19 07:29:46,1781854186,R_10,4842.31,-1,0.06199999999989814,BACKFILL_AUTO
2026-06-19 07:29:48,1781854188,R_10,4842.513,1,0.2029999999995198,BACKFILL_AUTO
2026-06-19 07:29:50,1781854190,R_10,4842.557,1,0.04399999999986903,BACKFILL_AUTO
2026-06-19 07:29:52,1781854192,R_10,4842.585,1,0.028000000000247383,BACKFILL_AUTO
2026-06-19 07:29:54,1781854194,R_10,4842.695,1,0.10999999999967258,BACKFILL_AUTO
2026-06-19 07:29:56,1781854196,R_10,4842.708,1,0.012999999999919964,BACKFILL_AUTO
2026-06-19 07:29:58,1781854198,R_10,4842.609,-1,0.09899999999925058,BACKFILL_AUTO
2026-06-19 07:30:00,1781854200,R_10,4842.263,-1,0.3460000000004584,BACKFILL_AUTO
2026-06-19 07:30:02,1781854202,R_10,4842.228,-1,0.03499999999985448,BACKFILL_AUTO
2026-06-19 07:30:04,1781854204,R_10,4842.429,1,0.20100000000002183,BACKFILL_AUTO
2026-06-19 07:30:06,1781854206,R_10,4842.347,-1,0.0820000000003347,BACKFILL_AUTO
2026-06-19 07:30:08,1781854208,R_10,4842.435,1,0.08800000000064756,BACKFILL_AUTO
2026-06-19 07:30:10,1781854210,R_10,4842.599,1,0.1639999999997599,BACKFILL_AUTO
2026-06-19 07:30:12,1781854212,R_10,4842.425,-1,0.17399999999997817,BACKFILL_AUTO
2026-06-19 07:30:14,1781854214,R_10,4842.652,1,0.22699999999986176,BACKFILL_AUTO
2026-06-19 07:30:16,1781854216,R_10,4842.76,1,0.10800000000017462,BACKFILL_AUTO
2026-06-19 07:30:18,1781854218,R_10,4842.644,-1,0.11599999999998545,BACKFILL_AUTO
2026-06-19 07:30:20,1781854220,R_10,4842.689,1,0.04500000000007276,BACKFILL_AUTO
2026-06-19 07:30:22,1781854222,R_10,4842.764,1,0.0749999999998181,BACKFILL_AUTO
2026-06-19 07:30:24,1781854224,R_10,4842.715,-1,0.04899999999997817,BACKFILL_AUTO
2026-06-19 07:30:26,1781854226,R_10,4842.686,-1,0.02900000000045111,BACKFILL_AUTO
2026-06-19 07:30:28,1781854228,R_10,4842.592,-1,0.09400000000005093,BACKFILL_AUTO
2026-06-19 07:30:30,1781854230,R_10,4842.379,-1,0.21299999999973807,BACKFILL_AUTO
2026-06-19 07:30:32,1781854232,R_10,4842.488,1,0.10900000000037835,BACKFILL_AUTO
2026-06-19 07:30:34,1781854234,R_10,4842.42,-1,0.068000000000211,BACKFILL_AUTO
2026-06-19 07:30:36,1781854236,R_10,4842.217,-1,0.20300000000042928,BACKFILL_AUTO
2026-06-19 07:30:38,1781854238,R_10,4842.269,1,0.05200000000058935,BACKFILL_AUTO
2026-06-19 07:30:40,1781854240,R_10,4842.195,-1,0.07400000000052387,BACKFILL_AUTO
2026-06-19 07:30:42,1781854242,R_10,4842.249,1,0.05400000000008731,BACKFILL_AUTO
2026-06-19 07:30:44,1781854244,R_10,4842.238,-1,0.01099999999951251,BACKFILL_AUTO
2026-06-19 07:30:46,1781854246,R_10,4842.024,-1,0.2139999999999418,BACKFILL_AUTO
2026-06-19 07:30:48,1781854248,R_10,4842.181,1,0.1569999999992433,BACKFILL_AUTO
2026-06-19 07:30:50,1781854250,R_10,4842.059,-1,0.12199999999938882,BACKFILL_AUTO
2026-06-19 07:30:52,1781854252,R_10,4842.045,-1,0.014000000000123691,BACKFILL_AUTO
2026-06-19 07:30:54,1781854254,R_10,4841.994,-1,0.051000000000385626,BACKFILL_AUTO
2026-06-19 07:30:56,1781854256,R_10,4841.997,1,0.0030000000006111804,BACKFILL_AUTO
2026-06-19 07:30:58,1781854258,R_10,4841.93,-1,0.06700000000000728,BACKFILL_AUTO
2026-06-19 07:31:00,1781854260,R_10,4841.903,-1,0.027000000000043656,BACKFILL_AUTO
2026-06-19 07:31:02,1781854262,R_10,4841.933,1,0.02999999999974534,BACKFILL_AUTO
2026-06-19 07:31:04,1781854264,R_10,4841.968,1,0.03499999999985448,BACKFILL_AUTO
2026-06-19 07:31:06,1781854266,R_10,4841.832,-1,0.1359999999995125,BACKFILL_AUTO
2026-06-19 07:31:08,1781854268,R_10,4841.97,1,0.13799999999991996,BACKFILL_AUTO
2026-06-19 07:31:10,1781854270,R_10,4841.981,1,0.01099999999951251,BACKFILL_AUTO
2026-06-19 07:31:12,1781854272,R_10,4841.866,-1,0.11499999999978172,BACKFILL_AUTO
2026-06-19 07:31:14,1781854274,R_10,4841.878,1,0.011999999999716238,BACKFILL_AUTO
2026-06-19 07:31:16,1781854276,R_10,4841.809,-1,0.06899999999950523,BACKFILL_AUTO
2026-06-19 07:31:18,1781854278,R_10,4842.017,1,0.20799999999962893,BACKFILL_AUTO
2026-06-19 07:31:20,1781854280,R_10,4842.07,1,0.052999999999883585,BACKFILL_AUTO
2026-06-19 07:31:22,1781854282,R_10,4841.875,-1,0.19499999999970896,BACKFILL_AUTO
2026-06-19 07:31:24,1781854284,R_10,4841.972,1,0.09699999999975262,BACKFILL_AUTO
2026-06-19 07:31:26,1781854286,R_10,4842.011,1,0.03900000000066939,BACKFILL_AUTO
2026-06-19 07:31:28,1781854288,R_10,4842.106,1,0.09499999999934516,BACKFILL_AUTO
2026-06-19 07:31:30,1781854290,R_10,4842.047,-1,0.05900000000019645,BACKFILL_AUTO
2026-06-19 07:31:32,1781854292,R_10,4841.714,-1,0.3329999999996289,BACKFILL_AUTO
2026-06-19 07:31:34,1781854294,R_10,4841.532,-1,0.181999999999789,BACKFILL_AUTO
2026-06-19 07:31:36,1781854296,R_10,4841.604,1,0.07200000000011642,BACKFILL_AUTO
2026-06-19 07:31:38,1781854298,R_10,4841.63,1,0.02599999999983993,BACKFILL_AUTO
2026-06-19 07:31:40,1781854300,R_10,4841.765,1,0.13500000000021828,BACKFILL_AUTO
2026-06-19 07:31:42,1781854302,R_10,4841.873,1,0.10799999999926513,BACKFILL_AUTO
2026-06-19 07:31:44,1781854304,R_10,4842.009,1,0.136000000000422,BACKFILL_AUTO
2026-06-19 07:31:46,1781854306,R_10,4842.119,1,0.10999999999967258,BACKFILL_AUTO
2026-06-19 07:31:48,1781854308,R_10,4842.049,-1,0.06999999999970896,BACKFILL_AUTO
2026-06-19 07:31:50,1781854310,R_10,4841.849,-1,0.1999999999998181,BACKFILL_AUTO
2026-06-19 07:31:52,1781854312,R_10,4841.879,1,0.02999999999974534,BACKFILL_AUTO
2026-06-19 07:31:54,1781854314,R_10,4842.051,1,0.1720000000004802,BACKFILL_AUTO
2026-06-19 07:31:56,1781854316,R_10,4842.033,-1,0.018000000000029104,BACKFILL_AUTO
2026-06-19 07:31:58,1781854318,R_10,4841.986,-1,0.04700000000048021,BACKFILL_AUTO
2026-06-19 07:32:00,1781854320,R_10,4841.773,-1,0.21299999999973807,BACKFILL_AUTO
2026-06-19 07:32:02,1781854322,R_10,4841.872,1,0.09900000000016007,BACKFILL_AUTO
2026-06-19 07:32:04,1781854324,R_10,4841.698,-1,0.17399999999997817,BACKFILL_AUTO
2026-06-19 07:32:06,1781854326,R_10,4841.772,1,0.07399999999961437,BACKFILL_AUTO
2026-06-19 07:32:08,1781854328,R_10,4841.835,1,0.06300000000010186,BACKFILL_AUTO
2026-06-19 07:32:10,1781854330,R_10,4841.754,-1,0.08100000000013097,BACKFILL_AUTO
2026-06-19 07:32:12,1781854332,R_10,4841.701,-1,0.052999999999883585,BACKFILL_AUTO
2026-06-19 07:32:14,1781854334,R_10,4841.76,1,0.05900000000019645,BACKFILL_AUTO
2026-06-19 07:32:16,1781854336,R_10,4841.887,1,0.12699999999949796,BACKFILL_AUTO
2026-06-19 07:32:18,1781854338,R_10,4842.036,1,0.14900000000034197,BACKFILL_AUTO
2026-06-19 07:32:20,1781854340,R_10,4842.068,1,0.032000000000152795,BACKFILL_AUTO
2026-06-19 07:32:22,1781854342,R_10,4842.137,1,0.06899999999950523,BACKFILL_AUTO
2026-06-19 07:32:24,1781854344,R_10,4842.038,-1,0.09900000000016007,BACKFILL_AUTO
2026-06-19 07:32:26,1781854346,R_10,4842.199,1,0.1610000000000582,BACKFILL_AUTO
2026-06-19 07:32:28,1781854348,R_10,4842.278,1,0.07900000000063301,BACKFILL_AUTO
2026-06-19 07:32:30,1781854350,R_10,4842.563,1,0.2849999999998545,BACKFILL_AUTO
2026-06-19 07:32:32,1781854352,R_10,4842.56,-1,0.0029999999997016857,BACKFILL_AUTO
2026-06-19 07:32:34,1781854354,R_10,4842.701,1,0.14099999999962165,BACKFILL_AUTO
2026-06-19 07:32:36,1781854356,R_10,4842.559,-1,0.14199999999982538,BACKFILL_AUTO
2026-06-19 07:32:38,1781854358,R_10,4842.725,1,0.16600000000016735,BACKFILL_AUTO
2026-06-19 07:32:40,1781854360,R_10,4842.48,-1,0.24500000000080036,BACKFILL_AUTO
2026-06-19 07:32:42,1781854362,R_10,4842.376,-1,0.10399999999935972,BACKFILL_AUTO
2026-06-19 07:32:44,1781854364,R_10,4842.408,1,0.032000000000152795,BACKFILL_AUTO
2026-06-19 07:32:46,1781854366,R_10,4842.383,-1,0.025000000000545697,BACKFILL_AUTO
2026-06-19 07:32:48,1781854368,R_10,4842.671,1,0.28800000000046566,BACKFILL_AUTO
2026-06-19 07:32:50,1781854370,R_10,4842.627,-1,0.04399999999986903,BACKFILL_AUTO
2026-06-19 07:32:52,1781854372,R_10,4842.344,-1,0.2830000000003565,BACKFILL_AUTO
2026-06-19 07:32:54,1781854374,R_10,4842.521,1,0.17699999999967986,BACKFILL_AUTO
2026-06-19 07:32:56,1781854376,R_10,4842.441,-1,0.07999999999992724,BACKFILL_AUTO
2026-06-19 07:32:58,1781854378,R_10,4842.439,-1,0.001999999999497959,BACKFILL_AUTO
2026-06-19 07:33:00,1781854380,R_10,4842.697,1,0.2579999999998108,BACKFILL_AUTO
2026-06-19 07:33:02,1781854382,R_10,4842.575,-1,0.12200000000029831,BACKFILL_AUTO
2026-06-19 07:33:04,1781854384,R_10,4842.678,1,0.10300000000006548,BACKFILL_AUTO
2026-06-19 07:33:06,1781854386,R_10,4842.802,1,0.12399999999979627,BACKFILL_AUTO
2026-06-19 07:33:08,1781854388,R_10,4842.743,-1,0.058999999999286956,BACKFILL_AUTO
2026-06-19 07:33:10,1781854390,R_10,4842.888,1,0.14499999999952706,BACKFILL_AUTO
2026-06-19 07:33:12,1781854392,R_10,4842.681,-1,0.2070000000003347,BACKFILL_AUTO
2026-06-19 07:33:14,1781854394,R_10,4842.701,1,0.020000000000436557,BACKFILL_AUTO
2026-06-19 07:33:16,1781854396,R_10,4842.756,1,0.05500000000029104,BACKFILL_AUTO
2026-06-19 07:33:18,1781854398,R_10,4842.783,1,0.027000000000043656,BACKFILL_AUTO
2026-06-19 07:33:20,1781854400,R_10,4842.752,-1,0.03099999999994907,BACKFILL_AUTO
2026-06-19 07:33:22,1781854402,R_10,4842.663,-1,0.08900000000085129,BACKFILL_AUTO
2026-06-19 07:33:24,1781854404,R_10,4842.713,1,0.0500000000001819,BACKFILL_AUTO
2026-06-19 07:33:26,1781854406,R_10,4842.678,-1,0.03499999999985448,BACKFILL_AUTO
2026-06-19 07:33:28,1781854408,R_10,4842.909,1,0.23099999999976717,BACKFILL_AUTO
2026-06-19 07:33:30,1781854410,R_10,4842.947,1,0.03800000000046566,BACKFILL_AUTO
2026-06-19 07:33:32,1781854412,R_10,4843.068,1,0.12100000000009459,BACKFILL_AUTO
2026-06-19 07:33:34,1781854414,R_10,4843.306,1,0.23799999999937427,BACKFILL_AUTO
2026-06-19 07:33:36,1781854416,R_10,4843.237,-1,0.06899999999950523,BACKFILL_AUTO
2026-06-19 07:33:38,1781854418,R_10,4843.173,-1,0.06400000000030559,BACKFILL_AUTO
2026-06-19 07:33:40,1781854420,R_10,4843.206,1,0.03300000000035652,BACKFILL_AUTO
2026-06-19 07:33:42,1781854422,R_10,4842.89,-1,0.31599999999980355,BACKFILL_AUTO
2026-06-19 07:33:44,1781854424,R_10,4843.07,1,0.17999999999938154,BACKFILL_AUTO
2026-06-19 07:33:46,1781854426,R_10,4842.927,-1,0.1430000000000291,BACKFILL_AUTO
2026-06-19 07:33:48,1781854428,R_10,4842.862,-1,0.06499999999959982,BACKFILL_AUTO
2026-06-19 07:33:50,1781854430,R_10,4842.822,-1,0.03999999999996362,BACKFILL_AUTO
2026-06-19 07:33:52,1781854432,R_10,4843.044,1,0.22199999999975262,BACKFILL_AUTO
2026-06-19 07:33:54,1781854434,R_10,4842.925,-1,0.11899999999968713,BACKFILL_AUTO
2026-06-19 07:33:56,1781854436,R_10,4843.049,1,0.12399999999979627,BACKFILL_AUTO
2026-06-19 07:33:58,1781854438,R_10,4843.072,1,0.023000000000138243,BACKFILL_AUTO
2026-06-19 07:34:00,1781854440,R_10,4843.244,1,0.17199999999957072,BACKFILL_AUTO
2026-06-19 07:34:02,1781854442,R_10,4843.388,1,0.14400000000023283,BACKFILL_AUTO
2026-06-19 07:34:04,1781854444,R_10,4843.37,-1,0.018000000000029104,BACKFILL_AUTO
2026-06-19 07:34:06,1781854446,R_10,4843.321,-1,0.04899999999997817,BACKFILL_AUTO
2026-06-19 07:34:08,1781854448,R_10,4843.315,-1,0.006000000000312866,BACKFILL_AUTO
2026-06-19 07:34:10,1781854450,R_10,4843.436,1,0.12100000000009459,BACKFILL_AUTO
2026-06-19 07:34:12,1781854452,R_10,4843.28,-1,0.15599999999994907,BACKFILL_AUTO
2026-06-19 07:34:14,1781854454,R_10,4843.325,1,0.04500000000007276,BACKFILL_AUTO
2026-06-19 07:34:16,1781854456,R_10,4843.405,1,0.07999999999992724,BACKFILL_AUTO
2026-06-19 07:34:18,1781854458,R_10,4843.177,-1,0.22800000000006548,BACKFILL_AUTO
2026-06-19 07:34:20,1781854460,R_10,4843.151,-1,0.02599999999983993,BACKFILL_AUTO
2026-06-19 07:34:22,1781854462,R_10,4843.172,1,0.02099999999973079,BACKFILL_AUTO
2026-06-19 07:34:24,1781854464,R_10,4843.277,1,0.10500000000047294,BACKFILL_AUTO
2026-06-19 07:34:26,1781854466,R_10,4843.274,-1,0.0029999999997016857,BACKFILL_AUTO
2026-06-19 07:34:28,1781854468,R_10,4843.418,1,0.14399999999932334,BACKFILL_AUTO
2026-06-19 07:34:30,1781854470,R_10,4843.48,1,0.06199999999989814,BACKFILL_AUTO
2026-06-19 07:34:32,1781854472,R_10,4843.588,1,0.10800000000017462,BACKFILL_AUTO
2026-06-19 07:34:34,1781854474,R_10,4843.513,-1,0.0749999999998181,BACKFILL_AUTO
2026-06-19 07:34:36,1781854476,R_10,4843.506,-1,0.006999999999607098,BACKFILL_AUTO
2026-06-19 07:34:38,1781854478,R_10,4843.341,-1,0.16499999999996362,BACKFILL_AUTO
2026-06-19 07:34:40,1781854480,R_10,4843.523,1,0.181999999999789,BACKFILL_AUTO
2026-06-19 07:34:42,1781854482,R_10,4843.564,1,0.04100000000016735,BACKFILL_AUTO
2026-06-19 07:34:44,1781854484,R_10,4843.602,1,0.03799999999955617,BACKFILL_AUTO
2026-06-19 07:34:46,1781854486,R_10,4843.504,-1,0.09799999999995634,BACKFILL_AUTO
2026-06-19 07:34:48,1781854488,R_10,4843.318,-1,0.1859999999996944,BACKFILL_AUTO
2026-06-19 07:34:50,1781854490,R_10,4843.286,-1,0.032000000000152795,BACKFILL_AUTO
2026-06-19 07:34:52,1781854492,R_10,4843.339,1,0.052999999999883585,BACKFILL_AUTO
2026-06-19 07:34:54,1781854494,R_10,4843.338,-1,0.0010000000002037268,BACKFILL_AUTO
2026-06-19 07:34:56,1781854496,R_10,4843.378,1,0.03999999999996362,BACKFILL_AUTO
2026-06-19 07:34:58,1781854498,R_10,4843.353,-1,0.024999999999636202,BACKFILL_AUTO
2026-06-19 07:35:00,1781854500,R_10,4843.53,1,0.17699999999967986,BACKFILL_AUTO
2026-06-19 07:35:02,1781854502,R_10,4843.593,1,0.06300000000010186,BACKFILL_AUTO
2026-06-19 07:35:04,1781854504,R_10,4843.383,-1,0.21000000000003638,BACKFILL_AUTO
2026-06-19 07:35:06,1781854506,R_10,4843.495,1,0.11200000000008004,BACKFILL_AUTO
2026-06-19 07:35:08,1781854508,R_10,4843.678,1,0.18299999999999272,BACKFILL_AUTO
2026-06-19 07:35:10,1781854510,R_10,4843.772,1,0.09400000000005093,BACKFILL_AUTO
2026-06-19 07:35:12,1781854512,R_10,4843.719,-1,0.052999999999883585,BACKFILL_AUTO
2026-06-19 07:35:14,1781854514,R_10,4843.907,1,0.18800000000010186,BACKFILL_AUTO
2026-06-19 07:35:16,1781854516,R_10,4843.972,1,0.06499999999959982,BACKFILL_AUTO
2026-06-19 07:35:18,1781854518,R_10,4844.056,1,0.08399999999983265,BACKFILL_AUTO
2026-06-19 07:35:20,1781854520,R_10,4844.1,1,0.04400000000077853,BACKFILL_AUTO
2026-06-19 07:35:22,1781854522,R_10,4844.283,1,0.18299999999999272,BACKFILL_AUTO
2026-06-19 07:35:24,1781854524,R_10,4844.3,1,0.016999999999825377,BACKFILL_AUTO
2026-06-19 07:35:26,1781854526,R_10,4844.033,-1,0.2669999999998254,BACKFILL_AUTO
2026-06-19 07:35:28,1781854528,R_10,4844.029,-1,0.0039999999999054126,BACKFILL_AUTO
2026-06-19 07:35:30,1781854530,R_10,4843.867,-1,0.16200000000026193,BACKFILL_AUTO
2026-06-19 07:35:32,1781854532,R_10,4843.809,-1,0.057999999999992724,BACKFILL_AUTO
2026-06-19 07:35:34,1781854534,R_10,4843.803,-1,0.006000000000312866,BACKFILL_AUTO
2026-06-19 07:35:36,1781854536,R_10,4843.788,-1,0.015000000000327418,BACKFILL_AUTO
2026-06-19 07:35:38,1781854538,R_10,4843.704,-1,0.08399999999983265,BACKFILL_AUTO
2026-06-19 07:35:40,1781854540,R_10,4843.761,1,0.05700000000069849,BACKFILL_AUTO
2026-06-19 07:35:42,1781854542,R_10,4843.964,1,0.2029999999995198,BACKFILL_AUTO
2026-06-19 07:35:44,1781854544,R_10,4844.155,1,0.19099999999980355,BACKFILL_AUTO
2026-06-19 07:35:46,1781854546,R_10,4844.131,-1,0.023999999999432475,BACKFILL_AUTO
2026-06-19 07:35:48,1781854548,R_10,4844.14,1,0.009000000000014552,BACKFILL_AUTO
2026-06-19 07:35:50,1781854550,R_10,4844.176,1,0.03600000000005821,BACKFILL_AUTO
2026-06-19 07:35:52,1781854552,R_10,4844.138,-1,0.03800000000046566,BACKFILL_AUTO
2026-06-19 07:35:54,1781854554,R_10,4844.29,1,0.15200000000004366,BACKFILL_AUTO
2026-06-19 07:35:56,1781854556,R_10,4844.106,-1,0.18400000000019645,BACKFILL_AUTO
2026-06-19 07:35:58,1781854558,R_10,4844.035,-1,0.07099999999991269,BACKFILL_AUTO
2026-06-19 07:36:00,1781854560,R_10,4844.205,1,0.17000000000007276,BACKFILL_AUTO
2026-06-19 07:36:02,1781854562,R_10,4844.113,-1,0.09199999999964348,BACKFILL_AUTO
2026-06-19 07:36:04,1781854564,R_10,4844.078,-1,0.03499999999985448,BACKFILL_AUTO
2026-06-19 07:36:06,1781854566,R_10,4844.057,-1,0.021000000000640284,BACKFILL_AUTO
2026-06-19 07:36:08,1781854568,R_10,4843.879,-1,0.17799999999988358,BACKFILL_AUTO
2026-06-19 07:36:10,1781854570,R_10,4843.636,-1,0.2429999999994834,BACKFILL_AUTO
2026-06-19 07:36:12,1781854572,R_10,4843.58,-1,0.056000000000494765,BACKFILL_AUTO
2026-06-19 07:36:14,1781854574,R_10,4843.674,1,0.09400000000005093,BACKFILL_AUTO
2026-06-19 07:36:16,1781854576,R_10,4843.567,-1,0.1069999999999709,BACKFILL_AUTO
2026-06-19 07:36:18,1781854578,R_10,4843.472,-1,0.09500000000025466,BACKFILL_AUTO
2026-06-19 07:36:20,1781854580,R_10,4843.556,1,0.08399999999983265,BACKFILL_AUTO
2026-06-19 07:36:22,1781854582,R_10,4843.672,1,0.11599999999998545,BACKFILL_AUTO
2026-06-19 07:36:24,1781854584,R_10,4843.64,-1,0.0319999999992433,BACKFILL_AUTO
2026-06-19 07:36:26,1781854586,R_10,4843.634,-1,0.006000000000312866,BACKFILL_AUTO
2026-06-19 07:36:28,1781854588,R_10,4843.751,1,0.11700000000018917,BACKFILL_AUTO
2026-06-19 07:36:30,1781854590,R_10,4843.751,0,0.0,BACKFILL_AUTO
2026-06-19 07:36:32,1781854592,R_10,4843.786,1,0.03499999999985448,BACKFILL_AUTO
2026-06-19 07:36:34,1781854594,R_10,4844.049,1,0.26299999999991996,BACKFILL_AUTO
2026-06-19 07:36:36,1781854596,R_10,4844.121,1,0.07200000000011642,BACKFILL_AUTO
2026-06-19 07:36:38,1781854598,R_10,4843.872,-1,0.24899999999979627,BACKFILL_AUTO
2026-06-19 07:36:40,1781854600,R_10,4843.815,-1,0.05700000000069849,BACKFILL_AUTO
2026-06-19 07:36:42,1781854602,R_10,4843.728,-1,0.08699999999953434,BACKFILL_AUTO
2026-06-19 07:36:44,1781854604,R_10,4843.674,-1,0.05400000000008731,BACKFILL_AUTO
2026-06-19 07:36:46,1781854606,R_10,4843.611,-1,0.06300000000010186,BACKFILL_AUTO
2026-06-19 07:36:48,1781854608,R_10,4843.496,-1,0.11499999999978172,BACKFILL_AUTO
2026-06-19 07:36:50,1781854610,R_10,4843.536,1,0.03999999999996362,BACKFILL_AUTO
2026-06-19 07:36:52,1781854612,R_10,4843.146,-1,0.3900000000003274,BACKFILL_AUTO
2026-06-19 07:36:54,1781854614,R_10,4843.538,1,0.3919999999998254,BACKFILL_AUTO
2026-06-19 07:36:56,1781854616,R_10,4843.514,-1,0.023999999999432475,BACKFILL_AUTO
2026-06-19 07:36:58,1781854618,R_10,4843.275,-1,0.2390000000004875,BACKFILL_AUTO
2026-06-19 07:37:00,1781854620,R_10,4843.291,1,0.016000000000531145,BACKFILL_AUTO
2026-06-19 07:37:02,1781854622,R_10,4843.366,1,0.0749999999998181,BACKFILL_AUTO
2026-06-19 07:37:04,1781854624,R_10,4843.349,-1,0.016999999999825377,BACKFILL_AUTO
2026-06-19 07:37:06,1781854626,R_10,4843.296,-1,0.052999999999883585,BACKFILL_AUTO
2026-06-19 07:37:08,1781854628,R_10,4843.351,1,0.054999999999381544,BACKFILL_AUTO
2026-06-19 07:37:10,1781854630,R_10,4843.066,-1,0.2849999999998545,BACKFILL_AUTO
2026-06-19 07:37:12,1781854632,R_10,4843.239,1,0.17299999999977445,BACKFILL_AUTO
2026-06-19 07:37:14,1781854634,R_10,4843.2,-1,0.03899999999975989,BACKFILL_AUTO
2026-06-19 07:37:16,1781854636,R_10,4843.246,1,0.046000000000276486,BACKFILL_AUTO
2026-06-19 07:37:18,1781854638,R_10,4843.4,1,0.15399999999954161,BACKFILL_AUTO
2026-06-19 07:37:20,1781854640,R_10,4843.326,-1,0.07399999999961437,BACKFILL_AUTO
2026-06-19 07:37:22,1781854642,R_10,4843.181,-1,0.14500000000043656,BACKFILL_AUTO
2026-06-19 07:37:24,1781854644,R_10,4843.382,1,0.20100000000002183,BACKFILL_AUTO
2026-06-19 07:37:26,1781854646,R_10,4843.447,1,0.06500000000050932,BACKFILL_AUTO
2026-06-19 07:37:28,1781854648,R_10,4843.164,-1,0.2830000000003565,BACKFILL_AUTO
2026-06-19 07:37:30,1781854650,R_10,4842.977,-1,0.18699999999989814,BACKFILL_AUTO
2026-06-19 07:37:32,1781854652,R_10,4842.986,1,0.009000000000014552,BACKFILL_AUTO
2026-06-19 07:37:34,1781854654,R_10,4843.039,1,0.052999999999883585,BACKFILL_AUTO
2026-06-19 07:37:36,1781854656,R_10,4843.005,-1,0.033999999999650754,BACKFILL_AUTO
2026-06-19 07:37:38,1781854658,R_10,4842.982,-1,0.023000000000138243,BACKFILL_AUTO
2026-06-19 07:37:40,1781854660,R_10,4842.748,-1,0.23400000000037835,BACKFILL_AUTO
2026-06-19 07:37:42,1781854662,R_10,4842.914,1,0.16600000000016735,BACKFILL_AUTO
2026-06-19 07:37:44,1781854664,R_10,4842.696,-1,0.2179999999998472,BACKFILL_AUTO
2026-06-19 07:37:46,1781854666,R_10,4842.489,-1,0.2070000000003347,BACKFILL_AUTO
2026-06-19 07:37:48,1781854668,R_10,4842.591,1,0.10200000000077125,BACKFILL_AUTO
2026-06-19 07:37:50,1781854670,R_10,4842.691,1,0.0999999999994543,BACKFILL_AUTO
2026-06-19 07:37:52,1781854672,R_10,4842.817,1,0.12600000000020373,BACKFILL_AUTO
2026-06-19 07:37:54,1781854674,R_10,4842.931,1,0.113999999999578,BACKFILL_AUTO
2026-06-19 07:37:56,1781854676,R_10,4842.82,-1,0.11099999999987631,BACKFILL_AUTO
2026-06-19 07:37:58,1781854678,R_10,4842.632,-1,0.18800000000010186,BACKFILL_AUTO
2026-06-19 07:38:00,1781854680,R_10,4842.436,-1,0.1959999999999127,BACKFILL_AUTO
2026-06-19 07:38:02,1781854682,R_10,4842.47,1,0.03400000000056025,BACKFILL_AUTO
2026-06-19 07:38:04,1781854684,R_10,4842.357,-1,0.11300000000028376,BACKFILL_AUTO
2026-06-19 07:38:06,1781854686,R_10,4842.322,-1,0.03499999999985448,BACKFILL_AUTO
2026-06-19 07:38:08,1781854688,R_10,4842.23,-1,0.09200000000055297,BACKFILL_AUTO
2026-06-19 07:38:10,1781854690,R_10,4842.334,1,0.10400000000026921,BACKFILL_AUTO
2026-06-19 07:38:12,1781854692,R_10,4842.306,-1,0.028000000000247383,BACKFILL_AUTO
2026-06-19 07:38:14,1781854694,R_10,4842.475,1,0.16900000000077853,BACKFILL_AUTO
2026-06-19 07:38:16,1781854696,R_10,4842.552,1,0.07699999999931606,BACKFILL_AUTO
2026-06-19 07:38:18,1781854698,R_10,4842.665,1,0.11300000000028376,BACKFILL_AUTO
2026-06-19 07:38:20,1781854700,R_10,4842.549,-1,0.11599999999998545,BACKFILL_AUTO
2026-06-19 07:38:22,1781854702,R_10,4842.622,1,0.07300000000032014,BACKFILL_AUTO
2026-06-19 07:38:24,1781854704,R_10,4842.659,1,0.03699999999935244,BACKFILL_AUTO
2026-06-19 07:38:26,1781854706,R_10,4842.45,-1,0.20899999999983265,BACKFILL_AUTO
2026-06-19 07:38:28,1781854708,R_10,4842.509,1,0.05900000000019645,BACKFILL_AUTO
2026-06-19 07:38:30,1781854710,R_10,4842.476,-1,0.03300000000035652,BACKFILL_AUTO
2026-06-19 07:38:32,1781854712,R_10,4842.688,1,0.21200000000044383,BACKFILL_AUTO
2026-06-19 07:38:34,1781854714,R_10,4842.504,-1,0.18400000000019645,BACKFILL_AUTO
2026-06-19 07:38:36,1781854716,R_10,4842.554,1,0.0500000000001819,BACKFILL_AUTO
2026-06-19 07:38:38,1781854718,R_10,4842.702,1,0.14800000000013824,BACKFILL_AUTO
2026-06-19 07:38:40,1781854720,R_10,4842.555,-1,0.14699999999993452,BACKFILL_AUTO
2026-06-19 07:38:42,1781854722,R_10,4842.618,1,0.06300000000010186,BACKFILL_AUTO
2026-06-19 07:38:44,1781854724,R_10,4842.785,1,0.16699999999946158,BACKFILL_AUTO
2026-06-19 07:38:46,1781854726,R_10,4842.877,1,0.09200000000055297,BACKFILL_AUTO
2026-06-19 07:38:48,1781854728,R_10,4842.857,-1,0.020000000000436557,BACKFILL_AUTO
2026-06-19 07:38:50,1781854730,R_10,4842.808,-1,0.04899999999997817,BACKFILL_AUTO
2026-06-19 07:38:52,1781854732,R_10,4842.687,-1,0.12100000000009459,BACKFILL_AUTO
2026-06-19 07:38:54,1781854734,R_10,4842.51,-1,0.17699999999967986,BACKFILL_AUTO
2026-06-19 07:38:56,1781854736,R_10,4842.534,1,0.023999999999432475,BACKFILL_AUTO
2026-06-19 07:38:58,1781854738,R_10,4842.439,-1,0.09499999999934516,BACKFILL_AUTO
2026-06-19 07:39:00,1781854740,R_10,4842.275,-1,0.1640000000006694,BACKFILL_AUTO
2026-06-19 07:39:02,1781854742,R_10,4842.35,1,0.0750000000007276,BACKFILL_AUTO
2026-06-19 07:39:04,1781854744,R_10,4842.387,1,0.03699999999935244,BACKFILL_AUTO
2026-06-19 07:39:06,1781854746,R_10,4842.413,1,0.02599999999983993,BACKFILL_AUTO
2026-06-19 07:39:08,1781854748,R_10,4842.599,1,0.1860000000006039,BACKFILL_AUTO
2026-06-19 07:39:10,1781854750,R_10,4842.746,1,0.14699999999993452,BACKFILL_AUTO
2026-06-19 07:39:12,1781854752,R_10,4842.888,1,0.14199999999982538,BACKFILL_AUTO
2026-06-19 07:39:14,1781854754,R_10,4843.144,1,0.25600000000031287,BACKFILL_AUTO
2026-06-19 07:39:16,1781854756,R_10,4843.043,-1,0.10100000000056752,BACKFILL_AUTO
2026-06-19 07:39:18,1781854758,R_10,4843.068,1,0.025000000000545697,BACKFILL_AUTO
2026-06-19 07:39:20,1781854760,R_10,4843.184,1,0.11599999999998545,BACKFILL_AUTO
2026-06-19 07:39:22,1781854762,R_10,4843.122,-1,0.06199999999989814,BACKFILL_AUTO
2026-06-19 07:39:24,1781854764,R_10,4843.115,-1,0.007000000000516593,BACKFILL_AUTO
2026-06-19 07:39:26,1781854766,R_10,4842.954,-1,0.1610000000000582,BACKFILL_AUTO
2026-06-19 07:39:28,1781854768,R_10,4843.094,1,0.14000000000032742,BACKFILL_AUTO
2026-06-19 07:39:30,1781854770,R_10,4843.081,-1,0.012999999999919964,BACKFILL_AUTO
2026-06-19 07:39:32,1781854772,R_10,4843.123,1,0.04199999999946158,BACKFILL_AUTO
2026-06-19 07:39:34,1781854774,R_10,4843.027,-1,0.09599999999954889,BACKFILL_AUTO
2026-06-19 07:39:36,1781854776,R_10,4843.15,1,0.12299999999959255,BACKFILL_AUTO
2026-06-19 07:39:38,1781854778,R_10,4843.249,1,0.09900000000016007,BACKFILL_AUTO
2026-06-19 07:39:40,1781854780,R_10,4843.365,1,0.11599999999998545,BACKFILL_AUTO
2026-06-19 07:39:42,1781854782,R_10,4843.353,-1,0.011999999999716238,BACKFILL_AUTO
2026-06-19 07:39:44,1781854784,R_10,4843.528,1,0.1750000000001819,BACKFILL_AUTO
2026-06-19 07:39:46,1781854786,R_10,4843.544,1,0.01599999999962165,BACKFILL_AUTO
2026-06-19 07:39:48,1781854788,R_10,4843.614,1,0.06999999999970896,BACKFILL_AUTO
2026-06-19 07:39:50,1781854790,R_10,4843.537,-1,0.07699999999931606,BACKFILL_AUTO
2026-06-19 07:39:52,1781854792,R_10,4843.619,1,0.0819999999994252,BACKFILL_AUTO
2026-06-19 07:39:54,1781854794,R_10,4843.69,1,0.07099999999991269,BACKFILL_AUTO
2026-06-19 07:39:56,1781854796,R_10,4843.923,1,0.23300000000017462,BACKFILL_AUTO
2026-06-19 07:39:58,1781854798,R_10,4844.198,1,0.2750000000005457,BACKFILL_AUTO
2026-06-19 07:40:00,1781854800,R_10,4844.078,-1,0.11999999999989086,BACKFILL_AUTO
2026-06-19 07:40:02,1781854802,R_10,4843.948,-1,0.13000000000010914,BACKFILL_AUTO
2026-06-19 07:40:04,1781854804,R_10,4843.91,-1,0.03800000000046566,BACKFILL_AUTO
2026-06-19 07:40:06,1781854806,R_10,4843.973,1,0.06300000000010186,BACKFILL_AUTO
2026-06-19 07:40:08,1781854808,R_10,4844.146,1,0.17299999999977445,BACKFILL_AUTO
2026-06-19 07:40:10,1781854810,R_10,4844.191,1,0.04500000000007276,BACKFILL_AUTO
2026-06-19 07:40:12,1781854812,R_10,4844.155,-1,0.03600000000005821,BACKFILL_AUTO
2026-06-19 07:40:14,1781854814,R_10,4844.144,-1,0.01099999999951251,BACKFILL_AUTO
2026-06-19 07:40:16,1781854816,R_10,4844.19,1,0.04599999999936699,BACKFILL_AUTO
2026-06-19 07:40:18,1781854818,R_10,4844.125,-1,0.06499999999959982,BACKFILL_AUTO
2026-06-19 07:40:20,1781854820,R_10,4844.034,-1,0.09100000000034925,BACKFILL_AUTO
2026-06-19 07:40:22,1781854822,R_10,4844.106,1,0.07200000000011642,BACKFILL_AUTO
2026-06-19 07:40:24,1781854824,R_10,4844.278,1,0.1720000000004802,BACKFILL_AUTO
2026-06-19 07:40:26,1781854826,R_10,4844.368,1,0.09000000000014552,BACKFILL_AUTO
2026-06-19 07:40:28,1781854828,R_10,4844.519,1,0.15099999999983993,BACKFILL_AUTO
2026-06-19 07:40:30,1781854830,R_10,4844.551,1,0.032000000000152795,BACKFILL_AUTO
2026-06-19 07:40:32,1781854832,R_10,4844.416,-1,0.13500000000021828,BACKFILL_AUTO
2026-06-19 07:40:34,1781854834,R_10,4844.305,-1,0.11099999999987631,BACKFILL_AUTO
2026-06-19 07:40:36,1781854836,R_10,4844.275,-1,0.030000000000654836,BACKFILL_AUTO
2026-06-19 07:40:38,1781854838,R_10,4844.192,-1,0.08299999999962893,BACKFILL_AUTO
2026-06-19 07:40:40,1781854840,R_10,4844.093,-1,0.09900000000016007,BACKFILL_AUTO
2026-06-19 07:40:42,1781854842,R_10,4843.801,-1,0.2919999999994616,BACKFILL_AUTO
2026-06-19 07:40:44,1781854844,R_10,4843.67,-1,0.13100000000031287,BACKFILL_AUTO
2026-06-19 07:40:46,1781854846,R_10,4843.441,-1,0.2290000000002692,BACKFILL_AUTO
2026-06-19 07:40:48,1781854848,R_10,4843.417,-1,0.023999999999432475,BACKFILL_AUTO
2026-06-19 07:40:50,1781854850,R_10,4843.423,1,0.0059999999994033715,BACKFILL_AUTO
2026-06-19 07:40:52,1781854852,R_10,4843.31,-1,0.11299999999937427,BACKFILL_AUTO
2026-06-19 07:40:54,1781854854,R_10,4843.28,-1,0.030000000000654836,BACKFILL_AUTO
2026-06-19 07:40:56,1781854856,R_10,4843.446,1,0.16600000000016735,BACKFILL_AUTO
2026-06-19 07:40:58,1781854858,R_10,4843.453,1,0.007000000000516593,BACKFILL_AUTO
2026-06-19 07:41:00,1781854860,R_10,4843.338,-1,0.11500000000069122,BACKFILL_AUTO
2026-06-19 07:41:02,1781854862,R_10,4843.55,1,0.21200000000044383,BACKFILL_AUTO
2026-06-19 07:41:04,1781854864,R_10,4843.688,1,0.13799999999991996,BACKFILL_AUTO
2026-06-19 07:41:06,1781854866,R_10,4843.446,-1,0.24200000000018917,BACKFILL_AUTO
2026-06-19 07:41:08,1781854868,R_10,4843.566,1,0.11999999999989086,BACKFILL_AUTO
2026-06-19 07:41:10,1781854870,R_10,4843.561,-1,0.005000000000109139,BACKFILL_AUTO
2026-06-19 07:41:12,1781854872,R_10,4843.617,1,0.056000000000494765,BACKFILL_AUTO
2026-06-19 07:41:14,1781854874,R_10,4843.64,1,0.023000000000138243,BACKFILL_AUTO
2026-06-19 07:41:16,1781854876,R_10,4843.607,-1,0.03300000000035652,BACKFILL_AUTO
2026-06-19 07:41:18,1781854878,R_10,4843.496,-1,0.11099999999987631,BACKFILL_AUTO
2026-06-19 07:41:20,1781854880,R_10,4843.521,1,0.024999999999636202,BACKFILL_AUTO
2026-06-19 07:41:22,1781854882,R_10,4843.482,-1,0.03899999999975989,BACKFILL_AUTO
2026-06-19 07:41:24,1781854884,R_10,4843.666,1,0.18400000000019645,BACKFILL_AUTO
2026-06-19 07:41:26,1781854886,R_10,4843.556,-1,0.11000000000058208,BACKFILL_AUTO
2026-06-19 07:41:28,1781854888,R_10,4843.529,-1,0.02699999999913416,BACKFILL_AUTO
2026-06-19 07:41:30,1781854890,R_10,4843.489,-1,0.040000000000873115,BACKFILL_AUTO
2026-06-19 07:41:32,1781854892,R_10,4843.381,-1,0.10799999999926513,BACKFILL_AUTO
2026-06-19 07:41:34,1781854894,R_10,4843.528,1,0.14699999999993452,BACKFILL_AUTO
2026-06-19 07:41:36,1781854896,R_10,4843.652,1,0.12399999999979627,BACKFILL_AUTO
2026-06-19 07:41:38,1781854898,R_10,4843.684,1,0.032000000000152795,BACKFILL_AUTO
2026-06-19 07:41:40,1781854900,R_10,4843.76,1,0.07600000000002183,BACKFILL_AUTO
2026-06-19 07:41:42,1781854902,R_10,4843.731,-1,0.02900000000045111,BACKFILL_AUTO
2026-06-19 07:41:44,1781854904,R_10,4843.904,1,0.17300000000068394,BACKFILL_AUTO
2026-06-19 07:41:46,1781854906,R_10,4843.901,-1,0.0030000000006111804,BACKFILL_AUTO
2026-06-19 07:41:48,1781854908,R_10,4844.045,1,0.14400000000023283,BACKFILL_AUTO
2026-06-19 07:41:50,1781854910,R_10,4844.166,1,0.12100000000009459,BACKFILL_AUTO
2026-06-19 07:41:52,1781854912,R_10,4844.222,1,0.05599999999958527,BACKFILL_AUTO
2026-06-19 07:41:54,1781854914,R_10,4844.192,-1,0.02999999999974534,BACKFILL_AUTO
2026-06-19 07:41:56,1781854916,R_10,4844.036,-1,0.15599999999994907,BACKFILL_AUTO
2026-06-19 07:41:58,1781854918,R_10,4844.255,1,0.21900000000005093,BACKFILL_AUTO
2026-06-19 07:42:00,1781854920,R_10,4844.132,-1,0.12300000000050204,BACKFILL_AUTO
2026-06-19 07:42:02,1781854922,R_10,4844.011,-1,0.12099999999918509,BACKFILL_AUTO
2026-06-19 07:42:04,1781854924,R_10,4844.025,1,0.013999999999214197,BACKFILL_AUTO
2026-06-19 07:42:06,1781854926,R_10,4844.013,-1,0.011999999999716238,BACKFILL_AUTO
2026-06-19 07:42:08,1781854928,R_10,4843.951,-1,0.06199999999989814,BACKFILL_AUTO
2026-06-19 07:42:10,1781854930,R_10,4843.884,-1,0.06700000000000728,BACKFILL_AUTO
2026-06-19 07:42:12,1781854932,R_10,4843.986,1,0.10199999999986176,BACKFILL_AUTO
2026-06-19 07:42:14,1781854934,R_10,4843.842,-1,0.14400000000023283,BACKFILL_AUTO
2026-06-19 07:42:16,1781854936,R_10,4843.806,-1,0.03600000000005821,BACKFILL_AUTO
2026-06-19 07:42:18,1781854938,R_10,4843.613,-1,0.1929999999993015,BACKFILL_AUTO
2026-06-19 07:42:20,1781854940,R_10,4843.803,1,0.18999999999959982,BACKFILL_AUTO
2026-06-19 07:42:22,1781854942,R_10,4843.668,-1,0.13500000000021828,BACKFILL_AUTO
2026-06-19 07:42:24,1781854944,R_10,4843.608,-1,0.05999999999949068,BACKFILL_AUTO
2026-06-19 07:42:26,1781854946,R_10,4843.5,-1,0.10800000000017462,BACKFILL_AUTO
2026-06-19 07:42:28,1781854948,R_10,4843.414,-1,0.0860000000002401,BACKFILL_AUTO
2026-06-19 07:42:30,1781854950,R_10,4843.35,-1,0.0639999999993961,BACKFILL_AUTO
2026-06-19 07:42:32,1781854952,R_10,4843.267,-1,0.08300000000053842,BACKFILL_AUTO
2026-06-19 07:42:34,1781854954,R_10,4843.281,1,0.014000000000123691,BACKFILL_AUTO
2026-06-19 07:42:36,1781854956,R_10,4843.362,1,0.08100000000013097,BACKFILL_AUTO
2026-06-19 07:42:38,1781854958,R_10,4843.485,1,0.12299999999959255,BACKFILL_AUTO
2026-06-19 07:42:40,1781854960,R_10,4843.189,-1,0.295999999999367,BACKFILL_AUTO
2026-06-19 07:42:42,1781854962,R_10,4843.344,1,0.15499999999974534,BACKFILL_AUTO
2026-06-19 07:42:44,1781854964,R_10,4843.575,1,0.23099999999976717,BACKFILL_AUTO
2026-06-19 07:42:46,1781854966,R_10,4843.73,1,0.15499999999974534,BACKFILL_AUTO
2026-06-19 07:42:48,1781854968,R_10,4843.531,-1,0.19899999999961437,BACKFILL_AUTO
2026-06-19 07:42:50,1781854970,R_10,4843.53,-1,0.0010000000002037268,BACKFILL_AUTO
2026-06-19 07:42:52,1781854972,R_10,4843.45,-1,0.07999999999992724,BACKFILL_AUTO
2026-06-19 07:42:54,1781854974,R_10,4843.637,1,0.18699999999989814,BACKFILL_AUTO
2026-06-19 07:42:56,1781854976,R_10,4843.572,-1,0.06499999999959982,BACKFILL_AUTO
2026-06-19 07:42:58,1781854978,R_10,4843.749,1,0.17699999999967986,BACKFILL_AUTO
2026-06-19 07:43:00,1781854980,R_10,4843.843,1,0.09400000000005093,BACKFILL_AUTO
2026-06-19 07:43:02,1781854982,R_10,4843.868,1,0.025000000000545697,BACKFILL_AUTO
2026-06-19 07:43:04,1781854984,R_10,4843.851,-1,0.01700000000073487,BACKFILL_AUTO
2026-06-19 07:43:06,1781854986,R_10,4843.896,1,0.04500000000007276,BACKFILL_AUTO
2026-06-19 07:43:08,1781854988,R_10,4843.847,-1,0.04899999999997817,BACKFILL_AUTO
2026-06-19 07:43:10,1781854990,R_10,4843.703,-1,0.14399999999932334,BACKFILL_AUTO
2026-06-19 07:43:12,1781854992,R_10,4843.622,-1,0.08100000000013097,BACKFILL_AUTO
2026-06-19 07:43:14,1781854994,R_10,4843.755,1,0.13299999999981083,BACKFILL_AUTO
2026-06-19 07:43:16,1781854996,R_10,4843.739,-1,0.016000000000531145,BACKFILL_AUTO
2026-06-19 07:43:18,1781854998,R_10,4843.74,1,0.0010000000002037268,BACKFILL_AUTO
2026-06-19 07:43:20,1781855000,R_10,4843.737,-1,0.0029999999997016857,BACKFILL_AUTO
2026-06-19 07:43:22,1781855002,R_10,4843.725,-1,0.011999999999716238,BACKFILL_AUTO
2026-06-19 07:43:24,1781855004,R_10,4843.836,1,0.11099999999987631,BACKFILL_AUTO
2026-06-19 07:43:26,1781855006,R_10,4843.935,1,0.09900000000016007,BACKFILL_AUTO
2026-06-19 07:43:28,1781855008,R_10,4843.98,1,0.044999999999163265,BACKFILL_AUTO
2026-06-19 07:43:30,1781855010,R_10,4844.062,1,0.0820000000003347,BACKFILL_AUTO
2026-06-19 07:43:32,1781855012,R_10,4843.961,-1,0.10099999999965803,BACKFILL_AUTO
2026-06-19 07:43:34,1781855014,R_10,4843.933,-1,0.028000000000247383,BACKFILL_AUTO
2026-06-19 07:43:36,1781855016,R_10,4843.75,-1,0.18299999999999272,BACKFILL_AUTO
2026-06-19 07:43:38,1781855018,R_10,4843.793,1,0.042999999999665306,BACKFILL_AUTO
2026-06-19 07:43:40,1781855020,R_10,4843.799,1,0.006000000000312866,BACKFILL_AUTO
2026-06-19 07:43:42,1781855022,R_10,4843.799,0,0.0,BACKFILL_AUTO
2026-06-19 07:43:44,1781855024,R_10,4843.703,-1,0.09599999999954889,BACKFILL_AUTO
2026-06-19 07:43:46,1781855026,R_10,4843.893,1,0.18999999999959982,BACKFILL_AUTO
2026-06-19 07:43:48,1781855028,R_10,4843.868,-1,0.024999999999636202,BACKFILL_AUTO
2026-06-19 07:43:50,1781855030,R_10,4843.893,1,0.024999999999636202,BACKFILL_AUTO
2026-06-19 07:43:52,1781855032,R_10,4843.801,-1,0.09199999999964348,BACKFILL_AUTO
2026-06-19 07:43:54,1781855034,R_10,4843.901,1,0.0999999999994543,BACKFILL_AUTO
2026-06-19 07:43:56,1781855036,R_10,4843.903,1,0.0020000000004074536,BACKFILL_AUTO
2026-06-19 07:43:58,1781855038,R_10,4843.914,1,0.01099999999951251,BACKFILL_AUTO
2026-06-19 07:44:00,1781855040,R_10,4844.077,1,0.16300000000046566,BACKFILL_AUTO
2026-06-19 07:44:02,1781855042,R_10,4844.235,1,0.15799999999944703,BACKFILL_AUTO
2026-06-19 07:44:04,1781855044,R_10,4844.118,-1,0.11699999999927968,BACKFILL_AUTO
2026-06-19 07:44:06,1781855046,R_10,4844.063,-1,0.05500000000029104,BACKFILL_AUTO
2026-06-19 07:44:08,1781855048,R_10,4844.273,1,0.21000000000003638,BACKFILL_AUTO
2026-06-19 07:44:10,1781855050,R_10,4844.332,1,0.05900000000019645,BACKFILL_AUTO
2026-06-19 07:44:12,1781855052,R_10,4844.197,-1,0.13500000000021828,BACKFILL_AUTO
2026-06-19 07:44:14,1781855054,R_10,4844.29,1,0.0929999999998472,BACKFILL_AUTO
2026-06-19 07:44:16,1781855056,R_10,4844.146,-1,0.14400000000023283,BACKFILL_AUTO
2026-06-19 07:44:18,1781855058,R_10,4844.193,1,0.04700000000048021,BACKFILL_AUTO
2026-06-19 07:44:20,1781855060,R_10,4844.317,1,0.12399999999979627,BACKFILL_AUTO
2026-06-19 07:44:22,1781855062,R_10,4844.213,-1,0.10400000000026921,BACKFILL_AUTO
2026-06-19 07:44:24,1781855064,R_10,4844.164,-1,0.04899999999997817,BACKFILL_AUTO
2026-06-19 07:44:26,1781855066,R_10,4844.152,-1,0.011999999999716238,BACKFILL_AUTO
2026-06-19 07:44:28,1781855068,R_10,4844.167,1,0.015000000000327418,BACKFILL_AUTO
2026-06-19 07:44:30,1781855070,R_10,4844.286,1,0.11899999999968713,BACKFILL_AUTO
2026-06-19 07:44:32,1781855072,R_10,4844.194,-1,0.09199999999964348,BACKFILL_AUTO
2026-06-19 07:44:34,1781855074,R_10,4844.002,-1,0.19200000000000728,BACKFILL_AUTO
2026-06-19 07:44:36,1781855076,R_10,4843.881,-1,0.12100000000009459,BACKFILL_AUTO
2026-06-19 07:44:38,1781855078,R_10,4843.761,-1,0.11999999999989086,BACKFILL_AUTO
2026-06-19 07:44:40,1781855080,R_10,4843.92,1,0.15899999999965075,BACKFILL_AUTO
2026-06-19 07:44:42,1781855082,R_10,4843.853,-1,0.06700000000000728,BACKFILL_AUTO
2026-06-19 07:44:44,1781855084,R_10,4843.957,1,0.10400000000026921,BACKFILL_AUTO
2026-06-19 07:44:46,1781855086,R_10,4843.882,-1,0.0750000000007276,BACKFILL_AUTO
2026-06-19 07:44:48,1781855088,R_10,4843.937,1,0.05500000000029104,BACKFILL_AUTO
2026-06-19 07:44:50,1781855090,R_10,4843.997,1,0.06000000000040018,BACKFILL_AUTO
2026-06-19 07:44:52,1781855092,R_10,4843.919,-1,0.07800000000042928,BACKFILL_AUTO
2026-06-19 07:44:54,1781855094,R_10,4843.892,-1,0.027000000000043656,BACKFILL_AUTO
2026-06-19 07:44:56,1781855096,R_10,4844.025,1,0.13299999999981083,BACKFILL_AUTO
2026-06-19 07:44:58,1781855098,R_10,4844.062,1,0.037000000000261934,BACKFILL_AUTO
2026-06-19 07:45:00,1781855100,R_10,4843.875,-1,0.18699999999989814,BACKFILL_AUTO
2026-06-19 07:45:02,1781855102,R_10,4843.88,1,0.005000000000109139,BACKFILL_AUTO
2026-06-19 07:45:04,1781855104,R_10,4843.692,-1,0.18800000000010186,BACKFILL_AUTO
2026-06-19 07:45:06,1781855106,R_10,4843.588,-1,0.10400000000026921,BACKFILL_AUTO
2026-06-19 07:45:08,1781855108,R_10,4843.81,1,0.2220000000006621,BACKFILL_AUTO
2026-06-19 07:45:10,1781855110,R_10,4843.701,-1,0.10900000000037835,BACKFILL_AUTO
2026-06-19 07:45:12,1781855112,R_10,4843.648,-1,0.052999999999883585,BACKFILL_AUTO
2026-06-19 07:45:14,1781855114,R_10,4843.754,1,0.10599999999976717,BACKFILL_AUTO
2026-06-19 07:45:16,1781855116,R_10,4843.672,-1,0.0820000000003347,BACKFILL_AUTO
2026-06-19 07:45:18,1781855118,R_10,4843.631,-1,0.04099999999925785,BACKFILL_AUTO
2026-06-19 07:45:20,1781855120,R_10,4843.646,1,0.014999999999417923,BACKFILL_AUTO
2026-06-19 07:45:22,1781855122,R_10,4843.756,1,0.11000000000058208,BACKFILL_AUTO
2026-06-19 07:45:24,1781855124,R_10,4843.814,1,0.057999999999992724,BACKFILL_AUTO
2026-06-19 07:45:26,1781855126,R_10,4843.744,-1,0.07000000000061846,BACKFILL_AUTO
2026-06-19 07:45:28,1781855128,R_10,4843.799,1,0.05500000000029104,BACKFILL_AUTO
2026-06-19 07:45:30,1781855130,R_10,4844.094,1,0.29500000000007276,BACKFILL_AUTO
2026-06-19 07:45:32,1781855132,R_10,4843.997,-1,0.09699999999975262,BACKFILL_AUTO
2026-06-19 07:45:34,1781855134,R_10,4843.946,-1,0.051000000000385626,BACKFILL_AUTO
2026-06-19 07:45:36,1781855136,R_10,4844.047,1,0.10099999999965803,BACKFILL_AUTO
2026-06-19 07:45:38,1781855138,R_10,4844.153,1,0.10600000000067666,BACKFILL_AUTO
2026-06-19 07:45:40,1781855140,R_10,4844.059,-1,0.09400000000005093,BACKFILL_AUTO
2026-06-19 07:45:42,1781855142,R_10,4844.075,1,0.01599999999962165,BACKFILL_AUTO
2026-06-19 07:45:44,1781855144,R_10,4844.072,-1,0.0029999999997016857,BACKFILL_AUTO
2026-06-19 07:45:46,1781855146,R_10,4844.296,1,0.22400000000016007,BACKFILL_AUTO
2026-06-19 07:45:48,1781855148,R_10,4844.296,0,0.0,BACKFILL_AUTO
2026-06-19 07:45:50,1781855150,R_10,4844.38,1,0.08399999999983265,BACKFILL_AUTO
2026-06-19 07:45:52,1781855152,R_10,4844.62,1,0.23999999999978172,BACKFILL_AUTO
2026-06-19 07:45:54,1781855154,R_10,4844.659,1,0.03899999999975989,BACKFILL_AUTO
2026-06-19 07:45:56,1781855156,R_10,4844.742,1,0.08300000000053842,BACKFILL_AUTO
2026-06-19 07:45:58,1781855158,R_10,4844.673,-1,0.06900000000041473,BACKFILL_AUTO
2026-06-19 07:46:00,1781855160,R_10,4844.703,1,0.030000000000654836,BACKFILL_AUTO
2026-06-19 07:46:02,1781855162,R_10,4844.563,-1,0.14000000000032742,BACKFILL_AUTO
2026-06-19 07:46:04,1781855164,R_10,4844.542,-1,0.02099999999973079,BACKFILL_AUTO
2026-06-19 07:46:06,1781855166,R_10,4844.481,-1,0.061000000000603904,BACKFILL_AUTO
2026-06-19 07:46:08,1781855168,R_10,4844.394,-1,0.08699999999953434,BACKFILL_AUTO
2026-06-19 07:46:10,1781855170,R_10,4844.185,-1,0.20899999999983265,BACKFILL_AUTO
2026-06-19 07:46:12,1781855172,R_10,4843.791,-1,0.39400000000023283,BACKFILL_AUTO
2026-06-19 07:46:14,1781855174,R_10,4843.801,1,0.010000000000218279,BACKFILL_AUTO
2026-06-19 07:46:16,1781855176,R_10,4843.861,1,0.05999999999949068,BACKFILL_AUTO
2026-06-19 07:46:18,1781855178,R_10,4843.645,-1,0.21599999999943975,BACKFILL_AUTO
2026-06-19 07:46:20,1781855180,R_10,4843.722,1,0.07699999999931606,BACKFILL_AUTO
2026-06-19 07:46:22,1781855182,R_10,4843.805,1,0.08300000000053842,BACKFILL_AUTO
2026-06-19 07:46:24,1781855184,R_10,4843.659,-1,0.14600000000064028,BACKFILL_AUTO
2026-06-19 07:46:26,1781855186,R_10,4843.707,1,0.04800000000068394,BACKFILL_AUTO
2026-06-19 07:46:28,1781855188,R_10,4843.868,1,0.1610000000000582,BACKFILL_AUTO
2026-06-19 07:46:30,1781855190,R_10,4843.701,-1,0.16700000000037107,BACKFILL_AUTO
2026-06-19 07:46:32,1781855192,R_10,4843.801,1,0.1000000000003638,BACKFILL_AUTO
2026-06-19 07:46:34,1781855194,R_10,4843.821,1,0.019999999999527063,BACKFILL_AUTO
2026-06-19 07:46:36,1781855196,R_10,4843.703,-1,0.11799999999948341,BACKFILL_AUTO
2026-06-19 07:46:38,1781855198,R_10,4843.585,-1,0.1180000000003929,BACKFILL_AUTO
2026-06-19 07:46:40,1781855200,R_10,4843.601,1,0.01599999999962165,BACKFILL_AUTO
2026-06-19 07:46:42,1781855202,R_10,4843.569,-1,0.0319999999992433,BACKFILL_AUTO
2026-06-19 07:46:44,1781855204,R_10,4843.514,-1,0.05500000000029104,BACKFILL_AUTO
2026-06-19 07:46:46,1781855206,R_10,4843.531,1,0.016999999999825377,BACKFILL_AUTO
2026-06-19 07:46:48,1781855208,R_10,4843.462,-1,0.06899999999950523,BACKFILL_AUTO
2026-06-19 07:46:50,1781855210,R_10,4843.378,-1,0.08400000000074215,BACKFILL_AUTO
2026-06-19 07:46:52,1781855212,R_10,4843.316,-1,0.06199999999989814,BACKFILL_AUTO
2026-06-19 07:46:54,1781855214,R_10,4843.199,-1,0.11700000000018917,BACKFILL_AUTO
2026-06-19 07:46:56,1781855216,R_10,4842.984,-1,0.21499999999923602,BACKFILL_AUTO
2026-06-19 07:46:58,1781855218,R_10,4842.73,-1,0.2540000000008149,BACKFILL_AUTO
2026-06-19 07:47:00,1781855220,R_10,4842.72,-1,0.009999999999308784,BACKFILL_AUTO
2026-06-19 07:47:02,1781855222,R_10,4842.762,1,0.04199999999946158,BACKFILL_AUTO
2026-06-19 07:47:04,1781855224,R_10,4842.979,1,0.21700000000055297,BACKFILL_AUTO
2026-06-19 07:47:06,1781855226,R_10,4842.764,-1,0.21500000000014552,BACKFILL_AUTO
2026-06-19 07:47:08,1781855228,R_10,4842.813,1,0.04899999999997817,BACKFILL_AUTO
2026-06-19 07:47:10,1781855230,R_10,4842.919,1,0.10599999999976717,BACKFILL_AUTO
2026-06-19 07:47:12,1781855232,R_10,4842.883,-1,0.03600000000005821,BACKFILL_AUTO
2026-06-19 07:47:14,1781855234,R_10,4842.978,1,0.09500000000025466,BACKFILL_AUTO
2026-06-19 07:47:16,1781855236,R_10,4842.95,-1,0.028000000000247383,BACKFILL_AUTO
2026-06-19 07:47:18,1781855238,R_10,4842.762,-1,0.18800000000010186,BACKFILL_AUTO
2026-06-19 07:47:20,1781855240,R_10,4842.794,1,0.032000000000152795,BACKFILL_AUTO
2026-06-19 07:47:22,1781855242,R_10,4842.703,-1,0.09099999999943975,BACKFILL_AUTO
2026-06-19 07:47:24,1781855244,R_10,4842.69,-1,0.01300000000082946,BACKFILL_AUTO
2026-06-19 07:47:26,1781855246,R_10,4842.633,-1,0.056999999999789,BACKFILL_AUTO
2026-06-19 07:47:28,1781855248,R_10,4842.543,-1,0.09000000000014552,BACKFILL_AUTO
2026-06-19 07:47:30,1781855250,R_10,4842.412,-1,0.13099999999940337,BACKFILL_AUTO
2026-06-19 07:47:32,1781855252,R_10,4842.538,1,0.12599999999929423,BACKFILL_AUTO
2026-06-19 07:47:34,1781855254,R_10,4842.422,-1,0.11599999999998545,BACKFILL_AUTO
2026-06-19 07:47:36,1781855256,R_10,4842.253,-1,0.16899999999986903,BACKFILL_AUTO
2026-06-19 07:47:38,1781855258,R_10,4842.129,-1,0.12399999999979627,BACKFILL_AUTO
2026-06-19 07:47:40,1781855260,R_10,4842.131,1,0.0020000000004074536,BACKFILL_AUTO
2026-06-19 07:47:42,1781855262,R_10,4841.912,-1,0.21900000000005093,BACKFILL_AUTO
2026-06-19 07:47:44,1781855264,R_10,4842.024,1,0.11200000000008004,BACKFILL_AUTO
2026-06-19 07:47:46,1781855266,R_10,4842.021,-1,0.0030000000006111804,BACKFILL_AUTO
2026-06-19 07:47:48,1781855268,R_10,4841.708,-1,0.31300000000010186,BACKFILL_AUTO
2026-06-19 07:47:50,1781855270,R_10,4841.64,-1,0.06799999999930151,BACKFILL_AUTO
2026-06-19 07:47:52,1781855272,R_10,4841.705,1,0.06499999999959982,BACKFILL_AUTO
2026-06-19 07:47:54,1781855274,R_10,4841.785,1,0.07999999999992724,BACKFILL_AUTO
2026-06-19 07:47:56,1781855276,R_10,4841.836,1,0.051000000000385626,BACKFILL_AUTO
2026-06-19 07:47:58,1781855278,R_10,4841.842,1,0.0059999999994033715,BACKFILL_AUTO
2026-06-19 07:48:00,1781855280,R_10,4841.715,-1,0.12699999999949796,BACKFILL_AUTO
2026-06-19 07:48:02,1781855282,R_10,4841.607,-1,0.10800000000017462,BACKFILL_AUTO
2026-06-19 07:48:04,1781855284,R_10,4841.319,-1,0.28799999999955617,BACKFILL_AUTO
2026-06-19 07:48:06,1781855286,R_10,4841.145,-1,0.17399999999997817,BACKFILL_AUTO
2026-06-19 07:48:08,1781855288,R_10,4841.185,1,0.03999999999996362,BACKFILL_AUTO
2026-06-19 07:48:10,1781855290,R_10,4841.353,1,0.1679999999996653,BACKFILL_AUTO
2026-06-19 07:48:12,1781855292,R_10,4841.442,1,0.08899999999994179,BACKFILL_AUTO
2026-06-19 07:48:14,1781855294,R_10,4841.534,1,0.09199999999964348,BACKFILL_AUTO
2026-06-19 07:48:16,1781855296,R_10,4841.51,-1,0.023999999999432475,BACKFILL_AUTO
2026-06-19 07:48:18,1781855298,R_10,4841.24,-1,0.27000000000043656,BACKFILL_AUTO
2026-06-19 07:48:20,1781855300,R_10,4841.382,1,0.14199999999982538,BACKFILL_AUTO
2026-06-19 07:48:22,1781855302,R_10,4841.374,-1,0.007999999999810825,BACKFILL_AUTO
2026-06-19 07:48:24,1781855304,R_10,4841.31,-1,0.0639999999993961,BACKFILL_AUTO
2026-06-19 07:48:26,1781855306,R_10,4841.737,1,0.42699999999967986,BACKFILL_AUTO
2026-06-19 07:48:28,1781855308,R_10,4841.895,1,0.15800000000035652,BACKFILL_AUTO
2026-06-19 07:48:30,1781855310,R_10,4841.789,-1,0.10600000000067666,BACKFILL_AUTO
2026-06-19 07:48:32,1781855312,R_10,4841.794,1,0.005000000000109139,BACKFILL_AUTO
2026-06-19 07:48:34,1781855314,R_10,4841.744,-1,0.0500000000001819,BACKFILL_AUTO
2026-06-19 07:48:36,1781855316,R_10,4841.783,1,0.03900000000066939,BACKFILL_AUTO
2026-06-19 07:48:38,1781855318,R_10,4841.752,-1,0.03099999999994907,BACKFILL_AUTO
2026-06-19 07:48:40,1781855320,R_10,4841.787,1,0.03499999999985448,BACKFILL_AUTO
2026-06-19 07:48:42,1781855322,R_10,4841.681,-1,0.10600000000067666,BACKFILL_AUTO
2026-06-19 07:48:44,1781855324,R_10,4841.708,1,0.027000000000043656,BACKFILL_AUTO
2026-06-19 07:48:46,1781855326,R_10,4841.894,1,0.1860000000006039,BACKFILL_AUTO
2026-06-19 07:48:48,1781855328,R_10,4841.776,-1,0.1180000000003929,BACKFILL_AUTO
2026-06-19 07:48:50,1781855330,R_10,4841.797,1,0.02099999999973079,BACKFILL_AUTO
2026-06-19 07:48:52,1781855332,R_10,4841.621,-1,0.17599999999947613,BACKFILL_AUTO
2026-06-19 07:48:54,1781855334,R_10,4841.768,1,0.14699999999993452,BACKFILL_AUTO
2026-06-19 07:48:56,1781855336,R_10,4841.809,1,0.04100000000016735,BACKFILL_AUTO
2026-06-19 07:48:58,1781855338,R_10,4841.483,-1,0.32600000000002183,BACKFILL_AUTO
2026-06-19 07:49:00,1781855340,R_10,4841.531,1,0.047999999999774445,BACKFILL_AUTO
2026-06-19 07:49:02,1781855342,R_10,4841.475,-1,0.05599999999958527,BACKFILL_AUTO
2026-06-19 07:49:04,1781855344,R_10,4841.501,1,0.02599999999983993,BACKFILL_AUTO
2026-06-19 07:49:06,1781855346,R_10,4841.477,-1,0.02400000000034197,BACKFILL_AUTO
2026-06-19 07:49:08,1781855348,R_10,4841.703,1,0.22600000000056752,BACKFILL_AUTO
2026-06-19 07:49:10,1781855350,R_10,4841.759,1,0.05599999999958527,BACKFILL_AUTO
2026-06-19 07:49:12,1781855352,R_10,4841.733,-1,0.02599999999983993,BACKFILL_AUTO
2026-06-19 07:49:14,1781855354,R_10,4841.797,1,0.0639999999993961,BACKFILL_AUTO
2026-06-19 07:49:16,1781855356,R_10,4841.853,1,0.056000000000494765,BACKFILL_AUTO
2026-06-19 07:49:18,1781855358,R_10,4841.807,-1,0.046000000000276486,BACKFILL_AUTO
2026-06-19 07:49:20,1781855360,R_10,4841.92,1,0.11300000000028376,BACKFILL_AUTO
2026-06-19 07:49:22,1781855362,R_10,4841.913,-1,0.007000000000516593,BACKFILL_AUTO
2026-06-19 07:49:24,1781855364,R_10,4841.791,-1,0.12199999999938882,BACKFILL_AUTO
2026-06-19 07:49:26,1781855366,R_10,4841.752,-1,0.03899999999975989,BACKFILL_AUTO
2026-06-19 07:49:28,1781855368,R_10,4841.649,-1,0.10300000000006548,BACKFILL_AUTO
2026-06-19 07:49:30,1781855370,R_10,4841.764,1,0.11499999999978172,BACKFILL_AUTO
2026-06-19 07:49:32,1781855372,R_10,4841.623,-1,0.14100000000053114,BACKFILL_AUTO
2026-06-19 07:49:34,1781855374,R_10,4841.485,-1,0.13799999999991996,BACKFILL_AUTO
2026-06-19 07:49:36,1781855376,R_10,4841.501,1,0.016000000000531145,BACKFILL_AUTO
2026-06-19 07:49:38,1781855378,R_10,4841.36,-1,0.14100000000053114,BACKFILL_AUTO
2026-06-19 07:49:40,1781855380,R_10,4841.386,1,0.026000000000749424,BACKFILL_AUTO
2026-06-19 07:49:42,1781855382,R_10,4841.432,1,0.04599999999936699,BACKFILL_AUTO
2026-06-19 07:49:44,1781855384,R_10,4841.252,-1,0.17999999999938154,BACKFILL_AUTO
2026-06-19 07:49:46,1781855386,R_10,4841.246,-1,0.006000000000312866,BACKFILL_AUTO
2026-06-19 07:49:48,1781855388,R_10,4841.362,1,0.11599999999998545,BACKFILL_AUTO
2026-06-19 07:49:50,1781855390,R_10,4841.33,-1,0.032000000000152795,BACKFILL_AUTO
2026-06-19 07:49:52,1781855392,R_10,4841.29,-1,0.03999999999996362,BACKFILL_AUTO
2026-06-19 07:49:54,1781855394,R_10,4841.236,-1,0.05400000000008731,BACKFILL_AUTO
2026-06-19 07:49:56,1781855396,R_10,4841.31,1,0.07400000000052387,BACKFILL_AUTO
2026-06-19 07:49:58,1781855398,R_10,4841.208,-1,0.10200000000077125,BACKFILL_AUTO
2026-06-19 07:50:00,1781855400,R_10,4841.103,-1,0.10499999999956344,BACKFILL_AUTO
2026-06-19 07:50:02,1781855402,R_10,4841.149,1,0.046000000000276486,BACKFILL_AUTO
2026-06-19 07:50:04,1781855404,R_10,4841.013,-1,0.136000000000422,BACKFILL_AUTO
2026-06-19 07:50:06,1781855406,R_10,4841.11,1,0.09699999999975262,BACKFILL_AUTO
2026-06-19 07:50:08,1781855408,R_10,4841.045,-1,0.06499999999959982,BACKFILL_AUTO
2026-06-19 07:50:10,1781855410,R_10,4841.138,1,0.0929999999998472,BACKFILL_AUTO
2026-06-19 07:50:12,1781855412,R_10,4841.272,1,0.13400000000001455,BACKFILL_AUTO
2026-06-19 07:50:14,1781855414,R_10,4841.132,-1,0.14000000000032742,BACKFILL_AUTO
2026-06-19 07:50:16,1781855416,R_10,4841.085,-1,0.04699999999957072,BACKFILL_AUTO
2026-06-19 07:50:18,1781855418,R_10,4841.076,-1,0.009000000000014552,BACKFILL_AUTO
2026-06-19 07:50:20,1781855420,R_10,4841.06,-1,0.01599999999962165,BACKFILL_AUTO
2026-06-19 07:50:22,1781855422,R_10,4840.917,-1,0.1430000000000291,BACKFILL_AUTO
2026-06-19 07:50:24,1781855424,R_10,4840.874,-1,0.0430000000005748,BACKFILL_AUTO
2026-06-19 07:50:26,1781855426,R_10,4840.848,-1,0.02599999999983993,BACKFILL_AUTO
2026-06-19 07:50:28,1781855428,R_10,4841.264,1,0.41600000000016735,BACKFILL_AUTO
2026-06-19 07:50:30,1781855430,R_10,4841.424,1,0.15999999999985448,BACKFILL_AUTO
2026-06-19 07:50:32,1781855432,R_10,4841.511,1,0.08700000000044383,BACKFILL_AUTO
2026-06-19 07:50:34,1781855434,R_10,4841.666,1,0.15499999999974534,BACKFILL_AUTO
2026-06-19 07:50:36,1781855436,R_10,4841.485,-1,0.18100000000049477,BACKFILL_AUTO
2026-06-19 07:50:38,1781855438,R_10,4841.366,-1,0.11899999999968713,BACKFILL_AUTO
2026-06-19 07:50:40,1781855440,R_10,4841.219,-1,0.14699999999993452,BACKFILL_AUTO
2026-06-19 07:50:42,1781855442,R_10,4841.209,-1,0.010000000000218279,BACKFILL_AUTO
2026-06-19 07:50:44,1781855444,R_10,4841.346,1,0.13699999999971624,BACKFILL_AUTO
2026-06-19 07:50:46,1781855446,R_10,4841.228,-1,0.11799999999948341,BACKFILL_AUTO
2026-06-19 07:50:48,1781855448,R_10,4841.241,1,0.012999999999919964,BACKFILL_AUTO
2026-06-19 07:50:50,1781855450,R_10,4841.118,-1,0.12299999999959255,BACKFILL_AUTO
2026-06-19 07:50:52,1781855452,R_10,4840.928,-1,0.19000000000050932,BACKFILL_AUTO
2026-06-19 07:50:54,1781855454,R_10,4840.934,1,0.006000000000312866,BACKFILL_AUTO
2026-06-19 07:50:56,1781855456,R_10,4840.967,1,0.03299999999944703,BACKFILL_AUTO
2026-06-19 07:50:58,1781855458,R_10,4841.011,1,0.04400000000077853,BACKFILL_AUTO
2026-06-19 07:51:00,1781855460,R_10,4841.057,1,0.04599999999936699,BACKFILL_AUTO
2026-06-19 07:51:02,1781855462,R_10,4841.124,1,0.06700000000000728,BACKFILL_AUTO
2026-06-19 07:51:04,1781855464,R_10,4841.083,-1,0.04100000000016735,BACKFILL_AUTO
2026-06-19 07:51:06,1781855466,R_10,4841.06,-1,0.02299999999922875,BACKFILL_AUTO
2026-06-19 07:51:08,1781855468,R_10,4840.928,-1,0.1320000000005166,BACKFILL_AUTO
2026-06-19 07:51:10,1781855470,R_10,4840.681,-1,0.24700000000029831,BACKFILL_AUTO
2026-06-19 07:51:12,1781855472,R_10,4840.59,-1,0.09099999999943975,BACKFILL_AUTO
2026-06-19 07:51:14,1781855474,R_10,4840.534,-1,0.056000000000494765,BACKFILL_AUTO
2026-06-19 07:51:16,1781855476,R_10,4840.339,-1,0.19499999999970896,BACKFILL_AUTO
2026-06-19 07:51:18,1781855478,R_10,4840.316,-1,0.023000000000138243,BACKFILL_AUTO
2026-06-19 07:51:20,1781855480,R_10,4840.258,-1,0.057999999999992724,BACKFILL_AUTO
2026-06-19 07:51:22,1781855482,R_10,4840.345,1,0.08700000000044383,BACKFILL_AUTO
2026-06-19 07:51:24,1781855484,R_10,4840.337,-1,0.007999999999810825,BACKFILL_AUTO
2026-06-19 07:51:26,1781855486,R_10,4840.37,1,0.03299999999944703,BACKFILL_AUTO
2026-06-19 07:51:28,1781855488,R_10,4840.154,-1,0.21599999999943975,BACKFILL_AUTO
2026-06-19 07:51:30,1781855490,R_10,4840.395,1,0.24099999999998545,BACKFILL_AUTO
2026-06-19 07:51:32,1781855492,R_10,4840.501,1,0.10599999999976717,BACKFILL_AUTO
2026-06-19 07:51:34,1781855494,R_10,4840.603,1,0.10199999999986176,BACKFILL_AUTO
2026-06-19 07:51:36,1781855496,R_10,4840.887,1,0.28399999999965075,BACKFILL_AUTO
2026-06-19 07:51:38,1781855498,R_10,4841.006,1,0.11900000000059663,BACKFILL_AUTO
2026-06-19 07:51:40,1781855500,R_10,4841.111,1,0.10499999999956344,BACKFILL_AUTO
2026-06-19 07:51:42,1781855502,R_10,4841.343,1,0.2319999999999709,BACKFILL_AUTO
2026-06-19 07:51:44,1781855504,R_10,4841.5,1,0.1570000000001528,BACKFILL_AUTO
2026-06-19 07:51:46,1781855506,R_10,4841.455,-1,0.04500000000007276,BACKFILL_AUTO
2026-06-19 07:51:48,1781855508,R_10,4841.457,1,0.0020000000004074536,BACKFILL_AUTO
2026-06-19 07:51:50,1781855510,R_10,4841.342,-1,0.11500000000069122,BACKFILL_AUTO
2026-06-19 07:51:52,1781855512,R_10,4841.508,1,0.16600000000016735,BACKFILL_AUTO
2026-06-19 07:51:54,1781855514,R_10,4841.496,-1,0.011999999999716238,BACKFILL_AUTO
2026-06-19 07:51:56,1781855516,R_10,4841.43,-1,0.06599999999980355,BACKFILL_AUTO
2026-06-19 07:51:58,1781855518,R_10,4841.653,1,0.22299999999995634,BACKFILL_AUTO
2026-06-19 07:52:00,1781855520,R_10,4841.726,1,0.07299999999941065,BACKFILL_AUTO
2026-06-19 07:52:02,1781855522,R_10,4841.762,1,0.03600000000005821,BACKFILL_AUTO
2026-06-19 07:52:04,1781855524,R_10,4841.647,-1,0.11499999999978172,BACKFILL_AUTO
2026-06-19 07:52:06,1781855526,R_10,4841.667,1,0.020000000000436557,BACKFILL_AUTO
2026-06-19 07:52:08,1781855528,R_10,4841.886,1,0.21900000000005093,BACKFILL_AUTO
2026-06-19 07:52:10,1781855530,R_10,4841.817,-1,0.06900000000041473,BACKFILL_AUTO
2026-06-19 07:52:12,1781855532,R_10,4841.869,1,0.05199999999967986,BACKFILL_AUTO
2026-06-19 07:52:14,1781855534,R_10,4841.863,-1,0.0059999999994033715,BACKFILL_AUTO
2026-06-19 07:52:16,1781855536,R_10,4841.985,1,0.12199999999938882,BACKFILL_AUTO
2026-06-19 07:52:18,1781855538,R_10,4842.153,1,0.1680000000005748,BACKFILL_AUTO
2026-06-19 07:52:20,1781855540,R_10,4842.27,1,0.11700000000018917,BACKFILL_AUTO
2026-06-19 07:52:22,1781855542,R_10,4842.26,-1,0.010000000000218279,BACKFILL_AUTO
2026-06-19 07:52:24,1781855544,R_10,4842.161,-1,0.09900000000016007,BACKFILL_AUTO
2026-06-19 07:52:26,1781855546,R_10,4842.021,-1,0.14000000000032742,BACKFILL_AUTO
2026-06-19 07:52:28,1781855548,R_10,4841.755,-1,0.26599999999962165,BACKFILL_AUTO
2026-06-19 07:52:30,1781855550,R_10,4841.644,-1,0.11099999999987631,BACKFILL_AUTO
2026-06-19 07:52:32,1781855552,R_10,4841.571,-1,0.07300000000032014,BACKFILL_AUTO
2026-06-19 07:52:34,1781855554,R_10,4841.532,-1,0.03899999999975989,BACKFILL_AUTO
2026-06-19 07:52:36,1781855556,R_10,4841.449,-1,0.08300000000053842,BACKFILL_AUTO
2026-06-19 07:52:38,1781855558,R_10,4841.452,1,0.0030000000006111804,BACKFILL_AUTO
2026-06-19 07:52:40,1781855560,R_10,4841.585,1,0.13299999999981083,BACKFILL_AUTO
2026-06-19 07:52:42,1781855562,R_10,4841.639,1,0.05400000000008731,BACKFILL_AUTO
2026-06-19 07:52:44,1781855564,R_10,4841.47,-1,0.16899999999986903,BACKFILL_AUTO
2026-06-19 07:52:46,1781855566,R_10,4841.414,-1,0.056000000000494765,BACKFILL_AUTO
2026-06-19 07:52:48,1781855568,R_10,4841.39,-1,0.023999999999432475,BACKFILL_AUTO
2026-06-19 07:52:50,1781855570,R_10,4841.286,-1,0.10400000000026921,BACKFILL_AUTO
2026-06-19 07:52:52,1781855572,R_10,4841.474,1,0.18800000000010186,BACKFILL_AUTO
2026-06-19 07:52:54,1781855574,R_10,4841.556,1,0.0819999999994252,BACKFILL_AUTO
2026-06-19 07:52:56,1781855576,R_10,4841.851,1,0.29500000000007276,BACKFILL_AUTO
2026-06-19 07:52:58,1781855578,R_10,4841.542,-1,0.30899999999928696,BACKFILL_AUTO
2026-06-19 07:53:00,1781855580,R_10,4841.537,-1,0.005000000000109139,BACKFILL_AUTO
2026-06-19 07:53:02,1781855582,R_10,4841.37,-1,0.16700000000037107,BACKFILL_AUTO
2026-06-19 07:53:04,1781855584,R_10,4841.404,1,0.03400000000056025,BACKFILL_AUTO
2026-06-19 07:53:06,1781855586,R_10,4841.615,1,0.2109999999993306,BACKFILL_AUTO
2026-06-19 07:53:08,1781855588,R_10,4841.775,1,0.15999999999985448,BACKFILL_AUTO
2026-06-19 07:53:10,1781855590,R_10,4841.833,1,0.057999999999992724,BACKFILL_AUTO
2026-06-19 07:53:12,1781855592,R_10,4841.766,-1,0.06700000000000728,BACKFILL_AUTO
2026-06-19 07:53:14,1781855594,R_10,4841.612,-1,0.15399999999954161,BACKFILL_AUTO
2026-06-19 07:53:16,1781855596,R_10,4841.624,1,0.011999999999716238,BACKFILL_AUTO
2026-06-19 07:53:18,1781855598,R_10,4841.652,1,0.028000000000247383,BACKFILL_AUTO
2026-06-19 07:53:20,1781855600,R_10,4841.605,-1,0.04700000000048021,BACKFILL_AUTO
2026-06-19 07:53:22,1781855602,R_10,4841.496,-1,0.10899999999946886,BACKFILL_AUTO
2026-06-19 07:53:24,1781855604,R_10,4841.453,-1,0.042999999999665306,BACKFILL_AUTO
2026-06-19 07:53:26,1781855606,R_10,4841.663,1,0.20999999999912689,BACKFILL_AUTO
2026-06-19 07:53:28,1781855608,R_10,4841.465,-1,0.19799999999941065,BACKFILL_AUTO
2026-06-19 07:53:30,1781855610,R_10,4841.477,1,0.011999999999716238,BACKFILL_AUTO
2026-06-19 07:53:32,1781855612,R_10,4841.495,1,0.018000000000029104,BACKFILL_AUTO
2026-06-19 07:53:34,1781855614,R_10,4841.596,1,0.10099999999965803,BACKFILL_AUTO
2026-06-19 07:53:36,1781855616,R_10,4841.539,-1,0.056999999999789,BACKFILL_AUTO
2026-06-19 07:53:38,1781855618,R_10,4841.359,-1,0.17999999999938154,BACKFILL_AUTO
2026-06-19 07:53:40,1781855620,R_10,4841.722,1,0.36299999999937427,BACKFILL_AUTO
2026-06-19 07:53:42,1781855622,R_10,4841.701,-1,0.02099999999973079,BACKFILL_AUTO
2026-06-19 07:53:44,1781855624,R_10,4841.751,1,0.0500000000001819,BACKFILL_AUTO
2026-06-19 07:53:46,1781855626,R_10,4841.765,1,0.014000000000123691,BACKFILL_AUTO
2026-06-19 07:53:48,1781855628,R_10,4841.622,-1,0.1430000000000291,BACKFILL_AUTO
2026-06-19 07:53:50,1781855630,R_10,4841.449,-1,0.17300000000068394,BACKFILL_AUTO
2026-06-19 07:53:52,1781855632,R_10,4841.256,-1,0.1929999999993015,BACKFILL_AUTO
2026-06-19 07:53:54,1781855634,R_10,4841.065,-1,0.19100000000071304,BACKFILL_AUTO
2026-06-19 07:53:56,1781855636,R_10,4840.969,-1,0.09599999999954889,BACKFILL_AUTO
2026-06-19 07:53:58,1781855638,R_10,4840.792,-1,0.17699999999967986,BACKFILL_AUTO
2026-06-19 07:54:00,1781855640,R_10,4840.893,1,0.10099999999965803,BACKFILL_AUTO
2026-06-19 07:54:02,1781855642,R_10,4841.04,1,0.14699999999993452,BACKFILL_AUTO
2026-06-19 07:54:04,1781855644,R_10,4841.282,1,0.24200000000018917,BACKFILL_AUTO
2026-06-19 07:54:06,1781855646,R_10,4841.223,-1,0.05900000000019645,BACKFILL_AUTO
2026-06-19 07:54:08,1781855648,R_10,4841.164,-1,0.05900000000019645,BACKFILL_AUTO
2026-06-19 07:54:10,1781855650,R_10,4841.142,-1,0.021999999999934516,BACKFILL_AUTO
2026-06-19 07:54:12,1781855652,R_10,4841.148,1,0.006000000000312866,BACKFILL_AUTO
2026-06-19 07:54:14,1781855654,R_10,4841.302,1,0.15399999999954161,BACKFILL_AUTO
2026-06-19 07:54:16,1781855656,R_10,4841.15,-1,0.15200000000004366,BACKFILL_AUTO
2026-06-19 07:54:18,1781855658,R_10,4841.331,1,0.18100000000049477,BACKFILL_AUTO
2026-06-19 07:54:20,1781855660,R_10,4841.329,-1,0.0020000000004074536,BACKFILL_AUTO
2026-06-19 07:54:22,1781855662,R_10,4841.462,1,0.13300000000072032,BACKFILL_AUTO
2026-06-19 07:54:24,1781855664,R_10,4841.613,1,0.15099999999983993,BACKFILL_AUTO
2026-06-19 07:54:26,1781855666,R_10,4841.337,-1,0.27599999999983993,BACKFILL_AUTO
2026-06-19 07:54:28,1781855668,R_10,4841.272,-1,0.06500000000050932,BACKFILL_AUTO
2026-06-19 07:54:30,1781855670,R_10,4841.265,-1,0.006999999999607098,BACKFILL_AUTO
2026-06-19 07:54:32,1781855672,R_10,4841.312,1,0.04699999999957072,BACKFILL_AUTO
2026-06-19 07:54:34,1781855674,R_10,4841.21,-1,0.10199999999986176,BACKFILL_AUTO
2026-06-19 07:54:36,1781855676,R_10,4841.253,1,0.042999999999665306,BACKFILL_AUTO
2026-06-19 07:54:38,1781855678,R_10,4841.179,-1,0.07399999999961437,BACKFILL_AUTO
2026-06-19 07:54:40,1781855680,R_10,4841.145,-1,0.033999999999650754,BACKFILL_AUTO
2026-06-19 07:54:42,1781855682,R_10,4841.599,1,0.4539999999997235,BACKFILL_AUTO
2026-06-19 07:54:44,1781855684,R_10,4841.656,1,0.056999999999789,BACKFILL_AUTO
2026-06-19 07:54:46,1781855686,R_10,4841.591,-1,0.06499999999959982,BACKFILL_AUTO
2026-06-19 07:54:48,1781855688,R_10,4841.676,1,0.08500000000003638,BACKFILL_AUTO
2026-06-19 07:54:50,1781855690,R_10,4841.678,1,0.001999999999497959,BACKFILL_AUTO
2026-06-19 07:54:52,1781855692,R_10,4841.78,1,0.10199999999986176,BACKFILL_AUTO
2026-06-19 07:54:54,1781855694,R_10,4841.692,-1,0.08799999999973807,BACKFILL_AUTO
2026-06-19 07:54:56,1781855696,R_10,4841.501,-1,0.19099999999980355,BACKFILL_AUTO
2026-06-19 07:54:58,1781855698,R_10,4841.409,-1,0.09200000000055297,BACKFILL_AUTO
2026-06-19 07:55:00,1781855700,R_10,4841.623,1,0.2139999999999418,BACKFILL_AUTO
2026-06-19 07:55:02,1781855702,R_10,4841.706,1,0.08300000000053842,BACKFILL_AUTO
2026-06-19 07:55:04,1781855704,R_10,4841.762,1,0.05599999999958527,BACKFILL_AUTO
2026-06-19 07:55:06,1781855706,R_10,4841.866,1,0.10400000000026921,BACKFILL_AUTO
2026-06-19 07:55:08,1781855708,R_10,4841.773,-1,0.0929999999998472,BACKFILL_AUTO
2026-06-19 07:55:10,1781855710,R_10,4841.595,-1,0.17799999999988358,BACKFILL_AUTO
2026-06-19 07:55:12,1781855712,R_10,4841.461,-1,0.13400000000001455,BACKFILL_AUTO
2026-06-19 07:55:14,1781855714,R_10,4841.412,-1,0.04899999999997817,BACKFILL_AUTO
2026-06-19 07:55:16,1781855716,R_10,4841.256,-1,0.15599999999994907,BACKFILL_AUTO
2026-06-19 07:55:18,1781855718,R_10,4841.198,-1,0.057999999999992724,BACKFILL_AUTO
2026-06-19 07:55:20,1781855720,R_10,4841.164,-1,0.03400000000056025,BACKFILL_AUTO
2026-06-19 07:55:22,1781855722,R_10,4841.239,1,0.0749999999998181,BACKFILL_AUTO
2026-06-19 07:55:24,1781855724,R_10,4841.257,1,0.018000000000029104,BACKFILL_AUTO
2026-06-19 07:55:26,1781855726,R_10,4841.054,-1,0.2029999999995198,BACKFILL_AUTO
2026-06-19 07:55:28,1781855728,R_10,4840.871,-1,0.18299999999999272,BACKFILL_AUTO
2026-06-19 07:55:30,1781855730,R_10,4840.941,1,0.06999999999970896,BACKFILL_AUTO
2026-06-19 07:55:32,1781855732,R_10,4841.073,1,0.1320000000005166,BACKFILL_AUTO
2026-06-19 07:55:34,1781855734,R_10,4841.149,1,0.07600000000002183,BACKFILL_AUTO
2026-06-19 07:55:36,1781855736,R_10,4841.131,-1,0.018000000000029104,BACKFILL_AUTO
2026-06-19 07:55:38,1781855738,R_10,4841.01,-1,0.12100000000009459,BACKFILL_AUTO
2026-06-19 07:55:40,1781855740,R_10,4841.186,1,0.17599999999947613,BACKFILL_AUTO
2026-06-19 07:55:42,1781855742,R_10,4841.189,1,0.0030000000006111804,BACKFILL_AUTO
2026-06-19 07:55:44,1781855744,R_10,4841.298,1,0.10899999999946886,BACKFILL_AUTO
2026-06-19 07:55:46,1781855746,R_10,4841.326,1,0.028000000000247383,BACKFILL_AUTO
2026-06-19 07:55:48,1781855748,R_10,4841.502,1,0.17600000000038563,BACKFILL_AUTO
2026-06-19 07:55:50,1781855750,R_10,4841.625,1,0.12299999999959255,BACKFILL_AUTO
2026-06-19 07:55:52,1781855752,R_10,4841.788,1,0.16299999999955617,BACKFILL_AUTO
2026-06-19 07:55:54,1781855754,R_10,4841.848,1,0.06000000000040018,BACKFILL_AUTO
2026-06-19 07:55:56,1781855756,R_10,4841.832,-1,0.01599999999962165,BACKFILL_AUTO
2026-06-19 07:55:58,1781855758,R_10,4841.827,-1,0.005000000000109139,BACKFILL_AUTO
2026-06-19 07:56:00,1781855760,R_10,4841.854,1,0.027000000000043656,BACKFILL_AUTO
2026-06-19 07:56:02,1781855762,R_10,4841.52,-1,0.33399999999983265,BACKFILL_AUTO
2026-06-19 07:56:04,1781855764,R_10,4841.755,1,0.23499999999967258,BACKFILL_AUTO
2026-06-19 07:56:06,1781855766,R_10,4841.74,-1,0.015000000000327418,BACKFILL_AUTO
2026-06-19 07:56:08,1781855768,R_10,4841.79,1,0.0500000000001819,BACKFILL_AUTO
2026-06-19 07:56:10,1781855770,R_10,4841.734,-1,0.05599999999958527,BACKFILL_AUTO
2026-06-19 07:56:12,1781855772,R_10,4841.75,1,0.01599999999962165,BACKFILL_AUTO
2026-06-19 07:56:14,1781855774,R_10,4841.948,1,0.19800000000032014,BACKFILL_AUTO
2026-06-19 07:56:16,1781855776,R_10,4842.107,1,0.15899999999965075,BACKFILL_AUTO
2026-06-19 07:56:18,1781855778,R_10,4842.096,-1,0.011000000000422006,BACKFILL_AUTO
2026-06-19 07:56:20,1781855780,R_10,4842.194,1,0.09800000000086584,BACKFILL_AUTO
2026-06-19 07:56:22,1781855782,R_10,4841.966,-1,0.22800000000006548,BACKFILL_AUTO
2026-06-19 07:56:24,1781855784,R_10,4842.193,1,0.22699999999986176,BACKFILL_AUTO
2026-06-19 07:56:26,1781855786,R_10,4841.97,-1,0.22299999999995634,BACKFILL_AUTO
2026-06-19 07:56:28,1781855788,R_10,4841.974,1,0.0039999999999054126,BACKFILL_AUTO
2026-06-19 07:56:30,1781855790,R_10,4842.034,1,0.05999999999949068,BACKFILL_AUTO
2026-06-19 07:56:32,1781855792,R_10,4842.209,1,0.1750000000001819,BACKFILL_AUTO
2026-06-19 07:56:34,1781855794,R_10,4842.255,1,0.046000000000276486,BACKFILL_AUTO
2026-06-19 07:56:36,1781855796,R_10,4842.273,1,0.018000000000029104,BACKFILL_AUTO
2026-06-19 07:56:38,1781855798,R_10,4842.389,1,0.11599999999998545,BACKFILL_AUTO
2026-06-19 07:56:40,1781855800,R_10,4842.406,1,0.016999999999825377,BACKFILL_AUTO
2026-06-19 07:56:42,1781855802,R_10,4842.54,1,0.13400000000001455,BACKFILL_AUTO
2026-06-19 07:56:44,1781855804,R_10,4842.234,-1,0.30599999999958527,BACKFILL_AUTO
2026-06-19 07:56:46,1781855806,R_10,4842.251,1,0.016999999999825377,BACKFILL_AUTO
2026-06-19 07:56:48,1781855808,R_10,4842.017,-1,0.23400000000037835,BACKFILL_AUTO
2026-06-19 07:56:50,1781855810,R_10,4841.77,-1,0.24699999999938882,BACKFILL_AUTO
2026-06-19 07:56:52,1781855812,R_10,4841.693,-1,0.07700000000022555,BACKFILL_AUTO
2026-06-19 07:56:54,1781855814,R_10,4841.51,-1,0.18299999999999272,BACKFILL_AUTO
2026-06-19 07:56:56,1781855816,R_10,4841.565,1,0.054999999999381544,BACKFILL_AUTO
2026-06-19 07:56:58,1781855818,R_10,4841.622,1,0.05700000000069849,BACKFILL_AUTO
2026-06-19 07:57:00,1781855820,R_10,4841.545,-1,0.07700000000022555,BACKFILL_AUTO
2026-06-19 07:57:02,1781855822,R_10,4841.715,1,0.17000000000007276,BACKFILL_AUTO
2026-06-19 07:57:04,1781855824,R_10,4841.704,-1,0.011000000000422006,BACKFILL_AUTO
2026-06-19 07:57:06,1781855826,R_10,4841.62,-1,0.08399999999983265,BACKFILL_AUTO
2026-06-19 07:57:08,1781855828,R_10,4841.501,-1,0.11899999999968713,BACKFILL_AUTO
2026-06-19 07:57:10,1781855830,R_10,4841.523,1,0.021999999999934516,BACKFILL_AUTO
2026-06-19 07:57:12,1781855832,R_10,4841.404,-1,0.11899999999968713,BACKFILL_AUTO
2026-06-19 07:57:14,1781855834,R_10,4841.466,1,0.06199999999989814,BACKFILL_AUTO
2026-06-19 07:57:16,1781855836,R_10,4841.144,-1,0.3220000000001164,BACKFILL_AUTO
2026-06-19 07:57:18,1781855838,R_10,4841.367,1,0.22299999999995634,BACKFILL_AUTO
2026-06-19 07:57:20,1781855840,R_10,4841.36,-1,0.007000000000516593,BACKFILL_AUTO
2026-06-19 07:57:22,1781855842,R_10,4841.322,-1,0.03799999999955617,BACKFILL_AUTO
2026-06-19 07:57:24,1781855844,R_10,4841.26,-1,0.06199999999989814,BACKFILL_AUTO
2026-06-19 07:57:26,1781855846,R_10,4841.197,-1,0.06300000000010186,BACKFILL_AUTO
2026-06-19 07:57:28,1781855848,R_10,4841.416,1,0.21900000000005093,BACKFILL_AUTO
2026-06-19 07:57:30,1781855850,R_10,4841.592,1,0.17599999999947613,BACKFILL_AUTO
2026-06-19 07:57:32,1781855852,R_10,4841.516,-1,0.07600000000002183,BACKFILL_AUTO
2026-06-19 07:57:34,1781855854,R_10,4841.596,1,0.07999999999992724,BACKFILL_AUTO
2026-06-19 07:57:36,1781855856,R_10,4841.578,-1,0.01799999999911961,BACKFILL_AUTO
2026-06-19 07:57:38,1781855858,R_10,4841.512,-1,0.06600000000071304,BACKFILL_AUTO
2026-06-19 07:57:40,1781855860,R_10,4841.377,-1,0.13499999999930878,BACKFILL_AUTO
2026-06-19 07:57:42,1781855862,R_10,4841.25,-1,0.12700000000040745,BACKFILL_AUTO
2026-06-19 07:57:44,1781855864,R_10,4841.285,1,0.03499999999985448,BACKFILL_AUTO
2026-06-19 07:57:46,1781855866,R_10,4841.304,1,0.01900000000023283,BACKFILL_AUTO
2026-06-19 07:57:48,1781855868,R_10,4841.371,1,0.06700000000000728,BACKFILL_AUTO
2026-06-19 07:57:50,1781855870,R_10,4841.232,-1,0.1390000000001237,BACKFILL_AUTO
2026-06-19 07:57:52,1781855872,R_10,4841.265,1,0.03300000000035652,BACKFILL_AUTO
2026-06-19 07:57:54,1781855874,R_10,4841.303,1,0.03799999999955617,BACKFILL_AUTO
2026-06-19 07:57:56,1781855876,R_10,4841.379,1,0.07600000000002183,BACKFILL_AUTO
2026-06-19 07:57:58,1781855878,R_10,4841.195,-1,0.18400000000019645,BACKFILL_AUTO
2026-06-19 07:58:00,1781855880,R_10,4841.3,1,0.10500000000047294,BACKFILL_AUTO
2026-06-19 07:58:02,1781855882,R_10,4841.228,-1,0.07200000000011642,BACKFILL_AUTO
2026-06-19 07:58:04,1781855884,R_10,4841.31,1,0.0820000000003347,BACKFILL_AUTO
2026-06-19 07:58:06,1781855886,R_10,4841.306,-1,0.004000000000814907,BACKFILL_AUTO
2026-06-19 07:58:08,1781855888,R_10,4841.464,1,0.15800000000035652,BACKFILL_AUTO
2026-06-19 07:58:10,1781855890,R_10,4841.354,-1,0.10999999999967258,BACKFILL_AUTO
2026-06-19 07:58:12,1781855892,R_10,4841.498,1,0.14399999999932334,BACKFILL_AUTO
2026-06-19 07:58:14,1781855894,R_10,4841.381,-1,0.11699999999927968,BACKFILL_AUTO
2026-06-19 07:58:16,1781855896,R_10,4841.471,1,0.08999999999923602,BACKFILL_AUTO
2026-06-19 07:58:18,1781855898,R_10,4841.396,-1,0.0749999999998181,BACKFILL_AUTO
2026-06-19 07:58:20,1781855900,R_10,4841.364,-1,0.032000000000152795,BACKFILL_AUTO
2026-06-19 07:58:22,1781855902,R_10,4841.375,1,0.011000000000422006,BACKFILL_AUTO
2026-06-19 07:58:24,1781855904,R_10,4841.612,1,0.23700000000008004,BACKFILL_AUTO
2026-06-19 07:58:26,1781855906,R_10,4841.651,1,0.03899999999975989,BACKFILL_AUTO
2026-06-19 07:58:28,1781855908,R_10,4841.67,1,0.01900000000023283,BACKFILL_AUTO
2026-06-19 07:58:30,1781855910,R_10,4841.648,-1,0.021999999999934516,BACKFILL_AUTO
2026-06-19 07:58:32,1781855912,R_10,4841.674,1,0.02599999999983993,BACKFILL_AUTO
2026-06-19 07:58:34,1781855914,R_10,4841.783,1,0.10900000000037835,BACKFILL_AUTO
2026-06-19 07:58:36,1781855916,R_10,4841.989,1,0.20599999999922147,BACKFILL_AUTO
2026-06-19 07:58:38,1781855918,R_10,4842.204,1,0.21500000000014552,BACKFILL_AUTO
2026-06-19 07:58:40,1781855920,R_10,4842.426,1,0.2220000000006621,BACKFILL_AUTO
2026-06-19 07:58:42,1781855922,R_10,4842.472,1,0.04599999999936699,BACKFILL_AUTO
2026-06-19 07:58:44,1781855924,R_10,4842.575,1,0.10300000000006548,BACKFILL_AUTO
2026-06-19 07:58:46,1781855926,R_10,4842.548,-1,0.027000000000043656,BACKFILL_AUTO
2026-06-19 07:58:48,1781855928,R_10,4842.644,1,0.09600000000045839,BACKFILL_AUTO
2026-06-19 07:58:50,1781855930,R_10,4842.706,1,0.06199999999989814,BACKFILL_AUTO
2026-06-19 07:58:52,1781855932,R_10,4842.837,1,0.13100000000031287,BACKFILL_AUTO
2026-06-19 07:58:54,1781855934,R_10,4842.681,-1,0.15600000000085856,BACKFILL_AUTO
2026-06-19 07:58:56,1781855936,R_10,4842.838,1,0.1570000000001528,BACKFILL_AUTO
2026-06-19 07:58:58,1781855938,R_10,4842.467,-1,0.3710000000000946,BACKFILL_AUTO
2026-06-19 07:59:00,1781855940,R_10,4842.42,-1,0.04699999999957072,BACKFILL_AUTO
2026-06-19 07:59:02,1781855942,R_10,4842.28,-1,0.14000000000032742,BACKFILL_AUTO
2026-06-19 07:59:04,1781855944,R_10,4842.262,-1,0.018000000000029104,BACKFILL_AUTO
2026-06-19 07:59:06,1781855946,R_10,4842.066,-1,0.1959999999999127,BACKFILL_AUTO
2026-06-19 07:59:08,1781855948,R_10,4842.218,1,0.15200000000004366,BACKFILL_AUTO
2026-06-19 07:59:10,1781855950,R_10,4842.364,1,0.1459999999997308,BACKFILL_AUTO
2026-06-19 07:59:12,1781855952,R_10,4842.477,1,0.11300000000028376,BACKFILL_AUTO
2026-06-19 07:59:14,1781855954,R_10,4842.401,-1,0.07600000000002183,BACKFILL_AUTO
2026-06-19 07:59:16,1781855956,R_10,4842.446,1,0.04500000000007276,BACKFILL_AUTO
2026-06-19 07:59:18,1781855958,R_10,4842.353,-1,0.0929999999998472,BACKFILL_AUTO
2026-06-19 07:59:20,1781855960,R_10,4842.474,1,0.12100000000009459,BACKFILL_AUTO
2026-06-19 07:59:22,1781855962,R_10,4842.43,-1,0.04399999999986903,BACKFILL_AUTO
2026-06-19 07:59:24,1781855964,R_10,4842.244,-1,0.1860000000006039,BACKFILL_AUTO
2026-06-19 07:59:26,1781855966,R_10,4842.378,1,0.13400000000001455,BACKFILL_AUTO
2026-06-19 07:59:28,1781855968,R_10,4842.175,-1,0.2029999999995198,BACKFILL_AUTO
2026-06-19 07:59:30,1781855970,R_10,4842.059,-1,0.11599999999998545,BACKFILL_AUTO
2026-06-19 07:59:32,1781855972,R_10,4842.128,1,0.06899999999950523,BACKFILL_AUTO
2026-06-19 07:59:34,1781855974,R_10,4842.028,-1,0.0999999999994543,BACKFILL_AUTO
2026-06-19 07:59:36,1781855976,R_10,4842.187,1,0.15899999999965075,BACKFILL_AUTO
2026-06-19 07:59:38,1781855978,R_10,4842.086,-1,0.10099999999965803,BACKFILL_AUTO
2026-06-19 07:59:40,1781855980,R_10,4842.033,-1,0.052999999999883585,BACKFILL_AUTO
2026-06-19 07:59:42,1781855982,R_10,4841.964,-1,0.06900000000041473,BACKFILL_AUTO
2026-06-19 07:59:44,1781855984,R_10,4841.778,-1,0.1859999999996944,BACKFILL_AUTO
2026-06-19 07:59:46,1781855986,R_10,4841.669,-1,0.10900000000037835,BACKFILL_AUTO
2026-06-19 07:59:48,1781855988,R_10,4841.57,-1,0.09900000000016007,BACKFILL_AUTO
2026-06-19 07:59:50,1781855990,R_10,4841.756,1,0.1860000000006039,BACKFILL_AUTO
2026-06-19 07:59:52,1781855992,R_10,4841.64,-1,0.11599999999998545,BACKFILL_AUTO
2026-06-19 07:59:54,1781855994,R_10,4841.705,1,0.06499999999959982,BACKFILL_AUTO
2026-06-19 07:59:56,1781855996,R_10,4841.727,1,0.021999999999934516,BACKFILL_AUTO
2026-06-19 07:59:58,1781855998,R_10,4842.002,1,0.2750000000005457,BACKFILL_AUTO
2026-06-19 08:00:00,1781856000,R_10,4841.803,-1,0.19900000000052387,BACKFILL_AUTO
2026-06-19 08:00:02,1781856002,R_10,4841.59,-1,0.21299999999973807,BACKFILL_AUTO
2026-06-19 08:00:04,1781856004,R_10,4841.487,-1,0.10300000000006548,BACKFILL_AUTO
2026-06-19 08:00:06,1781856006,R_10,4841.321,-1,0.16600000000016735,BACKFILL_AUTO
2026-06-19 08:00:08,1781856008,R_10,4841.57,1,0.24899999999979627,BACKFILL_AUTO
2026-06-19 08:00:10,1781856010,R_10,4841.65,1,0.07999999999992724,BACKFILL_AUTO
2026-06-19 08:00:12,1781856012,R_10,4841.586,-1,0.0639999999993961,BACKFILL_AUTO
2026-06-19 08:00:14,1781856014,R_10,4841.659,1,0.07299999999941065,BACKFILL_AUTO
2026-06-19 08:00:16,1781856016,R_10,4841.472,-1,0.18699999999989814,BACKFILL_AUTO
2026-06-19 08:00:18,1781856018,R_10,4841.215,-1,0.2569999999996071,BACKFILL_AUTO
2026-06-19 08:00:20,1781856020,R_10,4841.025,-1,0.19000000000050932,BACKFILL_AUTO
2026-06-19 08:00:22,1781856022,R_10,4841.235,1,0.21000000000003638,BACKFILL_AUTO
2026-06-19 08:00:24,1781856024,R_10,4841.179,-1,0.05599999999958527,BACKFILL_AUTO
2026-06-19 08:00:26,1781856026,R_10,4841.188,1,0.009000000000014552,BACKFILL_AUTO
2026-06-19 08:00:28,1781856028,R_10,4841.117,-1,0.07099999999991269,BACKFILL_AUTO
2026-06-19 08:00:30,1781856030,R_10,4841.267,1,0.1499999999996362,BACKFILL_AUTO
2026-06-19 08:00:32,1781856032,R_10,4841.231,-1,0.03600000000005821,BACKFILL_AUTO
2026-06-19 08:00:34,1781856034,R_10,4841.189,-1,0.04199999999946158,BACKFILL_AUTO
2026-06-19 08:00:36,1781856036,R_10,4841.29,1,0.10099999999965803,BACKFILL_AUTO
2026-06-19 08:00:38,1781856038,R_10,4841.342,1,0.05199999999967986,BACKFILL_AUTO
2026-06-19 08:00:40,1781856040,R_10,4841.27,-1,0.07199999999920692,BACKFILL_AUTO
2026-06-19 08:00:42,1781856042,R_10,4840.972,-1,0.29800000000068394,BACKFILL_AUTO
2026-06-19 08:00:44,1781856044,R_10,4840.901,-1,0.07099999999991269,BACKFILL_AUTO
2026-06-19 08:00:46,1781856046,R_10,4841.066,1,0.16499999999996362,BACKFILL_AUTO
2026-06-19 08:00:48,1781856048,R_10,4841.087,1,0.021000000000640284,BACKFILL_AUTO
2026-06-19 08:00:50,1781856050,R_10,4840.913,-1,0.17400000000088767,BACKFILL_AUTO
2026-06-19 08:00:52,1781856052,R_10,4840.896,-1,0.016999999999825377,BACKFILL_AUTO
2026-06-19 08:00:54,1781856054,R_10,4840.753,-1,0.1430000000000291,BACKFILL_AUTO
2026-06-19 08:00:56,1781856056,R_10,4840.82,1,0.06700000000000728,BACKFILL_AUTO
2026-06-19 08:00:58,1781856058,R_10,4840.775,-1,0.04500000000007276,BACKFILL_AUTO
2026-06-19 08:01:00,1781856060,R_10,4840.593,-1,0.181999999999789,BACKFILL_AUTO
2026-06-19 08:01:02,1781856062,R_10,4840.604,1,0.011000000000422006,BACKFILL_AUTO
2026-06-19 08:01:04,1781856064,R_10,4840.716,1,0.11200000000008004,BACKFILL_AUTO
2026-06-19 08:01:06,1781856066,R_10,4840.689,-1,0.027000000000043656,BACKFILL_AUTO
2026-06-19 08:01:08,1781856068,R_10,4840.669,-1,0.020000000000436557,BACKFILL_AUTO
2026-06-19 08:01:10,1781856070,R_10,4840.473,-1,0.1959999999999127,BACKFILL_AUTO
2026-06-19 08:01:12,1781856072,R_10,4840.294,-1,0.1790000000000873,BACKFILL_AUTO
2026-06-19 08:01:14,1781856074,R_10,4840.374,1,0.07999999999992724,BACKFILL_AUTO
2026-06-19 08:01:16,1781856076,R_10,4840.362,-1,0.011999999999716238,BACKFILL_AUTO
2026-06-19 08:01:18,1781856078,R_10,4840.29,-1,0.07200000000011642,BACKFILL_AUTO
2026-06-19 08:01:20,1781856080,R_10,4840.334,1,0.04399999999986903,BACKFILL_AUTO
2026-06-19 08:01:22,1781856082,R_10,4840.322,-1,0.011999999999716238,BACKFILL_AUTO
2026-06-19 08:01:24,1781856084,R_10,4840.156,-1,0.16600000000016735,BACKFILL_AUTO
2026-06-19 08:01:26,1781856086,R_10,4840.259,1,0.10300000000006548,BACKFILL_AUTO
2026-06-19 08:01:28,1781856088,R_10,4840.155,-1,0.10400000000026921,BACKFILL_AUTO
2026-06-19 08:01:30,1781856090,R_10,4840.039,-1,0.11599999999998545,BACKFILL_AUTO
2026-06-19 08:01:32,1781856092,R_10,4839.858,-1,0.18099999999958527,BACKFILL_AUTO
2026-06-19 08:01:34,1781856094,R_10,4839.886,1,0.028000000000247383,BACKFILL_AUTO
2026-06-19 08:01:36,1781856096,R_10,4840.041,1,0.15499999999974534,BACKFILL_AUTO
2026-06-19 08:01:38,1781856098,R_10,4839.971,-1,0.07000000000061846,BACKFILL_AUTO
2026-06-19 08:01:40,1781856100,R_10,4839.914,-1,0.056999999999789,BACKFILL_AUTO
2026-06-19 08:01:42,1781856102,R_10,4840.036,1,0.12200000000029831,BACKFILL_AUTO
2026-06-19 08:01:44,1781856104,R_10,4840.06,1,0.02400000000034197,BACKFILL_AUTO
2026-06-19 08:01:46,1781856106,R_10,4840.244,1,0.18399999999928696,BACKFILL_AUTO
2026-06-19 08:01:48,1781856108,R_10,4840.386,1,0.14200000000073487,BACKFILL_AUTO
2026-06-19 08:01:50,1781856110,R_10,4840.254,-1,0.1320000000005166,BACKFILL_AUTO
2026-06-19 08:01:52,1781856112,R_10,4840.264,1,0.010000000000218279,BACKFILL_AUTO
2026-06-19 08:01:54,1781856114,R_10,4840.123,-1,0.14100000000053114,BACKFILL_AUTO
2026-06-19 08:01:56,1781856116,R_10,4840.133,1,0.010000000000218279,BACKFILL_AUTO
2026-06-19 08:01:58,1781856118,R_10,4840.363,1,0.23000000000047294,BACKFILL_AUTO
2026-06-19 08:02:00,1781856120,R_10,4840.068,-1,0.29500000000007276,BACKFILL_AUTO
2026-06-19 08:02:02,1781856122,R_10,4840.041,-1,0.027000000000043656,BACKFILL_AUTO
2026-06-19 08:02:04,1781856124,R_10,4840.047,1,0.0059999999994033715,BACKFILL_AUTO
2026-06-19 08:02:06,1781856126,R_10,4840.034,-1,0.012999999999919964,BACKFILL_AUTO
2026-06-19 08:02:08,1781856128,R_10,4840.108,1,0.07400000000052387,BACKFILL_AUTO
2026-06-19 08:02:10,1781856130,R_10,4840.129,1,0.02099999999973079,BACKFILL_AUTO
2026-06-19 08:02:12,1781856132,R_10,4840.33,1,0.20100000000002183,BACKFILL_AUTO
2026-06-19 08:02:14,1781856134,R_10,4840.434,1,0.10400000000026921,BACKFILL_AUTO
2026-06-19 08:02:16,1781856136,R_10,4840.512,1,0.07799999999951979,BACKFILL_AUTO
2026-06-19 08:02:18,1781856138,R_10,4840.479,-1,0.03299999999944703,BACKFILL_AUTO
2026-06-19 08:02:20,1781856140,R_10,4840.155,-1,0.32400000000052387,BACKFILL_AUTO
2026-06-19 08:02:22,1781856142,R_10,4840.136,-1,0.018999999999323336,BACKFILL_AUTO
2026-06-19 08:02:24,1781856144,R_10,4840.388,1,0.25199999999949796,BACKFILL_AUTO
2026-06-19 08:02:26,1781856146,R_10,4840.373,-1,0.015000000000327418,BACKFILL_AUTO
2026-06-19 08:02:28,1781856148,R_10,4840.407,1,0.03400000000056025,BACKFILL_AUTO
2026-06-19 08:02:30,1781856150,R_10,4840.285,-1,0.12200000000029831,BACKFILL_AUTO
2026-06-19 08:02:32,1781856152,R_10,4840.276,-1,0.009000000000014552,BACKFILL_AUTO
2026-06-19 08:02:34,1781856154,R_10,4840.253,-1,0.023000000000138243,BACKFILL_AUTO
2026-06-19 08:02:36,1781856156,R_10,4840.197,-1,0.05599999999958527,BACKFILL_AUTO
2026-06-19 08:02:38,1781856158,R_10,4840.061,-1,0.136000000000422,BACKFILL_AUTO
2026-06-19 08:02:40,1781856160,R_10,4839.942,-1,0.11899999999968713,BACKFILL_AUTO
2026-06-19 08:02:42,1781856162,R_10,4839.901,-1,0.04100000000016735,BACKFILL_AUTO
2026-06-19 08:02:44,1781856164,R_10,4839.893,-1,0.007999999999810825,BACKFILL_AUTO
2026-06-19 08:02:46,1781856166,R_10,4840.015,1,0.12200000000029831,BACKFILL_AUTO
2026-06-19 08:02:48,1781856168,R_10,4840.136,1,0.12100000000009459,BACKFILL_AUTO
2026-06-19 08:02:50,1781856170,R_10,4839.985,-1,0.15100000000074942,BACKFILL_AUTO
2026-06-19 08:02:52,1781856172,R_10,4839.847,-1,0.13799999999991996,BACKFILL_AUTO
2026-06-19 08:02:54,1781856174,R_10,4839.922,1,0.0749999999998181,BACKFILL_AUTO
2026-06-19 08:02:56,1781856176,R_10,4840.121,1,0.19900000000052387,BACKFILL_AUTO
2026-06-19 08:02:58,1781856178,R_10,4840.028,-1,0.0929999999998472,BACKFILL_AUTO
2026-06-19 08:03:00,1781856180,R_10,4840.114,1,0.08599999999933061,BACKFILL_AUTO
2026-06-19 08:03:02,1781856182,R_10,4840.231,1,0.11700000000018917,BACKFILL_AUTO
2026-06-19 08:03:04,1781856184,R_10,4840.054,-1,0.17699999999967986,BACKFILL_AUTO
2026-06-19 08:03:06,1781856186,R_10,4840.058,1,0.0039999999999054126,BACKFILL_AUTO
2026-06-19 08:03:08,1781856188,R_10,4840.113,1,0.05500000000029104,BACKFILL_AUTO
2026-06-19 08:03:10,1781856190,R_10,4840.118,1,0.005000000000109139,BACKFILL_AUTO
2026-06-19 08:03:12,1781856192,R_10,4839.875,-1,0.2430000000003929,BACKFILL_AUTO
2026-06-19 08:03:14,1781856194,R_10,4839.556,-1,0.31900000000041473,BACKFILL_AUTO
2026-06-19 08:03:16,1781856196,R_10,4839.687,1,0.13100000000031287,BACKFILL_AUTO
2026-06-19 08:03:18,1781856198,R_10,4839.635,-1,0.05199999999967986,BACKFILL_AUTO
2026-06-19 08:03:20,1781856200,R_10,4839.684,1,0.04899999999997817,BACKFILL_AUTO
2026-06-19 08:03:22,1781856202,R_10,4839.946,1,0.26199999999971624,BACKFILL_AUTO
2026-06-19 08:03:24,1781856204,R_10,4839.928,-1,0.018000000000029104,BACKFILL_AUTO
2026-06-19 08:03:26,1781856206,R_10,4839.952,1,0.02400000000034197,BACKFILL_AUTO
2026-06-19 08:03:28,1781856208,R_10,4840.079,1,0.12699999999949796,BACKFILL_AUTO
2026-06-19 08:03:30,1781856210,R_10,4839.979,-1,0.0999999999994543,BACKFILL_AUTO
2026-06-19 08:03:32,1781856212,R_10,4839.799,-1,0.18000000000029104,BACKFILL_AUTO
2026-06-19 08:03:34,1781856214,R_10,4839.726,-1,0.07300000000032014,BACKFILL_AUTO
2026-06-19 08:03:36,1781856216,R_10,4839.692,-1,0.033999999999650754,BACKFILL_AUTO
2026-06-19 08:03:38,1781856218,R_10,4839.714,1,0.021999999999934516,BACKFILL_AUTO
2026-06-19 08:03:40,1781856220,R_10,4839.885,1,0.1710000000002765,BACKFILL_AUTO
2026-06-19 08:03:42,1781856222,R_10,4840.002,1,0.11700000000018917,BACKFILL_AUTO
2026-06-19 08:03:44,1781856224,R_10,4840.152,1,0.1499999999996362,BACKFILL_AUTO
2026-06-19 08:03:46,1781856226,R_10,4840.227,1,0.0749999999998181,BACKFILL_AUTO
2026-06-19 08:03:48,1781856228,R_10,4840.189,-1,0.03799999999955617,BACKFILL_AUTO
2026-06-19 08:03:50,1781856230,R_10,4840.284,1,0.09499999999934516,BACKFILL_AUTO
2026-06-19 08:03:52,1781856232,R_10,4840.254,-1,0.02999999999974534,BACKFILL_AUTO
2026-06-19 08:03:54,1781856234,R_10,4840.241,-1,0.012999999999919964,BACKFILL_AUTO
2026-06-19 08:03:56,1781856236,R_10,4840.197,-1,0.04399999999986903,BACKFILL_AUTO
2026-06-19 08:03:58,1781856238,R_10,4840.133,-1,0.06400000000030559,BACKFILL_AUTO
2026-06-19 08:04:00,1781856240,R_10,4840.002,-1,0.13099999999940337,BACKFILL_AUTO
2026-06-19 08:04:02,1781856242,R_10,4840.039,1,0.03699999999935244,BACKFILL_AUTO
2026-06-19 08:04:04,1781856244,R_10,4839.958,-1,0.08100000000013097,BACKFILL_AUTO
2026-06-19 08:04:06,1781856246,R_10,4839.975,1,0.01700000000073487,BACKFILL_AUTO
2026-06-19 08:04:08,1781856248,R_10,4839.874,-1,0.10100000000056752,BACKFILL_AUTO
2026-06-19 08:04:10,1781856250,R_10,4839.888,1,0.014000000000123691,BACKFILL_AUTO
2026-06-19 08:04:12,1781856252,R_10,4840.104,1,0.21600000000034925,BACKFILL_AUTO
2026-06-19 08:04:14,1781856254,R_10,4840.207,1,0.10300000000006548,BACKFILL_AUTO
2026-06-19 08:04:16,1781856256,R_10,4840.203,-1,0.0039999999999054126,BACKFILL_AUTO
2026-06-19 08:04:18,1781856258,R_10,4840.294,1,0.09099999999943975,BACKFILL_AUTO
2026-06-19 08:04:20,1781856260,R_10,4840.006,-1,0.28799999999955617,BACKFILL_AUTO
2026-06-19 08:04:22,1781856262,R_10,4839.888,-1,0.1180000000003929,BACKFILL_AUTO
2026-06-19 08:04:24,1781856264,R_10,4839.844,-1,0.04399999999986903,BACKFILL_AUTO
2026-06-19 08:04:26,1781856266,R_10,4839.863,1,0.01900000000023283,BACKFILL_AUTO
2026-06-19 08:04:28,1781856268,R_10,4839.66,-1,0.20300000000042928,BACKFILL_AUTO
2026-06-19 08:04:30,1781856270,R_10,4839.663,1,0.0029999999997016857,BACKFILL_AUTO
2026-06-19 08:04:32,1781856272,R_10,4839.738,1,0.0750000000007276,BACKFILL_AUTO
2026-06-19 08:04:34,1781856274,R_10,4839.625,-1,0.11300000000028376,BACKFILL_AUTO
2026-06-19 08:04:36,1781856276,R_10,4839.731,1,0.10599999999976717,BACKFILL_AUTO
2026-06-19 08:04:38,1781856278,R_10,4839.683,-1,0.047999999999774445,BACKFILL_AUTO
2026-06-19 08:04:40,1781856280,R_10,4839.834,1,0.15099999999983993,BACKFILL_AUTO
2026-06-19 08:04:42,1781856282,R_10,4839.728,-1,0.10599999999976717,BACKFILL_AUTO
2026-06-19 08:04:44,1781856284,R_10,4839.524,-1,0.2039999999997235,BACKFILL_AUTO
2026-06-19 08:04:46,1781856286,R_10,4839.505,-1,0.01900000000023283,BACKFILL_AUTO
2026-06-19 08:04:48,1781856288,R_10,4839.388,-1,0.11700000000018917,BACKFILL_AUTO
2026-06-19 08:04:50,1781856290,R_10,4839.16,-1,0.22800000000006548,BACKFILL_AUTO
2026-06-19 08:04:52,1781856292,R_10,4839.386,1,0.22600000000056752,BACKFILL_AUTO
2026-06-19 08:04:54,1781856294,R_10,4839.35,-1,0.03600000000005821,BACKFILL_AUTO
2026-06-19 08:04:56,1781856296,R_10,4839.439,1,0.08899999999994179,BACKFILL_AUTO
2026-06-19 08:04:58,1781856298,R_10,4839.625,1,0.1859999999996944,BACKFILL_AUTO
2026-06-19 08:05:00,1781856300,R_10,4839.722,1,0.09699999999975262,BACKFILL_AUTO
2026-06-19 08:05:02,1781856302,R_10,4839.894,1,0.1720000000004802,BACKFILL_AUTO
2026-06-19 08:05:04,1781856304,R_10,4839.817,-1,0.07700000000022555,BACKFILL_AUTO
2026-06-19 08:05:06,1781856306,R_10,4839.667,-1,0.1499999999996362,BACKFILL_AUTO
2026-06-19 08:05:08,1781856308,R_10,4839.462,-1,0.20499999999992724,BACKFILL_AUTO
2026-06-19 08:05:10,1781856310,R_10,4839.728,1,0.26599999999962165,BACKFILL_AUTO
2026-06-19 08:05:12,1781856312,R_10,4839.598,-1,0.13000000000010914,BACKFILL_AUTO
2026-06-19 08:05:14,1781856314,R_10,4839.571,-1,0.027000000000043656,BACKFILL_AUTO
2026-06-19 08:05:16,1781856316,R_10,4839.586,1,0.015000000000327418,BACKFILL_AUTO
2026-06-19 08:05:18,1781856318,R_10,4839.696,1,0.10999999999967258,BACKFILL_AUTO
2026-06-19 08:05:20,1781856320,R_10,4839.741,1,0.04500000000007276,BACKFILL_AUTO
2026-06-19 08:05:22,1781856322,R_10,4839.559,-1,0.181999999999789,BACKFILL_AUTO
2026-06-19 08:05:24,1781856324,R_10,4839.304,-1,0.25500000000010914,BACKFILL_AUTO
2026-06-19 08:05:26,1781856326,R_10,4839.301,-1,0.0029999999997016857,BACKFILL_AUTO
2026-06-19 08:05:28,1781856328,R_10,4839.185,-1,0.11599999999998545,BACKFILL_AUTO
2026-06-19 08:05:30,1781856330,R_10,4839.274,1,0.08899999999994179,BACKFILL_AUTO
2026-06-19 08:05:32,1781856332,R_10,4839.31,1,0.03600000000005821,BACKFILL_AUTO
2026-06-19 08:05:34,1781856334,R_10,4839.222,-1,0.08800000000064756,BACKFILL_AUTO
2026-06-19 08:05:36,1781856336,R_10,4839.216,-1,0.0059999999994033715,BACKFILL_AUTO
2026-06-19 08:05:38,1781856338,R_10,4839.388,1,0.17199999999957072,BACKFILL_AUTO
2026-06-19 08:05:40,1781856340,R_10,4839.261,-1,0.12699999999949796,BACKFILL_AUTO
2026-06-19 08:05:42,1781856342,R_10,4839.256,-1,0.005000000000109139,BACKFILL_AUTO
2026-06-19 08:05:44,1781856344,R_10,4839.405,1,0.14899999999943248,BACKFILL_AUTO
2026-06-19 08:05:46,1781856346,R_10,4839.679,1,0.27400000000034197,BACKFILL_AUTO
2026-06-19 08:05:48,1781856348,R_10,4839.616,-1,0.06300000000010186,BACKFILL_AUTO
2026-06-19 08:05:50,1781856350,R_10,4839.664,1,0.047999999999774445,BACKFILL_AUTO
2026-06-19 08:05:52,1781856352,R_10,4839.64,-1,0.023999999999432475,BACKFILL_AUTO
2026-06-19 08:05:54,1781856354,R_10,4839.522,-1,0.1180000000003929,BACKFILL_AUTO
2026-06-19 08:05:56,1781856356,R_10,4839.346,-1,0.17600000000038563,BACKFILL_AUTO
2026-06-19 08:05:58,1781856358,R_10,4839.286,-1,0.05999999999949068,BACKFILL_AUTO
2026-06-19 08:06:00,1781856360,R_10,4839.372,1,0.0860000000002401,BACKFILL_AUTO
2026-06-19 08:06:02,1781856362,R_10,4839.321,-1,0.051000000000385626,BACKFILL_AUTO
2026-06-19 08:06:04,1781856364,R_10,4839.366,1,0.04500000000007276,BACKFILL_AUTO
2026-06-19 08:06:06,1781856366,R_10,4839.234,-1,0.1319999999996071,BACKFILL_AUTO
2026-06-19 08:06:08,1781856368,R_10,4839.211,-1,0.023000000000138243,BACKFILL_AUTO
2026-06-19 08:06:10,1781856370,R_10,4839.13,-1,0.08100000000013097,BACKFILL_AUTO
2026-06-19 08:06:12,1781856372,R_10,4839.326,1,0.1959999999999127,BACKFILL_AUTO
2026-06-19 08:06:14,1781856374,R_10,4839.373,1,0.04699999999957072,BACKFILL_AUTO
2026-06-19 08:06:16,1781856376,R_10,4839.426,1,0.05300000000079308,BACKFILL_AUTO
2026-06-19 08:06:18,1781856378,R_10,4839.528,1,0.10199999999986176,BACKFILL_AUTO
2026-06-19 08:06:20,1781856380,R_10,4839.559,1,0.03099999999994907,BACKFILL_AUTO
2026-06-19 08:06:22,1781856382,R_10,4839.649,1,0.09000000000014552,BACKFILL_AUTO
2026-06-19 08:06:24,1781856384,R_10,4839.524,-1,0.125,BACKFILL_AUTO
2026-06-19 08:06:26,1781856386,R_10,4839.789,1,0.2649999999994179,BACKFILL_AUTO
2026-06-19 08:06:28,1781856388,R_10,4839.854,1,0.06500000000050932,BACKFILL_AUTO
2026-06-19 08:06:30,1781856390,R_10,4839.876,1,0.021999999999934516,BACKFILL_AUTO
2026-06-19 08:06:32,1781856392,R_10,4839.734,-1,0.14199999999982538,BACKFILL_AUTO
2026-06-19 08:06:34,1781856394,R_10,4839.759,1,0.024999999999636202,BACKFILL_AUTO
2026-06-19 08:06:36,1781856396,R_10,4839.86,1,0.10099999999965803,BACKFILL_AUTO
2026-06-19 08:06:38,1781856398,R_10,4839.855,-1,0.005000000000109139,BACKFILL_AUTO
2026-06-19 08:06:40,1781856400,R_10,4840.021,1,0.16600000000016735,BACKFILL_AUTO
2026-06-19 08:06:42,1781856402,R_10,4839.981,-1,0.03999999999996362,BACKFILL_AUTO
2026-06-19 08:06:44,1781856404,R_10,4839.951,-1,0.02999999999974534,BACKFILL_AUTO
2026-06-19 08:06:46,1781856406,R_10,4840.241,1,0.2899999999999636,BACKFILL_AUTO
2026-06-19 08:06:48,1781856408,R_10,4840.135,-1,0.10599999999976717,BACKFILL_AUTO
2026-06-19 08:06:50,1781856410,R_10,4839.959,-1,0.17600000000038563,BACKFILL_AUTO
2026-06-19 08:06:52,1781856412,R_10,4839.789,-1,0.17000000000007276,BACKFILL_AUTO
2026-06-19 08:06:54,1781856414,R_10,4839.781,-1,0.007999999999810825,BACKFILL_AUTO
2026-06-19 08:06:56,1781856416,R_10,4839.686,-1,0.09500000000025466,BACKFILL_AUTO
2026-06-19 08:06:58,1781856418,R_10,4839.709,1,0.023000000000138243,BACKFILL_AUTO
2026-06-19 08:07:00,1781856420,R_10,4839.825,1,0.11599999999998545,BACKFILL_AUTO
2026-06-19 08:07:02,1781856422,R_10,4840.117,1,0.2920000000003711,BACKFILL_AUTO
2026-06-19 08:07:04,1781856424,R_10,4840.196,1,0.07899999999972351,BACKFILL_AUTO
2026-06-19 08:07:06,1781856426,R_10,4840.231,1,0.03499999999985448,BACKFILL_AUTO
2026-06-19 08:07:08,1781856428,R_10,4840.339,1,0.10800000000017462,BACKFILL_AUTO
2026-06-19 08:07:10,1781856430,R_10,4840.357,1,0.018000000000029104,BACKFILL_AUTO
2026-06-19 08:07:12,1781856432,R_10,4840.763,1,0.40599999999994907,BACKFILL_AUTO
2026-06-19 08:07:14,1781856434,R_10,4841.005,1,0.24200000000018917,BACKFILL_AUTO
2026-06-19 08:07:16,1781856436,R_10,4840.927,-1,0.07800000000042928,BACKFILL_AUTO
2026-06-19 08:07:18,1781856438,R_10,4840.832,-1,0.09499999999934516,BACKFILL_AUTO
2026-06-19 08:07:20,1781856440,R_10,4840.97,1,0.13799999999991996,BACKFILL_AUTO
2026-06-19 08:07:22,1781856442,R_10,4840.986,1,0.01599999999962165,BACKFILL_AUTO
2026-06-19 08:07:24,1781856444,R_10,4840.765,-1,0.2209999999995489,BACKFILL_AUTO
2026-06-19 08:07:26,1781856446,R_10,4840.707,-1,0.057999999999992724,BACKFILL_AUTO
2026-06-19 08:07:28,1781856448,R_10,4840.767,1,0.05999999999949068,BACKFILL_AUTO
2026-06-19 08:07:30,1781856450,R_10,4840.78,1,0.012999999999919964,BACKFILL_AUTO
2026-06-19 08:07:32,1781856452,R_10,4840.542,-1,0.23799999999937427,BACKFILL_AUTO
2026-06-19 08:07:34,1781856454,R_10,4840.512,-1,0.030000000000654836,BACKFILL_AUTO
2026-06-19 08:07:36,1781856456,R_10,4840.302,-1,0.21000000000003638,BACKFILL_AUTO
2026-06-19 08:07:38,1781856458,R_10,4840.468,1,0.16600000000016735,BACKFILL_AUTO
2026-06-19 08:07:40,1781856460,R_10,4840.404,-1,0.0639999999993961,BACKFILL_AUTO
2026-06-19 08:07:42,1781856462,R_10,4840.421,1,0.016999999999825377,BACKFILL_AUTO
2026-06-19 08:07:44,1781856464,R_10,4840.495,1,0.07399999999961437,BACKFILL_AUTO
2026-06-19 08:07:46,1781856466,R_10,4840.545,1,0.0500000000001819,BACKFILL_AUTO
2026-06-19 08:07:48,1781856468,R_10,4840.38,-1,0.16499999999996362,BACKFILL_AUTO
2026-06-19 08:07:50,1781856470,R_10,4840.355,-1,0.025000000000545697,BACKFILL_AUTO
2026-06-19 08:07:52,1781856472,R_10,4840.432,1,0.07700000000022555,BACKFILL_AUTO
2026-06-19 08:07:54,1781856474,R_10,4840.433,1,0.0010000000002037268,BACKFILL_AUTO
2026-06-19 08:07:56,1781856476,R_10,4840.393,-1,0.03999999999996362,BACKFILL_AUTO
2026-06-19 08:07:58,1781856478,R_10,4840.495,1,0.10199999999986176,BACKFILL_AUTO
2026-06-19 08:08:00,1781856480,R_10,4840.633,1,0.13799999999991996,BACKFILL_AUTO
2026-06-19 08:08:02,1781856482,R_10,4840.646,1,0.012999999999919964,BACKFILL_AUTO
2026-06-19 08:08:04,1781856484,R_10,4840.703,1,0.05700000000069849,BACKFILL_AUTO
2026-06-19 08:08:06,1781856486,R_10,4840.688,-1,0.015000000000327418,BACKFILL_AUTO
2026-06-19 08:08:08,1781856488,R_10,4840.566,-1,0.12200000000029831,BACKFILL_AUTO
2026-06-19 08:08:10,1781856490,R_10,4840.641,1,0.0749999999998181,BACKFILL_AUTO
2026-06-19 08:08:12,1781856492,R_10,4840.418,-1,0.22299999999995634,BACKFILL_AUTO
2026-06-19 08:08:14,1781856494,R_10,4840.254,-1,0.1639999999997599,BACKFILL_AUTO
2026-06-19 08:08:16,1781856496,R_10,4840.31,1,0.056000000000494765,BACKFILL_AUTO
2026-06-19 08:08:18,1781856498,R_10,4840.485,1,0.1749999999992724,BACKFILL_AUTO
2026-06-19 08:08:20,1781856500,R_10,4840.427,-1,0.057999999999992724,BACKFILL_AUTO
2026-06-19 08:08:22,1781856502,R_10,4840.626,1,0.19900000000052387,BACKFILL_AUTO
2026-06-19 08:08:24,1781856504,R_10,4840.541,-1,0.08500000000003638,BACKFILL_AUTO
2026-06-19 08:08:26,1781856506,R_10,4840.469,-1,0.07200000000011642,BACKFILL_AUTO
2026-06-19 08:08:28,1781856508,R_10,4840.549,1,0.07999999999992724,BACKFILL_AUTO
2026-06-19 08:08:30,1781856510,R_10,4840.471,-1,0.07800000000042928,BACKFILL_AUTO
2026-06-19 08:08:32,1781856512,R_10,4840.427,-1,0.04399999999986903,BACKFILL_AUTO
2026-06-19 08:08:34,1781856514,R_10,4840.397,-1,0.02999999999974534,BACKFILL_AUTO
2026-06-19 08:08:36,1781856516,R_10,4840.63,1,0.23300000000017462,BACKFILL_AUTO
2026-06-19 08:08:38,1781856518,R_10,4840.597,-1,0.03300000000035652,BACKFILL_AUTO
2026-06-19 08:08:40,1781856520,R_10,4840.523,-1,0.07399999999961437,BACKFILL_AUTO
2026-06-19 08:08:42,1781856522,R_10,4840.348,-1,0.1750000000001819,BACKFILL_AUTO
2026-06-19 08:08:44,1781856524,R_10,4840.614,1,0.26599999999962165,BACKFILL_AUTO
2026-06-19 08:08:46,1781856526,R_10,4840.692,1,0.07800000000042928,BACKFILL_AUTO
2026-06-19 08:08:48,1781856528,R_10,4840.594,-1,0.09799999999995634,BACKFILL_AUTO
2026-06-19 08:08:50,1781856530,R_10,4840.737,1,0.1430000000000291,BACKFILL_AUTO
2026-06-19 08:08:52,1781856532,R_10,4840.753,1,0.01599999999962165,BACKFILL_AUTO
2026-06-19 08:08:54,1781856534,R_10,4840.7,0,,BACKFILL_AUTO
2026-06-19 08:08:56,1781856536,R_10,4840.82,1,0.11999999999989086,BACKFILL_AUTO
2026-06-19 08:08:58,1781856538,R_10,4840.727,-1,0.0929999999998472,BACKFILL_AUTO
2026-06-19 08:09:00,1781856540,R_10,4840.444,-1,0.282999999999447,BACKFILL_AUTO
2026-06-19 08:09:02,1781856542,R_10,4840.524,1,0.07999999999992724,BACKFILL_AUTO
2026-06-19 08:09:04,1781856544,R_10,4840.585,1,0.06099999999969441,BACKFILL_AUTO
2026-06-19 08:09:06,1781856546,R_10,4840.851,1,0.26599999999962165,BACKFILL_AUTO
2026-06-19 08:09:08,1781856548,R_10,4840.756,-1,0.09499999999934516,BACKFILL_AUTO
2026-06-19 08:09:10,1781856550,R_10,4840.786,1,0.02999999999974534,BACKFILL_AUTO
2026-06-19 08:09:12,1781856552,R_10,4840.924,1,0.13799999999991996,BACKFILL_AUTO
2026-06-19 08:09:14,1781856554,R_10,4840.817,-1,0.1069999999999709,BACKFILL_AUTO
2026-06-19 08:09:16,1781856556,R_10,4840.999,1,0.181999999999789,BACKFILL_AUTO
2026-06-19 08:09:18,1781856558,R_10,4840.971,-1,0.028000000000247383,BACKFILL_AUTO
2026-06-19 08:09:20,1781856560,R_10,4840.963,-1,0.007999999999810825,BACKFILL_AUTO
2026-06-19 08:09:22,1781856562,R_10,4840.955,-1,0.007999999999810825,BACKFILL_AUTO
2026-06-19 08:09:24,1781856564,R_10,4840.703,-1,0.25199999999949796,BACKFILL_AUTO
2026-06-19 08:09:26,1781856566,R_10,4840.559,-1,0.14400000000023283,BACKFILL_AUTO
2026-06-19 08:09:28,1781856568,R_10,4840.462,-1,0.09699999999975262,BACKFILL_AUTO
2026-06-19 08:09:30,1781856570,R_10,4840.667,1,0.20499999999992724,BACKFILL_AUTO
2026-06-19 08:09:32,1781856572,R_10,4840.615,-1,0.05200000000058935,BACKFILL_AUTO
2026-06-19 08:09:34,1781856574,R_10,4840.584,-1,0.03099999999994907,BACKFILL_AUTO
2026-06-19 08:09:36,1781856576,R_10,4840.503,-1,0.08100000000013097,BACKFILL_AUTO
2026-06-19 08:09:38,1781856578,R_10,4840.273,-1,0.22999999999956344,BACKFILL_AUTO
2026-06-19 08:09:40,1781856580,R_10,4840.382,1,0.10899999999946886,BACKFILL_AUTO
2026-06-19 08:09:42,1781856582,R_10,4840.46,1,0.07800000000042928,BACKFILL_AUTO
2026-06-19 08:09:44,1781856584,R_10,4840.58,1,0.11999999999989086,BACKFILL_AUTO
2026-06-19 08:09:46,1781856586,R_10,4840.37,-1,0.21000000000003638,BACKFILL_AUTO
2026-06-19 08:09:48,1781856588,R_10,4840.202,-1,0.1679999999996653,BACKFILL_AUTO
2026-06-19 08:09:50,1781856590,R_10,4840.286,1,0.08399999999983265,BACKFILL_AUTO
2026-06-19 08:09:52,1781856592,R_10,4840.326,1,0.03999999999996362,BACKFILL_AUTO
2026-06-19 08:09:54,1781856594,R_10,4840.366,1,0.03999999999996362,BACKFILL_AUTO
2026-06-19 08:09:56,1781856596,R_10,4840.333,-1,0.03300000000035652,BACKFILL_AUTO
2026-06-19 08:09:58,1781856598,R_10,4840.324,-1,0.009000000000014552,BACKFILL_AUTO
2026-06-19 08:10:00,1781856600,R_10,4840.355,1,0.03099999999994907,BACKFILL_AUTO
2026-06-19 08:10:02,1781856602,R_10,4840.274,-1,0.08099999999922147,BACKFILL_AUTO
2026-06-19 08:10:04,1781856604,R_10,4840.376,1,0.10199999999986176,BACKFILL_AUTO
2026-06-19 08:10:06,1781856606,R_10,4840.666,1,0.2899999999999636,BACKFILL_AUTO
2026-06-19 08:10:08,1781856608,R_10,4840.423,-1,0.2430000000003929,BACKFILL_AUTO
2026-06-19 08:10:10,1781856610,R_10,4840.576,1,0.15300000000024738,BACKFILL_AUTO
2026-06-19 08:10:12,1781856612,R_10,4840.621,1,0.04500000000007276,BACKFILL_AUTO
2026-06-19 08:10:14,1781856614,R_10,4840.563,-1,0.057999999999992724,BACKFILL_AUTO
2026-06-19 08:10:16,1781856616,R_10,4840.445,-1,0.1180000000003929,BACKFILL_AUTO
2026-06-19 08:10:18,1781856618,R_10,4840.582,1,0.13700000000062573,BACKFILL_AUTO
2026-06-19 08:10:20,1781856620,R_10,4840.532,-1,0.0500000000001819,BACKFILL_AUTO
2026-06-19 08:10:22,1781856622,R_10,4840.636,1,0.10400000000026921,BACKFILL_AUTO
2026-06-19 08:10:24,1781856624,R_10,4840.691,1,0.054999999999381544,BACKFILL_AUTO
2026-06-19 08:10:26,1781856626,R_10,4840.703,1,0.012000000000625732,BACKFILL_AUTO
2026-06-19 08:10:28,1781856628,R_10,4840.785,1,0.0819999999994252,BACKFILL_AUTO
2026-06-19 08:10:30,1781856630,R_10,4840.738,-1,0.04699999999957072,BACKFILL_AUTO
2026-06-19 08:10:32,1781856632,R_10,4840.792,1,0.05400000000008731,BACKFILL_AUTO
2026-06-19 08:10:34,1781856634,R_10,4840.661,-1,0.13100000000031287,BACKFILL_AUTO
2026-06-19 08:10:36,1781856636,R_10,4840.661,0,0.0,BACKFILL_AUTO
2026-06-19 08:10:38,1781856638,R_10,4840.729,1,0.068000000000211,BACKFILL_AUTO
2026-06-19 08:10:40,1781856640,R_10,4840.513,-1,0.21600000000034925,BACKFILL_AUTO
2026-06-19 08:10:42,1781856642,R_10,4840.459,-1,0.05400000000008731,BACKFILL_AUTO
2026-06-19 08:10:44,1781856644,R_10,4840.414,-1,0.04500000000007276,BACKFILL_AUTO
2026-06-19 08:10:46,1781856646,R_10,4840.522,1,0.10800000000017462,BACKFILL_AUTO
2026-06-19 08:10:48,1781856648,R_10,4840.633,1,0.11099999999987631,BACKFILL_AUTO
2026-06-19 08:10:50,1781856650,R_10,4840.591,-1,0.04199999999946158,BACKFILL_AUTO
2026-06-19 08:10:52,1781856652,R_10,4840.87,1,0.2789999999995416,BACKFILL_AUTO
2026-06-19 08:10:54,1781856654,R_10,4840.752,-1,0.11799999999948341,BACKFILL_AUTO
2026-06-19 08:10:56,1781856656,R_10,4840.908,1,0.15599999999994907,BACKFILL_AUTO
2026-06-19 08:10:58,1781856658,R_10,4840.771,-1,0.13700000000062573,BACKFILL_AUTO
2026-06-19 08:11:00,1781856660,R_10,4840.87,1,0.09900000000016007,BACKFILL_AUTO
2026-06-19 08:11:02,1781856662,R_10,4840.814,-1,0.05599999999958527,BACKFILL_AUTO
2026-06-19 08:11:04,1781856664,R_10,4840.809,-1,0.005000000000109139,BACKFILL_AUTO
2026-06-19 08:11:06,1781856666,R_10,4840.706,-1,0.10300000000006548,BACKFILL_AUTO
2026-06-19 08:11:08,1781856668,R_10,4840.591,-1,0.11499999999978172,BACKFILL_AUTO
2026-06-19 08:11:10,1781856670,R_10,4840.708,1,0.11699999999927968,BACKFILL_AUTO
2026-06-19 08:11:12,1781856672,R_10,4840.713,1,0.005000000000109139,BACKFILL_AUTO
2026-06-19 08:11:14,1781856674,R_10,4840.649,-1,0.0639999999993961,BACKFILL_AUTO
2026-06-19 08:11:16,1781856676,R_10,4840.76,1,0.11099999999987631,BACKFILL_AUTO
2026-06-19 08:11:18,1781856678,R_10,4840.826,1,0.06599999999980355,BACKFILL_AUTO
2026-06-19 08:11:20,1781856680,R_10,4840.808,-1,0.018000000000029104,BACKFILL_AUTO
2026-06-19 08:11:22,1781856682,R_10,4840.934,1,0.12600000000020373,BACKFILL_AUTO
2026-06-19 08:11:24,1781856684,R_10,4840.942,1,0.007999999999810825,BACKFILL_AUTO
2026-06-19 08:11:26,1781856686,R_10,4840.973,1,0.03099999999994907,BACKFILL_AUTO
2026-06-19 08:11:28,1781856688,R_10,4840.873,-1,0.1000000000003638,BACKFILL_AUTO
2026-06-19 08:11:30,1781856690,R_10,4840.833,-1,0.03999999999996362,BACKFILL_AUTO
2026-06-19 08:11:32,1781856692,R_10,4840.831,-1,0.001999999999497959,BACKFILL_AUTO
2026-06-19 08:11:34,1781856694,R_10,4840.733,-1,0.09799999999995634,BACKFILL_AUTO
2026-06-19 08:11:36,1781856696,R_10,4840.777,1,0.04399999999986903,BACKFILL_AUTO
2026-06-19 08:11:38,1781856698,R_10,4840.795,1,0.018000000000029104,BACKFILL_AUTO
2026-06-19 08:11:40,1781856700,R_10,4840.987,1,0.19200000000000728,BACKFILL_AUTO
2026-06-19 08:11:42,1781856702,R_10,4840.847,-1,0.14000000000032742,BACKFILL_AUTO
2026-06-19 08:11:44,1781856704,R_10,4840.786,-1,0.06099999999969441,BACKFILL_AUTO
2026-06-19 08:11:46,1781856706,R_10,4840.788,1,0.001999999999497959,BACKFILL_AUTO
2026-06-19 08:11:48,1781856708,R_10,4840.793,1,0.005000000000109139,BACKFILL_AUTO
2026-06-19 08:11:50,1781856710,R_10,4840.732,-1,0.06099999999969441,BACKFILL_AUTO
2026-06-19 08:11:52,1781856712,R_10,4840.91,1,0.17799999999988358,BACKFILL_AUTO
2026-06-19 08:11:54,1781856714,R_10,4840.883,-1,0.027000000000043656,BACKFILL_AUTO
2026-06-19 08:11:56,1781856716,R_10,4840.817,-1,0.06599999999980355,BACKFILL_AUTO
2026-06-19 08:11:58,1781856718,R_10,4840.603,-1,0.2139999999999418,BACKFILL_AUTO
2026-06-19 08:12:00,1781856720,R_10,4840.854,1,0.2510000000002037,BACKFILL_AUTO
2026-06-19 08:12:02,1781856722,R_10,4840.854,0,0.0,BACKFILL_AUTO
2026-06-19 08:12:04,1781856724,R_10,4840.826,-1,0.028000000000247383,BACKFILL_AUTO
2026-06-19 08:12:06,1781856726,R_10,4840.995,1,0.16899999999986903,BACKFILL_AUTO
2026-06-19 08:12:08,1781856728,R_10,4840.862,-1,0.13299999999981083,BACKFILL_AUTO
2026-06-19 08:12:10,1781856730,R_10,4840.838,-1,0.02400000000034197,BACKFILL_AUTO
2026-06-19 08:12:12,1781856732,R_10,4840.894,1,0.056000000000494765,BACKFILL_AUTO
2026-06-19 08:12:14,1781856734,R_10,4840.753,-1,0.14100000000053114,BACKFILL_AUTO
2026-06-19 08:12:16,1781856736,R_10,4840.663,-1,0.09000000000014552,BACKFILL_AUTO
2026-06-19 08:12:18,1781856738,R_10,4840.716,1,0.05300000000079308,BACKFILL_AUTO
2026-06-19 08:12:20,1781856740,R_10,4840.773,1,0.056999999999789,BACKFILL_AUTO
2026-06-19 08:12:22,1781856742,R_10,4840.728,-1,0.04500000000007276,BACKFILL_AUTO
2026-06-19 08:12:24,1781856744,R_10,4840.741,1,0.012999999999919964,BACKFILL_AUTO
2026-06-19 08:12:26,1781856746,R_10,4840.723,-1,0.018000000000029104,BACKFILL_AUTO
2026-06-19 08:12:28,1781856748,R_10,4840.799,1,0.07600000000002183,BACKFILL_AUTO
2026-06-19 08:12:30,1781856750,R_10,4840.913,1,0.113999999999578,BACKFILL_AUTO
2026-06-19 08:12:32,1781856752,R_10,4840.921,1,0.00800000000072032,BACKFILL_AUTO
2026-06-19 08:12:34,1781856754,R_10,4840.922,1,0.0009999999992942321,BACKFILL_AUTO
2026-06-19 08:12:36,1781856756,R_10,4841.024,1,0.10200000000077125,BACKFILL_AUTO
2026-06-19 08:12:38,1781856758,R_10,4840.913,-1,0.1110000000007858,BACKFILL_AUTO
2026-06-19 08:12:40,1781856760,R_10,4840.838,-1,0.0749999999998181,BACKFILL_AUTO
2026-06-19 08:12:42,1781856762,R_10,4840.848,1,0.010000000000218279,BACKFILL_AUTO
2026-06-19 08:12:44,1781856764,R_10,4840.967,1,0.11899999999968713,BACKFILL_AUTO
2026-06-19 08:12:46,1781856766,R_10,4840.829,-1,0.13799999999991996,BACKFILL_AUTO
2026-06-19 08:12:48,1781856768,R_10,4840.92,1,0.09100000000034925,BACKFILL_AUTO
2026-06-19 08:12:50,1781856770,R_10,4840.968,1,0.047999999999774445,BACKFILL_AUTO
2026-06-19 08:12:52,1781856772,R_10,4840.938,-1,0.02999999999974534,BACKFILL_AUTO
2026-06-19 08:12:54,1781856774,R_10,4841.042,1,0.10400000000026921,BACKFILL_AUTO
2026-06-19 08:12:56,1781856776,R_10,4841.119,1,0.07699999999931606,BACKFILL_AUTO
2026-06-19 08:12:58,1781856778,R_10,4841.226,1,0.1069999999999709,BACKFILL_AUTO
2026-06-19 08:13:00,1781856780,R_10,4841.261,1,0.035000000000763976,BACKFILL_AUTO
2026-06-19 08:13:02,1781856782,R_10,4841.058,-1,0.20300000000042928,BACKFILL_AUTO
2026-06-19 08:13:04,1781856784,R_10,4841.089,1,0.03099999999994907,BACKFILL_AUTO
2026-06-19 08:13:06,1781856786,R_10,4841.016,-1,0.07300000000032014,BACKFILL_AUTO
2026-06-19 08:13:08,1781856788,R_10,4840.91,-1,0.10599999999976717,BACKFILL_AUTO
2026-06-19 08:13:10,1781856790,R_10,4841.067,1,0.1570000000001528,BACKFILL_AUTO
2026-06-19 08:13:12,1781856792,R_10,4841.115,1,0.047999999999774445,BACKFILL_AUTO
2026-06-19 08:13:14,1781856794,R_10,4841.448,1,0.3330000000005384,BACKFILL_AUTO
2026-06-19 08:13:16,1781856796,R_10,4841.583,1,0.13499999999930878,BACKFILL_AUTO
2026-06-19 08:13:18,1781856798,R_10,4841.51,-1,0.07299999999941065,BACKFILL_AUTO
2026-06-19 08:13:20,1781856800,R_10,4841.527,1,0.016999999999825377,BACKFILL_AUTO
2026-06-19 08:13:22,1781856802,R_10,4841.477,-1,0.0500000000001819,BACKFILL_AUTO
2026-06-19 08:13:24,1781856804,R_10,4841.464,-1,0.012999999999919964,BACKFILL_AUTO
2026-06-19 08:13:26,1781856806,R_10,4841.47,1,0.006000000000312866,BACKFILL_AUTO
2026-06-19 08:13:28,1781856808,R_10,4841.489,1,0.018999999999323336,BACKFILL_AUTO
2026-06-19 08:13:30,1781856810,R_10,4841.616,1,0.12700000000040745,BACKFILL_AUTO
2026-06-19 08:13:32,1781856812,R_10,4841.465,-1,0.15099999999983993,BACKFILL_AUTO
2026-06-19 08:13:34,1781856814,R_10,4841.613,1,0.14800000000013824,BACKFILL_AUTO
2026-06-19 08:13:36,1781856816,R_10,4841.578,-1,0.03499999999985448,BACKFILL_AUTO
2026-06-19 08:13:38,1781856818,R_10,4841.778,1,0.1999999999998181,BACKFILL_AUTO
2026-06-19 08:13:40,1781856820,R_10,4841.971,1,0.1929999999993015,BACKFILL_AUTO
2026-06-19 08:13:42,1781856822,R_10,4842.042,1,0.07100000000082218,BACKFILL_AUTO
2026-06-19 08:13:44,1781856824,R_10,4842.294,1,0.25199999999949796,BACKFILL_AUTO
2026-06-19 08:13:46,1781856826,R_10,4842.184,-1,0.10999999999967258,BACKFILL_AUTO
2026-06-19 08:13:48,1781856828,R_10,4842.187,1,0.0029999999997016857,BACKFILL_AUTO
2026-06-19 08:13:50,1781856830,R_10,4842.314,1,0.12700000000040745,BACKFILL_AUTO
2026-06-19 08:13:52,1781856832,R_10,4842.577,1,0.26299999999991996,BACKFILL_AUTO
2026-06-19 08:13:54,1781856834,R_10,4842.544,-1,0.03300000000035652,BACKFILL_AUTO
2026-06-19 08:13:56,1781856836,R_10,4842.622,1,0.07800000000042928,BACKFILL_AUTO
2026-06-19 08:13:58,1781856838,R_10,4842.581,-1,0.04100000000016735,BACKFILL_AUTO
2026-06-19 08:14:00,1781856840,R_10,4842.646,1,0.06499999999959982,BACKFILL_AUTO
2026-06-19 08:14:02,1781856842,R_10,4842.594,-1,0.05199999999967986,BACKFILL_AUTO
2026-06-19 08:14:04,1781856844,R_10,4842.773,1,0.1790000000000873,BACKFILL_AUTO
2026-06-19 08:14:06,1781856846,R_10,4842.47,-1,0.3029999999998836,BACKFILL_AUTO
2026-06-19 08:14:08,1781856848,R_10,4842.505,1,0.03499999999985448,BACKFILL_AUTO
2026-06-19 08:14:10,1781856850,R_10,4842.696,1,0.19099999999980355,BACKFILL_AUTO
2026-06-19 08:14:12,1781856852,R_10,4842.778,1,0.0820000000003347,BACKFILL_AUTO
2026-06-19 08:14:14,1781856854,R_10,4842.818,1,0.03999999999996362,BACKFILL_AUTO
2026-06-19 08:14:16,1781856856,R_10,4842.641,-1,0.17700000000058935,BACKFILL_AUTO
2026-06-19 08:14:18,1781856858,R_10,4842.556,-1,0.08500000000003638,BACKFILL_AUTO
2026-06-19 08:14:20,1781856860,R_10,4842.572,1,0.016000000000531145,BACKFILL_AUTO
2026-06-19 08:14:22,1781856862,R_10,4842.58,1,0.007999999999810825,BACKFILL_AUTO
2026-06-19 08:14:24,1781856864,R_10,4842.658,1,0.07800000000042928,BACKFILL_AUTO
2026-06-19 08:14:26,1781856866,R_10,4842.933,1,0.2749999999996362,BACKFILL_AUTO
2026-06-19 08:14:28,1781856868,R_10,4842.922,-1,0.011000000000422006,BACKFILL_AUTO
2026-06-19 08:14:30,1781856870,R_10,4842.826,-1,0.09599999999954889,BACKFILL_AUTO
2026-06-19 08:14:32,1781856872,R_10,4842.856,1,0.02999999999974534,BACKFILL_AUTO
2026-06-19 08:14:34,1781856874,R_10,4842.971,1,0.11499999999978172,BACKFILL_AUTO
2026-06-19 08:14:36,1781856876,R_10,4843.018,1,0.04700000000048021,BACKFILL_AUTO
2026-06-19 08:14:38,1781856878,R_10,4843.08,1,0.06199999999989814,BACKFILL_AUTO
2026-06-19 08:14:40,1781856880,R_10,4843.071,-1,0.009000000000014552,BACKFILL_AUTO
2026-06-19 08:14:42,1781856882,R_10,4843.021,-1,0.0500000000001819,BACKFILL_AUTO
2026-06-19 08:14:44,1781856884,R_10,4842.991,-1,0.02999999999974534,BACKFILL_AUTO
2026-06-19 08:14:46,1781856886,R_10,4843.123,1,0.1319999999996071,BACKFILL_AUTO
2026-06-19 08:14:48,1781856888,R_10,4843.208,1,0.08500000000003638,BACKFILL_AUTO
2026-06-19 08:14:50,1781856890,R_10,4842.942,-1,0.26599999999962165,BACKFILL_AUTO
2026-06-19 08:14:52,1781856892,R_10,4843.11,1,0.1679999999996653,BACKFILL_AUTO
2026-06-19 08:14:54,1781856894,R_10,4843.114,1,0.0039999999999054126,BACKFILL_AUTO
2026-06-19 08:14:56,1781856896,R_10,4843.047,-1,0.06700000000000728,BACKFILL_AUTO
2026-06-19 08:14:58,1781856898,R_10,4843.13,1,0.08300000000053842,BACKFILL_AUTO
2026-06-19 08:15:00,1781856900,R_10,4843.229,1,0.09900000000016007,BACKFILL_AUTO
2026-06-19 08:15:02,1781856902,R_10,4843.154,-1,0.0749999999998181,BACKFILL_AUTO
2026-06-19 08:15:04,1781856904,R_10,4843.075,-1,0.07900000000063301,BACKFILL_AUTO
2026-06-19 08:15:06,1781856906,R_10,4843.325,1,0.25,BACKFILL_AUTO
2026-06-19 08:15:08,1781856908,R_10,4843.267,-1,0.057999999999992724,BACKFILL_AUTO
2026-06-19 08:15:10,1781856910,R_10,4843.033,-1,0.23399999999946886,BACKFILL_AUTO
2026-06-19 08:15:12,1781856912,R_10,4843.182,1,0.14899999999943248,BACKFILL_AUTO
2026-06-19 08:15:14,1781856914,R_10,4843.212,1,0.030000000000654836,BACKFILL_AUTO
2026-06-19 08:15:16,1781856916,R_10,4843.279,1,0.06700000000000728,BACKFILL_AUTO
2026-06-19 08:15:18,1781856918,R_10,4843.193,-1,0.0860000000002401,BACKFILL_AUTO
2026-06-19 08:15:20,1781856920,R_10,4842.998,-1,0.19500000000061846,BACKFILL_AUTO
2026-06-19 08:15:22,1781856922,R_10,4843.15,1,0.15200000000004366,BACKFILL_AUTO
2026-06-19 08:15:24,1781856924,R_10,4843.195,1,0.04500000000007276,BACKFILL_AUTO
2026-06-19 08:15:26,1781856926,R_10,4843.366,1,0.1710000000002765,BACKFILL_AUTO
2026-06-19 08:15:28,1781856928,R_10,4843.292,-1,0.07399999999961437,BACKFILL_AUTO
2026-06-19 08:15:30,1781856930,R_10,4843.311,1,0.018999999999323336,BACKFILL_AUTO
2026-06-19 08:15:32,1781856932,R_10,4843.246,-1,0.06499999999959982,BACKFILL_AUTO
2026-06-19 08:15:34,1781856934,R_10,4843.188,-1,0.057999999999992724,BACKFILL_AUTO
2026-06-19 08:15:36,1781856936,R_10,4843.201,1,0.012999999999919964,BACKFILL_AUTO
2026-06-19 08:15:38,1781856938,R_10,4843.215,1,0.014000000000123691,BACKFILL_AUTO
2026-06-19 08:15:40,1781856940,R_10,4843.453,1,0.23800000000028376,BACKFILL_AUTO
2026-06-19 08:15:42,1781856942,R_10,4843.48,1,0.02699999999913416,BACKFILL_AUTO
2026-06-19 08:15:44,1781856944,R_10,4843.626,1,0.14600000000064028,BACKFILL_AUTO
2026-06-19 08:15:46,1781856946,R_10,4843.617,-1,0.009000000000014552,BACKFILL_AUTO
2026-06-19 08:15:48,1781856948,R_10,4843.615,-1,0.0020000000004074536,BACKFILL_AUTO
2026-06-19 08:15:50,1781856950,R_10,4843.47,-1,0.14499999999952706,BACKFILL_AUTO
2026-06-19 08:15:52,1781856952,R_10,4843.466,-1,0.0039999999999054126,BACKFILL_AUTO
2026-06-19 08:15:54,1781856954,R_10,4843.412,-1,0.05400000000008731,BACKFILL_AUTO
2026-06-19 08:15:56,1781856956,R_10,4843.337,-1,0.0749999999998181,BACKFILL_AUTO
2026-06-19 08:15:58,1781856958,R_10,4843.386,1,0.04899999999997817,BACKFILL_AUTO
2026-06-19 08:16:00,1781856960,R_10,4843.203,-1,0.18299999999999272,BACKFILL_AUTO
2026-06-19 08:16:02,1781856962,R_10,4843.31,1,0.1069999999999709,BACKFILL_AUTO
2026-06-19 08:16:04,1781856964,R_10,4843.385,1,0.0749999999998181,BACKFILL_AUTO
2026-06-19 08:16:06,1781856966,R_10,4843.521,1,0.1359999999995125,BACKFILL_AUTO
2026-06-19 08:16:08,1781856968,R_10,4843.554,1,0.03300000000035652,BACKFILL_AUTO
2026-06-19 08:16:10,1781856970,R_10,4843.499,-1,0.05500000000029104,BACKFILL_AUTO
2026-06-19 08:16:12,1781856972,R_10,4843.627,1,0.12800000000061118,BACKFILL_AUTO
2026-06-19 08:16:14,1781856974,R_10,4843.443,-1,0.18400000000019645,BACKFILL_AUTO
2026-06-19 08:16:16,1781856976,R_10,4843.343,-1,0.1000000000003638,BACKFILL_AUTO
2026-06-19 08:16:18,1781856978,R_10,4843.305,-1,0.03799999999955617,BACKFILL_AUTO
2026-06-19 08:16:20,1781856980,R_10,4843.394,1,0.08899999999994179,BACKFILL_AUTO
2026-06-19 08:16:22,1781856982,R_10,4843.49,1,0.09599999999954889,BACKFILL_AUTO
2026-06-19 08:16:24,1781856984,R_10,4843.608,1,0.1180000000003929,BACKFILL_AUTO
2026-06-19 08:16:26,1781856986,R_10,4843.931,1,0.32299999999941065,BACKFILL_AUTO
2026-06-19 08:16:28,1781856988,R_10,4843.931,0,0.0,BACKFILL_AUTO
2026-06-19 08:16:30,1781856990,R_10,4843.93,-1,0.0009999999992942321,BACKFILL_AUTO
2026-06-19 08:16:32,1781856992,R_10,4844.009,1,0.07899999999972351,BACKFILL_AUTO
2026-06-19 08:16:34,1781856994,R_10,4844.06,1,0.051000000000385626,BACKFILL_AUTO
2026-06-19 08:16:36,1781856996,R_10,4844.056,-1,0.004000000000814907,BACKFILL_AUTO
2026-06-19 08:16:38,1781856998,R_10,4844.051,-1,0.004999999999199645,BACKFILL_AUTO
2026-06-19 08:16:40,1781857000,R_10,4844.218,1,0.16699999999946158,BACKFILL_AUTO
2026-06-19 08:16:42,1781857002,R_10,4844.441,1,0.22299999999995634,BACKFILL_AUTO
2026-06-19 08:16:44,1781857004,R_10,4844.484,1,0.0430000000005748,BACKFILL_AUTO
2026-06-19 08:16:46,1781857006,R_10,4844.216,-1,0.2680000000000291,BACKFILL_AUTO
2026-06-19 08:16:48,1781857008,R_10,4844.34,1,0.12399999999979627,BACKFILL_AUTO
2026-06-19 08:16:50,1781857010,R_10,4844.114,-1,0.22600000000056752,BACKFILL_AUTO
2026-06-19 08:16:52,1781857012,R_10,4844.002,-1,0.11199999999917054,BACKFILL_AUTO
2026-06-19 08:16:54,1781857014,R_10,4843.822,-1,0.18000000000029104,BACKFILL_AUTO
2026-06-19 08:16:56,1781857016,R_10,4844.143,1,0.3209999999999127,BACKFILL_AUTO
2026-06-19 08:16:58,1781857018,R_10,4844.079,-1,0.06400000000030559,BACKFILL_AUTO
2026-06-19 08:17:00,1781857020,R_10,4843.99,-1,0.08899999999994179,BACKFILL_AUTO
2026-06-19 08:17:02,1781857022,R_10,4844.097,1,0.1069999999999709,BACKFILL_AUTO
2026-06-19 08:17:04,1781857024,R_10,4844.264,1,0.16700000000037107,BACKFILL_AUTO
2026-06-19 08:17:06,1781857026,R_10,4844.377,1,0.11300000000028376,BACKFILL_AUTO
2026-06-19 08:17:08,1781857028,R_10,4844.355,-1,0.02200000000084401,BACKFILL_AUTO
2026-06-19 08:17:10,1781857030,R_10,4844.329,-1,0.02599999999983993,BACKFILL_AUTO
2026-06-19 08:17:12,1781857032,R_10,4844.124,-1,0.20499999999992724,BACKFILL_AUTO
2026-06-19 08:17:14,1781857034,R_10,4843.95,-1,0.17399999999997817,BACKFILL_AUTO
2026-06-19 08:17:16,1781857036,R_10,4844.009,1,0.05900000000019645,BACKFILL_AUTO
2026-06-19 08:17:18,1781857038,R_10,4843.976,-1,0.03300000000035652,BACKFILL_AUTO
2026-06-19 08:17:20,1781857040,R_10,4843.919,-1,0.056999999999789,BACKFILL_AUTO
2026-06-19 08:17:22,1781857042,R_10,4843.848,-1,0.07099999999991269,BACKFILL_AUTO
2026-06-19 08:17:24,1781857044,R_10,4843.881,1,0.03300000000035652,BACKFILL_AUTO
2026-06-19 08:17:26,1781857046,R_10,4843.727,-1,0.1540000000004511,BACKFILL_AUTO
2026-06-19 08:17:28,1781857048,R_10,4843.795,1,0.068000000000211,BACKFILL_AUTO
2026-06-19 08:17:30,1781857050,R_10,4843.762,-1,0.03300000000035652,BACKFILL_AUTO
2026-06-19 08:17:32,1781857052,R_10,4843.723,-1,0.03899999999975989,BACKFILL_AUTO
2026-06-19 08:17:34,1781857054,R_10,4843.732,1,0.009000000000014552,BACKFILL_AUTO
2026-06-19 08:17:36,1781857056,R_10,4843.884,1,0.15200000000004366,BACKFILL_AUTO
2026-06-19 08:17:38,1781857058,R_10,4843.976,1,0.09199999999964348,BACKFILL_AUTO
2026-06-19 08:17:40,1781857060,R_10,4843.969,-1,0.006999999999607098,BACKFILL_AUTO
2026-06-19 08:17:42,1781857062,R_10,4844.068,1,0.09900000000016007,BACKFILL_AUTO
2026-06-19 08:17:44,1781857064,R_10,4844.033,-1,0.03499999999985448,BACKFILL_AUTO
2026-06-19 08:17:46,1781857066,R_10,4843.934,-1,0.09900000000016007,BACKFILL_AUTO
2026-06-19 08:17:48,1781857068,R_10,4843.942,1,0.007999999999810825,BACKFILL_AUTO
2026-06-19 08:17:50,1781857070,R_10,4843.899,-1,0.042999999999665306,BACKFILL_AUTO
2026-06-19 08:17:52,1781857072,R_10,4843.817,-1,0.0820000000003347,BACKFILL_AUTO
2026-06-19 08:17:54,1781857074,R_10,4843.722,-1,0.09500000000025466,BACKFILL_AUTO
2026-06-19 08:17:56,1781857076,R_10,4843.669,-1,0.052999999999883585,BACKFILL_AUTO
2026-06-19 08:17:58,1781857078,R_10,4843.73,1,0.06099999999969441,BACKFILL_AUTO
2026-06-19 08:18:00,1781857080,R_10,4843.743,1,0.01300000000082946,BACKFILL_AUTO
2026-06-19 08:18:02,1781857082,R_10,4843.829,1,0.08599999999933061,BACKFILL_AUTO
2026-06-19 08:18:04,1781857084,R_10,4844.249,1,0.42000000000007276,BACKFILL_AUTO
2026-06-19 08:18:06,1781857086,R_10,4843.973,-1,0.27599999999983993,BACKFILL_AUTO
2026-06-19 08:18:08,1781857088,R_10,4844.179,1,0.20600000000013097,BACKFILL_AUTO
2026-06-19 08:18:10,1781857090,R_10,4843.948,-1,0.23099999999976717,BACKFILL_AUTO
2026-06-19 08:18:12,1781857092,R_10,4843.865,-1,0.08300000000053842,BACKFILL_AUTO
2026-06-19 08:18:14,1781857094,R_10,4843.945,1,0.07999999999992724,BACKFILL_AUTO
2026-06-19 08:18:16,1781857096,R_10,4843.772,-1,0.17299999999977445,BACKFILL_AUTO
2026-06-19 08:18:18,1781857098,R_10,4843.71,-1,0.06199999999989814,BACKFILL_AUTO
2026-06-19 08:18:20,1781857100,R_10,4843.699,-1,0.011000000000422006,BACKFILL_AUTO
2026-06-19 08:18:22,1781857102,R_10,4843.759,1,0.06000000000040018,BACKFILL_AUTO
2026-06-19 08:18:24,1781857104,R_10,4843.639,-1,0.11999999999989086,BACKFILL_AUTO
2026-06-19 08:18:26,1781857106,R_10,4843.526,-1,0.11300000000028376,BACKFILL_AUTO
2026-06-19 08:18:28,1781857108,R_10,4843.466,-1,0.05999999999949068,BACKFILL_AUTO
2026-06-19 08:18:30,1781857110,R_10,4843.531,1,0.06499999999959982,BACKFILL_AUTO
2026-06-19 08:18:32,1781857112,R_10,4843.541,1,0.010000000000218279,BACKFILL_AUTO
2026-06-19 08:18:34,1781857114,R_10,4843.564,1,0.023000000000138243,BACKFILL_AUTO
2026-06-19 08:18:36,1781857116,R_10,4843.427,-1,0.13700000000062573,BACKFILL_AUTO
2026-06-19 08:18:38,1781857118,R_10,4843.431,1,0.0039999999999054126,BACKFILL_AUTO
2026-06-19 08:18:40,1781857120,R_10,4843.309,-1,0.12199999999938882,BACKFILL_AUTO
2026-06-19 08:18:42,1781857122,R_10,4843.325,1,0.01599999999962165,BACKFILL_AUTO
2026-06-19 08:18:44,1781857124,R_10,4843.248,-1,0.07700000000022555,BACKFILL_AUTO
2026-06-19 08:18:46,1781857126,R_10,4843.177,-1,0.07099999999991269,BACKFILL_AUTO
2026-06-19 08:18:48,1781857128,R_10,4843.297,1,0.11999999999989086,BACKFILL_AUTO
2026-06-19 08:18:50,1781857130,R_10,4843.296,-1,0.0009999999992942321,BACKFILL_AUTO
2026-06-19 08:18:52,1781857132,R_10,4843.266,-1,0.030000000000654836,BACKFILL_AUTO
2026-06-19 08:18:54,1781857134,R_10,4843.112,-1,0.15399999999954161,BACKFILL_AUTO
2026-06-19 08:18:56,1781857136,R_10,4843.069,-1,0.042999999999665306,BACKFILL_AUTO
2026-06-19 08:18:58,1781857138,R_10,4843.018,-1,0.051000000000385626,BACKFILL_AUTO
2026-06-19 08:19:00,1781857140,R_10,4843.045,1,0.027000000000043656,BACKFILL_AUTO
2026-06-19 08:19:02,1781857142,R_10,4842.809,-1,0.2359999999998763,BACKFILL_AUTO
2026-06-19 08:19:04,1781857144,R_10,4842.779,-1,0.02999999999974534,BACKFILL_AUTO
2026-06-19 08:19:06,1781857146,R_10,4842.542,-1,0.23700000000008004,BACKFILL_AUTO
2026-06-19 08:19:08,1781857148,R_10,4842.64,1,0.09799999999995634,BACKFILL_AUTO
2026-06-19 08:19:10,1781857150,R_10,4842.492,-1,0.14800000000013824,BACKFILL_AUTO
2026-06-19 08:19:12,1781857152,R_10,4842.697,1,0.20499999999992724,BACKFILL_AUTO
2026-06-19 08:19:14,1781857154,R_10,4842.677,-1,0.020000000000436557,BACKFILL_AUTO
2026-06-19 08:19:16,1781857156,R_10,4842.721,1,0.04399999999986903,BACKFILL_AUTO
2026-06-19 08:19:18,1781857158,R_10,4843.126,1,0.40500000000065484,BACKFILL_AUTO
2026-06-19 08:19:20,1781857160,R_10,4843.062,-1,0.06400000000030559,BACKFILL_AUTO
2026-06-19 08:19:22,1781857162,R_10,4842.875,-1,0.18699999999989814,BACKFILL_AUTO
2026-06-19 08:19:24,1781857164,R_10,4842.81,-1,0.06499999999959982,BACKFILL_AUTO
2026-06-19 08:19:26,1781857166,R_10,4842.771,-1,0.03900000000066939,BACKFILL_AUTO
2026-06-19 08:19:28,1781857168,R_10,4842.677,-1,0.09400000000005093,BACKFILL_AUTO
2026-06-19 08:19:30,1781857170,R_10,4842.684,1,0.007000000000516593,BACKFILL_AUTO
2026-06-19 08:19:32,1781857172,R_10,4842.782,1,0.09799999999995634,BACKFILL_AUTO
2026-06-19 08:19:34,1781857174,R_10,4842.816,1,0.033999999999650754,BACKFILL_AUTO
2026-06-19 08:19:36,1781857176,R_10,4842.736,-1,0.07999999999992724,BACKFILL_AUTO
2026-06-19 08:19:38,1781857178,R_10,4842.667,-1,0.06899999999950523,BACKFILL_AUTO
2026-06-19 08:19:40,1781857180,R_10,4842.805,1,0.13799999999991996,BACKFILL_AUTO
2026-06-19 08:19:42,1781857182,R_10,4842.857,1,0.05199999999967986,BACKFILL_AUTO
2026-06-19 08:19:44,1781857184,R_10,4842.892,1,0.03499999999985448,BACKFILL_AUTO
2026-06-19 08:19:46,1781857186,R_10,4843.104,1,0.21200000000044383,BACKFILL_AUTO
2026-06-19 08:19:48,1781857188,R_10,4843.098,-1,0.006000000000312866,BACKFILL_AUTO
2026-06-19 08:19:50,1781857190,R_10,4843.221,1,0.12299999999959255,BACKFILL_AUTO
2026-06-19 08:19:52,1781857192,R_10,4843.343,1,0.12200000000029831,BACKFILL_AUTO
2026-06-19 08:19:54,1781857194,R_10,4843.473,1,0.13000000000010914,BACKFILL_AUTO
2026-06-19 08:19:56,1781857196,R_10,4843.395,-1,0.07799999999951979,BACKFILL_AUTO
2026-06-19 08:19:58,1781857198,R_10,4843.528,1,0.13299999999981083,BACKFILL_AUTO
2026-06-19 08:20:00,1781857200,R_10,4843.382,-1,0.14600000000064028,BACKFILL_AUTO
2026-06-19 08:20:02,1781857202,R_10,4843.281,-1,0.10099999999965803,BACKFILL_AUTO
2026-06-19 08:20:04,1781857204,R_10,4843.352,1,0.07099999999991269,BACKFILL_AUTO
2026-06-19 08:20:06,1781857206,R_10,4843.392,1,0.03999999999996362,BACKFILL_AUTO
2026-06-19 08:20:08,1781857208,R_10,4843.457,1,0.06500000000050932,BACKFILL_AUTO
2026-06-19 08:20:10,1781857210,R_10,4843.444,-1,0.012999999999919964,BACKFILL_AUTO
2026-06-19 08:20:12,1781857212,R_10,4843.505,1,0.06099999999969441,BACKFILL_AUTO
2026-06-19 08:20:14,1781857214,R_10,4843.36,-1,0.14500000000043656,BACKFILL_AUTO
2026-06-19 08:20:16,1781857216,R_10,4843.452,1,0.09200000000055297,BACKFILL_AUTO
2026-06-19 08:20:18,1781857218,R_10,4843.413,-1,0.03900000000066939,BACKFILL_AUTO
2026-06-19 08:20:20,1781857220,R_10,4843.369,-1,0.04399999999986903,BACKFILL_AUTO
2026-06-19 08:20:22,1781857222,R_10,4843.559,1,0.19000000000050932,BACKFILL_AUTO
2026-06-19 08:20:24,1781857224,R_10,4843.496,-1,0.06300000000010186,BACKFILL_AUTO
2026-06-19 08:20:26,1781857226,R_10,4843.49,-1,0.006000000000312866,BACKFILL_AUTO
2026-06-19 08:20:28,1781857228,R_10,4843.454,-1,0.03600000000005821,BACKFILL_AUTO
2026-06-19 08:20:30,1781857230,R_10,4843.385,-1,0.06899999999950523,BACKFILL_AUTO
2026-06-19 08:20:32,1781857232,R_10,4843.369,-1,0.016000000000531145,BACKFILL_AUTO
2026-06-19 08:20:34,1781857234,R_10,4843.563,1,0.19400000000041473,BACKFILL_AUTO
2026-06-19 08:20:36,1781857236,R_10,4843.472,-1,0.09100000000034925,BACKFILL_AUTO
2026-06-19 08:20:38,1781857238,R_10,4843.42,-1,0.05199999999967986,BACKFILL_AUTO
2026-06-19 08:20:40,1781857240,R_10,4843.435,1,0.015000000000327418,BACKFILL_AUTO
2026-06-19 08:20:42,1781857242,R_10,4843.705,1,0.26999999999952706,BACKFILL_AUTO
2026-06-19 08:20:44,1781857244,R_10,4843.642,-1,0.06300000000010186,BACKFILL_AUTO
2026-06-19 08:20:46,1781857246,R_10,4843.478,-1,0.1639999999997599,BACKFILL_AUTO
2026-06-19 08:20:48,1781857248,R_10,4843.386,-1,0.09199999999964348,BACKFILL_AUTO
2026-06-19 08:20:50,1781857250,R_10,4843.388,1,0.001999999999497959,BACKFILL_AUTO
2026-06-19 08:20:52,1781857252,R_10,4843.338,-1,0.0500000000001819,BACKFILL_AUTO
2026-06-19 08:20:54,1781857254,R_10,4843.328,-1,0.009999999999308784,BACKFILL_AUTO
2026-06-19 08:20:56,1781857256,R_10,4843.214,-1,0.11400000000048749,BACKFILL_AUTO
2026-06-19 08:20:58,1781857258,R_10,4843.166,-1,0.047999999999774445,BACKFILL_AUTO
2026-06-19 08:21:00,1781857260,R_10,4843.167,1,0.0010000000002037268,BACKFILL_AUTO
2026-06-19 08:21:02,1781857262,R_10,4843.149,-1,0.018000000000029104,BACKFILL_AUTO
2026-06-19 08:21:04,1781857264,R_10,4843.203,1,0.05400000000008731,BACKFILL_AUTO
2026-06-19 08:21:06,1781857266,R_10,4843.331,1,0.12799999999970169,BACKFILL_AUTO
2026-06-19 08:21:08,1781857268,R_10,4843.152,-1,0.1790000000000873,BACKFILL_AUTO
2026-06-19 08:21:10,1781857270,R_10,4843.128,-1,0.02400000000034197,BACKFILL_AUTO
2026-06-19 08:21:12,1781857272,R_10,4843.12,-1,0.007999999999810825,BACKFILL_AUTO
2026-06-19 08:21:14,1781857274,R_10,4843.038,-1,0.0820000000003347,BACKFILL_AUTO
2026-06-19 08:21:16,1781857276,R_10,4842.981,-1,0.056999999999789,BACKFILL_AUTO
2026-06-19 08:21:18,1781857278,R_10,4843.296,1,0.3150000000005093,BACKFILL_AUTO
2026-06-19 08:21:20,1781857280,R_10,4843.345,1,0.04899999999997817,BACKFILL_AUTO
2026-06-19 08:21:22,1781857282,R_10,4843.411,1,0.06599999999980355,BACKFILL_AUTO
2026-06-19 08:21:24,1781857284,R_10,4843.36,-1,0.051000000000385626,BACKFILL_AUTO
2026-06-19 08:21:26,1781857286,R_10,4843.592,1,0.2319999999999709,BACKFILL_AUTO
2026-06-19 08:21:28,1781857288,R_10,4843.492,-1,0.0999999999994543,BACKFILL_AUTO
2026-06-19 08:21:30,1781857290,R_10,4843.541,1,0.04899999999997817,BACKFILL_AUTO
2026-06-19 08:21:32,1781857292,R_10,4843.826,1,0.2849999999998545,BACKFILL_AUTO
2026-06-19 08:21:34,1781857294,R_10,4843.744,-1,0.0820000000003347,BACKFILL_AUTO
2026-06-19 08:21:36,1781857296,R_10,4843.662,-1,0.0819999999994252,BACKFILL_AUTO
2026-06-19 08:21:38,1781857298,R_10,4843.498,-1,0.1640000000006694,BACKFILL_AUTO
2026-06-19 08:21:40,1781857300,R_10,4843.626,1,0.12800000000061118,BACKFILL_AUTO
2026-06-19 08:21:42,1781857302,R_10,4843.755,1,0.1289999999999054,BACKFILL_AUTO
2026-06-19 08:21:44,1781857304,R_10,4843.826,1,0.07099999999991269,BACKFILL_AUTO
2026-06-19 08:21:46,1781857306,R_10,4843.898,1,0.07200000000011642,BACKFILL_AUTO
2026-06-19 08:21:48,1781857308,R_10,4843.848,-1,0.0500000000001819,BACKFILL_AUTO
2026-06-19 08:21:50,1781857310,R_10,4843.909,1,0.06099999999969441,BACKFILL_AUTO
2026-06-19 08:21:52,1781857312,R_10,4843.689,-1,0.21999999999934516,BACKFILL_AUTO
2026-06-19 08:21:54,1781857314,R_10,4843.51,-1,0.1790000000000873,BACKFILL_AUTO
2026-06-19 08:21:56,1781857316,R_10,4843.582,1,0.07200000000011642,BACKFILL_AUTO
2026-06-19 08:21:58,1781857318,R_10,4843.609,1,0.027000000000043656,BACKFILL_AUTO
2026-06-19 08:22:00,1781857320,R_10,4843.701,1,0.09199999999964348,BACKFILL_AUTO
2026-06-19 08:22:02,1781857322,R_10,4843.567,-1,0.13400000000001455,BACKFILL_AUTO
2026-06-19 08:22:04,1781857324,R_10,4843.6,1,0.03300000000035652,BACKFILL_AUTO
2026-06-19 08:22:06,1781857326,R_10,4843.371,-1,0.2290000000002692,BACKFILL_AUTO
2026-06-19 08:22:08,1781857328,R_10,4843.484,1,0.11300000000028376,BACKFILL_AUTO
2026-06-19 08:22:10,1781857330,R_10,4843.679,1,0.19499999999970896,BACKFILL_AUTO
2026-06-19 08:22:12,1781857332,R_10,4843.639,-1,0.03999999999996362,BACKFILL_AUTO
2026-06-19 08:22:14,1781857334,R_10,4843.629,-1,0.010000000000218279,BACKFILL_AUTO
2026-06-19 08:22:16,1781857336,R_10,4843.542,-1,0.08699999999953434,BACKFILL_AUTO
2026-06-19 08:22:18,1781857338,R_10,4843.499,-1,0.0430000000005748,BACKFILL_AUTO
2026-06-19 08:22:20,1781857340,R_10,4843.431,-1,0.068000000000211,BACKFILL_AUTO
2026-06-19 08:22:22,1781857342,R_10,4843.655,1,0.22400000000016007,BACKFILL_AUTO
2026-06-19 08:22:24,1781857344,R_10,4843.687,1,0.032000000000152795,BACKFILL_AUTO
2026-06-19 08:22:26,1781857346,R_10,4843.711,1,0.02400000000034197,BACKFILL_AUTO
2026-06-19 08:22:28,1781857348,R_10,4843.65,-1,0.061000000000603904,BACKFILL_AUTO
2026-06-19 08:22:30,1781857350,R_10,4843.551,-1,0.09899999999925058,BACKFILL_AUTO
2026-06-19 08:22:32,1781857352,R_10,4843.527,-1,0.02400000000034197,BACKFILL_AUTO
2026-06-19 08:22:34,1781857354,R_10,4843.508,-1,0.01900000000023283,BACKFILL_AUTO
2026-06-19 08:22:36,1781857356,R_10,4843.265,-1,0.2429999999994834,BACKFILL_AUTO
2026-06-19 08:22:38,1781857358,R_10,4843.249,-1,0.016000000000531145,BACKFILL_AUTO
2026-06-19 08:22:40,1781857360,R_10,4843.326,1,0.07700000000022555,BACKFILL_AUTO
2026-06-19 08:22:42,1781857362,R_10,4843.34,1,0.014000000000123691,BACKFILL_AUTO
2026-06-19 08:22:44,1781857364,R_10,4843.086,-1,0.2539999999999054,BACKFILL_AUTO
2026-06-19 08:22:46,1781857366,R_10,4843.176,1,0.09000000000014552,BACKFILL_AUTO
2026-06-19 08:22:48,1781857368,R_10,4843.026,-1,0.1500000000005457,BACKFILL_AUTO
2026-06-19 08:22:50,1781857370,R_10,4843.054,1,0.028000000000247383,BACKFILL_AUTO
2026-06-19 08:22:52,1781857372,R_10,4842.992,-1,0.06199999999989814,BACKFILL_AUTO
2026-06-19 08:22:54,1781857374,R_10,4843.226,1,0.23399999999946886,BACKFILL_AUTO
2026-06-19 08:22:56,1781857376,R_10,4843.233,1,0.007000000000516593,BACKFILL_AUTO
2026-06-19 08:22:58,1781857378,R_10,4843.197,-1,0.03600000000005821,BACKFILL_AUTO
2026-06-19 08:23:00,1781857380,R_10,4843.341,1,0.14400000000023283,BACKFILL_AUTO
2026-06-19 08:23:02,1781857382,R_10,4843.265,-1,0.07600000000002183,BACKFILL_AUTO
2026-06-19 08:23:04,1781857384,R_10,4843.121,-1,0.14400000000023283,BACKFILL_AUTO
2026-06-19 08:23:06,1781857386,R_10,4842.9,-1,0.22100000000045839,BACKFILL_AUTO
2026-06-19 08:23:08,1781857388,R_10,4842.923,1,0.023000000000138243,BACKFILL_AUTO
2026-06-19 08:23:10,1781857390,R_10,4842.834,-1,0.08899999999994179,BACKFILL_AUTO
2026-06-19 08:23:12,1781857392,R_10,4842.839,1,0.005000000000109139,BACKFILL_AUTO
2026-06-19 08:23:14,1781857394,R_10,4842.661,-1,0.17799999999988358,BACKFILL_AUTO
2026-06-19 08:23:16,1781857396,R_10,4842.671,1,0.010000000000218279,BACKFILL_AUTO
2026-06-19 08:23:18,1781857398,R_10,4842.781,1,0.10999999999967258,BACKFILL_AUTO
2026-06-19 08:23:20,1781857400,R_10,4842.565,-1,0.21600000000034925,BACKFILL_AUTO
2026-06-19 08:23:22,1781857402,R_10,4842.623,1,0.057999999999992724,BACKFILL_AUTO
2026-06-19 08:23:24,1781857404,R_10,4842.53,-1,0.0929999999998472,BACKFILL_AUTO
2026-06-19 08:23:26,1781857406,R_10,4842.689,1,0.15900000000056025,BACKFILL_AUTO
2026-06-19 08:23:28,1781857408,R_10,4842.475,-1,0.2139999999999418,BACKFILL_AUTO
2026-06-19 08:23:30,1781857410,R_10,4842.502,1,0.027000000000043656,BACKFILL_AUTO
2026-06-19 08:23:32,1781857412,R_10,4842.517,1,0.014999999999417923,BACKFILL_AUTO
2026-06-19 08:23:34,1781857414,R_10,4842.459,-1,0.057999999999992724,BACKFILL_AUTO
2026-06-19 08:23:36,1781857416,R_10,4842.317,-1,0.14199999999982538,BACKFILL_AUTO
2026-06-19 08:23:38,1781857418,R_10,4842.399,1,0.0820000000003347,BACKFILL_AUTO
2026-06-19 08:23:40,1781857420,R_10,4842.248,-1,0.15100000000074942,BACKFILL_AUTO
2026-06-19 08:23:42,1781857422,R_10,4842.21,-1,0.03799999999955617,BACKFILL_AUTO
2026-06-19 08:23:44,1781857424,R_10,4842.292,1,0.0820000000003347,BACKFILL_AUTO
2026-06-19 08:23:46,1781857426,R_10,4842.227,-1,0.06500000000050932,BACKFILL_AUTO
2026-06-19 08:23:48,1781857428,R_10,4842.101,-1,0.12600000000020373,BACKFILL_AUTO
2026-06-19 08:23:50,1781857430,R_10,4842.136,1,0.035000000000763976,BACKFILL_AUTO
2026-06-19 08:23:52,1781857432,R_10,4842.104,-1,0.032000000000152795,BACKFILL_AUTO
2026-06-19 08:23:54,1781857434,R_10,4842.23,1,0.12599999999929423,BACKFILL_AUTO
2026-06-19 08:23:56,1781857436,R_10,4842.383,1,0.15300000000024738,BACKFILL_AUTO
2026-06-19 08:23:58,1781857438,R_10,4842.491,1,0.10800000000017462,BACKFILL_AUTO
2026-06-19 08:24:00,1781857440,R_10,4842.717,1,0.22599999999965803,BACKFILL_AUTO
2026-06-19 08:24:02,1781857442,R_10,4842.808,1,0.09100000000034925,BACKFILL_AUTO
2026-06-19 08:24:04,1781857444,R_10,4842.591,-1,0.21699999999964348,BACKFILL_AUTO
2026-06-19 08:24:06,1781857446,R_10,4842.767,1,0.17599999999947613,BACKFILL_AUTO
2026-06-19 08:24:08,1781857448,R_10,4842.844,1,0.07700000000022555,BACKFILL_AUTO
2026-06-19 08:24:10,1781857450,R_10,4842.866,1,0.021999999999934516,BACKFILL_AUTO
2026-06-19 08:24:12,1781857452,R_10,4842.825,-1,0.04100000000016735,BACKFILL_AUTO
2026-06-19 08:24:14,1781857454,R_10,4842.498,-1,0.32700000000022555,BACKFILL_AUTO
2026-06-19 08:24:16,1781857456,R_10,4842.403,-1,0.09499999999934516,BACKFILL_AUTO
2026-06-19 08:24:18,1781857458,R_10,4842.222,-1,0.18100000000049477,BACKFILL_AUTO
2026-06-19 08:24:20,1781857460,R_10,4842.127,-1,0.09499999999934516,BACKFILL_AUTO
2026-06-19 08:24:22,1781857462,R_10,4842.243,1,0.11599999999998545,BACKFILL_AUTO
2026-06-19 08:24:24,1781857464,R_10,4842.483,1,0.23999999999978172,BACKFILL_AUTO
2026-06-19 08:24:26,1781857466,R_10,4842.617,1,0.13400000000001455,BACKFILL_AUTO
2026-06-19 08:24:28,1781857468,R_10,4842.733,1,0.11599999999998545,BACKFILL_AUTO
2026-06-19 08:24:30,1781857470,R_10,4842.828,1,0.09500000000025466,BACKFILL_AUTO
2026-06-19 08:24:32,1781857472,R_10,4842.827,-1,0.0010000000002037268,BACKFILL_AUTO
2026-06-19 08:24:34,1781857474,R_10,4842.857,1,0.02999999999974534,BACKFILL_AUTO
2026-06-19 08:24:36,1781857476,R_10,4842.803,-1,0.05400000000008731,BACKFILL_AUTO
2026-06-19 08:24:38,1781857478,R_10,4842.68,-1,0.12299999999959255,BACKFILL_AUTO
2026-06-19 08:24:40,1781857480,R_10,4842.66,-1,0.020000000000436557,BACKFILL_AUTO
2026-06-19 08:24:42,1781857482,R_10,4842.497,-1,0.16299999999955617,BACKFILL_AUTO
2026-06-19 08:24:44,1781857484,R_10,4842.385,-1,0.11200000000008004,BACKFILL_AUTO
2026-06-19 08:24:46,1781857486,R_10,4842.565,1,0.17999999999938154,BACKFILL_AUTO
2026-06-19 08:24:48,1781857488,R_10,4842.524,-1,0.04099999999925785,BACKFILL_AUTO
2026-06-19 08:24:50,1781857490,R_10,4842.531,1,0.006999999999607098,BACKFILL_AUTO
2026-06-19 08:24:52,1781857492,R_10,4842.576,1,0.04500000000007276,BACKFILL_AUTO
2026-06-19 08:24:54,1781857494,R_10,4842.713,1,0.13699999999971624,BACKFILL_AUTO
2026-06-19 08:24:56,1781857496,R_10,4842.805,1,0.09200000000055297,BACKFILL_AUTO
2026-06-19 08:24:58,1781857498,R_10,4842.801,-1,0.0039999999999054126,BACKFILL_AUTO
2026-06-19 08:25:00,1781857500,R_10,4842.87,1,0.06899999999950523,BACKFILL_AUTO
2026-06-19 08:25:02,1781857502,R_10,4842.906,1,0.03600000000005821,BACKFILL_AUTO
2026-06-19 08:25:04,1781857504,R_10,4842.782,-1,0.12399999999979627,BACKFILL_AUTO
2026-06-19 08:25:06,1781857506,R_10,4843.036,1,0.2539999999999054,BACKFILL_AUTO
2026-06-19 08:25:08,1781857508,R_10,4843.27,1,0.23400000000037835,BACKFILL_AUTO
2026-06-19 08:25:10,1781857510,R_10,4843.084,-1,0.1860000000006039,BACKFILL_AUTO
2026-06-19 08:25:12,1781857512,R_10,4843.042,-1,0.04199999999946158,BACKFILL_AUTO
2026-06-19 08:25:14,1781857514,R_10,4843.017,-1,0.025000000000545697,BACKFILL_AUTO
2026-06-19 08:25:16,1781857516,R_10,4843.007,-1,0.010000000000218279,BACKFILL_AUTO
2026-06-19 08:25:18,1781857518,R_10,4842.961,-1,0.04599999999936699,BACKFILL_AUTO
2026-06-19 08:25:20,1781857520,R_10,4843.194,1,0.23300000000017462,BACKFILL_AUTO
2026-06-19 08:25:22,1781857522,R_10,4843.231,1,0.03699999999935244,BACKFILL_AUTO
2026-06-19 08:25:24,1781857524,R_10,4843.166,-1,0.06499999999959982,BACKFILL_AUTO
2026-06-19 08:25:26,1781857526,R_10,4843.159,-1,0.007000000000516593,BACKFILL_AUTO
2026-06-19 08:25:28,1781857528,R_10,4843.116,-1,0.042999999999665306,BACKFILL_AUTO
2026-06-19 08:25:30,1781857530,R_10,4842.919,-1,0.19700000000011642,BACKFILL_AUTO
2026-06-19 08:25:32,1781857532,R_10,4842.872,-1,0.04699999999957072,BACKFILL_AUTO
2026-06-19 08:25:34,1781857534,R_10,4842.983,1,0.11099999999987631,BACKFILL_AUTO
2026-06-19 08:25:36,1781857536,R_10,4843.221,1,0.23799999999937427,BACKFILL_AUTO
2026-06-19 08:25:38,1781857538,R_10,4843.209,-1,0.011999999999716238,BACKFILL_AUTO
2026-06-19 08:25:40,1781857540,R_10,4843.354,1,0.14500000000043656,BACKFILL_AUTO
2026-06-19 08:25:42,1781857542,R_10,4843.299,-1,0.05500000000029104,BACKFILL_AUTO
2026-06-19 08:25:44,1781857544,R_10,4843.418,1,0.11899999999968713,BACKFILL_AUTO
2026-06-19 08:25:46,1781857546,R_10,4843.556,1,0.13799999999991996,BACKFILL_AUTO
2026-06-19 08:25:48,1781857548,R_10,4843.426,-1,0.12999999999919964,BACKFILL_AUTO
2026-06-19 08:25:50,1781857550,R_10,4843.582,1,0.15599999999994907,BACKFILL_AUTO
2026-06-19 08:25:52,1781857552,R_10,4843.633,1,0.05099999999947613,BACKFILL_AUTO
2026-06-19 08:25:54,1781857554,R_10,4843.646,1,0.012999999999919964,BACKFILL_AUTO
2026-06-19 08:25:56,1781857556,R_10,4843.492,-1,0.15399999999954161,BACKFILL_AUTO
2026-06-19 08:25:58,1781857558,R_10,4843.67,1,0.17799999999988358,BACKFILL_AUTO
2026-06-19 08:26:00,1781857560,R_10,4843.719,1,0.04899999999997817,BACKFILL_AUTO
2026-06-19 08:26:02,1781857562,R_10,4843.586,-1,0.13299999999981083,BACKFILL_AUTO
2026-06-19 08:26:04,1781857564,R_10,4843.3,-1,0.2860000000000582,BACKFILL_AUTO
2026-06-19 08:26:06,1781857566,R_10,4843.394,1,0.09400000000005093,BACKFILL_AUTO
2026-06-19 08:26:08,1781857568,R_10,4843.471,1,0.07699999999931606,BACKFILL_AUTO
2026-06-19 08:26:10,1781857570,R_10,4843.595,1,0.12400000000070577,BACKFILL_AUTO
2026-06-19 08:26:12,1781857572,R_10,4843.866,1,0.2709999999997308,BACKFILL_AUTO
2026-06-19 08:26:14,1781857574,R_10,4843.899,1,0.03300000000035652,BACKFILL_AUTO
2026-06-19 08:26:16,1781857576,R_10,4844.048,1,0.14899999999943248,BACKFILL_AUTO
2026-06-19 08:26:18,1781857578,R_10,4844.097,1,0.04899999999997817,BACKFILL_AUTO
2026-06-19 08:26:20,1781857580,R_10,4844.086,-1,0.01099999999951251,BACKFILL_AUTO
2026-06-19 08:26:22,1781857582,R_10,4844.167,1,0.08100000000013097,BACKFILL_AUTO
2026-06-19 08:26:24,1781857584,R_10,4844.167,0,0.0,BACKFILL_AUTO
2026-06-19 08:26:26,1781857586,R_10,4844.168,1,0.0009999999992942321,BACKFILL_AUTO
2026-06-19 08:26:28,1781857588,R_10,4844.048,-1,0.11999999999989086,BACKFILL_AUTO
2026-06-19 08:26:30,1781857590,R_10,4844.098,1,0.0500000000001819,BACKFILL_AUTO
2026-06-19 08:26:32,1781857592,R_10,4843.946,-1,0.15200000000004366,BACKFILL_AUTO
2026-06-19 08:26:34,1781857594,R_10,4843.843,-1,0.10300000000006548,BACKFILL_AUTO
2026-06-19 08:26:36,1781857596,R_10,4844.025,1,0.181999999999789,BACKFILL_AUTO
2026-06-19 08:26:38,1781857598,R_10,4843.948,-1,0.07699999999931606,BACKFILL_AUTO
2026-06-19 08:26:40,1781857600,R_10,4844.176,1,0.22800000000006548,BACKFILL_AUTO
2026-06-19 08:26:42,1781857602,R_10,4844.229,1,0.052999999999883585,BACKFILL_AUTO
2026-06-19 08:26:44,1781857604,R_10,4844.233,1,0.0039999999999054126,BACKFILL_AUTO
2026-06-19 08:26:46,1781857606,R_10,4844.24,1,0.006999999999607098,BACKFILL_AUTO
2026-06-19 08:26:48,1781857608,R_10,4844.371,1,0.13100000000031287,BACKFILL_AUTO
2026-06-19 08:26:50,1781857610,R_10,4844.306,-1,0.06500000000050932,BACKFILL_AUTO
2026-06-19 08:26:52,1781857612,R_10,4844.184,-1,0.12199999999938882,BACKFILL_AUTO
2026-06-19 08:26:54,1781857614,R_10,4844.448,1,0.2640000000001237,BACKFILL_AUTO
2026-06-19 08:26:56,1781857616,R_10,4844.589,1,0.14099999999962165,BACKFILL_AUTO
2026-06-19 08:26:58,1781857618,R_10,4844.731,1,0.14199999999982538,BACKFILL_AUTO
2026-06-19 08:27:00,1781857620,R_10,4844.749,1,0.018000000000029104,BACKFILL_AUTO
2026-06-19 08:27:02,1781857622,R_10,4844.964,1,0.21500000000014552,BACKFILL_AUTO
2026-06-19 08:27:04,1781857624,R_10,4845.049,1,0.08500000000003638,BACKFILL_AUTO
2026-06-19 08:27:06,1781857626,R_10,4844.934,-1,0.11499999999978172,BACKFILL_AUTO
2026-06-19 08:27:08,1781857628,R_10,4844.657,-1,0.27700000000004366,BACKFILL_AUTO
2026-06-19 08:27:10,1781857630,R_10,4844.533,-1,0.12399999999979627,BACKFILL_AUTO
2026-06-19 08:27:12,1781857632,R_10,4844.556,1,0.02299999999922875,BACKFILL_AUTO
2026-06-19 08:27:14,1781857634,R_10,4844.476,-1,0.07999999999992724,BACKFILL_AUTO
2026-06-19 08:27:16,1781857636,R_10,4844.558,1,0.0820000000003347,BACKFILL_AUTO
2026-06-19 08:27:18,1781857638,R_10,4844.837,1,0.2790000000004511,BACKFILL_AUTO
2026-06-19 08:27:20,1781857640,R_10,4844.841,1,0.0039999999999054126,BACKFILL_AUTO
2026-06-19 08:27:22,1781857642,R_10,4844.737,-1,0.10400000000026921,BACKFILL_AUTO
2026-06-19 08:27:24,1781857644,R_10,4844.692,-1,0.04500000000007276,BACKFILL_AUTO
2026-06-19 08:27:26,1781857646,R_10,4844.792,1,0.1000000000003638,BACKFILL_AUTO
2026-06-19 08:27:28,1781857648,R_10,4844.657,-1,0.13500000000021828,BACKFILL_AUTO
2026-06-19 08:27:30,1781857650,R_10,4844.735,1,0.07799999999951979,BACKFILL_AUTO
2026-06-19 08:27:32,1781857652,R_10,4844.609,-1,0.12599999999929423,BACKFILL_AUTO
2026-06-19 08:27:34,1781857654,R_10,4844.614,1,0.004999999999199645,BACKFILL_AUTO
2026-06-19 08:27:36,1781857656,R_10,4844.575,-1,0.03899999999975989,BACKFILL_AUTO
2026-06-19 08:27:38,1781857658,R_10,4844.667,1,0.09200000000055297,BACKFILL_AUTO
2026-06-19 08:27:40,1781857660,R_10,4844.797,1,0.12999999999919964,BACKFILL_AUTO
2026-06-19 08:27:42,1781857662,R_10,4844.832,1,0.035000000000763976,BACKFILL_AUTO
2026-06-19 08:27:44,1781857664,R_10,4844.784,-1,0.04800000000068394,BACKFILL_AUTO
2026-06-19 08:27:46,1781857666,R_10,4844.625,-1,0.15899999999965075,BACKFILL_AUTO
2026-06-19 08:27:48,1781857668,R_10,4844.885,1,0.2600000000002183,BACKFILL_AUTO
2026-06-19 08:27:50,1781857670,R_10,4844.655,-1,0.23000000000047294,BACKFILL_AUTO
2026-06-19 08:27:52,1781857672,R_10,4844.623,-1,0.032000000000152795,BACKFILL_AUTO
2026-06-19 08:27:54,1781857674,R_10,4844.712,1,0.08900000000085129,BACKFILL_AUTO
2026-06-19 08:27:56,1781857676,R_10,4844.707,-1,0.005000000000109139,BACKFILL_AUTO
2026-06-19 08:27:58,1781857678,R_10,4844.449,-1,0.2580000000007203,BACKFILL_AUTO
2026-06-19 08:28:00,1781857680,R_10,4844.518,1,0.06900000000041473,BACKFILL_AUTO
2026-06-19 08:28:02,1781857682,R_10,4844.291,-1,0.22699999999986176,BACKFILL_AUTO
2026-06-19 08:28:04,1781857684,R_10,4844.392,1,0.10099999999965803,BACKFILL_AUTO
2026-06-19 08:28:06,1781857686,R_10,4844.424,1,0.032000000000152795,BACKFILL_AUTO
2026-06-19 08:28:08,1781857688,R_10,4844.389,-1,0.03499999999985448,BACKFILL_AUTO
2026-06-19 08:28:10,1781857690,R_10,4844.248,-1,0.14100000000053114,BACKFILL_AUTO
2026-06-19 08:28:12,1781857692,R_10,4844.375,1,0.12700000000040745,BACKFILL_AUTO
2026-06-19 08:28:14,1781857694,R_10,4844.468,1,0.0929999999998472,BACKFILL_AUTO
2026-06-19 08:28:16,1781857696,R_10,4844.491,1,0.023000000000138243,BACKFILL_AUTO
2026-06-19 08:28:18,1781857698,R_10,4844.381,-1,0.10999999999967258,BACKFILL_AUTO
2026-06-19 08:28:20,1781857700,R_10,4844.278,-1,0.10300000000006548,BACKFILL_AUTO
2026-06-19 08:28:22,1781857702,R_10,4844.332,1,0.05400000000008731,BACKFILL_AUTO
2026-06-19 08:28:24,1781857704,R_10,4844.519,1,0.18699999999989814,BACKFILL_AUTO
2026-06-19 08:28:26,1781857706,R_10,4844.634,1,0.11499999999978172,BACKFILL_AUTO
2026-06-19 08:28:28,1781857708,R_10,4844.643,1,0.009000000000014552,BACKFILL_AUTO
2026-06-19 08:28:30,1781857710,R_10,4844.576,-1,0.06700000000000728,BACKFILL_AUTO
2026-06-19 08:28:32,1781857712,R_10,4844.605,1,0.028999999999541615,BACKFILL_AUTO
2026-06-19 08:28:34,1781857714,R_10,4844.683,1,0.07800000000042928,BACKFILL_AUTO
2026-06-19 08:28:36,1781857716,R_10,4844.376,-1,0.306999999999789,BACKFILL_AUTO
2026-06-19 08:28:38,1781857718,R_10,4844.272,-1,0.10400000000026921,BACKFILL_AUTO
2026-06-19 08:28:40,1781857720,R_10,4844.333,1,0.06099999999969441,BACKFILL_AUTO
2026-06-19 08:28:42,1781857722,R_10,4844.54,1,0.2070000000003347,BACKFILL_AUTO
2026-06-19 08:28:44,1781857724,R_10,4844.636,1,0.09600000000045839,BACKFILL_AUTO
2026-06-19 08:28:46,1781857726,R_10,4844.781,1,0.14499999999952706,BACKFILL_AUTO
2026-06-19 08:28:48,1781857728,R_10,4844.721,-1,0.06000000000040018,BACKFILL_AUTO
2026-06-19 08:28:50,1781857730,R_10,4844.818,1,0.09700000000066211,BACKFILL_AUTO
2026-06-19 08:28:52,1781857732,R_10,4845.021,1,0.2029999999995198,BACKFILL_AUTO
2026-06-19 08:28:54,1781857734,R_10,4845.113,1,0.09200000000055297,BACKFILL_AUTO
2026-06-19 08:28:56,1781857736,R_10,4845.163,1,0.049999999999272404,BACKFILL_AUTO
2026-06-19 08:28:58,1781857738,R_10,4845.219,1,0.056000000000494765,BACKFILL_AUTO
2026-06-19 08:29:00,1781857740,R_10,4845.254,1,0.03499999999985448,BACKFILL_AUTO
2026-06-19 08:29:02,1781857742,R_10,4845.281,1,0.027000000000043656,BACKFILL_AUTO
2026-06-19 08:29:04,1781857744,R_10,4845.363,1,0.0820000000003347,BACKFILL_AUTO
2026-06-19 08:29:06,1781857746,R_10,4845.461,1,0.09799999999995634,BACKFILL_AUTO
2026-06-19 08:29:08,1781857748,R_10,4845.434,-1,0.027000000000043656,BACKFILL_AUTO
2026-06-19 08:29:10,1781857750,R_10,4845.366,-1,0.068000000000211,BACKFILL_AUTO
2026-06-19 08:29:12,1781857752,R_10,4845.49,1,0.12399999999979627,BACKFILL_AUTO
2026-06-19 08:29:14,1781857754,R_10,4845.31,-1,0.17999999999938154,BACKFILL_AUTO
2026-06-19 08:29:16,1781857756,R_10,4845.331,1,0.02099999999973079,BACKFILL_AUTO
2026-06-19 08:29:18,1781857758,R_10,4845.274,-1,0.056999999999789,BACKFILL_AUTO
2026-06-19 08:29:20,1781857760,R_10,4845.551,1,0.27700000000004366,BACKFILL_AUTO
2026-06-19 08:29:22,1781857762,R_10,4845.543,-1,0.00800000000072032,BACKFILL_AUTO
2026-06-19 08:29:24,1781857764,R_10,4845.659,1,0.11599999999998545,BACKFILL_AUTO
2026-06-19 08:29:26,1781857766,R_10,4845.508,-1,0.15099999999983993,BACKFILL_AUTO
2026-06-19 08:29:28,1781857768,R_10,4845.424,-1,0.08399999999983265,BACKFILL_AUTO
2026-06-19 08:29:30,1781857770,R_10,4845.438,1,0.014000000000123691,BACKFILL_AUTO
2026-06-19 08:29:32,1781857772,R_10,4845.399,-1,0.03899999999975989,BACKFILL_AUTO
2026-06-19 08:29:34,1781857774,R_10,4845.266,-1,0.13300000000072032,BACKFILL_AUTO
2026-06-19 08:29:36,1781857776,R_10,4845.365,1,0.09900000000016007,BACKFILL_AUTO
2026-06-19 08:29:38,1781857778,R_10,4845.127,-1,0.23799999999937427,BACKFILL_AUTO
2026-06-19 08:29:40,1781857780,R_10,4845.147,1,0.019999999999527063,BACKFILL_AUTO
2026-06-19 08:29:42,1781857782,R_10,4845.079,-1,0.068000000000211,BACKFILL_AUTO
2026-06-19 08:29:44,1781857784,R_10,4845.087,1,0.00800000000072032,BACKFILL_AUTO
2026-06-19 08:29:46,1781857786,R_10,4845.136,1,0.04899999999997817,BACKFILL_AUTO
2026-06-19 08:29:48,1781857788,R_10,4845.008,-1,0.12800000000061118,BACKFILL_AUTO
2026-06-19 08:29:50,1781857790,R_10,4844.979,-1,0.028999999999541615,BACKFILL_AUTO
2026-06-19 08:29:52,1781857792,R_10,4845.038,1,0.058999999999286956,BACKFILL_AUTO
2026-06-19 08:29:54,1781857794,R_10,4844.761,-1,0.27699999999913416,BACKFILL_AUTO
2026-06-19 08:29:56,1781857796,R_10,4844.856,1,0.09499999999934516,BACKFILL_AUTO
2026-06-19 08:29:58,1781857798,R_10,4844.822,-1,0.033999999999650754,BACKFILL_AUTO
2026-06-19 08:30:00,1781857800,R_10,4844.849,1,0.027000000000043656,BACKFILL_AUTO
2026-06-19 08:30:02,1781857802,R_10,4844.658,-1,0.19099999999980355,BACKFILL_AUTO
2026-06-19 08:30:04,1781857804,R_10,4844.752,1,0.09400000000005093,BACKFILL_AUTO
2026-06-19 08:30:06,1781857806,R_10,4844.684,-1,0.068000000000211,BACKFILL_AUTO
2026-06-19 08:30:08,1781857808,R_10,4844.568,-1,0.11599999999998545,BACKFILL_AUTO
2026-06-19 08:30:10,1781857810,R_10,4844.61,1,0.04199999999946158,BACKFILL_AUTO
2026-06-19 08:30:12,1781857812,R_10,4844.658,1,0.04800000000068394,BACKFILL_AUTO
2026-06-19 08:30:14,1781857814,R_10,4844.492,-1,0.16600000000016735,BACKFILL_AUTO
2026-06-19 08:30:16,1781857816,R_10,4844.207,-1,0.2849999999998545,BACKFILL_AUTO
2026-06-19 08:30:18,1781857818,R_10,4844.19,-1,0.01700000000073487,BACKFILL_AUTO
2026-06-19 08:30:20,1781857820,R_10,4844.474,1,0.28400000000056025,BACKFILL_AUTO
2026-06-19 08:30:22,1781857822,R_10,4844.52,1,0.046000000000276486,BACKFILL_AUTO
2026-06-19 08:30:24,1781857824,R_10,4844.401,-1,0.11900000000059663,BACKFILL_AUTO
2026-06-19 08:30:26,1781857826,R_10,4844.454,1,0.052999999999883585,BACKFILL_AUTO
2026-06-19 08:30:28,1781857828,R_10,4844.211,-1,0.2429999999994834,BACKFILL_AUTO
2026-06-19 08:30:30,1781857830,R_10,4844.058,-1,0.15300000000024738,BACKFILL_AUTO
2026-06-19 08:30:32,1781857832,R_10,4843.974,-1,0.08399999999983265,BACKFILL_AUTO
2026-06-19 08:30:34,1781857834,R_10,4844.194,1,0.22000000000025466,BACKFILL_AUTO
2026-06-19 08:30:36,1781857836,R_10,4844.317,1,0.12299999999959255,BACKFILL_AUTO
2026-06-19 08:30:38,1781857838,R_10,4844.171,-1,0.1459999999997308,BACKFILL_AUTO
2026-06-19 08:30:40,1781857840,R_10,4844.289,1,0.11799999999948341,BACKFILL_AUTO
2026-06-19 08:30:42,1781857842,R_10,4844.303,1,0.014000000000123691,BACKFILL_AUTO
2026-06-19 08:30:44,1781857844,R_10,4844.272,-1,0.03099999999994907,BACKFILL_AUTO
2026-06-19 08:30:46,1781857846,R_10,4844.468,1,0.1959999999999127,BACKFILL_AUTO
2026-06-19 08:30:48,1781857848,R_10,4844.377,-1,0.09099999999943975,BACKFILL_AUTO
2026-06-19 08:30:50,1781857850,R_10,4844.336,-1,0.04100000000016735,BACKFILL_AUTO
2026-06-19 08:30:52,1781857852,R_10,4844.206,-1,0.13000000000010914,BACKFILL_AUTO
2026-06-19 08:30:54,1781857854,R_10,4844.246,1,0.03999999999996362,BACKFILL_AUTO
2026-06-19 08:30:56,1781857856,R_10,4844.33,1,0.08399999999983265,BACKFILL_AUTO
2026-06-19 08:30:58,1781857858,R_10,4844.278,-1,0.05199999999967986,BACKFILL_AUTO
2026-06-19 08:31:00,1781857860,R_10,4844.366,1,0.08799999999973807,BACKFILL_AUTO
2026-06-19 08:31:02,1781857862,R_10,4844.147,-1,0.21900000000005093,BACKFILL_AUTO
2026-06-19 08:31:04,1781857864,R_10,4844.129,-1,0.018000000000029104,BACKFILL_AUTO
2026-06-19 08:31:06,1781857866,R_10,4844.209,1,0.07999999999992724,BACKFILL_AUTO
2026-06-19 08:31:08,1781857868,R_10,4844.305,1,0.09600000000045839,BACKFILL_AUTO
2026-06-19 08:31:10,1781857870,R_10,4844.255,-1,0.0500000000001819,BACKFILL_AUTO
2026-06-19 08:31:12,1781857872,R_10,4844.217,-1,0.03800000000046566,BACKFILL_AUTO
2026-06-19 08:31:14,1781857874,R_10,4844.316,1,0.09900000000016007,BACKFILL_AUTO
2026-06-19 08:31:16,1781857876,R_10,4844.377,1,0.061000000000603904,BACKFILL_AUTO
2026-06-19 08:31:18,1781857878,R_10,4844.652,1,0.2749999999996362,BACKFILL_AUTO
2026-06-19 08:31:20,1781857880,R_10,4844.621,-1,0.03099999999994907,BACKFILL_AUTO
2026-06-19 08:31:22,1781857882,R_10,4844.745,1,0.12399999999979627,BACKFILL_AUTO
2026-06-19 08:31:24,1781857884,R_10,4844.966,1,0.22100000000045839,BACKFILL_AUTO
2026-06-19 08:31:26,1781857886,R_10,4844.838,-1,0.12800000000061118,BACKFILL_AUTO
2026-06-19 08:31:28,1781857888,R_10,4844.846,1,0.007999999999810825,BACKFILL_AUTO
2026-06-19 08:31:30,1781857890,R_10,4844.969,1,0.12300000000050204,BACKFILL_AUTO
2026-06-19 08:31:32,1781857892,R_10,4844.989,1,0.019999999999527063,BACKFILL_AUTO
2026-06-19 08:31:34,1781857894,R_10,4844.966,-1,0.02299999999922875,BACKFILL_AUTO
2026-06-19 08:31:36,1781857896,R_10,4844.917,-1,0.04899999999997817,BACKFILL_AUTO
2026-06-19 08:31:38,1781857898,R_10,4844.841,-1,0.07600000000002183,BACKFILL_AUTO
2026-06-19 08:31:40,1781857900,R_10,4845.0,1,0.15899999999965075,BACKFILL_AUTO
2026-06-19 08:31:42,1781857902,R_10,4844.853,-1,0.14699999999993452,BACKFILL_AUTO
2026-06-19 08:31:44,1781857904,R_10,4844.619,-1,0.23400000000037835,BACKFILL_AUTO
2026-06-19 08:31:46,1781857906,R_10,4844.336,-1,0.282999999999447,BACKFILL_AUTO
2026-06-19 08:31:48,1781857908,R_10,4844.493,1,0.1570000000001528,BACKFILL_AUTO
2026-06-19 08:31:50,1781857910,R_10,4844.517,1,0.023999999999432475,BACKFILL_AUTO
2026-06-19 08:31:52,1781857912,R_10,4844.572,1,0.05500000000029104,BACKFILL_AUTO
2026-06-19 08:31:54,1781857914,R_10,4844.567,-1,0.005000000000109139,BACKFILL_AUTO
2026-06-19 08:31:56,1781857916,R_10,4844.523,-1,0.04399999999986903,BACKFILL_AUTO
2026-06-19 08:31:58,1781857918,R_10,4844.405,-1,0.1180000000003929,BACKFILL_AUTO
2026-06-19 08:32:00,1781857920,R_10,4844.406,1,0.0010000000002037268,BACKFILL_AUTO
2026-06-19 08:32:02,1781857922,R_10,4844.641,1,0.23499999999967258,BACKFILL_AUTO
2026-06-19 08:32:04,1781857924,R_10,4844.617,-1,0.023999999999432475,BACKFILL_AUTO
2026-06-19 08:32:06,1781857926,R_10,4844.7,1,0.08299999999962893,BACKFILL_AUTO
2026-06-19 08:32:08,1781857928,R_10,4844.597,-1,0.10300000000006548,BACKFILL_AUTO
2026-06-19 08:32:10,1781857930,R_10,4844.532,-1,0.06499999999959982,BACKFILL_AUTO
2026-06-19 08:32:12,1781857932,R_10,4844.538,1,0.0059999999994033715,BACKFILL_AUTO
2026-06-19 08:32:14,1781857934,R_10,4844.599,1,0.061000000000603904,BACKFILL_AUTO
2026-06-19 08:32:16,1781857936,R_10,4844.535,-1,0.06400000000030559,BACKFILL_AUTO
2026-06-19 08:32:18,1781857938,R_10,4844.448,-1,0.08699999999953434,BACKFILL_AUTO
2026-06-19 08:32:20,1781857940,R_10,4844.558,1,0.10999999999967258,BACKFILL_AUTO
2026-06-19 08:32:22,1781857942,R_10,4844.383,-1,0.1750000000001819,BACKFILL_AUTO
2026-06-19 08:32:24,1781857944,R_10,4844.533,1,0.1500000000005457,BACKFILL_AUTO
2026-06-19 08:32:26,1781857946,R_10,4844.464,-1,0.06900000000041473,BACKFILL_AUTO
2026-06-19 08:32:28,1781857948,R_10,4844.448,-1,0.01599999999962165,BACKFILL_AUTO
2026-06-19 08:32:30,1781857950,R_10,4844.269,-1,0.1790000000000873,BACKFILL_AUTO
2026-06-19 08:32:32,1781857952,R_10,4844.421,1,0.15200000000004366,BACKFILL_AUTO
2026-06-19 08:32:34,1781857954,R_10,4844.555,1,0.13400000000001455,BACKFILL_AUTO
2026-06-19 08:32:36,1781857956,R_10,4844.551,-1,0.0039999999999054126,BACKFILL_AUTO
2026-06-19 08:32:38,1781857958,R_10,4844.413,-1,0.13800000000082946,BACKFILL_AUTO
2026-06-19 08:32:40,1781857960,R_10,4844.53,1,0.11700000000018917,BACKFILL_AUTO
2026-06-19 08:32:42,1781857962,R_10,4844.616,1,0.0860000000002401,BACKFILL_AUTO
2026-06-19 08:32:44,1781857964,R_10,4844.74,1,0.12399999999979627,BACKFILL_AUTO
2026-06-19 08:32:46,1781857966,R_10,4844.819,1,0.07900000000063301,BACKFILL_AUTO
2026-06-19 08:32:48,1781857968,R_10,4844.772,-1,0.04700000000048021,BACKFILL_AUTO
2026-06-19 08:32:50,1781857970,R_10,4844.637,-1,0.13500000000021828,BACKFILL_AUTO
2026-06-19 08:32:52,1781857972,R_10,4844.761,1,0.12400000000070577,BACKFILL_AUTO
2026-06-19 08:32:54,1781857974,R_10,4844.761,0,0.0,BACKFILL_AUTO
2026-06-19 08:32:56,1781857976,R_10,4844.849,1,0.08799999999973807,BACKFILL_AUTO
2026-06-19 08:32:58,1781857978,R_10,4844.932,1,0.08299999999962893,BACKFILL_AUTO
2026-06-19 08:33:00,1781857980,R_10,4844.93,-1,0.001999999999497959,BACKFILL_AUTO
2026-06-19 08:33:02,1781857982,R_10,4844.983,1,0.052999999999883585,BACKFILL_AUTO
2026-06-19 08:33:04,1781857984,R_10,4845.191,1,0.20799999999962893,BACKFILL_AUTO
2026-06-19 08:33:06,1781857986,R_10,4845.341,1,0.1500000000005457,BACKFILL_AUTO
2026-06-19 08:33:08,1781857988,R_10,4845.487,1,0.1459999999997308,BACKFILL_AUTO
2026-06-19 08:33:10,1781857990,R_10,4845.633,1,0.1459999999997308,BACKFILL_AUTO
2026-06-19 08:33:12,1781857992,R_10,4845.681,1,0.047999999999774445,BACKFILL_AUTO
2026-06-19 08:33:14,1781857994,R_10,4845.582,-1,0.09899999999925058,BACKFILL_AUTO
2026-06-19 08:33:16,1781857996,R_10,4845.465,-1,0.11700000000018917,BACKFILL_AUTO
2026-06-19 08:33:18,1781857998,R_10,4845.486,1,0.02099999999973079,BACKFILL_AUTO
2026-06-19 08:33:20,1781858000,R_10,4845.375,-1,0.11099999999987631,BACKFILL_AUTO
2026-06-19 08:33:22,1781858002,R_10,4845.464,1,0.08899999999994179,BACKFILL_AUTO
2026-06-19 08:33:24,1781858004,R_10,4845.308,-1,0.15599999999994907,BACKFILL_AUTO
2026-06-19 08:33:26,1781858006,R_10,4845.156,-1,0.15200000000004366,BACKFILL_AUTO
2026-06-19 08:33:28,1781858008,R_10,4845.206,1,0.0500000000001819,BACKFILL_AUTO
2026-06-19 08:33:30,1781858010,R_10,4845.141,-1,0.06500000000050932,BACKFILL_AUTO
2026-06-19 08:33:32,1781858012,R_10,4845.039,-1,0.10199999999986176,BACKFILL_AUTO
2026-06-19 08:33:34,1781858014,R_10,4844.738,-1,0.30099999999947613,BACKFILL_AUTO
2026-06-19 08:33:36,1781858016,R_10,4844.764,1,0.02599999999983993,BACKFILL_AUTO
2026-06-19 08:33:38,1781858018,R_10,4844.737,-1,0.027000000000043656,BACKFILL_AUTO
2026-06-19 08:33:40,1781858020,R_10,4844.729,-1,0.007999999999810825,BACKFILL_AUTO
2026-06-19 08:33:42,1781858022,R_10,4844.535,-1,0.19400000000041473,BACKFILL_AUTO
2026-06-19 08:33:44,1781858024,R_10,4844.5,-1,0.03499999999985448,BACKFILL_AUTO
2026-06-19 08:33:46,1781858026,R_10,4844.423,-1,0.07700000000022555,BACKFILL_AUTO
2026-06-19 08:33:48,1781858028,R_10,4844.099,-1,0.3239999999996144,BACKFILL_AUTO
2026-06-19 08:33:50,1781858030,R_10,4844.057,-1,0.042000000000371074,BACKFILL_AUTO
2026-06-19 08:33:52,1781858032,R_10,4844.104,1,0.04700000000048021,BACKFILL_AUTO
2026-06-19 08:33:54,1781858034,R_10,4844.236,1,0.1319999999996071,BACKFILL_AUTO
2026-06-19 08:33:56,1781858036,R_10,4844.289,1,0.052999999999883585,BACKFILL_AUTO
2026-06-19 08:33:58,1781858038,R_10,4844.14,-1,0.14899999999943248,BACKFILL_AUTO
2026-06-19 08:34:00,1781858040,R_10,4844.201,1,0.06099999999969441,BACKFILL_AUTO
2026-06-19 08:34:02,1781858042,R_10,4844.179,-1,0.021999999999934516,BACKFILL_AUTO
2026-06-19 08:34:04,1781858044,R_10,4844.32,1,0.14099999999962165,BACKFILL_AUTO
2026-06-19 08:34:06,1781858046,R_10,4844.367,1,0.04700000000048021,BACKFILL_AUTO
2026-06-19 08:34:08,1781858048,R_10,4844.752,1,0.3850000000002183,BACKFILL_AUTO
2026-06-19 08:34:10,1781858050,R_10,4844.764,1,0.011999999999716238,BACKFILL_AUTO
2026-06-19 08:34:12,1781858052,R_10,4844.757,-1,0.007000000000516593,BACKFILL_AUTO
2026-06-19 08:34:14,1781858054,R_10,4844.815,1,0.057999999999992724,BACKFILL_AUTO
2026-06-19 08:34:16,1781858056,R_10,4844.719,-1,0.09599999999954889,BACKFILL_AUTO
2026-06-19 08:34:18,1781858058,R_10,4844.675,-1,0.04399999999986903,BACKFILL_AUTO
2026-06-19 08:34:20,1781858060,R_10,4844.604,-1,0.07099999999991269,BACKFILL_AUTO
2026-06-19 08:34:22,1781858062,R_10,4844.581,-1,0.023000000000138243,BACKFILL_AUTO
2026-06-19 08:34:24,1781858064,R_10,4844.675,1,0.09400000000005093,BACKFILL_AUTO
2026-06-19 08:34:26,1781858066,R_10,4844.874,1,0.19899999999961437,BACKFILL_AUTO
2026-06-19 08:34:28,1781858068,R_10,4844.868,-1,0.0059999999994033715,BACKFILL_AUTO
2026-06-19 08:34:30,1781858070,R_10,4844.724,-1,0.14400000000023283,BACKFILL_AUTO
2026-06-19 08:34:32,1781858072,R_10,4844.881,1,0.1570000000001528,BACKFILL_AUTO
2026-06-19 08:34:34,1781858074,R_10,4844.899,1,0.018000000000029104,BACKFILL_AUTO
2026-06-19 08:34:36,1781858076,R_10,4845.066,1,0.16699999999946158,BACKFILL_AUTO
2026-06-19 08:34:38,1781858078,R_10,4844.876,-1,0.18999999999959982,BACKFILL_AUTO
2026-06-19 08:34:40,1781858080,R_10,4844.728,-1,0.14800000000013824,BACKFILL_AUTO
2026-06-19 08:34:42,1781858082,R_10,4844.824,1,0.09599999999954889,BACKFILL_AUTO
2026-06-19 08:34:44,1781858084,R_10,4845.061,1,0.23700000000008004,BACKFILL_AUTO
2026-06-19 08:34:46,1781858086,R_10,4845.097,1,0.03600000000005821,BACKFILL_AUTO
2026-06-19 08:34:48,1781858088,R_10,4844.999,-1,0.09799999999995634,BACKFILL_AUTO
2026-06-19 08:34:50,1781858090,R_10,4845.088,1,0.08899999999994179,BACKFILL_AUTO
2026-06-19 08:34:52,1781858092,R_10,4844.912,-1,0.17599999999947613,BACKFILL_AUTO
2026-06-19 08:34:54,1781858094,R_10,4844.822,-1,0.09000000000014552,BACKFILL_AUTO
2026-06-19 08:34:56,1781858096,R_10,4844.821,-1,0.0010000000002037268,BACKFILL_AUTO
2026-06-19 08:34:58,1781858098,R_10,4844.684,-1,0.13699999999971624,BACKFILL_AUTO
2026-06-19 08:35:00,1781858100,R_10,4844.806,1,0.12199999999938882,BACKFILL_AUTO
2026-06-19 08:35:02,1781858102,R_10,4844.789,-1,0.016999999999825377,BACKFILL_AUTO
2026-06-19 08:35:04,1781858104,R_10,4844.703,-1,0.08599999999933061,BACKFILL_AUTO
2026-06-19 08:35:06,1781858106,R_10,4844.561,-1,0.14200000000073487,BACKFILL_AUTO
2026-06-19 08:35:08,1781858108,R_10,4844.477,-1,0.08399999999983265,BACKFILL_AUTO
2026-06-19 08:35:10,1781858110,R_10,4844.536,1,0.05900000000019645,BACKFILL_AUTO
2026-06-19 08:35:12,1781858112,R_10,4844.585,1,0.04899999999997817,BACKFILL_AUTO
2026-06-19 08:35:14,1781858114,R_10,4844.385,-1,0.1999999999998181,BACKFILL_AUTO
2026-06-19 08:35:16,1781858116,R_10,4844.183,-1,0.20200000000022555,BACKFILL_AUTO
2026-06-19 08:35:18,1781858118,R_10,4844.102,-1,0.08100000000013097,BACKFILL_AUTO
2026-06-19 08:35:20,1781858120,R_10,4844.059,-1,0.042999999999665306,BACKFILL_AUTO
2026-06-19 08:35:22,1781858122,R_10,4844.03,-1,0.02900000000045111,BACKFILL_AUTO
2026-06-19 08:35:24,1781858124,R_10,4844.241,1,0.2110000000002401,BACKFILL_AUTO
2026-06-19 08:35:26,1781858126,R_10,4844.214,-1,0.027000000000043656,BACKFILL_AUTO
2026-06-19 08:35:28,1781858128,R_10,4844.105,-1,0.10900000000037835,BACKFILL_AUTO
2026-06-19 08:35:30,1781858130,R_10,4844.076,-1,0.028999999999541615,BACKFILL_AUTO
2026-06-19 08:35:32,1781858132,R_10,4844.164,1,0.08799999999973807,BACKFILL_AUTO
2026-06-19 08:35:34,1781858134,R_10,4844.238,1,0.07400000000052387,BACKFILL_AUTO
2026-06-19 08:35:36,1781858136,R_10,4844.176,-1,0.06199999999989814,BACKFILL_AUTO
2026-06-19 08:35:38,1781858138,R_10,4844.16,-1,0.016000000000531145,BACKFILL_AUTO
2026-06-19 08:35:40,1781858140,R_10,4844.249,1,0.08899999999994179,BACKFILL_AUTO
2026-06-19 08:35:42,1781858142,R_10,4844.319,1,0.07000000000061846,BACKFILL_AUTO
2026-06-19 08:35:44,1781858144,R_10,4844.475,1,0.15599999999994907,BACKFILL_AUTO
2026-06-19 08:35:46,1781858146,R_10,4844.416,-1,0.05900000000019645,BACKFILL_AUTO
2026-06-19 08:35:48,1781858148,R_10,4844.583,1,0.16699999999946158,BACKFILL_AUTO
2026-06-19 08:35:50,1781858150,R_10,4844.736,1,0.15300000000024738,BACKFILL_AUTO
2026-06-19 08:35:52,1781858152,R_10,4844.461,-1,0.2749999999996362,BACKFILL_AUTO
2026-06-19 08:35:54,1781858154,R_10,4844.611,1,0.1499999999996362,BACKFILL_AUTO
2026-06-19 08:35:56,1781858156,R_10,4844.673,1,0.06199999999989814,BACKFILL_AUTO
2026-06-19 08:35:58,1781858158,R_10,4844.708,1,0.03499999999985448,BACKFILL_AUTO
2026-06-19 08:36:00,1781858160,R_10,4844.763,1,0.05500000000029104,BACKFILL_AUTO
2026-06-19 08:36:02,1781858162,R_10,4844.844,1,0.08100000000013097,BACKFILL_AUTO
2026-06-19 08:36:04,1781858164,R_10,4844.927,1,0.08299999999962893,BACKFILL_AUTO
2026-06-19 08:36:06,1781858166,R_10,4845.008,1,0.08100000000013097,BACKFILL_AUTO
2026-06-19 08:36:08,1781858168,R_10,4844.931,-1,0.07700000000022555,BACKFILL_AUTO
2026-06-19 08:36:10,1781858170,R_10,4844.954,1,0.023000000000138243,BACKFILL_AUTO
2026-06-19 08:36:12,1781858172,R_10,4844.945,-1,0.009000000000014552,BACKFILL_AUTO
2026-06-19 08:36:14,1781858174,R_10,4844.98,1,0.03499999999985448,BACKFILL_AUTO
2026-06-19 08:36:16,1781858176,R_10,4845.187,1,0.2070000000003347,BACKFILL_AUTO
2026-06-19 08:36:18,1781858178,R_10,4844.976,-1,0.2110000000002401,BACKFILL_AUTO
2026-06-19 08:36:20,1781858180,R_10,4844.753,-1,0.22299999999995634,BACKFILL_AUTO
2026-06-19 08:36:22,1781858182,R_10,4844.723,-1,0.02999999999974534,BACKFILL_AUTO
2026-06-19 08:36:24,1781858184,R_10,4844.834,1,0.11099999999987631,BACKFILL_AUTO
2026-06-19 08:36:26,1781858186,R_10,4844.951,1,0.11700000000018917,BACKFILL_AUTO
2026-06-19 08:36:28,1781858188,R_10,4844.99,1,0.03899999999975989,BACKFILL_AUTO
2026-06-19 08:36:30,1781858190,R_10,4845.009,1,0.01900000000023283,BACKFILL_AUTO
2026-06-19 08:36:32,1781858192,R_10,4845.058,1,0.04899999999997817,BACKFILL_AUTO
2026-06-19 08:36:34,1781858194,R_10,4845.061,1,0.0029999999997016857,BACKFILL_AUTO
2026-06-19 08:36:36,1781858196,R_10,4844.983,-1,0.07799999999951979,BACKFILL_AUTO
2026-06-19 08:36:38,1781858198,R_10,4845.015,1,0.032000000000152795,BACKFILL_AUTO
2026-06-19 08:36:40,1781858200,R_10,4844.99,-1,0.025000000000545697,BACKFILL_AUTO
2026-06-19 08:36:42,1781858202,R_10,4844.985,-1,0.005000000000109139,BACKFILL_AUTO
2026-06-19 08:36:44,1781858204,R_10,4845.075,1,0.09000000000014552,BACKFILL_AUTO
2026-06-19 08:36:46,1781858206,R_10,4845.042,-1,0.03299999999944703,BACKFILL_AUTO
2026-06-19 08:36:48,1781858208,R_10,4845.275,1,0.23299999999926513,BACKFILL_AUTO
2026-06-19 08:36:50,1781858210,R_10,4845.316,1,0.04100000000016735,BACKFILL_AUTO
2026-06-19 08:36:52,1781858212,R_10,4845.119,-1,0.19700000000011642,BACKFILL_AUTO
2026-06-19 08:36:54,1781858214,R_10,4845.079,-1,0.03999999999996362,BACKFILL_AUTO
2026-06-19 08:36:56,1781858216,R_10,4845.105,1,0.02599999999983993,BACKFILL_AUTO
2026-06-19 08:36:58,1781858218,R_10,4845.44,1,0.3350000000000364,BACKFILL_AUTO
2026-06-19 08:37:00,1781858220,R_10,4845.309,-1,0.13099999999940337,BACKFILL_AUTO
2026-06-19 08:37:02,1781858222,R_10,4845.254,-1,0.05500000000029104,BACKFILL_AUTO
2026-06-19 08:37:04,1781858224,R_10,4845.304,1,0.0500000000001819,BACKFILL_AUTO
2026-06-19 08:37:06,1781858226,R_10,4845.198,-1,0.10599999999976717,BACKFILL_AUTO
2026-06-19 08:37:08,1781858228,R_10,4845.318,1,0.11999999999989086,BACKFILL_AUTO
2026-06-19 08:37:10,1781858230,R_10,4845.245,-1,0.07300000000032014,BACKFILL_AUTO
2026-06-19 08:37:12,1781858232,R_10,4845.49,1,0.24499999999989086,BACKFILL_AUTO
2026-06-19 08:37:14,1781858234,R_10,4845.561,1,0.07099999999991269,BACKFILL_AUTO
2026-06-19 08:37:16,1781858236,R_10,4845.734,1,0.17300000000068394,BACKFILL_AUTO
2026-06-19 08:37:18,1781858238,R_10,4845.661,-1,0.07300000000032014,BACKFILL_AUTO
2026-06-19 08:37:20,1781858240,R_10,4845.684,1,0.023000000000138243,BACKFILL_AUTO
2026-06-19 08:37:22,1781858242,R_10,4845.508,-1,0.17600000000038563,BACKFILL_AUTO
2026-06-19 08:37:24,1781858244,R_10,4845.402,-1,0.10599999999976717,BACKFILL_AUTO
2026-06-19 08:37:26,1781858246,R_10,4845.491,1,0.08899999999994179,BACKFILL_AUTO
2026-06-19 08:37:28,1781858248,R_10,4845.522,1,0.03099999999994907,BACKFILL_AUTO
2026-06-19 08:37:30,1781858250,R_10,4845.328,-1,0.19399999999950523,BACKFILL_AUTO
2026-06-19 08:37:32,1781858252,R_10,4845.296,-1,0.032000000000152795,BACKFILL_AUTO
2026-06-19 08:37:34,1781858254,R_10,4845.204,-1,0.09200000000055297,BACKFILL_AUTO
2026-06-19 08:37:36,1781858256,R_10,4845.125,-1,0.07899999999972351,BACKFILL_AUTO
2026-06-19 08:37:38,1781858258,R_10,4845.191,1,0.06599999999980355,BACKFILL_AUTO
2026-06-19 08:37:40,1781858260,R_10,4845.316,1,0.125,BACKFILL_AUTO
2026-06-19 08:37:42,1781858262,R_10,4845.449,1,0.13299999999981083,BACKFILL_AUTO
2026-06-19 08:37:44,1781858264,R_10,4845.211,-1,0.23799999999937427,BACKFILL_AUTO
2026-06-19 08:37:46,1781858266,R_10,4845.313,1,0.10199999999986176,BACKFILL_AUTO
2026-06-19 08:37:48,1781858268,R_10,4845.471,1,0.15799999999944703,BACKFILL_AUTO
2026-06-19 08:37:50,1781858270,R_10,4845.404,-1,0.06699999999909778,BACKFILL_AUTO
2026-06-19 08:37:52,1781858272,R_10,4845.556,1,0.15199999999913416,BACKFILL_AUTO
2026-06-19 08:37:54,1781858274,R_10,4845.575,1,0.01900000000023283,BACKFILL_AUTO
2026-06-19 08:37:56,1781858276,R_10,4845.457,-1,0.11799999999948341,BACKFILL_AUTO
2026-06-19 08:37:58,1781858278,R_10,4845.313,-1,0.14400000000023283,BACKFILL_AUTO
2026-06-19 08:38:00,1781858280,R_10,4845.249,-1,0.06400000000030559,BACKFILL_AUTO
2026-06-19 08:38:02,1781858282,R_10,4845.263,1,0.014000000000123691,BACKFILL_AUTO
2026-06-19 08:38:04,1781858284,R_10,4845.275,1,0.011999999999716238,BACKFILL_AUTO
2026-06-19 08:38:06,1781858286,R_10,4845.411,1,0.136000000000422,BACKFILL_AUTO
2026-06-19 08:38:08,1781858288,R_10,4845.452,1,0.04100000000016735,BACKFILL_AUTO
2026-06-19 08:38:10,1781858290,R_10,4845.651,1,0.19899999999961437,BACKFILL_AUTO
2026-06-19 08:38:12,1781858292,R_10,4845.581,-1,0.06999999999970896,BACKFILL_AUTO
2026-06-19 08:38:14,1781858294,R_10,4845.475,-1,0.10599999999976717,BACKFILL_AUTO
2026-06-19 08:38:16,1781858296,R_10,4845.544,1,0.06899999999950523,BACKFILL_AUTO
2026-06-19 08:38:18,1781858298,R_10,4845.474,-1,0.06999999999970896,BACKFILL_AUTO
2026-06-19 08:38:20,1781858300,R_10,4845.389,-1,0.08500000000003638,BACKFILL_AUTO
2026-06-19 08:38:22,1781858302,R_10,4845.527,1,0.13799999999991996,BACKFILL_AUTO
2026-06-19 08:38:24,1781858304,R_10,4845.45,-1,0.07700000000022555,BACKFILL_AUTO
2026-06-19 08:38:26,1781858306,R_10,4845.319,-1,0.13099999999940337,BACKFILL_AUTO
2026-06-19 08:38:28,1781858308,R_10,4845.462,1,0.1430000000000291,BACKFILL_AUTO
2026-06-19 08:38:30,1781858310,R_10,4845.374,-1,0.08800000000064756,BACKFILL_AUTO
2026-06-19 08:38:32,1781858312,R_10,4845.354,-1,0.019999999999527063,BACKFILL_AUTO
2026-06-19 08:38:34,1781858314,R_10,4845.1,-1,0.2539999999999054,BACKFILL_AUTO
2026-06-19 08:38:36,1781858316,R_10,4845.273,1,0.17299999999977445,BACKFILL_AUTO
2026-06-19 08:38:38,1781858318,R_10,4845.215,-1,0.057999999999992724,BACKFILL_AUTO
2026-06-19 08:38:40,1781858320,R_10,4845.104,-1,0.11099999999987631,BACKFILL_AUTO
2026-06-19 08:38:42,1781858322,R_10,4845.036,-1,0.068000000000211,BACKFILL_AUTO
2026-06-19 08:38:44,1781858324,R_10,4844.989,-1,0.04700000000048021,BACKFILL_AUTO
2026-06-19 08:38:46,1781858326,R_10,4845.184,1,0.19500000000061846,BACKFILL_AUTO
2026-06-19 08:38:48,1781858328,R_10,4845.288,1,0.10399999999935972,BACKFILL_AUTO
2026-06-19 08:38:50,1781858330,R_10,4845.501,1,0.21300000000064756,BACKFILL_AUTO
2026-06-19 08:38:52,1781858332,R_10,4845.666,1,0.16499999999996362,BACKFILL_AUTO
2026-06-19 08:38:54,1781858334,R_10,4845.606,-1,0.06000000000040018,BACKFILL_AUTO
2026-06-19 08:38:56,1781858336,R_10,4845.521,-1,0.08500000000003638,BACKFILL_AUTO
2026-06-19 08:38:58,1781858338,R_10,4845.588,1,0.06700000000000728,BACKFILL_AUTO
2026-06-19 08:39:00,1781858340,R_10,4845.491,-1,0.09699999999975262,BACKFILL_AUTO
2026-06-19 08:39:02,1781858342,R_10,4845.686,1,0.19499999999970896,BACKFILL_AUTO
2026-06-19 08:39:04,1781858344,R_10,4845.787,1,0.10100000000056752,BACKFILL_AUTO
2026-06-19 08:39:06,1781858346,R_10,4845.766,-1,0.021000000000640284,BACKFILL_AUTO
2026-06-19 08:39:08,1781858348,R_10,4845.68,-1,0.08599999999933061,BACKFILL_AUTO
2026-06-19 08:39:10,1781858350,R_10,4845.764,1,0.08399999999983265,BACKFILL_AUTO
2026-06-19 08:39:12,1781858352,R_10,4845.763,-1,0.0010000000002037268,BACKFILL_AUTO
2026-06-19 08:39:14,1781858354,R_10,4845.535,-1,0.22800000000006548,BACKFILL_AUTO
2026-06-19 08:39:16,1781858356,R_10,4845.5,-1,0.03499999999985448,BACKFILL_AUTO
2026-06-19 08:39:18,1781858358,R_10,4845.64,1,0.14000000000032742,BACKFILL_AUTO
2026-06-19 08:39:20,1781858360,R_10,4845.67,1,0.02999999999974534,BACKFILL_AUTO
2026-06-19 08:39:22,1781858362,R_10,4845.539,-1,0.13100000000031287,BACKFILL_AUTO
2026-06-19 08:39:24,1781858364,R_10,4845.605,1,0.06599999999980355,BACKFILL_AUTO
2026-06-19 08:39:26,1781858366,R_10,4845.478,-1,0.12699999999949796,BACKFILL_AUTO
2026-06-19 08:39:28,1781858368,R_10,4845.375,-1,0.10300000000006548,BACKFILL_AUTO
2026-06-19 08:39:30,1781858370,R_10,4845.242,-1,0.13299999999981083,BACKFILL_AUTO
2026-06-19 08:39:32,1781858372,R_10,4845.338,1,0.09599999999954889,BACKFILL_AUTO
2026-06-19 08:39:34,1781858374,R_10,4845.04,-1,0.29799999999977445,BACKFILL_AUTO
2026-06-19 08:39:36,1781858376,R_10,4844.991,-1,0.04899999999997817,BACKFILL_AUTO
2026-06-19 08:39:38,1781858378,R_10,4844.876,-1,0.11499999999978172,BACKFILL_AUTO
2026-06-19 08:39:40,1781858380,R_10,4844.763,-1,0.11300000000028376,BACKFILL_AUTO
2026-06-19 08:39:42,1781858382,R_10,4844.745,-1,0.018000000000029104,BACKFILL_AUTO
2026-06-19 08:39:44,1781858384,R_10,4844.707,-1,0.03799999999955617,BACKFILL_AUTO
2026-06-19 08:39:46,1781858386,R_10,4844.675,-1,0.032000000000152795,BACKFILL_AUTO
2026-06-19 08:39:48,1781858388,R_10,4844.485,-1,0.19000000000050932,BACKFILL_AUTO
2026-06-19 08:39:50,1781858390,R_10,4844.6,1,0.11500000000069122,BACKFILL_AUTO
2026-06-19 08:39:52,1781858392,R_10,4844.634,1,0.033999999999650754,BACKFILL_AUTO
2026-06-19 08:39:54,1781858394,R_10,4844.322,-1,0.31199999999989814,BACKFILL_AUTO
2026-06-19 08:39:56,1781858396,R_10,4844.117,-1,0.20499999999992724,BACKFILL_AUTO
2026-06-19 08:39:58,1781858398,R_10,4844.242,1,0.125,BACKFILL_AUTO
2026-06-19 08:40:00,1781858400,R_10,4844.211,-1,0.03099999999994907,BACKFILL_AUTO
2026-06-19 08:40:02,1781858402,R_10,4844.353,1,0.14199999999982538,BACKFILL_AUTO
2026-06-19 08:40:04,1781858404,R_10,4844.284,-1,0.06900000000041473,BACKFILL_AUTO
2026-06-19 08:40:06,1781858406,R_10,4844.304,1,0.020000000000436557,BACKFILL_AUTO
2026-06-19 08:40:08,1781858408,R_10,4844.291,-1,0.012999999999919964,BACKFILL_AUTO
2026-06-19 08:40:10,1781858410,R_10,4844.334,1,0.042999999999665306,BACKFILL_AUTO
2026-06-19 08:40:12,1781858412,R_10,4844.345,1,0.011000000000422006,BACKFILL_AUTO
2026-06-19 08:40:14,1781858414,R_10,4844.403,1,0.057999999999992724,BACKFILL_AUTO
2026-06-19 08:40:16,1781858416,R_10,4844.426,1,0.023000000000138243,BACKFILL_AUTO
2026-06-19 08:40:18,1781858418,R_10,4844.407,-1,0.01900000000023283,BACKFILL_AUTO
2026-06-19 08:40:20,1781858420,R_10,4844.486,1,0.07899999999972351,BACKFILL_AUTO
2026-06-19 08:40:22,1781858422,R_10,4844.414,-1,0.07200000000011642,BACKFILL_AUTO
2026-06-19 08:40:24,1781858424,R_10,4844.337,-1,0.07699999999931606,BACKFILL_AUTO
2026-06-19 08:40:26,1781858426,R_10,4844.457,1,0.11999999999989086,BACKFILL_AUTO
2026-06-19 08:40:28,1781858428,R_10,4844.528,1,0.07099999999991269,BACKFILL_AUTO
2026-06-19 08:40:30,1781858430,R_10,4844.581,1,0.052999999999883585,BACKFILL_AUTO
2026-06-19 08:40:32,1781858432,R_10,4844.505,-1,0.07600000000002183,BACKFILL_AUTO
2026-06-19 08:40:34,1781858434,R_10,4844.421,-1,0.08399999999983265,BACKFILL_AUTO
2026-06-19 08:40:36,1781858436,R_10,4844.329,-1,0.09200000000055297,BACKFILL_AUTO
2026-06-19 08:40:38,1781858438,R_10,4844.311,-1,0.018000000000029104,BACKFILL_AUTO
2026-06-19 08:40:40,1781858440,R_10,4844.192,-1,0.11899999999968713,BACKFILL_AUTO
2026-06-19 08:40:42,1781858442,R_10,4844.132,-1,0.06000000000040018,BACKFILL_AUTO
2026-06-19 08:40:44,1781858444,R_10,4844.108,-1,0.023999999999432475,BACKFILL_AUTO
2026-06-19 08:40:46,1781858446,R_10,4844.195,1,0.08699999999953434,BACKFILL_AUTO
2026-06-19 08:40:48,1781858448,R_10,4844.422,1,0.22699999999986176,BACKFILL_AUTO
2026-06-19 08:40:50,1781858450,R_10,4844.673,1,0.2510000000002037,BACKFILL_AUTO
2026-06-19 08:40:52,1781858452,R_10,4844.516,-1,0.1570000000001528,BACKFILL_AUTO
2026-06-19 08:40:54,1781858454,R_10,4844.411,-1,0.10499999999956344,BACKFILL_AUTO
2026-06-19 08:40:56,1781858456,R_10,4844.349,-1,0.06199999999989814,BACKFILL_AUTO
2026-06-19 08:40:58,1781858458,R_10,4844.243,-1,0.10599999999976717,BACKFILL_AUTO
2026-06-19 08:41:00,1781858460,R_10,4844.053,-1,0.19000000000050932,BACKFILL_AUTO
2026-06-19 08:41:02,1781858462,R_10,4844.28,1,0.22699999999986176,BACKFILL_AUTO
2026-06-19 08:41:04,1781858464,R_10,4844.481,1,0.20100000000002183,BACKFILL_AUTO
2026-06-19 08:41:06,1781858466,R_10,4844.574,1,0.0929999999998472,BACKFILL_AUTO
2026-06-19 08:41:08,1781858468,R_10,4844.492,-1,0.0819999999994252,BACKFILL_AUTO
2026-06-19 08:41:10,1781858470,R_10,4844.58,1,0.08799999999973807,BACKFILL_AUTO
2026-06-19 08:41:12,1781858472,R_10,4844.38,-1,0.1999999999998181,BACKFILL_AUTO
2026-06-19 08:41:14,1781858474,R_10,4844.385,1,0.005000000000109139,BACKFILL_AUTO
2026-06-19 08:41:16,1781858476,R_10,4844.285,-1,0.1000000000003638,BACKFILL_AUTO
2026-06-19 08:41:18,1781858478,R_10,4844.391,1,0.10599999999976717,BACKFILL_AUTO
2026-06-19 08:41:20,1781858480,R_10,4844.489,1,0.09799999999995634,BACKFILL_AUTO
2026-06-19 08:41:22,1781858482,R_10,4844.451,-1,0.03799999999955617,BACKFILL_AUTO
2026-06-19 08:41:24,1781858484,R_10,4844.358,-1,0.0929999999998472,BACKFILL_AUTO
2026-06-19 08:41:26,1781858486,R_10,4844.363,1,0.005000000000109139,BACKFILL_AUTO
2026-06-19 08:41:28,1781858488,R_10,4844.522,1,0.15899999999965075,BACKFILL_AUTO
2026-06-19 08:41:30,1781858490,R_10,4844.438,-1,0.08399999999983265,BACKFILL_AUTO
2026-06-19 08:41:32,1781858492,R_10,4844.502,1,0.06400000000030559,BACKFILL_AUTO
2026-06-19 08:41:34,1781858494,R_10,4844.54,1,0.03799999999955617,BACKFILL_AUTO
2026-06-19 08:41:36,1781858496,R_10,4844.657,1,0.11700000000018917,BACKFILL_AUTO
2026-06-19 08:41:38,1781858498,R_10,4844.754,1,0.09699999999975262,BACKFILL_AUTO
2026-06-19 08:41:40,1781858500,R_10,4845.062,1,0.3079999999999927,BACKFILL_AUTO
2026-06-19 08:41:42,1781858502,R_10,4845.048,-1,0.014000000000123691,BACKFILL_AUTO
2026-06-19 08:41:44,1781858504,R_10,4844.928,-1,0.11999999999989086,BACKFILL_AUTO
2026-06-19 08:41:46,1781858506,R_10,4844.903,-1,0.024999999999636202,BACKFILL_AUTO
2026-06-19 08:41:48,1781858508,R_10,4844.926,1,0.023000000000138243,BACKFILL_AUTO
2026-06-19 08:41:50,1781858510,R_10,4844.888,-1,0.03800000000046566,BACKFILL_AUTO
2026-06-19 08:41:52,1781858512,R_10,4844.833,-1,0.05500000000029104,BACKFILL_AUTO
2026-06-19 08:41:54,1781858514,R_10,4844.86,1,0.027000000000043656,BACKFILL_AUTO
2026-06-19 08:41:56,1781858516,R_10,4845.004,1,0.14400000000023283,BACKFILL_AUTO
2026-06-19 08:41:58,1781858518,R_10,4845.006,1,0.0020000000004074536,BACKFILL_AUTO
2026-06-19 08:42:00,1781858520,R_10,4844.767,-1,0.2390000000004875,BACKFILL_AUTO
2026-06-19 08:42:02,1781858522,R_10,4844.716,-1,0.05099999999947613,BACKFILL_AUTO
2026-06-19 08:42:04,1781858524,R_10,4844.903,1,0.18699999999989814,BACKFILL_AUTO
2026-06-19 08:42:06,1781858526,R_10,4844.895,-1,0.007999999999810825,BACKFILL_AUTO
2026-06-19 08:42:08,1781858528,R_10,4844.861,-1,0.03400000000056025,BACKFILL_AUTO
2026-06-19 08:42:10,1781858530,R_10,4844.846,-1,0.015000000000327418,BACKFILL_AUTO
2026-06-19 08:42:12,1781858532,R_10,4844.97,1,0.12400000000070577,BACKFILL_AUTO
2026-06-19 08:42:14,1781858534,R_10,4844.897,-1,0.07300000000032014,BACKFILL_AUTO
2026-06-19 08:42:16,1781858536,R_10,4844.875,-1,0.021999999999934516,BACKFILL_AUTO
2026-06-19 08:42:18,1781858538,R_10,4844.679,-1,0.1959999999999127,BACKFILL_AUTO
2026-06-19 08:42:20,1781858540,R_10,4844.573,-1,0.10599999999976717,BACKFILL_AUTO
2026-06-19 08:42:22,1781858542,R_10,4844.597,1,0.023999999999432475,BACKFILL_AUTO
2026-06-19 08:42:24,1781858544,R_10,4844.636,1,0.03900000000066939,BACKFILL_AUTO
2026-06-19 08:42:26,1781858546,R_10,4844.4,-1,0.2360000000007858,BACKFILL_AUTO
2026-06-19 08:42:28,1781858548,R_10,4844.27,-1,0.12999999999919964,BACKFILL_AUTO
2026-06-19 08:42:30,1781858550,R_10,4844.177,-1,0.0930000000007567,BACKFILL_AUTO
2026-06-19 08:42:32,1781858552,R_10,4844.112,-1,0.06499999999959982,BACKFILL_AUTO
2026-06-19 08:42:34,1781858554,R_10,4844.233,1,0.12100000000009459,BACKFILL_AUTO
2026-06-19 08:42:36,1781858556,R_10,4844.268,1,0.03499999999985448,BACKFILL_AUTO
2026-06-19 08:42:38,1781858558,R_10,4844.178,-1,0.09000000000014552,BACKFILL_AUTO
2026-06-19 08:42:40,1781858560,R_10,4844.175,-1,0.0029999999997016857,BACKFILL_AUTO
2026-06-19 08:42:42,1781858562,R_10,4844.212,1,0.037000000000261934,BACKFILL_AUTO
2026-06-19 08:42:44,1781858564,R_10,4844.362,1,0.1499999999996362,BACKFILL_AUTO
2026-06-19 08:42:46,1781858566,R_10,4844.445,1,0.08299999999962893,BACKFILL_AUTO
2026-06-19 08:42:48,1781858568,R_10,4844.249,-1,0.1959999999999127,BACKFILL_AUTO
2026-06-19 08:42:50,1781858570,R_10,4844.12,-1,0.1289999999999054,BACKFILL_AUTO
2026-06-19 08:42:52,1781858572,R_10,4843.924,-1,0.1959999999999127,BACKFILL_AUTO
2026-06-19 08:42:54,1781858574,R_10,4843.805,-1,0.11899999999968713,BACKFILL_AUTO
2026-06-19 08:42:56,1781858576,R_10,4843.591,-1,0.2139999999999418,BACKFILL_AUTO
2026-06-19 08:42:58,1781858578,R_10,4843.541,-1,0.0500000000001819,BACKFILL_AUTO
2026-06-19 08:43:00,1781858580,R_10,4843.479,-1,0.06199999999989814,BACKFILL_AUTO
2026-06-19 08:43:02,1781858582,R_10,4843.44,-1,0.03900000000066939,BACKFILL_AUTO
2026-06-19 08:43:04,1781858584,R_10,4843.303,-1,0.13699999999971624,BACKFILL_AUTO
2026-06-19 08:43:06,1781858586,R_10,4843.384,1,0.08100000000013097,BACKFILL_AUTO
2026-06-19 08:43:08,1781858588,R_10,4843.48,1,0.09599999999954889,BACKFILL_AUTO
2026-06-19 08:43:10,1781858590,R_10,4843.379,-1,0.10099999999965803,BACKFILL_AUTO
2026-06-19 08:43:12,1781858592,R_10,4843.302,-1,0.07700000000022555,BACKFILL_AUTO
2026-06-19 08:43:14,1781858594,R_10,4843.424,1,0.12200000000029831,BACKFILL_AUTO
2026-06-19 08:43:16,1781858596,R_10,4843.482,1,0.057999999999992724,BACKFILL_AUTO
2026-06-19 08:43:18,1781858598,R_10,4843.711,1,0.2290000000002692,BACKFILL_AUTO
2026-06-19 08:43:20,1781858600,R_10,4843.482,-1,0.2290000000002692,BACKFILL_AUTO
2026-06-19 08:43:22,1781858602,R_10,4843.525,1,0.042999999999665306,BACKFILL_AUTO
2026-06-19 08:43:24,1781858604,R_10,4843.505,-1,0.019999999999527063,BACKFILL_AUTO
2026-06-19 08:43:26,1781858606,R_10,4843.614,1,0.10899999999946886,BACKFILL_AUTO
2026-06-19 08:43:28,1781858608,R_10,4843.641,1,0.027000000000043656,BACKFILL_AUTO
2026-06-19 08:43:30,1781858610,R_10,4843.522,-1,0.11899999999968713,BACKFILL_AUTO
2026-06-19 08:43:32,1781858612,R_10,4843.562,1,0.03999999999996362,BACKFILL_AUTO
2026-06-19 08:43:34,1781858614,R_10,4843.534,-1,0.028000000000247383,BACKFILL_AUTO
2026-06-19 08:43:36,1781858616,R_10,4843.427,-1,0.1069999999999709,BACKFILL_AUTO
2026-06-19 08:43:38,1781858618,R_10,4843.282,-1,0.14499999999952706,BACKFILL_AUTO
2026-06-19 08:43:40,1781858620,R_10,4843.447,1,0.16499999999996362,BACKFILL_AUTO
2026-06-19 08:43:42,1781858622,R_10,4843.554,1,0.1069999999999709,BACKFILL_AUTO
2026-06-19 08:43:44,1781858624,R_10,4843.697,1,0.1430000000000291,BACKFILL_AUTO
2026-06-19 08:43:46,1781858626,R_10,4843.823,1,0.12600000000020373,BACKFILL_AUTO
2026-06-19 08:43:48,1781858628,R_10,4843.626,-1,0.19700000000011642,BACKFILL_AUTO
2026-06-19 08:43:50,1781858630,R_10,4843.465,-1,0.1610000000000582,BACKFILL_AUTO
2026-06-19 08:43:52,1781858632,R_10,4843.566,1,0.10099999999965803,BACKFILL_AUTO
2026-06-19 08:43:54,1781858634,R_10,4843.569,1,0.0030000000006111804,BACKFILL_AUTO
2026-06-19 08:43:56,1781858636,R_10,4843.68,1,0.11099999999987631,BACKFILL_AUTO
2026-06-19 08:43:58,1781858638,R_10,4843.498,-1,0.1820000000006985,BACKFILL_AUTO
2026-06-19 08:44:00,1781858640,R_10,4843.489,-1,0.009000000000014552,BACKFILL_AUTO
2026-06-19 08:44:02,1781858642,R_10,4843.608,1,0.11900000000059663,BACKFILL_AUTO
2026-06-19 08:44:04,1781858644,R_10,4843.608,0,0.0,BACKFILL_AUTO
2026-06-19 08:44:06,1781858646,R_10,4843.647,1,0.03899999999975989,BACKFILL_AUTO
2026-06-19 08:44:08,1781858648,R_10,4843.7,1,0.052999999999883585,BACKFILL_AUTO
2026-06-19 08:44:10,1781858650,R_10,4843.753,1,0.052999999999883585,BACKFILL_AUTO
2026-06-19 08:44:12,1781858652,R_10,4843.923,1,0.17000000000007276,BACKFILL_AUTO
2026-06-19 08:44:14,1781858654,R_10,4843.843,-1,0.07999999999992724,BACKFILL_AUTO
2026-06-19 08:44:16,1781858656,R_10,4843.909,1,0.06599999999980355,BACKFILL_AUTO
2026-06-19 08:44:18,1781858658,R_10,4843.902,-1,0.006999999999607098,BACKFILL_AUTO
2026-06-19 08:44:20,1781858660,R_10,4844.043,1,0.14099999999962165,BACKFILL_AUTO
2026-06-19 08:44:22,1781858662,R_10,4844.138,1,0.09500000000025466,BACKFILL_AUTO
2026-06-19 08:44:24,1781858664,R_10,4844.061,-1,0.07700000000022555,BACKFILL_AUTO
2026-06-19 08:44:26,1781858666,R_10,4844.114,1,0.052999999999883585,BACKFILL_AUTO
2026-06-19 08:44:28,1781858668,R_10,4843.985,-1,0.1289999999999054,BACKFILL_AUTO
2026-06-19 08:44:30,1781858670,R_10,4844.1,1,0.11500000000069122,BACKFILL_AUTO
2026-06-19 08:44:32,1781858672,R_10,4844.055,-1,0.04500000000007276,BACKFILL_AUTO
2026-06-19 08:44:34,1781858674,R_10,4843.995,-1,0.06000000000040018,BACKFILL_AUTO
2026-06-19 08:44:36,1781858676,R_10,4844.153,1,0.15800000000035652,BACKFILL_AUTO
2026-06-19 08:44:38,1781858678,R_10,4844.16,1,0.006999999999607098,BACKFILL_AUTO
2026-06-19 08:44:40,1781858680,R_10,4844.303,1,0.1430000000000291,BACKFILL_AUTO
2026-06-19 08:44:42,1781858682,R_10,4844.219,-1,0.08399999999983265,BACKFILL_AUTO
2026-06-19 08:44:44,1781858684,R_10,4844.304,1,0.08500000000003638,BACKFILL_AUTO
2026-06-19 08:44:46,1781858686,R_10,4844.316,1,0.011999999999716238,BACKFILL_AUTO
2026-06-19 08:44:48,1781858688,R_10,4844.312,-1,0.0039999999999054126,BACKFILL_AUTO
2026-06-19 08:44:50,1781858690,R_10,4844.376,1,0.06400000000030559,BACKFILL_AUTO
2026-06-19 08:44:52,1781858692,R_10,4844.396,1,0.019999999999527063,BACKFILL_AUTO
2026-06-19 08:44:54,1781858694,R_10,4844.441,1,0.04500000000007276,BACKFILL_AUTO
2026-06-19 08:44:56,1781858696,R_10,4844.384,-1,0.056999999999789,BACKFILL_AUTO
2026-06-19 08:44:58,1781858698,R_10,4844.449,1,0.06499999999959982,BACKFILL_AUTO
2026-06-19 08:45:00,1781858700,R_10,4844.575,1,0.12600000000020373,BACKFILL_AUTO
2026-06-19 08:45:02,1781858702,R_10,4844.476,-1,0.09900000000016007,BACKFILL_AUTO
2026-06-19 08:45:04,1781858704,R_10,4844.454,-1,0.021999999999934516,BACKFILL_AUTO
2026-06-19 08:45:06,1781858706,R_10,4844.451,-1,0.0029999999997016857,BACKFILL_AUTO
2026-06-19 08:45:08,1781858708,R_10,4844.481,1,0.02999999999974534,BACKFILL_AUTO
2026-06-19 08:45:10,1781858710,R_10,4844.43,-1,0.05099999999947613,BACKFILL_AUTO
2026-06-19 08:45:12,1781858712,R_10,4844.29,-1,0.14000000000032742,BACKFILL_AUTO
2026-06-19 08:45:14,1781858714,R_10,4844.22,-1,0.06999999999970896,BACKFILL_AUTO
2026-06-19 08:45:16,1781858716,R_10,4844.181,-1,0.03900000000066939,BACKFILL_AUTO
2026-06-19 08:45:18,1781858718,R_10,4844.124,-1,0.056999999999789,BACKFILL_AUTO
2026-06-19 08:45:20,1781858720,R_10,4844.103,-1,0.02099999999973079,BACKFILL_AUTO
2026-06-19 08:45:22,1781858722,R_10,4844.091,-1,0.011999999999716238,BACKFILL_AUTO
2026-06-19 08:45:24,1781858724,R_10,4844.302,1,0.2109999999993306,BACKFILL_AUTO
2026-06-19 08:45:26,1781858726,R_10,4844.312,1,0.010000000000218279,BACKFILL_AUTO
2026-06-19 08:45:28,1781858728,R_10,4844.424,1,0.11200000000008004,BACKFILL_AUTO
2026-06-19 08:45:30,1781858730,R_10,4844.327,-1,0.09699999999975262,BACKFILL_AUTO
2026-06-19 08:45:32,1781858732,R_10,4844.506,1,0.1790000000000873,BACKFILL_AUTO
2026-06-19 08:45:34,1781858734,R_10,4844.595,1,0.08899999999994179,BACKFILL_AUTO
2026-06-19 08:45:36,1781858736,R_10,4844.525,-1,0.07000000000061846,BACKFILL_AUTO
2026-06-19 08:45:38,1781858738,R_10,4844.578,1,0.05300000000079308,BACKFILL_AUTO
2026-06-19 08:45:40,1781858740,R_10,4844.411,-1,0.16700000000037107,BACKFILL_AUTO
2026-06-19 08:45:42,1781858742,R_10,4844.275,-1,0.136000000000422,BACKFILL_AUTO
2026-06-19 08:45:44,1781858744,R_10,4844.521,1,0.2460000000000946,BACKFILL_AUTO
2026-06-19 08:45:46,1781858746,R_10,4844.381,-1,0.13999999999941792,BACKFILL_AUTO
2026-06-19 08:45:48,1781858748,R_10,4844.466,1,0.08500000000003638,BACKFILL_AUTO
2026-06-19 08:45:50,1781858750,R_10,4844.412,-1,0.05400000000008731,BACKFILL_AUTO
2026-06-19 08:45:52,1781858752,R_10,4844.26,-1,0.15200000000004366,BACKFILL_AUTO
2026-06-19 08:45:54,1781858754,R_10,4844.107,-1,0.15300000000024738,BACKFILL_AUTO
2026-06-19 08:45:56,1781858756,R_10,4844.087,-1,0.019999999999527063,BACKFILL_AUTO
2026-06-19 08:45:58,1781858758,R_10,4844.342,1,0.25499999999919964,BACKFILL_AUTO
2026-06-19 08:46:00,1781858760,R_10,4844.238,-1,0.10399999999935972,BACKFILL_AUTO
2026-06-19 08:46:02,1781858762,R_10,4844.307,1,0.06899999999950523,BACKFILL_AUTO
2026-06-19 08:46:04,1781858764,R_10,4844.262,-1,0.04500000000007276,BACKFILL_AUTO
2026-06-19 08:46:06,1781858766,R_10,4844.105,-1,0.1570000000001528,BACKFILL_AUTO
2026-06-19 08:46:08,1781858768,R_10,4844.169,1,0.06400000000030559,BACKFILL_AUTO
2026-06-19 08:46:10,1781858770,R_10,4844.221,1,0.05199999999967986,BACKFILL_AUTO
2026-06-19 08:46:12,1781858772,R_10,4844.166,-1,0.054999999999381544,BACKFILL_AUTO
2026-06-19 08:46:14,1781858774,R_10,4844.203,1,0.037000000000261934,BACKFILL_AUTO
2026-06-19 08:46:16,1781858776,R_10,4844.254,1,0.05099999999947613,BACKFILL_AUTO
2026-06-19 08:46:18,1781858778,R_10,4844.096,-1,0.15800000000035652,BACKFILL_AUTO
2026-06-19 08:46:20,1781858780,R_10,4844.001,-1,0.09499999999934516,BACKFILL_AUTO
2026-06-19 08:46:22,1781858782,R_10,4844.024,1,0.023000000000138243,BACKFILL_AUTO
2026-06-19 08:46:24,1781858784,R_10,4843.835,-1,0.1890000000003056,BACKFILL_AUTO
2026-06-19 08:46:26,1781858786,R_10,4843.978,1,0.1430000000000291,BACKFILL_AUTO
2026-06-19 08:46:28,1781858788,R_10,4844.024,1,0.046000000000276486,BACKFILL_AUTO
2026-06-19 08:46:30,1781858790,R_10,4844.017,-1,0.007000000000516593,BACKFILL_AUTO
2026-06-19 08:46:32,1781858792,R_10,4843.772,-1,0.24499999999989086,BACKFILL_AUTO
2026-06-19 08:46:34,1781858794,R_10,4843.689,-1,0.08299999999962893,BACKFILL_AUTO
2026-06-19 08:46:36,1781858796,R_10,4843.699,1,0.009999999999308784,BACKFILL_AUTO
2026-06-19 08:46:38,1781858798,R_10,4843.841,1,0.14200000000073487,BACKFILL_AUTO
2026-06-19 08:46:40,1781858800,R_10,4844.009,1,0.1679999999996653,BACKFILL_AUTO
2026-06-19 08:46:42,1781858802,R_10,4844.001,-1,0.007999999999810825,BACKFILL_AUTO
2026-06-19 08:46:44,1781858804,R_10,4843.966,-1,0.03499999999985448,BACKFILL_AUTO
2026-06-19 08:46:46,1781858806,R_10,4843.884,-1,0.0820000000003347,BACKFILL_AUTO
2026-06-19 08:46:48,1781858808,R_10,4843.923,1,0.03899999999975989,BACKFILL_AUTO
2026-06-19 08:46:50,1781858810,R_10,4843.887,-1,0.03600000000005821,BACKFILL_AUTO
2026-06-19 08:46:52,1781858812,R_10,4843.905,1,0.018000000000029104,BACKFILL_AUTO
2026-06-19 08:46:54,1781858814,R_10,4843.928,1,0.023000000000138243,BACKFILL_AUTO
2026-06-19 08:46:56,1781858816,R_10,4843.986,1,0.057999999999992724,BACKFILL_AUTO
2026-06-19 08:46:58,1781858818,R_10,4844.106,1,0.11999999999989086,BACKFILL_AUTO
2026-06-19 08:47:00,1781858820,R_10,4844.039,-1,0.06700000000000728,BACKFILL_AUTO
2026-06-19 08:47:02,1781858822,R_10,4843.867,-1,0.17199999999957072,BACKFILL_AUTO
2026-06-19 08:47:04,1781858824,R_10,4843.893,1,0.02599999999983993,BACKFILL_AUTO
2026-06-19 08:47:06,1781858826,R_10,4844.052,1,0.15899999999965075,BACKFILL_AUTO
2026-06-19 08:47:08,1781858828,R_10,4843.891,-1,0.1610000000000582,BACKFILL_AUTO
2026-06-19 08:47:10,1781858830,R_10,4843.813,-1,0.07799999999951979,BACKFILL_AUTO
2026-06-19 08:47:12,1781858832,R_10,4843.837,1,0.02400000000034197,BACKFILL_AUTO
2026-06-19 08:47:14,1781858834,R_10,4843.822,-1,0.015000000000327418,BACKFILL_AUTO
2026-06-19 08:47:16,1781858836,R_10,4843.787,-1,0.03499999999985448,BACKFILL_AUTO
2026-06-19 08:47:18,1781858838,R_10,4843.74,-1,0.04700000000048021,BACKFILL_AUTO
2026-06-19 08:47:20,1781858840,R_10,4843.628,-1,0.11200000000008004,BACKFILL_AUTO
2026-06-19 08:47:22,1781858842,R_10,4843.569,-1,0.058999999999286956,BACKFILL_AUTO
2026-06-19 08:47:24,1781858844,R_10,4843.672,1,0.10299999999915599,BACKFILL_AUTO
2026-06-19 08:47:26,1781858846,R_10,4843.73,1,0.057999999999992724,BACKFILL_AUTO
2026-06-19 08:47:28,1781858848,R_10,4843.73,0,0.0,BACKFILL_AUTO
2026-06-19 08:47:30,1781858850,R_10,4843.575,-1,0.15499999999974534,BACKFILL_AUTO
2026-06-19 08:47:32,1781858852,R_10,4843.424,-1,0.15099999999983993,BACKFILL_AUTO
2026-06-19 08:47:34,1781858854,R_10,4843.34,-1,0.08399999999983265,BACKFILL_AUTO
2026-06-19 08:47:36,1781858856,R_10,4843.353,1,0.012999999999919964,BACKFILL_AUTO
2026-06-19 08:47:38,1781858858,R_10,4843.235,-1,0.1180000000003929,BACKFILL_AUTO
2026-06-19 08:47:40,1781858860,R_10,4843.274,1,0.03900000000066939,BACKFILL_AUTO
2026-06-19 08:47:42,1781858862,R_10,4843.122,-1,0.15200000000004366,BACKFILL_AUTO
2026-06-19 08:47:44,1781858864,R_10,4843.061,-1,0.061000000000603904,BACKFILL_AUTO
2026-06-19 08:47:46,1781858866,R_10,4842.962,-1,0.09899999999925058,BACKFILL_AUTO
2026-06-19 08:47:48,1781858868,R_10,4842.912,-1,0.0500000000001819,BACKFILL_AUTO
2026-06-19 08:47:50,1781858870,R_10,4842.857,-1,0.05500000000029104,BACKFILL_AUTO
2026-06-19 08:47:52,1781858872,R_10,4842.753,-1,0.10400000000026921,BACKFILL_AUTO
2026-06-19 08:47:54,1781858874,R_10,4842.707,-1,0.04599999999936699,BACKFILL_AUTO
2026-06-19 08:47:56,1781858876,R_10,4842.48,-1,0.22700000000077125,BACKFILL_AUTO
2026-06-19 08:47:58,1781858878,R_10,4842.335,-1,0.14499999999952706,BACKFILL_AUTO
2026-06-19 08:48:00,1781858880,R_10,4842.147,-1,0.18800000000010186,BACKFILL_AUTO
2026-06-19 08:48:02,1781858882,R_10,4842.066,-1,0.08100000000013097,BACKFILL_AUTO
2026-06-19 08:48:04,1781858884,R_10,4842.109,1,0.0430000000005748,BACKFILL_AUTO
2026-06-19 08:48:06,1781858886,R_10,4842.154,1,0.04500000000007276,BACKFILL_AUTO
2026-06-19 08:48:08,1781858888,R_10,4842.157,1,0.0029999999997016857,BACKFILL_AUTO
2026-06-19 08:48:10,1781858890,R_10,4842.139,-1,0.018000000000029104,BACKFILL_AUTO
2026-06-19 08:48:12,1781858892,R_10,4842.081,-1,0.057999999999992724,BACKFILL_AUTO
2026-06-19 08:48:14,1781858894,R_10,4842.019,-1,0.06199999999989814,BACKFILL_AUTO
2026-06-19 08:48:16,1781858896,R_10,4842.005,-1,0.014000000000123691,BACKFILL_AUTO
2026-06-19 08:48:18,1781858898,R_10,4842.034,1,0.028999999999541615,BACKFILL_AUTO
2026-06-19 08:48:20,1781858900,R_10,4842.028,-1,0.0059999999994033715,BACKFILL_AUTO
2026-06-19 08:48:22,1781858902,R_10,4842.209,1,0.18099999999958527,BACKFILL_AUTO
2026-06-19 08:48:24,1781858904,R_10,4842.225,1,0.016000000000531145,BACKFILL_AUTO
2026-06-19 08:48:26,1781858906,R_10,4842.074,-1,0.15100000000074942,BACKFILL_AUTO
2026-06-19 08:48:28,1781858908,R_10,4842.29,1,0.21600000000034925,BACKFILL_AUTO
2026-06-19 08:48:30,1781858910,R_10,4842.399,1,0.10900000000037835,BACKFILL_AUTO
2026-06-19 08:48:32,1781858912,R_10,4842.311,-1,0.08800000000064756,BACKFILL_AUTO
2026-06-19 08:48:34,1781858914,R_10,4842.13,-1,0.18099999999958527,BACKFILL_AUTO
2026-06-19 08:48:36,1781858916,R_10,4842.15,1,0.019999999999527063,BACKFILL_AUTO
2026-06-19 08:48:38,1781858918,R_10,4842.056,-1,0.09400000000005093,BACKFILL_AUTO
2026-06-19 08:48:40,1781858920,R_10,4842.386,1,0.33000000000083674,BACKFILL_AUTO
2026-06-19 08:48:42,1781858922,R_10,4842.236,-1,0.1500000000005457,BACKFILL_AUTO
2026-06-19 08:48:44,1781858924,R_10,4842.106,-1,0.13000000000010914,BACKFILL_AUTO
2026-06-19 08:48:46,1781858926,R_10,4842.113,1,0.007000000000516593,BACKFILL_AUTO
2026-06-19 08:48:48,1781858928,R_10,4842.282,1,0.16899999999986903,BACKFILL_AUTO
2026-06-19 08:48:50,1781858930,R_10,4842.23,-1,0.05200000000058935,BACKFILL_AUTO
2026-06-19 08:48:52,1781858932,R_10,4842.261,1,0.031000000000858563,BACKFILL_AUTO
2026-06-19 08:48:54,1781858934,R_10,4842.059,-1,0.20200000000022555,BACKFILL_AUTO
2026-06-19 08:48:56,1781858936,R_10,4841.973,-1,0.0860000000002401,BACKFILL_AUTO
2026-06-19 08:48:58,1781858938,R_10,4842.004,1,0.03099999999994907,BACKFILL_AUTO
2026-06-19 08:49:00,1781858940,R_10,4841.987,-1,0.016999999999825377,BACKFILL_AUTO
2026-06-19 08:49:02,1781858942,R_10,4841.979,-1,0.007999999999810825,BACKFILL_AUTO
2026-06-19 08:49:04,1781858944,R_10,4841.949,-1,0.030000000000654836,BACKFILL_AUTO
2026-06-19 08:49:06,1781858946,R_10,4841.939,-1,0.009999999999308784,BACKFILL_AUTO
2026-06-19 08:49:08,1781858948,R_10,4841.837,-1,0.10199999999986176,BACKFILL_AUTO
2026-06-19 08:49:10,1781858950,R_10,4841.871,1,0.033999999999650754,BACKFILL_AUTO
2026-06-19 08:49:12,1781858952,R_10,4841.934,1,0.06300000000010186,BACKFILL_AUTO
2026-06-19 08:49:14,1781858954,R_10,4841.891,-1,0.0430000000005748,BACKFILL_AUTO
2026-06-19 08:49:16,1781858956,R_10,4841.895,1,0.004000000000814907,BACKFILL_AUTO
2026-06-19 08:49:18,1781858958,R_10,4841.799,-1,0.09600000000045839,BACKFILL_AUTO
2026-06-19 08:49:20,1781858960,R_10,4841.948,1,0.14900000000034197,BACKFILL_AUTO
2026-06-19 08:49:22,1781858962,R_10,4842.027,1,0.07899999999972351,BACKFILL_AUTO
2026-06-19 08:49:24,1781858964,R_10,4842.057,1,0.02999999999974534,BACKFILL_AUTO
2026-06-19 08:49:26,1781858966,R_10,4842.232,1,0.1750000000001819,BACKFILL_AUTO
2026-06-19 08:49:28,1781858968,R_10,4842.199,-1,0.03300000000035652,BACKFILL_AUTO
2026-06-19 08:49:30,1781858970,R_10,4842.066,-1,0.13299999999981083,BACKFILL_AUTO
2026-06-19 08:49:32,1781858972,R_10,4841.965,-1,0.10099999999965803,BACKFILL_AUTO
2026-06-19 08:49:34,1781858974,R_10,4842.11,1,0.14499999999952706,BACKFILL_AUTO
2026-06-19 08:49:36,1781858976,R_10,4842.242,1,0.1320000000005166,BACKFILL_AUTO
2026-06-19 08:49:38,1781858978,R_10,4842.251,1,0.009000000000014552,BACKFILL_AUTO
2026-06-19 08:49:40,1781858980,R_10,4842.151,-1,0.1000000000003638,BACKFILL_AUTO
2026-06-19 08:49:42,1781858982,R_10,4842.232,1,0.08100000000013097,BACKFILL_AUTO
2026-06-19 08:49:44,1781858984,R_10,4842.147,-1,0.08500000000003638,BACKFILL_AUTO
2026-06-19 08:49:46,1781858986,R_10,4842.286,1,0.1390000000001237,BACKFILL_AUTO
2026-06-19 08:49:48,1781858988,R_10,4842.424,1,0.13799999999991996,BACKFILL_AUTO
2026-06-19 08:49:50,1781858990,R_10,4842.246,-1,0.17799999999988358,BACKFILL_AUTO
2026-06-19 08:49:52,1781858992,R_10,4842.241,-1,0.005000000000109139,BACKFILL_AUTO
2026-06-19 08:49:54,1781858994,R_10,4842.226,-1,0.015000000000327418,BACKFILL_AUTO
2026-06-19 08:49:56,1781858996,R_10,4842.275,1,0.04899999999997817,BACKFILL_AUTO
2026-06-19 08:49:58,1781858998,R_10,4842.23,-1,0.04500000000007276,BACKFILL_AUTO
2026-06-19 08:50:00,1781859000,R_10,4842.227,-1,0.0029999999997016857,BACKFILL_AUTO
2026-06-19 08:50:02,1781859002,R_10,4842.231,1,0.0039999999999054126,BACKFILL_AUTO
2026-06-19 08:50:04,1781859004,R_10,4842.312,1,0.08100000000013097,BACKFILL_AUTO
2026-06-19 08:50:06,1781859006,R_10,4842.329,1,0.016999999999825377,BACKFILL_AUTO
2026-06-19 08:50:08,1781859008,R_10,4842.428,1,0.09900000000016007,BACKFILL_AUTO
2026-06-19 08:50:10,1781859010,R_10,4842.511,1,0.08300000000053842,BACKFILL_AUTO
2026-06-19 08:50:12,1781859012,R_10,4842.551,1,0.03999999999996362,BACKFILL_AUTO
2026-06-19 08:50:14,1781859014,R_10,4842.633,1,0.0819999999994252,BACKFILL_AUTO
2026-06-19 08:50:16,1781859016,R_10,4842.515,-1,0.11799999999948341,BACKFILL_AUTO
2026-06-19 08:50:18,1781859018,R_10,4842.464,-1,0.051000000000385626,BACKFILL_AUTO
2026-06-19 08:50:20,1781859020,R_10,4842.391,-1,0.07300000000032014,BACKFILL_AUTO
2026-06-19 08:50:22,1781859022,R_10,4842.393,1,0.0020000000004074536,BACKFILL_AUTO
2026-06-19 08:50:24,1781859024,R_10,4842.38,-1,0.012999999999919964,BACKFILL_AUTO
2026-06-19 08:50:26,1781859026,R_10,4842.329,-1,0.051000000000385626,BACKFILL_AUTO
2026-06-19 08:50:28,1781859028,R_10,4842.275,-1,0.05400000000008731,BACKFILL_AUTO
2026-06-19 08:50:30,1781859030,R_10,4842.357,1,0.0820000000003347,BACKFILL_AUTO
2026-06-19 08:50:32,1781859032,R_10,4842.408,1,0.051000000000385626,BACKFILL_AUTO
2026-06-19 08:50:34,1781859034,R_10,4842.312,-1,0.09600000000045839,BACKFILL_AUTO
2026-06-19 08:50:36,1781859036,R_10,4842.318,1,0.006000000000312866,BACKFILL_AUTO
2026-06-19 08:50:38,1781859038,R_10,4842.458,1,0.13999999999941792,BACKFILL_AUTO
2026-06-19 08:50:40,1781859040,R_10,4842.481,1,0.023000000000138243,BACKFILL_AUTO
2026-06-19 08:50:42,1781859042,R_10,4842.521,1,0.03999999999996362,BACKFILL_AUTO
2026-06-19 08:50:44,1781859044,R_10,4842.44,-1,0.08100000000013097,BACKFILL_AUTO
2026-06-19 08:50:46,1781859046,R_10,4842.219,-1,0.2209999999995489,BACKFILL_AUTO
2026-06-19 08:50:48,1781859048,R_10,4842.196,-1,0.023000000000138243,BACKFILL_AUTO
2026-06-19 08:50:50,1781859050,R_10,4842.283,1,0.08700000000044383,BACKFILL_AUTO
2026-06-19 08:50:52,1781859052,R_10,4842.36,1,0.07699999999931606,BACKFILL_AUTO
2026-06-19 08:50:54,1781859054,R_10,4842.354,-1,0.0059999999994033715,BACKFILL_AUTO
2026-06-19 08:50:56,1781859056,R_10,4842.296,-1,0.057999999999992724,BACKFILL_AUTO
2026-06-19 08:50:58,1781859058,R_10,4842.303,1,0.006999999999607098,BACKFILL_AUTO
2026-06-19 08:51:00,1781859060,R_10,4842.291,-1,0.011999999999716238,BACKFILL_AUTO
2026-06-19 08:51:02,1781859062,R_10,4842.106,-1,0.18500000000040018,BACKFILL_AUTO
2026-06-19 08:51:04,1781859064,R_10,4841.999,-1,0.1069999999999709,BACKFILL_AUTO
2026-06-19 08:51:06,1781859066,R_10,4842.049,1,0.0500000000001819,BACKFILL_AUTO
2026-06-19 08:51:08,1781859068,R_10,4842.171,1,0.12200000000029831,BACKFILL_AUTO
2026-06-19 08:51:10,1781859070,R_10,4842.307,1,0.1359999999995125,BACKFILL_AUTO
2026-06-19 08:51:12,1781859072,R_10,4842.247,-1,0.05999999999949068,BACKFILL_AUTO
2026-06-19 08:51:14,1781859074,R_10,4842.312,1,0.06499999999959982,BACKFILL_AUTO
2026-06-19 08:51:16,1781859076,R_10,4842.295,-1,0.016999999999825377,BACKFILL_AUTO
2026-06-19 08:51:18,1781859078,R_10,4842.311,1,0.01599999999962165,BACKFILL_AUTO
2026-06-19 08:51:20,1781859080,R_10,4842.191,-1,0.11999999999989086,BACKFILL_AUTO
2026-06-19 08:51:22,1781859082,R_10,4842.029,-1,0.16199999999935244,BACKFILL_AUTO
2026-06-19 08:51:24,1781859084,R_10,4842.181,1,0.15199999999913416,BACKFILL_AUTO
2026-06-19 08:51:26,1781859086,R_10,4842.3,1,0.11900000000059663,BACKFILL_AUTO
2026-06-19 08:51:28,1781859088,R_10,4842.126,-1,0.17399999999997817,BACKFILL_AUTO
2026-06-19 08:51:30,1781859090,R_10,4842.327,1,0.20100000000002183,BACKFILL_AUTO
2026-06-19 08:51:32,1781859092,R_10,4842.195,-1,0.1320000000005166,BACKFILL_AUTO
2026-06-19 08:51:34,1781859094,R_10,4842.15,-1,0.04500000000007276,BACKFILL_AUTO
2026-06-19 08:51:36,1781859096,R_10,4842.053,-1,0.09699999999975262,BACKFILL_AUTO
2026-06-19 08:51:38,1781859098,R_10,4841.98,-1,0.07300000000032014,BACKFILL_AUTO
2026-06-19 08:51:40,1781859100,R_10,4841.892,-1,0.08799999999973807,BACKFILL_AUTO
2026-06-19 08:51:42,1781859102,R_10,4842.013,1,0.12100000000009459,BACKFILL_AUTO
2026-06-19 08:51:44,1781859104,R_10,4841.947,-1,0.06599999999980355,BACKFILL_AUTO
2026-06-19 08:51:46,1781859106,R_10,4841.823,-1,0.12399999999979627,BACKFILL_AUTO
2026-06-19 08:51:48,1781859108,R_10,4841.801,-1,0.021999999999934516,BACKFILL_AUTO
2026-06-19 08:51:50,1781859110,R_10,4841.753,-1,0.04800000000068394,BACKFILL_AUTO
2026-06-19 08:51:52,1781859112,R_10,4841.876,1,0.12300000000050204,BACKFILL_AUTO
2026-06-19 08:51:54,1781859114,R_10,4841.923,1,0.04699999999957072,BACKFILL_AUTO
2026-06-19 08:51:56,1781859116,R_10,4842.036,1,0.11300000000028376,BACKFILL_AUTO
2026-06-19 08:51:58,1781859118,R_10,4842.074,1,0.03799999999955617,BACKFILL_AUTO
2026-06-19 08:52:00,1781859120,R_10,4841.938,-1,0.1359999999995125,BACKFILL_AUTO
2026-06-19 08:52:02,1781859122,R_10,4841.878,-1,0.06000000000040018,BACKFILL_AUTO
2026-06-19 08:52:04,1781859124,R_10,4841.599,-1,0.2789999999995416,BACKFILL_AUTO
2026-06-19 08:52:06,1781859126,R_10,4841.456,-1,0.1430000000000291,BACKFILL_AUTO
2026-06-19 08:52:08,1781859128,R_10,4841.522,1,0.06599999999980355,BACKFILL_AUTO
2026-06-19 08:52:10,1781859130,R_10,4841.572,1,0.0500000000001819,BACKFILL_AUTO
2026-06-19 08:52:12,1781859132,R_10,4841.517,-1,0.05500000000029104,BACKFILL_AUTO
2026-06-19 08:52:14,1781859134,R_10,4841.435,-1,0.0819999999994252,BACKFILL_AUTO
2026-06-19 08:52:16,1781859136,R_10,4841.419,-1,0.016000000000531145,BACKFILL_AUTO
2026-06-19 08:52:18,1781859138,R_10,4841.382,-1,0.037000000000261934,BACKFILL_AUTO
2026-06-19 08:52:20,1781859140,R_10,4841.415,1,0.03300000000035652,BACKFILL_AUTO
2026-06-19 08:52:22,1781859142,R_10,4841.495,1,0.07999999999992724,BACKFILL_AUTO
2026-06-19 08:52:24,1781859144,R_10,4841.343,-1,0.15200000000004366,BACKFILL_AUTO
2026-06-19 08:52:26,1781859146,R_10,4841.314,-1,0.028999999999541615,BACKFILL_AUTO
2026-06-19 08:52:28,1781859148,R_10,4841.197,-1,0.11700000000018917,BACKFILL_AUTO
2026-06-19 08:52:30,1781859150,R_10,4841.12,-1,0.07700000000022555,BACKFILL_AUTO
2026-06-19 08:52:32,1781859152,R_10,4841.118,-1,0.001999999999497959,BACKFILL_AUTO
2026-06-19 08:52:34,1781859154,R_10,4841.206,1,0.08799999999973807,BACKFILL_AUTO
2026-06-19 08:52:36,1781859156,R_10,4841.138,-1,0.068000000000211,BACKFILL_AUTO
2026-06-19 08:52:38,1781859158,R_10,4841.156,1,0.018000000000029104,BACKFILL_AUTO
2026-06-19 08:52:40,1781859160,R_10,4841.123,-1,0.03300000000035652,BACKFILL_AUTO
2026-06-19 08:52:42,1781859162,R_10,4841.297,1,0.17399999999997817,BACKFILL_AUTO
2026-06-19 08:52:44,1781859164,R_10,4841.405,1,0.10800000000017462,BACKFILL_AUTO
2026-06-19 08:52:46,1781859166,R_10,4841.472,1,0.06700000000000728,BACKFILL_AUTO
2026-06-19 08:52:48,1781859168,R_10,4841.239,-1,0.23300000000017462,BACKFILL_AUTO
2026-06-19 08:52:50,1781859170,R_10,4841.356,1,0.11700000000018917,BACKFILL_AUTO
2026-06-19 08:52:52,1781859172,R_10,4841.492,1,0.136000000000422,BACKFILL_AUTO
2026-06-19 08:52:54,1781859174,R_10,4841.42,-1,0.07200000000011642,BACKFILL_AUTO
2026-06-19 08:52:56,1781859176,R_10,4841.307,-1,0.11300000000028376,BACKFILL_AUTO
2026-06-19 08:52:58,1781859178,R_10,4841.387,1,0.07999999999992724,BACKFILL_AUTO
2026-06-19 08:53:00,1781859180,R_10,4841.526,1,0.1390000000001237,BACKFILL_AUTO
2026-06-19 08:53:02,1781859182,R_10,4841.412,-1,0.113999999999578,BACKFILL_AUTO
2026-06-19 08:53:04,1781859184,R_10,4841.308,-1,0.10400000000026921,BACKFILL_AUTO
2026-06-19 08:53:06,1781859186,R_10,4841.482,1,0.17399999999997817,BACKFILL_AUTO
2026-06-19 08:53:08,1781859188,R_10,4841.489,1,0.006999999999607098,BACKFILL_AUTO
2026-06-19 08:53:10,1781859190,R_10,4841.528,1,0.03900000000066939,BACKFILL_AUTO
2026-06-19 08:53:12,1781859192,R_10,4841.686,1,0.15799999999944703,BACKFILL_AUTO
2026-06-19 08:53:14,1781859194,R_10,4841.775,1,0.08899999999994179,BACKFILL_AUTO
2026-06-19 08:53:16,1781859196,R_10,4841.704,-1,0.07099999999991269,BACKFILL_AUTO
2026-06-19 08:53:18,1781859198,R_10,4841.644,-1,0.05999999999949068,BACKFILL_AUTO
2026-06-19 08:53:20,1781859200,R_10,4841.667,1,0.023000000000138243,BACKFILL_AUTO
2026-06-19 08:53:22,1781859202,R_10,4841.708,1,0.04099999999925785,BACKFILL_AUTO
2026-06-19 08:53:24,1781859204,R_10,4841.598,-1,0.10999999999967258,BACKFILL_AUTO
2026-06-19 08:53:26,1781859206,R_10,4841.458,-1,0.14000000000032742,BACKFILL_AUTO
2026-06-19 08:53:28,1781859208,R_10,4841.228,-1,0.22999999999956344,BACKFILL_AUTO
2026-06-19 08:53:30,1781859210,R_10,4841.19,-1,0.03800000000046566,BACKFILL_AUTO
2026-06-19 08:53:32,1781859212,R_10,4841.139,-1,0.05099999999947613,BACKFILL_AUTO
2026-06-19 08:53:34,1781859214,R_10,4841.14,1,0.0010000000002037268,BACKFILL_AUTO
2026-06-19 08:53:36,1781859216,R_10,4841.122,-1,0.018000000000029104,BACKFILL_AUTO
2026-06-19 08:53:38,1781859218,R_10,4841.259,1,0.13699999999971624,BACKFILL_AUTO
2026-06-19 08:53:40,1781859220,R_10,4841.188,-1,0.07099999999991269,BACKFILL_AUTO
2026-06-19 08:53:42,1781859222,R_10,4841.039,-1,0.14900000000034197,BACKFILL_AUTO
2026-06-19 08:53:44,1781859224,R_10,4841.127,1,0.08800000000064756,BACKFILL_AUTO
2026-06-19 08:53:46,1781859226,R_10,4841.104,-1,0.023000000000138243,BACKFILL_AUTO
2026-06-19 08:53:48,1781859228,R_10,4841.1,-1,0.0039999999999054126,BACKFILL_AUTO
2026-06-19 08:53:50,1781859230,R_10,4841.14,1,0.03999999999996362,BACKFILL_AUTO
2026-06-19 08:53:52,1781859232,R_10,4841.01,-1,0.13000000000010914,BACKFILL_AUTO
2026-06-19 08:53:54,1781859234,R_10,4841.049,1,0.03899999999975989,BACKFILL_AUTO
2026-06-19 08:53:56,1781859236,R_10,4841.101,1,0.05199999999967986,BACKFILL_AUTO
2026-06-19 08:53:58,1781859238,R_10,4841.077,-1,0.023999999999432475,BACKFILL_AUTO
2026-06-19 08:54:00,1781859240,R_10,4841.139,1,0.06199999999989814,BACKFILL_AUTO
2026-06-19 08:54:02,1781859242,R_10,4841.252,1,0.11300000000028376,BACKFILL_AUTO
2026-06-19 08:54:04,1781859244,R_10,4841.238,-1,0.014000000000123691,BACKFILL_AUTO
2026-06-19 08:54:06,1781859246,R_10,4841.23,-1,0.00800000000072032,BACKFILL_AUTO
2026-06-19 08:54:08,1781859248,R_10,4841.414,1,0.18400000000019645,BACKFILL_AUTO
2026-06-19 08:54:10,1781859250,R_10,4841.512,1,0.09799999999995634,BACKFILL_AUTO
2026-06-19 08:54:12,1781859252,R_10,4841.517,1,0.005000000000109139,BACKFILL_AUTO
2026-06-19 08:54:14,1781859254,R_10,4841.365,-1,0.15200000000004366,BACKFILL_AUTO
2026-06-19 08:54:16,1781859256,R_10,4841.293,-1,0.07200000000011642,BACKFILL_AUTO
2026-06-19 08:54:18,1781859258,R_10,4841.598,1,0.30500000000029104,BACKFILL_AUTO
2026-06-19 08:54:20,1781859260,R_10,4841.532,-1,0.06599999999980355,BACKFILL_AUTO
2026-06-19 08:54:22,1781859262,R_10,4841.266,-1,0.26600000000053114,BACKFILL_AUTO
2026-06-19 08:54:24,1781859264,R_10,4841.294,1,0.028000000000247383,BACKFILL_AUTO
2026-06-19 08:54:26,1781859266,R_10,4841.233,-1,0.06099999999969441,BACKFILL_AUTO
2026-06-19 08:54:28,1781859268,R_10,4841.069,-1,0.1639999999997599,BACKFILL_AUTO
2026-06-19 08:54:30,1781859270,R_10,4840.93,-1,0.1390000000001237,BACKFILL_AUTO
2026-06-19 08:54:32,1781859272,R_10,4840.877,-1,0.052999999999883585,BACKFILL_AUTO
2026-06-19 08:54:34,1781859274,R_10,4840.866,-1,0.011000000000422006,BACKFILL_AUTO
2026-06-19 08:54:36,1781859276,R_10,4840.956,1,0.09000000000014552,BACKFILL_AUTO
2026-06-19 08:54:38,1781859278,R_10,4840.752,-1,0.2039999999997235,BACKFILL_AUTO
2026-06-19 08:54:40,1781859280,R_10,4840.718,-1,0.03400000000056025,BACKFILL_AUTO
2026-06-19 08:54:42,1781859282,R_10,4840.715,-1,0.0029999999997016857,BACKFILL_AUTO
2026-06-19 08:54:44,1781859284,R_10,4840.889,1,0.17399999999997817,BACKFILL_AUTO
2026-06-19 08:54:46,1781859286,R_10,4840.705,-1,0.18400000000019645,BACKFILL_AUTO
2026-06-19 08:54:48,1781859288,R_10,4840.889,1,0.18400000000019645,BACKFILL_AUTO
2026-06-19 08:54:50,1781859290,R_10,4840.79,-1,0.09900000000016007,BACKFILL_AUTO
2026-06-19 08:54:52,1781859292,R_10,4840.736,-1,0.05400000000008731,BACKFILL_AUTO
2026-06-19 08:54:54,1781859294,R_10,4840.629,-1,0.1069999999999709,BACKFILL_AUTO
2026-06-19 08:54:56,1781859296,R_10,4840.528,-1,0.10099999999965803,BACKFILL_AUTO
2026-06-19 08:54:58,1781859298,R_10,4840.558,1,0.02999999999974534,BACKFILL_AUTO
2026-06-19 08:55:00,1781859300,R_10,4840.453,-1,0.10499999999956344,BACKFILL_AUTO
2026-06-19 08:55:02,1781859302,R_10,4840.447,-1,0.006000000000312866,BACKFILL_AUTO
2026-06-19 08:55:04,1781859304,R_10,4840.463,1,0.01599999999962165,BACKFILL_AUTO
2026-06-19 08:55:06,1781859306,R_10,4840.218,-1,0.24499999999989086,BACKFILL_AUTO
2026-06-19 08:55:08,1781859308,R_10,4840.45,1,0.2319999999999709,BACKFILL_AUTO
2026-06-19 08:55:10,1781859310,R_10,4840.512,1,0.06199999999989814,BACKFILL_AUTO
2026-06-19 08:55:12,1781859312,R_10,4840.412,-1,0.0999999999994543,BACKFILL_AUTO
2026-06-19 08:55:14,1781859314,R_10,4840.368,-1,0.04399999999986903,BACKFILL_AUTO
2026-06-19 08:55:16,1781859316,R_10,4840.363,-1,0.005000000000109139,BACKFILL_AUTO
2026-06-19 08:55:18,1781859318,R_10,4840.337,-1,0.02599999999983993,BACKFILL_AUTO
2026-06-19 08:55:20,1781859320,R_10,4840.258,-1,0.07900000000063301,BACKFILL_AUTO
2026-06-19 08:55:22,1781859322,R_10,4840.223,-1,0.03499999999985448,BACKFILL_AUTO
2026-06-19 08:55:24,1781859324,R_10,4840.281,1,0.057999999999992724,BACKFILL_AUTO
2026-06-19 08:55:26,1781859326,R_10,4840.282,1,0.0010000000002037268,BACKFILL_AUTO
2026-06-19 08:55:28,1781859328,R_10,4840.206,-1,0.07600000000002183,BACKFILL_AUTO
2026-06-19 08:55:30,1781859330,R_10,4840.067,-1,0.1390000000001237,BACKFILL_AUTO
2026-06-19 08:55:32,1781859332,R_10,4840.02,-1,0.04699999999957072,BACKFILL_AUTO
2026-06-19 08:55:34,1781859334,R_10,4840.162,1,0.14199999999982538,BACKFILL_AUTO
2026-06-19 08:55:36,1781859336,R_10,4840.198,1,0.03600000000005821,BACKFILL_AUTO
2026-06-19 08:55:38,1781859338,R_10,4840.049,-1,0.14900000000034197,BACKFILL_AUTO
2026-06-19 08:55:40,1781859340,R_10,4839.98,-1,0.06900000000041473,BACKFILL_AUTO
2026-06-19 08:55:42,1781859342,R_10,4839.79,-1,0.18999999999959982,BACKFILL_AUTO
2026-06-19 08:55:44,1781859344,R_10,4839.537,-1,0.2529999999997017,BACKFILL_AUTO
2026-06-19 08:55:46,1781859346,R_10,4839.489,-1,0.04800000000068394,BACKFILL_AUTO
2026-06-19 08:55:48,1781859348,R_10,4839.554,1,0.06500000000050932,BACKFILL_AUTO
2026-06-19 08:55:50,1781859350,R_10,4839.535,-1,0.01900000000023283,BACKFILL_AUTO
2026-06-19 08:55:52,1781859352,R_10,4839.49,-1,0.04500000000007276,BACKFILL_AUTO
2026-06-19 08:55:54,1781859354,R_10,4839.456,-1,0.033999999999650754,BACKFILL_AUTO
2026-06-19 08:55:56,1781859356,R_10,4839.496,1,0.03999999999996362,BACKFILL_AUTO
2026-06-19 08:55:58,1781859358,R_10,4839.552,1,0.05599999999958527,BACKFILL_AUTO
2026-06-19 08:56:00,1781859360,R_10,4839.472,-1,0.07999999999992724,BACKFILL_AUTO
2026-06-19 08:56:02,1781859362,R_10,4839.521,1,0.04899999999997817,BACKFILL_AUTO
2026-06-19 08:56:04,1781859364,R_10,4839.352,-1,0.16899999999986903,BACKFILL_AUTO
2026-06-19 08:56:06,1781859366,R_10,4839.457,1,0.10500000000047294,BACKFILL_AUTO
2026-06-19 08:56:08,1781859368,R_10,4839.615,1,0.15799999999944703,BACKFILL_AUTO
2026-06-19 08:56:10,1781859370,R_10,4839.589,-1,0.02599999999983993,BACKFILL_AUTO
2026-06-19 08:56:12,1781859372,R_10,4839.41,-1,0.1790000000000873,BACKFILL_AUTO
2026-06-19 08:56:14,1781859374,R_10,4839.172,-1,0.23800000000028376,BACKFILL_AUTO
2026-06-19 08:56:16,1781859376,R_10,4839.165,-1,0.006999999999607098,BACKFILL_AUTO
2026-06-19 08:56:18,1781859378,R_10,4839.226,1,0.06099999999969441,BACKFILL_AUTO
2026-06-19 08:56:20,1781859380,R_10,4839.314,1,0.08800000000064756,BACKFILL_AUTO
2026-06-19 08:56:22,1781859382,R_10,4839.232,-1,0.0820000000003347,BACKFILL_AUTO
2026-06-19 08:56:24,1781859384,R_10,4839.329,1,0.09699999999975262,BACKFILL_AUTO
2026-06-19 08:56:26,1781859386,R_10,4839.481,1,0.15200000000004366,BACKFILL_AUTO
2026-06-19 08:56:28,1781859388,R_10,4839.511,1,0.030000000000654836,BACKFILL_AUTO
2026-06-19 08:56:30,1781859390,R_10,4839.306,-1,0.20500000000083674,BACKFILL_AUTO
2026-06-19 08:56:32,1781859392,R_10,4839.573,1,0.26700000000073487,BACKFILL_AUTO
2026-06-19 08:56:34,1781859394,R_10,4839.716,1,0.1430000000000291,BACKFILL_AUTO
2026-06-19 08:56:36,1781859396,R_10,4839.663,-1,0.05300000000079308,BACKFILL_AUTO
2026-06-19 08:56:38,1781859398,R_10,4839.769,1,0.10600000000067666,BACKFILL_AUTO
2026-06-19 08:56:40,1781859400,R_10,4839.77,1,0.0010000000002037268,BACKFILL_AUTO
2026-06-19 08:56:42,1781859402,R_10,4839.76,-1,0.010000000000218279,BACKFILL_AUTO
2026-06-19 08:56:44,1781859404,R_10,4839.811,1,0.05099999999947613,BACKFILL_AUTO
2026-06-19 08:56:46,1781859406,R_10,4839.896,1,0.08500000000003638,BACKFILL_AUTO
2026-06-19 08:56:48,1781859408,R_10,4839.929,1,0.03300000000035652,BACKFILL_AUTO
2026-06-19 08:56:50,1781859410,R_10,4839.78,-1,0.14900000000034197,BACKFILL_AUTO
2026-06-19 08:56:52,1781859412,R_10,4839.824,1,0.04399999999986903,BACKFILL_AUTO
2026-06-19 08:56:54,1781859414,R_10,4839.909,1,0.08500000000003638,BACKFILL_AUTO
2026-06-19 08:56:56,1781859416,R_10,4839.731,-1,0.17799999999988358,BACKFILL_AUTO
2026-06-19 08:56:58,1781859418,R_10,4839.486,-1,0.24499999999989086,BACKFILL_AUTO
2026-06-19 08:57:00,1781859420,R_10,4839.341,-1,0.14499999999952706,BACKFILL_AUTO
2026-06-19 08:57:02,1781859422,R_10,4839.334,-1,0.007000000000516593,BACKFILL_AUTO
2026-06-19 08:57:04,1781859424,R_10,4839.548,1,0.2139999999999418,BACKFILL_AUTO
2026-06-19 08:57:06,1781859426,R_10,4839.433,-1,0.11499999999978172,BACKFILL_AUTO
2026-06-19 08:57:08,1781859428,R_10,4839.33,-1,0.10300000000006548,BACKFILL_AUTO
2026-06-19 08:57:10,1781859430,R_10,4839.341,1,0.011000000000422006,BACKFILL_AUTO
2026-06-19 08:57:12,1781859432,R_10,4839.309,-1,0.032000000000152795,BACKFILL_AUTO
2026-06-19 08:57:14,1781859434,R_10,4839.244,-1,0.06500000000050932,BACKFILL_AUTO
2026-06-19 08:57:16,1781859436,R_10,4839.355,1,0.11099999999987631,BACKFILL_AUTO
2026-06-19 08:57:18,1781859438,R_10,4839.339,-1,0.01599999999962165,BACKFILL_AUTO
2026-06-19 08:57:20,1781859440,R_10,4839.255,-1,0.08399999999983265,BACKFILL_AUTO
2026-06-19 08:57:22,1781859442,R_10,4839.14,-1,0.11499999999978172,BACKFILL_AUTO
2026-06-19 08:57:24,1781859444,R_10,4839.053,-1,0.08700000000044383,BACKFILL_AUTO
2026-06-19 08:57:26,1781859446,R_10,4839.057,1,0.0039999999999054126,BACKFILL_AUTO
2026-06-19 08:57:28,1781859448,R_10,4838.917,-1,0.13999999999941792,BACKFILL_AUTO
2026-06-19 08:57:30,1781859450,R_10,4838.894,-1,0.023000000000138243,BACKFILL_AUTO
2026-06-19 08:57:32,1781859452,R_10,4839.12,1,0.22599999999965803,BACKFILL_AUTO
2026-06-19 08:57:34,1781859454,R_10,4839.055,-1,0.06499999999959982,BACKFILL_AUTO
2026-06-19 08:57:36,1781859456,R_10,4838.926,-1,0.1289999999999054,BACKFILL_AUTO
2026-06-19 08:57:38,1781859458,R_10,4839.051,1,0.125,BACKFILL_AUTO
2026-06-19 08:57:40,1781859460,R_10,4839.12,1,0.06899999999950523,BACKFILL_AUTO
2026-06-19 08:57:42,1781859462,R_10,4839.016,-1,0.10400000000026921,BACKFILL_AUTO
2026-06-19 08:57:44,1781859464,R_10,4839.104,1,0.08800000000064756,BACKFILL_AUTO
2026-06-19 08:57:46,1781859466,R_10,4839.085,-1,0.01900000000023283,BACKFILL_AUTO
2026-06-19 08:57:48,1781859468,R_10,4839.19,1,0.10499999999956344,BACKFILL_AUTO
2026-06-19 08:57:50,1781859470,R_10,4839.319,1,0.1290000000008149,BACKFILL_AUTO
2026-06-19 08:57:52,1781859472,R_10,4839.495,1,0.17599999999947613,BACKFILL_AUTO
2026-06-19 08:57:54,1781859474,R_10,4839.334,-1,0.1610000000000582,BACKFILL_AUTO
2026-06-19 08:57:56,1781859476,R_10,4839.409,1,0.0749999999998181,BACKFILL_AUTO
2026-06-19 08:57:58,1781859478,R_10,4839.453,1,0.04400000000077853,BACKFILL_AUTO
2026-06-19 08:58:00,1781859480,R_10,4839.543,1,0.08999999999923602,BACKFILL_AUTO
2026-06-19 08:58:02,1781859482,R_10,4839.667,1,0.12400000000070577,BACKFILL_AUTO
2026-06-19 08:58:04,1781859484,R_10,4839.616,-1,0.051000000000385626,BACKFILL_AUTO
2026-06-19 08:58:06,1781859486,R_10,4839.57,-1,0.046000000000276486,BACKFILL_AUTO
2026-06-19 08:58:08,1781859488,R_10,4839.532,-1,0.03799999999955617,BACKFILL_AUTO
2026-06-19 08:58:10,1781859490,R_10,4839.64,1,0.10800000000017462,BACKFILL_AUTO
2026-06-19 08:58:12,1781859492,R_10,4839.672,1,0.0319999999992433,BACKFILL_AUTO
2026-06-19 08:58:14,1781859494,R_10,4839.642,-1,0.02999999999974534,BACKFILL_AUTO
2026-06-19 08:58:16,1781859496,R_10,4839.466,-1,0.17599999999947613,BACKFILL_AUTO
2026-06-19 08:58:18,1781859498,R_10,4839.551,1,0.08500000000003638,BACKFILL_AUTO
2026-06-19 08:58:20,1781859500,R_10,4839.765,1,0.2139999999999418,BACKFILL_AUTO
2026-06-19 08:58:22,1781859502,R_10,4839.79,1,0.024999999999636202,BACKFILL_AUTO
2026-06-19 08:58:24,1781859504,R_10,4839.807,1,0.016999999999825377,BACKFILL_AUTO
2026-06-19 08:58:26,1781859506,R_10,4839.71,-1,0.09699999999975262,BACKFILL_AUTO
2026-06-19 08:58:28,1781859508,R_10,4839.743,1,0.03300000000035652,BACKFILL_AUTO
2026-06-19 08:58:30,1781859510,R_10,4839.688,-1,0.05500000000029104,BACKFILL_AUTO
2026-06-19 08:58:32,1781859512,R_10,4839.876,1,0.18800000000010186,BACKFILL_AUTO
2026-06-19 08:58:34,1781859514,R_10,4839.991,1,0.11499999999978172,BACKFILL_AUTO
2026-06-19 08:58:36,1781859516,R_10,4839.88,-1,0.11099999999987631,BACKFILL_AUTO
2026-06-19 08:58:38,1781859518,R_10,4839.786,-1,0.09400000000005093,BACKFILL_AUTO
2026-06-19 08:58:40,1781859520,R_10,4839.964,1,0.17799999999988358,BACKFILL_AUTO
2026-06-19 08:58:42,1781859522,R_10,4840.023,1,0.05900000000019645,BACKFILL_AUTO
2026-06-19 08:58:44,1781859524,R_10,4840.186,1,0.16299999999955617,BACKFILL_AUTO
2026-06-19 08:58:46,1781859526,R_10,4840.097,-1,0.08899999999994179,BACKFILL_AUTO
2026-06-19 08:58:48,1781859528,R_10,4840.15,1,0.052999999999883585,BACKFILL_AUTO
2026-06-19 08:58:50,1781859530,R_10,4840.35,1,0.2000000000007276,BACKFILL_AUTO
2026-06-19 08:58:52,1781859532,R_10,4840.328,-1,0.021999999999934516,BACKFILL_AUTO
2026-06-19 08:58:54,1781859534,R_10,4840.503,1,0.1749999999992724,BACKFILL_AUTO
2026-06-19 08:58:56,1781859536,R_10,4840.601,1,0.09799999999995634,BACKFILL_AUTO
2026-06-19 08:58:58,1781859538,R_10,4840.617,1,0.016000000000531145,BACKFILL_AUTO
2026-06-19 08:59:00,1781859540,R_10,4840.431,-1,0.1860000000006039,BACKFILL_AUTO
2026-06-19 08:59:02,1781859542,R_10,4840.641,1,0.21000000000003638,BACKFILL_AUTO
2026-06-19 08:59:04,1781859544,R_10,4840.567,-1,0.07399999999961437,BACKFILL_AUTO
2026-06-19 08:59:06,1781859546,R_10,4840.813,1,0.2460000000000946,BACKFILL_AUTO
2026-06-19 08:59:08,1781859548,R_10,4840.806,-1,0.007000000000516593,BACKFILL_AUTO
2026-06-19 08:59:10,1781859550,R_10,4840.946,1,0.14000000000032742,BACKFILL_AUTO
2026-06-19 08:59:12,1781859552,R_10,4841.0,1,0.05400000000008731,BACKFILL_AUTO
2026-06-19 08:59:14,1781859554,R_10,4841.005,1,0.005000000000109139,BACKFILL_AUTO
2026-06-19 08:59:16,1781859556,R_10,4840.977,-1,0.028000000000247383,BACKFILL_AUTO
2026-06-19 08:59:18,1781859558,R_10,4840.697,-1,0.27999999999974534,BACKFILL_AUTO
2026-06-19 08:59:20,1781859560,R_10,4840.456,-1,0.24099999999998545,BACKFILL_AUTO
2026-06-19 08:59:22,1781859562,R_10,4840.398,-1,0.057999999999992724,BACKFILL_AUTO
2026-06-19 08:59:24,1781859564,R_10,4840.296,-1,0.10199999999986176,BACKFILL_AUTO
2026-06-19 08:59:26,1781859566,R_10,4840.317,1,0.02099999999973079,BACKFILL_AUTO
2026-06-19 08:59:28,1781859568,R_10,4840.49,1,0.17299999999977445,BACKFILL_AUTO
2026-06-19 08:59:30,1781859570,R_10,4840.306,-1,0.18400000000019645,BACKFILL_AUTO
2026-06-19 08:59:32,1781859572,R_10,4840.318,1,0.012000000000625732,BACKFILL_AUTO
2026-06-19 08:59:34,1781859574,R_10,4840.305,-1,0.012999999999919964,BACKFILL_AUTO
2026-06-19 08:59:36,1781859576,R_10,4840.327,1,0.021999999999934516,BACKFILL_AUTO
2026-06-19 08:59:38,1781859578,R_10,4840.267,-1,0.06000000000040018,BACKFILL_AUTO
2026-06-19 08:59:40,1781859580,R_10,4840.22,-1,0.04699999999957072,BACKFILL_AUTO
2026-06-19 08:59:42,1781859582,R_10,4840.037,-1,0.18299999999999272,BACKFILL_AUTO
2026-06-19 08:59:44,1781859584,R_10,4840.182,1,0.14499999999952706,BACKFILL_AUTO
2026-06-19 08:59:46,1781859586,R_10,4840.344,1,0.16200000000026193,BACKFILL_AUTO
2026-06-19 08:59:48,1781859588,R_10,4840.503,1,0.15899999999965075,BACKFILL_AUTO
2026-06-19 08:59:50,1781859590,R_10,4840.604,1,0.10100000000056752,BACKFILL_AUTO
2026-06-19 08:59:52,1781859592,R_10,4840.844,1,0.23999999999978172,BACKFILL_AUTO
2026-06-19 08:59:54,1781859594,R_10,4841.033,1,0.1890000000003056,BACKFILL_AUTO
2026-06-19 08:59:56,1781859596,R_10,4840.942,-1,0.09100000000034925,BACKFILL_AUTO
2026-06-19 08:59:58,1781859598,R_10,4840.984,1,0.042000000000371074,BACKFILL_AUTO
2026-06-19 09:00:00,1781859600,R_10,4841.05,1,0.06599999999980355,BACKFILL_AUTO
2026-06-19 09:00:02,1781859602,R_10,4841.009,-1,0.04100000000016735,BACKFILL_AUTO
2026-06-19 09:00:04,1781859604,R_10,4841.001,-1,0.007999999999810825,BACKFILL_AUTO
2026-06-19 09:00:06,1781859606,R_10,4840.888,-1,0.11300000000028376,BACKFILL_AUTO
2026-06-19 09:00:08,1781859608,R_10,4840.729,-1,0.15899999999965075,BACKFILL_AUTO
2026-06-19 09:00:10,1781859610,R_10,4840.746,1,0.016999999999825377,BACKFILL_AUTO
2026-06-19 09:00:12,1781859612,R_10,4840.832,1,0.0860000000002401,BACKFILL_AUTO
2026-06-19 09:00:14,1781859614,R_10,4840.963,1,0.13099999999940337,BACKFILL_AUTO
2026-06-19 09:00:16,1781859616,R_10,4841.017,1,0.05400000000008731,BACKFILL_AUTO
2026-06-19 09:00:18,1781859618,R_10,4840.904,-1,0.11299999999937427,BACKFILL_AUTO
2026-06-19 09:00:20,1781859620,R_10,4840.762,-1,0.14200000000073487,BACKFILL_AUTO
2026-06-19 09:00:22,1781859622,R_10,4840.68,-1,0.0819999999994252,BACKFILL_AUTO
2026-06-19 09:00:24,1781859624,R_10,4840.794,1,0.113999999999578,BACKFILL_AUTO
2026-06-19 09:00:26,1781859626,R_10,4840.653,-1,0.14099999999962165,BACKFILL_AUTO
2026-06-19 09:00:28,1781859628,R_10,4840.6,-1,0.052999999999883585,BACKFILL_AUTO
2026-06-19 09:00:30,1781859630,R_10,4840.5,-1,0.1000000000003638,BACKFILL_AUTO
2026-06-19 09:00:32,1781859632,R_10,4840.412,-1,0.08799999999973807,BACKFILL_AUTO
2026-06-19 09:00:34,1781859634,R_10,4840.389,-1,0.023000000000138243,BACKFILL_AUTO
2026-06-19 09:00:36,1781859636,R_10,4840.406,1,0.016999999999825377,BACKFILL_AUTO
2026-06-19 09:00:38,1781859638,R_10,4840.443,1,0.037000000000261934,BACKFILL_AUTO
2026-06-19 09:00:40,1781859640,R_10,4840.489,1,0.04599999999936699,BACKFILL_AUTO
2026-06-19 09:00:42,1781859642,R_10,4840.381,-1,0.10799999999926513,BACKFILL_AUTO
2026-06-19 09:00:44,1781859644,R_10,4840.45,1,0.06899999999950523,BACKFILL_AUTO
2026-06-19 09:00:46,1781859646,R_10,4840.476,1,0.02599999999983993,BACKFILL_AUTO
2026-06-19 09:00:48,1781859648,R_10,4840.459,-1,0.016999999999825377,BACKFILL_AUTO
2026-06-19 09:00:50,1781859650,R_10,4840.529,1,0.07000000000061846,BACKFILL_AUTO
2026-06-19 09:00:52,1781859652,R_10,4840.578,1,0.04899999999997817,BACKFILL_AUTO
2026-06-19 09:00:54,1781859654,R_10,4840.561,-1,0.01700000000073487,BACKFILL_AUTO
2026-06-19 09:00:56,1781859656,R_10,4840.75,1,0.1890000000003056,BACKFILL_AUTO
2026-06-19 09:00:58,1781859658,R_10,4840.675,-1,0.0749999999998181,BACKFILL_AUTO
2026-06-19 09:01:00,1781859660,R_10,4840.782,1,0.1069999999999709,BACKFILL_AUTO
2026-06-19 09:01:02,1781859662,R_10,4840.701,-1,0.08100000000013097,BACKFILL_AUTO
2026-06-19 09:01:04,1781859664,R_10,4840.677,-1,0.02400000000034197,BACKFILL_AUTO
2026-06-19 09:01:06,1781859666,R_10,4840.539,-1,0.13799999999991996,BACKFILL_AUTO
2026-06-19 09:01:08,1781859668,R_10,4840.576,1,0.037000000000261934,BACKFILL_AUTO
2026-06-19 09:01:10,1781859670,R_10,4840.783,1,0.2070000000003347,BACKFILL_AUTO
2026-06-19 09:01:12,1781859672,R_10,4840.647,-1,0.136000000000422,BACKFILL_AUTO
2026-06-19 09:01:14,1781859674,R_10,4840.617,-1,0.02999999999974534,BACKFILL_AUTO
2026-06-19 09:01:16,1781859676,R_10,4840.544,-1,0.07300000000032014,BACKFILL_AUTO
2026-06-19 09:01:18,1781859678,R_10,4840.507,-1,0.037000000000261934,BACKFILL_AUTO
2026-06-19 09:01:20,1781859680,R_10,4840.504,-1,0.0029999999997016857,BACKFILL_AUTO
2026-06-19 09:01:22,1781859682,R_10,4840.523,1,0.01900000000023283,BACKFILL_AUTO
2026-06-19 09:01:24,1781859684,R_10,4840.501,-1,0.021999999999934516,BACKFILL_AUTO
2026-06-19 09:01:26,1781859686,R_10,4840.309,-1,0.19200000000000728,BACKFILL_AUTO
2026-06-19 09:01:28,1781859688,R_10,4840.136,-1,0.17299999999977445,BACKFILL_AUTO
2026-06-19 09:01:30,1781859690,R_10,4840.028,-1,0.10800000000017462,BACKFILL_AUTO
2026-06-19 09:01:32,1781859692,R_10,4840.12,1,0.09199999999964348,BACKFILL_AUTO
2026-06-19 09:01:34,1781859694,R_10,4840.22,1,0.1000000000003638,BACKFILL_AUTO
2026-06-19 09:01:36,1781859696,R_10,4840.469,1,0.24899999999979627,BACKFILL_AUTO
2026-06-19 09:01:38,1781859698,R_10,4840.378,-1,0.09100000000034925,BACKFILL_AUTO
2026-06-19 09:01:40,1781859700,R_10,4840.416,1,0.03800000000046566,BACKFILL_AUTO
2026-06-19 09:01:42,1781859702,R_10,4840.409,-1,0.007000000000516593,BACKFILL_AUTO
2026-06-19 09:01:44,1781859704,R_10,4840.434,1,0.025000000000545697,BACKFILL_AUTO
2026-06-19 09:01:46,1781859706,R_10,4840.508,1,0.07399999999961437,BACKFILL_AUTO
2026-06-19 09:01:48,1781859708,R_10,4840.627,1,0.11900000000059663,BACKFILL_AUTO
2026-06-19 09:01:50,1781859710,R_10,4840.642,1,0.014999999999417923,BACKFILL_AUTO
2026-06-19 09:01:52,1781859712,R_10,4840.623,-1,0.01900000000023283,BACKFILL_AUTO
2026-06-19 09:01:54,1781859714,R_10,4840.707,1,0.08400000000074215,BACKFILL_AUTO
2026-06-19 09:01:56,1781859716,R_10,4840.594,-1,0.11300000000028376,BACKFILL_AUTO
2026-06-19 09:01:58,1781859718,R_10,4840.699,1,0.10499999999956344,BACKFILL_AUTO
2026-06-19 09:02:00,1781859720,R_10,4840.464,-1,0.23499999999967258,BACKFILL_AUTO
2026-06-19 09:02:02,1781859722,R_10,4840.405,-1,0.05900000000019645,BACKFILL_AUTO
2026-06-19 09:02:04,1781859724,R_10,4840.243,-1,0.16199999999935244,BACKFILL_AUTO
2026-06-19 09:02:06,1781859726,R_10,4840.227,-1,0.016000000000531145,BACKFILL_AUTO
2026-06-19 09:02:08,1781859728,R_10,4840.42,1,0.193000000000211,BACKFILL_AUTO
2026-06-19 09:02:10,1781859730,R_10,4840.487,1,0.06700000000000728,BACKFILL_AUTO
2026-06-19 09:02:12,1781859732,R_10,4840.371,-1,0.11599999999998545,BACKFILL_AUTO
2026-06-19 09:02:14,1781859734,R_10,4840.117,-1,0.2539999999999054,BACKFILL_AUTO
2026-06-19 09:02:16,1781859736,R_10,4840.054,-1,0.06300000000010186,BACKFILL_AUTO
2026-06-19 09:02:18,1781859738,R_10,4840.112,1,0.057999999999992724,BACKFILL_AUTO
2026-06-19 09:02:20,1781859740,R_10,4840.244,1,0.1319999999996071,BACKFILL_AUTO
2026-06-19 09:02:22,1781859742,R_10,4840.044,-1,0.1999999999998181,BACKFILL_AUTO
2026-06-19 09:02:24,1781859744,R_10,4839.996,-1,0.047999999999774445,BACKFILL_AUTO
2026-06-19 09:02:26,1781859746,R_10,4839.987,-1,0.009000000000014552,BACKFILL_AUTO
2026-06-19 09:02:28,1781859748,R_10,4840.149,1,0.16200000000026193,BACKFILL_AUTO
2026-06-19 09:02:30,1781859750,R_10,4840.149,0,0.0,BACKFILL_AUTO
2026-06-19 09:02:32,1781859752,R_10,4839.94,-1,0.20900000000074215,BACKFILL_AUTO
2026-06-19 09:02:34,1781859754,R_10,4839.951,1,0.011000000000422006,BACKFILL_AUTO
2026-06-19 09:02:36,1781859756,R_10,4839.916,-1,0.03499999999985448,BACKFILL_AUTO
2026-06-19 09:02:38,1781859758,R_10,4839.969,1,0.052999999999883585,BACKFILL_AUTO
2026-06-19 09:02:40,1781859760,R_10,4839.857,-1,0.11200000000008004,BACKFILL_AUTO
2026-06-19 09:02:42,1781859762,R_10,4839.869,1,0.011999999999716238,BACKFILL_AUTO
2026-06-19 09:02:44,1781859764,R_10,4839.8,-1,0.06899999999950523,BACKFILL_AUTO
2026-06-19 09:02:46,1781859766,R_10,4839.615,-1,0.18500000000040018,BACKFILL_AUTO
2026-06-19 09:02:48,1781859768,R_10,4839.692,1,0.07700000000022555,BACKFILL_AUTO
2026-06-19 09:02:50,1781859770,R_10,4839.77,1,0.07800000000042928,BACKFILL_AUTO
2026-06-19 09:02:52,1781859772,R_10,4839.645,-1,0.125,BACKFILL_AUTO
2026-06-19 09:02:54,1781859774,R_10,4839.695,1,0.049999999999272404,BACKFILL_AUTO
2026-06-19 09:02:56,1781859776,R_10,4839.55,-1,0.14499999999952706,BACKFILL_AUTO
2026-06-19 09:02:58,1781859778,R_10,4839.678,1,0.12799999999970169,BACKFILL_AUTO
2026-06-19 09:03:00,1781859780,R_10,4839.678,0,0.0,BACKFILL_AUTO
2026-06-19 09:03:02,1781859782,R_10,4839.538,-1,0.14000000000032742,BACKFILL_AUTO
2026-06-19 09:03:04,1781859784,R_10,4839.464,-1,0.07399999999961437,BACKFILL_AUTO
2026-06-19 09:03:06,1781859786,R_10,4839.196,-1,0.2680000000000291,BACKFILL_AUTO
2026-06-19 09:03:08,1781859788,R_10,4839.281,1,0.08500000000003638,BACKFILL_AUTO
2026-06-19 09:03:10,1781859790,R_10,4839.221,-1,0.06000000000040018,BACKFILL_AUTO
2026-06-19 09:03:12,1781859792,R_10,4839.165,-1,0.05599999999958527,BACKFILL_AUTO
2026-06-19 09:03:14,1781859794,R_10,4839.348,1,0.18299999999999272,BACKFILL_AUTO
2026-06-19 09:03:16,1781859796,R_10,4839.415,1,0.06700000000000728,BACKFILL_AUTO
2026-06-19 09:03:18,1781859798,R_10,4839.362,-1,0.052999999999883585,BACKFILL_AUTO
2026-06-19 09:03:20,1781859800,R_10,4839.469,1,0.1069999999999709,BACKFILL_AUTO
2026-06-19 09:03:22,1781859802,R_10,4839.348,-1,0.12100000000009459,BACKFILL_AUTO
2026-06-19 09:03:24,1781859804,R_10,4839.408,1,0.06000000000040018,BACKFILL_AUTO
2026-06-19 09:03:26,1781859806,R_10,4839.264,-1,0.14400000000023283,BACKFILL_AUTO
2026-06-19 09:03:28,1781859808,R_10,4839.2,-1,0.06400000000030559,BACKFILL_AUTO
2026-06-19 09:03:30,1781859810,R_10,4839.235,1,0.03499999999985448,BACKFILL_AUTO
2026-06-19 09:03:32,1781859812,R_10,4839.443,1,0.20800000000053842,BACKFILL_AUTO
2026-06-19 09:03:34,1781859814,R_10,4839.505,1,0.06199999999989814,BACKFILL_AUTO
2026-06-19 09:03:36,1781859816,R_10,4839.595,1,0.09000000000014552,BACKFILL_AUTO
2026-06-19 09:03:38,1781859818,R_10,4839.609,1,0.014000000000123691,BACKFILL_AUTO
2026-06-19 09:03:40,1781859820,R_10,4839.516,-1,0.0930000000007567,BACKFILL_AUTO
2026-06-19 09:03:42,1781859822,R_10,4839.494,-1,0.021999999999934516,BACKFILL_AUTO
2026-06-19 09:03:44,1781859824,R_10,4839.612,1,0.1180000000003929,BACKFILL_AUTO
2026-06-19 09:03:46,1781859826,R_10,4839.709,1,0.09699999999975262,BACKFILL_AUTO
2026-06-19 09:03:48,1781859828,R_10,4839.632,-1,0.07700000000022555,BACKFILL_AUTO
2026-06-19 09:03:50,1781859830,R_10,4839.691,1,0.05900000000019645,BACKFILL_AUTO
2026-06-19 09:03:52,1781859832,R_10,4839.664,-1,0.027000000000043656,BACKFILL_AUTO
2026-06-19 09:03:54,1781859834,R_10,4839.541,-1,0.12299999999959255,BACKFILL_AUTO
2026-06-19 09:03:56,1781859836,R_10,4839.498,-1,0.0430000000005748,BACKFILL_AUTO
2026-06-19 09:03:58,1781859838,R_10,4839.666,1,0.1680000000005748,BACKFILL_AUTO
2026-06-19 09:04:00,1781859840,R_10,4839.616,-1,0.0500000000001819,BACKFILL_AUTO
2026-06-19 09:04:02,1781859842,R_10,4839.458,-1,0.15800000000035652,BACKFILL_AUTO
2026-06-19 09:04:04,1781859844,R_10,4839.481,1,0.023000000000138243,BACKFILL_AUTO
2026-06-19 09:04:06,1781859846,R_10,4839.554,1,0.07300000000032014,BACKFILL_AUTO
2026-06-19 09:04:08,1781859848,R_10,4839.293,-1,0.261000000000422,BACKFILL_AUTO
2026-06-19 09:04:10,1781859850,R_10,4839.285,-1,0.007999999999810825,BACKFILL_AUTO
2026-06-19 09:04:12,1781859852,R_10,4839.167,-1,0.11799999999948341,BACKFILL_AUTO
2026-06-19 09:04:14,1781859854,R_10,4839.335,1,0.1679999999996653,BACKFILL_AUTO
2026-06-19 09:04:16,1781859856,R_10,4839.367,1,0.032000000000152795,BACKFILL_AUTO
2026-06-19 09:04:18,1781859858,R_10,4839.425,1,0.057999999999992724,BACKFILL_AUTO
2026-06-19 09:04:20,1781859860,R_10,4839.318,-1,0.1069999999999709,BACKFILL_AUTO
2026-06-19 09:04:22,1781859862,R_10,4839.223,-1,0.09500000000025466,BACKFILL_AUTO
2026-06-19 09:04:24,1781859864,R_10,4839.243,1,0.020000000000436557,BACKFILL_AUTO
2026-06-19 09:04:26,1781859866,R_10,4839.276,1,0.03299999999944703,BACKFILL_AUTO
2026-06-19 09:04:28,1781859868,R_10,4839.064,-1,0.21199999999953434,BACKFILL_AUTO
2026-06-19 09:04:30,1781859870,R_10,4839.019,-1,0.04500000000007276,BACKFILL_AUTO
2026-06-19 09:04:32,1781859872,R_10,4838.868,-1,0.15099999999983993,BACKFILL_AUTO
2026-06-19 09:04:34,1781859874,R_10,4838.837,-1,0.03099999999994907,BACKFILL_AUTO
2026-06-19 09:04:36,1781859876,R_10,4838.958,1,0.12099999999918509,BACKFILL_AUTO
2026-06-19 09:04:38,1781859878,R_10,4838.867,-1,0.09099999999943975,BACKFILL_AUTO
2026-06-19 09:04:40,1781859880,R_10,4838.818,-1,0.04899999999997817,BACKFILL_AUTO
2026-06-19 09:04:42,1781859882,R_10,4838.894,1,0.07600000000002183,BACKFILL_AUTO
2026-06-19 09:04:44,1781859884,R_10,4839.112,1,0.2179999999998472,BACKFILL_AUTO
2026-06-19 09:04:46,1781859886,R_10,4839.278,1,0.16600000000016735,BACKFILL_AUTO
2026-06-19 09:04:48,1781859888,R_10,4839.167,-1,0.11099999999987631,BACKFILL_AUTO
2026-06-19 09:04:50,1781859890,R_10,4839.066,-1,0.10100000000056752,BACKFILL_AUTO
2026-06-19 09:04:52,1781859892,R_10,4839.051,-1,0.014999999999417923,BACKFILL_AUTO
2026-06-19 09:04:54,1781859894,R_10,4839.036,-1,0.015000000000327418,BACKFILL_AUTO
2026-06-19 09:04:56,1781859896,R_10,4839.129,1,0.0929999999998472,BACKFILL_AUTO
2026-06-19 09:04:58,1781859898,R_10,4839.269,1,0.14000000000032742,BACKFILL_AUTO
2026-06-19 09:05:00,1781859900,R_10,4839.659,1,0.3899999999994179,BACKFILL_AUTO
2026-06-19 09:05:02,1781859902,R_10,4839.824,1,0.16499999999996362,BACKFILL_AUTO
2026-06-19 09:05:04,1781859904,R_10,4839.726,-1,0.09799999999995634,BACKFILL_AUTO
2026-06-19 09:05:06,1781859906,R_10,4839.72,-1,0.0059999999994033715,BACKFILL_AUTO
2026-06-19 09:05:08,1781859908,R_10,4839.735,1,0.014999999999417923,BACKFILL_AUTO
2026-06-19 09:05:10,1781859910,R_10,4839.63,-1,0.10499999999956344,BACKFILL_AUTO
2026-06-19 09:05:12,1781859912,R_10,4839.505,-1,0.125,BACKFILL_AUTO
2026-06-19 09:05:14,1781859914,R_10,4839.458,-1,0.04700000000048021,BACKFILL_AUTO
2026-06-19 09:05:16,1781859916,R_10,4839.404,-1,0.05399999999917782,BACKFILL_AUTO
2026-06-19 09:05:18,1781859918,R_10,4839.299,-1,0.10500000000047294,BACKFILL_AUTO
2026-06-19 09:05:20,1781859920,R_10,4839.269,-1,0.02999999999974534,BACKFILL_AUTO
2026-06-19 09:05:22,1781859922,R_10,4839.357,1,0.08799999999973807,BACKFILL_AUTO
2026-06-19 09:05:24,1781859924,R_10,4839.298,-1,0.05900000000019645,BACKFILL_AUTO
2026-06-19 09:05:26,1781859926,R_10,4838.951,-1,0.3469999999997526,BACKFILL_AUTO
2026-06-19 09:05:28,1781859928,R_10,4838.897,-1,0.05400000000008731,BACKFILL_AUTO
2026-06-19 09:05:30,1781859930,R_10,4838.921,1,0.02400000000034197,BACKFILL_AUTO
2026-06-19 09:05:32,1781859932,R_10,4838.907,-1,0.014000000000123691,BACKFILL_AUTO
2026-06-19 09:05:34,1781859934,R_10,4839.008,1,0.10099999999965803,BACKFILL_AUTO
2026-06-19 09:05:36,1781859936,R_10,4838.953,-1,0.054999999999381544,BACKFILL_AUTO
2026-06-19 09:05:38,1781859938,R_10,4838.73,-1,0.22300000000086584,BACKFILL_AUTO
2026-06-19 09:05:40,1781859940,R_10,4838.675,-1,0.054999999999381544,BACKFILL_AUTO
2026-06-19 09:05:42,1781859942,R_10,4838.524,-1,0.15099999999983993,BACKFILL_AUTO
2026-06-19 09:05:44,1781859944,R_10,4838.706,1,0.181999999999789,BACKFILL_AUTO
2026-06-19 09:05:46,1781859946,R_10,4838.51,-1,0.1959999999999127,BACKFILL_AUTO
2026-06-19 09:05:48,1781859948,R_10,4838.376,-1,0.13400000000001455,BACKFILL_AUTO
2026-06-19 09:05:50,1781859950,R_10,4838.333,-1,0.0430000000005748,BACKFILL_AUTO
2026-06-19 09:05:52,1781859952,R_10,4838.195,-1,0.13799999999991996,BACKFILL_AUTO
2026-06-19 09:05:54,1781859954,R_10,4838.289,1,0.09400000000005093,BACKFILL_AUTO
2026-06-19 09:05:56,1781859956,R_10,4838.201,-1,0.08799999999973807,BACKFILL_AUTO
2026-06-19 09:05:58,1781859958,R_10,4838.313,1,0.11200000000008004,BACKFILL_AUTO
2026-06-19 09:06:00,1781859960,R_10,4838.293,-1,0.020000000000436557,BACKFILL_AUTO
2026-06-19 09:06:02,1781859962,R_10,4838.343,1,0.0500000000001819,BACKFILL_AUTO
2026-06-19 09:06:04,1781859964,R_10,4838.435,1,0.09200000000055297,BACKFILL_AUTO
2026-06-19 09:06:06,1781859966,R_10,4838.57,1,0.13499999999930878,BACKFILL_AUTO
2026-06-19 09:06:08,1781859968,R_10,4838.437,-1,0.13299999999981083,BACKFILL_AUTO
2026-06-19 09:06:10,1781859970,R_10,4838.311,-1,0.12600000000020373,BACKFILL_AUTO
2026-06-19 09:06:12,1781859972,R_10,4838.283,-1,0.027999999999337888,BACKFILL_AUTO
2026-06-19 09:06:14,1781859974,R_10,4838.301,1,0.018000000000029104,BACKFILL_AUTO
2026-06-19 09:06:16,1781859976,R_10,4838.397,1,0.09599999999954889,BACKFILL_AUTO
2026-06-19 09:06:18,1781859978,R_10,4838.503,1,0.10599999999976717,BACKFILL_AUTO
2026-06-19 09:06:20,1781859980,R_10,4838.567,1,0.06400000000030559,BACKFILL_AUTO
2026-06-19 09:06:22,1781859982,R_10,4838.747,1,0.18000000000029104,BACKFILL_AUTO
2026-06-19 09:06:24,1781859984,R_10,4838.799,1,0.05199999999967986,BACKFILL_AUTO
2026-06-19 09:06:26,1781859986,R_10,4838.943,1,0.14400000000023283,BACKFILL_AUTO
2026-06-19 09:06:28,1781859988,R_10,4838.811,-1,0.1320000000005166,BACKFILL_AUTO
2026-06-19 09:06:30,1781859990,R_10,4839.05,1,0.2390000000004875,BACKFILL_AUTO
2026-06-19 09:06:32,1781859992,R_10,4838.73,-1,0.32000000000061846,BACKFILL_AUTO
2026-06-19 09:06:34,1781859994,R_10,4838.845,1,0.11500000000069122,BACKFILL_AUTO
2026-06-19 09:06:36,1781859996,R_10,4838.832,-1,0.012999999999919964,BACKFILL_AUTO
2026-06-19 09:06:38,1781859998,R_10,4838.963,1,0.13099999999940337,BACKFILL_AUTO
2026-06-19 09:06:40,1781860000,R_10,4838.862,-1,0.10099999999965803,BACKFILL_AUTO
2026-06-19 09:06:42,1781860002,R_10,4839.008,1,0.1459999999997308,BACKFILL_AUTO
2026-06-19 09:06:44,1781860004,R_10,4839.04,1,0.032000000000152795,BACKFILL_AUTO
2026-06-19 09:06:46,1781860006,R_10,4839.151,1,0.11099999999987631,BACKFILL_AUTO
2026-06-19 09:06:48,1781860008,R_10,4839.221,1,0.06999999999970896,BACKFILL_AUTO
2026-06-19 09:06:50,1781860010,R_10,4839.363,1,0.14200000000073487,BACKFILL_AUTO
2026-06-19 09:06:52,1781860012,R_10,4839.088,-1,0.2750000000005457,BACKFILL_AUTO
2026-06-19 09:06:54,1781860014,R_10,4839.167,1,0.07900000000063301,BACKFILL_AUTO
2026-06-19 09:06:56,1781860016,R_10,4839.055,-1,0.11200000000008004,BACKFILL_AUTO
2026-06-19 09:06:58,1781860018,R_10,4839.029,-1,0.02599999999983993,BACKFILL_AUTO
2026-06-19 09:07:00,1781860020,R_10,4838.964,-1,0.06500000000050932,BACKFILL_AUTO
2026-06-19 09:07:02,1781860022,R_10,4838.98,1,0.01599999999962165,BACKFILL_AUTO
2026-06-19 09:07:04,1781860024,R_10,4838.776,-1,0.2039999999997235,BACKFILL_AUTO
2026-06-19 09:07:06,1781860026,R_10,4838.848,1,0.07200000000011642,BACKFILL_AUTO
2026-06-19 09:07:08,1781860028,R_10,4838.915,1,0.06700000000000728,BACKFILL_AUTO
2026-06-19 09:07:10,1781860030,R_10,4838.81,-1,0.10499999999956344,BACKFILL_AUTO
2026-06-19 09:07:12,1781860032,R_10,4838.808,-1,0.0020000000004074536,BACKFILL_AUTO
2026-06-19 09:07:14,1781860034,R_10,4838.88,1,0.07200000000011642,BACKFILL_AUTO
2026-06-19 09:07:16,1781860036,R_10,4838.627,-1,0.2529999999997017,BACKFILL_AUTO
2026-06-19 09:07:18,1781860038,R_10,4838.609,-1,0.018000000000029104,BACKFILL_AUTO
2026-06-19 09:07:20,1781860040,R_10,4838.602,-1,0.007000000000516593,BACKFILL_AUTO
2026-06-19 09:07:22,1781860042,R_10,4838.771,1,0.16899999999986903,BACKFILL_AUTO
2026-06-19 09:07:24,1781860044,R_10,4838.777,1,0.006000000000312866,BACKFILL_AUTO
2026-06-19 09:07:26,1781860046,R_10,4838.728,-1,0.04899999999997817,BACKFILL_AUTO
2026-06-19 09:07:28,1781860048,R_10,4838.7,-1,0.028000000000247383,BACKFILL_AUTO
2026-06-19 09:07:30,1781860050,R_10,4838.651,-1,0.04899999999997817,BACKFILL_AUTO
2026-06-19 09:07:32,1781860052,R_10,4838.717,1,0.06599999999980355,BACKFILL_AUTO
2026-06-19 09:07:34,1781860054,R_10,4838.652,-1,0.06499999999959982,BACKFILL_AUTO
2026-06-19 09:07:36,1781860056,R_10,4838.531,-1,0.12100000000009459,BACKFILL_AUTO
2026-06-19 09:07:38,1781860058,R_10,4838.616,1,0.08500000000003638,BACKFILL_AUTO
2026-06-19 09:07:40,1781860060,R_10,4838.662,1,0.046000000000276486,BACKFILL_AUTO
2026-06-19 09:07:42,1781860062,R_10,4838.656,-1,0.006000000000312866,BACKFILL_AUTO
2026-06-19 09:07:44,1781860064,R_10,4838.521,-1,0.13500000000021828,BACKFILL_AUTO
2026-06-19 09:07:46,1781860066,R_10,4838.62,1,0.09900000000016007,BACKFILL_AUTO
2026-06-19 09:07:48,1781860068,R_10,4838.693,1,0.07300000000032014,BACKFILL_AUTO
2026-06-19 09:07:50,1781860070,R_10,4838.758,1,0.06499999999959982,BACKFILL_AUTO
2026-06-19 09:07:52,1781860072,R_10,4838.793,1,0.03499999999985448,BACKFILL_AUTO
2026-06-19 09:07:54,1781860074,R_10,4838.713,-1,0.07999999999992724,BACKFILL_AUTO
2026-06-19 09:07:56,1781860076,R_10,4838.672,-1,0.04100000000016735,BACKFILL_AUTO
2026-06-19 09:07:58,1781860078,R_10,4838.752,1,0.08000000000083674,BACKFILL_AUTO
2026-06-19 09:08:00,1781860080,R_10,4838.942,1,0.18999999999959982,BACKFILL_AUTO
2026-06-19 09:08:02,1781860082,R_10,4839.078,1,0.136000000000422,BACKFILL_AUTO
2026-06-19 09:08:04,1781860084,R_10,4839.074,-1,0.004000000000814907,BACKFILL_AUTO
2026-06-19 09:08:06,1781860086,R_10,4838.983,-1,0.09099999999943975,BACKFILL_AUTO
2026-06-19 09:08:08,1781860088,R_10,4838.723,-1,0.2600000000002183,BACKFILL_AUTO
2026-06-19 09:08:10,1781860090,R_10,4838.594,-1,0.1289999999999054,BACKFILL_AUTO
2026-06-19 09:08:12,1781860092,R_10,4838.409,-1,0.18500000000040018,BACKFILL_AUTO
2026-06-19 09:08:14,1781860094,R_10,4838.478,1,0.06900000000041473,BACKFILL_AUTO
2026-06-19 09:08:16,1781860096,R_10,4838.378,-1,0.1000000000003638,BACKFILL_AUTO
2026-06-19 09:08:18,1781860098,R_10,4838.375,-1,0.0029999999997016857,BACKFILL_AUTO
2026-06-19 09:08:20,1781860100,R_10,4838.396,1,0.02099999999973079,BACKFILL_AUTO
2026-06-19 09:08:22,1781860102,R_10,4838.319,-1,0.07699999999931606,BACKFILL_AUTO
2026-06-19 09:08:24,1781860104,R_10,4838.227,-1,0.09200000000055297,BACKFILL_AUTO
2026-06-19 09:08:26,1781860106,R_10,4838.062,-1,0.16499999999996362,BACKFILL_AUTO
2026-06-19 09:08:28,1781860108,R_10,4838.15,1,0.08799999999973807,BACKFILL_AUTO
2026-06-19 09:08:30,1781860110,R_10,4838.471,1,0.3209999999999127,BACKFILL_AUTO
2026-06-19 09:08:32,1781860112,R_10,4838.555,1,0.08400000000074215,BACKFILL_AUTO
2026-06-19 09:08:34,1781860114,R_10,4838.609,1,0.05400000000008731,BACKFILL_AUTO
2026-06-19 09:08:36,1781860116,R_10,4838.43,-1,0.1790000000000873,BACKFILL_AUTO
2026-06-19 09:08:38,1781860118,R_10,4838.475,1,0.04500000000007276,BACKFILL_AUTO
2026-06-19 09:08:40,1781860120,R_10,4838.399,-1,0.07600000000002183,BACKFILL_AUTO
2026-06-19 09:08:42,1781860122,R_10,4838.483,1,0.08399999999983265,BACKFILL_AUTO
2026-06-19 09:08:44,1781860124,R_10,4838.672,1,0.1889999999993961,BACKFILL_AUTO
2026-06-19 09:08:46,1781860126,R_10,4838.587,-1,0.08499999999912689,BACKFILL_AUTO
2026-06-19 09:08:48,1781860128,R_10,4838.599,1,0.011999999999716238,BACKFILL_AUTO
2026-06-19 09:08:50,1781860130,R_10,4838.563,-1,0.03600000000005821,BACKFILL_AUTO
2026-06-19 09:08:52,1781860132,R_10,4838.659,1,0.09599999999954889,BACKFILL_AUTO
2026-06-19 09:08:54,1781860134,R_10,4838.437,-1,0.22199999999975262,BACKFILL_AUTO
2026-06-19 09:08:56,1781860136,R_10,4838.564,1,0.12700000000040745,BACKFILL_AUTO
2026-06-19 09:08:58,1781860138,R_10,4838.548,-1,0.016000000000531145,BACKFILL_AUTO
2026-06-19 09:09:00,1781860140,R_10,4838.449,-1,0.09900000000016007,BACKFILL_AUTO
2026-06-19 09:09:02,1781860142,R_10,4838.45,1,0.0010000000002037268,BACKFILL_AUTO
2026-06-19 09:09:04,1781860144,R_10,4838.162,-1,0.28799999999955617,BACKFILL_AUTO
2026-06-19 09:09:06,1781860146,R_10,4838.169,1,0.006999999999607098,BACKFILL_AUTO
2026-06-19 09:09:08,1781860148,R_10,4838.231,1,0.06199999999989814,BACKFILL_AUTO
2026-06-19 09:09:10,1781860150,R_10,4838.107,-1,0.12399999999979627,BACKFILL_AUTO
2026-06-19 09:09:12,1781860152,R_10,4838.07,-1,0.037000000000261934,BACKFILL_AUTO
2026-06-19 09:09:14,1781860154,R_10,4838.057,-1,0.012999999999919964,BACKFILL_AUTO
2026-06-19 09:09:16,1781860156,R_10,4838.06,1,0.0030000000006111804,BACKFILL_AUTO
2026-06-19 09:09:18,1781860158,R_10,4838.074,1,0.013999999999214197,BACKFILL_AUTO
2026-06-19 09:09:20,1781860160,R_10,4838.035,-1,0.03899999999975989,BACKFILL_AUTO
2026-06-19 09:09:22,1781860162,R_10,4838.182,1,0.14699999999993452,BACKFILL_AUTO
2026-06-19 09:09:24,1781860164,R_10,4838.256,1,0.07400000000052387,BACKFILL_AUTO
2026-06-19 09:09:26,1781860166,R_10,4838.263,1,0.006999999999607098,BACKFILL_AUTO
2026-06-19 09:09:28,1781860168,R_10,4838.289,1,0.02599999999983993,BACKFILL_AUTO
2026-06-19 09:09:30,1781860170,R_10,4838.198,-1,0.09099999999943975,BACKFILL_AUTO
2026-06-19 09:09:32,1781860172,R_10,4838.162,-1,0.03600000000005821,BACKFILL_AUTO
2026-06-19 09:09:34,1781860174,R_10,4837.938,-1,0.22400000000016007,BACKFILL_AUTO
2026-06-19 09:09:36,1781860176,R_10,4838.115,1,0.17699999999967986,BACKFILL_AUTO
2026-06-19 09:09:38,1781860178,R_10,4837.919,-1,0.1959999999999127,BACKFILL_AUTO
2026-06-19 09:09:40,1781860180,R_10,4837.827,-1,0.09199999999964348,BACKFILL_AUTO
2026-06-19 09:09:42,1781860182,R_10,4837.857,1,0.02999999999974534,BACKFILL_AUTO
2026-06-19 09:09:44,1781860184,R_10,4837.974,1,0.11700000000018917,BACKFILL_AUTO
2026-06-19 09:09:46,1781860186,R_10,4838.055,1,0.08100000000013097,BACKFILL_AUTO
2026-06-19 09:09:48,1781860188,R_10,4838.004,-1,0.051000000000385626,BACKFILL_AUTO
2026-06-19 09:09:50,1781860190,R_10,4838.181,1,0.17699999999967986,BACKFILL_AUTO
2026-06-19 09:09:52,1781860192,R_10,4838.269,1,0.08800000000064756,BACKFILL_AUTO
2026-06-19 09:09:54,1781860194,R_10,4838.303,1,0.033999999999650754,BACKFILL_AUTO
2026-06-19 09:09:56,1781860196,R_10,4838.44,1,0.13699999999971624,BACKFILL_AUTO
2026-06-19 09:09:58,1781860198,R_10,4838.349,-1,0.09099999999943975,BACKFILL_AUTO
2026-06-19 09:10:00,1781860200,R_10,4838.363,1,0.014000000000123691,BACKFILL_AUTO
2026-06-19 09:10:02,1781860202,R_10,4838.305,-1,0.057999999999992724,BACKFILL_AUTO
2026-06-19 09:10:04,1781860204,R_10,4838.322,1,0.016999999999825377,BACKFILL_AUTO
2026-06-19 09:10:06,1781860206,R_10,4838.317,-1,0.005000000000109139,BACKFILL_AUTO
2026-06-19 09:10:08,1781860208,R_10,4838.474,1,0.1570000000001528,BACKFILL_AUTO
2026-06-19 09:10:10,1781860210,R_10,4838.484,1,0.010000000000218279,BACKFILL_AUTO
2026-06-19 09:10:12,1781860212,R_10,4838.555,1,0.07099999999991269,BACKFILL_AUTO
2026-06-19 09:10:14,1781860214,R_10,4838.436,-1,0.11900000000059663,BACKFILL_AUTO
2026-06-19 09:10:16,1781860216,R_10,4838.596,1,0.15999999999985448,BACKFILL_AUTO
2026-06-19 09:10:18,1781860218,R_10,4838.389,-1,0.2069999999994252,BACKFILL_AUTO
2026-06-19 09:10:20,1781860220,R_10,4838.192,-1,0.19700000000011642,BACKFILL_AUTO
2026-06-19 09:10:22,1781860222,R_10,4838.066,-1,0.12600000000020373,BACKFILL_AUTO
2026-06-19 09:10:24,1781860224,R_10,4837.983,-1,0.08299999999962893,BACKFILL_AUTO
2026-06-19 09:10:26,1781860226,R_10,4837.927,-1,0.056000000000494765,BACKFILL_AUTO
2026-06-19 09:10:28,1781860228,R_10,4838.034,1,0.1069999999999709,BACKFILL_AUTO
2026-06-19 09:10:30,1781860230,R_10,4838.093,1,0.05900000000019645,BACKFILL_AUTO
2026-06-19 09:10:32,1781860232,R_10,4838.03,-1,0.06300000000010186,BACKFILL_AUTO
2026-06-19 09:10:34,1781860234,R_10,4837.941,-1,0.08899999999994179,BACKFILL_AUTO
2026-06-19 09:10:36,1781860236,R_10,4837.931,-1,0.010000000000218279,BACKFILL_AUTO
2026-06-19 09:10:38,1781860238,R_10,4837.789,-1,0.14199999999982538,BACKFILL_AUTO
2026-06-19 09:10:40,1781860240,R_10,4837.821,1,0.032000000000152795,BACKFILL_AUTO
2026-06-19 09:10:42,1781860242,R_10,4837.848,1,0.027000000000043656,BACKFILL_AUTO
2026-06-19 09:10:44,1781860244,R_10,4837.62,-1,0.22800000000006548,BACKFILL_AUTO
2026-06-19 09:10:46,1781860246,R_10,4837.646,1,0.02599999999983993,BACKFILL_AUTO
2026-06-19 09:10:48,1781860248,R_10,4837.808,1,0.16200000000026193,BACKFILL_AUTO
2026-06-19 09:10:50,1781860250,R_10,4837.713,-1,0.09500000000025466,BACKFILL_AUTO
2026-06-19 09:10:52,1781860252,R_10,4837.744,1,0.03099999999994907,BACKFILL_AUTO
2026-06-19 09:10:54,1781860254,R_10,4837.875,1,0.13100000000031287,BACKFILL_AUTO
2026-06-19 09:10:56,1781860256,R_10,4837.862,-1,0.012999999999919964,BACKFILL_AUTO
2026-06-19 09:10:58,1781860258,R_10,4837.836,-1,0.02599999999983993,BACKFILL_AUTO
2026-06-19 09:11:00,1781860260,R_10,4838.041,1,0.20499999999992724,BACKFILL_AUTO
2026-06-19 09:11:02,1781860262,R_10,4838.204,1,0.16299999999955617,BACKFILL_AUTO
2026-06-19 09:11:04,1781860264,R_10,4838.022,-1,0.181999999999789,BACKFILL_AUTO
2026-06-19 09:11:06,1781860266,R_10,4838.034,1,0.011999999999716238,BACKFILL_AUTO
2026-06-19 09:11:08,1781860268,R_10,4838.016,-1,0.018000000000029104,BACKFILL_AUTO
2026-06-19 09:11:10,1781860270,R_10,4838.158,1,0.14200000000073487,BACKFILL_AUTO
2026-06-19 09:11:12,1781860272,R_10,4838.277,1,0.11899999999968713,BACKFILL_AUTO
2026-06-19 09:11:14,1781860274,R_10,4838.24,-1,0.037000000000261934,BACKFILL_AUTO
2026-06-19 09:11:16,1781860276,R_10,4838.211,-1,0.028999999999541615,BACKFILL_AUTO
2026-06-19 09:11:18,1781860278,R_10,4838.194,-1,0.016999999999825377,BACKFILL_AUTO
2026-06-19 09:11:20,1781860280,R_10,4838.308,1,0.113999999999578,BACKFILL_AUTO
2026-06-19 09:11:22,1781860282,R_10,4838.137,-1,0.1710000000002765,BACKFILL_AUTO
2026-06-19 09:11:24,1781860284,R_10,4838.138,1,0.0010000000002037268,BACKFILL_AUTO
2026-06-19 09:11:26,1781860286,R_10,4838.213,1,0.0749999999998181,BACKFILL_AUTO
2026-06-19 09:11:28,1781860288,R_10,4838.266,1,0.052999999999883585,BACKFILL_AUTO
2026-06-19 09:11:30,1781860290,R_10,4838.411,1,0.14500000000043656,BACKFILL_AUTO
2026-06-19 09:11:32,1781860292,R_10,4838.257,-1,0.1540000000004511,BACKFILL_AUTO
2026-06-19 09:11:34,1781860294,R_10,4838.238,-1,0.018999999999323336,BACKFILL_AUTO
2026-06-19 09:11:36,1781860296,R_10,4838.196,-1,0.042000000000371074,BACKFILL_AUTO
2026-06-19 09:11:38,1781860298,R_10,4838.155,-1,0.04100000000016735,BACKFILL_AUTO
2026-06-19 09:11:40,1781860300,R_10,4838.088,-1,0.06700000000000728,BACKFILL_AUTO
2026-06-19 09:11:42,1781860302,R_10,4837.969,-1,0.11899999999968713,BACKFILL_AUTO
2026-06-19 09:11:44,1781860304,R_10,4837.851,-1,0.1180000000003929,BACKFILL_AUTO
2026-06-19 09:11:46,1781860306,R_10,4837.841,-1,0.009999999999308784,BACKFILL_AUTO
2026-06-19 09:11:48,1781860308,R_10,4837.804,-1,0.037000000000261934,BACKFILL_AUTO
2026-06-19 09:11:50,1781860310,R_10,4838.021,1,0.21699999999964348,BACKFILL_AUTO
2026-06-19 09:11:52,1781860312,R_10,4838.027,1,0.006000000000312866,BACKFILL_AUTO
2026-06-19 09:11:54,1781860314,R_10,4837.836,-1,0.19099999999980355,BACKFILL_AUTO
2026-06-19 09:11:56,1781860316,R_10,4837.837,1,0.0010000000002037268,BACKFILL_AUTO
2026-06-19 09:11:58,1781860318,R_10,4837.685,-1,0.15200000000004366,BACKFILL_AUTO
2026-06-19 09:12:00,1781860320,R_10,4837.653,-1,0.032000000000152795,BACKFILL_AUTO
2026-06-19 09:12:02,1781860322,R_10,4837.429,-1,0.22400000000016007,BACKFILL_AUTO
2026-06-19 09:12:04,1781860324,R_10,4837.341,-1,0.08799999999973807,BACKFILL_AUTO
2026-06-19 09:12:06,1781860326,R_10,4837.256,-1,0.08500000000003638,BACKFILL_AUTO
2026-06-19 09:12:08,1781860328,R_10,4837.407,1,0.15099999999983993,BACKFILL_AUTO
2026-06-19 09:12:10,1781860330,R_10,4837.366,-1,0.04100000000016735,BACKFILL_AUTO
2026-06-19 09:12:12,1781860332,R_10,4837.367,1,0.0010000000002037268,BACKFILL_AUTO
2026-06-19 09:12:14,1781860334,R_10,4837.389,1,0.021999999999934516,BACKFILL_AUTO
2026-06-19 09:12:16,1781860336,R_10,4837.544,1,0.15499999999974534,BACKFILL_AUTO
2026-06-19 09:12:18,1781860338,R_10,4837.462,-1,0.0819999999994252,BACKFILL_AUTO
2026-06-19 09:12:20,1781860340,R_10,4837.515,1,0.052999999999883585,BACKFILL_AUTO
2026-06-19 09:12:22,1781860342,R_10,4837.485,-1,0.030000000000654836,BACKFILL_AUTO
2026-06-19 09:12:24,1781860344,R_10,4837.376,-1,0.10899999999946886,BACKFILL_AUTO
2026-06-19 09:12:26,1781860346,R_10,4837.263,-1,0.11300000000028376,BACKFILL_AUTO
2026-06-19 09:12:28,1781860348,R_10,4837.294,1,0.03099999999994907,BACKFILL_AUTO
2026-06-19 09:12:30,1781860350,R_10,4837.359,1,0.06500000000050932,BACKFILL_AUTO
2026-06-19 09:12:32,1781860352,R_10,4837.404,1,0.04500000000007276,BACKFILL_AUTO
2026-06-19 09:12:34,1781860354,R_10,4837.428,1,0.023999999999432475,BACKFILL_AUTO
2026-06-19 09:12:36,1781860356,R_10,4837.23,-1,0.19800000000032014,BACKFILL_AUTO
2026-06-19 09:12:38,1781860358,R_10,4837.154,-1,0.07599999999911233,BACKFILL_AUTO
2026-06-19 09:12:40,1781860360,R_10,4837.232,1,0.07799999999951979,BACKFILL_AUTO
2026-06-19 09:12:42,1781860362,R_10,4837.026,-1,0.20600000000013097,BACKFILL_AUTO
2026-06-19 09:12:44,1781860364,R_10,4836.936,-1,0.09000000000014552,BACKFILL_AUTO
2026-06-19 09:12:46,1781860366,R_10,4837.045,1,0.10900000000037835,BACKFILL_AUTO
2026-06-19 09:12:48,1781860368,R_10,4837.042,-1,0.0029999999997016857,BACKFILL_AUTO
2026-06-19 09:12:50,1781860370,R_10,4836.972,-1,0.07000000000061846,BACKFILL_AUTO
2026-06-19 09:12:52,1781860372,R_10,4836.975,1,0.0030000000006111804,BACKFILL_AUTO
2026-06-19 09:12:54,1781860374,R_10,4837.211,1,0.2359999999998763,BACKFILL_AUTO
2026-06-19 09:12:56,1781860376,R_10,4837.321,1,0.10999999999967258,BACKFILL_AUTO
2026-06-19 09:12:58,1781860378,R_10,4837.26,-1,0.06099999999969441,BACKFILL_AUTO
2026-06-19 09:13:00,1781860380,R_10,4837.436,1,0.17599999999947613,BACKFILL_AUTO
2026-06-19 09:13:02,1781860382,R_10,4837.471,1,0.03499999999985448,BACKFILL_AUTO
2026-06-19 09:13:04,1781860384,R_10,4837.419,-1,0.05199999999967986,BACKFILL_AUTO
2026-06-19 09:13:06,1781860386,R_10,4837.457,1,0.03800000000046566,BACKFILL_AUTO
2026-06-19 09:13:08,1781860388,R_10,4837.361,-1,0.09600000000045839,BACKFILL_AUTO
2026-06-19 09:13:10,1781860390,R_10,4837.304,-1,0.056999999999789,BACKFILL_AUTO
2026-06-19 09:13:12,1781860392,R_10,4837.457,1,0.15300000000024738,BACKFILL_AUTO
2026-06-19 09:13:14,1781860394,R_10,4837.636,1,0.1790000000000873,BACKFILL_AUTO
2026-06-19 09:13:16,1781860396,R_10,4837.566,-1,0.07000000000061846,BACKFILL_AUTO
2026-06-19 09:13:18,1781860398,R_10,4837.649,1,0.08300000000053842,BACKFILL_AUTO
2026-06-19 09:13:20,1781860400,R_10,4837.587,-1,0.06199999999989814,BACKFILL_AUTO
2026-06-19 09:13:22,1781860402,R_10,4837.659,1,0.07199999999920692,BACKFILL_AUTO
2026-06-19 09:13:24,1781860404,R_10,4837.674,1,0.015000000000327418,BACKFILL_AUTO
2026-06-19 09:13:26,1781860406,R_10,4837.641,-1,0.03300000000035652,BACKFILL_AUTO
2026-06-19 09:13:28,1781860408,R_10,4837.568,-1,0.07299999999941065,BACKFILL_AUTO
2026-06-19 09:13:30,1781860410,R_10,4837.514,-1,0.05400000000008731,BACKFILL_AUTO
2026-06-19 09:13:32,1781860412,R_10,4837.608,1,0.09400000000005093,BACKFILL_AUTO
2026-06-19 09:13:34,1781860414,R_10,4837.444,-1,0.1639999999997599,BACKFILL_AUTO
2026-06-19 09:13:36,1781860416,R_10,4837.493,1,0.04899999999997817,BACKFILL_AUTO
2026-06-19 09:13:38,1781860418,R_10,4837.424,-1,0.06900000000041473,BACKFILL_AUTO
2026-06-19 09:13:40,1781860420,R_10,4837.568,1,0.14400000000023283,BACKFILL_AUTO
2026-06-19 09:13:42,1781860422,R_10,4837.534,-1,0.03400000000056025,BACKFILL_AUTO
2026-06-19 09:13:44,1781860424,R_10,4837.492,-1,0.04199999999946158,BACKFILL_AUTO
2026-06-19 09:13:46,1781860426,R_10,4837.392,-1,0.1000000000003638,BACKFILL_AUTO
2026-06-19 09:13:48,1781860428,R_10,4837.532,1,0.14000000000032742,BACKFILL_AUTO
2026-06-19 09:13:50,1781860430,R_10,4837.427,-1,0.10500000000047294,BACKFILL_AUTO
2026-06-19 09:13:52,1781860432,R_10,4837.324,-1,0.10300000000006548,BACKFILL_AUTO
2026-06-19 09:13:54,1781860434,R_10,4837.236,-1,0.08799999999973807,BACKFILL_AUTO
2026-06-19 09:13:56,1781860436,R_10,4837.469,1,0.23300000000017462,BACKFILL_AUTO
2026-06-19 09:13:58,1781860438,R_10,4837.456,-1,0.012999999999919964,BACKFILL_AUTO
2026-06-19 09:14:00,1781860440,R_10,4837.156,-1,0.3000000000001819,BACKFILL_AUTO
2026-06-19 09:14:02,1781860442,R_10,4837.185,1,0.02900000000045111,BACKFILL_AUTO
2026-06-19 09:14:04,1781860444,R_10,4837.128,-1,0.05700000000069849,BACKFILL_AUTO
2026-06-19 09:14:06,1781860446,R_10,4837.281,1,0.15300000000024738,BACKFILL_AUTO
2026-06-19 09:14:08,1781860448,R_10,4837.214,-1,0.06700000000000728,BACKFILL_AUTO
2026-06-19 09:14:10,1781860450,R_10,4837.363,1,0.14900000000034197,BACKFILL_AUTO
2026-06-19 09:14:12,1781860452,R_10,4837.442,1,0.07899999999972351,BACKFILL_AUTO
2026-06-19 09:14:14,1781860454,R_10,4837.452,1,0.010000000000218279,BACKFILL_AUTO
2026-06-19 09:14:16,1781860456,R_10,4837.437,-1,0.015000000000327418,BACKFILL_AUTO
2026-06-19 09:14:18,1781860458,R_10,4837.364,-1,0.07300000000032014,BACKFILL_AUTO
2026-06-19 09:14:20,1781860460,R_10,4837.385,1,0.021000000000640284,BACKFILL_AUTO
2026-06-19 09:14:22,1781860462,R_10,4837.314,-1,0.07099999999991269,BACKFILL_AUTO
2026-06-19 09:14:24,1781860464,R_10,4837.308,-1,0.006000000000312866,BACKFILL_AUTO
2026-06-19 09:14:26,1781860466,R_10,4836.962,-1,0.3459999999995489,BACKFILL_AUTO
2026-06-19 09:14:28,1781860468,R_10,4837.073,1,0.11099999999987631,BACKFILL_AUTO
2026-06-19 09:14:30,1781860470,R_10,4836.92,-1,0.15300000000024738,BACKFILL_AUTO
2026-06-19 09:14:32,1781860472,R_10,4836.723,-1,0.19700000000011642,BACKFILL_AUTO
2026-06-19 09:14:34,1781860474,R_10,4836.719,-1,0.0039999999999054126,BACKFILL_AUTO
2026-06-19 09:14:36,1781860476,R_10,4836.687,-1,0.032000000000152795,BACKFILL_AUTO
2026-06-19 09:14:38,1781860478,R_10,4836.63,-1,0.056999999999789,BACKFILL_AUTO
2026-06-19 09:14:40,1781860480,R_10,4836.782,1,0.15200000000004366,BACKFILL_AUTO
2026-06-19 09:14:42,1781860482,R_10,4836.622,-1,0.15999999999985448,BACKFILL_AUTO
2026-06-19 09:14:44,1781860484,R_10,4836.595,-1,0.027000000000043656,BACKFILL_AUTO
2026-06-19 09:14:46,1781860486,R_10,4836.585,-1,0.010000000000218279,BACKFILL_AUTO
2026-06-19 09:14:48,1781860488,R_10,4836.492,-1,0.0929999999998472,BACKFILL_AUTO
2026-06-19 09:14:50,1781860490,R_10,4836.752,1,0.2600000000002183,BACKFILL_AUTO
2026-06-19 09:14:52,1781860492,R_10,4836.858,1,0.10599999999976717,BACKFILL_AUTO
2026-06-19 09:14:54,1781860494,R_10,4836.866,1,0.007999999999810825,BACKFILL_AUTO
2026-06-19 09:14:56,1781860496,R_10,4836.881,1,0.015000000000327418,BACKFILL_AUTO
2026-06-19 09:14:58,1781860498,R_10,4837.038,1,0.1569999999992433,BACKFILL_AUTO
2026-06-19 09:15:00,1781860500,R_10,4836.853,-1,0.18499999999949068,BACKFILL_AUTO
2026-06-19 09:15:02,1781860502,R_10,4836.938,1,0.08500000000003638,BACKFILL_AUTO
2026-06-19 09:15:04,1781860504,R_10,4836.775,-1,0.16300000000046566,BACKFILL_AUTO
2026-06-19 09:15:06,1781860506,R_10,4836.715,-1,0.05999999999949068,BACKFILL_AUTO
2026-06-19 09:15:08,1781860508,R_10,4836.768,1,0.052999999999883585,BACKFILL_AUTO
2026-06-19 09:15:10,1781860510,R_10,4836.822,1,0.05400000000008731,BACKFILL_AUTO
2026-06-19 09:15:12,1781860512,R_10,4836.736,-1,0.0860000000002401,BACKFILL_AUTO
2026-06-19 09:15:14,1781860514,R_10,4836.783,1,0.04700000000048021,BACKFILL_AUTO
2026-06-19 09:15:16,1781860516,R_10,4836.893,1,0.10999999999967258,BACKFILL_AUTO
2026-06-19 09:15:18,1781860518,R_10,4836.949,1,0.05599999999958527,BACKFILL_AUTO
2026-06-19 09:15:20,1781860520,R_10,4836.826,-1,0.12299999999959255,BACKFILL_AUTO
2026-06-19 09:15:22,1781860522,R_10,4836.922,1,0.09599999999954889,BACKFILL_AUTO
2026-06-19 09:15:24,1781860524,R_10,4836.829,-1,0.0929999999998472,BACKFILL_AUTO
2026-06-19 09:15:26,1781860526,R_10,4837.047,1,0.2179999999998472,BACKFILL_AUTO
2026-06-19 09:15:28,1781860528,R_10,4837.077,1,0.030000000000654836,BACKFILL_AUTO
2026-06-19 09:15:30,1781860530,R_10,4836.926,-1,0.15099999999983993,BACKFILL_AUTO
2026-06-19 09:15:32,1781860532,R_10,4836.78,-1,0.14600000000064028,BACKFILL_AUTO
2026-06-19 09:15:34,1781860534,R_10,4836.529,-1,0.25099999999929423,BACKFILL_AUTO
2026-06-19 09:15:36,1781860536,R_10,4836.637,1,0.10799999999926513,BACKFILL_AUTO
2026-06-19 09:15:38,1781860538,R_10,4836.726,1,0.08899999999994179,BACKFILL_AUTO
2026-06-19 09:15:40,1781860540,R_10,4836.804,1,0.07800000000042928,BACKFILL_AUTO
2026-06-19 09:15:42,1781860542,R_10,4836.625,-1,0.1790000000000873,BACKFILL_AUTO
2026-06-19 09:15:44,1781860544,R_10,4836.639,1,0.014000000000123691,BACKFILL_AUTO
2026-06-19 09:15:46,1781860546,R_10,4836.537,-1,0.10199999999986176,BACKFILL_AUTO
2026-06-19 09:15:48,1781860548,R_10,4836.419,-1,0.1180000000003929,BACKFILL_AUTO
2026-06-19 09:15:50,1781860550,R_10,4836.504,1,0.08500000000003638,BACKFILL_AUTO
2026-06-19 09:15:52,1781860552,R_10,4836.665,1,0.1610000000000582,BACKFILL_AUTO
2026-06-19 09:15:54,1781860554,R_10,4836.615,-1,0.0500000000001819,BACKFILL_AUTO
2026-06-19 09:15:56,1781860556,R_10,4836.715,1,0.1000000000003638,BACKFILL_AUTO
2026-06-19 09:15:58,1781860558,R_10,4836.623,-1,0.09200000000055297,BACKFILL_AUTO
2026-06-19 09:16:00,1781860560,R_10,4836.596,-1,0.027000000000043656,BACKFILL_AUTO
2026-06-19 09:16:02,1781860562,R_10,4836.788,1,0.19200000000000728,BACKFILL_AUTO
2026-06-19 09:16:04,1781860564,R_10,4836.787,-1,0.0009999999992942321,BACKFILL_AUTO
2026-06-19 09:16:06,1781860566,R_10,4836.699,-1,0.08800000000064756,BACKFILL_AUTO
2026-06-19 09:16:08,1781860568,R_10,4836.716,1,0.01700000000073487,BACKFILL_AUTO
2026-06-19 09:16:10,1781860570,R_10,4836.746,1,0.02999999999974534,BACKFILL_AUTO
2026-06-19 09:16:12,1781860572,R_10,4836.823,1,0.07700000000022555,BACKFILL_AUTO
2026-06-19 09:16:14,1781860574,R_10,4836.901,1,0.07799999999951979,BACKFILL_AUTO
2026-06-19 09:16:16,1781860576,R_10,4836.81,-1,0.09099999999943975,BACKFILL_AUTO
2026-06-19 09:16:18,1781860578,R_10,4836.815,1,0.004999999999199645,BACKFILL_AUTO
2026-06-19 09:16:20,1781860580,R_10,4836.904,1,0.08900000000085129,BACKFILL_AUTO
2026-06-19 09:16:22,1781860582,R_10,4836.66,-1,0.24400000000059663,BACKFILL_AUTO
2026-06-19 09:16:24,1781860584,R_10,4836.633,-1,0.027000000000043656,BACKFILL_AUTO
2026-06-19 09:16:26,1781860586,R_10,4836.649,1,0.016000000000531145,BACKFILL_AUTO
2026-06-19 09:16:28,1781860588,R_10,4836.849,1,0.1999999999998181,BACKFILL_AUTO
2026-06-19 09:16:30,1781860590,R_10,4837.194,1,0.34500000000025466,BACKFILL_AUTO
2026-06-19 09:16:32,1781860592,R_10,4837.165,-1,0.02900000000045111,BACKFILL_AUTO
2026-06-19 09:16:34,1781860594,R_10,4837.111,-1,0.05400000000008731,BACKFILL_AUTO
2026-06-19 09:16:36,1781860596,R_10,4836.918,-1,0.193000000000211,BACKFILL_AUTO
2026-06-19 09:16:38,1781860598,R_10,4837.001,1,0.08300000000053842,BACKFILL_AUTO
2026-06-19 09:16:40,1781860600,R_10,4836.79,-1,0.2110000000002401,BACKFILL_AUTO
2026-06-19 09:16:42,1781860602,R_10,4836.61,-1,0.18000000000029104,BACKFILL_AUTO
2026-06-19 09:16:44,1781860604,R_10,4836.504,-1,0.10599999999976717,BACKFILL_AUTO
2026-06-19 09:16:46,1781860606,R_10,4836.564,1,0.06000000000040018,BACKFILL_AUTO
2026-06-19 09:16:48,1781860608,R_10,4836.62,1,0.05599999999958527,BACKFILL_AUTO
2026-06-19 09:16:50,1781860610,R_10,4836.645,1,0.025000000000545697,BACKFILL_AUTO
2026-06-19 09:16:52,1781860612,R_10,4836.419,-1,0.22600000000056752,BACKFILL_AUTO
2026-06-19 09:16:54,1781860614,R_10,4836.249,-1,0.17000000000007276,BACKFILL_AUTO
2026-06-19 09:16:56,1781860616,R_10,4836.429,1,0.18000000000029104,BACKFILL_AUTO
2026-06-19 09:16:58,1781860618,R_10,4836.453,1,0.02400000000034197,BACKFILL_AUTO
2026-06-19 09:17:00,1781860620,R_10,4836.347,-1,0.10600000000067666,BACKFILL_AUTO
2026-06-19 09:17:02,1781860622,R_10,4836.324,-1,0.023000000000138243,BACKFILL_AUTO
2026-06-19 09:17:04,1781860624,R_10,4836.389,1,0.06500000000050932,BACKFILL_AUTO
2026-06-19 09:17:06,1781860626,R_10,4836.218,-1,0.1710000000002765,BACKFILL_AUTO
2026-06-19 09:17:08,1781860628,R_10,4836.549,1,0.33100000000013097,BACKFILL_AUTO
2026-06-19 09:17:10,1781860630,R_10,4836.679,1,0.13000000000010914,BACKFILL_AUTO
2026-06-19 09:17:12,1781860632,R_10,4836.54,-1,0.1390000000001237,BACKFILL_AUTO
2026-06-19 09:17:14,1781860634,R_10,4836.634,1,0.09400000000005093,BACKFILL_AUTO
2026-06-19 09:17:16,1781860636,R_10,4836.72,1,0.0860000000002401,BACKFILL_AUTO
2026-06-19 09:17:18,1781860638,R_10,4836.67,-1,0.0500000000001819,BACKFILL_AUTO
2026-06-19 09:17:20,1781860640,R_10,4836.883,1,0.21299999999973807,BACKFILL_AUTO
2026-06-19 09:17:22,1781860642,R_10,4836.773,-1,0.10999999999967258,BACKFILL_AUTO
2026-06-19 09:17:24,1781860644,R_10,4836.724,-1,0.04899999999997817,BACKFILL_AUTO
2026-06-19 09:17:26,1781860646,R_10,4836.56,-1,0.1639999999997599,BACKFILL_AUTO
2026-06-19 09:17:28,1781860648,R_10,4836.272,-1,0.28800000000046566,BACKFILL_AUTO
2026-06-19 09:17:30,1781860650,R_10,4836.226,-1,0.046000000000276486,BACKFILL_AUTO
2026-06-19 09:17:32,1781860652,R_10,4836.261,1,0.035000000000763976,BACKFILL_AUTO
2026-06-19 09:17:34,1781860654,R_10,4836.085,-1,0.17600000000038563,BACKFILL_AUTO
2026-06-19 09:17:36,1781860656,R_10,4836.092,1,0.006999999999607098,BACKFILL_AUTO
2026-06-19 09:17:38,1781860658,R_10,4835.947,-1,0.14499999999952706,BACKFILL_AUTO
2026-06-19 09:17:40,1781860660,R_10,4835.956,1,0.009000000000014552,BACKFILL_AUTO
2026-06-19 09:17:42,1781860662,R_10,4836.17,1,0.2139999999999418,BACKFILL_AUTO
2026-06-19 09:17:44,1781860664,R_10,4836.238,1,0.068000000000211,BACKFILL_AUTO
2026-06-19 09:17:46,1781860666,R_10,4836.343,1,0.10499999999956344,BACKFILL_AUTO
2026-06-19 09:17:48,1781860668,R_10,4836.341,-1,0.001999999999497959,BACKFILL_AUTO
2026-06-19 09:17:50,1781860670,R_10,4836.308,-1,0.03300000000035652,BACKFILL_AUTO
2026-06-19 09:17:52,1781860672,R_10,4836.408,1,0.1000000000003638,BACKFILL_AUTO
2026-06-19 09:17:54,1781860674,R_10,4836.493,1,0.08500000000003638,BACKFILL_AUTO
2026-06-19 09:17:56,1781860676,R_10,4836.587,1,0.09400000000005093,BACKFILL_AUTO
2026-06-19 09:17:58,1781860678,R_10,4836.559,-1,0.028000000000247383,BACKFILL_AUTO
2026-06-19 09:18:00,1781860680,R_10,4836.456,-1,0.10300000000006548,BACKFILL_AUTO
2026-06-19 09:18:02,1781860682,R_10,4836.34,-1,0.11599999999998545,BACKFILL_AUTO
2026-06-19 09:18:04,1781860684,R_10,4836.35,1,0.010000000000218279,BACKFILL_AUTO
2026-06-19 09:18:06,1781860686,R_10,4836.192,-1,0.15800000000035652,BACKFILL_AUTO
2026-06-19 09:18:08,1781860688,R_10,4836.39,1,0.19800000000032014,BACKFILL_AUTO
2026-06-19 09:18:10,1781860690,R_10,4836.717,1,0.32699999999931606,BACKFILL_AUTO
2026-06-19 09:18:12,1781860692,R_10,4836.741,1,0.02400000000034197,BACKFILL_AUTO
2026-06-19 09:18:14,1781860694,R_10,4836.784,1,0.042999999999665306,BACKFILL_AUTO
2026-06-19 09:18:16,1781860696,R_10,4836.924,1,0.14000000000032742,BACKFILL_AUTO
2026-06-19 09:18:18,1781860698,R_10,4837.06,1,0.136000000000422,BACKFILL_AUTO
2026-06-19 09:18:20,1781860700,R_10,4837.009,-1,0.051000000000385626,BACKFILL_AUTO
2026-06-19 09:18:22,1781860702,R_10,4837.042,1,0.03300000000035652,BACKFILL_AUTO
2026-06-19 09:18:24,1781860704,R_10,4837.077,1,0.03499999999985448,BACKFILL_AUTO
2026-06-19 09:18:26,1781860706,R_10,4836.966,-1,0.11099999999987631,BACKFILL_AUTO
2026-06-19 09:18:28,1781860708,R_10,4836.876,-1,0.09000000000014552,BACKFILL_AUTO
2026-06-19 09:18:30,1781860710,R_10,4836.806,-1,0.07000000000061846,BACKFILL_AUTO
2026-06-19 09:18:32,1781860712,R_10,4836.837,1,0.031000000000858563,BACKFILL_AUTO
2026-06-19 09:18:34,1781860714,R_10,4836.815,-1,0.02200000000084401,BACKFILL_AUTO
2026-06-19 09:18:36,1781860716,R_10,4836.754,-1,0.06099999999969441,BACKFILL_AUTO
2026-06-19 09:18:38,1781860718,R_10,4836.698,-1,0.05599999999958527,BACKFILL_AUTO
2026-06-19 09:18:40,1781860720,R_10,4836.56,-1,0.13799999999991996,BACKFILL_AUTO
2026-06-19 09:18:42,1781860722,R_10,4836.517,-1,0.0430000000005748,BACKFILL_AUTO
2026-06-19 09:18:44,1781860724,R_10,4836.44,-1,0.07700000000022555,BACKFILL_AUTO
2026-06-19 09:18:46,1781860726,R_10,4836.607,1,0.16700000000037107,BACKFILL_AUTO
2026-06-19 09:18:48,1781860728,R_10,4836.719,1,0.11200000000008004,BACKFILL_AUTO
2026-06-19 09:18:50,1781860730,R_10,4836.938,1,0.21900000000005093,BACKFILL_AUTO
2026-06-19 09:18:52,1781860732,R_10,4837.088,1,0.1499999999996362,BACKFILL_AUTO
2026-06-19 09:18:54,1781860734,R_10,4837.052,-1,0.03600000000005821,BACKFILL_AUTO
2026-06-19 09:18:56,1781860736,R_10,4836.975,-1,0.07699999999931606,BACKFILL_AUTO
2026-06-19 09:18:58,1781860738,R_10,4836.851,-1,0.12400000000070577,BACKFILL_AUTO
2026-06-19 09:19:00,1781860740,R_10,4836.727,-1,0.12399999999979627,BACKFILL_AUTO
2026-06-19 09:19:02,1781860742,R_10,4836.622,-1,0.10499999999956344,BACKFILL_AUTO
2026-06-19 09:19:04,1781860744,R_10,4836.473,-1,0.14900000000034197,BACKFILL_AUTO
2026-06-19 09:19:06,1781860746,R_10,4836.68,1,0.2070000000003347,BACKFILL_AUTO
2026-06-19 09:19:08,1781860748,R_10,4836.577,-1,0.10300000000006548,BACKFILL_AUTO
2026-06-19 09:19:10,1781860750,R_10,4836.564,-1,0.012999999999919964,BACKFILL_AUTO
2026-06-19 09:19:12,1781860752,R_10,4836.756,1,0.19200000000000728,BACKFILL_AUTO
2026-06-19 09:19:14,1781860754,R_10,4836.811,1,0.054999999999381544,BACKFILL_AUTO
2026-06-19 09:19:16,1781860756,R_10,4837.031,1,0.22000000000025466,BACKFILL_AUTO
2026-06-19 09:19:18,1781860758,R_10,4837.255,1,0.22400000000016007,BACKFILL_AUTO
2026-06-19 09:19:20,1781860760,R_10,4837.132,-1,0.12300000000050204,BACKFILL_AUTO
2026-06-19 09:19:22,1781860762,R_10,4836.9,-1,0.2319999999999709,BACKFILL_AUTO
2026-06-19 09:19:24,1781860764,R_10,4837.212,1,0.31200000000080763,BACKFILL_AUTO
2026-06-19 09:19:26,1781860766,R_10,4837.214,1,0.001999999999497959,BACKFILL_AUTO
2026-06-19 09:19:28,1781860768,R_10,4837.09,-1,0.12399999999979627,BACKFILL_AUTO
2026-06-19 09:19:30,1781860770,R_10,4837.056,-1,0.03400000000056025,BACKFILL_AUTO
2026-06-19 09:19:32,1781860772,R_10,4837.291,1,0.23500000000058208,BACKFILL_AUTO
2026-06-19 09:19:34,1781860774,R_10,4837.387,1,0.09599999999954889,BACKFILL_AUTO
2026-06-19 09:19:36,1781860776,R_10,4837.442,1,0.05500000000029104,BACKFILL_AUTO
2026-06-19 09:19:38,1781860778,R_10,4837.426,-1,0.01599999999962165,BACKFILL_AUTO
2026-06-19 09:19:40,1781860780,R_10,4837.275,-1,0.15100000000074942,BACKFILL_AUTO
2026-06-19 09:19:42,1781860782,R_10,4837.349,1,0.07400000000052387,BACKFILL_AUTO
2026-06-19 09:19:44,1781860784,R_10,4837.154,-1,0.19499999999970896,BACKFILL_AUTO
2026-06-19 09:19:46,1781860786,R_10,4837.161,1,0.006999999999607098,BACKFILL_AUTO
2026-06-19 09:19:48,1781860788,R_10,4837.141,-1,0.020000000000436557,BACKFILL_AUTO
2026-06-19 09:19:50,1781860790,R_10,4837.154,1,0.01300000000082946,BACKFILL_AUTO
2026-06-19 09:19:52,1781860792,R_10,4837.344,1,0.18999999999959982,BACKFILL_AUTO
2026-06-19 09:19:54,1781860794,R_10,4837.289,-1,0.05500000000029104,BACKFILL_AUTO
2026-06-19 09:19:56,1781860796,R_10,4837.368,1,0.07900000000063301,BACKFILL_AUTO
2026-06-19 09:19:58,1781860798,R_10,4837.364,-1,0.004000000000814907,BACKFILL_AUTO
2026-06-19 09:20:00,1781860800,R_10,4837.251,-1,0.11299999999937427,BACKFILL_AUTO
2026-06-19 09:20:02,1781860802,R_10,4837.215,-1,0.03600000000005821,BACKFILL_AUTO
2026-06-19 09:20:04,1781860804,R_10,4837.244,1,0.028999999999541615,BACKFILL_AUTO
2026-06-19 09:20:06,1781860806,R_10,4837.186,-1,0.057999999999992724,BACKFILL_AUTO
2026-06-19 09:20:08,1781860808,R_10,4837.166,-1,0.019999999999527063,BACKFILL_AUTO
2026-06-19 09:20:10,1781860810,R_10,4837.188,1,0.021999999999934516,BACKFILL_AUTO
2026-06-19 09:20:12,1781860812,R_10,4837.233,1,0.04500000000007276,BACKFILL_AUTO
2026-06-19 09:20:14,1781860814,R_10,4837.252,1,0.01900000000023283,BACKFILL_AUTO
2026-06-19 09:20:16,1781860816,R_10,4837.147,-1,0.10500000000047294,BACKFILL_AUTO
2026-06-19 09:20:18,1781860818,R_10,4837.047,-1,0.1000000000003638,BACKFILL_AUTO
2026-06-19 09:20:20,1781860820,R_10,4837.059,1,0.012000000000625732,BACKFILL_AUTO
2026-06-19 09:20:22,1781860822,R_10,4836.974,-1,0.08500000000003638,BACKFILL_AUTO
2026-06-19 09:20:24,1781860824,R_10,4836.976,1,0.001999999999497959,BACKFILL_AUTO
2026-06-19 09:20:26,1781860826,R_10,4836.755,-1,0.2209999999995489,BACKFILL_AUTO
2026-06-19 09:20:28,1781860828,R_10,4836.527,-1,0.22800000000006548,BACKFILL_AUTO
2026-06-19 09:20:30,1781860830,R_10,4836.65,1,0.12299999999959255,BACKFILL_AUTO
2026-06-19 09:20:32,1781860832,R_10,4836.469,-1,0.18099999999958527,BACKFILL_AUTO
2026-06-19 09:20:34,1781860834,R_10,4836.444,-1,0.024999999999636202,BACKFILL_AUTO
2026-06-19 09:20:36,1781860836,R_10,4836.253,-1,0.19100000000071304,BACKFILL_AUTO
2026-06-19 09:20:38,1781860838,R_10,4836.518,1,0.2650000000003274,BACKFILL_AUTO
2026-06-19 09:20:40,1781860840,R_10,4836.741,1,0.22299999999995634,BACKFILL_AUTO
2026-06-19 09:20:42,1781860842,R_10,4836.773,1,0.032000000000152795,BACKFILL_AUTO
2026-06-19 09:20:44,1781860844,R_10,4836.521,-1,0.25200000000040745,BACKFILL_AUTO
2026-06-19 09:20:46,1781860846,R_10,4836.551,1,0.030000000000654836,BACKFILL_AUTO
2026-06-19 09:20:48,1781860848,R_10,4836.398,-1,0.15300000000024738,BACKFILL_AUTO
2026-06-19 09:20:50,1781860850,R_10,4836.383,-1,0.015000000000327418,BACKFILL_AUTO
2026-06-19 09:20:52,1781860852,R_10,4836.298,-1,0.08500000000003638,BACKFILL_AUTO
2026-06-19 09:20:54,1781860854,R_10,4836.24,-1,0.057999999999992724,BACKFILL_AUTO
2026-06-19 09:20:56,1781860856,R_10,4836.179,-1,0.06099999999969441,BACKFILL_AUTO
2026-06-19 09:20:58,1781860858,R_10,4836.099,-1,0.07999999999992724,BACKFILL_AUTO
2026-06-19 09:21:00,1781860860,R_10,4836.027,-1,0.07200000000011642,BACKFILL_AUTO
2026-06-19 09:21:02,1781860862,R_10,4835.87,-1,0.1570000000001528,BACKFILL_AUTO
2026-06-19 09:21:04,1781860864,R_10,4836.099,1,0.2290000000002692,BACKFILL_AUTO
2026-06-19 09:21:06,1781860866,R_10,4836.21,1,0.11099999999987631,BACKFILL_AUTO
2026-06-19 09:21:08,1781860868,R_10,4836.069,-1,0.14099999999962165,BACKFILL_AUTO
2026-06-19 09:21:10,1781860870,R_10,4836.044,-1,0.025000000000545697,BACKFILL_AUTO
2026-06-19 09:21:12,1781860872,R_10,4836.041,-1,0.0029999999997016857,BACKFILL_AUTO
2026-06-19 09:21:14,1781860874,R_10,4836.088,1,0.04699999999957072,BACKFILL_AUTO
2026-06-19 09:21:16,1781860876,R_10,4836.072,-1,0.01599999999962165,BACKFILL_AUTO
2026-06-19 09:21:18,1781860878,R_10,4835.947,-1,0.125,BACKFILL_AUTO
2026-06-19 09:21:20,1781860880,R_10,4836.085,1,0.13799999999991996,BACKFILL_AUTO
2026-06-19 09:21:22,1781860882,R_10,4835.912,-1,0.17299999999977445,BACKFILL_AUTO
2026-06-19 09:21:24,1781860884,R_10,4836.011,1,0.09900000000016007,BACKFILL_AUTO
2026-06-19 09:21:26,1781860886,R_10,4835.949,-1,0.06200000000080763,BACKFILL_AUTO
2026-06-19 09:21:28,1781860888,R_10,4835.851,-1,0.09799999999995634,BACKFILL_AUTO
2026-06-19 09:21:30,1781860890,R_10,4835.787,-1,0.0639999999993961,BACKFILL_AUTO
2026-06-19 09:21:32,1781860892,R_10,4835.838,1,0.05099999999947613,BACKFILL_AUTO
2026-06-19 09:21:34,1781860894,R_10,4835.739,-1,0.09900000000016007,BACKFILL_AUTO
2026-06-19 09:21:36,1781860896,R_10,4835.616,-1,0.12299999999959255,BACKFILL_AUTO
2026-06-19 09:21:38,1781860898,R_10,4835.687,1,0.07099999999991269,BACKFILL_AUTO
2026-06-19 09:21:40,1781860900,R_10,4835.627,-1,0.05999999999949068,BACKFILL_AUTO
2026-06-19 09:21:42,1781860902,R_10,4835.825,1,0.19799999999941065,BACKFILL_AUTO
2026-06-19 09:21:44,1781860904,R_10,4835.826,1,0.0010000000002037268,BACKFILL_AUTO
2026-06-19 09:21:46,1781860906,R_10,4835.993,1,0.16700000000037107,BACKFILL_AUTO
2026-06-19 09:21:48,1781860908,R_10,4836.016,1,0.02299999999922875,BACKFILL_AUTO
2026-06-19 09:21:50,1781860910,R_10,4835.787,-1,0.22899999999935972,BACKFILL_AUTO
2026-06-19 09:21:52,1781860912,R_10,4835.907,1,0.11999999999989086,BACKFILL_AUTO
2026-06-19 09:21:54,1781860914,R_10,4836.062,1,0.15499999999974534,BACKFILL_AUTO
2026-06-19 09:21:56,1781860916,R_10,4835.963,-1,0.09900000000016007,BACKFILL_AUTO
2026-06-19 09:21:58,1781860918,R_10,4835.883,-1,0.07999999999992724,BACKFILL_AUTO
2026-06-19 09:22:00,1781860920,R_10,4835.879,-1,0.0039999999999054126,BACKFILL_AUTO
2026-06-19 09:22:02,1781860922,R_10,4835.989,1,0.10999999999967258,BACKFILL_AUTO
2026-06-19 09:22:04,1781860924,R_10,4835.803,-1,0.1859999999996944,BACKFILL_AUTO
2026-06-19 09:22:06,1781860926,R_10,4835.729,-1,0.07399999999961437,BACKFILL_AUTO
2026-06-19 09:22:08,1781860928,R_10,4835.547,-1,0.1820000000006985,BACKFILL_AUTO
2026-06-19 09:22:10,1781860930,R_10,4835.652,1,0.10500000000047294,BACKFILL_AUTO
2026-06-19 09:22:12,1781860932,R_10,4835.707,1,0.05500000000029104,BACKFILL_AUTO
2026-06-19 09:22:14,1781860934,R_10,4835.41,-1,0.2970000000004802,BACKFILL_AUTO
2026-06-19 09:22:16,1781860936,R_10,4835.438,1,0.028000000000247383,BACKFILL_AUTO
2026-06-19 09:22:18,1781860938,R_10,4835.547,1,0.10899999999946886,BACKFILL_AUTO
2026-06-19 09:22:20,1781860940,R_10,4835.557,1,0.010000000000218279,BACKFILL_AUTO
2026-06-19 09:22:22,1781860942,R_10,4835.367,-1,0.18999999999959982,BACKFILL_AUTO
2026-06-19 09:22:24,1781860944,R_10,4835.204,-1,0.16300000000046566,BACKFILL_AUTO
2026-06-19 09:22:26,1781860946,R_10,4835.231,1,0.027000000000043656,BACKFILL_AUTO
2026-06-19 09:22:28,1781860948,R_10,4835.247,1,0.016000000000531145,BACKFILL_AUTO
2026-06-19 09:22:30,1781860950,R_10,4835.265,1,0.018000000000029104,BACKFILL_AUTO
2026-06-19 09:22:32,1781860952,R_10,4835.102,-1,0.16300000000046566,BACKFILL_AUTO
2026-06-19 09:22:34,1781860954,R_10,4835.035,-1,0.06700000000000728,BACKFILL_AUTO
2026-06-19 09:22:36,1781860956,R_10,4835.071,1,0.03600000000005821,BACKFILL_AUTO
2026-06-19 09:22:38,1781860958,R_10,4835.075,1,0.0039999999999054126,BACKFILL_AUTO
2026-06-19 09:22:40,1781860960,R_10,4834.958,-1,0.11700000000018917,BACKFILL_AUTO
2026-06-19 09:22:42,1781860962,R_10,4834.708,-1,0.25,BACKFILL_AUTO
2026-06-19 09:22:44,1781860964,R_10,4834.589,-1,0.11899999999968713,BACKFILL_AUTO
2026-06-19 09:22:46,1781860966,R_10,4834.465,-1,0.12399999999979627,BACKFILL_AUTO
2026-06-19 09:22:48,1781860968,R_10,4834.305,-1,0.15999999999985448,BACKFILL_AUTO
2026-06-19 09:22:50,1781860970,R_10,4834.346,1,0.04099999999925785,BACKFILL_AUTO
2026-06-19 09:22:52,1781860972,R_10,4834.373,1,0.027000000000043656,BACKFILL_AUTO
2026-06-19 09:22:54,1781860974,R_10,4834.388,1,0.015000000000327418,BACKFILL_AUTO
2026-06-19 09:22:56,1781860976,R_10,4834.404,1,0.016000000000531145,BACKFILL_AUTO
2026-06-19 09:22:58,1781860978,R_10,4834.292,-1,0.11200000000008004,BACKFILL_AUTO
2026-06-19 09:23:00,1781860980,R_10,4834.15,-1,0.14200000000073487,BACKFILL_AUTO
2026-06-19 09:23:02,1781860982,R_10,4834.198,1,0.04800000000068394,BACKFILL_AUTO
2026-06-19 09:23:04,1781860984,R_10,4833.976,-1,0.2220000000006621,BACKFILL_AUTO
2026-06-19 09:23:06,1781860986,R_10,4834.132,1,0.15599999999994907,BACKFILL_AUTO
2026-06-19 09:23:08,1781860988,R_10,4834.013,-1,0.11899999999968713,BACKFILL_AUTO
2026-06-19 09:23:10,1781860990,R_10,4833.955,-1,0.057999999999992724,BACKFILL_AUTO
2026-06-19 09:23:12,1781860992,R_10,4834.011,1,0.056000000000494765,BACKFILL_AUTO
2026-06-19 09:23:14,1781860994,R_10,4834.03,1,0.018999999999323336,BACKFILL_AUTO
2026-06-19 09:23:16,1781860996,R_10,4833.918,-1,0.11200000000008004,BACKFILL_AUTO
2026-06-19 09:23:18,1781860998,R_10,4833.829,-1,0.08899999999994179,BACKFILL_AUTO
2026-06-19 09:23:20,1781861000,R_10,4834.093,1,0.2640000000001237,BACKFILL_AUTO
2026-06-19 09:23:22,1781861002,R_10,4834.033,-1,0.05999999999949068,BACKFILL_AUTO
2026-06-19 09:23:24,1781861004,R_10,4834.125,1,0.09199999999964348,BACKFILL_AUTO
2026-06-19 09:23:26,1781861006,R_10,4834.011,-1,0.113999999999578,BACKFILL_AUTO
2026-06-19 09:23:28,1781861008,R_10,4834.004,-1,0.007000000000516593,BACKFILL_AUTO
2026-06-19 09:23:30,1781861010,R_10,4834.099,1,0.09500000000025466,BACKFILL_AUTO
2026-06-19 09:23:32,1781861012,R_10,4834.013,-1,0.0860000000002401,BACKFILL_AUTO
2026-06-19 09:23:34,1781861014,R_10,4834.147,1,0.13400000000001455,BACKFILL_AUTO
2026-06-19 09:23:36,1781861016,R_10,4834.277,1,0.13000000000010914,BACKFILL_AUTO
2026-06-19 09:23:38,1781861018,R_10,4834.335,1,0.057999999999992724,BACKFILL_AUTO
2026-06-19 09:23:40,1781861020,R_10,4834.412,1,0.07700000000022555,BACKFILL_AUTO
2026-06-19 09:23:42,1781861022,R_10,4834.229,-1,0.18299999999999272,BACKFILL_AUTO
2026-06-19 09:23:44,1781861024,R_10,4834.175,-1,0.05400000000008731,BACKFILL_AUTO
2026-06-19 09:23:46,1781861026,R_10,4834.337,1,0.16200000000026193,BACKFILL_AUTO
2026-06-19 09:23:48,1781861028,R_10,4834.397,1,0.05999999999949068,BACKFILL_AUTO
2026-06-19 09:23:50,1781861030,R_10,4834.322,-1,0.0749999999998181,BACKFILL_AUTO
2026-06-19 09:23:52,1781861032,R_10,4834.433,1,0.11099999999987631,BACKFILL_AUTO
2026-06-19 09:23:54,1781861034,R_10,4834.37,-1,0.06300000000010186,BACKFILL_AUTO
2026-06-19 09:23:56,1781861036,R_10,4834.302,-1,0.068000000000211,BACKFILL_AUTO
2026-06-19 09:23:58,1781861038,R_10,4834.153,-1,0.14899999999943248,BACKFILL_AUTO
2026-06-19 09:24:00,1781861040,R_10,4833.966,-1,0.18699999999989814,BACKFILL_AUTO
2026-06-19 09:24:02,1781861042,R_10,4833.943,-1,0.023000000000138243,BACKFILL_AUTO
2026-06-19 09:24:04,1781861044,R_10,4833.862,-1,0.08100000000013097,BACKFILL_AUTO
2026-06-19 09:24:06,1781861046,R_10,4833.823,-1,0.03899999999975989,BACKFILL_AUTO
2026-06-19 09:24:08,1781861048,R_10,4833.802,-1,0.021000000000640284,BACKFILL_AUTO
2026-06-19 09:24:10,1781861050,R_10,4833.651,-1,0.15099999999983993,BACKFILL_AUTO
2026-06-19 09:24:12,1781861052,R_10,4833.448,-1,0.2029999999995198,BACKFILL_AUTO
2026-06-19 09:24:14,1781861054,R_10,4833.445,-1,0.0030000000006111804,BACKFILL_AUTO
2026-06-19 09:24:16,1781861056,R_10,4833.271,-1,0.17399999999997817,BACKFILL_AUTO
2026-06-19 09:24:18,1781861058,R_10,4833.158,-1,0.11299999999937427,BACKFILL_AUTO
2026-06-19 09:24:20,1781861060,R_10,4833.093,-1,0.06500000000050932,BACKFILL_AUTO
2026-06-19 09:24:22,1781861062,R_10,4833.068,-1,0.024999999999636202,BACKFILL_AUTO
2026-06-19 09:24:24,1781861064,R_10,4833.035,-1,0.03300000000035652,BACKFILL_AUTO
2026-06-19 09:24:26,1781861066,R_10,4833.02,-1,0.014999999999417923,BACKFILL_AUTO
2026-06-19 09:24:28,1781861068,R_10,4832.913,-1,0.10700000000088039,BACKFILL_AUTO
2026-06-19 09:24:30,1781861070,R_10,4832.746,-1,0.16699999999946158,BACKFILL_AUTO
2026-06-19 09:24:32,1781861072,R_10,4832.558,-1,0.18800000000010186,BACKFILL_AUTO
2026-06-19 09:24:34,1781861074,R_10,4832.619,1,0.06099999999969441,BACKFILL_AUTO
2026-06-19 09:24:36,1781861076,R_10,4832.467,-1,0.15200000000004366,BACKFILL_AUTO
2026-06-19 09:24:38,1781861078,R_10,4832.507,1,0.03999999999996362,BACKFILL_AUTO
2026-06-19 09:24:40,1781861080,R_10,4832.581,1,0.07400000000052387,BACKFILL_AUTO
2026-06-19 09:24:42,1781861082,R_10,4832.696,1,0.11499999999978172,BACKFILL_AUTO
2026-06-19 09:24:44,1781861084,R_10,4832.672,-1,0.02400000000034197,BACKFILL_AUTO
2026-06-19 09:24:46,1781861086,R_10,4832.568,-1,0.10399999999935972,BACKFILL_AUTO
2026-06-19 09:24:48,1781861088,R_10,4832.734,1,0.16600000000016735,BACKFILL_AUTO
2026-06-19 09:24:50,1781861090,R_10,4832.743,1,0.009000000000014552,BACKFILL_AUTO
2026-06-19 09:24:52,1781861092,R_10,4832.698,-1,0.04500000000007276,BACKFILL_AUTO
2026-06-19 09:24:54,1781861094,R_10,4832.706,1,0.007999999999810825,BACKFILL_AUTO
2026-06-19 09:24:56,1781861096,R_10,4832.658,-1,0.047999999999774445,BACKFILL_AUTO
2026-06-19 09:24:58,1781861098,R_10,4832.617,-1,0.04100000000016735,BACKFILL_AUTO
2026-06-19 09:25:00,1781861100,R_10,4832.651,1,0.033999999999650754,BACKFILL_AUTO
2026-06-19 09:25:02,1781861102,R_10,4832.629,-1,0.021999999999934516,BACKFILL_AUTO
2026-06-19 09:25:04,1781861104,R_10,4832.713,1,0.08399999999983265,BACKFILL_AUTO
2026-06-19 09:25:06,1781861106,R_10,4832.788,1,0.0749999999998181,BACKFILL_AUTO
2026-06-19 09:25:08,1781861108,R_10,4832.585,-1,0.2029999999995198,BACKFILL_AUTO
2026-06-19 09:25:10,1781861110,R_10,4832.574,-1,0.011000000000422006,BACKFILL_AUTO
2026-06-19 09:25:12,1781861112,R_10,4832.689,1,0.11500000000069122,BACKFILL_AUTO
2026-06-19 09:25:14,1781861114,R_10,4832.931,1,0.24199999999927968,BACKFILL_AUTO
2026-06-19 09:25:16,1781861116,R_10,4832.963,1,0.032000000000152795,BACKFILL_AUTO
2026-06-19 09:25:18,1781861118,R_10,4832.987,1,0.02400000000034197,BACKFILL_AUTO
2026-06-19 09:25:20,1781861120,R_10,4832.837,-1,0.1499999999996362,BACKFILL_AUTO
2026-06-19 09:25:22,1781861122,R_10,4832.747,-1,0.09000000000014552,BACKFILL_AUTO
2026-06-19 09:25:24,1781861124,R_10,4832.538,-1,0.20900000000074215,BACKFILL_AUTO
2026-06-19 09:25:26,1781861126,R_10,4832.58,1,0.042000000000371074,BACKFILL_AUTO
2026-06-19 09:25:28,1781861128,R_10,4832.578,-1,0.001999999999497959,BACKFILL_AUTO
2026-06-19 09:25:30,1781861130,R_10,4832.727,1,0.14899999999943248,BACKFILL_AUTO
2026-06-19 09:25:32,1781861132,R_10,4832.696,-1,0.03099999999994907,BACKFILL_AUTO
2026-06-19 09:25:34,1781861134,R_10,4832.656,-1,0.03999999999996362,BACKFILL_AUTO
2026-06-19 09:25:36,1781861136,R_10,4832.91,1,0.2539999999999054,BACKFILL_AUTO
2026-06-19 09:25:38,1781861138,R_10,4833.167,1,0.2570000000005166,BACKFILL_AUTO
2026-06-19 09:25:40,1781861140,R_10,4833.275,1,0.10799999999926513,BACKFILL_AUTO
2026-06-19 09:25:42,1781861142,R_10,4833.452,1,0.17700000000058935,BACKFILL_AUTO
2026-06-19 09:25:44,1781861144,R_10,4833.382,-1,0.07000000000061846,BACKFILL_AUTO
2026-06-19 09:25:46,1781861146,R_10,4833.472,1,0.09000000000014552,BACKFILL_AUTO
2026-06-19 09:25:48,1781861148,R_10,4833.403,-1,0.06899999999950523,BACKFILL_AUTO
2026-06-19 09:25:50,1781861150,R_10,4833.457,1,0.05400000000008731,BACKFILL_AUTO
2026-06-19 09:25:52,1781861152,R_10,4833.533,1,0.07600000000002183,BACKFILL_AUTO
2026-06-19 09:25:54,1781861154,R_10,4833.369,-1,0.1640000000006694,BACKFILL_AUTO
2026-06-19 09:25:56,1781861156,R_10,4833.571,1,0.20200000000022555,BACKFILL_AUTO
2026-06-19 09:25:58,1781861158,R_10,4833.382,-1,0.1890000000003056,BACKFILL_AUTO
2026-06-19 09:26:00,1781861160,R_10,4833.144,-1,0.23799999999937427,BACKFILL_AUTO
2026-06-19 09:26:02,1781861162,R_10,4833.388,1,0.24399999999968713,BACKFILL_AUTO
2026-06-19 09:26:04,1781861164,R_10,4833.36,-1,0.028000000000247383,BACKFILL_AUTO
2026-06-19 09:26:06,1781861166,R_10,4833.319,-1,0.04099999999925785,BACKFILL_AUTO
2026-06-19 09:26:08,1781861168,R_10,4833.164,-1,0.15500000000065484,BACKFILL_AUTO
2026-06-19 09:26:10,1781861170,R_10,4833.107,-1,0.056999999999789,BACKFILL_AUTO
2026-06-19 09:26:12,1781861172,R_10,4833.14,1,0.03300000000035652,BACKFILL_AUTO
2026-06-19 09:26:14,1781861174,R_10,4833.142,1,0.001999999999497959,BACKFILL_AUTO
2026-06-19 09:26:16,1781861176,R_10,4833.189,1,0.04700000000048021,BACKFILL_AUTO
2026-06-19 09:26:18,1781861178,R_10,4833.238,1,0.04899999999997817,BACKFILL_AUTO
2026-06-19 09:26:20,1781861180,R_10,4833.163,-1,0.0750000000007276,BACKFILL_AUTO
2026-06-19 09:26:22,1781861182,R_10,4833.157,-1,0.0059999999994033715,BACKFILL_AUTO
2026-06-19 09:26:24,1781861184,R_10,4832.934,-1,0.22299999999995634,BACKFILL_AUTO
2026-06-19 09:26:26,1781861186,R_10,4832.977,1,0.042999999999665306,BACKFILL_AUTO
2026-06-19 09:26:28,1781861188,R_10,4833.108,1,0.13100000000031287,BACKFILL_AUTO
2026-06-19 09:26:30,1781861190,R_10,4833.139,1,0.03099999999994907,BACKFILL_AUTO
2026-06-19 09:26:32,1781861192,R_10,4833.007,-1,0.1320000000005166,BACKFILL_AUTO
2026-06-19 09:26:34,1781861194,R_10,4833.085,1,0.07800000000042928,BACKFILL_AUTO
2026-06-19 09:26:36,1781861196,R_10,4833.013,-1,0.07200000000011642,BACKFILL_AUTO
2026-06-19 09:26:38,1781861198,R_10,4833.083,1,0.06999999999970896,BACKFILL_AUTO
2026-06-19 09:26:40,1781861200,R_10,4832.971,-1,0.11200000000008004,BACKFILL_AUTO
2026-06-19 09:26:42,1781861202,R_10,4832.91,-1,0.06099999999969441,BACKFILL_AUTO
2026-06-19 09:26:44,1781861204,R_10,4832.917,1,0.007000000000516593,BACKFILL_AUTO
2026-06-19 09:26:46,1781861206,R_10,4832.959,1,0.04199999999946158,BACKFILL_AUTO
2026-06-19 09:26:48,1781861208,R_10,4832.811,-1,0.14800000000013824,BACKFILL_AUTO
2026-06-19 09:26:50,1781861210,R_10,4832.947,1,0.136000000000422,BACKFILL_AUTO
2026-06-19 09:26:52,1781861212,R_10,4832.98,1,0.03299999999944703,BACKFILL_AUTO
2026-06-19 09:26:54,1781861214,R_10,4833.084,1,0.10400000000026921,BACKFILL_AUTO
2026-06-19 09:26:56,1781861216,R_10,4832.979,-1,0.10499999999956344,BACKFILL_AUTO
2026-06-19 09:26:58,1781861218,R_10,4832.928,-1,0.051000000000385626,BACKFILL_AUTO
2026-06-19 09:27:00,1781861220,R_10,4832.713,-1,0.21500000000014552,BACKFILL_AUTO
2026-06-19 09:27:02,1781861222,R_10,4832.658,-1,0.054999999999381544,BACKFILL_AUTO
2026-06-19 09:27:04,1781861224,R_10,4832.809,1,0.15099999999983993,BACKFILL_AUTO
2026-06-19 09:27:06,1781861226,R_10,4832.905,1,0.09599999999954889,BACKFILL_AUTO
2026-06-19 09:27:08,1781861228,R_10,4832.788,-1,0.11700000000018917,BACKFILL_AUTO
2026-06-19 09:27:10,1781861230,R_10,4832.662,-1,0.12599999999929423,BACKFILL_AUTO
2026-06-19 09:27:12,1781861232,R_10,4832.699,1,0.03699999999935244,BACKFILL_AUTO
2026-06-19 09:27:14,1781861234,R_10,4832.794,1,0.09500000000025466,BACKFILL_AUTO
2026-06-19 09:27:16,1781861236,R_10,4832.863,1,0.06900000000041473,BACKFILL_AUTO
2026-06-19 09:27:18,1781861238,R_10,4832.938,1,0.0749999999998181,BACKFILL_AUTO
2026-06-19 09:27:20,1781861240,R_10,4832.841,-1,0.09699999999975262,BACKFILL_AUTO
2026-06-19 09:27:22,1781861242,R_10,4832.858,1,0.016999999999825377,BACKFILL_AUTO
2026-06-19 09:27:24,1781861244,R_10,4832.638,-1,0.22000000000025466,BACKFILL_AUTO
2026-06-19 09:27:26,1781861246,R_10,4832.547,-1,0.09100000000034925,BACKFILL_AUTO
2026-06-19 09:27:28,1781861248,R_10,4832.321,-1,0.22599999999965803,BACKFILL_AUTO
2026-06-19 09:27:30,1781861250,R_10,4832.334,1,0.012999999999919964,BACKFILL_AUTO
2026-06-19 09:27:32,1781861252,R_10,4832.405,1,0.07099999999991269,BACKFILL_AUTO
2026-06-19 09:27:34,1781861254,R_10,4832.441,1,0.03600000000005821,BACKFILL_AUTO
2026-06-19 09:27:36,1781861256,R_10,4832.455,1,0.014000000000123691,BACKFILL_AUTO
2026-06-19 09:27:38,1781861258,R_10,4832.424,-1,0.03099999999994907,BACKFILL_AUTO
2026-06-19 09:27:40,1781861260,R_10,4832.381,-1,0.042999999999665306,BACKFILL_AUTO
2026-06-19 09:27:42,1781861262,R_10,4832.358,-1,0.023000000000138243,BACKFILL_AUTO
2026-06-19 09:27:44,1781861264,R_10,4832.453,1,0.09500000000025466,BACKFILL_AUTO
2026-06-19 09:27:46,1781861266,R_10,4832.557,1,0.10399999999935972,BACKFILL_AUTO
2026-06-19 09:27:48,1781861268,R_10,4832.298,-1,0.25900000000001455,BACKFILL_AUTO
2026-06-19 09:27:50,1781861270,R_10,4832.266,-1,0.032000000000152795,BACKFILL_AUTO
2026-06-19 09:27:52,1781861272,R_10,4832.147,-1,0.11899999999968713,BACKFILL_AUTO
2026-06-19 09:27:54,1781861274,R_10,4832.181,1,0.033999999999650754,BACKFILL_AUTO
2026-06-19 09:27:56,1781861276,R_10,4832.262,1,0.08100000000013097,BACKFILL_AUTO
2026-06-19 09:27:58,1781861278,R_10,4832.472,1,0.21000000000003638,BACKFILL_AUTO
2026-06-19 09:28:00,1781861280,R_10,4832.424,-1,0.047999999999774445,BACKFILL_AUTO
2026-06-19 09:28:02,1781861282,R_10,4832.424,0,0.0,BACKFILL_AUTO
2026-06-19 09:28:04,1781861284,R_10,4832.462,1,0.03800000000046566,BACKFILL_AUTO
2026-06-19 09:28:06,1781861286,R_10,4832.381,-1,0.08100000000013097,BACKFILL_AUTO
2026-06-19 09:28:08,1781861288,R_10,4832.209,-1,0.1720000000004802,BACKFILL_AUTO
2026-06-19 09:28:10,1781861290,R_10,4832.09,-1,0.11899999999968713,BACKFILL_AUTO
2026-06-19 09:28:12,1781861292,R_10,4832.017,-1,0.07300000000032014,BACKFILL_AUTO
2026-06-19 09:28:14,1781861294,R_10,4831.947,-1,0.06999999999970896,BACKFILL_AUTO
2026-06-19 09:28:16,1781861296,R_10,4832.168,1,0.2209999999995489,BACKFILL_AUTO
2026-06-19 09:28:18,1781861298,R_10,4832.208,1,0.03999999999996362,BACKFILL_AUTO
2026-06-19 09:28:20,1781861300,R_10,4832.066,-1,0.14199999999982538,BACKFILL_AUTO
2026-06-19 09:28:22,1781861302,R_10,4832.313,1,0.24700000000029831,BACKFILL_AUTO
2026-06-19 09:28:24,1781861304,R_10,4832.196,-1,0.11700000000018917,BACKFILL_AUTO
2026-06-19 09:28:26,1781861306,R_10,4832.367,1,0.1710000000002765,BACKFILL_AUTO
2026-06-19 09:28:28,1781861308,R_10,4832.334,-1,0.03300000000035652,BACKFILL_AUTO
2026-06-19 09:28:30,1781861310,R_10,4832.346,1,0.011999999999716238,BACKFILL_AUTO
2026-06-19 09:28:32,1781861312,R_10,4832.388,1,0.042000000000371074,BACKFILL_AUTO
2026-06-19 09:28:34,1781861314,R_10,4832.367,-1,0.02099999999973079,BACKFILL_AUTO
2026-06-19 09:28:36,1781861316,R_10,4832.123,-1,0.24400000000059663,BACKFILL_AUTO
2026-06-19 09:28:38,1781861318,R_10,4832.113,-1,0.009999999999308784,BACKFILL_AUTO
2026-06-19 09:28:40,1781861320,R_10,4832.105,-1,0.00800000000072032,BACKFILL_AUTO
2026-06-19 09:28:42,1781861322,R_10,4831.933,-1,0.17199999999957072,BACKFILL_AUTO
2026-06-19 09:28:44,1781861324,R_10,4832.11,1,0.17699999999967986,BACKFILL_AUTO
2026-06-19 09:28:46,1781861326,R_10,4831.926,-1,0.18399999999928696,BACKFILL_AUTO
2026-06-19 09:28:48,1781861328,R_10,4831.79,-1,0.136000000000422,BACKFILL_AUTO
2026-06-19 09:28:50,1781861330,R_10,4831.769,-1,0.02099999999973079,BACKFILL_AUTO
2026-06-19 09:28:52,1781861332,R_10,4832.21,1,0.44099999999980355,BACKFILL_AUTO
2026-06-19 09:28:54,1781861334,R_10,4832.115,-1,0.09500000000025466,BACKFILL_AUTO
2026-06-19 09:28:56,1781861336,R_10,4832.063,-1,0.05199999999967986,BACKFILL_AUTO
2026-06-19 09:28:58,1781861338,R_10,4832.015,-1,0.047999999999774445,BACKFILL_AUTO
2026-06-19 09:29:00,1781861340,R_10,4831.95,-1,0.06500000000050932,BACKFILL_AUTO
2026-06-19 09:29:02,1781861342,R_10,4831.98,1,0.02999999999974534,BACKFILL_AUTO
2026-06-19 09:29:04,1781861344,R_10,4832.02,1,0.040000000000873115,BACKFILL_AUTO
2026-06-19 09:29:06,1781861346,R_10,4832.033,1,0.012999999999919964,BACKFILL_AUTO
2026-06-19 09:29:08,1781861348,R_10,4831.922,-1,0.1110000000007858,BACKFILL_AUTO
2026-06-19 09:29:10,1781861350,R_10,4831.787,-1,0.13499999999930878,BACKFILL_AUTO
2026-06-19 09:29:12,1781861352,R_10,4831.759,-1,0.028000000000247383,BACKFILL_AUTO
2026-06-19 09:29:14,1781861354,R_10,4831.764,1,0.005000000000109139,BACKFILL_AUTO
2026-06-19 09:29:16,1781861356,R_10,4831.769,1,0.005000000000109139,BACKFILL_AUTO
2026-06-19 09:29:18,1781861358,R_10,4831.81,1,0.04100000000016735,BACKFILL_AUTO
2026-06-19 09:29:20,1781861360,R_10,4831.798,-1,0.012000000000625732,BACKFILL_AUTO
2026-06-19 09:29:22,1781861362,R_10,4831.811,1,0.012999999999919964,BACKFILL_AUTO
2026-06-19 09:29:24,1781861364,R_10,4831.793,-1,0.018000000000029104,BACKFILL_AUTO
2026-06-19 09:29:26,1781861366,R_10,4831.575,-1,0.2179999999998472,BACKFILL_AUTO
2026-06-19 09:29:28,1781861368,R_10,4831.673,1,0.09799999999995634,BACKFILL_AUTO
2026-06-19 09:29:30,1781861370,R_10,4831.553,-1,0.11999999999989086,BACKFILL_AUTO
2026-06-19 09:29:32,1781861372,R_10,4831.491,-1,0.06199999999989814,BACKFILL_AUTO
2026-06-19 09:29:34,1781861374,R_10,4831.581,1,0.09000000000014552,BACKFILL_AUTO
2026-06-19 09:29:36,1781861376,R_10,4831.454,-1,0.12700000000040745,BACKFILL_AUTO
2026-06-19 09:29:38,1781861378,R_10,4831.391,-1,0.06300000000010186,BACKFILL_AUTO
2026-06-19 09:29:40,1781861380,R_10,4831.252,-1,0.1389999999992142,BACKFILL_AUTO
2026-06-19 09:29:42,1781861382,R_10,4831.409,1,0.1569999999992433,BACKFILL_AUTO
2026-06-19 09:29:44,1781861384,R_10,4831.507,1,0.09799999999995634,BACKFILL_AUTO
2026-06-19 09:29:46,1781861386,R_10,4831.519,1,0.012000000000625732,BACKFILL_AUTO
2026-06-19 09:29:48,1781861388,R_10,4831.362,-1,0.1570000000001528,BACKFILL_AUTO
2026-06-19 09:29:50,1781861390,R_10,4831.204,-1,0.15800000000035652,BACKFILL_AUTO
2026-06-19 09:29:52,1781861392,R_10,4831.438,1,0.23400000000037835,BACKFILL_AUTO
2026-06-19 09:29:54,1781861394,R_10,4831.416,-1,0.021999999999934516,BACKFILL_AUTO
2026-06-19 09:29:56,1781861396,R_10,4831.487,1,0.07099999999991269,BACKFILL_AUTO
2026-06-19 09:29:58,1781861398,R_10,4831.625,1,0.13799999999991996,BACKFILL_AUTO
2026-06-19 09:30:00,1781861400,R_10,4831.411,-1,0.2139999999999418,BACKFILL_AUTO
2026-06-19 09:30:02,1781861402,R_10,4831.55,1,0.1390000000001237,BACKFILL_AUTO
2026-06-19 09:30:04,1781861404,R_10,4831.566,1,0.01599999999962165,BACKFILL_AUTO
2026-06-19 09:30:06,1781861406,R_10,4831.541,-1,0.024999999999636202,BACKFILL_AUTO
2026-06-19 09:30:08,1781861408,R_10,4831.441,-1,0.1000000000003638,BACKFILL_AUTO
2026-06-19 09:30:10,1781861410,R_10,4831.524,1,0.08300000000053842,BACKFILL_AUTO
2026-06-19 09:30:12,1781861412,R_10,4831.629,1,0.10499999999956344,BACKFILL_AUTO
2026-06-19 09:30:14,1781861414,R_10,4831.602,-1,0.027000000000043656,BACKFILL_AUTO
2026-06-19 09:30:16,1781861416,R_10,4831.6,-1,0.001999999999497959,BACKFILL_AUTO
2026-06-19 09:30:18,1781861418,R_10,4831.632,1,0.0319999999992433,BACKFILL_AUTO
2026-06-19 09:30:20,1781861420,R_10,4831.891,1,0.25900000000001455,BACKFILL_AUTO
2026-06-19 09:30:22,1781861422,R_10,4831.956,1,0.06500000000050932,BACKFILL_AUTO
2026-06-19 09:30:24,1781861424,R_10,4831.726,-1,0.23000000000047294,BACKFILL_AUTO
2026-06-19 09:30:26,1781861426,R_10,4831.783,1,0.05700000000069849,BACKFILL_AUTO
2026-06-19 09:30:28,1781861428,R_10,4831.75,-1,0.03300000000035652,BACKFILL_AUTO
2026-06-19 09:30:30,1781861430,R_10,4831.67,-1,0.07999999999992724,BACKFILL_AUTO
2026-06-19 09:30:32,1781861432,R_10,4831.68,1,0.010000000000218279,BACKFILL_AUTO
2026-06-19 09:30:34,1781861434,R_10,4831.735,1,0.054999999999381544,BACKFILL_AUTO
2026-06-19 09:30:36,1781861436,R_10,4831.647,-1,0.08799999999973807,BACKFILL_AUTO
2026-06-19 09:30:38,1781861438,R_10,4831.64,-1,0.006999999999607098,BACKFILL_AUTO
2026-06-19 09:30:40,1781861440,R_10,4831.753,1,0.11299999999937427,BACKFILL_AUTO
2026-06-19 09:30:42,1781861442,R_10,4831.939,1,0.1860000000006039,BACKFILL_AUTO
2026-06-19 09:30:44,1781861444,R_10,4832.35,1,0.4110000000000582,BACKFILL_AUTO
2026-06-19 09:30:46,1781861446,R_10,4832.262,-1,0.08800000000064756,BACKFILL_AUTO
2026-06-19 09:30:48,1781861448,R_10,4832.134,-1,0.12799999999970169,BACKFILL_AUTO
2026-06-19 09:30:50,1781861450,R_10,4832.195,1,0.06099999999969441,BACKFILL_AUTO
2026-06-19 09:30:52,1781861452,R_10,4832.409,1,0.2139999999999418,BACKFILL_AUTO
2026-06-19 09:30:54,1781861454,R_10,4832.402,-1,0.006999999999607098,BACKFILL_AUTO
2026-06-19 09:30:56,1781861456,R_10,4832.533,1,0.13100000000031287,BACKFILL_AUTO
2026-06-19 09:30:58,1781861458,R_10,4832.796,1,0.26299999999991996,BACKFILL_AUTO
2026-06-19 09:31:00,1781861460,R_10,4832.808,1,0.011999999999716238,BACKFILL_AUTO
2026-06-19 09:31:02,1781861462,R_10,4832.955,1,0.14699999999993452,BACKFILL_AUTO
2026-06-19 09:31:04,1781861464,R_10,4833.022,1,0.06700000000000728,BACKFILL_AUTO
2026-06-19 09:31:06,1781861466,R_10,4832.799,-1,0.22299999999995634,BACKFILL_AUTO
2026-06-19 09:31:08,1781861468,R_10,4832.767,-1,0.032000000000152795,BACKFILL_AUTO
2026-06-19 09:31:10,1781861470,R_10,4832.754,-1,0.012999999999919964,BACKFILL_AUTO
2026-06-19 09:31:12,1781861472,R_10,4832.693,-1,0.06099999999969441,BACKFILL_AUTO
2026-06-19 09:31:14,1781861474,R_10,4832.661,-1,0.032000000000152795,BACKFILL_AUTO
2026-06-19 09:31:16,1781861476,R_10,4832.566,-1,0.09500000000025466,BACKFILL_AUTO
2026-06-19 09:31:18,1781861478,R_10,4832.599,1,0.03300000000035652,BACKFILL_AUTO
2026-06-19 09:31:20,1781861480,R_10,4832.671,1,0.07200000000011642,BACKFILL_AUTO
2026-06-19 09:31:22,1781861482,R_10,4832.815,1,0.14399999999932334,BACKFILL_AUTO
2026-06-19 09:31:24,1781861484,R_10,4832.923,1,0.10800000000017462,BACKFILL_AUTO
2026-06-19 09:31:26,1781861486,R_10,4832.853,-1,0.06999999999970896,BACKFILL_AUTO
2026-06-19 09:31:28,1781861488,R_10,4832.689,-1,0.1639999999997599,BACKFILL_AUTO
2026-06-19 09:31:30,1781861490,R_10,4832.934,1,0.24499999999989086,BACKFILL_AUTO
2026-06-19 09:31:32,1781861492,R_10,4832.863,-1,0.07099999999991269,BACKFILL_AUTO
2026-06-19 09:31:34,1781861494,R_10,4832.987,1,0.12399999999979627,BACKFILL_AUTO
2026-06-19 09:31:36,1781861496,R_10,4832.846,-1,0.14100000000053114,BACKFILL_AUTO
2026-06-19 09:31:38,1781861498,R_10,4832.884,1,0.03800000000046566,BACKFILL_AUTO
2026-06-19 09:31:40,1781861500,R_10,4832.836,-1,0.047999999999774445,BACKFILL_AUTO
2026-06-19 09:31:42,1781861502,R_10,4832.876,1,0.03999999999996362,BACKFILL_AUTO
2026-06-19 09:31:44,1781861504,R_10,4832.963,1,0.08699999999953434,BACKFILL_AUTO
2026-06-19 09:31:46,1781861506,R_10,4833.05,1,0.08700000000044383,BACKFILL_AUTO
2026-06-19 09:31:48,1781861508,R_10,4832.924,-1,0.12600000000020373,BACKFILL_AUTO
2026-06-19 09:31:50,1781861510,R_10,4833.092,1,0.1679999999996653,BACKFILL_AUTO
2026-06-19 09:31:52,1781861512,R_10,4833.113,1,0.021000000000640284,BACKFILL_AUTO
2026-06-19 09:31:54,1781861514,R_10,4832.897,-1,0.21600000000034925,BACKFILL_AUTO
2026-06-19 09:31:56,1781861516,R_10,4832.885,-1,0.011999999999716238,BACKFILL_AUTO
2026-06-19 09:31:58,1781861518,R_10,4833.097,1,0.21199999999953434,BACKFILL_AUTO
2026-06-19 09:32:00,1781861520,R_10,4832.995,-1,0.10199999999986176,BACKFILL_AUTO
2026-06-19 09:32:02,1781861522,R_10,4832.895,-1,0.0999999999994543,BACKFILL_AUTO
2026-06-19 09:32:04,1781861524,R_10,4832.891,-1,0.004000000000814907,BACKFILL_AUTO
2026-06-19 09:32:06,1781861526,R_10,4832.954,1,0.06300000000010186,BACKFILL_AUTO
2026-06-19 09:32:08,1781861528,R_10,4833.105,1,0.15099999999983993,BACKFILL_AUTO
2026-06-19 09:32:10,1781861530,R_10,4833.12,1,0.015000000000327418,BACKFILL_AUTO
2026-06-19 09:32:12,1781861532,R_10,4833.022,-1,0.09799999999995634,BACKFILL_AUTO
2026-06-19 09:32:14,1781861534,R_10,4832.897,-1,0.125,BACKFILL_AUTO
2026-06-19 09:32:16,1781861536,R_10,4832.829,-1,0.068000000000211,BACKFILL_AUTO
2026-06-19 09:32:18,1781861538,R_10,4832.984,1,0.15500000000065484,BACKFILL_AUTO
2026-06-19 09:32:20,1781861540,R_10,4832.969,-1,0.015000000000327418,BACKFILL_AUTO
2026-06-19 09:32:22,1781861542,R_10,4833.094,1,0.125,BACKFILL_AUTO
2026-06-19 09:32:24,1781861544,R_10,4833.177,1,0.08299999999962893,BACKFILL_AUTO
2026-06-19 09:32:26,1781861546,R_10,4833.124,-1,0.052999999999883585,BACKFILL_AUTO
2026-06-19 09:32:28,1781861548,R_10,4832.989,-1,0.13500000000021828,BACKFILL_AUTO
2026-06-19 09:32:30,1781861550,R_10,4833.176,1,0.18700000000080763,BACKFILL_AUTO
2026-06-19 09:32:32,1781861552,R_10,4833.086,-1,0.09000000000014552,BACKFILL_AUTO
2026-06-19 09:32:34,1781861554,R_10,4833.032,-1,0.05400000000008731,BACKFILL_AUTO
2026-06-19 09:32:36,1781861556,R_10,4832.998,-1,0.03400000000056025,BACKFILL_AUTO
2026-06-19 09:32:38,1781861558,R_10,4833.281,1,0.2830000000003565,BACKFILL_AUTO
2026-06-19 09:32:40,1781861560,R_10,4833.169,-1,0.11200000000008004,BACKFILL_AUTO
2026-06-19 09:32:42,1781861562,R_10,4833.214,1,0.04500000000007276,BACKFILL_AUTO
2026-06-19 09:32:44,1781861564,R_10,4833.171,-1,0.042999999999665306,BACKFILL_AUTO
2026-06-19 09:32:46,1781861566,R_10,4833.232,1,0.06099999999969441,BACKFILL_AUTO
2026-06-19 09:32:48,1781861568,R_10,4833.345,1,0.11300000000028376,BACKFILL_AUTO
2026-06-19 09:32:50,1781861570,R_10,4833.254,-1,0.09100000000034925,BACKFILL_AUTO
2026-06-19 09:32:52,1781861572,R_10,4832.983,-1,0.2709999999997308,BACKFILL_AUTO
2026-06-19 09:32:54,1781861574,R_10,4833.006,1,0.023000000000138243,BACKFILL_AUTO
2026-06-19 09:32:56,1781861576,R_10,4832.783,-1,0.22299999999995634,BACKFILL_AUTO
2026-06-19 09:32:58,1781861578,R_10,4832.819,1,0.03600000000005821,BACKFILL_AUTO
2026-06-19 09:33:00,1781861580,R_10,4833.037,1,0.2179999999998472,BACKFILL_AUTO
2026-06-19 09:33:02,1781861582,R_10,4833.001,-1,0.03600000000005821,BACKFILL_AUTO
2026-06-19 09:33:04,1781861584,R_10,4832.88,-1,0.12100000000009459,BACKFILL_AUTO
2026-06-19 09:33:06,1781861586,R_10,4832.979,1,0.09900000000016007,BACKFILL_AUTO
2026-06-19 09:33:08,1781861588,R_10,4832.938,-1,0.04100000000016735,BACKFILL_AUTO
2026-06-19 09:33:10,1781861590,R_10,4832.983,1,0.04500000000007276,BACKFILL_AUTO
2026-06-19 09:33:12,1781861592,R_10,4833.128,1,0.14499999999952706,BACKFILL_AUTO
2026-06-19 09:33:14,1781861594,R_10,4832.973,-1,0.15499999999974534,BACKFILL_AUTO
2026-06-19 09:33:16,1781861596,R_10,4832.98,1,0.006999999999607098,BACKFILL_AUTO
2026-06-19 09:33:18,1781861598,R_10,4832.91,-1,0.06999999999970896,BACKFILL_AUTO
2026-06-19 09:33:20,1781861600,R_10,4832.961,1,0.051000000000385626,BACKFILL_AUTO
2026-06-19 09:33:22,1781861602,R_10,4832.875,-1,0.0860000000002401,BACKFILL_AUTO
2026-06-19 09:33:24,1781861604,R_10,4832.765,-1,0.10999999999967258,BACKFILL_AUTO
2026-06-19 09:33:26,1781861606,R_10,4832.843,1,0.07799999999951979,BACKFILL_AUTO
2026-06-19 09:33:28,1781861608,R_10,4832.865,1,0.021999999999934516,BACKFILL_AUTO
2026-06-19 09:33:30,1781861610,R_10,4832.779,-1,0.08599999999933061,BACKFILL_AUTO
2026-06-19 09:33:32,1781861612,R_10,4832.975,1,0.1959999999999127,BACKFILL_AUTO
2026-06-19 09:33:34,1781861614,R_10,4833.092,1,0.11699999999927968,BACKFILL_AUTO
2026-06-19 09:33:36,1781861616,R_10,4833.293,1,0.20100000000002183,BACKFILL_AUTO
2026-06-19 09:33:38,1781861618,R_10,4833.507,1,0.2139999999999418,BACKFILL_AUTO
2026-06-19 09:33:40,1781861620,R_10,4833.284,-1,0.22299999999995634,BACKFILL_AUTO
2026-06-19 09:33:42,1781861622,R_10,4833.229,-1,0.054999999999381544,BACKFILL_AUTO
2026-06-19 09:33:44,1781861624,R_10,4833.123,-1,0.10600000000067666,BACKFILL_AUTO
2026-06-19 09:33:46,1781861626,R_10,4832.903,-1,0.21999999999934516,BACKFILL_AUTO
2026-06-19 09:33:48,1781861628,R_10,4832.976,1,0.07299999999941065,BACKFILL_AUTO
2026-06-19 09:33:50,1781861630,R_10,4833.18,1,0.204000000000633,BACKFILL_AUTO
2026-06-19 09:33:52,1781861632,R_10,4833.117,-1,0.06300000000010186,BACKFILL_AUTO
2026-06-19 09:33:54,1781861634,R_10,4833.05,-1,0.06700000000000728,BACKFILL_AUTO
2026-06-19 09:33:56,1781861636,R_10,4833.133,1,0.08299999999962893,BACKFILL_AUTO
2026-06-19 09:33:58,1781861638,R_10,4832.896,-1,0.23700000000008004,BACKFILL_AUTO
2026-06-19 09:34:00,1781861640,R_10,4832.966,1,0.07000000000061846,BACKFILL_AUTO
2026-06-19 09:34:02,1781861642,R_10,4833.006,1,0.03999999999996362,BACKFILL_AUTO
2026-06-19 09:34:04,1781861644,R_10,4832.94,-1,0.06600000000071304,BACKFILL_AUTO
2026-06-19 09:34:06,1781861646,R_10,4833.038,1,0.09799999999995634,BACKFILL_AUTO
2026-06-19 09:34:08,1781861648,R_10,4833.113,1,0.0750000000007276,BACKFILL_AUTO
2026-06-19 09:34:10,1781861650,R_10,4833.008,-1,0.10500000000047294,BACKFILL_AUTO
2026-06-19 09:34:12,1781861652,R_10,4833.168,1,0.15999999999985448,BACKFILL_AUTO
2026-06-19 09:34:14,1781861654,R_10,4833.238,1,0.07000000000061846,BACKFILL_AUTO
2026-06-19 09:34:16,1781861656,R_10,4833.311,1,0.07299999999941065,BACKFILL_AUTO
2026-06-19 09:34:18,1781861658,R_10,4833.157,-1,0.15399999999954161,BACKFILL_AUTO
2026-06-19 09:34:20,1781861660,R_10,4833.153,-1,0.0039999999999054126,BACKFILL_AUTO
2026-06-19 09:34:22,1781861662,R_10,4833.098,-1,0.05500000000029104,BACKFILL_AUTO
2026-06-19 09:34:24,1781861664,R_10,4833.012,-1,0.0860000000002401,BACKFILL_AUTO
2026-06-19 09:34:26,1781861666,R_10,4833.081,1,0.06900000000041473,BACKFILL_AUTO
2026-06-19 09:34:28,1781861668,R_10,4833.041,-1,0.03999999999996362,BACKFILL_AUTO
2026-06-19 09:34:30,1781861670,R_10,4833.09,1,0.04899999999997817,BACKFILL_AUTO
2026-06-19 09:34:32,1781861672,R_10,4833.242,1,0.15200000000004366,BACKFILL_AUTO
2026-06-19 09:34:34,1781861674,R_10,4833.326,1,0.08399999999983265,BACKFILL_AUTO
2026-06-19 09:34:36,1781861676,R_10,4833.331,1,0.005000000000109139,BACKFILL_AUTO
2026-06-19 09:34:38,1781861678,R_10,4833.383,1,0.05199999999967986,BACKFILL_AUTO
2026-06-19 09:34:40,1781861680,R_10,4833.302,-1,0.08100000000013097,BACKFILL_AUTO
2026-06-19 09:34:42,1781861682,R_10,4833.281,-1,0.02099999999973079,BACKFILL_AUTO
2026-06-19 09:34:44,1781861684,R_10,4833.066,-1,0.21500000000014552,BACKFILL_AUTO
2026-06-19 09:34:46,1781861686,R_10,4833.072,1,0.006000000000312866,BACKFILL_AUTO
2026-06-19 09:34:48,1781861688,R_10,4833.01,-1,0.06199999999989814,BACKFILL_AUTO
2026-06-19 09:34:50,1781861690,R_10,4833.137,1,0.12699999999949796,BACKFILL_AUTO
2026-06-19 09:34:52,1781861692,R_10,4833.2,1,0.06300000000010186,BACKFILL_AUTO
2026-06-19 09:34:54,1781861694,R_10,4833.348,1,0.14800000000013824,BACKFILL_AUTO
2026-06-19 09:34:56,1781861696,R_10,4833.235,-1,0.11300000000028376,BACKFILL_AUTO
2026-06-19 09:34:58,1781861698,R_10,4833.026,-1,0.20899999999983265,BACKFILL_AUTO
2026-06-19 09:35:00,1781861700,R_10,4833.01,-1,0.01599999999962165,BACKFILL_AUTO
2026-06-19 09:35:02,1781861702,R_10,4833.129,1,0.11899999999968713,BACKFILL_AUTO
2026-06-19 09:35:04,1781861704,R_10,4833.211,1,0.0820000000003347,BACKFILL_AUTO
2026-06-19 09:35:06,1781861706,R_10,4833.408,1,0.19700000000011642,BACKFILL_AUTO
2026-06-19 09:35:08,1781861708,R_10,4833.621,1,0.21299999999973807,BACKFILL_AUTO
2026-06-19 09:35:10,1781861710,R_10,4833.613,-1,0.007999999999810825,BACKFILL_AUTO
2026-06-19 09:35:12,1781861712,R_10,4833.729,1,0.11599999999998545,BACKFILL_AUTO
2026-06-19 09:35:14,1781861714,R_10,4833.85,1,0.12100000000009459,BACKFILL_AUTO
2026-06-19 09:35:16,1781861716,R_10,4833.983,1,0.13299999999981083,BACKFILL_AUTO
2026-06-19 09:35:18,1781861718,R_10,4833.923,-1,0.06000000000040018,BACKFILL_AUTO
2026-06-19 09:35:20,1781861720,R_10,4833.93,1,0.007000000000516593,BACKFILL_AUTO
2026-06-19 09:35:22,1781861722,R_10,4833.865,-1,0.06500000000050932,BACKFILL_AUTO
2026-06-19 09:35:24,1781861724,R_10,4834.003,1,0.13799999999991996,BACKFILL_AUTO
2026-06-19 09:35:26,1781861726,R_10,4834.098,1,0.09500000000025466,BACKFILL_AUTO
2026-06-19 09:35:28,1781861728,R_10,4834.241,1,0.1430000000000291,BACKFILL_AUTO
2026-06-19 09:35:30,1781861730,R_10,4834.195,-1,0.046000000000276486,BACKFILL_AUTO
2026-06-19 09:35:32,1781861732,R_10,4834.159,-1,0.03600000000005821,BACKFILL_AUTO
2026-06-19 09:35:34,1781861734,R_10,4833.965,-1,0.19399999999950523,BACKFILL_AUTO
2026-06-19 09:35:36,1781861736,R_10,4833.756,-1,0.20899999999983265,BACKFILL_AUTO
2026-06-19 09:35:38,1781861738,R_10,4833.594,-1,0.16200000000026193,BACKFILL_AUTO
2026-06-19 09:35:40,1781861740,R_10,4833.563,-1,0.03099999999994907,BACKFILL_AUTO
2026-06-19 09:35:42,1781861742,R_10,4833.559,-1,0.0039999999999054126,BACKFILL_AUTO
2026-06-19 09:35:44,1781861744,R_10,4833.473,-1,0.0860000000002401,BACKFILL_AUTO
2026-06-19 09:35:46,1781861746,R_10,4833.558,1,0.08500000000003638,BACKFILL_AUTO
2026-06-19 09:35:48,1781861748,R_10,4833.366,-1,0.19200000000000728,BACKFILL_AUTO
2026-06-19 09:35:50,1781861750,R_10,4833.382,1,0.01599999999962165,BACKFILL_AUTO
2026-06-19 09:35:52,1781861752,R_10,4833.535,1,0.15300000000024738,BACKFILL_AUTO
2026-06-19 09:35:54,1781861754,R_10,4833.39,-1,0.14499999999952706,BACKFILL_AUTO
2026-06-19 09:35:56,1781861756,R_10,4833.439,1,0.04899999999997817,BACKFILL_AUTO
2026-06-19 09:35:58,1781861758,R_10,4833.618,1,0.1790000000000873,BACKFILL_AUTO
2026-06-19 09:36:00,1781861760,R_10,4833.602,-1,0.016000000000531145,BACKFILL_AUTO
2026-06-19 09:36:02,1781861762,R_10,4833.563,-1,0.03899999999975989,BACKFILL_AUTO
2026-06-19 09:36:04,1781861764,R_10,4833.586,1,0.023000000000138243,BACKFILL_AUTO
2026-06-19 09:36:06,1781861766,R_10,4833.496,-1,0.09000000000014552,BACKFILL_AUTO
2026-06-19 09:36:08,1781861768,R_10,4833.347,-1,0.14900000000034197,BACKFILL_AUTO
2026-06-19 09:36:10,1781861770,R_10,4833.408,1,0.061000000000603904,BACKFILL_AUTO
2026-06-19 09:36:12,1781861772,R_10,4833.608,1,0.1999999999998181,BACKFILL_AUTO
2026-06-19 09:36:14,1781861774,R_10,4833.639,1,0.03099999999994907,BACKFILL_AUTO
2026-06-19 09:36:16,1781861776,R_10,4833.556,-1,0.08300000000053842,BACKFILL_AUTO
2026-06-19 09:36:18,1781861778,R_10,4833.516,-1,0.03999999999996362,BACKFILL_AUTO
2026-06-19 09:36:20,1781861780,R_10,4833.439,-1,0.07699999999931606,BACKFILL_AUTO
2026-06-19 09:36:22,1781861782,R_10,4833.337,-1,0.10199999999986176,BACKFILL_AUTO
2026-06-19 09:36:24,1781861784,R_10,4833.457,1,0.11999999999989086,BACKFILL_AUTO
2026-06-19 09:36:26,1781861786,R_10,4833.444,-1,0.012999999999919964,BACKFILL_AUTO
2026-06-19 09:36:28,1781861788,R_10,4833.455,1,0.01099999999951251,BACKFILL_AUTO
2026-06-19 09:36:30,1781861790,R_10,4833.508,1,0.052999999999883585,BACKFILL_AUTO
2026-06-19 09:36:32,1781861792,R_10,4833.37,-1,0.13799999999991996,BACKFILL_AUTO
2026-06-19 09:36:34,1781861794,R_10,4833.565,1,0.19499999999970896,BACKFILL_AUTO
2026-06-19 09:36:36,1781861796,R_10,4833.33,-1,0.23499999999967258,BACKFILL_AUTO
2026-06-19 09:36:38,1781861798,R_10,4833.289,-1,0.04100000000016735,BACKFILL_AUTO
2026-06-19 09:36:40,1781861800,R_10,4833.521,1,0.2319999999999709,BACKFILL_AUTO
2026-06-19 09:36:42,1781861802,R_10,4833.409,-1,0.11200000000008004,BACKFILL_AUTO
2026-06-19 09:36:44,1781861804,R_10,4833.5,1,0.09100000000034925,BACKFILL_AUTO
2026-06-19 09:36:46,1781861806,R_10,4833.606,1,0.10599999999976717,BACKFILL_AUTO
2026-06-19 09:36:48,1781861808,R_10,4833.44,-1,0.16600000000016735,BACKFILL_AUTO
2026-06-19 09:36:50,1781861810,R_10,4833.313,-1,0.12699999999949796,BACKFILL_AUTO
2026-06-19 09:36:52,1781861812,R_10,4833.313,0,0.0,BACKFILL_AUTO
2026-06-19 09:36:54,1781861814,R_10,4833.398,1,0.08500000000003638,BACKFILL_AUTO
2026-06-19 09:36:56,1781861816,R_10,4833.557,1,0.15899999999965075,BACKFILL_AUTO
2026-06-19 09:36:58,1781861818,R_10,4833.612,1,0.05500000000029104,BACKFILL_AUTO
2026-06-19 09:37:00,1781861820,R_10,4833.621,1,0.009000000000014552,BACKFILL_AUTO
2026-06-19 09:37:02,1781861822,R_10,4833.729,1,0.10800000000017462,BACKFILL_AUTO
2026-06-19 09:37:04,1781861824,R_10,4833.62,-1,0.10900000000037835,BACKFILL_AUTO
2026-06-19 09:37:06,1781861826,R_10,4833.616,-1,0.0039999999999054126,BACKFILL_AUTO
2026-06-19 09:37:08,1781861828,R_10,4833.687,1,0.07099999999991269,BACKFILL_AUTO
2026-06-19 09:37:10,1781861830,R_10,4833.618,-1,0.06899999999950523,BACKFILL_AUTO
2026-06-19 09:37:12,1781861832,R_10,4833.571,-1,0.04700000000048021,BACKFILL_AUTO
2026-06-19 09:37:14,1781861834,R_10,4833.498,-1,0.07300000000032014,BACKFILL_AUTO
2026-06-19 09:37:16,1781861836,R_10,4833.224,-1,0.2739999999994325,BACKFILL_AUTO
2026-06-19 09:37:18,1781861838,R_10,4833.451,1,0.22699999999986176,BACKFILL_AUTO
2026-06-19 09:37:20,1781861840,R_10,4833.474,1,0.023000000000138243,BACKFILL_AUTO
2026-06-19 09:37:22,1781861842,R_10,4833.661,1,0.18699999999989814,BACKFILL_AUTO
2026-06-19 09:37:24,1781861844,R_10,4833.792,1,0.13100000000031287,BACKFILL_AUTO
2026-06-19 09:37:26,1781861846,R_10,4833.765,-1,0.027000000000043656,BACKFILL_AUTO
2026-06-19 09:37:28,1781861848,R_10,4833.859,1,0.09400000000005093,BACKFILL_AUTO
2026-06-19 09:37:30,1781861850,R_10,4833.805,-1,0.05400000000008731,BACKFILL_AUTO
2026-06-19 09:37:32,1781861852,R_10,4834.153,1,0.34799999999995634,BACKFILL_AUTO
2026-06-19 09:37:34,1781861854,R_10,4834.011,-1,0.14199999999982538,BACKFILL_AUTO
2026-06-19 09:37:36,1781861856,R_10,4834.238,1,0.22699999999986176,BACKFILL_AUTO
2026-06-19 09:37:38,1781861858,R_10,4834.428,1,0.18999999999959982,BACKFILL_AUTO
2026-06-19 09:37:40,1781861860,R_10,4834.337,-1,0.09099999999943975,BACKFILL_AUTO
2026-06-19 09:37:42,1781861862,R_10,4834.251,-1,0.0860000000002401,BACKFILL_AUTO
2026-06-19 09:37:44,1781861864,R_10,4834.365,1,0.113999999999578,BACKFILL_AUTO
2026-06-19 09:37:46,1781861866,R_10,4834.215,-1,0.1499999999996362,BACKFILL_AUTO
2026-06-19 09:37:48,1781861868,R_10,4834.22,1,0.005000000000109139,BACKFILL_AUTO
2026-06-19 09:37:50,1781861870,R_10,4834.317,1,0.09699999999975262,BACKFILL_AUTO
2026-06-19 09:37:52,1781861872,R_10,4834.054,-1,0.26299999999991996,BACKFILL_AUTO
2026-06-19 09:37:54,1781861874,R_10,4833.886,-1,0.1679999999996653,BACKFILL_AUTO
2026-06-19 09:37:56,1781861876,R_10,4833.763,-1,0.12300000000050204,BACKFILL_AUTO
2026-06-19 09:37:58,1781861878,R_10,4833.761,-1,0.001999999999497959,BACKFILL_AUTO
2026-06-19 09:38:00,1781861880,R_10,4833.991,1,0.22999999999956344,BACKFILL_AUTO
2026-06-19 09:38:02,1781861882,R_10,4834.018,1,0.027000000000043656,BACKFILL_AUTO
2026-06-19 09:38:04,1781861884,R_10,4834.023,1,0.005000000000109139,BACKFILL_AUTO
2026-06-19 09:38:06,1781861886,R_10,4834.045,1,0.021999999999934516,BACKFILL_AUTO
2026-06-19 09:38:08,1781861888,R_10,4833.964,-1,0.08100000000013097,BACKFILL_AUTO
2026-06-19 09:38:10,1781861890,R_10,4833.813,-1,0.15099999999983993,BACKFILL_AUTO
2026-06-19 09:38:12,1781861892,R_10,4833.838,1,0.024999999999636202,BACKFILL_AUTO
2026-06-19 09:38:14,1781861894,R_10,4833.847,1,0.009000000000014552,BACKFILL_AUTO
2026-06-19 09:38:16,1781861896,R_10,4834.034,1,0.18699999999989814,BACKFILL_AUTO
2026-06-19 09:38:18,1781861898,R_10,4833.8,-1,0.23399999999946886,BACKFILL_AUTO
2026-06-19 09:38:20,1781861900,R_10,4833.93,1,0.13000000000010914,BACKFILL_AUTO
2026-06-19 09:38:22,1781861902,R_10,4833.903,-1,0.027000000000043656,BACKFILL_AUTO
2026-06-19 09:38:24,1781861904,R_10,4833.932,1,0.028999999999541615,BACKFILL_AUTO
2026-06-19 09:38:26,1781861906,R_10,4833.958,1,0.02599999999983993,BACKFILL_AUTO
2026-06-19 09:38:28,1781861908,R_10,4833.89,-1,0.06799999999930151,BACKFILL_AUTO
2026-06-19 09:38:30,1781861910,R_10,4833.952,1,0.06199999999989814,BACKFILL_AUTO
2026-06-19 09:38:32,1781861912,R_10,4833.894,-1,0.057999999999992724,BACKFILL_AUTO
2026-06-19 09:38:34,1781861914,R_10,4834.08,1,0.1859999999996944,BACKFILL_AUTO
2026-06-19 09:38:36,1781861916,R_10,4834.302,1,0.22199999999975262,BACKFILL_AUTO
2026-06-19 09:38:38,1781861918,R_10,4834.413,1,0.11099999999987631,BACKFILL_AUTO
2026-06-19 09:38:40,1781861920,R_10,4834.411,-1,0.001999999999497959,BACKFILL_AUTO
2026-06-19 09:38:42,1781861922,R_10,4834.302,-1,0.10900000000037835,BACKFILL_AUTO
2026-06-19 09:38:44,1781861924,R_10,4834.362,1,0.06000000000040018,BACKFILL_AUTO
2026-06-19 09:38:46,1781861926,R_10,4834.134,-1,0.22800000000006548,BACKFILL_AUTO
2026-06-19 09:38:48,1781861928,R_10,4834.22,1,0.0860000000002401,BACKFILL_AUTO
2026-06-19 09:38:50,1781861930,R_10,4834.252,1,0.032000000000152795,BACKFILL_AUTO
2026-06-19 09:38:52,1781861932,R_10,4834.218,-1,0.03400000000056025,BACKFILL_AUTO
2026-06-19 09:38:54,1781861934,R_10,4834.298,1,0.07999999999992724,BACKFILL_AUTO
2026-06-19 09:38:56,1781861936,R_10,4834.228,-1,0.06999999999970896,BACKFILL_AUTO
2026-06-19 09:38:58,1781861938,R_10,4834.328,1,0.1000000000003638,BACKFILL_AUTO
2026-06-19 09:39:00,1781861940,R_10,4834.235,-1,0.0930000000007567,BACKFILL_AUTO
2026-06-19 09:39:02,1781861942,R_10,4834.242,1,0.007000000000516593,BACKFILL_AUTO
2026-06-19 09:39:04,1781861944,R_10,4834.269,1,0.027000000000043656,BACKFILL_AUTO
2026-06-19 09:39:06,1781861946,R_10,4834.279,1,0.010000000000218279,BACKFILL_AUTO
2026-06-19 09:39:08,1781861948,R_10,4834.295,1,0.01599999999962165,BACKFILL_AUTO
2026-06-19 09:39:10,1781861950,R_10,4834.303,1,0.007999999999810825,BACKFILL_AUTO
2026-06-19 09:39:12,1781861952,R_10,4834.315,1,0.011999999999716238,BACKFILL_AUTO
2026-06-19 09:39:14,1781861954,R_10,4834.274,-1,0.04099999999925785,BACKFILL_AUTO
2026-06-19 09:39:16,1781861956,R_10,4834.161,-1,0.11300000000028376,BACKFILL_AUTO
2026-06-19 09:39:18,1781861958,R_10,4834.174,1,0.012999999999919964,BACKFILL_AUTO
2026-06-19 09:39:20,1781861960,R_10,4834.226,1,0.05199999999967986,BACKFILL_AUTO
2026-06-19 09:39:22,1781861962,R_10,4834.088,-1,0.13799999999991996,BACKFILL_AUTO
2026-06-19 09:39:24,1781861964,R_10,4834.025,-1,0.06300000000010186,BACKFILL_AUTO
2026-06-19 09:39:26,1781861966,R_10,4833.98,-1,0.04500000000007276,BACKFILL_AUTO
2026-06-19 09:39:28,1781861968,R_10,4834.037,1,0.05700000000069849,BACKFILL_AUTO
2026-06-19 09:39:30,1781861970,R_10,4834.145,1,0.10800000000017462,BACKFILL_AUTO
2026-06-19 09:39:32,1781861972,R_10,4834.025,-1,0.12000000000080036,BACKFILL_AUTO
2026-06-19 09:39:34,1781861974,R_10,4834.001,-1,0.023999999999432475,BACKFILL_AUTO
2026-06-19 09:39:36,1781861976,R_10,4834.072,1,0.07099999999991269,BACKFILL_AUTO
2026-06-19 09:39:38,1781861978,R_10,4834.15,1,0.07799999999951979,BACKFILL_AUTO
2026-06-19 09:39:40,1781861980,R_10,4834.064,-1,0.08599999999933061,BACKFILL_AUTO
2026-06-19 09:39:42,1781861982,R_10,4834.098,1,0.033999999999650754,BACKFILL_AUTO
2026-06-19 09:39:44,1781861984,R_10,4834.282,1,0.18400000000019645,BACKFILL_AUTO
2026-06-19 09:39:46,1781861986,R_10,4834.256,-1,0.02599999999983993,BACKFILL_AUTO
2026-06-19 09:39:48,1781861988,R_10,4834.197,-1,0.05900000000019645,BACKFILL_AUTO
2026-06-19 09:39:50,1781861990,R_10,4834.204,1,0.006999999999607098,BACKFILL_AUTO
2026-06-19 09:39:52,1781861992,R_10,4834.187,-1,0.016999999999825377,BACKFILL_AUTO
2026-06-19 09:39:54,1781861994,R_10,4834.02,-1,0.16699999999946158,BACKFILL_AUTO
2026-06-19 09:39:56,1781861996,R_10,4833.83,-1,0.19000000000050932,BACKFILL_AUTO
2026-06-19 09:39:58,1781861998,R_10,4833.75,-1,0.07999999999992724,BACKFILL_AUTO
2026-06-19 09:40:00,1781862000,R_10,4833.749,-1,0.0010000000002037268,BACKFILL_AUTO
2026-06-19 09:40:02,1781862002,R_10,4833.606,-1,0.1430000000000291,BACKFILL_AUTO
2026-06-19 09:40:04,1781862004,R_10,4833.658,1,0.05200000000058935,BACKFILL_AUTO
2026-06-19 09:40:06,1781862006,R_10,4833.417,-1,0.24099999999998545,BACKFILL_AUTO
2026-06-19 09:40:08,1781862008,R_10,4833.574,1,0.1569999999992433,BACKFILL_AUTO
2026-06-19 09:40:10,1781862010,R_10,4833.51,-1,0.0639999999993961,BACKFILL_AUTO
2026-06-19 09:40:12,1781862012,R_10,4833.242,-1,0.2680000000000291,BACKFILL_AUTO
2026-06-19 09:40:14,1781862014,R_10,4833.316,1,0.07399999999961437,BACKFILL_AUTO
2026-06-19 09:40:16,1781862016,R_10,4833.294,-1,0.021999999999934516,BACKFILL_AUTO
2026-06-19 09:40:18,1781862018,R_10,4833.22,-1,0.07399999999961437,BACKFILL_AUTO
2026-06-19 09:40:20,1781862020,R_10,4833.331,1,0.11099999999987631,BACKFILL_AUTO
2026-06-19 09:40:22,1781862022,R_10,4833.358,1,0.027000000000043656,BACKFILL_AUTO
2026-06-19 09:40:24,1781862024,R_10,4833.237,-1,0.12100000000009459,BACKFILL_AUTO
2026-06-19 09:40:26,1781862026,R_10,4833.234,-1,0.0029999999997016857,BACKFILL_AUTO
2026-06-19 09:40:28,1781862028,R_10,4833.092,-1,0.14200000000073487,BACKFILL_AUTO
2026-06-19 09:40:30,1781862030,R_10,4833.151,1,0.05900000000019645,BACKFILL_AUTO
2026-06-19 09:40:32,1781862032,R_10,4833.187,1,0.03600000000005821,BACKFILL_AUTO
2026-06-19 09:40:34,1781862034,R_10,4833.245,1,0.057999999999992724,BACKFILL_AUTO
2026-06-19 09:40:36,1781862036,R_10,4833.163,-1,0.0820000000003347,BACKFILL_AUTO
2026-06-19 09:40:38,1781862038,R_10,4833.288,1,0.125,BACKFILL_AUTO
2026-06-19 09:40:40,1781862040,R_10,4833.488,1,0.2000000000007276,BACKFILL_AUTO
2026-06-19 09:40:42,1781862042,R_10,4833.585,1,0.09699999999975262,BACKFILL_AUTO
2026-06-19 09:40:44,1781862044,R_10,4833.733,1,0.14800000000013824,BACKFILL_AUTO
2026-06-19 09:40:46,1781862046,R_10,4833.602,-1,0.13100000000031287,BACKFILL_AUTO
2026-06-19 09:40:48,1781862048,R_10,4833.526,-1,0.07600000000002183,BACKFILL_AUTO
2026-06-19 09:40:50,1781862050,R_10,4833.707,1,0.18100000000049477,BACKFILL_AUTO
2026-06-19 09:40:52,1781862052,R_10,4833.726,1,0.018999999999323336,BACKFILL_AUTO
2026-06-19 09:40:54,1781862054,R_10,4833.902,1,0.17600000000038563,BACKFILL_AUTO
2026-06-19 09:40:56,1781862056,R_10,4834.057,1,0.15499999999974534,BACKFILL_AUTO
2026-06-19 09:40:58,1781862058,R_10,4834.031,-1,0.02599999999983993,BACKFILL_AUTO
2026-06-19 09:41:00,1781862060,R_10,4834.062,1,0.03099999999994907,BACKFILL_AUTO
2026-06-19 09:41:02,1781862062,R_10,4834.14,1,0.07800000000042928,BACKFILL_AUTO
2026-06-19 09:41:04,1781862064,R_10,4834.068,-1,0.07200000000011642,BACKFILL_AUTO
2026-06-19 09:41:06,1781862066,R_10,4834.069,1,0.0010000000002037268,BACKFILL_AUTO
2026-06-19 09:41:08,1781862068,R_10,4834.047,-1,0.02200000000084401,BACKFILL_AUTO
2026-06-19 09:41:10,1781862070,R_10,4833.906,-1,0.14099999999962165,BACKFILL_AUTO
2026-06-19 09:41:12,1781862072,R_10,4833.998,1,0.09199999999964348,BACKFILL_AUTO
2026-06-19 09:41:14,1781862074,R_10,4834.131,1,0.13300000000072032,BACKFILL_AUTO
2026-06-19 09:41:16,1781862076,R_10,4833.976,-1,0.15500000000065484,BACKFILL_AUTO
2026-06-19 09:41:18,1781862078,R_10,4833.75,-1,0.22599999999965803,BACKFILL_AUTO
2026-06-19 09:41:20,1781862080,R_10,4833.759,1,0.009000000000014552,BACKFILL_AUTO
2026-06-19 09:41:22,1781862082,R_10,4833.783,1,0.02400000000034197,BACKFILL_AUTO
2026-06-19 09:41:24,1781862084,R_10,4833.527,-1,0.25600000000031287,BACKFILL_AUTO
2026-06-19 09:41:26,1781862086,R_10,4833.478,-1,0.04899999999997817,BACKFILL_AUTO
2026-06-19 09:41:28,1781862088,R_10,4833.35,-1,0.12799999999970169,BACKFILL_AUTO
2026-06-19 09:41:30,1781862090,R_10,4833.24,-1,0.11000000000058208,BACKFILL_AUTO
2026-06-19 09:41:32,1781862092,R_10,4833.128,-1,0.11200000000008004,BACKFILL_AUTO
2026-06-19 09:41:34,1781862094,R_10,4832.93,-1,0.19799999999941065,BACKFILL_AUTO
2026-06-19 09:41:36,1781862096,R_10,4833.041,1,0.11099999999987631,BACKFILL_AUTO
2026-06-19 09:41:38,1781862098,R_10,4833.206,1,0.16499999999996362,BACKFILL_AUTO
2026-06-19 09:41:40,1781862100,R_10,4833.05,-1,0.15599999999994907,BACKFILL_AUTO
2026-06-19 09:41:42,1781862102,R_10,4833.001,-1,0.04899999999997817,BACKFILL_AUTO
2026-06-19 09:41:44,1781862104,R_10,4833.0,-1,0.0010000000002037268,BACKFILL_AUTO
2026-06-19 09:41:46,1781862106,R_10,4832.925,-1,0.0749999999998181,BACKFILL_AUTO
2026-06-19 09:41:48,1781862108,R_10,4832.893,-1,0.032000000000152795,BACKFILL_AUTO
2026-06-19 09:41:50,1781862110,R_10,4832.933,1,0.03999999999996362,BACKFILL_AUTO
2026-06-19 09:41:52,1781862112,R_10,4832.919,-1,0.014000000000123691,BACKFILL_AUTO
2026-06-19 09:41:54,1781862114,R_10,4832.808,-1,0.11099999999987631,BACKFILL_AUTO
2026-06-19 09:41:56,1781862116,R_10,4832.919,1,0.11099999999987631,BACKFILL_AUTO
2026-06-19 09:41:58,1781862118,R_10,4832.881,-1,0.03799999999955617,BACKFILL_AUTO
2026-06-19 09:42:00,1781862120,R_10,4833.072,1,0.19099999999980355,BACKFILL_AUTO
2026-06-19 09:42:02,1781862122,R_10,4833.306,1,0.23399999999946886,BACKFILL_AUTO
2026-06-19 09:42:04,1781862124,R_10,4833.088,-1,0.2179999999998472,BACKFILL_AUTO
2026-06-19 09:42:06,1781862126,R_10,4833.178,1,0.09000000000014552,BACKFILL_AUTO
2026-06-19 09:42:08,1781862128,R_10,4833.122,-1,0.05599999999958527,BACKFILL_AUTO
2026-06-19 09:42:10,1781862130,R_10,4833.017,-1,0.10500000000047294,BACKFILL_AUTO
2026-06-19 09:42:12,1781862132,R_10,4833.027,1,0.010000000000218279,BACKFILL_AUTO
2026-06-19 09:42:14,1781862134,R_10,4832.999,-1,0.028000000000247383,BACKFILL_AUTO
2026-06-19 09:42:16,1781862136,R_10,4833.093,1,0.09400000000005093,BACKFILL_AUTO
2026-06-19 09:42:18,1781862138,R_10,4833.279,1,0.1860000000006039,BACKFILL_AUTO
2026-06-19 09:42:20,1781862140,R_10,4833.309,1,0.02999999999974534,BACKFILL_AUTO
2026-06-19 09:42:22,1781862142,R_10,4833.164,-1,0.14500000000043656,BACKFILL_AUTO
2026-06-19 09:42:24,1781862144,R_10,4833.309,1,0.14500000000043656,BACKFILL_AUTO
2026-06-19 09:42:26,1781862146,R_10,4833.287,-1,0.021999999999934516,BACKFILL_AUTO
2026-06-19 09:42:28,1781862148,R_10,4833.28,-1,0.007000000000516593,BACKFILL_AUTO
2026-06-19 09:42:30,1781862150,R_10,4833.363,1,0.08300000000053842,BACKFILL_AUTO
2026-06-19 09:42:32,1781862152,R_10,4833.366,1,0.0029999999997016857,BACKFILL_AUTO
2026-06-19 09:42:34,1781862154,R_10,4833.521,1,0.15499999999974534,BACKFILL_AUTO
2026-06-19 09:42:36,1781862156,R_10,4833.67,1,0.14900000000034197,BACKFILL_AUTO
2026-06-19 09:42:38,1781862158,R_10,4833.569,-1,0.10099999999965803,BACKFILL_AUTO
2026-06-19 09:42:40,1781862160,R_10,4833.373,-1,0.19600000000082218,BACKFILL_AUTO
2026-06-19 09:42:42,1781862162,R_10,4833.553,1,0.18000000000029104,BACKFILL_AUTO
2026-06-19 09:42:44,1781862164,R_10,4833.63,1,0.07700000000022555,BACKFILL_AUTO
2026-06-19 09:42:46,1781862166,R_10,4833.493,-1,0.13699999999971624,BACKFILL_AUTO
2026-06-19 09:42:48,1781862168,R_10,4833.456,-1,0.037000000000261934,BACKFILL_AUTO
2026-06-19 09:42:50,1781862170,R_10,4833.354,-1,0.10199999999986176,BACKFILL_AUTO
2026-06-19 09:42:52,1781862172,R_10,4833.118,-1,0.2359999999998763,BACKFILL_AUTO
2026-06-19 09:42:54,1781862174,R_10,4833.076,-1,0.042000000000371074,BACKFILL_AUTO
2026-06-19 09:42:56,1781862176,R_10,4833.058,-1,0.018000000000029104,BACKFILL_AUTO
2026-06-19 09:42:58,1781862178,R_10,4833.02,-1,0.03799999999955617,BACKFILL_AUTO
2026-06-19 09:43:00,1781862180,R_10,4833.083,1,0.06299999999919237,BACKFILL_AUTO
2026-06-19 09:43:02,1781862182,R_10,4832.909,-1,0.17399999999997817,BACKFILL_AUTO
2026-06-19 09:43:04,1781862184,R_10,4832.998,1,0.08899999999994179,BACKFILL_AUTO
2026-06-19 09:43:06,1781862186,R_10,4832.757,-1,0.24099999999998545,BACKFILL_AUTO
2026-06-19 09:43:08,1781862188,R_10,4832.547,-1,0.21000000000003638,BACKFILL_AUTO
2026-06-19 09:43:10,1781862190,R_10,4832.52,-1,0.02699999999913416,BACKFILL_AUTO
2026-06-19 09:43:12,1781862192,R_10,4832.374,-1,0.14600000000064028,BACKFILL_AUTO
2026-06-19 09:43:14,1781862194,R_10,4832.306,-1,0.068000000000211,BACKFILL_AUTO
2026-06-19 09:43:16,1781862196,R_10,4832.325,1,0.01900000000023283,BACKFILL_AUTO
2026-06-19 09:43:18,1781862198,R_10,4832.392,1,0.06700000000000728,BACKFILL_AUTO
2026-06-19 09:43:20,1781862200,R_10,4832.517,1,0.125,BACKFILL_AUTO
2026-06-19 09:43:22,1781862202,R_10,4832.606,1,0.08899999999994179,BACKFILL_AUTO
2026-06-19 09:43:24,1781862204,R_10,4832.765,1,0.15900000000056025,BACKFILL_AUTO
2026-06-19 09:43:26,1781862206,R_10,4832.77,1,0.005000000000109139,BACKFILL_AUTO
2026-06-19 09:43:28,1781862208,R_10,4832.842,1,0.07199999999920692,BACKFILL_AUTO
2026-06-19 09:43:30,1781862210,R_10,4833.117,1,0.2750000000005457,BACKFILL_AUTO
2026-06-19 09:43:32,1781862212,R_10,4833.14,1,0.023000000000138243,BACKFILL_AUTO
2026-06-19 09:43:34,1781862214,R_10,4833.273,1,0.13299999999981083,BACKFILL_AUTO
2026-06-19 09:43:36,1781862216,R_10,4833.242,-1,0.03099999999994907,BACKFILL_AUTO
2026-06-19 09:43:38,1781862218,R_10,4833.246,1,0.0039999999999054126,BACKFILL_AUTO
2026-06-19 09:43:40,1781862220,R_10,4832.991,-1,0.25500000000010914,BACKFILL_AUTO
2026-06-19 09:43:42,1781862222,R_10,4833.28,1,0.2889999999997599,BACKFILL_AUTO
2026-06-19 09:43:44,1781862224,R_10,4833.281,1,0.0010000000002037268,BACKFILL_AUTO
2026-06-19 09:43:46,1781862226,R_10,4833.235,-1,0.046000000000276486,BACKFILL_AUTO
2026-06-19 09:43:48,1781862228,R_10,4833.41,1,0.1750000000001819,BACKFILL_AUTO
2026-06-19 09:43:50,1781862230,R_10,4833.353,-1,0.056999999999789,BACKFILL_AUTO
2026-06-19 09:43:52,1781862232,R_10,4833.261,-1,0.09199999999964348,BACKFILL_AUTO
2026-06-19 09:43:54,1781862234,R_10,4833.031,-1,0.23000000000047294,BACKFILL_AUTO
2026-06-19 09:43:56,1781862236,R_10,4832.845,-1,0.1859999999996944,BACKFILL_AUTO
2026-06-19 09:43:58,1781862238,R_10,4832.859,1,0.014000000000123691,BACKFILL_AUTO
2026-06-19 09:44:00,1781862240,R_10,4832.607,-1,0.25200000000040745,BACKFILL_AUTO
2026-06-19 09:44:02,1781862242,R_10,4832.535,-1,0.07200000000011642,BACKFILL_AUTO
2026-06-19 09:44:04,1781862244,R_10,4832.589,1,0.05400000000008731,BACKFILL_AUTO
2026-06-19 09:44:06,1781862246,R_10,4832.694,1,0.10500000000047294,BACKFILL_AUTO
2026-06-19 09:44:08,1781862248,R_10,4832.766,1,0.07199999999920692,BACKFILL_AUTO
2026-06-19 09:44:10,1781862250,R_10,4832.933,1,0.16700000000037107,BACKFILL_AUTO
2026-06-19 09:44:12,1781862252,R_10,4832.804,-1,0.1289999999999054,BACKFILL_AUTO
2026-06-19 09:44:14,1781862254,R_10,4832.675,-1,0.1289999999999054,BACKFILL_AUTO
2026-06-19 09:44:16,1781862256,R_10,4832.692,1,0.016999999999825377,BACKFILL_AUTO
2026-06-19 09:44:18,1781862258,R_10,4832.691,-1,0.0010000000002037268,BACKFILL_AUTO
2026-06-19 09:44:20,1781862260,R_10,4832.845,1,0.1540000000004511,BACKFILL_AUTO
2026-06-19 09:44:22,1781862262,R_10,4832.882,1,0.03699999999935244,BACKFILL_AUTO
2026-06-19 09:44:24,1781862264,R_10,4832.873,-1,0.009000000000014552,BACKFILL_AUTO
2026-06-19 09:44:26,1781862266,R_10,4832.869,-1,0.0039999999999054126,BACKFILL_AUTO
2026-06-19 09:44:28,1781862268,R_10,4832.864,-1,0.005000000000109139,BACKFILL_AUTO
2026-06-19 09:44:30,1781862270,R_10,4832.954,1,0.09000000000014552,BACKFILL_AUTO
2026-06-19 09:44:32,1781862272,R_10,4832.927,-1,0.027000000000043656,BACKFILL_AUTO
2026-06-19 09:44:34,1781862274,R_10,4832.837,-1,0.08999999999923602,BACKFILL_AUTO
2026-06-19 09:44:36,1781862276,R_10,4832.843,1,0.0059999999994033715,BACKFILL_AUTO
2026-06-19 09:44:38,1781862278,R_10,4832.71,-1,0.13299999999981083,BACKFILL_AUTO
2026-06-19 09:44:40,1781862280,R_10,4832.65,-1,0.06000000000040018,BACKFILL_AUTO
2026-06-19 09:44:42,1781862282,R_10,4832.707,1,0.05700000000069849,BACKFILL_AUTO
2026-06-19 09:44:44,1781862284,R_10,4832.783,1,0.07600000000002183,BACKFILL_AUTO
2026-06-19 09:44:46,1781862286,R_10,4832.852,1,0.06899999999950523,BACKFILL_AUTO
2026-06-19 09:44:48,1781862288,R_10,4832.864,1,0.011999999999716238,BACKFILL_AUTO
2026-06-19 09:44:50,1781862290,R_10,4832.943,1,0.07900000000063301,BACKFILL_AUTO
2026-06-19 09:44:52,1781862292,R_10,4833.092,1,0.14899999999943248,BACKFILL_AUTO
2026-06-19 09:44:54,1781862294,R_10,4832.991,-1,0.10099999999965803,BACKFILL_AUTO
2026-06-19 09:44:56,1781862296,R_10,4833.077,1,0.0860000000002401,BACKFILL_AUTO
2026-06-19 09:44:58,1781862298,R_10,4832.981,-1,0.09600000000045839,BACKFILL_AUTO
2026-06-19 09:45:00,1781862300,R_10,4832.92,-1,0.06099999999969441,BACKFILL_AUTO
2026-06-19 09:45:02,1781862302,R_10,4832.878,-1,0.042000000000371074,BACKFILL_AUTO
2026-06-19 09:45:04,1781862304,R_10,4832.702,-1,0.17599999999947613,BACKFILL_AUTO
2026-06-19 09:45:06,1781862306,R_10,4832.603,-1,0.09900000000016007,BACKFILL_AUTO
2026-06-19 09:45:08,1781862308,R_10,4832.371,-1,0.2319999999999709,BACKFILL_AUTO
2026-06-19 09:45:10,1781862310,R_10,4832.538,1,0.16699999999946158,BACKFILL_AUTO
2026-06-19 09:45:12,1781862312,R_10,4832.457,-1,0.08099999999922147,BACKFILL_AUTO
2026-06-19 09:45:14,1781862314,R_10,4832.45,-1,0.007000000000516593,BACKFILL_AUTO
2026-06-19 09:45:16,1781862316,R_10,4832.52,1,0.07000000000061846,BACKFILL_AUTO
2026-06-19 09:45:18,1781862318,R_10,4832.55,1,0.02999999999974534,BACKFILL_AUTO
2026-06-19 09:45:20,1781862320,R_10,4832.574,1,0.023999999999432475,BACKFILL_AUTO
2026-06-19 09:45:22,1781862322,R_10,4832.596,1,0.021999999999934516,BACKFILL_AUTO
2026-06-19 09:45:24,1781862324,R_10,4832.637,1,0.04100000000016735,BACKFILL_AUTO
2026-06-19 09:45:26,1781862326,R_10,4832.581,-1,0.05599999999958527,BACKFILL_AUTO
2026-06-19 09:45:28,1781862328,R_10,4832.605,1,0.023999999999432475,BACKFILL_AUTO
2026-06-19 09:45:30,1781862330,R_10,4832.378,-1,0.22699999999986176,BACKFILL_AUTO
2026-06-19 09:45:32,1781862332,R_10,4832.376,-1,0.001999999999497959,BACKFILL_AUTO
2026-06-19 09:45:34,1781862334,R_10,4832.128,-1,0.24800000000050204,BACKFILL_AUTO
2026-06-19 09:45:36,1781862336,R_10,4831.913,-1,0.21500000000014552,BACKFILL_AUTO
2026-06-19 09:45:38,1781862338,R_10,4831.716,-1,0.19699999999920692,BACKFILL_AUTO
2026-06-19 09:45:40,1781862340,R_10,4831.794,1,0.07799999999951979,BACKFILL_AUTO
2026-06-19 09:45:42,1781862342,R_10,4831.724,-1,0.06999999999970896,BACKFILL_AUTO
2026-06-19 09:45:44,1781862344,R_10,4831.713,-1,0.011000000000422006,BACKFILL_AUTO
2026-06-19 09:45:46,1781862346,R_10,4831.724,1,0.011000000000422006,BACKFILL_AUTO
2026-06-19 09:45:48,1781862348,R_10,4831.819,1,0.09500000000025466,BACKFILL_AUTO
2026-06-19 09:45:50,1781862350,R_10,4831.844,1,0.024999999999636202,BACKFILL_AUTO
2026-06-19 09:45:52,1781862352,R_10,4832.031,1,0.18699999999989814,BACKFILL_AUTO
2026-06-19 09:45:54,1781862354,R_10,4832.067,1,0.03600000000005821,BACKFILL_AUTO
2026-06-19 09:45:56,1781862356,R_10,4832.042,-1,0.024999999999636202,BACKFILL_AUTO
2026-06-19 09:45:58,1781862358,R_10,4831.986,-1,0.056000000000494765,BACKFILL_AUTO
2026-06-19 09:46:00,1781862360,R_10,4831.978,-1,0.007999999999810825,BACKFILL_AUTO
2026-06-19 09:46:02,1781862362,R_10,4831.893,-1,0.08500000000003638,BACKFILL_AUTO
2026-06-19 09:46:04,1781862364,R_10,4831.864,-1,0.02900000000045111,BACKFILL_AUTO
2026-06-19 09:46:06,1781862366,R_10,4831.845,-1,0.018999999999323336,BACKFILL_AUTO
2026-06-19 09:46:08,1781862368,R_10,4831.812,-1,0.03300000000035652,BACKFILL_AUTO
2026-06-19 09:46:10,1781862370,R_10,4831.838,1,0.02599999999983993,BACKFILL_AUTO
2026-06-19 09:46:12,1781862372,R_10,4831.849,1,0.011000000000422006,BACKFILL_AUTO
2026-06-19 09:46:14,1781862374,R_10,4831.728,-1,0.12100000000009459,BACKFILL_AUTO
2026-06-19 09:46:16,1781862376,R_10,4831.567,-1,0.1610000000000582,BACKFILL_AUTO
2026-06-19 09:46:18,1781862378,R_10,4831.461,-1,0.10599999999976717,BACKFILL_AUTO
2026-06-19 09:46:20,1781862380,R_10,4831.434,-1,0.027000000000043656,BACKFILL_AUTO
2026-06-19 09:46:22,1781862382,R_10,4831.401,-1,0.03300000000035652,BACKFILL_AUTO
2026-06-19 09:46:24,1781862384,R_10,4831.389,-1,0.011999999999716238,BACKFILL_AUTO
2026-06-19 09:46:26,1781862386,R_10,4831.436,1,0.04699999999957072,BACKFILL_AUTO
2026-06-19 09:46:28,1781862388,R_10,4831.356,-1,0.07999999999992724,BACKFILL_AUTO
2026-06-19 09:46:30,1781862390,R_10,4831.56,1,0.204000000000633,BACKFILL_AUTO
2026-06-19 09:46:32,1781862392,R_10,4831.487,-1,0.07300000000032014,BACKFILL_AUTO
2026-06-19 09:46:34,1781862394,R_10,4831.464,-1,0.023000000000138243,BACKFILL_AUTO
2026-06-19 09:46:36,1781862396,R_10,4831.603,1,0.1390000000001237,BACKFILL_AUTO
2026-06-19 09:46:38,1781862398,R_10,4831.395,-1,0.20799999999962893,BACKFILL_AUTO
2026-06-19 09:46:40,1781862400,R_10,4831.419,1,0.023999999999432475,BACKFILL_AUTO
2026-06-19 09:46:42,1781862402,R_10,4831.531,1,0.11200000000008004,BACKFILL_AUTO
2026-06-19 09:46:44,1781862404,R_10,4831.589,1,0.057999999999992724,BACKFILL_AUTO
2026-06-19 09:46:46,1781862406,R_10,4831.811,1,0.22199999999975262,BACKFILL_AUTO
2026-06-19 09:46:48,1781862408,R_10,4831.937,1,0.12600000000020373,BACKFILL_AUTO
2026-06-19 09:46:50,1781862410,R_10,4831.881,-1,0.05599999999958527,BACKFILL_AUTO
2026-06-19 09:46:52,1781862412,R_10,4831.773,-1,0.10800000000017462,BACKFILL_AUTO
2026-06-19 09:46:54,1781862414,R_10,4831.907,1,0.13400000000001455,BACKFILL_AUTO
2026-06-19 09:46:56,1781862416,R_10,4832.125,1,0.2179999999998472,BACKFILL_AUTO
2026-06-19 09:46:58,1781862418,R_10,4832.228,1,0.10300000000006548,BACKFILL_AUTO
2026-06-19 09:47:00,1781862420,R_10,4832.084,-1,0.14400000000023283,BACKFILL_AUTO
2026-06-19 09:47:02,1781862422,R_10,4831.941,-1,0.1430000000000291,BACKFILL_AUTO
2026-06-19 09:47:04,1781862424,R_10,4831.946,1,0.005000000000109139,BACKFILL_AUTO
2026-06-19 09:47:06,1781862426,R_10,4832.108,1,0.16200000000026193,BACKFILL_AUTO
2026-06-19 09:47:08,1781862428,R_10,4831.991,-1,0.11700000000018917,BACKFILL_AUTO
2026-06-19 09:47:10,1781862430,R_10,4832.082,1,0.09100000000034925,BACKFILL_AUTO
2026-06-19 09:47:12,1781862432,R_10,4832.272,1,0.18999999999959982,BACKFILL_AUTO
2026-06-19 09:47:14,1781862434,R_10,4832.399,1,0.12700000000040745,BACKFILL_AUTO
2026-06-19 09:47:16,1781862436,R_10,4832.531,1,0.1319999999996071,BACKFILL_AUTO
2026-06-19 09:47:18,1781862438,R_10,4832.413,-1,0.1180000000003929,BACKFILL_AUTO
2026-06-19 09:47:20,1781862440,R_10,4832.204,-1,0.20899999999983265,BACKFILL_AUTO
2026-06-19 09:47:22,1781862442,R_10,4832.036,-1,0.1679999999996653,BACKFILL_AUTO
2026-06-19 09:47:24,1781862444,R_10,4831.845,-1,0.19099999999980355,BACKFILL_AUTO
2026-06-19 09:47:26,1781862446,R_10,4832.192,1,0.3469999999997526,BACKFILL_AUTO
2026-06-19 09:47:28,1781862448,R_10,4832.007,-1,0.18500000000040018,BACKFILL_AUTO
2026-06-19 09:47:30,1781862450,R_10,4831.933,-1,0.07399999999961437,BACKFILL_AUTO
2026-06-19 09:47:32,1781862452,R_10,4832.163,1,0.22999999999956344,BACKFILL_AUTO
2026-06-19 09:47:34,1781862454,R_10,4832.178,1,0.015000000000327418,BACKFILL_AUTO
2026-06-19 09:47:36,1781862456,R_10,4832.371,1,0.193000000000211,BACKFILL_AUTO
2026-06-19 09:47:38,1781862458,R_10,4832.371,0,0.0,BACKFILL_AUTO
2026-06-19 09:47:40,1781862460,R_10,4832.481,1,0.10999999999967258,BACKFILL_AUTO
2026-06-19 09:47:42,1781862462,R_10,4832.61,1,0.1289999999999054,BACKFILL_AUTO
2026-06-19 09:47:44,1781862464,R_10,4832.725,1,0.11500000000069122,BACKFILL_AUTO
2026-06-19 09:47:46,1781862466,R_10,4832.519,-1,0.20600000000013097,BACKFILL_AUTO
2026-06-19 09:47:48,1781862468,R_10,4832.355,-1,0.1640000000006694,BACKFILL_AUTO
2026-06-19 09:47:50,1781862470,R_10,4832.505,1,0.1500000000005457,BACKFILL_AUTO
2026-06-19 09:47:52,1781862472,R_10,4832.623,1,0.11799999999948341,BACKFILL_AUTO
2026-06-19 09:47:54,1781862474,R_10,4832.635,1,0.012000000000625732,BACKFILL_AUTO
2026-06-19 09:47:56,1781862476,R_10,4832.306,-1,0.329000000000633,BACKFILL_AUTO
2026-06-19 09:47:58,1781862478,R_10,4832.509,1,0.20300000000042928,BACKFILL_AUTO
2026-06-19 09:48:00,1781862480,R_10,4832.64,1,0.13100000000031287,BACKFILL_AUTO
2026-06-19 09:48:02,1781862482,R_10,4832.607,-1,0.03300000000035652,BACKFILL_AUTO
2026-06-19 09:48:04,1781862484,R_10,4832.689,1,0.0820000000003347,BACKFILL_AUTO
2026-06-19 09:48:06,1781862486,R_10,4832.559,-1,0.13000000000010914,BACKFILL_AUTO
2026-06-19 09:48:08,1781862488,R_10,4832.514,-1,0.04500000000007276,BACKFILL_AUTO
2026-06-19 09:48:10,1781862490,R_10,4832.43,-1,0.08399999999983265,BACKFILL_AUTO
2026-06-19 09:48:12,1781862492,R_10,4832.509,1,0.07899999999972351,BACKFILL_AUTO
2026-06-19 09:48:14,1781862494,R_10,4832.568,1,0.05900000000019645,BACKFILL_AUTO
2026-06-19 09:48:16,1781862496,R_10,4832.669,1,0.10099999999965803,BACKFILL_AUTO
2026-06-19 09:48:18,1781862498,R_10,4832.757,1,0.08799999999973807,BACKFILL_AUTO
2026-06-19 09:48:20,1781862500,R_10,4832.694,-1,0.06299999999919237,BACKFILL_AUTO
2026-06-19 09:48:22,1781862502,R_10,4832.577,-1,0.11700000000018917,BACKFILL_AUTO
2026-06-19 09:48:24,1781862504,R_10,4832.761,1,0.18400000000019645,BACKFILL_AUTO
2026-06-19 09:48:26,1781862506,R_10,4832.882,1,0.12099999999918509,BACKFILL_AUTO
2026-06-19 09:48:28,1781862508,R_10,4832.79,-1,0.09199999999964348,BACKFILL_AUTO
2026-06-19 09:48:30,1781862510,R_10,4832.779,-1,0.01099999999951251,BACKFILL_AUTO
2026-06-19 09:48:32,1781862512,R_10,4832.968,1,0.1889999999993961,BACKFILL_AUTO
2026-06-19 09:48:34,1781862514,R_10,4832.93,-1,0.03799999999955617,BACKFILL_AUTO
2026-06-19 09:48:36,1781862516,R_10,4832.721,-1,0.20900000000074215,BACKFILL_AUTO
2026-06-19 09:48:38,1781862518,R_10,4832.706,-1,0.014999999999417923,BACKFILL_AUTO
2026-06-19 09:48:40,1781862520,R_10,4832.841,1,0.13500000000021828,BACKFILL_AUTO
2026-06-19 09:48:42,1781862522,R_10,4832.784,-1,0.05700000000069849,BACKFILL_AUTO
2026-06-19 09:48:44,1781862524,R_10,4832.759,-1,0.024999999999636202,BACKFILL_AUTO
2026-06-19 09:48:46,1781862526,R_10,4832.694,-1,0.06499999999959982,BACKFILL_AUTO
2026-06-19 09:48:48,1781862528,R_10,4832.743,1,0.04899999999997817,BACKFILL_AUTO
2026-06-19 09:48:50,1781862530,R_10,4832.764,1,0.02099999999973079,BACKFILL_AUTO
2026-06-19 09:48:52,1781862532,R_10,4832.855,1,0.09099999999943975,BACKFILL_AUTO
2026-06-19 09:48:54,1781862534,R_10,4832.572,-1,0.282999999999447,BACKFILL_AUTO
2026-06-19 09:48:56,1781862536,R_10,4832.448,-1,0.12399999999979627,BACKFILL_AUTO
2026-06-19 09:48:58,1781862538,R_10,4832.479,1,0.03099999999994907,BACKFILL_AUTO
2026-06-19 09:49:00,1781862540,R_10,4832.507,1,0.027999999999337888,BACKFILL_AUTO
2026-06-19 09:49:02,1781862542,R_10,4832.476,-1,0.03099999999994907,BACKFILL_AUTO
2026-06-19 09:49:04,1781862544,R_10,4832.58,1,0.10400000000026921,BACKFILL_AUTO
2026-06-19 09:49:06,1781862546,R_10,4832.766,1,0.1859999999996944,BACKFILL_AUTO
2026-06-19 09:49:08,1781862548,R_10,4832.894,1,0.12800000000061118,BACKFILL_AUTO
2026-06-19 09:49:10,1781862550,R_10,4832.87,-1,0.02400000000034197,BACKFILL_AUTO
2026-06-19 09:49:12,1781862552,R_10,4832.957,1,0.08700000000044383,BACKFILL_AUTO
2026-06-19 09:49:14,1781862554,R_10,4832.923,-1,0.03400000000056025,BACKFILL_AUTO
2026-06-19 09:49:16,1781862556,R_10,4832.835,-1,0.08799999999973807,BACKFILL_AUTO
2026-06-19 09:49:18,1781862558,R_10,4832.685,-1,0.1499999999996362,BACKFILL_AUTO
2026-06-19 09:49:20,1781862560,R_10,4832.845,1,0.15999999999985448,BACKFILL_AUTO
2026-06-19 09:49:22,1781862562,R_10,4832.774,-1,0.07099999999991269,BACKFILL_AUTO
2026-06-19 09:49:24,1781862564,R_10,4832.731,-1,0.0430000000005748,BACKFILL_AUTO
2026-06-19 09:49:26,1781862566,R_10,4832.801,1,0.07000000000061846,BACKFILL_AUTO
2026-06-19 09:49:28,1781862568,R_10,4832.749,-1,0.05200000000058935,BACKFILL_AUTO
2026-06-19 09:49:30,1781862570,R_10,4832.986,1,0.23700000000008004,BACKFILL_AUTO
2026-06-19 09:49:32,1781862572,R_10,4832.862,-1,0.12399999999979627,BACKFILL_AUTO
2026-06-19 09:49:34,1781862574,R_10,4832.901,1,0.03899999999975989,BACKFILL_AUTO
2026-06-19 09:49:36,1781862576,R_10,4833.038,1,0.13699999999971624,BACKFILL_AUTO
2026-06-19 09:49:38,1781862578,R_10,4833.019,-1,0.018999999999323336,BACKFILL_AUTO
2026-06-19 09:49:40,1781862580,R_10,4833.217,1,0.19799999999941065,BACKFILL_AUTO
2026-06-19 09:49:42,1781862582,R_10,4833.095,-1,0.12199999999938882,BACKFILL_AUTO
2026-06-19 09:49:44,1781862584,R_10,4833.179,1,0.08399999999983265,BACKFILL_AUTO
2026-06-19 09:49:46,1781862586,R_10,4833.288,1,0.10899999999946886,BACKFILL_AUTO
2026-06-19 09:49:48,1781862588,R_10,4833.245,-1,0.042999999999665306,BACKFILL_AUTO
2026-06-19 09:49:50,1781862590,R_10,4833.37,1,0.125,BACKFILL_AUTO
2026-06-19 09:49:52,1781862592,R_10,4833.184,-1,0.1859999999996944,BACKFILL_AUTO
2026-06-19 09:49:54,1781862594,R_10,4833.305,1,0.12100000000009459,BACKFILL_AUTO
2026-06-19 09:49:56,1781862596,R_10,4833.315,1,0.009999999999308784,BACKFILL_AUTO
2026-06-19 09:49:58,1781862598,R_10,4833.378,1,0.06300000000010186,BACKFILL_AUTO
2026-06-19 09:50:00,1781862600,R_10,4833.385,1,0.007000000000516593,BACKFILL_AUTO
2026-06-19 09:50:02,1781862602,R_10,4833.414,1,0.028999999999541615,BACKFILL_AUTO
2026-06-19 09:50:04,1781862604,R_10,4833.435,1,0.021000000000640284,BACKFILL_AUTO
2026-06-19 09:50:06,1781862606,R_10,4833.368,-1,0.06700000000000728,BACKFILL_AUTO
2026-06-19 09:50:08,1781862608,R_10,4833.268,-1,0.1000000000003638,BACKFILL_AUTO
2026-06-19 09:50:10,1781862610,R_10,4833.153,-1,0.11499999999978172,BACKFILL_AUTO
2026-06-19 09:50:12,1781862612,R_10,4833.051,-1,0.10199999999986176,BACKFILL_AUTO
2026-06-19 09:50:14,1781862614,R_10,4832.951,-1,0.1000000000003638,BACKFILL_AUTO
2026-06-19 09:50:16,1781862616,R_10,4833.0,1,0.04899999999997817,BACKFILL_AUTO
2026-06-19 09:50:18,1781862618,R_10,4833.022,1,0.021999999999934516,BACKFILL_AUTO
2026-06-19 09:50:20,1781862620,R_10,4833.027,1,0.005000000000109139,BACKFILL_AUTO
2026-06-19 09:50:22,1781862622,R_10,4832.896,-1,0.13100000000031287,BACKFILL_AUTO
2026-06-19 09:50:24,1781862624,R_10,4832.75,-1,0.1459999999997308,BACKFILL_AUTO
2026-06-19 09:50:26,1781862626,R_10,4832.566,-1,0.18400000000019645,BACKFILL_AUTO
2026-06-19 09:50:28,1781862628,R_10,4832.59,1,0.02400000000034197,BACKFILL_AUTO
2026-06-19 09:50:30,1781862630,R_10,4832.501,-1,0.08899999999994179,BACKFILL_AUTO
2026-06-19 09:50:32,1781862632,R_10,4832.401,-1,0.1000000000003638,BACKFILL_AUTO
2026-06-19 09:50:34,1781862634,R_10,4832.212,-1,0.1889999999993961,BACKFILL_AUTO
2026-06-19 09:50:36,1781862636,R_10,4832.316,1,0.10399999999935972,BACKFILL_AUTO
2026-06-19 09:50:38,1781862638,R_10,4832.176,-1,0.13999999999941792,BACKFILL_AUTO
2026-06-19 09:50:40,1781862640,R_10,4832.305,1,0.1289999999999054,BACKFILL_AUTO
2026-06-19 09:50:42,1781862642,R_10,4832.391,1,0.08599999999933061,BACKFILL_AUTO
2026-06-19 09:50:44,1781862644,R_10,4832.466,1,0.0750000000007276,BACKFILL_AUTO
2026-06-19 09:50:46,1781862646,R_10,4832.503,1,0.03699999999935244,BACKFILL_AUTO
2026-06-19 09:50:48,1781862648,R_10,4832.51,1,0.007000000000516593,BACKFILL_AUTO
2026-06-19 09:50:50,1781862650,R_10,4832.652,1,0.14199999999982538,BACKFILL_AUTO
2026-06-19 09:50:52,1781862652,R_10,4832.666,1,0.014000000000123691,BACKFILL_AUTO
2026-06-19 09:50:54,1781862654,R_10,4832.837,1,0.1710000000002765,BACKFILL_AUTO
2026-06-19 09:50:56,1781862656,R_10,4832.775,-1,0.06200000000080763,BACKFILL_AUTO
2026-06-19 09:50:58,1781862658,R_10,4832.988,1,0.21300000000064756,BACKFILL_AUTO
2026-06-19 09:51:00,1781862660,R_10,4833.033,1,0.04500000000007276,BACKFILL_AUTO
2026-06-19 09:51:02,1781862662,R_10,4833.192,1,0.15899999999965075,BACKFILL_AUTO
2026-06-19 09:51:04,1781862664,R_10,4833.166,-1,0.02599999999983993,BACKFILL_AUTO
2026-06-19 09:51:06,1781862666,R_10,4833.194,1,0.028000000000247383,BACKFILL_AUTO
2026-06-19 09:51:08,1781862668,R_10,4833.168,-1,0.026000000000749424,BACKFILL_AUTO
2026-06-19 09:51:10,1781862670,R_10,4832.986,-1,0.181999999999789,BACKFILL_AUTO
2026-06-19 09:51:12,1781862672,R_10,4832.892,-1,0.09400000000005093,BACKFILL_AUTO
2026-06-19 09:51:14,1781862674,R_10,4833.127,1,0.23500000000058208,BACKFILL_AUTO
2026-06-19 09:51:16,1781862676,R_10,4832.94,-1,0.18700000000080763,BACKFILL_AUTO
2026-06-19 09:51:18,1781862678,R_10,4833.163,1,0.22299999999995634,BACKFILL_AUTO
2026-06-19 09:51:20,1781862680,R_10,4833.369,1,0.20600000000013097,BACKFILL_AUTO
2026-06-19 09:51:22,1781862682,R_10,4833.348,-1,0.02099999999973079,BACKFILL_AUTO
2026-06-19 09:51:24,1781862684,R_10,4833.493,1,0.14500000000043656,BACKFILL_AUTO
2026-06-19 09:51:26,1781862686,R_10,4833.581,1,0.08799999999973807,BACKFILL_AUTO
2026-06-19 09:51:28,1781862688,R_10,4833.53,-1,0.051000000000385626,BACKFILL_AUTO
2026-06-19 09:51:30,1781862690,R_10,4833.536,1,0.006000000000312866,BACKFILL_AUTO
2026-06-19 09:51:32,1781862692,R_10,4833.478,-1,0.057999999999992724,BACKFILL_AUTO
2026-06-19 09:51:34,1781862694,R_10,4833.389,-1,0.08899999999994179,BACKFILL_AUTO
2026-06-19 09:51:36,1781862696,R_10,4833.424,1,0.03499999999985448,BACKFILL_AUTO
2026-06-19 09:51:38,1781862698,R_10,4833.398,-1,0.02599999999983993,BACKFILL_AUTO
2026-06-19 09:51:40,1781862700,R_10,4833.366,-1,0.032000000000152795,BACKFILL_AUTO
2026-06-19 09:51:42,1781862702,R_10,4833.384,1,0.018000000000029104,BACKFILL_AUTO
2026-06-19 09:51:44,1781862704,R_10,4833.647,1,0.26299999999991996,BACKFILL_AUTO
2026-06-19 09:51:46,1781862706,R_10,4833.655,1,0.007999999999810825,BACKFILL_AUTO
2026-06-19 09:51:48,1781862708,R_10,4833.664,1,0.009000000000014552,BACKFILL_AUTO
2026-06-19 09:51:50,1781862710,R_10,4833.468,-1,0.1959999999999127,BACKFILL_AUTO
2026-06-19 09:51:52,1781862712,R_10,4833.475,1,0.007000000000516593,BACKFILL_AUTO
2026-06-19 09:51:54,1781862714,R_10,4833.699,1,0.22399999999925058,BACKFILL_AUTO
2026-06-19 09:51:56,1781862716,R_10,4833.771,1,0.07200000000011642,BACKFILL_AUTO
2026-06-19 09:51:58,1781862718,R_10,4833.706,-1,0.06499999999959982,BACKFILL_AUTO
2026-06-19 09:52:00,1781862720,R_10,4833.658,-1,0.047999999999774445,BACKFILL_AUTO
2026-06-19 09:52:02,1781862722,R_10,4833.671,1,0.012999999999919964,BACKFILL_AUTO
2026-06-19 09:52:04,1781862724,R_10,4833.683,1,0.011999999999716238,BACKFILL_AUTO
2026-06-19 09:52:06,1781862726,R_10,4833.487,-1,0.1959999999999127,BACKFILL_AUTO
2026-06-19 09:52:08,1781862728,R_10,4833.362,-1,0.125,BACKFILL_AUTO
2026-06-19 09:52:10,1781862730,R_10,4833.615,1,0.2529999999997017,BACKFILL_AUTO
2026-06-19 09:52:12,1781862732,R_10,4833.607,-1,0.007999999999810825,BACKFILL_AUTO
2026-06-19 09:52:14,1781862734,R_10,4833.512,-1,0.09500000000025466,BACKFILL_AUTO
2026-06-19 09:52:16,1781862736,R_10,4833.498,-1,0.014000000000123691,BACKFILL_AUTO
2026-06-19 09:52:18,1781862738,R_10,4833.415,-1,0.08299999999962893,BACKFILL_AUTO
2026-06-19 09:52:20,1781862740,R_10,4833.315,-1,0.1000000000003638,BACKFILL_AUTO
2026-06-19 09:52:22,1781862742,R_10,4833.29,-1,0.024999999999636202,BACKFILL_AUTO
2026-06-19 09:52:24,1781862744,R_10,4833.266,-1,0.02400000000034197,BACKFILL_AUTO
2026-06-19 09:52:26,1781862746,R_10,4833.27,1,0.004000000000814907,BACKFILL_AUTO
2026-06-19 09:52:28,1781862748,R_10,4833.227,-1,0.0430000000005748,BACKFILL_AUTO
2026-06-19 09:52:30,1781862750,R_10,4833.186,-1,0.04100000000016735,BACKFILL_AUTO
2026-06-19 09:52:32,1781862752,R_10,4833.111,-1,0.0749999999998181,BACKFILL_AUTO
2026-06-19 09:52:34,1781862754,R_10,4832.951,-1,0.15999999999985448,BACKFILL_AUTO
2026-06-19 09:52:36,1781862756,R_10,4832.967,1,0.01599999999962165,BACKFILL_AUTO
2026-06-19 09:52:38,1781862758,R_10,4832.847,-1,0.11999999999989086,BACKFILL_AUTO
2026-06-19 09:52:40,1781862760,R_10,4832.785,-1,0.06199999999989814,BACKFILL_AUTO
2026-06-19 09:52:42,1781862762,R_10,4832.543,-1,0.24200000000018917,BACKFILL_AUTO
2026-06-19 09:52:44,1781862764,R_10,4832.356,-1,0.18699999999989814,BACKFILL_AUTO
2026-06-19 09:52:46,1781862766,R_10,4832.326,-1,0.02999999999974534,BACKFILL_AUTO
2026-06-19 09:52:48,1781862768,R_10,4832.055,-1,0.2709999999997308,BACKFILL_AUTO
2026-06-19 09:52:50,1781862770,R_10,4831.925,-1,0.13000000000010914,BACKFILL_AUTO
2026-06-19 09:52:52,1781862772,R_10,4831.668,-1,0.2570000000005166,BACKFILL_AUTO
2026-06-19 09:52:54,1781862774,R_10,4831.668,0,0.0,BACKFILL_AUTO
2026-06-19 09:52:56,1781862776,R_10,4831.854,1,0.1860000000006039,BACKFILL_AUTO
2026-06-19 09:52:58,1781862778,R_10,4831.875,1,0.02099999999973079,BACKFILL_AUTO
2026-06-19 09:53:00,1781862780,R_10,4831.92,1,0.04500000000007276,BACKFILL_AUTO
2026-06-19 09:53:02,1781862782,R_10,4831.849,-1,0.07099999999991269,BACKFILL_AUTO
2026-06-19 09:53:04,1781862784,R_10,4831.573,-1,0.27599999999983993,BACKFILL_AUTO
2026-06-19 09:53:06,1781862786,R_10,4831.533,-1,0.03999999999996362,BACKFILL_AUTO
2026-06-19 09:53:08,1781862788,R_10,4831.59,1,0.056999999999789,BACKFILL_AUTO
2026-06-19 09:53:10,1781862790,R_10,4831.537,-1,0.052999999999883585,BACKFILL_AUTO
2026-06-19 09:53:12,1781862792,R_10,4831.426,-1,0.11099999999987631,BACKFILL_AUTO
2026-06-19 09:53:14,1781862794,R_10,4831.229,-1,0.19700000000011642,BACKFILL_AUTO
2026-06-19 09:53:16,1781862796,R_10,4831.323,1,0.09400000000005093,BACKFILL_AUTO
2026-06-19 09:53:18,1781862798,R_10,4831.209,-1,0.11400000000048749,BACKFILL_AUTO
2026-06-19 09:53:20,1781862800,R_10,4831.469,1,0.2600000000002183,BACKFILL_AUTO
2026-06-19 09:53:22,1781862802,R_10,4831.595,1,0.12600000000020373,BACKFILL_AUTO
2026-06-19 09:53:24,1781862804,R_10,4831.646,1,0.05099999999947613,BACKFILL_AUTO
2026-06-19 09:53:26,1781862806,R_10,4831.53,-1,0.11599999999998545,BACKFILL_AUTO
2026-06-19 09:53:28,1781862808,R_10,4831.469,-1,0.06099999999969441,BACKFILL_AUTO
2026-06-19 09:53:30,1781862810,R_10,4831.297,-1,0.1720000000004802,BACKFILL_AUTO
2026-06-19 09:53:32,1781862812,R_10,4831.206,-1,0.09099999999943975,BACKFILL_AUTO
2026-06-19 09:53:34,1781862814,R_10,4831.097,-1,0.10900000000037835,BACKFILL_AUTO
2026-06-19 09:53:36,1781862816,R_10,4830.955,-1,0.14199999999982538,BACKFILL_AUTO
2026-06-19 09:53:38,1781862818,R_10,4831.061,1,0.10599999999976717,BACKFILL_AUTO
2026-06-19 09:53:40,1781862820,R_10,4831.083,1,0.021999999999934516,BACKFILL_AUTO
2026-06-19 09:53:42,1781862822,R_10,4831.019,-1,0.0639999999993961,BACKFILL_AUTO
2026-06-19 09:53:44,1781862824,R_10,4831.076,1,0.056999999999789,BACKFILL_AUTO
2026-06-19 09:53:46,1781862826,R_10,4831.112,1,0.03600000000005821,BACKFILL_AUTO
2026-06-19 09:53:48,1781862828,R_10,4831.181,1,0.06899999999950523,BACKFILL_AUTO
2026-06-19 09:53:50,1781862830,R_10,4831.217,1,0.03600000000005821,BACKFILL_AUTO
2026-06-19 09:53:52,1781862832,R_10,4831.166,-1,0.05099999999947613,BACKFILL_AUTO
2026-06-19 09:53:54,1781862834,R_10,4831.153,-1,0.012999999999919964,BACKFILL_AUTO
2026-06-19 09:53:56,1781862836,R_10,4831.176,1,0.023000000000138243,BACKFILL_AUTO
2026-06-19 09:53:58,1781862838,R_10,4831.23,1,0.05399999999917782,BACKFILL_AUTO
2026-06-19 09:54:00,1781862840,R_10,4831.305,1,0.0750000000007276,BACKFILL_AUTO
2026-06-19 09:54:02,1781862842,R_10,4831.095,-1,0.21000000000003638,BACKFILL_AUTO
2026-06-19 09:54:04,1781862844,R_10,4831.237,1,0.14199999999982538,BACKFILL_AUTO
2026-06-19 09:54:06,1781862846,R_10,4831.086,-1,0.15099999999983993,BACKFILL_AUTO
2026-06-19 09:54:08,1781862848,R_10,4830.916,-1,0.17000000000007276,BACKFILL_AUTO
2026-06-19 09:54:10,1781862850,R_10,4830.934,1,0.018000000000029104,BACKFILL_AUTO
2026-06-19 09:54:12,1781862852,R_10,4831.034,1,0.0999999999994543,BACKFILL_AUTO
2026-06-19 09:54:14,1781862854,R_10,4831.074,1,0.03999999999996362,BACKFILL_AUTO
2026-06-19 09:54:16,1781862856,R_10,4831.12,1,0.046000000000276486,BACKFILL_AUTO
2026-06-19 09:54:18,1781862858,R_10,4831.003,-1,0.11700000000018917,BACKFILL_AUTO
2026-06-19 09:54:20,1781862860,R_10,4831.177,1,0.17399999999997817,BACKFILL_AUTO
2026-06-19 09:54:22,1781862862,R_10,4831.316,1,0.1390000000001237,BACKFILL_AUTO
2026-06-19 09:54:24,1781862864,R_10,4831.377,1,0.061000000000603904,BACKFILL_AUTO
2026-06-19 09:54:26,1781862866,R_10,4831.284,-1,0.0930000000007567,BACKFILL_AUTO
2026-06-19 09:54:28,1781862868,R_10,4831.222,-1,0.06199999999989814,BACKFILL_AUTO
2026-06-19 09:54:30,1781862870,R_10,4831.251,1,0.02900000000045111,BACKFILL_AUTO
2026-06-19 09:54:32,1781862872,R_10,4831.04,-1,0.2110000000002401,BACKFILL_AUTO
2026-06-19 09:54:34,1781862874,R_10,4831.002,-1,0.03799999999955617,BACKFILL_AUTO
2026-06-19 09:54:36,1781862876,R_10,4831.144,1,0.14199999999982538,BACKFILL_AUTO
2026-06-19 09:54:38,1781862878,R_10,4831.006,-1,0.13799999999991996,BACKFILL_AUTO
2026-06-19 09:54:40,1781862880,R_10,4830.98,-1,0.026000000000749424,BACKFILL_AUTO
2026-06-19 09:54:42,1781862882,R_10,4831.07,1,0.09000000000014552,BACKFILL_AUTO
2026-06-19 09:54:44,1781862884,R_10,4831.241,1,0.1710000000002765,BACKFILL_AUTO
2026-06-19 09:54:46,1781862886,R_10,4831.161,-1,0.07999999999992724,BACKFILL_AUTO
2026-06-19 09:54:48,1781862888,R_10,4831.203,1,0.042000000000371074,BACKFILL_AUTO
2026-06-19 09:54:50,1781862890,R_10,4831.193,-1,0.010000000000218279,BACKFILL_AUTO
2026-06-19 09:54:52,1781862892,R_10,4831.11,-1,0.08300000000053842,BACKFILL_AUTO
2026-06-19 09:54:54,1781862894,R_10,4831.14,1,0.030000000000654836,BACKFILL_AUTO
2026-06-19 09:54:56,1781862896,R_10,4831.075,-1,0.06500000000050932,BACKFILL_AUTO
2026-06-19 09:54:58,1781862898,R_10,4831.162,1,0.08700000000044383,BACKFILL_AUTO
2026-06-19 09:55:00,1781862900,R_10,4831.349,1,0.18699999999989814,BACKFILL_AUTO
2026-06-19 09:55:02,1781862902,R_10,4830.953,-1,0.3959999999997308,BACKFILL_AUTO
2026-06-19 09:55:04,1781862904,R_10,4830.809,-1,0.14400000000023283,BACKFILL_AUTO
2026-06-19 09:55:06,1781862906,R_10,4830.923,1,0.113999999999578,BACKFILL_AUTO
2026-06-19 09:55:08,1781862908,R_10,4831.053,1,0.13000000000010914,BACKFILL_AUTO
2026-06-19 09:55:10,1781862910,R_10,4831.042,-1,0.01099999999951251,BACKFILL_AUTO
2026-06-19 09:55:12,1781862912,R_10,4831.02,-1,0.021999999999934516,BACKFILL_AUTO
2026-06-19 09:55:14,1781862914,R_10,4831.071,1,0.05099999999947613,BACKFILL_AUTO
2026-06-19 09:55:16,1781862916,R_10,4831.052,-1,0.01900000000023283,BACKFILL_AUTO
2026-06-19 09:55:18,1781862918,R_10,4831.08,1,0.028000000000247383,BACKFILL_AUTO
2026-06-19 09:55:20,1781862920,R_10,4830.973,-1,0.1069999999999709,BACKFILL_AUTO
2026-06-19 09:55:22,1781862922,R_10,4831.016,1,0.042999999999665306,BACKFILL_AUTO
2026-06-19 09:55:24,1781862924,R_10,4830.989,-1,0.027000000000043656,BACKFILL_AUTO
2026-06-19 09:55:26,1781862926,R_10,4831.055,1,0.06600000000071304,BACKFILL_AUTO
2026-06-19 09:55:28,1781862928,R_10,4831.102,1,0.04699999999957072,BACKFILL_AUTO
2026-06-19 09:55:30,1781862930,R_10,4830.848,-1,0.2539999999999054,BACKFILL_AUTO
2026-06-19 09:55:32,1781862932,R_10,4830.837,-1,0.01099999999951251,BACKFILL_AUTO
2026-06-19 09:55:34,1781862934,R_10,4830.815,-1,0.02200000000084401,BACKFILL_AUTO
2026-06-19 09:55:36,1781862936,R_10,4830.789,-1,0.02599999999983993,BACKFILL_AUTO
2026-06-19 09:55:38,1781862938,R_10,4830.738,-1,0.05099999999947613,BACKFILL_AUTO
2026-06-19 09:55:40,1781862940,R_10,4830.726,-1,0.012000000000625732,BACKFILL_AUTO
2026-06-19 09:55:42,1781862942,R_10,4830.661,-1,0.06499999999959982,BACKFILL_AUTO
2026-06-19 09:55:44,1781862944,R_10,4830.654,-1,0.006999999999607098,BACKFILL_AUTO
2026-06-19 09:55:46,1781862946,R_10,4830.548,-1,0.10600000000067666,BACKFILL_AUTO
2026-06-19 09:55:48,1781862948,R_10,4830.613,1,0.06500000000050932,BACKFILL_AUTO
2026-06-19 09:55:50,1781862950,R_10,4830.591,-1,0.021999999999934516,BACKFILL_AUTO
2026-06-19 09:55:52,1781862952,R_10,4830.763,1,0.17199999999957072,BACKFILL_AUTO
2026-06-19 09:55:54,1781862954,R_10,4830.804,1,0.04100000000016735,BACKFILL_AUTO
2026-06-19 09:55:56,1781862956,R_10,4830.597,-1,0.2070000000003347,BACKFILL_AUTO
2026-06-19 09:55:58,1781862958,R_10,4830.755,1,0.15800000000035652,BACKFILL_AUTO
2026-06-19 09:56:00,1781862960,R_10,4830.686,-1,0.06900000000041473,BACKFILL_AUTO
2026-06-19 09:56:02,1781862962,R_10,4830.803,1,0.11700000000018917,BACKFILL_AUTO
2026-06-19 09:56:04,1781862964,R_10,4830.658,-1,0.14499999999952706,BACKFILL_AUTO
2026-06-19 09:56:06,1781862966,R_10,4830.543,-1,0.11500000000069122,BACKFILL_AUTO
2026-06-19 09:56:08,1781862968,R_10,4830.574,1,0.03099999999994907,BACKFILL_AUTO
2026-06-19 09:56:10,1781862970,R_10,4830.428,-1,0.1459999999997308,BACKFILL_AUTO
2026-06-19 09:56:12,1781862972,R_10,4830.163,-1,0.2650000000003274,BACKFILL_AUTO
2026-06-19 09:56:14,1781862974,R_10,4829.884,-1,0.2789999999995416,BACKFILL_AUTO
2026-06-19 09:56:16,1781862976,R_10,4830.174,1,0.2899999999999636,BACKFILL_AUTO
2026-06-19 09:56:18,1781862978,R_10,4830.278,1,0.10400000000026921,BACKFILL_AUTO
2026-06-19 09:56:20,1781862980,R_10,4830.312,1,0.033999999999650754,BACKFILL_AUTO
2026-06-19 09:56:22,1781862982,R_10,4830.228,-1,0.08399999999983265,BACKFILL_AUTO
2026-06-19 09:56:24,1781862984,R_10,4830.089,-1,0.1390000000001237,BACKFILL_AUTO
2026-06-19 09:56:26,1781862986,R_10,4830.137,1,0.047999999999774445,BACKFILL_AUTO
2026-06-19 09:56:28,1781862988,R_10,4830.1,-1,0.03699999999935244,BACKFILL_AUTO
2026-06-19 09:56:30,1781862990,R_10,4830.138,1,0.03799999999955617,BACKFILL_AUTO
2026-06-19 09:56:32,1781862992,R_10,4830.23,1,0.09199999999964348,BACKFILL_AUTO
2026-06-19 09:56:34,1781862994,R_10,4830.359,1,0.1290000000008149,BACKFILL_AUTO
2026-06-19 09:56:36,1781862996,R_10,4830.395,1,0.03600000000005821,BACKFILL_AUTO
2026-06-19 09:56:38,1781862998,R_10,4830.201,-1,0.19400000000041473,BACKFILL_AUTO
2026-06-19 09:56:40,1781863000,R_10,4830.295,1,0.09400000000005093,BACKFILL_AUTO
2026-06-19 09:56:42,1781863002,R_10,4830.066,-1,0.2290000000002692,BACKFILL_AUTO
2026-06-19 09:56:44,1781863004,R_10,4830.243,1,0.17700000000058935,BACKFILL_AUTO
2026-06-19 09:56:46,1781863006,R_10,4830.141,-1,0.10200000000077125,BACKFILL_AUTO
2026-06-19 09:56:48,1781863008,R_10,4830.22,1,0.07900000000063301,BACKFILL_AUTO
2026-06-19 09:56:50,1781863010,R_10,4830.204,-1,0.016000000000531145,BACKFILL_AUTO
2026-06-19 09:56:52,1781863012,R_10,4830.402,1,0.19800000000032014,BACKFILL_AUTO
2026-06-19 09:56:54,1781863014,R_10,4830.261,-1,0.14099999999962165,BACKFILL_AUTO
2026-06-19 09:56:56,1781863016,R_10,4830.165,-1,0.09600000000045839,BACKFILL_AUTO
2026-06-19 09:56:58,1781863018,R_10,4830.178,1,0.012999999999919964,BACKFILL_AUTO
2026-06-19 09:57:00,1781863020,R_10,4830.256,1,0.07800000000042928,BACKFILL_AUTO
2026-06-19 09:57:02,1781863022,R_10,4830.452,1,0.1959999999999127,BACKFILL_AUTO
2026-06-19 09:57:04,1781863024,R_10,4830.368,-1,0.08399999999983265,BACKFILL_AUTO
2026-06-19 09:57:06,1781863026,R_10,4830.523,1,0.15499999999974534,BACKFILL_AUTO
2026-06-19 09:57:08,1781863028,R_10,4830.439,-1,0.08399999999983265,BACKFILL_AUTO
2026-06-19 09:57:10,1781863030,R_10,4830.396,-1,0.0430000000005748,BACKFILL_AUTO
2026-06-19 09:57:12,1781863032,R_10,4830.592,1,0.1959999999999127,BACKFILL_AUTO
2026-06-19 09:57:14,1781863034,R_10,4830.439,-1,0.1529999999993379,BACKFILL_AUTO
2026-06-19 09:57:16,1781863036,R_10,4830.56,1,0.12100000000009459,BACKFILL_AUTO
2026-06-19 09:57:18,1781863038,R_10,4830.695,1,0.13499999999930878,BACKFILL_AUTO
2026-06-19 09:57:20,1781863040,R_10,4830.727,1,0.032000000000152795,BACKFILL_AUTO
2026-06-19 09:57:22,1781863042,R_10,4830.79,1,0.06300000000010186,BACKFILL_AUTO
2026-06-19 09:57:24,1781863044,R_10,4830.955,1,0.16499999999996362,BACKFILL_AUTO
2026-06-19 09:57:26,1781863046,R_10,4831.014,1,0.05900000000019645,BACKFILL_AUTO
2026-06-19 09:57:28,1781863048,R_10,4831.006,-1,0.007999999999810825,BACKFILL_AUTO
2026-06-19 09:57:30,1781863050,R_10,4831.018,1,0.011999999999716238,BACKFILL_AUTO
2026-06-19 09:57:32,1781863052,R_10,4831.097,1,0.07899999999972351,BACKFILL_AUTO
2026-06-19 09:57:34,1781863054,R_10,4830.933,-1,0.1639999999997599,BACKFILL_AUTO
2026-06-19 09:57:36,1781863056,R_10,4830.979,1,0.046000000000276486,BACKFILL_AUTO
2026-06-19 09:57:38,1781863058,R_10,4830.808,-1,0.1710000000002765,BACKFILL_AUTO
2026-06-19 09:57:40,1781863060,R_10,4830.917,1,0.10900000000037835,BACKFILL_AUTO
2026-06-19 09:57:42,1781863062,R_10,4830.835,-1,0.0820000000003347,BACKFILL_AUTO
2026-06-19 09:57:44,1781863064,R_10,4830.683,-1,0.15200000000004366,BACKFILL_AUTO
2026-06-19 09:57:46,1781863066,R_10,4830.556,-1,0.12700000000040745,BACKFILL_AUTO
2026-06-19 09:57:48,1781863068,R_10,4830.541,-1,0.014999999999417923,BACKFILL_AUTO
2026-06-19 09:57:50,1781863070,R_10,4830.704,1,0.16299999999955617,BACKFILL_AUTO
2026-06-19 09:57:52,1781863072,R_10,4830.715,1,0.011000000000422006,BACKFILL_AUTO
2026-06-19 09:57:54,1781863074,R_10,4830.75,1,0.03499999999985448,BACKFILL_AUTO
2026-06-19 09:57:56,1781863076,R_10,4830.691,-1,0.05900000000019645,BACKFILL_AUTO
2026-06-19 09:57:58,1781863078,R_10,4830.691,0,0.0,BACKFILL_AUTO
2026-06-19 09:58:00,1781863080,R_10,4830.775,1,0.08399999999983265,BACKFILL_AUTO
2026-06-19 09:58:02,1781863082,R_10,4830.618,-1,0.1569999999992433,BACKFILL_AUTO
2026-06-19 09:58:04,1781863084,R_10,4830.345,-1,0.27300000000013824,BACKFILL_AUTO
2026-06-19 09:58:06,1781863086,R_10,4830.406,1,0.06099999999969441,BACKFILL_AUTO
2026-06-19 09:58:08,1781863088,R_10,4830.235,-1,0.1710000000002765,BACKFILL_AUTO
2026-06-19 09:58:10,1781863090,R_10,4830.17,-1,0.06499999999959982,BACKFILL_AUTO
2026-06-19 09:58:12,1781863092,R_10,4830.233,1,0.06300000000010186,BACKFILL_AUTO
2026-06-19 09:58:14,1781863094,R_10,4830.17,-1,0.06300000000010186,BACKFILL_AUTO
2026-06-19 09:58:16,1781863096,R_10,4830.306,1,0.1359999999995125,BACKFILL_AUTO
2026-06-19 09:58:18,1781863098,R_10,4830.146,-1,0.15999999999985448,BACKFILL_AUTO
2026-06-19 09:58:20,1781863100,R_10,4830.088,-1,0.057999999999992724,BACKFILL_AUTO
2026-06-19 09:58:22,1781863102,R_10,4830.05,-1,0.03799999999955617,BACKFILL_AUTO
2026-06-19 09:58:24,1781863104,R_10,4830.06,1,0.010000000000218279,BACKFILL_AUTO
2026-06-19 09:58:26,1781863106,R_10,4830.049,-1,0.011000000000422006,BACKFILL_AUTO
2026-06-19 09:58:28,1781863108,R_10,4830.166,1,0.11700000000018917,BACKFILL_AUTO
2026-06-19 09:58:30,1781863110,R_10,4830.131,-1,0.03499999999985448,BACKFILL_AUTO
2026-06-19 09:58:32,1781863112,R_10,4830.224,1,0.0929999999998472,BACKFILL_AUTO
2026-06-19 09:58:34,1781863114,R_10,4830.205,-1,0.01900000000023283,BACKFILL_AUTO
2026-06-19 09:58:36,1781863116,R_10,4830.247,1,0.042000000000371074,BACKFILL_AUTO
2026-06-19 09:58:38,1781863118,R_10,4830.33,1,0.08299999999962893,BACKFILL_AUTO
2026-06-19 09:58:40,1781863120,R_10,4830.21,-1,0.11999999999989086,BACKFILL_AUTO
2026-06-19 09:58:42,1781863122,R_10,4830.146,-1,0.06400000000030559,BACKFILL_AUTO
2026-06-19 09:58:44,1781863124,R_10,4830.031,-1,0.11499999999978172,BACKFILL_AUTO
2026-06-19 09:58:46,1781863126,R_10,4829.959,-1,0.07200000000011642,BACKFILL_AUTO
2026-06-19 09:58:48,1781863128,R_10,4829.867,-1,0.09199999999964348,BACKFILL_AUTO
2026-06-19 09:58:50,1781863130,R_10,4829.921,1,0.05400000000008731,BACKFILL_AUTO
2026-06-19 09:58:52,1781863132,R_10,4829.939,1,0.018000000000029104,BACKFILL_AUTO
2026-06-19 09:58:54,1781863134,R_10,4830.063,1,0.12399999999979627,BACKFILL_AUTO
2026-06-19 09:58:56,1781863136,R_10,4829.877,-1,0.1859999999996944,BACKFILL_AUTO
2026-06-19 09:58:58,1781863138,R_10,4829.852,-1,0.025000000000545697,BACKFILL_AUTO
2026-06-19 09:59:00,1781863140,R_10,4829.889,1,0.037000000000261934,BACKFILL_AUTO
2026-06-19 09:59:02,1781863142,R_10,4829.747,-1,0.14199999999982538,BACKFILL_AUTO
2026-06-19 09:59:04,1781863144,R_10,4829.701,-1,0.046000000000276486,BACKFILL_AUTO
2026-06-19 09:59:06,1781863146,R_10,4829.724,1,0.023000000000138243,BACKFILL_AUTO
2026-06-19 09:59:08,1781863148,R_10,4829.904,1,0.18000000000029104,BACKFILL_AUTO
2026-06-19 09:59:10,1781863150,R_10,4829.844,-1,0.06000000000040018,BACKFILL_AUTO
2026-06-19 09:59:12,1781863152,R_10,4829.918,1,0.07399999999961437,BACKFILL_AUTO
2026-06-19 09:59:14,1781863154,R_10,4829.841,-1,0.07699999999931606,BACKFILL_AUTO
2026-06-19 09:59:16,1781863156,R_10,4829.682,-1,0.15900000000056025,BACKFILL_AUTO
2026-06-19 09:59:18,1781863158,R_10,4829.691,1,0.009000000000014552,BACKFILL_AUTO
2026-06-19 09:59:20,1781863160,R_10,4829.571,-1,0.11999999999989086,BACKFILL_AUTO
2026-06-19 09:59:22,1781863162,R_10,4829.554,-1,0.016999999999825377,BACKFILL_AUTO
2026-06-19 09:59:24,1781863164,R_10,4829.316,-1,0.23800000000028376,BACKFILL_AUTO
2026-06-19 09:59:26,1781863166,R_10,4829.252,-1,0.0639999999993961,BACKFILL_AUTO
2026-06-19 09:59:28,1781863168,R_10,4829.084,-1,0.1680000000005748,BACKFILL_AUTO
2026-06-19 09:59:30,1781863170,R_10,4829.104,1,0.020000000000436557,BACKFILL_AUTO
2026-06-19 09:59:32,1781863172,R_10,4828.931,-1,0.17300000000068394,BACKFILL_AUTO
2026-06-19 09:59:34,1781863174,R_10,4828.835,-1,0.09599999999954889,BACKFILL_AUTO
2026-06-19 09:59:36,1781863176,R_10,4828.892,1,0.056999999999789,BACKFILL_AUTO
2026-06-19 09:59:38,1781863178,R_10,4828.601,-1,0.29100000000016735,BACKFILL_AUTO
2026-06-19 09:59:40,1781863180,R_10,4828.523,-1,0.07799999999951979,BACKFILL_AUTO
2026-06-19 09:59:42,1781863182,R_10,4828.773,1,0.25,BACKFILL_AUTO
2026-06-19 09:59:44,1781863184,R_10,4828.986,1,0.21299999999973807,BACKFILL_AUTO
2026-06-19 09:59:46,1781863186,R_10,4829.101,1,0.11499999999978172,BACKFILL_AUTO
2026-06-19 09:59:48,1781863188,R_10,4829.103,1,0.0020000000004074536,BACKFILL_AUTO
2026-06-19 09:59:50,1781863190,R_10,4829.267,1,0.1639999999997599,BACKFILL_AUTO
2026-06-19 09:59:52,1781863192,R_10,4829.267,0,0.0,BACKFILL_AUTO
2026-06-19 09:59:54,1781863194,R_10,4829.441,1,0.17399999999997817,BACKFILL_AUTO
2026-06-19 09:59:56,1781863196,R_10,4829.437,-1,0.0039999999999054126,BACKFILL_AUTO
2026-06-19 09:59:58,1781863198,R_10,4829.518,1,0.08100000000013097,BACKFILL_AUTO
2026-06-19 10:00:00,1781863200,R_10,4829.661,1,0.1430000000000291,BACKFILL_AUTO
2026-06-19 10:00:02,1781863202,R_10,4829.573,-1,0.08799999999973807,BACKFILL_AUTO
2026-06-19 10:00:04,1781863204,R_10,4829.55,-1,0.023000000000138243,BACKFILL_AUTO
2026-06-19 10:00:06,1781863206,R_10,4829.401,-1,0.14900000000034197,BACKFILL_AUTO
2026-06-19 10:00:08,1781863208,R_10,4829.444,1,0.0430000000005748,BACKFILL_AUTO
2026-06-19 10:00:10,1781863210,R_10,4829.355,-1,0.08900000000085129,BACKFILL_AUTO
2026-06-19 10:00:12,1781863212,R_10,4829.413,1,0.057999999999992724,BACKFILL_AUTO
2026-06-19 10:00:14,1781863214,R_10,4829.449,1,0.03600000000005821,BACKFILL_AUTO
2026-06-19 10:00:16,1781863216,R_10,4829.455,1,0.006000000000312866,BACKFILL_AUTO
2026-06-19 10:00:18,1781863218,R_10,4829.785,1,0.32999999999992724,BACKFILL_AUTO
2026-06-19 10:00:20,1781863220,R_10,4829.662,-1,0.12299999999959255,BACKFILL_AUTO
2026-06-19 10:00:22,1781863222,R_10,4829.576,-1,0.0860000000002401,BACKFILL_AUTO
2026-06-19 10:00:24,1781863224,R_10,4829.828,1,0.25200000000040745,BACKFILL_AUTO
2026-06-19 10:00:26,1781863226,R_10,4829.884,1,0.05599999999958527,BACKFILL_AUTO
2026-06-19 10:00:28,1781863228,R_10,4830.127,1,0.2430000000003929,BACKFILL_AUTO
2026-06-19 10:00:30,1781863230,R_10,4830.181,1,0.05399999999917782,BACKFILL_AUTO
2026-06-19 10:00:32,1781863232,R_10,4830.077,-1,0.10399999999935972,BACKFILL_AUTO
2026-06-19 10:00:34,1781863234,R_10,4830.094,1,0.016999999999825377,BACKFILL_AUTO
2026-06-19 10:00:36,1781863236,R_10,4830.247,1,0.15300000000024738,BACKFILL_AUTO
2026-06-19 10:00:38,1781863238,R_10,4830.18,-1,0.06700000000000728,BACKFILL_AUTO
2026-06-19 10:00:40,1781863240,R_10,4830.21,1,0.02999999999974534,BACKFILL_AUTO
2026-06-19 10:00:42,1781863242,R_10,4830.143,-1,0.06700000000000728,BACKFILL_AUTO
2026-06-19 10:00:44,1781863244,R_10,4830.179,1,0.03600000000005821,BACKFILL_AUTO
2026-06-19 10:00:46,1781863246,R_10,4830.234,1,0.05500000000029104,BACKFILL_AUTO
2026-06-19 10:00:48,1781863248,R_10,4830.243,1,0.009000000000014552,BACKFILL_AUTO
2026-06-19 10:00:50,1781863250,R_10,4830.056,-1,0.18700000000080763,BACKFILL_AUTO
2026-06-19 10:00:52,1781863252,R_10,4830.143,1,0.08700000000044383,BACKFILL_AUTO
2026-06-19 10:00:54,1781863254,R_10,4830.245,1,0.10199999999986176,BACKFILL_AUTO
2026-06-19 10:00:56,1781863256,R_10,4830.305,1,0.06000000000040018,BACKFILL_AUTO
2026-06-19 10:00:58,1781863258,R_10,4830.459,1,0.15399999999954161,BACKFILL_AUTO
2026-06-19 10:01:00,1781863260,R_10,4830.756,1,0.2970000000004802,BACKFILL_AUTO
2026-06-19 10:01:02,1781863262,R_10,4830.821,1,0.06499999999959982,BACKFILL_AUTO
2026-06-19 10:01:04,1781863264,R_10,4830.815,-1,0.006000000000312866,BACKFILL_AUTO
2026-06-19 10:01:06,1781863266,R_10,4830.775,-1,0.03999999999996362,BACKFILL_AUTO
2026-06-19 10:01:08,1781863268,R_10,4830.951,1,0.17600000000038563,BACKFILL_AUTO
2026-06-19 10:01:10,1781863270,R_10,4831.005,1,0.05400000000008731,BACKFILL_AUTO
2026-06-19 10:01:12,1781863272,R_10,4830.857,-1,0.14800000000013824,BACKFILL_AUTO
2026-06-19 10:01:14,1781863274,R_10,4830.854,-1,0.0029999999997016857,BACKFILL_AUTO
2026-06-19 10:01:16,1781863276,R_10,4830.94,1,0.08599999999933061,BACKFILL_AUTO
2026-06-19 10:01:18,1781863278,R_10,4831.076,1,0.136000000000422,BACKFILL_AUTO
2026-06-19 10:01:20,1781863280,R_10,4831.229,1,0.15300000000024738,BACKFILL_AUTO
2026-06-19 10:01:22,1781863282,R_10,4831.247,1,0.018000000000029104,BACKFILL_AUTO
2026-06-19 10:01:24,1781863284,R_10,4831.288,1,0.04099999999925785,BACKFILL_AUTO
2026-06-19 10:01:26,1781863286,R_10,4831.139,-1,0.14899999999943248,BACKFILL_AUTO
2026-06-19 10:01:28,1781863288,R_10,4831.215,1,0.07600000000002183,BACKFILL_AUTO
2026-06-19 10:01:30,1781863290,R_10,4831.169,-1,0.046000000000276486,BACKFILL_AUTO
2026-06-19 10:01:32,1781863292,R_10,4831.49,1,0.3209999999999127,BACKFILL_AUTO
2026-06-19 10:01:34,1781863294,R_10,4831.34,-1,0.1499999999996362,BACKFILL_AUTO
2026-06-19 10:01:36,1781863296,R_10,4831.345,1,0.005000000000109139,BACKFILL_AUTO
2026-06-19 10:01:38,1781863298,R_10,4831.487,1,0.14199999999982538,BACKFILL_AUTO
2026-06-19 10:01:40,1781863300,R_10,4831.789,1,0.30199999999967986,BACKFILL_AUTO
2026-06-19 10:01:42,1781863302,R_10,4831.786,-1,0.0029999999997016857,BACKFILL_AUTO
2026-06-19 10:01:44,1781863304,R_10,4831.742,-1,0.04399999999986903,BACKFILL_AUTO
2026-06-19 10:01:46,1781863306,R_10,4831.622,-1,0.11999999999989086,BACKFILL_AUTO
2026-06-19 10:01:48,1781863308,R_10,4831.635,1,0.012999999999919964,BACKFILL_AUTO
2026-06-19 10:01:50,1781863310,R_10,4831.679,1,0.04399999999986903,BACKFILL_AUTO
2026-06-19 10:01:52,1781863312,R_10,4831.833,1,0.15399999999954161,BACKFILL_AUTO
2026-06-19 10:01:54,1781863314,R_10,4831.619,-1,0.2139999999999418,BACKFILL_AUTO
2026-06-19 10:01:56,1781863316,R_10,4831.373,-1,0.2460000000000946,BACKFILL_AUTO
2026-06-19 10:01:58,1781863318,R_10,4831.296,-1,0.07699999999931606,BACKFILL_AUTO
2026-06-19 10:02:00,1781863320,R_10,4831.251,-1,0.04500000000007276,BACKFILL_AUTO
2026-06-19 10:02:02,1781863322,R_10,4831.24,-1,0.011000000000422006,BACKFILL_AUTO
2026-06-19 10:02:04,1781863324,R_10,4831.285,1,0.04500000000007276,BACKFILL_AUTO
2026-06-19 10:02:06,1781863326,R_10,4831.349,1,0.06400000000030559,BACKFILL_AUTO
2026-06-19 10:02:08,1781863328,R_10,4831.447,1,0.09799999999995634,BACKFILL_AUTO
2026-06-19 10:02:10,1781863330,R_10,4831.431,-1,0.016000000000531145,BACKFILL_AUTO
2026-06-19 10:02:12,1781863332,R_10,4831.369,-1,0.06199999999989814,BACKFILL_AUTO
2026-06-19 10:02:14,1781863334,R_10,4831.277,-1,0.09199999999964348,BACKFILL_AUTO
2026-06-19 10:02:16,1781863336,R_10,4831.243,-1,0.033999999999650754,BACKFILL_AUTO
2026-06-19 10:02:18,1781863338,R_10,4831.312,1,0.06899999999950523,BACKFILL_AUTO
2026-06-19 10:02:20,1781863340,R_10,4831.275,-1,0.037000000000261934,BACKFILL_AUTO
2026-06-19 10:02:22,1781863342,R_10,4831.198,-1,0.07699999999931606,BACKFILL_AUTO
2026-06-19 10:02:24,1781863344,R_10,4831.181,-1,0.01700000000073487,BACKFILL_AUTO
2026-06-19 10:02:26,1781863346,R_10,4831.016,-1,0.16499999999996362,BACKFILL_AUTO
2026-06-19 10:02:28,1781863348,R_10,4830.881,-1,0.13499999999930878,BACKFILL_AUTO
2026-06-19 10:02:30,1781863350,R_10,4830.847,-1,0.03400000000056025,BACKFILL_AUTO
2026-06-19 10:02:32,1781863352,R_10,4830.913,1,0.06599999999980355,BACKFILL_AUTO
2026-06-19 10:02:34,1781863354,R_10,4830.906,-1,0.006999999999607098,BACKFILL_AUTO
2026-06-19 10:02:36,1781863356,R_10,4831.102,1,0.1959999999999127,BACKFILL_AUTO
2026-06-19 10:02:38,1781863358,R_10,4831.261,1,0.15900000000056025,BACKFILL_AUTO
2026-06-19 10:02:40,1781863360,R_10,4831.096,-1,0.16500000000087311,BACKFILL_AUTO
2026-06-19 10:02:42,1781863362,R_10,4830.918,-1,0.17799999999988358,BACKFILL_AUTO
2026-06-19 10:02:44,1781863364,R_10,4830.933,1,0.015000000000327418,BACKFILL_AUTO
2026-06-19 10:02:46,1781863366,R_10,4830.953,1,0.020000000000436557,BACKFILL_AUTO
2026-06-19 10:02:48,1781863368,R_10,4830.831,-1,0.12200000000029831,BACKFILL_AUTO
2026-06-19 10:02:50,1781863370,R_10,4830.847,1,0.01599999999962165,BACKFILL_AUTO
2026-06-19 10:02:52,1781863372,R_10,4830.838,-1,0.009000000000014552,BACKFILL_AUTO
2026-06-19 10:02:54,1781863374,R_10,4830.778,-1,0.05999999999949068,BACKFILL_AUTO
2026-06-19 10:02:56,1781863376,R_10,4830.514,-1,0.2640000000001237,BACKFILL_AUTO
2026-06-19 10:02:58,1781863378,R_10,4830.585,1,0.07099999999991269,BACKFILL_AUTO
2026-06-19 10:03:00,1781863380,R_10,4830.744,1,0.15899999999965075,BACKFILL_AUTO
2026-06-19 10:03:02,1781863382,R_10,4830.646,-1,0.09799999999995634,BACKFILL_AUTO
2026-06-19 10:03:04,1781863384,R_10,4830.628,-1,0.018000000000029104,BACKFILL_AUTO
2026-06-19 10:03:06,1781863386,R_10,4830.594,-1,0.033999999999650754,BACKFILL_AUTO
2026-06-19 10:03:08,1781863388,R_10,4830.483,-1,0.11099999999987631,BACKFILL_AUTO
2026-06-19 10:03:10,1781863390,R_10,4830.344,-1,0.1390000000001237,BACKFILL_AUTO
2026-06-19 10:03:12,1781863392,R_10,4830.212,-1,0.1319999999996071,BACKFILL_AUTO
2026-06-19 10:03:14,1781863394,R_10,4830.005,-1,0.2070000000003347,BACKFILL_AUTO
2026-06-19 10:03:16,1781863396,R_10,4829.844,-1,0.1610000000000582,BACKFILL_AUTO
2026-06-19 10:03:18,1781863398,R_10,4829.794,-1,0.0500000000001819,BACKFILL_AUTO
2026-06-19 10:03:20,1781863400,R_10,4829.819,1,0.025000000000545697,BACKFILL_AUTO
2026-06-19 10:03:22,1781863402,R_10,4829.913,1,0.09399999999914144,BACKFILL_AUTO
2026-06-19 10:03:24,1781863404,R_10,4830.12,1,0.2070000000003347,BACKFILL_AUTO
2026-06-19 10:03:26,1781863406,R_10,4830.105,-1,0.015000000000327418,BACKFILL_AUTO
2026-06-19 10:03:28,1781863408,R_10,4830.018,-1,0.08699999999953434,BACKFILL_AUTO
2026-06-19 10:03:30,1781863410,R_10,4830.104,1,0.0860000000002401,BACKFILL_AUTO
2026-06-19 10:03:32,1781863412,R_10,4830.228,1,0.12399999999979627,BACKFILL_AUTO
2026-06-19 10:03:34,1781863414,R_10,4830.351,1,0.12299999999959255,BACKFILL_AUTO
2026-06-19 10:03:36,1781863416,R_10,4830.335,-1,0.01599999999962165,BACKFILL_AUTO
2026-06-19 10:03:38,1781863418,R_10,4830.263,-1,0.07200000000011642,BACKFILL_AUTO
2026-06-19 10:03:40,1781863420,R_10,4830.224,-1,0.03899999999975989,BACKFILL_AUTO
2026-06-19 10:03:42,1781863422,R_10,4830.138,-1,0.0860000000002401,BACKFILL_AUTO
2026-06-19 10:03:44,1781863424,R_10,4830.124,-1,0.014000000000123691,BACKFILL_AUTO
2026-06-19 10:03:46,1781863426,R_10,4830.248,1,0.12399999999979627,BACKFILL_AUTO
2026-06-19 10:03:48,1781863428,R_10,4830.256,1,0.00800000000072032,BACKFILL_AUTO
2026-06-19 10:03:50,1781863430,R_10,4829.908,-1,0.34799999999995634,BACKFILL_AUTO
2026-06-19 10:03:52,1781863432,R_10,4829.845,-1,0.06300000000010186,BACKFILL_AUTO
2026-06-19 10:03:54,1781863434,R_10,4830.031,1,0.1859999999996944,BACKFILL_AUTO
2026-06-19 10:03:56,1781863436,R_10,4830.104,1,0.07300000000032014,BACKFILL_AUTO
2026-06-19 10:03:58,1781863438,R_10,4830.188,1,0.08399999999983265,BACKFILL_AUTO
2026-06-19 10:04:00,1781863440,R_10,4830.253,1,0.06499999999959982,BACKFILL_AUTO
2026-06-19 10:04:02,1781863442,R_10,4830.236,-1,0.016999999999825377,BACKFILL_AUTO
2026-06-19 10:04:04,1781863444,R_10,4830.263,1,0.027000000000043656,BACKFILL_AUTO
2026-06-19 10:04:06,1781863446,R_10,4830.339,1,0.07600000000002183,BACKFILL_AUTO
2026-06-19 10:04:08,1781863448,R_10,4830.464,1,0.125,BACKFILL_AUTO
2026-06-19 10:04:10,1781863450,R_10,4830.559,1,0.09500000000025466,BACKFILL_AUTO
2026-06-19 10:04:12,1781863452,R_10,4830.444,-1,0.11499999999978172,BACKFILL_AUTO
2026-06-19 10:04:14,1781863454,R_10,4830.363,-1,0.08100000000013097,BACKFILL_AUTO
2026-06-19 10:04:16,1781863456,R_10,4830.14,-1,0.22299999999995634,BACKFILL_AUTO
2026-06-19 10:04:18,1781863458,R_10,4830.183,1,0.042999999999665306,BACKFILL_AUTO
2026-06-19 10:04:20,1781863460,R_10,4830.049,-1,0.13400000000001455,BACKFILL_AUTO
2026-06-19 10:04:22,1781863462,R_10,4830.035,-1,0.014000000000123691,BACKFILL_AUTO
2026-06-19 10:04:24,1781863464,R_10,4830.261,1,0.22600000000056752,BACKFILL_AUTO
2026-06-19 10:04:26,1781863466,R_10,4830.035,-1,0.22600000000056752,BACKFILL_AUTO
2026-06-19 10:04:28,1781863468,R_10,4830.192,1,0.1570000000001528,BACKFILL_AUTO
2026-06-19 10:04:30,1781863470,R_10,4830.414,1,0.22199999999975262,BACKFILL_AUTO
2026-06-19 10:04:32,1781863472,R_10,4830.52,1,0.10600000000067666,BACKFILL_AUTO
2026-06-19 10:04:34,1781863474,R_10,4830.545,1,0.024999999999636202,BACKFILL_AUTO
2026-06-19 10:04:36,1781863476,R_10,4830.363,-1,0.181999999999789,BACKFILL_AUTO
2026-06-19 10:04:38,1781863478,R_10,4830.487,1,0.12399999999979627,BACKFILL_AUTO
2026-06-19 10:04:40,1781863480,R_10,4830.407,-1,0.07999999999992724,BACKFILL_AUTO
2026-06-19 10:04:42,1781863482,R_10,4830.514,1,0.1069999999999709,BACKFILL_AUTO
2026-06-19 10:04:44,1781863484,R_10,4830.574,1,0.05999999999949068,BACKFILL_AUTO
2026-06-19 10:04:46,1781863486,R_10,4830.492,-1,0.0819999999994252,BACKFILL_AUTO
2026-06-19 10:04:48,1781863488,R_10,4830.422,-1,0.07000000000061846,BACKFILL_AUTO
2026-06-19 10:04:50,1781863490,R_10,4830.502,1,0.08000000000083674,BACKFILL_AUTO
2026-06-19 10:04:52,1781863492,R_10,4830.309,-1,0.193000000000211,BACKFILL_AUTO
2026-06-19 10:04:54,1781863494,R_10,4830.32,1,0.01099999999951251,BACKFILL_AUTO
2026-06-19 10:04:56,1781863496,R_10,4830.417,1,0.09700000000066211,BACKFILL_AUTO
2026-06-19 10:04:58,1781863498,R_10,4830.284,-1,0.13300000000072032,BACKFILL_AUTO
2026-06-19 10:05:00,1781863500,R_10,4830.42,1,0.136000000000422,BACKFILL_AUTO
2026-06-19 10:05:02,1781863502,R_10,4830.519,1,0.09900000000016007,BACKFILL_AUTO
2026-06-19 10:05:04,1781863504,R_10,4830.528,1,0.009000000000014552,BACKFILL_AUTO
2026-06-19 10:05:06,1781863506,R_10,4830.633,1,0.10499999999956344,BACKFILL_AUTO
2026-06-19 10:05:08,1781863508,R_10,4830.669,1,0.03600000000005821,BACKFILL_AUTO
2026-06-19 10:05:10,1781863510,R_10,4830.691,1,0.021999999999934516,BACKFILL_AUTO
2026-06-19 10:05:12,1781863512,R_10,4830.772,1,0.08100000000013097,BACKFILL_AUTO
2026-06-19 10:05:14,1781863514,R_10,4830.636,-1,0.1359999999995125,BACKFILL_AUTO
2026-06-19 10:05:16,1781863516,R_10,4830.676,1,0.03999999999996362,BACKFILL_AUTO
2026-06-19 10:05:18,1781863518,R_10,4830.475,-1,0.20100000000002183,BACKFILL_AUTO
2026-06-19 10:05:20,1781863520,R_10,4830.67,1,0.19499999999970896,BACKFILL_AUTO
2026-06-19 10:05:22,1781863522,R_10,4830.606,-1,0.06400000000030559,BACKFILL_AUTO
2026-06-19 10:05:24,1781863524,R_10,4830.604,-1,0.001999999999497959,BACKFILL_AUTO
2026-06-19 10:05:26,1781863526,R_10,4830.734,1,0.13000000000010914,BACKFILL_AUTO
2026-06-19 10:05:28,1781863528,R_10,4830.654,-1,0.07999999999992724,BACKFILL_AUTO
2026-06-19 10:05:30,1781863530,R_10,4830.63,-1,0.02400000000034197,BACKFILL_AUTO
2026-06-19 10:05:32,1781863532,R_10,4830.935,1,0.30500000000029104,BACKFILL_AUTO
2026-06-19 10:05:34,1781863534,R_10,4830.868,-1,0.06700000000000728,BACKFILL_AUTO
2026-06-19 10:05:36,1781863536,R_10,4830.906,1,0.03799999999955617,BACKFILL_AUTO
2026-06-19 10:05:38,1781863538,R_10,4831.07,1,0.1639999999997599,BACKFILL_AUTO
2026-06-19 10:05:40,1781863540,R_10,4831.174,1,0.10400000000026921,BACKFILL_AUTO
2026-06-19 10:05:42,1781863542,R_10,4831.285,1,0.11099999999987631,BACKFILL_AUTO
2026-06-19 10:05:44,1781863544,R_10,4831.083,-1,0.20200000000022555,BACKFILL_AUTO
2026-06-19 10:05:46,1781863546,R_10,4831.144,1,0.061000000000603904,BACKFILL_AUTO
2026-06-19 10:05:48,1781863548,R_10,4831.258,1,0.113999999999578,BACKFILL_AUTO
2026-06-19 10:05:50,1781863550,R_10,4831.335,1,0.07700000000022555,BACKFILL_AUTO
2026-06-19 10:05:52,1781863552,R_10,4831.421,1,0.0860000000002401,BACKFILL_AUTO
2026-06-19 10:05:54,1781863554,R_10,4831.414,-1,0.007000000000516593,BACKFILL_AUTO
2026-06-19 10:05:56,1781863556,R_10,4831.34,-1,0.07399999999961437,BACKFILL_AUTO
2026-06-19 10:05:58,1781863558,R_10,4831.183,-1,0.1570000000001528,BACKFILL_AUTO
2026-06-19 10:06:00,1781863560,R_10,4831.087,-1,0.09599999999954889,BACKFILL_AUTO
2026-06-19 10:06:02,1781863562,R_10,4831.153,1,0.06599999999980355,BACKFILL_AUTO
2026-06-19 10:06:04,1781863564,R_10,4830.96,-1,0.193000000000211,BACKFILL_AUTO
2026-06-19 10:06:06,1781863566,R_10,4830.839,-1,0.12100000000009459,BACKFILL_AUTO
2026-06-19 10:06:08,1781863568,R_10,4830.766,-1,0.07300000000032014,BACKFILL_AUTO
2026-06-19 10:06:10,1781863570,R_10,4830.949,1,0.18299999999999272,BACKFILL_AUTO
2026-06-19 10:06:12,1781863572,R_10,4830.98,1,0.03099999999994907,BACKFILL_AUTO
2026-06-19 10:06:14,1781863574,R_10,4830.949,-1,0.03099999999994907,BACKFILL_AUTO
2026-06-19 10:06:16,1781863576,R_10,4830.901,-1,0.047999999999774445,BACKFILL_AUTO
2026-06-19 10:06:18,1781863578,R_10,4830.814,-1,0.08699999999953434,BACKFILL_AUTO
2026-06-19 10:06:20,1781863580,R_10,4830.83,1,0.01599999999962165,BACKFILL_AUTO
2026-06-19 10:06:22,1781863582,R_10,4830.835,1,0.005000000000109139,BACKFILL_AUTO
2026-06-19 10:06:24,1781863584,R_10,4830.914,1,0.07899999999972351,BACKFILL_AUTO
2026-06-19 10:06:26,1781863586,R_10,4830.906,-1,0.007999999999810825,BACKFILL_AUTO
2026-06-19 10:06:28,1781863588,R_10,4831.189,1,0.2830000000003565,BACKFILL_AUTO
2026-06-19 10:06:30,1781863590,R_10,4831.419,1,0.22999999999956344,BACKFILL_AUTO
2026-06-19 10:06:32,1781863592,R_10,4831.536,1,0.11700000000018917,BACKFILL_AUTO
2026-06-19 10:06:34,1781863594,R_10,4831.514,-1,0.021999999999934516,BACKFILL_AUTO
2026-06-19 10:06:36,1781863596,R_10,4831.387,-1,0.12700000000040745,BACKFILL_AUTO
2026-06-19 10:06:38,1781863598,R_10,4831.285,-1,0.10199999999986176,BACKFILL_AUTO
2026-06-19 10:06:40,1781863600,R_10,4831.558,1,0.27300000000013824,BACKFILL_AUTO
2026-06-19 10:06:42,1781863602,R_10,4831.558,0,0.0,BACKFILL_AUTO
2026-06-19 10:06:44,1781863604,R_10,4831.798,1,0.23999999999978172,BACKFILL_AUTO
2026-06-19 10:06:46,1781863606,R_10,4831.846,1,0.047999999999774445,BACKFILL_AUTO
2026-06-19 10:06:48,1781863608,R_10,4831.745,-1,0.10099999999965803,BACKFILL_AUTO
2026-06-19 10:06:50,1781863610,R_10,4831.824,1,0.07899999999972351,BACKFILL_AUTO
2026-06-19 10:06:52,1781863612,R_10,4831.821,-1,0.0029999999997016857,BACKFILL_AUTO
2026-06-19 10:06:54,1781863614,R_10,4831.859,1,0.03800000000046566,BACKFILL_AUTO
2026-06-19 10:06:56,1781863616,R_10,4832.086,1,0.22699999999986176,BACKFILL_AUTO
2026-06-19 10:06:58,1781863618,R_10,4832.221,1,0.13499999999930878,BACKFILL_AUTO
2026-06-19 10:07:00,1781863620,R_10,4832.203,-1,0.01799999999911961,BACKFILL_AUTO
2026-06-19 10:07:02,1781863622,R_10,4832.268,1,0.06499999999959982,BACKFILL_AUTO
2026-06-19 10:07:04,1781863624,R_10,4832.42,1,0.15200000000004366,BACKFILL_AUTO
2026-06-19 10:07:06,1781863626,R_10,4832.433,1,0.012999999999919964,BACKFILL_AUTO
2026-06-19 10:07:08,1781863628,R_10,4832.417,-1,0.01599999999962165,BACKFILL_AUTO
2026-06-19 10:07:10,1781863630,R_10,4832.266,-1,0.15100000000074942,BACKFILL_AUTO
2026-06-19 10:07:12,1781863632,R_10,4832.244,-1,0.021999999999934516,BACKFILL_AUTO
2026-06-19 10:07:14,1781863634,R_10,4832.113,-1,0.13099999999940337,BACKFILL_AUTO
2026-06-19 10:07:16,1781863636,R_10,4832.39,1,0.27700000000004366,BACKFILL_AUTO
2026-06-19 10:07:18,1781863638,R_10,4832.415,1,0.024999999999636202,BACKFILL_AUTO
2026-06-19 10:07:20,1781863640,R_10,4832.501,1,0.0860000000002401,BACKFILL_AUTO
2026-06-19 10:07:22,1781863642,R_10,4832.551,1,0.0500000000001819,BACKFILL_AUTO
2026-06-19 10:07:24,1781863644,R_10,4832.608,1,0.056999999999789,BACKFILL_AUTO
2026-06-19 10:07:26,1781863646,R_10,4832.502,-1,0.10599999999976717,BACKFILL_AUTO
2026-06-19 10:07:28,1781863648,R_10,4832.531,1,0.028999999999541615,BACKFILL_AUTO
2026-06-19 10:07:30,1781863650,R_10,4832.717,1,0.1859999999996944,BACKFILL_AUTO
2026-06-19 10:07:32,1781863652,R_10,4832.643,-1,0.07399999999961437,BACKFILL_AUTO
2026-06-19 10:07:34,1781863654,R_10,4832.651,1,0.007999999999810825,BACKFILL_AUTO
2026-06-19 10:07:36,1781863656,R_10,4832.734,1,0.08300000000053842,BACKFILL_AUTO
2026-06-19 10:07:38,1781863658,R_10,4832.629,-1,0.10500000000047294,BACKFILL_AUTO
2026-06-19 10:07:40,1781863660,R_10,4832.733,1,0.10400000000026921,BACKFILL_AUTO
2026-06-19 10:07:42,1781863662,R_10,4832.643,-1,0.09000000000014552,BACKFILL_AUTO
2026-06-19 10:07:44,1781863664,R_10,4832.876,1,0.23300000000017462,BACKFILL_AUTO
2026-06-19 10:07:46,1781863666,R_10,4832.72,-1,0.15599999999994907,BACKFILL_AUTO
2026-06-19 10:07:48,1781863668,R_10,4832.789,1,0.06899999999950523,BACKFILL_AUTO
2026-06-19 10:07:50,1781863670,R_10,4832.877,1,0.08800000000064756,BACKFILL_AUTO
2026-06-19 10:07:52,1781863672,R_10,4833.02,1,0.1430000000000291,BACKFILL_AUTO
2026-06-19 10:07:54,1781863674,R_10,4833.011,-1,0.009000000000014552,BACKFILL_AUTO
2026-06-19 10:07:56,1781863676,R_10,4832.856,-1,0.15500000000065484,BACKFILL_AUTO
2026-06-19 10:07:58,1781863678,R_10,4832.79,-1,0.06599999999980355,BACKFILL_AUTO
2026-06-19 10:08:00,1781863680,R_10,4832.898,1,0.10800000000017462,BACKFILL_AUTO
2026-06-19 10:08:02,1781863682,R_10,4832.853,-1,0.04500000000007276,BACKFILL_AUTO
2026-06-19 10:08:04,1781863684,R_10,4832.863,1,0.010000000000218279,BACKFILL_AUTO
2026-06-19 10:08:06,1781863686,R_10,4832.666,-1,0.19700000000011642,BACKFILL_AUTO
2026-06-19 10:08:08,1781863688,R_10,4832.679,1,0.012999999999919964,BACKFILL_AUTO
2026-06-19 10:08:10,1781863690,R_10,4832.638,-1,0.04100000000016735,BACKFILL_AUTO
2026-06-19 10:08:12,1781863692,R_10,4832.559,-1,0.07899999999972351,BACKFILL_AUTO
2026-06-19 10:08:14,1781863694,R_10,4832.659,1,0.0999999999994543,BACKFILL_AUTO
2026-06-19 10:08:16,1781863696,R_10,4832.562,-1,0.09699999999975262,BACKFILL_AUTO
2026-06-19 10:08:18,1781863698,R_10,4832.534,-1,0.028000000000247383,BACKFILL_AUTO
2026-06-19 10:08:20,1781863700,R_10,4832.5,-1,0.033999999999650754,BACKFILL_AUTO
2026-06-19 10:08:22,1781863702,R_10,4832.336,-1,0.1639999999997599,BACKFILL_AUTO
2026-06-19 10:08:24,1781863704,R_10,4832.36,1,0.023999999999432475,BACKFILL_AUTO
2026-06-19 10:08:26,1781863706,R_10,4832.37,1,0.010000000000218279,BACKFILL_AUTO
2026-06-19 10:08:28,1781863708,R_10,4832.373,1,0.0029999999997016857,BACKFILL_AUTO
2026-06-19 10:08:30,1781863710,R_10,4832.727,1,0.3540000000002692,BACKFILL_AUTO
2026-06-19 10:08:32,1781863712,R_10,4832.591,-1,0.1359999999995125,BACKFILL_AUTO
2026-06-19 10:08:34,1781863714,R_10,4832.57,-1,0.021000000000640284,BACKFILL_AUTO
2026-06-19 10:08:36,1781863716,R_10,4832.701,1,0.13100000000031287,BACKFILL_AUTO
2026-06-19 10:08:38,1781863718,R_10,4832.583,-1,0.1180000000003929,BACKFILL_AUTO
2026-06-19 10:08:40,1781863720,R_10,4832.603,1,0.020000000000436557,BACKFILL_AUTO
2026-06-19 10:08:42,1781863722,R_10,4832.678,1,0.0749999999998181,BACKFILL_AUTO
2026-06-19 10:08:44,1781863724,R_10,4832.683,1,0.005000000000109139,BACKFILL_AUTO
2026-06-19 10:08:46,1781863726,R_10,4832.552,-1,0.13100000000031287,BACKFILL_AUTO
2026-06-19 10:08:48,1781863728,R_10,4832.513,-1,0.03899999999975989,BACKFILL_AUTO
2026-06-19 10:08:50,1781863730,R_10,4832.524,1,0.011000000000422006,BACKFILL_AUTO
2026-06-19 10:08:52,1781863732,R_10,4832.684,1,0.15999999999985448,BACKFILL_AUTO
2026-06-19 10:08:54,1781863734,R_10,4832.819,1,0.13500000000021828,BACKFILL_AUTO
2026-06-19 10:08:56,1781863736,R_10,4832.835,1,0.01599999999962165,BACKFILL_AUTO
2026-06-19 10:08:58,1781863738,R_10,4832.812,-1,0.023000000000138243,BACKFILL_AUTO
2026-06-19 10:09:00,1781863740,R_10,4832.883,1,0.07099999999991269,BACKFILL_AUTO
2026-06-19 10:09:02,1781863742,R_10,4832.917,1,0.03400000000056025,BACKFILL_AUTO
2026-06-19 10:09:04,1781863744,R_10,4832.927,1,0.009999999999308784,BACKFILL_AUTO
2026-06-19 10:09:06,1781863746,R_10,4832.884,-1,0.042999999999665306,BACKFILL_AUTO
2026-06-19 10:09:08,1781863748,R_10,4833.029,1,0.14500000000043656,BACKFILL_AUTO
2026-06-19 10:09:10,1781863750,R_10,4832.94,-1,0.08900000000085129,BACKFILL_AUTO
2026-06-19 10:09:12,1781863752,R_10,4833.082,1,0.14200000000073487,BACKFILL_AUTO
2026-06-19 10:09:14,1781863754,R_10,4833.143,1,0.06099999999969441,BACKFILL_AUTO
2026-06-19 10:09:16,1781863756,R_10,4833.188,1,0.04500000000007276,BACKFILL_AUTO
2026-06-19 10:09:18,1781863758,R_10,4832.982,-1,0.20600000000013097,BACKFILL_AUTO
2026-06-19 10:09:20,1781863760,R_10,4833.037,1,0.05500000000029104,BACKFILL_AUTO
2026-06-19 10:09:22,1781863762,R_10,4833.016,-1,0.021000000000640284,BACKFILL_AUTO
2026-06-19 10:09:24,1781863764,R_10,4832.991,-1,0.024999999999636202,BACKFILL_AUTO
2026-06-19 10:09:26,1781863766,R_10,4833.013,1,0.021999999999934516,BACKFILL_AUTO
2026-06-19 10:09:28,1781863768,R_10,4833.104,1,0.09100000000034925,BACKFILL_AUTO
2026-06-19 10:09:30,1781863770,R_10,4833.058,-1,0.046000000000276486,BACKFILL_AUTO
2026-06-19 10:09:32,1781863772,R_10,4833.231,1,0.17299999999977445,BACKFILL_AUTO
2026-06-19 10:09:34,1781863774,R_10,4833.151,-1,0.07999999999992724,BACKFILL_AUTO
2026-06-19 10:09:36,1781863776,R_10,4833.158,1,0.007000000000516593,BACKFILL_AUTO
2026-06-19 10:09:38,1781863778,R_10,4833.195,1,0.03699999999935244,BACKFILL_AUTO
2026-06-19 10:09:40,1781863780,R_10,4833.063,-1,0.1319999999996071,BACKFILL_AUTO
2026-06-19 10:09:42,1781863782,R_10,4832.976,-1,0.08700000000044383,BACKFILL_AUTO
2026-06-19 10:09:44,1781863784,R_10,4833.169,1,0.193000000000211,BACKFILL_AUTO
2026-06-19 10:09:46,1781863786,R_10,4833.351,1,0.181999999999789,BACKFILL_AUTO
2026-06-19 10:09:48,1781863788,R_10,4833.298,-1,0.052999999999883585,BACKFILL_AUTO
2026-06-19 10:09:50,1781863790,R_10,4833.26,-1,0.03799999999955617,BACKFILL_AUTO
2026-06-19 10:09:52,1781863792,R_10,4833.304,1,0.04399999999986903,BACKFILL_AUTO
2026-06-19 10:09:54,1781863794,R_10,4833.411,1,0.1069999999999709,BACKFILL_AUTO
2026-06-19 10:09:56,1781863796,R_10,4833.534,1,0.12299999999959255,BACKFILL_AUTO
2026-06-19 10:09:58,1781863798,R_10,4833.506,-1,0.027999999999337888,BACKFILL_AUTO
2026-06-19 10:10:00,1781863800,R_10,4833.526,1,0.019999999999527063,BACKFILL_AUTO
2026-06-19 10:10:02,1781863802,R_10,4833.59,1,0.06400000000030559,BACKFILL_AUTO
2026-06-19 10:10:04,1781863804,R_10,4833.509,-1,0.08100000000013097,BACKFILL_AUTO
2026-06-19 10:10:06,1781863806,R_10,4833.611,1,0.10199999999986176,BACKFILL_AUTO
2026-06-19 10:10:08,1781863808,R_10,4833.6,-1,0.01099999999951251,BACKFILL_AUTO
2026-06-19 10:10:10,1781863810,R_10,4833.519,-1,0.08100000000013097,BACKFILL_AUTO
2026-06-19 10:10:12,1781863812,R_10,4833.599,1,0.07999999999992724,BACKFILL_AUTO
2026-06-19 10:10:14,1781863814,R_10,4833.486,-1,0.11300000000028376,BACKFILL_AUTO
2026-06-19 10:10:16,1781863816,R_10,4833.345,-1,0.14099999999962165,BACKFILL_AUTO
2026-06-19 10:10:18,1781863818,R_10,4833.249,-1,0.09600000000045839,BACKFILL_AUTO
2026-06-19 10:10:20,1781863820,R_10,4833.311,1,0.06199999999989814,BACKFILL_AUTO
2026-06-19 10:10:22,1781863822,R_10,4833.345,1,0.03400000000056025,BACKFILL_AUTO
2026-06-19 10:10:24,1781863824,R_10,4833.344,-1,0.0010000000002037268,BACKFILL_AUTO
2026-06-19 10:10:26,1781863826,R_10,4833.217,-1,0.12700000000040745,BACKFILL_AUTO
2026-06-19 10:10:28,1781863828,R_10,4833.009,-1,0.20799999999962893,BACKFILL_AUTO
2026-06-19 10:10:30,1781863830,R_10,4833.002,-1,0.006999999999607098,BACKFILL_AUTO
2026-06-19 10:10:32,1781863832,R_10,4833.03,1,0.027999999999337888,BACKFILL_AUTO
2026-06-19 10:10:34,1781863834,R_10,4832.891,-1,0.1390000000001237,BACKFILL_AUTO
2026-06-19 10:10:36,1781863836,R_10,4832.726,-1,0.16499999999996362,BACKFILL_AUTO
2026-06-19 10:10:38,1781863838,R_10,4832.387,-1,0.3389999999999418,BACKFILL_AUTO
2026-06-19 10:10:40,1781863840,R_10,4832.305,-1,0.0819999999994252,BACKFILL_AUTO
2026-06-19 10:10:42,1781863842,R_10,4832.18,-1,0.125,BACKFILL_AUTO
2026-06-19 10:10:44,1781863844,R_10,4832.191,1,0.01099999999951251,BACKFILL_AUTO
2026-06-19 10:10:46,1781863846,R_10,4832.062,-1,0.1289999999999054,BACKFILL_AUTO
2026-06-19 10:10:48,1781863848,R_10,4831.877,-1,0.18499999999949068,BACKFILL_AUTO
2026-06-19 10:10:50,1781863850,R_10,4831.97,1,0.0929999999998472,BACKFILL_AUTO
2026-06-19 10:10:52,1781863852,R_10,4831.926,-1,0.04399999999986903,BACKFILL_AUTO
2026-06-19 10:10:54,1781863854,R_10,4832.103,1,0.17699999999967986,BACKFILL_AUTO
2026-06-19 10:10:56,1781863856,R_10,4831.97,-1,0.13299999999981083,BACKFILL_AUTO
2026-06-19 10:10:58,1781863858,R_10,4831.9,-1,0.07000000000061846,BACKFILL_AUTO
2026-06-19 10:11:00,1781863860,R_10,4832.063,1,0.16300000000046566,BACKFILL_AUTO
2026-06-19 10:11:02,1781863862,R_10,4832.179,1,0.11599999999998545,BACKFILL_AUTO
2026-06-19 10:11:04,1781863864,R_10,4832.132,-1,0.04700000000048021,BACKFILL_AUTO
2026-06-19 10:11:06,1781863866,R_10,4832.191,1,0.05900000000019645,BACKFILL_AUTO
2026-06-19 10:11:08,1781863868,R_10,4832.214,1,0.023000000000138243,BACKFILL_AUTO
2026-06-19 10:11:10,1781863870,R_10,4832.31,1,0.09600000000045839,BACKFILL_AUTO
2026-06-19 10:11:12,1781863872,R_10,4832.068,-1,0.24200000000018917,BACKFILL_AUTO
2026-06-19 10:11:14,1781863874,R_10,4832.014,-1,0.05400000000008731,BACKFILL_AUTO
2026-06-19 10:11:16,1781863876,R_10,4831.901,-1,0.11300000000028376,BACKFILL_AUTO
2026-06-19 10:11:18,1781863878,R_10,4832.092,1,0.19099999999980355,BACKFILL_AUTO
2026-06-19 10:11:20,1781863880,R_10,4832.142,1,0.0500000000001819,BACKFILL_AUTO
2026-06-19 10:11:22,1781863882,R_10,4832.209,1,0.06700000000000728,BACKFILL_AUTO
2026-06-19 10:11:24,1781863884,R_10,4832.293,1,0.08399999999983265,BACKFILL_AUTO
2026-06-19 10:11:26,1781863886,R_10,4832.27,-1,0.02299999999922875,BACKFILL_AUTO
2026-06-19 10:11:28,1781863888,R_10,4832.449,1,0.17899999999917782,BACKFILL_AUTO
2026-06-19 10:11:30,1781863890,R_10,4832.527,1,0.07800000000042928,BACKFILL_AUTO
2026-06-19 10:11:32,1781863892,R_10,4832.351,-1,0.17600000000038563,BACKFILL_AUTO
2026-06-19 10:11:34,1781863894,R_10,4832.532,1,0.18100000000049477,BACKFILL_AUTO
2026-06-19 10:11:36,1781863896,R_10,4832.638,1,0.10599999999976717,BACKFILL_AUTO
2026-06-19 10:11:38,1781863898,R_10,4832.821,1,0.18299999999999272,BACKFILL_AUTO
2026-06-19 10:11:40,1781863900,R_10,4832.693,-1,0.12799999999970169,BACKFILL_AUTO
2026-06-19 10:11:42,1781863902,R_10,4832.461,-1,0.2319999999999709,BACKFILL_AUTO
2026-06-19 10:11:44,1781863904,R_10,4832.483,1,0.021999999999934516,BACKFILL_AUTO
2026-06-19 10:11:46,1781863906,R_10,4832.584,1,0.10099999999965803,BACKFILL_AUTO
2026-06-19 10:11:48,1781863908,R_10,4832.555,-1,0.028999999999541615,BACKFILL_AUTO
2026-06-19 10:11:50,1781863910,R_10,4832.544,-1,0.011000000000422006,BACKFILL_AUTO
2026-06-19 10:11:52,1781863912,R_10,4832.479,-1,0.06499999999959982,BACKFILL_AUTO
2026-06-19 10:11:54,1781863914,R_10,4832.292,-1,0.18699999999989814,BACKFILL_AUTO
2026-06-19 10:11:56,1781863916,R_10,4832.1,-1,0.19200000000000728,BACKFILL_AUTO
2026-06-19 10:11:58,1781863918,R_10,4831.996,-1,0.10400000000026921,BACKFILL_AUTO
2026-06-19 10:12:00,1781863920,R_10,4831.878,-1,0.1180000000003929,BACKFILL_AUTO
2026-06-19 10:12:02,1781863922,R_10,4831.65,-1,0.22800000000006548,BACKFILL_AUTO
2026-06-19 10:12:04,1781863924,R_10,4831.622,-1,0.027999999999337888,BACKFILL_AUTO
2026-06-19 10:12:06,1781863926,R_10,4831.648,1,0.02599999999983993,BACKFILL_AUTO
2026-06-19 10:12:08,1781863928,R_10,4831.543,-1,0.10500000000047294,BACKFILL_AUTO
2026-06-19 10:12:10,1781863930,R_10,4831.397,-1,0.1459999999997308,BACKFILL_AUTO
2026-06-19 10:12:12,1781863932,R_10,4831.497,1,0.1000000000003638,BACKFILL_AUTO
2026-06-19 10:12:14,1781863934,R_10,4831.349,-1,0.14800000000013824,BACKFILL_AUTO
2026-06-19 10:12:16,1781863936,R_10,4831.488,1,0.1390000000001237,BACKFILL_AUTO
2026-06-19 10:12:18,1781863938,R_10,4831.605,1,0.11699999999927968,BACKFILL_AUTO
2026-06-19 10:12:20,1781863940,R_10,4831.742,1,0.13700000000062573,BACKFILL_AUTO
2026-06-19 10:12:22,1781863942,R_10,4831.774,1,0.032000000000152795,BACKFILL_AUTO
2026-06-19 10:12:24,1781863944,R_10,4832.038,1,0.2639999999992142,BACKFILL_AUTO
2026-06-19 10:12:26,1781863946,R_10,4832.225,1,0.18700000000080763,BACKFILL_AUTO
2026-06-19 10:12:28,1781863948,R_10,4832.116,-1,0.10900000000037835,BACKFILL_AUTO
2026-06-19 10:12:30,1781863950,R_10,4832.306,1,0.18999999999959982,BACKFILL_AUTO
2026-06-19 10:12:32,1781863952,R_10,4832.353,1,0.04700000000048021,BACKFILL_AUTO
2026-06-19 10:12:34,1781863954,R_10,4832.381,1,0.028000000000247383,BACKFILL_AUTO
2026-06-19 10:12:36,1781863956,R_10,4832.473,1,0.09199999999964348,BACKFILL_AUTO
2026-06-19 10:12:38,1781863958,R_10,4832.673,1,0.1999999999998181,BACKFILL_AUTO
2026-06-19 10:12:40,1781863960,R_10,4832.672,-1,0.0010000000002037268,BACKFILL_AUTO
2026-06-19 10:12:42,1781863962,R_10,4832.759,1,0.08700000000044383,BACKFILL_AUTO
2026-06-19 10:12:44,1781863964,R_10,4832.863,1,0.10400000000026921,BACKFILL_AUTO
2026-06-19 10:12:46,1781863966,R_10,4832.894,1,0.03099999999994907,BACKFILL_AUTO
2026-06-19 10:12:48,1781863968,R_10,4832.842,-1,0.05200000000058935,BACKFILL_AUTO
2026-06-19 10:12:50,1781863970,R_10,4832.648,-1,0.19399999999950523,BACKFILL_AUTO
2026-06-19 10:12:52,1781863972,R_10,4832.563,-1,0.08500000000003638,BACKFILL_AUTO
2026-06-19 10:12:54,1781863974,R_10,4832.56,-1,0.0029999999997016857,BACKFILL_AUTO
2026-06-19 10:12:56,1781863976,R_10,4832.704,1,0.14399999999932334,BACKFILL_AUTO
2026-06-19 10:12:58,1781863978,R_10,4832.872,1,0.1680000000005748,BACKFILL_AUTO
2026-06-19 10:13:00,1781863980,R_10,4832.695,-1,0.17700000000058935,BACKFILL_AUTO
2026-06-19 10:13:02,1781863982,R_10,4832.687,-1,0.007999999999810825,BACKFILL_AUTO
2026-06-19 10:13:04,1781863984,R_10,4832.724,1,0.037000000000261934,BACKFILL_AUTO
2026-06-19 10:13:06,1781863986,R_10,4832.681,-1,0.0430000000005748,BACKFILL_AUTO
2026-06-19 10:13:08,1781863988,R_10,4832.581,-1,0.0999999999994543,BACKFILL_AUTO
2026-06-19 10:13:10,1781863990,R_10,4832.643,1,0.06199999999989814,BACKFILL_AUTO
2026-06-19 10:13:12,1781863992,R_10,4832.806,1,0.16299999999955617,BACKFILL_AUTO
2026-06-19 10:13:14,1781863994,R_10,4832.857,1,0.051000000000385626,BACKFILL_AUTO
2026-06-19 10:13:16,1781863996,R_10,4832.854,-1,0.0029999999997016857,BACKFILL_AUTO
2026-06-19 10:13:18,1781863998,R_10,4832.852,-1,0.0020000000004074536,BACKFILL_AUTO
2026-06-19 10:13:20,1781864000,R_10,4832.886,1,0.03400000000056025,BACKFILL_AUTO
2026-06-19 10:13:22,1781864002,R_10,4833.026,1,0.13999999999941792,BACKFILL_AUTO
2026-06-19 10:13:24,1781864004,R_10,4833.048,1,0.021999999999934516,BACKFILL_AUTO
2026-06-19 10:13:26,1781864006,R_10,4833.217,1,0.16899999999986903,BACKFILL_AUTO
2026-06-19 10:13:28,1781864008,R_10,4833.366,1,0.14900000000034197,BACKFILL_AUTO
2026-06-19 10:13:30,1781864010,R_10,4833.182,-1,0.18400000000019645,BACKFILL_AUTO
2026-06-19 10:13:32,1781864012,R_10,4833.347,1,0.16499999999996362,BACKFILL_AUTO
2026-06-19 10:13:34,1781864014,R_10,4833.319,-1,0.027999999999337888,BACKFILL_AUTO
2026-06-19 10:13:36,1781864016,R_10,4833.184,-1,0.13500000000021828,BACKFILL_AUTO
2026-06-19 10:13:38,1781864018,R_10,4833.164,-1,0.020000000000436557,BACKFILL_AUTO
2026-06-19 10:13:40,1781864020,R_10,4833.144,-1,0.019999999999527063,BACKFILL_AUTO
2026-06-19 10:13:42,1781864022,R_10,4833.242,1,0.09799999999995634,BACKFILL_AUTO
2026-06-19 10:13:44,1781864024,R_10,4833.153,-1,0.08899999999994179,BACKFILL_AUTO
2026-06-19 10:13:46,1781864026,R_10,4833.342,1,0.1889999999993961,BACKFILL_AUTO
2026-06-19 10:13:48,1781864028,R_10,4833.271,-1,0.07099999999991269,BACKFILL_AUTO
2026-06-19 10:13:50,1781864030,R_10,4833.309,1,0.03800000000046566,BACKFILL_AUTO
2026-06-19 10:13:52,1781864032,R_10,4833.448,1,0.1390000000001237,BACKFILL_AUTO
2026-06-19 10:13:54,1781864034,R_10,4833.414,-1,0.03400000000056025,BACKFILL_AUTO
2026-06-19 10:13:56,1781864036,R_10,4833.486,1,0.07200000000011642,BACKFILL_AUTO
2026-06-19 10:13:58,1781864038,R_10,4833.661,1,0.1750000000001819,BACKFILL_AUTO
2026-06-19 10:14:00,1781864040,R_10,4833.723,1,0.06199999999989814,BACKFILL_AUTO
2026-06-19 10:14:02,1781864042,R_10,4833.686,-1,0.037000000000261934,BACKFILL_AUTO
2026-06-19 10:14:04,1781864044,R_10,4833.683,-1,0.0029999999997016857,BACKFILL_AUTO
2026-06-19 10:14:06,1781864046,R_10,4833.477,-1,0.20600000000013097,BACKFILL_AUTO
2026-06-19 10:14:08,1781864048,R_10,4833.652,1,0.1750000000001819,BACKFILL_AUTO
2026-06-19 10:14:10,1781864050,R_10,4833.796,1,0.14400000000023283,BACKFILL_AUTO
2026-06-19 10:14:12,1781864052,R_10,4833.767,-1,0.02900000000045111,BACKFILL_AUTO
2026-06-19 10:14:14,1781864054,R_10,4833.695,-1,0.07200000000011642,BACKFILL_AUTO
2026-06-19 10:14:16,1781864056,R_10,4833.59,-1,0.10499999999956344,BACKFILL_AUTO
2026-06-19 10:14:18,1781864058,R_10,4833.488,-1,0.10199999999986176,BACKFILL_AUTO
2026-06-19 10:14:20,1781864060,R_10,4833.348,-1,0.14000000000032742,BACKFILL_AUTO
2026-06-19 10:14:22,1781864062,R_10,4833.352,1,0.0039999999999054126,BACKFILL_AUTO
2026-06-19 10:14:24,1781864064,R_10,4833.324,-1,0.028000000000247383,BACKFILL_AUTO
2026-06-19 10:14:26,1781864066,R_10,4833.477,1,0.15300000000024738,BACKFILL_AUTO
2026-06-19 10:14:28,1781864068,R_10,4833.393,-1,0.08399999999983265,BACKFILL_AUTO
2026-06-19 10:14:30,1781864070,R_10,4833.202,-1,0.19099999999980355,BACKFILL_AUTO
2026-06-19 10:14:32,1781864072,R_10,4832.98,-1,0.2220000000006621,BACKFILL_AUTO
2026-06-19 10:14:34,1781864074,R_10,4833.025,1,0.04500000000007276,BACKFILL_AUTO
2026-06-19 10:14:36,1781864076,R_10,4833.253,1,0.22800000000006548,BACKFILL_AUTO
2026-06-19 10:14:38,1781864078,R_10,4833.208,-1,0.04500000000007276,BACKFILL_AUTO
2026-06-19 10:14:40,1781864080,R_10,4833.312,1,0.10400000000026921,BACKFILL_AUTO
2026-06-19 10:14:42,1781864082,R_10,4833.299,-1,0.012999999999919964,BACKFILL_AUTO
2026-06-19 10:14:44,1781864084,R_10,4833.456,1,0.1570000000001528,BACKFILL_AUTO
2026-06-19 10:14:46,1781864086,R_10,4833.365,-1,0.09100000000034925,BACKFILL_AUTO
2026-06-19 10:14:48,1781864088,R_10,4833.198,-1,0.16699999999946158,BACKFILL_AUTO
2026-06-19 10:14:50,1781864090,R_10,4833.337,1,0.1390000000001237,BACKFILL_AUTO
2026-06-19 10:14:52,1781864092,R_10,4833.361,1,0.023999999999432475,BACKFILL_AUTO
2026-06-19 10:14:54,1781864094,R_10,4833.241,-1,0.11999999999989086,BACKFILL_AUTO
2026-06-19 10:14:56,1781864096,R_10,4833.166,-1,0.0749999999998181,BACKFILL_AUTO
2026-06-19 10:14:58,1781864098,R_10,4833.061,-1,0.10500000000047294,BACKFILL_AUTO
2026-06-19 10:15:00,1781864100,R_10,4833.058,-1,0.0029999999997016857,BACKFILL_AUTO
2026-06-19 10:15:02,1781864102,R_10,4832.973,-1,0.08500000000003638,BACKFILL_AUTO
2026-06-19 10:15:04,1781864104,R_10,4833.032,1,0.05900000000019645,BACKFILL_AUTO
2026-06-19 10:15:06,1781864106,R_10,4833.095,1,0.06300000000010186,BACKFILL_AUTO
2026-06-19 10:15:08,1781864108,R_10,4833.056,-1,0.03900000000066939,BACKFILL_AUTO
2026-06-19 10:15:10,1781864110,R_10,4833.076,1,0.020000000000436557,BACKFILL_AUTO
2026-06-19 10:15:12,1781864112,R_10,4833.185,1,0.10900000000037835,BACKFILL_AUTO
2026-06-19 10:15:14,1781864114,R_10,4833.263,1,0.07799999999951979,BACKFILL_AUTO
2026-06-19 10:15:16,1781864116,R_10,4833.371,1,0.10800000000017462,BACKFILL_AUTO
2026-06-19 10:15:18,1781864118,R_10,4833.481,1,0.10999999999967258,BACKFILL_AUTO
2026-06-19 10:15:20,1781864120,R_10,4833.559,1,0.07800000000042928,BACKFILL_AUTO
2026-06-19 10:15:22,1781864122,R_10,4833.659,1,0.0999999999994543,BACKFILL_AUTO
2026-06-19 10:15:24,1781864124,R_10,4833.44,-1,0.21900000000005093,BACKFILL_AUTO
2026-06-19 10:15:26,1781864126,R_10,4833.453,1,0.01300000000082946,BACKFILL_AUTO
2026-06-19 10:15:28,1781864128,R_10,4833.586,1,0.13299999999981083,BACKFILL_AUTO
2026-06-19 10:15:30,1781864130,R_10,4833.629,1,0.042999999999665306,BACKFILL_AUTO
2026-06-19 10:15:32,1781864132,R_10,4833.945,1,0.31599999999980355,BACKFILL_AUTO
2026-06-19 10:15:34,1781864134,R_10,4833.924,-1,0.02099999999973079,BACKFILL_AUTO
2026-06-19 10:15:36,1781864136,R_10,4833.896,-1,0.028000000000247383,BACKFILL_AUTO
2026-06-19 10:15:38,1781864138,R_10,4833.909,1,0.012999999999919964,BACKFILL_AUTO
2026-06-19 10:15:40,1781864140,R_10,4833.641,-1,0.2680000000000291,BACKFILL_AUTO
2026-06-19 10:15:42,1781864142,R_10,4833.543,-1,0.09799999999995634,BACKFILL_AUTO
2026-06-19 10:15:44,1781864144,R_10,4833.652,1,0.10900000000037835,BACKFILL_AUTO
2026-06-19 10:15:46,1781864146,R_10,4833.42,-1,0.2319999999999709,BACKFILL_AUTO
2026-06-19 10:15:48,1781864148,R_10,4833.211,-1,0.20899999999983265,BACKFILL_AUTO
2026-06-19 10:15:50,1781864150,R_10,4833.227,1,0.01599999999962165,BACKFILL_AUTO
2026-06-19 10:15:52,1781864152,R_10,4833.267,1,0.03999999999996362,BACKFILL_AUTO
2026-06-19 10:15:54,1781864154,R_10,4833.239,-1,0.028000000000247383,BACKFILL_AUTO
2026-06-19 10:15:56,1781864156,R_10,4833.148,-1,0.09099999999943975,BACKFILL_AUTO
2026-06-19 10:15:58,1781864158,R_10,4832.99,-1,0.15800000000035652,BACKFILL_AUTO
2026-06-19 10:16:00,1781864160,R_10,4832.949,-1,0.04100000000016735,BACKFILL_AUTO
2026-06-19 10:16:02,1781864162,R_10,4833.083,1,0.13400000000001455,BACKFILL_AUTO
2026-06-19 10:16:04,1781864164,R_10,4833.09,1,0.007000000000516593,BACKFILL_AUTO
2026-06-19 10:16:06,1781864166,R_10,4832.866,-1,0.22400000000016007,BACKFILL_AUTO
2026-06-19 10:16:08,1781864168,R_10,4832.72,-1,0.1459999999997308,BACKFILL_AUTO
2026-06-19 10:16:10,1781864170,R_10,4832.751,1,0.03099999999994907,BACKFILL_AUTO
2026-06-19 10:16:12,1781864172,R_10,4832.713,-1,0.03800000000046566,BACKFILL_AUTO
2026-06-19 10:16:14,1781864174,R_10,4832.574,-1,0.1390000000001237,BACKFILL_AUTO
2026-06-19 10:16:16,1781864176,R_10,4832.811,1,0.23700000000008004,BACKFILL_AUTO
2026-06-19 10:16:18,1781864178,R_10,4832.673,-1,0.13799999999991996,BACKFILL_AUTO
2026-06-19 10:16:20,1781864180,R_10,4832.725,1,0.05200000000058935,BACKFILL_AUTO
2026-06-19 10:16:22,1781864182,R_10,4832.82,1,0.09499999999934516,BACKFILL_AUTO
2026-06-19 10:16:24,1781864184,R_10,4832.88,1,0.06000000000040018,BACKFILL_AUTO
2026-06-19 10:16:26,1781864186,R_10,4832.601,-1,0.2790000000004511,BACKFILL_AUTO
2026-06-19 10:16:28,1781864188,R_10,4832.589,-1,0.011999999999716238,BACKFILL_AUTO
2026-06-19 10:16:30,1781864190,R_10,4832.598,1,0.009000000000014552,BACKFILL_AUTO
2026-06-19 10:16:32,1781864192,R_10,4832.531,-1,0.06700000000000728,BACKFILL_AUTO
2026-06-19 10:16:34,1781864194,R_10,4832.465,-1,0.06599999999980355,BACKFILL_AUTO
2026-06-19 10:16:36,1781864196,R_10,4832.606,1,0.14099999999962165,BACKFILL_AUTO
2026-06-19 10:16:38,1781864198,R_10,4832.728,1,0.12200000000029831,BACKFILL_AUTO
2026-06-19 10:16:40,1781864200,R_10,4832.719,-1,0.009000000000014552,BACKFILL_AUTO
2026-06-19 10:16:42,1781864202,R_10,4832.684,-1,0.03499999999985448,BACKFILL_AUTO
2026-06-19 10:16:44,1781864204,R_10,4832.688,1,0.0039999999999054126,BACKFILL_AUTO
2026-06-19 10:16:46,1781864206,R_10,4832.452,-1,0.2359999999998763,BACKFILL_AUTO
2026-06-19 10:16:48,1781864208,R_10,4832.338,-1,0.11400000000048749,BACKFILL_AUTO
2026-06-19 10:16:50,1781864210,R_10,4832.357,1,0.01900000000023283,BACKFILL_AUTO
2026-06-19 10:16:52,1781864212,R_10,4832.333,-1,0.02400000000034197,BACKFILL_AUTO
2026-06-19 10:16:54,1781864214,R_10,4832.524,1,0.19100000000071304,BACKFILL_AUTO
2026-06-19 10:16:56,1781864216,R_10,4832.844,1,0.31999999999970896,BACKFILL_AUTO
2026-06-19 10:16:58,1781864218,R_10,4832.915,1,0.07099999999991269,BACKFILL_AUTO
2026-06-19 10:17:00,1781864220,R_10,4832.934,1,0.01900000000023283,BACKFILL_AUTO
2026-06-19 10:17:02,1781864222,R_10,4833.135,1,0.20100000000002183,BACKFILL_AUTO
2026-06-19 10:17:04,1781864224,R_10,4833.339,1,0.2039999999997235,BACKFILL_AUTO
2026-06-19 10:17:06,1781864226,R_10,4833.352,1,0.012999999999919964,BACKFILL_AUTO
2026-06-19 10:17:08,1781864228,R_10,4833.54,1,0.18800000000010186,BACKFILL_AUTO
2026-06-19 10:17:10,1781864230,R_10,4833.711,1,0.1710000000002765,BACKFILL_AUTO
2026-06-19 10:17:12,1781864232,R_10,4833.574,-1,0.13700000000062573,BACKFILL_AUTO
2026-06-19 10:17:14,1781864234,R_10,4833.635,1,0.061000000000603904,BACKFILL_AUTO
2026-06-19 10:17:16,1781864236,R_10,4833.699,1,0.0639999999993961,BACKFILL_AUTO
2026-06-19 10:17:18,1781864238,R_10,4833.676,-1,0.02299999999922875,BACKFILL_AUTO
2026-06-19 10:17:20,1781864240,R_10,4833.589,-1,0.08700000000044383,BACKFILL_AUTO
2026-06-19 10:17:22,1781864242,R_10,4833.802,1,0.21299999999973807,BACKFILL_AUTO
2026-06-19 10:17:24,1781864244,R_10,4833.874,1,0.07200000000011642,BACKFILL_AUTO
2026-06-19 10:17:26,1781864246,R_10,4833.983,1,0.10900000000037835,BACKFILL_AUTO
2026-06-19 10:17:28,1781864248,R_10,4834.044,1,0.06099999999969441,BACKFILL_AUTO
2026-06-19 10:17:30,1781864250,R_10,4833.783,-1,0.2609999999995125,BACKFILL_AUTO
2026-06-19 10:17:32,1781864252,R_10,4833.809,1,0.02599999999983993,BACKFILL_AUTO
2026-06-19 10:17:34,1781864254,R_10,4833.682,-1,0.12700000000040745,BACKFILL_AUTO
2026-06-19 10:17:36,1781864256,R_10,4833.787,1,0.10500000000047294,BACKFILL_AUTO
2026-06-19 10:17:38,1781864258,R_10,4833.859,1,0.07200000000011642,BACKFILL_AUTO
2026-06-19 10:17:40,1781864260,R_10,4833.748,-1,0.1110000000007858,BACKFILL_AUTO
2026-06-19 10:17:42,1781864262,R_10,4833.693,-1,0.054999999999381544,BACKFILL_AUTO
2026-06-19 10:17:44,1781864264,R_10,4833.617,-1,0.07600000000002183,BACKFILL_AUTO
2026-06-19 10:17:46,1781864266,R_10,4833.7,1,0.08299999999962893,BACKFILL_AUTO
2026-06-19 10:17:48,1781864268,R_10,4833.787,1,0.08700000000044383,BACKFILL_AUTO
2026-06-19 10:17:50,1781864270,R_10,4833.606,-1,0.18100000000049477,BACKFILL_AUTO
2026-06-19 10:17:52,1781864272,R_10,4833.537,-1,0.06899999999950523,BACKFILL_AUTO
2026-06-19 10:17:54,1781864274,R_10,4833.593,1,0.05599999999958527,BACKFILL_AUTO
2026-06-19 10:17:56,1781864276,R_10,4833.762,1,0.16899999999986903,BACKFILL_AUTO
2026-06-19 10:17:58,1781864278,R_10,4833.718,-1,0.04399999999986903,BACKFILL_AUTO
2026-06-19 10:18:00,1781864280,R_10,4833.559,-1,0.15899999999965075,BACKFILL_AUTO
2026-06-19 10:18:02,1781864282,R_10,4833.554,-1,0.005000000000109139,BACKFILL_AUTO
2026-06-19 10:18:04,1781864284,R_10,4833.56,1,0.006000000000312866,BACKFILL_AUTO
2026-06-19 10:18:06,1781864286,R_10,4833.528,-1,0.032000000000152795,BACKFILL_AUTO
2026-06-19 10:18:08,1781864288,R_10,4833.472,-1,0.056000000000494765,BACKFILL_AUTO
2026-06-19 10:18:10,1781864290,R_10,4833.521,1,0.04899999999997817,BACKFILL_AUTO
2026-06-19 10:18:12,1781864292,R_10,4833.546,1,0.025000000000545697,BACKFILL_AUTO
2026-06-19 10:18:14,1781864294,R_10,4833.537,-1,0.009000000000014552,BACKFILL_AUTO
2026-06-19 10:18:16,1781864296,R_10,4833.768,1,0.23099999999976717,BACKFILL_AUTO
2026-06-19 10:18:18,1781864298,R_10,4833.832,1,0.06400000000030559,BACKFILL_AUTO
2026-06-19 10:18:20,1781864300,R_10,4833.668,-1,0.1640000000006694,BACKFILL_AUTO
2026-06-19 10:18:22,1781864302,R_10,4833.623,-1,0.04500000000007276,BACKFILL_AUTO
2026-06-19 10:18:24,1781864304,R_10,4833.558,-1,0.06499999999959982,BACKFILL_AUTO
2026-06-19 10:18:26,1781864306,R_10,4833.584,1,0.02599999999983993,BACKFILL_AUTO
2026-06-19 10:18:28,1781864308,R_10,4833.503,-1,0.08100000000013097,BACKFILL_AUTO
2026-06-19 10:18:30,1781864310,R_10,4833.528,1,0.025000000000545697,BACKFILL_AUTO
2026-06-19 10:18:32,1781864312,R_10,4833.498,-1,0.030000000000654836,BACKFILL_AUTO
2026-06-19 10:18:34,1781864314,R_10,4833.478,-1,0.019999999999527063,BACKFILL_AUTO
2026-06-19 10:18:36,1781864316,R_10,4833.44,-1,0.03800000000046566,BACKFILL_AUTO
2026-06-19 10:18:38,1781864318,R_10,4833.742,1,0.30200000000058935,BACKFILL_AUTO
2026-06-19 10:18:40,1781864320,R_10,4833.818,1,0.07600000000002183,BACKFILL_AUTO
2026-06-19 10:18:42,1781864322,R_10,4834.006,1,0.18800000000010186,BACKFILL_AUTO
2026-06-19 10:18:44,1781864324,R_10,4833.917,-1,0.08899999999994179,BACKFILL_AUTO
2026-06-19 10:18:46,1781864326,R_10,4833.93,1,0.012999999999919964,BACKFILL_AUTO
2026-06-19 10:18:48,1781864328,R_10,4833.882,-1,0.04800000000068394,BACKFILL_AUTO
2026-06-19 10:18:50,1781864330,R_10,4833.818,-1,0.0639999999993961,BACKFILL_AUTO
2026-06-19 10:18:52,1781864332,R_10,4833.757,-1,0.061000000000603904,BACKFILL_AUTO
2026-06-19 10:18:54,1781864334,R_10,4833.978,1,0.22100000000045839,BACKFILL_AUTO
2026-06-19 10:18:56,1781864336,R_10,4833.998,1,0.019999999999527063,BACKFILL_AUTO
2026-06-19 10:18:58,1781864338,R_10,4833.962,-1,0.03599999999914871,BACKFILL_AUTO
2026-06-19 10:19:00,1781864340,R_10,4833.971,1,0.008999999999105057,BACKFILL_AUTO
2026-06-19 10:19:02,1781864342,R_10,4834.199,1,0.22800000000006548,BACKFILL_AUTO
2026-06-19 10:19:04,1781864344,R_10,4834.239,1,0.03999999999996362,BACKFILL_AUTO
2026-06-19 10:19:06,1781864346,R_10,4834.256,1,0.01700000000073487,BACKFILL_AUTO
2026-06-19 10:19:08,1781864348,R_10,4834.155,-1,0.10100000000056752,BACKFILL_AUTO
2026-06-19 10:19:10,1781864350,R_10,4834.366,1,0.2110000000002401,BACKFILL_AUTO
2026-06-19 10:19:12,1781864352,R_10,4834.278,-1,0.08799999999973807,BACKFILL_AUTO
2026-06-19 10:19:14,1781864354,R_10,4834.343,1,0.06499999999959982,BACKFILL_AUTO
2026-06-19 10:19:16,1781864356,R_10,4834.547,1,0.2039999999997235,BACKFILL_AUTO
2026-06-19 10:19:18,1781864358,R_10,4834.468,-1,0.07899999999972351,BACKFILL_AUTO
2026-06-19 10:19:20,1781864360,R_10,4834.537,1,0.06900000000041473,BACKFILL_AUTO
2026-06-19 10:19:22,1781864362,R_10,4834.608,1,0.07099999999991269,BACKFILL_AUTO
2026-06-19 10:19:24,1781864364,R_10,4834.605,-1,0.0030000000006111804,BACKFILL_AUTO
2026-06-19 10:19:26,1781864366,R_10,4834.584,-1,0.02099999999973079,BACKFILL_AUTO
2026-06-19 10:19:28,1781864368,R_10,4834.586,1,0.0020000000004074536,BACKFILL_AUTO
2026-06-19 10:19:30,1781864370,R_10,4834.491,-1,0.09500000000025466,BACKFILL_AUTO
2026-06-19 10:19:32,1781864372,R_10,4834.497,1,0.006000000000312866,BACKFILL_AUTO
2026-06-19 10:19:34,1781864374,R_10,4834.431,-1,0.06600000000071304,BACKFILL_AUTO
2026-06-19 10:19:36,1781864376,R_10,4834.383,-1,0.047999999999774445,BACKFILL_AUTO
2026-06-19 10:19:38,1781864378,R_10,4834.472,1,0.08899999999994179,BACKFILL_AUTO
2026-06-19 10:19:40,1781864380,R_10,4834.112,-1,0.3599999999996726,BACKFILL_AUTO
2026-06-19 10:19:42,1781864382,R_10,4834.144,1,0.032000000000152795,BACKFILL_AUTO
2026-06-19 10:19:44,1781864384,R_10,4834.194,1,0.0500000000001819,BACKFILL_AUTO
2026-06-19 10:19:46,1781864386,R_10,4834.037,-1,0.1570000000001528,BACKFILL_AUTO
2026-06-19 10:19:48,1781864388,R_10,4833.859,-1,0.17799999999988358,BACKFILL_AUTO
2026-06-19 10:19:50,1781864390,R_10,4833.827,-1,0.032000000000152795,BACKFILL_AUTO
2026-06-19 10:19:52,1781864392,R_10,4833.823,-1,0.0039999999999054126,BACKFILL_AUTO
2026-06-19 10:19:54,1781864394,R_10,4833.774,-1,0.04899999999997817,BACKFILL_AUTO
2026-06-19 10:19:56,1781864396,R_10,4833.848,1,0.07399999999961437,BACKFILL_AUTO
2026-06-19 10:19:58,1781864398,R_10,4833.899,1,0.051000000000385626,BACKFILL_AUTO
2026-06-19 10:20:00,1781864400,R_10,4834.015,1,0.11599999999998545,BACKFILL_AUTO
2026-06-19 10:20:02,1781864402,R_10,4834.076,1,0.06099999999969441,BACKFILL_AUTO
2026-06-19 10:20:04,1781864404,R_10,4834.144,1,0.068000000000211,BACKFILL_AUTO
2026-06-19 10:20:06,1781864406,R_10,4834.12,-1,0.02400000000034197,BACKFILL_AUTO
2026-06-19 10:20:08,1781864408,R_10,4834.142,1,0.021999999999934516,BACKFILL_AUTO
2026-06-19 10:20:10,1781864410,R_10,4834.336,1,0.19400000000041473,BACKFILL_AUTO
2026-06-19 10:20:12,1781864412,R_10,4834.389,1,0.052999999999883585,BACKFILL_AUTO
2026-06-19 10:20:14,1781864414,R_10,4834.416,1,0.027000000000043656,BACKFILL_AUTO
2026-06-19 10:20:16,1781864416,R_10,4834.379,-1,0.037000000000261934,BACKFILL_AUTO
2026-06-19 10:20:18,1781864418,R_10,4834.474,1,0.09500000000025466,BACKFILL_AUTO
2026-06-19 10:20:20,1781864420,R_10,4834.304,-1,0.17000000000007276,BACKFILL_AUTO
2026-06-19 10:20:22,1781864422,R_10,4834.117,-1,0.18699999999989814,BACKFILL_AUTO
2026-06-19 10:20:24,1781864424,R_10,4833.991,-1,0.12600000000020373,BACKFILL_AUTO
2026-06-19 10:20:26,1781864426,R_10,4833.883,-1,0.10800000000017462,BACKFILL_AUTO
2026-06-19 10:20:28,1781864428,R_10,4833.904,1,0.021000000000640284,BACKFILL_AUTO
2026-06-19 10:20:30,1781864430,R_10,4833.957,1,0.052999999999883585,BACKFILL_AUTO
2026-06-19 10:20:32,1781864432,R_10,4834.014,1,0.056999999999789,BACKFILL_AUTO
2026-06-19 10:20:34,1781864434,R_10,4833.999,-1,0.015000000000327418,BACKFILL_AUTO
2026-06-19 10:20:36,1781864436,R_10,4834.069,1,0.07000000000061846,BACKFILL_AUTO
2026-06-19 10:20:38,1781864438,R_10,4834.358,1,0.2889999999997599,BACKFILL_AUTO
2026-06-19 10:20:40,1781864440,R_10,4834.184,-1,0.17399999999997817,BACKFILL_AUTO
2026-06-19 10:20:42,1781864442,R_10,4834.338,1,0.15399999999954161,BACKFILL_AUTO
2026-06-19 10:20:44,1781864444,R_10,4834.412,1,0.07400000000052387,BACKFILL_AUTO
2026-06-19 10:20:46,1781864446,R_10,4834.577,1,0.16499999999996362,BACKFILL_AUTO
2026-06-19 10:20:48,1781864448,R_10,4834.658,1,0.08100000000013097,BACKFILL_AUTO
2026-06-19 10:20:50,1781864450,R_10,4834.682,1,0.023999999999432475,BACKFILL_AUTO
2026-06-19 10:20:52,1781864452,R_10,4834.584,-1,0.09799999999995634,BACKFILL_AUTO
2026-06-19 10:20:54,1781864454,R_10,4834.472,-1,0.11200000000008004,BACKFILL_AUTO
2026-06-19 10:20:56,1781864456,R_10,4834.373,-1,0.09900000000016007,BACKFILL_AUTO
2026-06-19 10:20:58,1781864458,R_10,4834.132,-1,0.24099999999998545,BACKFILL_AUTO
2026-06-19 10:21:00,1781864460,R_10,4834.108,-1,0.023999999999432475,BACKFILL_AUTO
2026-06-19 10:21:02,1781864462,R_10,4834.151,1,0.042999999999665306,BACKFILL_AUTO
2026-06-19 10:21:04,1781864464,R_10,4834.251,1,0.1000000000003638,BACKFILL_AUTO
2026-06-19 10:21:06,1781864466,R_10,4834.155,-1,0.09600000000045839,BACKFILL_AUTO
2026-06-19 10:21:08,1781864468,R_10,4834.096,-1,0.05900000000019645,BACKFILL_AUTO
2026-06-19 10:21:10,1781864470,R_10,4834.256,1,0.16000000000076398,BACKFILL_AUTO
2026-06-19 10:21:12,1781864472,R_10,4834.341,1,0.08500000000003638,BACKFILL_AUTO
2026-06-19 10:21:14,1781864474,R_10,4834.586,1,0.24499999999989086,BACKFILL_AUTO
2026-06-19 10:21:16,1781864476,R_10,4834.395,-1,0.19099999999980355,BACKFILL_AUTO
2026-06-19 10:21:18,1781864478,R_10,4834.514,1,0.11899999999968713,BACKFILL_AUTO
2026-06-19 10:21:20,1781864480,R_10,4834.461,-1,0.052999999999883585,BACKFILL_AUTO
2026-06-19 10:21:22,1781864482,R_10,4834.316,-1,0.14500000000043656,BACKFILL_AUTO
2026-06-19 10:21:24,1781864484,R_10,4834.383,1,0.06700000000000728,BACKFILL_AUTO
2026-06-19 10:21:26,1781864486,R_10,4834.278,-1,0.10499999999956344,BACKFILL_AUTO
2026-06-19 10:21:28,1781864488,R_10,4834.313,1,0.03499999999985448,BACKFILL_AUTO
2026-06-19 10:21:30,1781864490,R_10,4834.386,1,0.07300000000032014,BACKFILL_AUTO
2026-06-19 10:21:32,1781864492,R_10,4834.459,1,0.07299999999941065,BACKFILL_AUTO
2026-06-19 10:21:34,1781864494,R_10,4834.645,1,0.1860000000006039,BACKFILL_AUTO
2026-06-19 10:21:36,1781864496,R_10,4834.618,-1,0.027000000000043656,BACKFILL_AUTO
2026-06-19 10:21:38,1781864498,R_10,4834.517,-1,0.10100000000056752,BACKFILL_AUTO
2026-06-19 10:21:40,1781864500,R_10,4834.357,-1,0.15999999999985448,BACKFILL_AUTO
2026-06-19 10:21:42,1781864502,R_10,4834.361,1,0.0039999999999054126,BACKFILL_AUTO
2026-06-19 10:21:44,1781864504,R_10,4834.426,1,0.06500000000050932,BACKFILL_AUTO
2026-06-19 10:21:46,1781864506,R_10,4834.365,-1,0.061000000000603904,BACKFILL_AUTO
2026-06-19 10:21:48,1781864508,R_10,4834.447,1,0.0820000000003347,BACKFILL_AUTO
2026-06-19 10:21:50,1781864510,R_10,4834.32,-1,0.12700000000040745,BACKFILL_AUTO
2026-06-19 10:21:52,1781864512,R_10,4834.336,1,0.016000000000531145,BACKFILL_AUTO
2026-06-19 10:21:54,1781864514,R_10,4834.359,1,0.023000000000138243,BACKFILL_AUTO
2026-06-19 10:21:56,1781864516,R_10,4834.547,1,0.18799999999919237,BACKFILL_AUTO
2026-06-19 10:21:58,1781864518,R_10,4834.407,-1,0.13999999999941792,BACKFILL_AUTO
2026-06-19 10:22:00,1781864520,R_10,4834.148,-1,0.25900000000001455,BACKFILL_AUTO
2026-06-19 10:22:02,1781864522,R_10,4833.956,-1,0.19200000000000728,BACKFILL_AUTO
2026-06-19 10:22:04,1781864524,R_10,4833.876,-1,0.07999999999992724,BACKFILL_AUTO
2026-06-19 10:22:06,1781864526,R_10,4833.898,1,0.021999999999934516,BACKFILL_AUTO
2026-06-19 10:22:08,1781864528,R_10,4834.094,1,0.1959999999999127,BACKFILL_AUTO
2026-06-19 10:22:10,1781864530,R_10,4834.352,1,0.2579999999998108,BACKFILL_AUTO
2026-06-19 10:22:12,1781864532,R_10,4834.498,1,0.1459999999997308,BACKFILL_AUTO
2026-06-19 10:22:14,1781864534,R_10,4834.468,-1,0.02999999999974534,BACKFILL_AUTO
2026-06-19 10:22:16,1781864536,R_10,4834.396,-1,0.07200000000011642,BACKFILL_AUTO
2026-06-19 10:22:18,1781864538,R_10,4834.355,-1,0.04100000000016735,BACKFILL_AUTO
2026-06-19 10:22:20,1781864540,R_10,4834.252,-1,0.10299999999915599,BACKFILL_AUTO
2026-06-19 10:22:22,1781864542,R_10,4834.228,-1,0.02400000000034197,BACKFILL_AUTO
2026-06-19 10:22:24,1781864544,R_10,4834.248,1,0.019999999999527063,BACKFILL_AUTO
2026-06-19 10:22:26,1781864546,R_10,4834.222,-1,0.02599999999983993,BACKFILL_AUTO
2026-06-19 10:22:28,1781864548,R_10,4834.25,1,0.028000000000247383,BACKFILL_AUTO
2026-06-19 10:22:30,1781864550,R_10,4834.469,1,0.21900000000005093,BACKFILL_AUTO
2026-06-19 10:22:32,1781864552,R_10,4834.527,1,0.057999999999992724,BACKFILL_AUTO
2026-06-19 10:22:34,1781864554,R_10,4834.54,1,0.012999999999919964,BACKFILL_AUTO
2026-06-19 10:22:36,1781864556,R_10,4834.523,-1,0.016999999999825377,BACKFILL_AUTO
2026-06-19 10:22:38,1781864558,R_10,4834.532,1,0.009000000000014552,BACKFILL_AUTO
2026-06-19 10:22:40,1781864560,R_10,4834.586,1,0.05400000000008731,BACKFILL_AUTO
2026-06-19 10:22:42,1781864562,R_10,4834.555,-1,0.03099999999994907,BACKFILL_AUTO
2026-06-19 10:22:44,1781864564,R_10,4834.478,-1,0.07700000000022555,BACKFILL_AUTO
2026-06-19 10:22:46,1781864566,R_10,4834.616,1,0.13799999999991996,BACKFILL_AUTO
2026-06-19 10:22:48,1781864568,R_10,4834.371,-1,0.24499999999989086,BACKFILL_AUTO
2026-06-19 10:22:50,1781864570,R_10,4834.292,-1,0.07899999999972351,BACKFILL_AUTO
2026-06-19 10:22:52,1781864572,R_10,4834.315,1,0.02299999999922875,BACKFILL_AUTO
2026-06-19 10:22:54,1781864574,R_10,4834.373,1,0.057999999999992724,BACKFILL_AUTO
2026-06-19 10:22:56,1781864576,R_10,4834.321,-1,0.05199999999967986,BACKFILL_AUTO
2026-06-19 10:22:58,1781864578,R_10,4834.144,-1,0.17699999999967986,BACKFILL_AUTO
2026-06-19 10:23:00,1781864580,R_10,4834.178,1,0.033999999999650754,BACKFILL_AUTO
2026-06-19 10:23:02,1781864582,R_10,4834.113,-1,0.06499999999959982,BACKFILL_AUTO
2026-06-19 10:23:04,1781864584,R_10,4834.105,-1,0.00800000000072032,BACKFILL_AUTO
2026-06-19 10:23:06,1781864586,R_10,4834.008,-1,0.09699999999975262,BACKFILL_AUTO
2026-06-19 10:23:08,1781864588,R_10,4833.916,-1,0.09199999999964348,BACKFILL_AUTO
2026-06-19 10:23:10,1781864590,R_10,4833.962,1,0.046000000000276486,BACKFILL_AUTO
2026-06-19 10:23:12,1781864592,R_10,4833.979,1,0.016999999999825377,BACKFILL_AUTO
2026-06-19 10:23:14,1781864594,R_10,4833.947,-1,0.032000000000152795,BACKFILL_AUTO
2026-06-19 10:23:16,1781864596,R_10,4834.022,1,0.0749999999998181,BACKFILL_AUTO
2026-06-19 10:23:18,1781864598,R_10,4834.042,1,0.020000000000436557,BACKFILL_AUTO
2026-06-19 10:23:20,1781864600,R_10,4833.892,-1,0.1500000000005457,BACKFILL_AUTO
2026-06-19 10:23:22,1781864602,R_10,4833.972,1,0.07999999999992724,BACKFILL_AUTO
2026-06-19 10:23:24,1781864604,R_10,4833.923,-1,0.04899999999997817,BACKFILL_AUTO
2026-06-19 10:23:26,1781864606,R_10,4833.651,-1,0.2719999999999345,BACKFILL_AUTO
2026-06-19 10:23:28,1781864608,R_10,4833.664,1,0.012999999999919964,BACKFILL_AUTO
2026-06-19 10:23:30,1781864610,R_10,4833.87,1,0.20600000000013097,BACKFILL_AUTO
2026-06-19 10:23:32,1781864612,R_10,4834.051,1,0.18100000000049477,BACKFILL_AUTO
2026-06-19 10:23:34,1781864614,R_10,4834.163,1,0.11199999999917054,BACKFILL_AUTO
2026-06-19 10:23:36,1781864616,R_10,4834.16,-1,0.0029999999997016857,BACKFILL_AUTO
2026-06-19 10:23:38,1781864618,R_10,4834.195,1,0.03499999999985448,BACKFILL_AUTO
2026-06-19 10:23:40,1781864620,R_10,4834.204,1,0.009000000000014552,BACKFILL_AUTO
2026-06-19 10:23:42,1781864622,R_10,4834.013,-1,0.19099999999980355,BACKFILL_AUTO
2026-06-19 10:23:44,1781864624,R_10,4833.959,-1,0.05400000000008731,BACKFILL_AUTO
2026-06-19 10:23:46,1781864626,R_10,4833.892,-1,0.06700000000000728,BACKFILL_AUTO
2026-06-19 10:23:48,1781864628,R_10,4833.788,-1,0.10400000000026921,BACKFILL_AUTO
2026-06-19 10:23:50,1781864630,R_10,4833.773,-1,0.014999999999417923,BACKFILL_AUTO
2026-06-19 10:23:52,1781864632,R_10,4833.72,-1,0.052999999999883585,BACKFILL_AUTO
2026-06-19 10:23:54,1781864634,R_10,4833.792,1,0.07200000000011642,BACKFILL_AUTO
2026-06-19 10:23:56,1781864636,R_10,4833.814,1,0.021999999999934516,BACKFILL_AUTO
2026-06-19 10:23:58,1781864638,R_10,4834.026,1,0.21199999999953434,BACKFILL_AUTO
2026-06-19 10:24:00,1781864640,R_10,4833.86,-1,0.16600000000016735,BACKFILL_AUTO
2026-06-19 10:24:02,1781864642,R_10,4833.84,-1,0.019999999999527063,BACKFILL_AUTO
2026-06-19 10:24:04,1781864644,R_10,4833.784,-1,0.056000000000494765,BACKFILL_AUTO
2026-06-19 10:24:06,1781864646,R_10,4833.84,1,0.056000000000494765,BACKFILL_AUTO
2026-06-19 10:24:08,1781864648,R_10,4833.701,-1,0.1390000000001237,BACKFILL_AUTO
2026-06-19 10:24:10,1781864650,R_10,4833.912,1,0.2110000000002401,BACKFILL_AUTO
2026-06-19 10:24:12,1781864652,R_10,4833.626,-1,0.2860000000000582,BACKFILL_AUTO
2026-06-19 10:24:14,1781864654,R_10,4833.75,1,0.12399999999979627,BACKFILL_AUTO
2026-06-19 10:24:16,1781864656,R_10,4833.752,1,0.0020000000004074536,BACKFILL_AUTO
2026-06-19 10:24:18,1781864658,R_10,4833.793,1,0.04099999999925785,BACKFILL_AUTO
2026-06-19 10:24:20,1781864660,R_10,4833.677,-1,0.11599999999998545,BACKFILL_AUTO
2026-06-19 10:24:22,1781864662,R_10,4833.937,1,0.2600000000002183,BACKFILL_AUTO
2026-06-19 10:24:24,1781864664,R_10,4833.914,-1,0.023000000000138243,BACKFILL_AUTO
2026-06-19 10:24:26,1781864666,R_10,4833.886,-1,0.027999999999337888,BACKFILL_AUTO
2026-06-19 10:24:28,1781864668,R_10,4834.052,1,0.16599999999925785,BACKFILL_AUTO
2026-06-19 10:24:30,1781864670,R_10,4834.041,-1,0.01099999999951251,BACKFILL_AUTO
2026-06-19 10:24:32,1781864672,R_10,4834.136,1,0.09500000000025466,BACKFILL_AUTO
2026-06-19 10:24:34,1781864674,R_10,4834.072,-1,0.06400000000030559,BACKFILL_AUTO
2026-06-19 10:24:36,1781864676,R_10,4834.018,-1,0.05400000000008731,BACKFILL_AUTO
2026-06-19 10:24:38,1781864678,R_10,4834.192,1,0.17399999999997817,BACKFILL_AUTO
2026-06-19 10:24:40,1781864680,R_10,4834.062,-1,0.13000000000010914,BACKFILL_AUTO
2026-06-19 10:24:42,1781864682,R_10,4833.953,-1,0.10899999999946886,BACKFILL_AUTO
2026-06-19 10:24:44,1781864684,R_10,4834.116,1,0.16299999999955617,BACKFILL_AUTO
2026-06-19 10:24:46,1781864686,R_10,4834.02,-1,0.09599999999954889,BACKFILL_AUTO
2026-06-19 10:24:48,1781864688,R_10,4833.977,-1,0.0430000000005748,BACKFILL_AUTO
2026-06-19 10:24:50,1781864690,R_10,4834.015,1,0.03800000000046566,BACKFILL_AUTO
2026-06-19 10:24:52,1781864692,R_10,4834.082,1,0.06700000000000728,BACKFILL_AUTO
2026-06-19 10:24:54,1781864694,R_10,4834.012,-1,0.07000000000061846,BACKFILL_AUTO
2026-06-19 10:24:56,1781864696,R_10,4834.212,1,0.2000000000007276,BACKFILL_AUTO
2026-06-19 10:24:58,1781864698,R_10,4834.122,-1,0.09000000000014552,BACKFILL_AUTO
2026-06-19 10:25:00,1781864700,R_10,4833.892,-1,0.23000000000047294,BACKFILL_AUTO
2026-06-19 10:25:02,1781864702,R_10,4833.718,-1,0.17399999999997817,BACKFILL_AUTO
2026-06-19 10:25:04,1781864704,R_10,4833.604,-1,0.113999999999578,BACKFILL_AUTO
2026-06-19 10:25:06,1781864706,R_10,4833.806,1,0.20199999999931606,BACKFILL_AUTO
2026-06-19 10:25:08,1781864708,R_10,4833.892,1,0.0860000000002401,BACKFILL_AUTO
2026-06-19 10:25:10,1781864710,R_10,4833.968,1,0.07600000000002183,BACKFILL_AUTO
2026-06-19 10:25:12,1781864712,R_10,4833.891,-1,0.07700000000022555,BACKFILL_AUTO
2026-06-19 10:25:14,1781864714,R_10,4833.921,1,0.030000000000654836,BACKFILL_AUTO
2026-06-19 10:25:16,1781864716,R_10,4833.805,-1,0.11599999999998545,BACKFILL_AUTO
2026-06-19 10:25:18,1781864718,R_10,4833.979,1,0.17399999999997817,BACKFILL_AUTO
2026-06-19 10:25:20,1781864720,R_10,4833.846,-1,0.13300000000072032,BACKFILL_AUTO
2026-06-19 10:25:22,1781864722,R_10,4833.972,1,0.12600000000020373,BACKFILL_AUTO
2026-06-19 10:25:24,1781864724,R_10,4833.837,-1,0.13499999999930878,BACKFILL_AUTO
2026-06-19 10:25:26,1781864726,R_10,4833.762,-1,0.0750000000007276,BACKFILL_AUTO
2026-06-19 10:25:28,1781864728,R_10,4833.61,-1,0.15200000000004366,BACKFILL_AUTO
2026-06-19 10:25:30,1781864730,R_10,4833.54,-1,0.06999999999970896,BACKFILL_AUTO
2026-06-19 10:25:32,1781864732,R_10,4833.747,1,0.2070000000003347,BACKFILL_AUTO
2026-06-19 10:25:34,1781864734,R_10,4833.605,-1,0.14200000000073487,BACKFILL_AUTO
2026-06-19 10:25:36,1781864736,R_10,4833.57,-1,0.03499999999985448,BACKFILL_AUTO
2026-06-19 10:25:38,1781864738,R_10,4833.436,-1,0.13400000000001455,BACKFILL_AUTO
2026-06-19 10:25:40,1781864740,R_10,4833.281,-1,0.15499999999974534,BACKFILL_AUTO
2026-06-19 10:25:42,1781864742,R_10,4833.442,1,0.1610000000000582,BACKFILL_AUTO
2026-06-19 10:25:44,1781864744,R_10,4833.503,1,0.06099999999969441,BACKFILL_AUTO
2026-06-19 10:25:46,1781864746,R_10,4833.313,-1,0.18999999999959982,BACKFILL_AUTO
2026-06-19 10:25:48,1781864748,R_10,4833.449,1,0.1359999999995125,BACKFILL_AUTO
2026-06-19 10:25:50,1781864750,R_10,4833.59,1,0.14100000000053114,BACKFILL_AUTO
2026-06-19 10:25:52,1781864752,R_10,4833.733,1,0.1430000000000291,BACKFILL_AUTO
2026-06-19 10:25:54,1781864754,R_10,4833.478,-1,0.25500000000010914,BACKFILL_AUTO
2026-06-19 10:25:56,1781864756,R_10,4833.507,1,0.028999999999541615,BACKFILL_AUTO
2026-06-19 10:25:58,1781864758,R_10,4833.536,1,0.02900000000045111,BACKFILL_AUTO
2026-06-19 10:26:00,1781864760,R_10,4833.398,-1,0.13799999999991996,BACKFILL_AUTO
2026-06-19 10:26:02,1781864762,R_10,4833.577,1,0.1790000000000873,BACKFILL_AUTO
2026-06-19 10:26:04,1781864764,R_10,4833.63,1,0.052999999999883585,BACKFILL_AUTO
2026-06-19 10:26:06,1781864766,R_10,4833.563,-1,0.06700000000000728,BACKFILL_AUTO
2026-06-19 10:26:08,1781864768,R_10,4833.657,1,0.09400000000005093,BACKFILL_AUTO
2026-06-19 10:26:10,1781864770,R_10,4833.69,1,0.03299999999944703,BACKFILL_AUTO
2026-06-19 10:26:12,1781864772,R_10,4833.696,1,0.006000000000312866,BACKFILL_AUTO
2026-06-19 10:26:14,1781864774,R_10,4833.774,1,0.07800000000042928,BACKFILL_AUTO
2026-06-19 10:26:16,1781864776,R_10,4833.894,1,0.11999999999989086,BACKFILL_AUTO
2026-06-19 10:26:18,1781864778,R_10,4833.954,1,0.05999999999949068,BACKFILL_AUTO
2026-06-19 10:26:20,1781864780,R_10,4833.843,-1,0.11099999999987631,BACKFILL_AUTO
2026-06-19 10:26:22,1781864782,R_10,4834.038,1,0.19499999999970896,BACKFILL_AUTO
2026-06-19 10:26:24,1781864784,R_10,4834.11,1,0.07200000000011642,BACKFILL_AUTO
2026-06-19 10:26:26,1781864786,R_10,4834.137,1,0.027000000000043656,BACKFILL_AUTO
2026-06-19 10:26:28,1781864788,R_10,4834.177,1,0.03999999999996362,BACKFILL_AUTO
2026-06-19 10:26:30,1781864790,R_10,4834.064,-1,0.11299999999937427,BACKFILL_AUTO
2026-06-19 10:26:32,1781864792,R_10,4834.019,-1,0.04500000000007276,BACKFILL_AUTO
2026-06-19 10:26:34,1781864794,R_10,4833.83,-1,0.1890000000003056,BACKFILL_AUTO
2026-06-19 10:26:36,1781864796,R_10,4833.697,-1,0.13299999999981083,BACKFILL_AUTO
2026-06-19 10:26:38,1781864798,R_10,4833.609,-1,0.08799999999973807,BACKFILL_AUTO
2026-06-19 10:26:40,1781864800,R_10,4833.66,1,0.05099999999947613,BACKFILL_AUTO
2026-06-19 10:26:42,1781864802,R_10,4833.701,1,0.04100000000016735,BACKFILL_AUTO
2026-06-19 10:26:44,1781864804,R_10,4833.772,1,0.07099999999991269,BACKFILL_AUTO
2026-06-19 10:26:46,1781864806,R_10,4833.755,-1,0.016999999999825377,BACKFILL_AUTO
2026-06-19 10:26:48,1781864808,R_10,4833.744,-1,0.011000000000422006,BACKFILL_AUTO
2026-06-19 10:26:50,1781864810,R_10,4833.954,1,0.21000000000003638,BACKFILL_AUTO
2026-06-19 10:26:52,1781864812,R_10,4833.795,-1,0.15899999999965075,BACKFILL_AUTO
2026-06-19 10:26:54,1781864814,R_10,4833.817,1,0.021999999999934516,BACKFILL_AUTO
2026-06-19 10:26:56,1781864816,R_10,4833.795,-1,0.021999999999934516,BACKFILL_AUTO
2026-06-19 10:26:58,1781864818,R_10,4833.859,1,0.06400000000030559,BACKFILL_AUTO
2026-06-19 10:27:00,1781864820,R_10,4833.871,1,0.011999999999716238,BACKFILL_AUTO
2026-06-19 10:27:02,1781864822,R_10,4833.887,1,0.01599999999962165,BACKFILL_AUTO
2026-06-19 10:27:04,1781864824,R_10,4833.939,1,0.05200000000058935,BACKFILL_AUTO
2026-06-19 10:27:06,1781864826,R_10,4833.813,-1,0.12600000000020373,BACKFILL_AUTO
2026-06-19 10:27:08,1781864828,R_10,4833.935,1,0.12200000000029831,BACKFILL_AUTO
2026-06-19 10:27:10,1781864830,R_10,4833.99,1,0.054999999999381544,BACKFILL_AUTO
2026-06-19 10:27:12,1781864832,R_10,4834.098,1,0.10800000000017462,BACKFILL_AUTO
2026-06-19 10:27:14,1781864834,R_10,4834.289,1,0.19099999999980355,BACKFILL_AUTO
2026-06-19 10:27:16,1781864836,R_10,4834.355,1,0.06599999999980355,BACKFILL_AUTO
2026-06-19 10:27:18,1781864838,R_10,4834.261,-1,0.09399999999914144,BACKFILL_AUTO
2026-06-19 10:27:20,1781864840,R_10,4834.257,-1,0.004000000000814907,BACKFILL_AUTO
2026-06-19 10:27:22,1781864842,R_10,4834.221,-1,0.03600000000005821,BACKFILL_AUTO
2026-06-19 10:27:24,1781864844,R_10,4834.284,1,0.06300000000010186,BACKFILL_AUTO
2026-06-19 10:27:26,1781864846,R_10,4834.594,1,0.3100000000004002,BACKFILL_AUTO
2026-06-19 10:27:28,1781864848,R_10,4834.624,1,0.02999999999974534,BACKFILL_AUTO
2026-06-19 10:27:30,1781864850,R_10,4834.508,-1,0.11599999999998545,BACKFILL_AUTO
2026-06-19 10:27:32,1781864852,R_10,4834.843,1,0.3350000000000364,BACKFILL_AUTO
2026-06-19 10:27:34,1781864854,R_10,4834.695,-1,0.14800000000013824,BACKFILL_AUTO
2026-06-19 10:27:36,1781864856,R_10,4834.865,1,0.17000000000007276,BACKFILL_AUTO
2026-06-19 10:27:38,1781864858,R_10,4834.734,-1,0.13099999999940337,BACKFILL_AUTO
2026-06-19 10:27:40,1781864860,R_10,4834.838,1,0.10399999999935972,BACKFILL_AUTO
2026-06-19 10:27:42,1781864862,R_10,4835.001,1,0.16300000000046566,BACKFILL_AUTO
2026-06-19 10:27:44,1781864864,R_10,4835.139,1,0.13799999999991996,BACKFILL_AUTO
2026-06-19 10:27:46,1781864866,R_10,4835.147,1,0.007999999999810825,BACKFILL_AUTO
2026-06-19 10:27:48,1781864868,R_10,4835.03,-1,0.11700000000018917,BACKFILL_AUTO
2026-06-19 10:27:50,1781864870,R_10,4835.075,1,0.04500000000007276,BACKFILL_AUTO
2026-06-19 10:27:52,1781864872,R_10,4834.852,-1,0.22299999999995634,BACKFILL_AUTO
2026-06-19 10:27:54,1781864874,R_10,4835.167,1,0.3150000000005093,BACKFILL_AUTO
2026-06-19 10:27:56,1781864876,R_10,4835.299,1,0.1319999999996071,BACKFILL_AUTO
2026-06-19 10:27:58,1781864878,R_10,4835.254,-1,0.04500000000007276,BACKFILL_AUTO
2026-06-19 10:28:00,1781864880,R_10,4835.159,-1,0.09500000000025466,BACKFILL_AUTO
2026-06-19 10:28:02,1781864882,R_10,4835.353,1,0.19400000000041473,BACKFILL_AUTO
2026-06-19 10:28:04,1781864884,R_10,4835.469,1,0.11599999999998545,BACKFILL_AUTO
2026-06-19 10:28:06,1781864886,R_10,4835.577,1,0.10800000000017462,BACKFILL_AUTO
2026-06-19 10:28:08,1781864888,R_10,4835.527,-1,0.0500000000001819,BACKFILL_AUTO
2026-06-19 10:28:10,1781864890,R_10,4835.5,-1,0.027000000000043656,BACKFILL_AUTO
2026-06-19 10:28:12,1781864892,R_10,4835.438,-1,0.06199999999989814,BACKFILL_AUTO
2026-06-19 10:28:14,1781864894,R_10,4835.429,-1,0.009000000000014552,BACKFILL_AUTO
2026-06-19 10:28:16,1781864896,R_10,4835.512,1,0.08299999999962893,BACKFILL_AUTO
2026-06-19 10:28:18,1781864898,R_10,4835.6,1,0.08800000000064756,BACKFILL_AUTO
2026-06-19 10:28:20,1781864900,R_10,4835.58,-1,0.020000000000436557,BACKFILL_AUTO
2026-06-19 10:28:22,1781864902,R_10,4835.632,1,0.05199999999967986,BACKFILL_AUTO
2026-06-19 10:28:24,1781864904,R_10,4835.81,1,0.17800000000079308,BACKFILL_AUTO
2026-06-19 10:28:26,1781864906,R_10,4835.87,1,0.05999999999949068,BACKFILL_AUTO
2026-06-19 10:28:28,1781864908,R_10,4835.752,-1,0.11799999999948341,BACKFILL_AUTO
2026-06-19 10:28:30,1781864910,R_10,4835.87,1,0.11799999999948341,BACKFILL_AUTO
2026-06-19 10:28:32,1781864912,R_10,4835.815,-1,0.05500000000029104,BACKFILL_AUTO
2026-06-19 10:28:34,1781864914,R_10,4835.833,1,0.018000000000029104,BACKFILL_AUTO
2026-06-19 10:28:36,1781864916,R_10,4835.664,-1,0.16899999999986903,BACKFILL_AUTO
2026-06-19 10:28:38,1781864918,R_10,4835.707,1,0.0430000000005748,BACKFILL_AUTO
2026-06-19 10:28:40,1781864920,R_10,4835.652,-1,0.05500000000029104,BACKFILL_AUTO
2026-06-19 10:28:42,1781864922,R_10,4835.556,-1,0.09600000000045839,BACKFILL_AUTO
2026-06-19 10:28:44,1781864924,R_10,4835.633,1,0.07700000000022555,BACKFILL_AUTO
2026-06-19 10:28:46,1781864926,R_10,4835.731,1,0.09799999999995634,BACKFILL_AUTO
2026-06-19 10:28:48,1781864928,R_10,4835.785,1,0.05400000000008731,BACKFILL_AUTO
2026-06-19 10:28:50,1781864930,R_10,4835.819,1,0.03400000000056025,BACKFILL_AUTO
2026-06-19 10:28:52,1781864932,R_10,4835.641,-1,0.17800000000079308,BACKFILL_AUTO
2026-06-19 10:28:54,1781864934,R_10,4835.477,-1,0.1639999999997599,BACKFILL_AUTO
2026-06-19 10:28:56,1781864936,R_10,4835.665,1,0.18800000000010186,BACKFILL_AUTO
2026-06-19 10:28:58,1781864938,R_10,4835.676,1,0.011000000000422006,BACKFILL_AUTO
2026-06-19 10:29:00,1781864940,R_10,4835.581,-1,0.09500000000025466,BACKFILL_AUTO
2026-06-19 10:29:02,1781864942,R_10,4835.586,1,0.005000000000109139,BACKFILL_AUTO
2026-06-19 10:29:04,1781864944,R_10,4835.658,1,0.07200000000011642,BACKFILL_AUTO
2026-06-19 10:29:06,1781864946,R_10,4835.745,1,0.08699999999953434,BACKFILL_AUTO
2026-06-19 10:29:08,1781864948,R_10,4835.707,-1,0.03799999999955617,BACKFILL_AUTO
2026-06-19 10:29:10,1781864950,R_10,4835.961,1,0.2539999999999054,BACKFILL_AUTO
2026-06-19 10:29:12,1781864952,R_10,4836.111,1,0.1499999999996362,BACKFILL_AUTO
2026-06-19 10:29:14,1781864954,R_10,4836.22,1,0.10900000000037835,BACKFILL_AUTO
2026-06-19 10:29:16,1781864956,R_10,4836.163,-1,0.05700000000069849,BACKFILL_AUTO
2026-06-19 10:29:18,1781864958,R_10,4836.027,-1,0.1359999999995125,BACKFILL_AUTO
2026-06-19 10:29:20,1781864960,R_10,4835.949,-1,0.07800000000042928,BACKFILL_AUTO
2026-06-19 10:29:22,1781864962,R_10,4835.949,0,0.0,BACKFILL_AUTO
2026-06-19 10:29:24,1781864964,R_10,4836.101,1,0.15200000000004366,BACKFILL_AUTO
2026-06-19 10:29:26,1781864966,R_10,4836.121,1,0.020000000000436557,BACKFILL_AUTO
2026-06-19 10:29:28,1781864968,R_10,4836.171,1,0.0500000000001819,BACKFILL_AUTO
2026-06-19 10:29:30,1781864970,R_10,4836.171,0,0.0,BACKFILL_AUTO
2026-06-19 10:29:32,1781864972,R_10,4836.083,-1,0.08800000000064756,BACKFILL_AUTO
2026-06-19 10:29:34,1781864974,R_10,4836.161,1,0.07800000000042928,BACKFILL_AUTO
2026-06-19 10:29:36,1781864976,R_10,4836.172,1,0.01099999999951251,BACKFILL_AUTO
2026-06-19 10:29:38,1781864978,R_10,4836.098,-1,0.07399999999961437,BACKFILL_AUTO
2026-06-19 10:29:40,1781864980,R_10,4836.205,1,0.1069999999999709,BACKFILL_AUTO
2026-06-19 10:29:42,1781864982,R_10,4835.858,-1,0.3469999999997526,BACKFILL_AUTO
2026-06-19 10:29:44,1781864984,R_10,4836.021,1,0.16299999999955617,BACKFILL_AUTO
2026-06-19 10:29:46,1781864986,R_10,4836.194,1,0.17300000000068394,BACKFILL_AUTO
2026-06-19 10:29:48,1781864988,R_10,4836.113,-1,0.08100000000013097,BACKFILL_AUTO
2026-06-19 10:29:50,1781864990,R_10,4835.892,-1,0.22100000000045839,BACKFILL_AUTO
2026-06-19 10:29:52,1781864992,R_10,4835.737,-1,0.15499999999974534,BACKFILL_AUTO
2026-06-19 10:29:54,1781864994,R_10,4835.74,1,0.0029999999997016857,BACKFILL_AUTO
2026-06-19 10:29:56,1781864996,R_10,4835.641,-1,0.09900000000016007,BACKFILL_AUTO
2026-06-19 10:29:58,1781864998,R_10,4835.567,-1,0.07399999999961437,BACKFILL_AUTO
2026-06-19 10:30:00,1781865000,R_10,4835.486,-1,0.08100000000013097,BACKFILL_AUTO
2026-06-19 10:30:02,1781865002,R_10,4835.495,1,0.009000000000014552,BACKFILL_AUTO
2026-06-19 10:30:04,1781865004,R_10,4835.605,1,0.10999999999967258,BACKFILL_AUTO
2026-06-19 10:30:06,1781865006,R_10,4835.657,1,0.05200000000058935,BACKFILL_AUTO
2026-06-19 10:30:08,1781865008,R_10,4835.789,1,0.1319999999996071,BACKFILL_AUTO
2026-06-19 10:30:10,1781865010,R_10,4835.788,-1,0.0010000000002037268,BACKFILL_AUTO
2026-06-19 10:30:12,1781865012,R_10,4835.683,-1,0.10499999999956344,BACKFILL_AUTO
2026-06-19 10:30:14,1781865014,R_10,4835.863,1,0.18000000000029104,BACKFILL_AUTO
2026-06-19 10:30:16,1781865016,R_10,4835.836,-1,0.027000000000043656,BACKFILL_AUTO
2026-06-19 10:30:18,1781865018,R_10,4835.883,1,0.04699999999957072,BACKFILL_AUTO
2026-06-19 10:30:20,1781865020,R_10,4835.976,1,0.0929999999998472,BACKFILL_AUTO
2026-06-19 10:30:22,1781865022,R_10,4836.013,1,0.037000000000261934,BACKFILL_AUTO
2026-06-19 10:30:24,1781865024,R_10,4835.891,-1,0.12200000000029831,BACKFILL_AUTO
2026-06-19 10:30:26,1781865026,R_10,4835.789,-1,0.10199999999986176,BACKFILL_AUTO
2026-06-19 10:30:28,1781865028,R_10,4835.649,-1,0.13999999999941792,BACKFILL_AUTO
2026-06-19 10:30:30,1781865030,R_10,4835.684,1,0.03499999999985448,BACKFILL_AUTO
2026-06-19 10:30:32,1781865032,R_10,4835.673,-1,0.011000000000422006,BACKFILL_AUTO
2026-06-19 10:30:34,1781865034,R_10,4835.729,1,0.056000000000494765,BACKFILL_AUTO
2026-06-19 10:30:36,1781865036,R_10,4835.751,1,0.021999999999934516,BACKFILL_AUTO
2026-06-19 10:30:38,1781865038,R_10,4835.688,-1,0.06300000000010186,BACKFILL_AUTO
2026-06-19 10:30:40,1781865040,R_10,4835.577,-1,0.11099999999987631,BACKFILL_AUTO
2026-06-19 10:30:42,1781865042,R_10,4835.555,-1,0.021999999999934516,BACKFILL_AUTO
2026-06-19 10:30:44,1781865044,R_10,4835.599,1,0.04399999999986903,BACKFILL_AUTO
2026-06-19 10:30:46,1781865046,R_10,4835.651,1,0.05199999999967986,BACKFILL_AUTO
2026-06-19 10:30:48,1781865048,R_10,4835.582,-1,0.06899999999950523,BACKFILL_AUTO
2026-06-19 10:30:50,1781865050,R_10,4835.699,1,0.11699999999927968,BACKFILL_AUTO
2026-06-19 10:30:52,1781865052,R_10,4835.702,1,0.0030000000006111804,BACKFILL_AUTO
2026-06-19 10:30:54,1781865054,R_10,4835.648,-1,0.05400000000008731,BACKFILL_AUTO
2026-06-19 10:30:56,1781865056,R_10,4835.574,-1,0.07400000000052387,BACKFILL_AUTO
2026-06-19 10:30:58,1781865058,R_10,4835.636,1,0.06200000000080763,BACKFILL_AUTO
2026-06-19 10:31:00,1781865060,R_10,4835.726,1,0.08999999999923602,BACKFILL_AUTO
2026-06-19 10:31:02,1781865062,R_10,4835.816,1,0.09000000000014552,BACKFILL_AUTO
2026-06-19 10:31:04,1781865064,R_10,4835.705,-1,0.11099999999987631,BACKFILL_AUTO
2026-06-19 10:31:06,1781865066,R_10,4835.715,1,0.010000000000218279,BACKFILL_AUTO
2026-06-19 10:31:08,1781865068,R_10,4835.812,1,0.09699999999975262,BACKFILL_AUTO
2026-06-19 10:31:10,1781865070,R_10,4835.864,1,0.05199999999967986,BACKFILL_AUTO
2026-06-19 10:31:12,1781865072,R_10,4835.718,-1,0.1459999999997308,BACKFILL_AUTO
2026-06-19 10:31:14,1781865074,R_10,4835.806,1,0.08799999999973807,BACKFILL_AUTO
2026-06-19 10:31:16,1781865076,R_10,4835.797,-1,0.009000000000014552,BACKFILL_AUTO
2026-06-19 10:31:18,1781865078,R_10,4835.764,-1,0.03299999999944703,BACKFILL_AUTO
2026-06-19 10:31:20,1781865080,R_10,4835.779,1,0.015000000000327418,BACKFILL_AUTO
2026-06-19 10:31:22,1781865082,R_10,4835.801,1,0.021999999999934516,BACKFILL_AUTO
2026-06-19 10:31:24,1781865084,R_10,4835.849,1,0.047999999999774445,BACKFILL_AUTO
2026-06-19 10:31:26,1781865086,R_10,4835.736,-1,0.11300000000028376,BACKFILL_AUTO
2026-06-19 10:31:28,1781865088,R_10,4836.018,1,0.2820000000001528,BACKFILL_AUTO
2026-06-19 10:31:30,1781865090,R_10,4835.919,-1,0.09900000000016007,BACKFILL_AUTO
2026-06-19 10:31:32,1781865092,R_10,4835.912,-1,0.006999999999607098,BACKFILL_AUTO
2026-06-19 10:31:34,1781865094,R_10,4835.903,-1,0.009000000000014552,BACKFILL_AUTO
2026-06-19 10:31:36,1781865096,R_10,4835.819,-1,0.08399999999983265,BACKFILL_AUTO
2026-06-19 10:31:38,1781865098,R_10,4835.717,-1,0.10200000000077125,BACKFILL_AUTO
2026-06-19 10:31:40,1781865100,R_10,4835.681,-1,0.03600000000005821,BACKFILL_AUTO
2026-06-19 10:31:42,1781865102,R_10,4835.567,-1,0.113999999999578,BACKFILL_AUTO
2026-06-19 10:31:44,1781865104,R_10,4835.576,1,0.009000000000014552,BACKFILL_AUTO
2026-06-19 10:31:46,1781865106,R_10,4835.518,-1,0.057999999999992724,BACKFILL_AUTO
2026-06-19 10:31:48,1781865108,R_10,4835.407,-1,0.11099999999987631,BACKFILL_AUTO
2026-06-19 10:31:50,1781865110,R_10,4835.555,1,0.14800000000013824,BACKFILL_AUTO
2026-06-19 10:31:52,1781865112,R_10,4835.541,-1,0.014000000000123691,BACKFILL_AUTO
2026-06-19 10:31:54,1781865114,R_10,4835.446,-1,0.09500000000025466,BACKFILL_AUTO
2026-06-19 10:31:56,1781865116,R_10,4835.469,1,0.023000000000138243,BACKFILL_AUTO
2026-06-19 10:31:58,1781865118,R_10,4835.52,1,0.051000000000385626,BACKFILL_AUTO
2026-06-19 10:32:00,1781865120,R_10,4835.623,1,0.10299999999915599,BACKFILL_AUTO
2026-06-19 10:32:02,1781865122,R_10,4835.614,-1,0.009000000000014552,BACKFILL_AUTO
2026-06-19 10:32:04,1781865124,R_10,4835.646,1,0.032000000000152795,BACKFILL_AUTO
2026-06-19 10:32:06,1781865126,R_10,4835.381,-1,0.2649999999994179,BACKFILL_AUTO
2026-06-19 10:32:08,1781865128,R_10,4835.491,1,0.10999999999967258,BACKFILL_AUTO
2026-06-19 10:32:10,1781865130,R_10,4835.714,1,0.22299999999995634,BACKFILL_AUTO
2026-06-19 10:32:12,1781865132,R_10,4835.735,1,0.02099999999973079,BACKFILL_AUTO
2026-06-19 10:32:14,1781865134,R_10,4835.747,1,0.012000000000625732,BACKFILL_AUTO
2026-06-19 10:32:16,1781865136,R_10,4835.726,-1,0.021000000000640284,BACKFILL_AUTO
2026-06-19 10:32:18,1781865138,R_10,4835.843,1,0.11700000000018917,BACKFILL_AUTO
2026-06-19 10:32:20,1781865140,R_10,4835.996,1,0.15300000000024738,BACKFILL_AUTO
2026-06-19 10:32:22,1781865142,R_10,4836.041,1,0.04500000000007276,BACKFILL_AUTO
2026-06-19 10:32:24,1781865144,R_10,4835.932,-1,0.10900000000037835,BACKFILL_AUTO
2026-06-19 10:32:26,1781865146,R_10,4836.12,1,0.18800000000010186,BACKFILL_AUTO
2026-06-19 10:32:28,1781865148,R_10,4836.232,1,0.11200000000008004,BACKFILL_AUTO
2026-06-19 10:32:30,1781865150,R_10,4836.222,-1,0.010000000000218279,BACKFILL_AUTO
2026-06-19 10:32:32,1781865152,R_10,4836.027,-1,0.19499999999970896,BACKFILL_AUTO
2026-06-19 10:32:34,1781865154,R_10,4836.069,1,0.042000000000371074,BACKFILL_AUTO
2026-06-19 10:32:36,1781865156,R_10,4835.955,-1,0.11400000000048749,BACKFILL_AUTO
2026-06-19 10:32:38,1781865158,R_10,4836.027,1,0.07200000000011642,BACKFILL_AUTO
2026-06-19 10:32:40,1781865160,R_10,4836.087,1,0.06000000000040018,BACKFILL_AUTO
2026-06-19 10:32:42,1781865162,R_10,4836.069,-1,0.018000000000029104,BACKFILL_AUTO
2026-06-19 10:32:44,1781865164,R_10,4836.042,-1,0.027000000000043656,BACKFILL_AUTO
2026-06-19 10:32:46,1781865166,R_10,4836.02,-1,0.021999999999934516,BACKFILL_AUTO
2026-06-19 10:32:48,1781865168,R_10,4836.131,1,0.11099999999987631,BACKFILL_AUTO
2026-06-19 10:32:50,1781865170,R_10,4836.097,-1,0.03400000000056025,BACKFILL_AUTO
2026-06-19 10:32:52,1781865172,R_10,4836.058,-1,0.03899999999975989,BACKFILL_AUTO
2026-06-19 10:32:54,1781865174,R_10,4836.047,-1,0.011000000000422006,BACKFILL_AUTO
2026-06-19 10:32:56,1781865176,R_10,4835.977,-1,0.06999999999970896,BACKFILL_AUTO
2026-06-19 10:32:58,1781865178,R_10,4835.762,-1,0.21500000000014552,BACKFILL_AUTO
2026-06-19 10:33:00,1781865180,R_10,4835.821,1,0.05900000000019645,BACKFILL_AUTO
2026-06-19 10:33:02,1781865182,R_10,4835.879,1,0.057999999999992724,BACKFILL_AUTO
2026-06-19 10:33:04,1781865184,R_10,4835.669,-1,0.21000000000003638,BACKFILL_AUTO
2026-06-19 10:33:06,1781865186,R_10,4835.684,1,0.015000000000327418,BACKFILL_AUTO
2026-06-19 10:33:08,1781865188,R_10,4835.653,-1,0.03099999999994907,BACKFILL_AUTO
2026-06-19 10:33:10,1781865190,R_10,4835.528,-1,0.125,BACKFILL_AUTO
2026-06-19 10:33:12,1781865192,R_10,4835.609,1,0.08100000000013097,BACKFILL_AUTO
2026-06-19 10:33:14,1781865194,R_10,4835.822,1,0.21299999999973807,BACKFILL_AUTO
2026-06-19 10:33:16,1781865196,R_10,4836.02,1,0.19800000000032014,BACKFILL_AUTO
2026-06-19 10:33:18,1781865198,R_10,4835.925,-1,0.09500000000025466,BACKFILL_AUTO
2026-06-19 10:33:20,1781865200,R_10,4836.007,1,0.0819999999994252,BACKFILL_AUTO
2026-06-19 10:33:22,1781865202,R_10,4835.919,-1,0.08799999999973807,BACKFILL_AUTO
2026-06-19 10:33:24,1781865204,R_10,4835.957,1,0.03800000000046566,BACKFILL_AUTO
2026-06-19 10:33:26,1781865206,R_10,4835.796,-1,0.1610000000000582,BACKFILL_AUTO
2026-06-19 10:33:28,1781865208,R_10,4835.632,-1,0.1640000000006694,BACKFILL_AUTO
2026-06-19 10:33:30,1781865210,R_10,4835.552,-1,0.07999999999992724,BACKFILL_AUTO
2026-06-19 10:33:32,1781865212,R_10,4835.64,1,0.08800000000064756,BACKFILL_AUTO
2026-06-19 10:33:34,1781865214,R_10,4835.564,-1,0.07600000000002183,BACKFILL_AUTO
2026-06-19 10:33:36,1781865216,R_10,4835.625,1,0.06099999999969441,BACKFILL_AUTO
2026-06-19 10:33:38,1781865218,R_10,4835.672,1,0.04699999999957072,BACKFILL_AUTO
2026-06-19 10:33:40,1781865220,R_10,4835.836,1,0.1640000000006694,BACKFILL_AUTO
2026-06-19 10:33:42,1781865222,R_10,4835.741,-1,0.09500000000025466,BACKFILL_AUTO
2026-06-19 10:33:44,1781865224,R_10,4835.844,1,0.10300000000006548,BACKFILL_AUTO
2026-06-19 10:33:46,1781865226,R_10,4835.451,-1,0.3930000000000291,BACKFILL_AUTO
2026-06-19 10:33:48,1781865228,R_10,4835.591,1,0.14000000000032742,BACKFILL_AUTO
2026-06-19 10:33:50,1781865230,R_10,4835.583,-1,0.00800000000072032,BACKFILL_AUTO
2026-06-19 10:33:52,1781865232,R_10,4835.511,-1,0.07199999999920692,BACKFILL_AUTO
2026-06-19 10:33:54,1781865234,R_10,4835.571,1,0.05999999999949068,BACKFILL_AUTO
2026-06-19 10:33:56,1781865236,R_10,4835.571,0,0.0,BACKFILL_AUTO
2026-06-19 10:33:58,1781865238,R_10,4835.601,1,0.02999999999974534,BACKFILL_AUTO
2026-06-19 10:34:00,1781865240,R_10,4835.597,-1,0.0039999999999054126,BACKFILL_AUTO
2026-06-19 10:34:02,1781865242,R_10,4835.503,-1,0.09400000000005093,BACKFILL_AUTO
2026-06-19 10:34:04,1781865244,R_10,4835.372,-1,0.13099999999940337,BACKFILL_AUTO
2026-06-19 10:34:06,1781865246,R_10,4835.388,1,0.01599999999962165,BACKFILL_AUTO
2026-06-19 10:34:08,1781865248,R_10,4835.384,-1,0.0039999999999054126,BACKFILL_AUTO
2026-06-19 10:34:10,1781865250,R_10,4835.245,-1,0.1390000000001237,BACKFILL_AUTO
2026-06-19 10:34:12,1781865252,R_10,4835.205,-1,0.03999999999996362,BACKFILL_AUTO
2026-06-19 10:34:14,1781865254,R_10,4835.294,1,0.08899999999994179,BACKFILL_AUTO
2026-06-19 10:34:16,1781865256,R_10,4835.07,-1,0.22400000000016007,BACKFILL_AUTO
2026-06-19 10:34:18,1781865258,R_10,4834.732,-1,0.33799999999973807,BACKFILL_AUTO
2026-06-19 10:34:20,1781865260,R_10,4834.891,1,0.15899999999965075,BACKFILL_AUTO
2026-06-19 10:34:22,1781865262,R_10,4834.833,-1,0.057999999999992724,BACKFILL_AUTO
2026-06-19 10:34:24,1781865264,R_10,4834.936,1,0.10300000000006548,BACKFILL_AUTO
2026-06-19 10:34:26,1781865266,R_10,4834.841,-1,0.09499999999934516,BACKFILL_AUTO
2026-06-19 10:34:28,1781865268,R_10,4834.849,1,0.007999999999810825,BACKFILL_AUTO
2026-06-19 10:34:30,1781865270,R_10,4834.585,-1,0.2640000000001237,BACKFILL_AUTO
2026-06-19 10:34:32,1781865272,R_10,4834.679,1,0.09400000000005093,BACKFILL_AUTO
2026-06-19 10:34:34,1781865274,R_10,4834.868,1,0.1890000000003056,BACKFILL_AUTO
2026-06-19 10:34:36,1781865276,R_10,4835.009,1,0.14099999999962165,BACKFILL_AUTO
2026-06-19 10:34:38,1781865278,R_10,4835.052,1,0.042999999999665306,BACKFILL_AUTO
2026-06-19 10:34:40,1781865280,R_10,4834.987,-1,0.06499999999959982,BACKFILL_AUTO
2026-06-19 10:34:42,1781865282,R_10,4835.035,1,0.047999999999774445,BACKFILL_AUTO
2026-06-19 10:34:44,1781865284,R_10,4834.779,-1,0.25599999999940337,BACKFILL_AUTO
2026-06-19 10:34:46,1781865286,R_10,4834.904,1,0.125,BACKFILL_AUTO
2026-06-19 10:34:48,1781865288,R_10,4835.012,1,0.10799999999926513,BACKFILL_AUTO
2026-06-19 10:34:50,1781865290,R_10,4835.025,1,0.012999999999919964,BACKFILL_AUTO
2026-06-19 10:34:52,1781865292,R_10,4834.972,-1,0.052999999999883585,BACKFILL_AUTO
2026-06-19 10:34:54,1781865294,R_10,4834.949,-1,0.023000000000138243,BACKFILL_AUTO
2026-06-19 10:34:56,1781865296,R_10,4834.998,1,0.04899999999997817,BACKFILL_AUTO
2026-06-19 10:34:58,1781865298,R_10,4835.081,1,0.08300000000053842,BACKFILL_AUTO
2026-06-19 10:35:00,1781865300,R_10,4835.136,1,0.05500000000029104,BACKFILL_AUTO
2026-06-19 10:35:02,1781865302,R_10,4835.122,-1,0.014000000000123691,BACKFILL_AUTO
2026-06-19 10:35:04,1781865304,R_10,4835.11,-1,0.012000000000625732,BACKFILL_AUTO
2026-06-19 10:35:06,1781865306,R_10,4835.025,-1,0.08500000000003638,BACKFILL_AUTO
2026-06-19 10:35:08,1781865308,R_10,4834.914,-1,0.11099999999987631,BACKFILL_AUTO
2026-06-19 10:35:10,1781865310,R_10,4834.955,1,0.04100000000016735,BACKFILL_AUTO
2026-06-19 10:35:12,1781865312,R_10,4835.013,1,0.057999999999992724,BACKFILL_AUTO
2026-06-19 10:35:14,1781865314,R_10,4835.073,1,0.06000000000040018,BACKFILL_AUTO
2026-06-19 10:35:16,1781865316,R_10,4835.052,-1,0.021000000000640284,BACKFILL_AUTO
2026-06-19 10:35:18,1781865318,R_10,4835.032,-1,0.019999999999527063,BACKFILL_AUTO
2026-06-19 10:35:20,1781865320,R_10,4834.979,-1,0.052999999999883585,BACKFILL_AUTO
2026-06-19 10:35:22,1781865322,R_10,4834.928,-1,0.051000000000385626,BACKFILL_AUTO
2026-06-19 10:35:24,1781865324,R_10,4835.116,1,0.18800000000010186,BACKFILL_AUTO
2026-06-19 10:35:26,1781865326,R_10,4835.201,1,0.08500000000003638,BACKFILL_AUTO
2026-06-19 10:35:28,1781865328,R_10,4835.192,-1,0.009000000000014552,BACKFILL_AUTO
2026-06-19 10:35:30,1781865330,R_10,4835.188,-1,0.0039999999999054126,BACKFILL_AUTO
2026-06-19 10:35:32,1781865332,R_10,4835.115,-1,0.07300000000032014,BACKFILL_AUTO
2026-06-19 10:35:34,1781865334,R_10,4835.029,-1,0.08599999999933061,BACKFILL_AUTO
2026-06-19 10:35:36,1781865336,R_10,4834.866,-1,0.16300000000046566,BACKFILL_AUTO
2026-06-19 10:35:38,1781865338,R_10,4834.683,-1,0.18299999999999272,BACKFILL_AUTO
2026-06-19 10:35:40,1781865340,R_10,4834.839,1,0.15599999999994907,BACKFILL_AUTO
2026-06-19 10:35:42,1781865342,R_10,4834.75,-1,0.08899999999994179,BACKFILL_AUTO
2026-06-19 10:35:44,1781865344,R_10,4834.763,1,0.012999999999919964,BACKFILL_AUTO
2026-06-19 10:35:46,1781865346,R_10,4834.818,1,0.05500000000029104,BACKFILL_AUTO
2026-06-19 10:35:48,1781865348,R_10,4835.061,1,0.2429999999994834,BACKFILL_AUTO
2026-06-19 10:35:50,1781865350,R_10,4835.087,1,0.026000000000749424,BACKFILL_AUTO
2026-06-19 10:35:52,1781865352,R_10,4835.019,-1,0.068000000000211,BACKFILL_AUTO
2026-06-19 10:35:54,1781865354,R_10,4834.968,-1,0.051000000000385626,BACKFILL_AUTO
2026-06-19 10:35:56,1781865356,R_10,4834.913,-1,0.05500000000029104,BACKFILL_AUTO
2026-06-19 10:35:58,1781865358,R_10,4834.929,1,0.016000000000531145,BACKFILL_AUTO
2026-06-19 10:36:00,1781865360,R_10,4834.801,-1,0.12799999999970169,BACKFILL_AUTO
2026-06-19 10:36:02,1781865362,R_10,4834.863,1,0.06199999999989814,BACKFILL_AUTO
2026-06-19 10:36:04,1781865364,R_10,4834.985,1,0.12199999999938882,BACKFILL_AUTO
2026-06-19 10:36:06,1781865366,R_10,4834.934,-1,0.05099999999947613,BACKFILL_AUTO
2026-06-19 10:36:08,1781865368,R_10,4834.812,-1,0.12200000000029831,BACKFILL_AUTO
2026-06-19 10:36:10,1781865370,R_10,4834.769,-1,0.042999999999665306,BACKFILL_AUTO
2026-06-19 10:36:12,1781865372,R_10,4834.827,1,0.057999999999992724,BACKFILL_AUTO
2026-06-19 10:36:14,1781865374,R_10,4834.73,-1,0.09700000000066211,BACKFILL_AUTO
2026-06-19 10:36:16,1781865376,R_10,4834.677,-1,0.052999999999883585,BACKFILL_AUTO
2026-06-19 10:36:18,1781865378,R_10,4834.757,1,0.07999999999992724,BACKFILL_AUTO
2026-06-19 10:36:20,1781865380,R_10,4834.809,1,0.05200000000058935,BACKFILL_AUTO
2026-06-19 10:36:22,1781865382,R_10,4835.091,1,0.2820000000001528,BACKFILL_AUTO
2026-06-19 10:36:24,1781865384,R_10,4835.227,1,0.1359999999995125,BACKFILL_AUTO
2026-06-19 10:36:26,1781865386,R_10,4835.25,1,0.023000000000138243,BACKFILL_AUTO
2026-06-19 10:36:28,1781865388,R_10,4835.315,1,0.06499999999959982,BACKFILL_AUTO
2026-06-19 10:36:30,1781865390,R_10,4835.509,1,0.19400000000041473,BACKFILL_AUTO
2026-06-19 10:36:32,1781865392,R_10,4835.652,1,0.1430000000000291,BACKFILL_AUTO
2026-06-19 10:36:34,1781865394,R_10,4835.697,1,0.04500000000007276,BACKFILL_AUTO
2026-06-19 10:36:36,1781865396,R_10,4835.578,-1,0.11899999999968713,BACKFILL_AUTO
2026-06-19 10:36:38,1781865398,R_10,4835.832,1,0.2539999999999054,BACKFILL_AUTO
2026-06-19 10:36:40,1781865400,R_10,4835.969,1,0.13699999999971624,BACKFILL_AUTO
2026-06-19 10:36:42,1781865402,R_10,4835.85,-1,0.11899999999968713,BACKFILL_AUTO
2026-06-19 10:36:44,1781865404,R_10,4835.785,-1,0.06500000000050932,BACKFILL_AUTO
2026-06-19 10:36:46,1781865406,R_10,4835.693,-1,0.09199999999964348,BACKFILL_AUTO
2026-06-19 10:36:48,1781865408,R_10,4835.716,1,0.023000000000138243,BACKFILL_AUTO
2026-06-19 10:36:50,1781865410,R_10,4835.87,1,0.15399999999954161,BACKFILL_AUTO
2026-06-19 10:36:52,1781865412,R_10,4835.636,-1,0.23399999999946886,BACKFILL_AUTO
2026-06-19 10:36:54,1781865414,R_10,4835.637,1,0.0009999999992942321,BACKFILL_AUTO
2026-06-19 10:36:56,1781865416,R_10,4835.656,1,0.01900000000023283,BACKFILL_AUTO
2026-06-19 10:36:58,1781865418,R_10,4835.663,1,0.006999999999607098,BACKFILL_AUTO
2026-06-19 10:37:00,1781865420,R_10,4835.559,-1,0.10399999999935972,BACKFILL_AUTO
2026-06-19 10:37:02,1781865422,R_10,4835.555,-1,0.0039999999999054126,BACKFILL_AUTO
2026-06-19 10:37:04,1781865424,R_10,4835.472,-1,0.08300000000053842,BACKFILL_AUTO
2026-06-19 10:37:06,1781865426,R_10,4835.626,1,0.1540000000004511,BACKFILL_AUTO
2026-06-19 10:37:08,1781865428,R_10,4835.587,-1,0.03899999999975989,BACKFILL_AUTO
2026-06-19 10:37:10,1781865430,R_10,4835.628,1,0.04099999999925785,BACKFILL_AUTO
2026-06-19 10:37:12,1781865432,R_10,4835.802,1,0.17399999999997817,BACKFILL_AUTO
2026-06-19 10:37:14,1781865434,R_10,4835.856,1,0.05400000000008731,BACKFILL_AUTO
2026-06-19 10:37:16,1781865436,R_10,4835.804,-1,0.05199999999967986,BACKFILL_AUTO
2026-06-19 10:37:18,1781865438,R_10,4835.792,-1,0.011999999999716238,BACKFILL_AUTO
2026-06-19 10:37:20,1781865440,R_10,4835.671,-1,0.12100000000009459,BACKFILL_AUTO
2026-06-19 10:37:22,1781865442,R_10,4835.58,-1,0.09100000000034925,BACKFILL_AUTO
2026-06-19 10:37:24,1781865444,R_10,4835.595,1,0.015000000000327418,BACKFILL_AUTO
2026-06-19 10:37:26,1781865446,R_10,4835.554,-1,0.04100000000016735,BACKFILL_AUTO
2026-06-19 10:37:28,1781865448,R_10,4835.692,1,0.13799999999991996,BACKFILL_AUTO
2026-06-19 10:37:30,1781865450,R_10,4835.946,1,0.2539999999999054,BACKFILL_AUTO
2026-06-19 10:37:32,1781865452,R_10,4836.143,1,0.19700000000011642,BACKFILL_AUTO
2026-06-19 10:37:34,1781865454,R_10,4836.157,1,0.014000000000123691,BACKFILL_AUTO
2026-06-19 10:37:36,1781865456,R_10,4836.239,1,0.0819999999994252,BACKFILL_AUTO
2026-06-19 10:37:38,1781865458,R_10,4836.362,1,0.12300000000050204,BACKFILL_AUTO
2026-06-19 10:37:40,1781865460,R_10,4836.351,-1,0.011000000000422006,BACKFILL_AUTO
2026-06-19 10:37:42,1781865462,R_10,4836.506,1,0.15500000000065484,BACKFILL_AUTO
2026-06-19 10:37:44,1781865464,R_10,4836.323,-1,0.18299999999999272,BACKFILL_AUTO
2026-06-19 10:37:46,1781865466,R_10,4836.305,-1,0.018000000000029104,BACKFILL_AUTO
2026-06-19 10:37:48,1781865468,R_10,4836.335,1,0.02999999999974534,BACKFILL_AUTO
2026-06-19 10:37:50,1781865470,R_10,4836.411,1,0.07600000000002183,BACKFILL_AUTO
2026-06-19 10:37:52,1781865472,R_10,4836.453,1,0.042000000000371074,BACKFILL_AUTO
2026-06-19 10:37:54,1781865474,R_10,4836.283,-1,0.17000000000007276,BACKFILL_AUTO
2026-06-19 10:37:56,1781865476,R_10,4836.374,1,0.09099999999943975,BACKFILL_AUTO
2026-06-19 10:37:58,1781865478,R_10,4836.433,1,0.05900000000019645,BACKFILL_AUTO
2026-06-19 10:38:00,1781865480,R_10,4836.38,-1,0.052999999999883585,BACKFILL_AUTO
2026-06-19 10:38:02,1781865482,R_10,4836.36,-1,0.020000000000436557,BACKFILL_AUTO
2026-06-19 10:38:04,1781865484,R_10,4836.465,1,0.10500000000047294,BACKFILL_AUTO
2026-06-19 10:38:06,1781865486,R_10,4836.319,-1,0.1459999999997308,BACKFILL_AUTO
2026-06-19 10:38:08,1781865488,R_10,4836.371,1,0.05199999999967986,BACKFILL_AUTO
2026-06-19 10:38:10,1781865490,R_10,4836.356,-1,0.015000000000327418,BACKFILL_AUTO
2026-06-19 10:38:12,1781865492,R_10,4836.495,1,0.1390000000001237,BACKFILL_AUTO
2026-06-19 10:38:14,1781865494,R_10,4836.526,1,0.03099999999994907,BACKFILL_AUTO
2026-06-19 10:38:16,1781865496,R_10,4836.567,1,0.04100000000016735,BACKFILL_AUTO
2026-06-19 10:38:18,1781865498,R_10,4836.56,-1,0.006999999999607098,BACKFILL_AUTO
2026-06-19 10:38:20,1781865500,R_10,4836.61,1,0.049999999999272404,BACKFILL_AUTO
2026-06-19 10:38:22,1781865502,R_10,4836.622,1,0.012000000000625732,BACKFILL_AUTO
2026-06-19 10:38:24,1781865504,R_10,4836.672,1,0.049999999999272404,BACKFILL_AUTO
2026-06-19 10:38:26,1781865506,R_10,4836.726,1,0.05400000000008731,BACKFILL_AUTO
2026-06-19 10:38:28,1781865508,R_10,4836.769,1,0.0430000000005748,BACKFILL_AUTO
2026-06-19 10:38:30,1781865510,R_10,4836.876,1,0.1069999999999709,BACKFILL_AUTO
2026-06-19 10:38:32,1781865512,R_10,4836.775,-1,0.10100000000056752,BACKFILL_AUTO
2026-06-19 10:38:34,1781865514,R_10,4836.746,-1,0.028999999999541615,BACKFILL_AUTO
2026-06-19 10:38:36,1781865516,R_10,4836.846,1,0.0999999999994543,BACKFILL_AUTO
2026-06-19 10:38:38,1781865518,R_10,4836.751,-1,0.09499999999934516,BACKFILL_AUTO
2026-06-19 10:38:40,1781865520,R_10,4836.77,1,0.01900000000023283,BACKFILL_AUTO
2026-06-19 10:38:42,1781865522,R_10,4836.787,1,0.016999999999825377,BACKFILL_AUTO
2026-06-19 10:38:44,1781865524,R_10,4836.768,-1,0.01900000000023283,BACKFILL_AUTO
2026-06-19 10:38:46,1781865526,R_10,4836.651,-1,0.11700000000018917,BACKFILL_AUTO
2026-06-19 10:38:48,1781865528,R_10,4836.547,-1,0.10400000000026921,BACKFILL_AUTO
2026-06-19 10:38:50,1781865530,R_10,4836.736,1,0.1890000000003056,BACKFILL_AUTO
2026-06-19 10:38:52,1781865532,R_10,4836.74,1,0.0039999999999054126,BACKFILL_AUTO
2026-06-19 10:38:54,1781865534,R_10,4837.016,1,0.27599999999983993,BACKFILL_AUTO
2026-06-19 10:38:56,1781865536,R_10,4837.136,1,0.12000000000080036,BACKFILL_AUTO
2026-06-19 10:38:58,1781865538,R_10,4836.976,-1,0.16000000000076398,BACKFILL_AUTO
2026-06-19 10:39:00,1781865540,R_10,4837.312,1,0.3360000000002401,BACKFILL_AUTO
2026-06-19 10:39:02,1781865542,R_10,4837.337,1,0.025000000000545697,BACKFILL_AUTO
2026-06-19 10:39:04,1781865544,R_10,4837.176,-1,0.1610000000000582,BACKFILL_AUTO
2026-06-19 10:39:06,1781865546,R_10,4837.212,1,0.03600000000005821,BACKFILL_AUTO
2026-06-19 10:39:08,1781865548,R_10,4837.172,-1,0.040000000000873115,BACKFILL_AUTO
2026-06-19 10:39:10,1781865550,R_10,4837.149,-1,0.02299999999922875,BACKFILL_AUTO
2026-06-19 10:39:12,1781865552,R_10,4837.088,-1,0.061000000000603904,BACKFILL_AUTO
2026-06-19 10:39:14,1781865554,R_10,4837.128,1,0.03999999999996362,BACKFILL_AUTO
2026-06-19 10:39:16,1781865556,R_10,4837.364,1,0.2359999999998763,BACKFILL_AUTO
2026-06-19 10:39:18,1781865558,R_10,4837.195,-1,0.16899999999986903,BACKFILL_AUTO
2026-06-19 10:39:20,1781865560,R_10,4837.318,1,0.12300000000050204,BACKFILL_AUTO
2026-06-19 10:39:22,1781865562,R_10,4837.1,-1,0.2179999999998472,BACKFILL_AUTO
2026-06-19 10:39:24,1781865564,R_10,4837.159,1,0.058999999999286956,BACKFILL_AUTO
2026-06-19 10:39:26,1781865566,R_10,4837.192,1,0.03300000000035652,BACKFILL_AUTO
2026-06-19 10:39:28,1781865568,R_10,4837.133,-1,0.05900000000019645,BACKFILL_AUTO
2026-06-19 10:39:30,1781865570,R_10,4837.285,1,0.15200000000004366,BACKFILL_AUTO
2026-06-19 10:39:32,1781865572,R_10,4837.333,1,0.047999999999774445,BACKFILL_AUTO
2026-06-19 10:39:34,1781865574,R_10,4837.321,-1,0.011999999999716238,BACKFILL_AUTO
2026-06-19 10:39:36,1781865576,R_10,4837.441,1,0.11999999999989086,BACKFILL_AUTO
2026-06-19 10:39:38,1781865578,R_10,4837.351,-1,0.09000000000014552,BACKFILL_AUTO
2026-06-19 10:39:40,1781865580,R_10,4837.289,-1,0.06199999999989814,BACKFILL_AUTO
2026-06-19 10:39:42,1781865582,R_10,4837.187,-1,0.10199999999986176,BACKFILL_AUTO
2026-06-19 10:39:44,1781865584,R_10,4837.256,1,0.06900000000041473,BACKFILL_AUTO
2026-06-19 10:39:46,1781865586,R_10,4837.237,-1,0.01900000000023283,BACKFILL_AUTO
2026-06-19 10:39:48,1781865588,R_10,4837.363,1,0.12600000000020373,BACKFILL_AUTO
2026-06-19 10:39:50,1781865590,R_10,4837.526,1,0.16299999999955617,BACKFILL_AUTO
2026-06-19 10:39:52,1781865592,R_10,4837.623,1,0.09699999999975262,BACKFILL_AUTO
2026-06-19 10:39:54,1781865594,R_10,4837.589,-1,0.033999999999650754,BACKFILL_AUTO
2026-06-19 10:39:56,1781865596,R_10,4837.71,1,0.12100000000009459,BACKFILL_AUTO
2026-06-19 10:39:58,1781865598,R_10,4837.919,1,0.20899999999983265,BACKFILL_AUTO
2026-06-19 10:40:00,1781865600,R_10,4837.795,-1,0.12399999999979627,BACKFILL_AUTO
2026-06-19 10:40:02,1781865602,R_10,4837.845,1,0.0500000000001819,BACKFILL_AUTO
2026-06-19 10:40:04,1781865604,R_10,4838.038,1,0.1929999999993015,BACKFILL_AUTO
2026-06-19 10:40:06,1781865606,R_10,4838.124,1,0.0860000000002401,BACKFILL_AUTO
2026-06-19 10:40:08,1781865608,R_10,4838.206,1,0.0820000000003347,BACKFILL_AUTO
2026-06-19 10:40:10,1781865610,R_10,4838.101,-1,0.10500000000047294,BACKFILL_AUTO
2026-06-19 10:40:12,1781865612,R_10,4838.248,1,0.14699999999993452,BACKFILL_AUTO
2026-06-19 10:40:14,1781865614,R_10,4838.142,-1,0.10599999999976717,BACKFILL_AUTO
2026-06-19 10:40:16,1781865616,R_10,4838.37,1,0.22800000000006548,BACKFILL_AUTO
2026-06-19 10:40:18,1781865618,R_10,4838.397,1,0.027000000000043656,BACKFILL_AUTO
2026-06-19 10:40:20,1781865620,R_10,4838.364,-1,0.03300000000035652,BACKFILL_AUTO
2026-06-19 10:40:22,1781865622,R_10,4838.379,1,0.015000000000327418,BACKFILL_AUTO
2026-06-19 10:40:24,1781865624,R_10,4838.453,1,0.07400000000052387,BACKFILL_AUTO
2026-06-19 10:40:26,1781865626,R_10,4838.577,1,0.12399999999979627,BACKFILL_AUTO
2026-06-19 10:40:28,1781865628,R_10,4838.578,1,0.0010000000002037268,BACKFILL_AUTO
2026-06-19 10:40:30,1781865630,R_10,4838.603,1,0.024999999999636202,BACKFILL_AUTO
2026-06-19 10:40:32,1781865632,R_10,4838.774,1,0.1710000000002765,BACKFILL_AUTO
2026-06-19 10:40:34,1781865634,R_10,4838.626,-1,0.14800000000013824,BACKFILL_AUTO
2026-06-19 10:40:36,1781865636,R_10,4838.458,-1,0.1680000000005748,BACKFILL_AUTO
2026-06-19 10:40:38,1781865638,R_10,4838.327,-1,0.13099999999940337,BACKFILL_AUTO
2026-06-19 10:40:40,1781865640,R_10,4838.592,1,0.2649999999994179,BACKFILL_AUTO
2026-06-19 10:40:42,1781865642,R_10,4838.762,1,0.17000000000007276,BACKFILL_AUTO
2026-06-19 10:40:44,1781865644,R_10,4838.795,1,0.03300000000035652,BACKFILL_AUTO
2026-06-19 10:40:46,1781865646,R_10,4838.86,1,0.06499999999959982,BACKFILL_AUTO
2026-06-19 10:40:48,1781865648,R_10,4838.861,1,0.0010000000002037268,BACKFILL_AUTO
2026-06-19 10:40:50,1781865650,R_10,4838.757,-1,0.10400000000026921,BACKFILL_AUTO
2026-06-19 10:40:52,1781865652,R_10,4838.984,1,0.22700000000077125,BACKFILL_AUTO
2026-06-19 10:40:54,1781865654,R_10,4838.959,-1,0.025000000000545697,BACKFILL_AUTO
2026-06-19 10:40:56,1781865656,R_10,4839.033,1,0.07400000000052387,BACKFILL_AUTO
2026-06-19 10:40:58,1781865658,R_10,4839.007,-1,0.026000000000749424,BACKFILL_AUTO
2026-06-19 10:41:00,1781865660,R_10,4838.978,-1,0.028999999999541615,BACKFILL_AUTO
2026-06-19 10:41:02,1781865662,R_10,4838.954,-1,0.02400000000034197,BACKFILL_AUTO
2026-06-19 10:41:04,1781865664,R_10,4838.873,-1,0.08100000000013097,BACKFILL_AUTO
2026-06-19 10:41:06,1781865666,R_10,4839.176,1,0.3030000000007931,BACKFILL_AUTO
2026-06-19 10:41:08,1781865668,R_10,4839.081,-1,0.09500000000025466,BACKFILL_AUTO
2026-06-19 10:41:10,1781865670,R_10,4839.026,-1,0.05500000000029104,BACKFILL_AUTO
2026-06-19 10:41:12,1781865672,R_10,4839.09,1,0.06400000000030559,BACKFILL_AUTO
2026-06-19 10:41:14,1781865674,R_10,4838.911,-1,0.1790000000000873,BACKFILL_AUTO
2026-06-19 10:41:16,1781865676,R_10,4839.042,1,0.13100000000031287,BACKFILL_AUTO
2026-06-19 10:41:18,1781865678,R_10,4838.812,-1,0.23000000000047294,BACKFILL_AUTO
2026-06-19 10:41:20,1781865680,R_10,4838.837,1,0.025000000000545697,BACKFILL_AUTO
2026-06-19 10:41:22,1781865682,R_10,4838.84,1,0.0029999999997016857,BACKFILL_AUTO
2026-06-19 10:41:24,1781865684,R_10,4838.881,1,0.04100000000016735,BACKFILL_AUTO
2026-06-19 10:41:26,1781865686,R_10,4838.981,1,0.0999999999994543,BACKFILL_AUTO
2026-06-19 10:41:28,1781865688,R_10,4839.015,1,0.03400000000056025,BACKFILL_AUTO
2026-06-19 10:41:30,1781865690,R_10,4839.037,1,0.021999999999934516,BACKFILL_AUTO
2026-06-19 10:41:32,1781865692,R_10,4839.055,1,0.018000000000029104,BACKFILL_AUTO
2026-06-19 10:41:34,1781865694,R_10,4838.996,-1,0.05900000000019645,BACKFILL_AUTO
2026-06-19 10:41:36,1781865696,R_10,4838.997,1,0.0010000000002037268,BACKFILL_AUTO
2026-06-19 10:41:38,1781865698,R_10,4839.137,1,0.13999999999941792,BACKFILL_AUTO
2026-06-19 10:41:40,1781865700,R_10,4839.134,-1,0.0029999999997016857,BACKFILL_AUTO
2026-06-19 10:41:42,1781865702,R_10,4839.21,1,0.07600000000002183,BACKFILL_AUTO
2026-06-19 10:41:44,1781865704,R_10,4839.198,-1,0.011999999999716238,BACKFILL_AUTO
2026-06-19 10:41:46,1781865706,R_10,4839.231,1,0.03299999999944703,BACKFILL_AUTO
2026-06-19 10:41:48,1781865708,R_10,4839.312,1,0.08100000000013097,BACKFILL_AUTO
2026-06-19 10:41:50,1781865710,R_10,4839.164,-1,0.14800000000013824,BACKFILL_AUTO
2026-06-19 10:41:52,1781865712,R_10,4839.355,1,0.19099999999980355,BACKFILL_AUTO
2026-06-19 10:41:54,1781865714,R_10,4839.321,-1,0.033999999999650754,BACKFILL_AUTO
2026-06-19 10:41:56,1781865716,R_10,4839.299,-1,0.021999999999934516,BACKFILL_AUTO
2026-06-19 10:41:58,1781865718,R_10,4839.279,-1,0.019999999999527063,BACKFILL_AUTO
2026-06-19 10:42:00,1781865720,R_10,4839.168,-1,0.1110000000007858,BACKFILL_AUTO
2026-06-19 10:42:02,1781865722,R_10,4839.144,-1,0.023999999999432475,BACKFILL_AUTO
2026-06-19 10:42:04,1781865724,R_10,4839.341,1,0.19700000000011642,BACKFILL_AUTO
2026-06-19 10:42:06,1781865726,R_10,4839.363,1,0.021999999999934516,BACKFILL_AUTO
2026-06-19 10:42:08,1781865728,R_10,4839.42,1,0.056999999999789,BACKFILL_AUTO
2026-06-19 10:42:10,1781865730,R_10,4839.46,1,0.03999999999996362,BACKFILL_AUTO
2026-06-19 10:42:12,1781865732,R_10,4839.288,-1,0.1720000000004802,BACKFILL_AUTO
2026-06-19 10:42:14,1781865734,R_10,4839.347,1,0.05900000000019645,BACKFILL_AUTO
2026-06-19 10:42:16,1781865736,R_10,4839.328,-1,0.018999999999323336,BACKFILL_AUTO
2026-06-19 10:42:18,1781865738,R_10,4839.251,-1,0.07700000000022555,BACKFILL_AUTO
2026-06-19 10:42:20,1781865740,R_10,4839.37,1,0.11899999999968713,BACKFILL_AUTO
2026-06-19 10:42:22,1781865742,R_10,4839.244,-1,0.12600000000020373,BACKFILL_AUTO
2026-06-19 10:42:24,1781865744,R_10,4839.191,-1,0.052999999999883585,BACKFILL_AUTO
2026-06-19 10:42:26,1781865746,R_10,4839.244,1,0.052999999999883585,BACKFILL_AUTO
2026-06-19 10:42:28,1781865748,R_10,4839.363,1,0.11900000000059663,BACKFILL_AUTO
2026-06-19 10:42:30,1781865750,R_10,4839.338,-1,0.025000000000545697,BACKFILL_AUTO
2026-06-19 10:42:32,1781865752,R_10,4839.276,-1,0.06199999999989814,BACKFILL_AUTO
2026-06-19 10:42:34,1781865754,R_10,4839.113,-1,0.16299999999955617,BACKFILL_AUTO
2026-06-19 10:42:36,1781865756,R_10,4839.297,1,0.18399999999928696,BACKFILL_AUTO
2026-06-19 10:42:38,1781865758,R_10,4839.382,1,0.08500000000003638,BACKFILL_AUTO
2026-06-19 10:42:40,1781865760,R_10,4839.321,-1,0.06099999999969441,BACKFILL_AUTO
2026-06-19 10:42:42,1781865762,R_10,4839.412,1,0.09100000000034925,BACKFILL_AUTO
2026-06-19 10:42:44,1781865764,R_10,4839.102,-1,0.3100000000004002,BACKFILL_AUTO
2026-06-19 10:42:46,1781865766,R_10,4839.265,1,0.16300000000046566,BACKFILL_AUTO
2026-06-19 10:42:48,1781865768,R_10,4839.33,1,0.06499999999959982,BACKFILL_AUTO
2026-06-19 10:42:50,1781865770,R_10,4839.395,1,0.06500000000050932,BACKFILL_AUTO
2026-06-19 10:42:52,1781865772,R_10,4839.5,1,0.10499999999956344,BACKFILL_AUTO
2026-06-19 10:42:54,1781865774,R_10,4839.697,1,0.19700000000011642,BACKFILL_AUTO
2026-06-19 10:42:56,1781865776,R_10,4839.687,-1,0.010000000000218279,BACKFILL_AUTO
2026-06-19 10:42:58,1781865778,R_10,4839.757,1,0.06999999999970896,BACKFILL_AUTO
2026-06-19 10:43:00,1781865780,R_10,4839.625,-1,0.1319999999996071,BACKFILL_AUTO
2026-06-19 10:43:02,1781865782,R_10,4839.606,-1,0.01900000000023283,BACKFILL_AUTO
2026-06-19 10:43:04,1781865784,R_10,4839.645,1,0.03900000000066939,BACKFILL_AUTO
2026-06-19 10:43:06,1781865786,R_10,4839.75,1,0.10499999999956344,BACKFILL_AUTO
2026-06-19 10:43:08,1781865788,R_10,4839.736,-1,0.014000000000123691,BACKFILL_AUTO
2026-06-19 10:43:10,1781865790,R_10,4839.817,1,0.08100000000013097,BACKFILL_AUTO
2026-06-19 10:43:12,1781865792,R_10,4839.839,1,0.021999999999934516,BACKFILL_AUTO
2026-06-19 10:43:14,1781865794,R_10,4839.924,1,0.08500000000003638,BACKFILL_AUTO
2026-06-19 10:43:16,1781865796,R_10,4839.814,-1,0.10999999999967258,BACKFILL_AUTO
2026-06-19 10:43:18,1781865798,R_10,4839.829,1,0.014999999999417923,BACKFILL_AUTO
2026-06-19 10:43:20,1781865800,R_10,4839.905,1,0.07600000000002183,BACKFILL_AUTO
2026-06-19 10:43:22,1781865802,R_10,4839.754,-1,0.15099999999983993,BACKFILL_AUTO
2026-06-19 10:43:24,1781865804,R_10,4839.987,1,0.23300000000017462,BACKFILL_AUTO
2026-06-19 10:43:26,1781865806,R_10,4840.212,1,0.2250000000003638,BACKFILL_AUTO
2026-06-19 10:43:28,1781865808,R_10,4840.086,-1,0.12600000000020373,BACKFILL_AUTO
2026-06-19 10:43:30,1781865810,R_10,4840.052,-1,0.03400000000056025,BACKFILL_AUTO
2026-06-19 10:43:32,1781865812,R_10,4840.139,1,0.08700000000044383,BACKFILL_AUTO
2026-06-19 10:43:34,1781865814,R_10,4840.075,-1,0.06400000000030559,BACKFILL_AUTO
2026-06-19 10:43:36,1781865816,R_10,4840.075,0,0.0,BACKFILL_AUTO
2026-06-19 10:43:38,1781865818,R_10,4839.944,-1,0.13099999999940337,BACKFILL_AUTO
2026-06-19 10:43:40,1781865820,R_10,4839.784,-1,0.16000000000076398,BACKFILL_AUTO
2026-06-19 10:43:42,1781865822,R_10,4839.705,-1,0.07899999999972351,BACKFILL_AUTO
2026-06-19 10:43:44,1781865824,R_10,4839.864,1,0.15899999999965075,BACKFILL_AUTO
2026-06-19 10:43:46,1781865826,R_10,4839.978,1,0.11400000000048749,BACKFILL_AUTO
2026-06-19 10:43:48,1781865828,R_10,4839.616,-1,0.36200000000008004,BACKFILL_AUTO
2026-06-19 10:43:50,1781865830,R_10,4839.454,-1,0.16200000000026193,BACKFILL_AUTO
2026-06-19 10:43:52,1781865832,R_10,4839.272,-1,0.181999999999789,BACKFILL_AUTO
2026-06-19 10:43:54,1781865834,R_10,4839.501,1,0.2290000000002692,BACKFILL_AUTO
2026-06-19 10:43:56,1781865836,R_10,4839.521,1,0.019999999999527063,BACKFILL_AUTO
2026-06-19 10:43:58,1781865838,R_10,4839.418,-1,0.10300000000006548,BACKFILL_AUTO
2026-06-19 10:44:00,1781865840,R_10,4839.396,-1,0.021999999999934516,BACKFILL_AUTO
2026-06-19 10:44:02,1781865842,R_10,4839.643,1,0.24700000000029831,BACKFILL_AUTO
2026-06-19 10:44:04,1781865844,R_10,4839.588,-1,0.05500000000029104,BACKFILL_AUTO
2026-06-19 10:44:06,1781865846,R_10,4839.552,-1,0.03600000000005821,BACKFILL_AUTO
2026-06-19 10:44:08,1781865848,R_10,4839.75,1,0.19800000000032014,BACKFILL_AUTO
2026-06-19 10:44:10,1781865850,R_10,4839.544,-1,0.20600000000013097,BACKFILL_AUTO
2026-06-19 10:44:12,1781865852,R_10,4839.545,1,0.0010000000002037268,BACKFILL_AUTO
2026-06-19 10:44:14,1781865854,R_10,4839.488,-1,0.056999999999789,BACKFILL_AUTO
2026-06-19 10:44:16,1781865856,R_10,4839.769,1,0.28099999999994907,BACKFILL_AUTO
2026-06-19 10:44:18,1781865858,R_10,4839.796,1,0.027000000000043656,BACKFILL_AUTO
2026-06-19 10:44:20,1781865860,R_10,4839.993,1,0.19700000000011642,BACKFILL_AUTO
2026-06-19 10:44:22,1781865862,R_10,4839.888,-1,0.10500000000047294,BACKFILL_AUTO
2026-06-19 10:44:24,1781865864,R_10,4840.17,1,0.2820000000001528,BACKFILL_AUTO
2026-06-19 10:44:26,1781865866,R_10,4840.198,1,0.028000000000247383,BACKFILL_AUTO
2026-06-19 10:44:28,1781865868,R_10,4840.333,1,0.13499999999930878,BACKFILL_AUTO
2026-06-19 10:44:30,1781865870,R_10,4840.187,-1,0.1459999999997308,BACKFILL_AUTO
2026-06-19 10:44:32,1781865872,R_10,4840.035,-1,0.15200000000004366,BACKFILL_AUTO
2026-06-19 10:44:34,1781865874,R_10,4840.144,1,0.10900000000037835,BACKFILL_AUTO
2026-06-19 10:44:36,1781865876,R_10,4840.168,1,0.023999999999432475,BACKFILL_AUTO
2026-06-19 10:44:38,1781865878,R_10,4840.19,1,0.021999999999934516,BACKFILL_AUTO
2026-06-19 10:44:40,1781865880,R_10,4840.166,-1,0.023999999999432475,BACKFILL_AUTO
2026-06-19 10:44:42,1781865882,R_10,4840.176,1,0.010000000000218279,BACKFILL_AUTO
2026-06-19 10:44:44,1781865884,R_10,4840.212,1,0.03600000000005821,BACKFILL_AUTO
2026-06-19 10:44:46,1781865886,R_10,4840.318,1,0.10599999999976717,BACKFILL_AUTO
2026-06-19 10:44:48,1781865888,R_10,4840.405,1,0.08699999999953434,BACKFILL_AUTO
2026-06-19 10:44:50,1781865890,R_10,4840.35,-1,0.054999999999381544,BACKFILL_AUTO
2026-06-19 10:44:52,1781865892,R_10,4840.443,1,0.0929999999998472,BACKFILL_AUTO
2026-06-19 10:44:54,1781865894,R_10,4840.461,1,0.018000000000029104,BACKFILL_AUTO
2026-06-19 10:44:56,1781865896,R_10,4840.543,1,0.0819999999994252,BACKFILL_AUTO
2026-06-19 10:44:58,1781865898,R_10,4840.234,-1,0.30899999999928696,BACKFILL_AUTO
2026-06-19 10:45:00,1781865900,R_10,4840.069,-1,0.16499999999996362,BACKFILL_AUTO
2026-06-19 10:45:02,1781865902,R_10,4840.219,1,0.1499999999996362,BACKFILL_AUTO
2026-06-19 10:45:04,1781865904,R_10,4840.228,1,0.009000000000014552,BACKFILL_AUTO
2026-06-19 10:45:06,1781865906,R_10,4840.376,1,0.14800000000013824,BACKFILL_AUTO
2026-06-19 10:45:08,1781865908,R_10,4840.57,1,0.19399999999950523,BACKFILL_AUTO
2026-06-19 10:45:10,1781865910,R_10,4840.559,-1,0.01099999999951251,BACKFILL_AUTO
2026-06-19 10:45:12,1781865912,R_10,4840.596,1,0.03699999999935244,BACKFILL_AUTO
2026-06-19 10:45:14,1781865914,R_10,4840.609,1,0.01300000000082946,BACKFILL_AUTO
2026-06-19 10:45:16,1781865916,R_10,4840.422,-1,0.18700000000080763,BACKFILL_AUTO
2026-06-19 10:45:18,1781865918,R_10,4840.371,-1,0.05099999999947613,BACKFILL_AUTO
2026-06-19 10:45:20,1781865920,R_10,4840.357,-1,0.014000000000123691,BACKFILL_AUTO
2026-06-19 10:45:22,1781865922,R_10,4840.359,1,0.0020000000004074536,BACKFILL_AUTO
2026-06-19 10:45:24,1781865924,R_10,4840.159,-1,0.2000000000007276,BACKFILL_AUTO
2026-06-19 10:45:26,1781865926,R_10,4839.954,-1,0.20499999999992724,BACKFILL_AUTO
2026-06-19 10:45:28,1781865928,R_10,4840.037,1,0.08300000000053842,BACKFILL_AUTO
2026-06-19 10:45:30,1781865930,R_10,4840.039,1,0.001999999999497959,BACKFILL_AUTO
2026-06-19 10:45:32,1781865932,R_10,4840.115,1,0.07600000000002183,BACKFILL_AUTO
2026-06-19 10:45:34,1781865934,R_10,4840.096,-1,0.01900000000023283,BACKFILL_AUTO
2026-06-19 10:45:36,1781865936,R_10,4840.165,1,0.06900000000041473,BACKFILL_AUTO
2026-06-19 10:45:38,1781865938,R_10,4840.163,-1,0.0020000000004074536,BACKFILL_AUTO
2026-06-19 10:45:40,1781865940,R_10,4840.296,1,0.13300000000072032,BACKFILL_AUTO
2026-06-19 10:45:42,1781865942,R_10,4840.042,-1,0.2539999999999054,BACKFILL_AUTO
2026-06-19 10:45:44,1781865944,R_10,4840.1,1,0.057999999999992724,BACKFILL_AUTO
2026-06-19 10:45:46,1781865946,R_10,4840.101,1,0.0009999999992942321,BACKFILL_AUTO
2026-06-19 10:45:48,1781865948,R_10,4840.142,1,0.04100000000016735,BACKFILL_AUTO
2026-06-19 10:45:50,1781865950,R_10,4840.04,-1,0.10199999999986176,BACKFILL_AUTO
2026-06-19 10:45:52,1781865952,R_10,4840.131,1,0.09100000000034925,BACKFILL_AUTO
2026-06-19 10:45:54,1781865954,R_10,4840.128,-1,0.0030000000006111804,BACKFILL_AUTO
2026-06-19 10:45:56,1781865956,R_10,4839.943,-1,0.18499999999949068,BACKFILL_AUTO
2026-06-19 10:45:58,1781865958,R_10,4840.186,1,0.2429999999994834,BACKFILL_AUTO
2026-06-19 10:46:00,1781865960,R_10,4840.342,1,0.15599999999994907,BACKFILL_AUTO
2026-06-19 10:46:02,1781865962,R_10,4840.452,1,0.11000000000058208,BACKFILL_AUTO
2026-06-19 10:46:04,1781865964,R_10,4840.352,-1,0.1000000000003638,BACKFILL_AUTO
2026-06-19 10:46:06,1781865966,R_10,4840.337,-1,0.014999999999417923,BACKFILL_AUTO
2026-06-19 10:46:08,1781865968,R_10,4840.365,1,0.027999999999337888,BACKFILL_AUTO
2026-06-19 10:46:10,1781865970,R_10,4840.493,1,0.12800000000061118,BACKFILL_AUTO
2026-06-19 10:46:12,1781865972,R_10,4840.363,-1,0.13000000000010914,BACKFILL_AUTO
2026-06-19 10:46:14,1781865974,R_10,4840.417,1,0.05400000000008731,BACKFILL_AUTO
2026-06-19 10:46:16,1781865976,R_10,4840.482,1,0.06499999999959982,BACKFILL_AUTO
2026-06-19 10:46:18,1781865978,R_10,4840.193,-1,0.2889999999997599,BACKFILL_AUTO
2026-06-19 10:46:20,1781865980,R_10,4840.269,1,0.07600000000002183,BACKFILL_AUTO
2026-06-19 10:46:22,1781865982,R_10,4840.214,-1,0.05500000000029104,BACKFILL_AUTO
2026-06-19 10:46:24,1781865984,R_10,4840.135,-1,0.07899999999972351,BACKFILL_AUTO
2026-06-19 10:46:26,1781865986,R_10,4840.077,-1,0.057999999999992724,BACKFILL_AUTO
2026-06-19 10:46:28,1781865988,R_10,4839.886,-1,0.19099999999980355,BACKFILL_AUTO
2026-06-19 10:46:30,1781865990,R_10,4839.796,-1,0.09000000000014552,BACKFILL_AUTO
2026-06-19 10:46:32,1781865992,R_10,4839.807,1,0.01099999999951251,BACKFILL_AUTO
2026-06-19 10:46:34,1781865994,R_10,4839.901,1,0.09400000000005093,BACKFILL_AUTO
2026-06-19 10:46:36,1781865996,R_10,4839.933,1,0.032000000000152795,BACKFILL_AUTO
2026-06-19 10:46:38,1781865998,R_10,4839.801,-1,0.1319999999996071,BACKFILL_AUTO
2026-06-19 10:46:40,1781866000,R_10,4839.648,-1,0.15300000000024738,BACKFILL_AUTO
2026-06-19 10:46:42,1781866002,R_10,4839.948,1,0.3000000000001819,BACKFILL_AUTO
2026-06-19 10:46:44,1781866004,R_10,4840.155,1,0.2069999999994252,BACKFILL_AUTO
2026-06-19 10:46:46,1781866006,R_10,4840.234,1,0.07900000000063301,BACKFILL_AUTO
2026-06-19 10:46:48,1781866008,R_10,4840.351,1,0.11699999999927968,BACKFILL_AUTO
2026-06-19 10:46:50,1781866010,R_10,4840.247,-1,0.10399999999935972,BACKFILL_AUTO
2026-06-19 10:46:52,1781866012,R_10,4840.253,1,0.0059999999994033715,BACKFILL_AUTO
2026-06-19 10:46:54,1781866014,R_10,4840.324,1,0.07099999999991269,BACKFILL_AUTO
2026-06-19 10:46:56,1781866016,R_10,4840.274,-1,0.049999999999272404,BACKFILL_AUTO
2026-06-19 10:46:58,1781866018,R_10,4840.217,-1,0.05700000000069849,BACKFILL_AUTO
2026-06-19 10:47:00,1781866020,R_10,4839.94,-1,0.27700000000004366,BACKFILL_AUTO
2026-06-19 10:47:02,1781866022,R_10,4840.046,1,0.10600000000067666,BACKFILL_AUTO
2026-06-19 10:47:04,1781866024,R_10,4840.061,1,0.014999999999417923,BACKFILL_AUTO
2026-06-19 10:47:06,1781866026,R_10,4839.915,-1,0.1459999999997308,BACKFILL_AUTO
2026-06-19 10:47:08,1781866028,R_10,4839.985,1,0.06999999999970896,BACKFILL_AUTO
2026-06-19 10:47:10,1781866030,R_10,4840.081,1,0.09600000000045839,BACKFILL_AUTO
2026-06-19 10:47:12,1781866032,R_10,4840.21,1,0.1289999999999054,BACKFILL_AUTO
2026-06-19 10:47:14,1781866034,R_10,4840.456,1,0.2460000000000946,BACKFILL_AUTO
2026-06-19 10:47:16,1781866036,R_10,4840.461,1,0.005000000000109139,BACKFILL_AUTO
2026-06-19 10:47:18,1781866038,R_10,4840.452,-1,0.009000000000014552,BACKFILL_AUTO
2026-06-19 10:47:20,1781866040,R_10,4840.337,-1,0.11499999999978172,BACKFILL_AUTO
2026-06-19 10:47:22,1781866042,R_10,4840.11,-1,0.22700000000077125,BACKFILL_AUTO
2026-06-19 10:47:24,1781866044,R_10,4840.129,1,0.01900000000023283,BACKFILL_AUTO
2026-06-19 10:47:26,1781866046,R_10,4840.121,-1,0.007999999999810825,BACKFILL_AUTO
2026-06-19 10:47:28,1781866048,R_10,4840.104,-1,0.016999999999825377,BACKFILL_AUTO
2026-06-19 10:47:30,1781866050,R_10,4839.973,-1,0.13100000000031287,BACKFILL_AUTO
2026-06-19 10:47:32,1781866052,R_10,4839.979,1,0.006000000000312866,BACKFILL_AUTO
2026-06-19 10:47:34,1781866054,R_10,4840.01,1,0.03099999999994907,BACKFILL_AUTO
2026-06-19 10:47:36,1781866056,R_10,4839.812,-1,0.19800000000032014,BACKFILL_AUTO
2026-06-19 10:47:38,1781866058,R_10,4839.745,-1,0.06700000000000728,BACKFILL_AUTO
2026-06-19 10:47:40,1781866060,R_10,4839.883,1,0.13799999999991996,BACKFILL_AUTO
2026-06-19 10:47:42,1781866062,R_10,4840.092,1,0.20899999999983265,BACKFILL_AUTO
2026-06-19 10:47:44,1781866064,R_10,4840.057,-1,0.03499999999985448,BACKFILL_AUTO
2026-06-19 10:47:46,1781866066,R_10,4839.961,-1,0.09599999999954889,BACKFILL_AUTO
2026-06-19 10:47:48,1781866068,R_10,4840.017,1,0.05599999999958527,BACKFILL_AUTO
2026-06-19 10:47:50,1781866070,R_10,4840.046,1,0.02900000000045111,BACKFILL_AUTO
2026-06-19 10:47:52,1781866072,R_10,4839.862,-1,0.18400000000019645,BACKFILL_AUTO
2026-06-19 10:47:54,1781866074,R_10,4839.838,-1,0.02400000000034197,BACKFILL_AUTO
2026-06-19 10:47:56,1781866076,R_10,4839.717,-1,0.12100000000009459,BACKFILL_AUTO
2026-06-19 10:47:58,1781866078,R_10,4839.785,1,0.068000000000211,BACKFILL_AUTO
2026-06-19 10:48:00,1781866080,R_10,4839.874,1,0.08899999999994179,BACKFILL_AUTO
2026-06-19 10:48:02,1781866082,R_10,4839.691,-1,0.18299999999999272,BACKFILL_AUTO
2026-06-19 10:48:04,1781866084,R_10,4839.855,1,0.1639999999997599,BACKFILL_AUTO
2026-06-19 10:48:06,1781866086,R_10,4839.814,-1,0.04099999999925785,BACKFILL_AUTO
2026-06-19 10:48:08,1781866088,R_10,4839.619,-1,0.19500000000061846,BACKFILL_AUTO
2026-06-19 10:48:10,1781866090,R_10,4839.873,1,0.2539999999999054,BACKFILL_AUTO
2026-06-19 10:48:12,1781866092,R_10,4839.815,-1,0.057999999999992724,BACKFILL_AUTO
2026-06-19 10:48:14,1781866094,R_10,4840.052,1,0.23700000000008004,BACKFILL_AUTO
2026-06-19 10:48:16,1781866096,R_10,4840.267,1,0.21500000000014552,BACKFILL_AUTO
2026-06-19 10:48:18,1781866098,R_10,4840.237,-1,0.02999999999974534,BACKFILL_AUTO
2026-06-19 10:48:20,1781866100,R_10,4840.211,-1,0.02599999999983993,BACKFILL_AUTO
2026-06-19 10:48:22,1781866102,R_10,4840.153,-1,0.057999999999992724,BACKFILL_AUTO
2026-06-19 10:48:24,1781866104,R_10,4840.195,1,0.04199999999946158,BACKFILL_AUTO
2026-06-19 10:48:26,1781866106,R_10,4840.244,1,0.04899999999997817,BACKFILL_AUTO
2026-06-19 10:48:28,1781866108,R_10,4840.378,1,0.13400000000001455,BACKFILL_AUTO
2026-06-19 10:48:30,1781866110,R_10,4840.317,-1,0.06099999999969441,BACKFILL_AUTO
2026-06-19 10:48:32,1781866112,R_10,4840.318,1,0.0010000000002037268,BACKFILL_AUTO
2026-06-19 10:48:34,1781866114,R_10,4840.185,-1,0.13299999999981083,BACKFILL_AUTO
2026-06-19 10:48:36,1781866116,R_10,4840.299,1,0.113999999999578,BACKFILL_AUTO
2026-06-19 10:48:38,1781866118,R_10,4840.02,-1,0.2789999999995416,BACKFILL_AUTO
2026-06-19 10:48:40,1781866120,R_10,4839.89,-1,0.13000000000010914,BACKFILL_AUTO
2026-06-19 10:48:42,1781866122,R_10,4840.137,1,0.24699999999938882,BACKFILL_AUTO
2026-06-19 10:48:44,1781866124,R_10,4840.148,1,0.011000000000422006,BACKFILL_AUTO
2026-06-19 10:48:46,1781866126,R_10,4840.081,-1,0.06700000000000728,BACKFILL_AUTO
2026-06-19 10:48:48,1781866128,R_10,4840.185,1,0.10400000000026921,BACKFILL_AUTO
2026-06-19 10:48:50,1781866130,R_10,4840.161,-1,0.02400000000034197,BACKFILL_AUTO
2026-06-19 10:48:52,1781866132,R_10,4839.996,-1,0.16499999999996362,BACKFILL_AUTO
2026-06-19 10:48:54,1781866134,R_10,4839.948,-1,0.047999999999774445,BACKFILL_AUTO
2026-06-19 10:48:56,1781866136,R_10,4839.856,-1,0.09200000000055297,BACKFILL_AUTO
2026-06-19 10:48:58,1781866138,R_10,4839.767,-1,0.08899999999994179,BACKFILL_AUTO
2026-06-19 10:49:00,1781866140,R_10,4839.9,1,0.13299999999981083,BACKFILL_AUTO
2026-06-19 10:49:02,1781866142,R_10,4839.953,1,0.05300000000079308,BACKFILL_AUTO
2026-06-19 10:49:04,1781866144,R_10,4839.91,-1,0.0430000000005748,BACKFILL_AUTO
2026-06-19 10:49:06,1781866146,R_10,4840.149,1,0.2390000000004875,BACKFILL_AUTO
2026-06-19 10:49:08,1781866148,R_10,4840.116,-1,0.03300000000035652,BACKFILL_AUTO
2026-06-19 10:49:10,1781866150,R_10,4840.251,1,0.13500000000021828,BACKFILL_AUTO
2026-06-19 10:49:12,1781866152,R_10,4839.866,-1,0.3850000000002183,BACKFILL_AUTO
2026-06-19 10:49:14,1781866154,R_10,4839.881,1,0.015000000000327418,BACKFILL_AUTO
2026-06-19 10:49:16,1781866156,R_10,4839.945,1,0.0639999999993961,BACKFILL_AUTO
2026-06-19 10:49:18,1781866158,R_10,4840.004,1,0.05900000000019645,BACKFILL_AUTO
2026-06-19 10:49:20,1781866160,R_10,4840.045,1,0.04100000000016735,BACKFILL_AUTO
2026-06-19 10:49:22,1781866162,R_10,4840.172,1,0.12699999999949796,BACKFILL_AUTO
2026-06-19 10:49:24,1781866164,R_10,4840.111,-1,0.06099999999969441,BACKFILL_AUTO
2026-06-19 10:49:26,1781866166,R_10,4840.034,-1,0.07700000000022555,BACKFILL_AUTO
2026-06-19 10:49:28,1781866168,R_10,4839.851,-1,0.18299999999999272,BACKFILL_AUTO
2026-06-19 10:49:30,1781866170,R_10,4839.856,1,0.005000000000109139,BACKFILL_AUTO
2026-06-19 10:49:32,1781866172,R_10,4839.739,-1,0.11700000000018917,BACKFILL_AUTO
2026-06-19 10:49:34,1781866174,R_10,4839.723,-1,0.01599999999962165,BACKFILL_AUTO
2026-06-19 10:49:36,1781866176,R_10,4839.662,-1,0.06099999999969441,BACKFILL_AUTO
2026-06-19 10:49:38,1781866178,R_10,4839.605,-1,0.05700000000069849,BACKFILL_AUTO
2026-06-19 10:49:40,1781866180,R_10,4839.624,1,0.01900000000023283,BACKFILL_AUTO
2026-06-19 10:49:42,1781866182,R_10,4839.586,-1,0.03799999999955617,BACKFILL_AUTO
2026-06-19 10:49:44,1781866184,R_10,4839.569,-1,0.016999999999825377,BACKFILL_AUTO
2026-06-19 10:49:46,1781866186,R_10,4839.777,1,0.20799999999962893,BACKFILL_AUTO
2026-06-19 10:49:48,1781866188,R_10,4839.934,1,0.1570000000001528,BACKFILL_AUTO
2026-06-19 10:49:50,1781866190,R_10,4840.135,1,0.20100000000002183,BACKFILL_AUTO
2026-06-19 10:49:52,1781866192,R_10,4840.021,-1,0.11400000000048749,BACKFILL_AUTO
2026-06-19 10:49:54,1781866194,R_10,4840.106,1,0.08500000000003638,BACKFILL_AUTO
2026-06-19 10:49:56,1781866196,R_10,4840.208,1,0.10199999999986176,BACKFILL_AUTO
2026-06-19 10:49:58,1781866198,R_10,4840.232,1,0.02400000000034197,BACKFILL_AUTO
2026-06-19 10:50:00,1781866200,R_10,4840.351,1,0.11899999999968713,BACKFILL_AUTO
2026-06-19 10:50:02,1781866202,R_10,4840.157,-1,0.19399999999950523,BACKFILL_AUTO
2026-06-19 10:50:04,1781866204,R_10,4840.045,-1,0.11200000000008004,BACKFILL_AUTO
2026-06-19 10:50:06,1781866206,R_10,4839.987,-1,0.057999999999992724,BACKFILL_AUTO
2026-06-19 10:50:08,1781866208,R_10,4840.014,1,0.027000000000043656,BACKFILL_AUTO
2026-06-19 10:50:10,1781866210,R_10,4839.946,-1,0.068000000000211,BACKFILL_AUTO
2026-06-19 10:50:12,1781866212,R_10,4840.014,1,0.068000000000211,BACKFILL_AUTO
2026-06-19 10:50:14,1781866214,R_10,4840.049,1,0.03499999999985448,BACKFILL_AUTO
2026-06-19 10:50:16,1781866216,R_10,4840.195,1,0.1459999999997308,BACKFILL_AUTO
2026-06-19 10:50:18,1781866218,R_10,4840.21,1,0.015000000000327418,BACKFILL_AUTO
2026-06-19 10:50:20,1781866220,R_10,4840.133,-1,0.07700000000022555,BACKFILL_AUTO
2026-06-19 10:50:22,1781866222,R_10,4840.42,1,0.28700000000026193,BACKFILL_AUTO
2026-06-19 10:50:24,1781866224,R_10,4840.483,1,0.06300000000010186,BACKFILL_AUTO
2026-06-19 10:50:26,1781866226,R_10,4840.545,1,0.06199999999989814,BACKFILL_AUTO
2026-06-19 10:50:28,1781866228,R_10,4840.778,1,0.23300000000017462,BACKFILL_AUTO
2026-06-19 10:50:30,1781866230,R_10,4840.878,1,0.0999999999994543,BACKFILL_AUTO
2026-06-19 10:50:32,1781866232,R_10,4840.906,1,0.028000000000247383,BACKFILL_AUTO
2026-06-19 10:50:34,1781866234,R_10,4840.893,-1,0.012999999999919964,BACKFILL_AUTO
2026-06-19 10:50:36,1781866236,R_10,4840.872,-1,0.02099999999973079,BACKFILL_AUTO
2026-06-19 10:50:38,1781866238,R_10,4840.955,1,0.08299999999962893,BACKFILL_AUTO
2026-06-19 10:50:40,1781866240,R_10,4841.036,1,0.08100000000013097,BACKFILL_AUTO
2026-06-19 10:50:42,1781866242,R_10,4840.975,-1,0.06099999999969441,BACKFILL_AUTO
2026-06-19 10:50:44,1781866244,R_10,4840.955,-1,0.020000000000436557,BACKFILL_AUTO
2026-06-19 10:50:46,1781866246,R_10,4840.865,-1,0.09000000000014552,BACKFILL_AUTO
2026-06-19 10:50:48,1781866248,R_10,4840.859,-1,0.0059999999994033715,BACKFILL_AUTO
2026-06-19 10:50:50,1781866250,R_10,4840.874,1,0.014999999999417923,BACKFILL_AUTO
2026-06-19 10:50:52,1781866252,R_10,4840.882,1,0.007999999999810825,BACKFILL_AUTO
2026-06-19 10:50:54,1781866254,R_10,4840.849,-1,0.03299999999944703,BACKFILL_AUTO
2026-06-19 10:50:56,1781866256,R_10,4840.759,-1,0.09000000000014552,BACKFILL_AUTO
2026-06-19 10:50:58,1781866258,R_10,4840.696,-1,0.06300000000010186,BACKFILL_AUTO
2026-06-19 10:51:00,1781866260,R_10,4840.601,-1,0.09500000000025466,BACKFILL_AUTO
2026-06-19 10:51:02,1781866262,R_10,4840.524,-1,0.07699999999931606,BACKFILL_AUTO
2026-06-19 10:51:04,1781866264,R_10,4840.72,1,0.1959999999999127,BACKFILL_AUTO
2026-06-19 10:51:06,1781866266,R_10,4840.659,-1,0.061000000000603904,BACKFILL_AUTO
2026-06-19 10:51:08,1781866268,R_10,4840.613,-1,0.04599999999936699,BACKFILL_AUTO
2026-06-19 10:51:10,1781866270,R_10,4840.457,-1,0.15599999999994907,BACKFILL_AUTO
2026-06-19 10:51:12,1781866272,R_10,4840.263,-1,0.19400000000041473,BACKFILL_AUTO
2026-06-19 10:51:14,1781866274,R_10,4840.322,1,0.05900000000019645,BACKFILL_AUTO
2026-06-19 10:51:16,1781866276,R_10,4840.453,1,0.13100000000031287,BACKFILL_AUTO
2026-06-19 10:51:18,1781866278,R_10,4840.542,1,0.08899999999994179,BACKFILL_AUTO
2026-06-19 10:51:20,1781866280,R_10,4840.229,-1,0.31300000000010186,BACKFILL_AUTO
2026-06-19 10:51:22,1781866282,R_10,4840.16,-1,0.06900000000041473,BACKFILL_AUTO
2026-06-19 10:51:24,1781866284,R_10,4840.239,1,0.07899999999972351,BACKFILL_AUTO
2026-06-19 10:51:26,1781866286,R_10,4840.153,-1,0.08599999999933061,BACKFILL_AUTO
2026-06-19 10:51:28,1781866288,R_10,4840.138,-1,0.015000000000327418,BACKFILL_AUTO
2026-06-19 10:51:30,1781866290,R_10,4840.087,-1,0.05099999999947613,BACKFILL_AUTO
2026-06-19 10:51:32,1781866292,R_10,4840.057,-1,0.030000000000654836,BACKFILL_AUTO
2026-06-19 10:51:34,1781866294,R_10,4840.182,1,0.125,BACKFILL_AUTO
2026-06-19 10:51:36,1781866296,R_10,4840.061,-1,0.12100000000009459,BACKFILL_AUTO
2026-06-19 10:51:38,1781866298,R_10,4840.212,1,0.15100000000074942,BACKFILL_AUTO
2026-06-19 10:51:40,1781866300,R_10,4840.273,1,0.06099999999969441,BACKFILL_AUTO
2026-06-19 10:51:42,1781866302,R_10,4840.073,-1,0.1999999999998181,BACKFILL_AUTO
2026-06-19 10:51:44,1781866304,R_10,4840.129,1,0.05599999999958527,BACKFILL_AUTO
2026-06-19 10:51:46,1781866306,R_10,4839.835,-1,0.29399999999986903,BACKFILL_AUTO
2026-06-19 10:51:48,1781866308,R_10,4839.73,-1,0.10500000000047294,BACKFILL_AUTO
2026-06-19 10:51:50,1781866310,R_10,4839.935,1,0.20500000000083674,BACKFILL_AUTO
2026-06-19 10:51:52,1781866312,R_10,4839.783,-1,0.15200000000004366,BACKFILL_AUTO
2026-06-19 10:51:54,1781866314,R_10,4839.817,1,0.033999999999650754,BACKFILL_AUTO
2026-06-19 10:51:56,1781866316,R_10,4839.868,1,0.051000000000385626,BACKFILL_AUTO
2026-06-19 10:51:58,1781866318,R_10,4840.03,1,0.16199999999935244,BACKFILL_AUTO
2026-06-19 10:52:00,1781866320,R_10,4840.283,1,0.2530000000006112,BACKFILL_AUTO
2026-06-19 10:52:02,1781866322,R_10,4840.435,1,0.15200000000004366,BACKFILL_AUTO
2026-06-19 10:52:04,1781866324,R_10,4840.421,-1,0.014000000000123691,BACKFILL_AUTO
2026-06-19 10:52:06,1781866326,R_10,4840.156,-1,0.2650000000003274,BACKFILL_AUTO
2026-06-19 10:52:08,1781866328,R_10,4839.977,-1,0.1790000000000873,BACKFILL_AUTO
2026-06-19 10:52:10,1781866330,R_10,4839.976,-1,0.0010000000002037268,BACKFILL_AUTO
2026-06-19 10:52:12,1781866332,R_10,4840.121,1,0.14500000000043656,BACKFILL_AUTO
2026-06-19 10:52:14,1781866334,R_10,4840.13,1,0.009000000000014552,BACKFILL_AUTO
2026-06-19 10:52:16,1781866336,R_10,4840.067,-1,0.06300000000010186,BACKFILL_AUTO
2026-06-19 10:52:18,1781866338,R_10,4840.242,1,0.1750000000001819,BACKFILL_AUTO
2026-06-19 10:52:20,1781866340,R_10,4840.195,-1,0.04700000000048021,BACKFILL_AUTO
2026-06-19 10:52:22,1781866342,R_10,4840.238,1,0.0430000000005748,BACKFILL_AUTO
2026-06-19 10:52:24,1781866344,R_10,4840.072,-1,0.16600000000016735,BACKFILL_AUTO
2026-06-19 10:52:26,1781866346,R_10,4840.133,1,0.06099999999969441,BACKFILL_AUTO
2026-06-19 10:52:28,1781866348,R_10,4840.157,1,0.02400000000034197,BACKFILL_AUTO
2026-06-19 10:52:30,1781866350,R_10,4840.137,-1,0.020000000000436557,BACKFILL_AUTO
2026-06-19 10:52:32,1781866352,R_10,4840.21,1,0.07300000000032014,BACKFILL_AUTO
2026-06-19 10:52:34,1781866354,R_10,4840.129,-1,0.08100000000013097,BACKFILL_AUTO
2026-06-19 10:52:36,1781866356,R_10,4840.287,1,0.15800000000035652,BACKFILL_AUTO
2026-06-19 10:52:38,1781866358,R_10,4840.065,-1,0.2220000000006621,BACKFILL_AUTO
2026-06-19 10:52:40,1781866360,R_10,4839.993,-1,0.07199999999920692,BACKFILL_AUTO
2026-06-19 10:52:42,1781866362,R_10,4839.835,-1,0.15800000000035652,BACKFILL_AUTO
2026-06-19 10:52:44,1781866364,R_10,4839.901,1,0.06599999999980355,BACKFILL_AUTO
2026-06-19 10:52:46,1781866366,R_10,4839.962,1,0.061000000000603904,BACKFILL_AUTO
2026-06-19 10:52:48,1781866368,R_10,4839.781,-1,0.18100000000049477,BACKFILL_AUTO
2026-06-19 10:52:50,1781866370,R_10,4839.651,-1,0.13000000000010914,BACKFILL_AUTO
2026-06-19 10:52:52,1781866372,R_10,4839.506,-1,0.14499999999952706,BACKFILL_AUTO
2026-06-19 10:52:54,1781866374,R_10,4839.366,-1,0.14000000000032742,BACKFILL_AUTO
2026-06-19 10:52:56,1781866376,R_10,4839.395,1,0.02900000000045111,BACKFILL_AUTO
2026-06-19 10:52:58,1781866378,R_10,4839.247,-1,0.14800000000013824,BACKFILL_AUTO
2026-06-19 10:53:00,1781866380,R_10,4839.309,1,0.06199999999989814,BACKFILL_AUTO
2026-06-19 10:53:02,1781866382,R_10,4839.385,1,0.07600000000002183,BACKFILL_AUTO
2026-06-19 10:53:04,1781866384,R_10,4839.491,1,0.10599999999976717,BACKFILL_AUTO
2026-06-19 10:53:06,1781866386,R_10,4839.481,-1,0.010000000000218279,BACKFILL_AUTO
2026-06-19 10:53:08,1781866388,R_10,4839.328,-1,0.1529999999993379,BACKFILL_AUTO
2026-06-19 10:53:10,1781866390,R_10,4839.371,1,0.042999999999665306,BACKFILL_AUTO
2026-06-19 10:53:12,1781866392,R_10,4839.234,-1,0.13699999999971624,BACKFILL_AUTO
2026-06-19 10:53:14,1781866394,R_10,4839.265,1,0.03099999999994907,BACKFILL_AUTO
2026-06-19 10:53:16,1781866396,R_10,4839.329,1,0.0639999999993961,BACKFILL_AUTO
2026-06-19 10:53:18,1781866398,R_10,4839.371,1,0.042000000000371074,BACKFILL_AUTO
2026-06-19 10:53:20,1781866400,R_10,4839.451,1,0.07999999999992724,BACKFILL_AUTO
2026-06-19 10:53:22,1781866402,R_10,4839.489,1,0.03799999999955617,BACKFILL_AUTO
2026-06-19 10:53:24,1781866404,R_10,4839.343,-1,0.1459999999997308,BACKFILL_AUTO
2026-06-19 10:53:26,1781866406,R_10,4839.117,-1,0.22599999999965803,BACKFILL_AUTO
2026-06-19 10:53:28,1781866408,R_10,4839.128,1,0.01099999999951251,BACKFILL_AUTO
2026-06-19 10:53:30,1781866410,R_10,4839.317,1,0.1890000000003056,BACKFILL_AUTO
2026-06-19 10:53:32,1781866412,R_10,4839.162,-1,0.15499999999974534,BACKFILL_AUTO
2026-06-19 10:53:34,1781866414,R_10,4839.026,-1,0.136000000000422,BACKFILL_AUTO
2026-06-19 10:53:36,1781866416,R_10,4838.906,-1,0.11999999999989086,BACKFILL_AUTO
2026-06-19 10:53:38,1781866418,R_10,4838.88,-1,0.02599999999983993,BACKFILL_AUTO
2026-06-19 10:53:40,1781866420,R_10,4838.918,1,0.03799999999955617,BACKFILL_AUTO
2026-06-19 10:53:42,1781866422,R_10,4838.832,-1,0.08599999999933061,BACKFILL_AUTO
2026-06-19 10:53:44,1781866424,R_10,4838.835,1,0.0029999999997016857,BACKFILL_AUTO
2026-06-19 10:53:46,1781866426,R_10,4839.066,1,0.23099999999976717,BACKFILL_AUTO
2026-06-19 10:53:48,1781866428,R_10,4839.281,1,0.21500000000014552,BACKFILL_AUTO
2026-06-19 10:53:50,1781866430,R_10,4839.374,1,0.0929999999998472,BACKFILL_AUTO
2026-06-19 10:53:52,1781866432,R_10,4839.229,-1,0.14499999999952706,BACKFILL_AUTO
2026-06-19 10:53:54,1781866434,R_10,4839.373,1,0.14399999999932334,BACKFILL_AUTO
2026-06-19 10:53:56,1781866436,R_10,4839.251,-1,0.12199999999938882,BACKFILL_AUTO
2026-06-19 10:53:58,1781866438,R_10,4839.069,-1,0.181999999999789,BACKFILL_AUTO
2026-06-19 10:54:00,1781866440,R_10,4838.931,-1,0.13800000000082946,BACKFILL_AUTO
2026-06-19 10:54:02,1781866442,R_10,4838.879,-1,0.05199999999967986,BACKFILL_AUTO
2026-06-19 10:54:04,1781866444,R_10,4838.878,-1,0.0010000000002037268,BACKFILL_AUTO
2026-06-19 10:54:06,1781866446,R_10,4838.892,1,0.014000000000123691,BACKFILL_AUTO
2026-06-19 10:54:08,1781866448,R_10,4838.909,1,0.016999999999825377,BACKFILL_AUTO
2026-06-19 10:54:10,1781866450,R_10,4838.917,1,0.00800000000072032,BACKFILL_AUTO
2026-06-19 10:54:12,1781866452,R_10,4838.966,1,0.04899999999997817,BACKFILL_AUTO
2026-06-19 10:54:14,1781866454,R_10,4838.938,-1,0.028000000000247383,BACKFILL_AUTO
2026-06-19 10:54:16,1781866456,R_10,4838.979,1,0.04100000000016735,BACKFILL_AUTO
2026-06-19 10:54:18,1781866458,R_10,4838.999,1,0.019999999999527063,BACKFILL_AUTO
2026-06-19 10:54:20,1781866460,R_10,4839.059,1,0.06000000000040018,BACKFILL_AUTO
2026-06-19 10:54:22,1781866462,R_10,4838.842,-1,0.21700000000055297,BACKFILL_AUTO
2026-06-19 10:54:24,1781866464,R_10,4838.988,1,0.14600000000064028,BACKFILL_AUTO
2026-06-19 10:54:26,1781866466,R_10,4838.975,-1,0.012999999999919964,BACKFILL_AUTO
2026-06-19 10:54:28,1781866468,R_10,4838.913,-1,0.06200000000080763,BACKFILL_AUTO
2026-06-19 10:54:30,1781866470,R_10,4838.928,1,0.015000000000327418,BACKFILL_AUTO
2026-06-19 10:54:32,1781866472,R_10,4839.031,1,0.10300000000006548,BACKFILL_AUTO
2026-06-19 10:54:34,1781866474,R_10,4838.845,-1,0.1859999999996944,BACKFILL_AUTO
2026-06-19 10:54:36,1781866476,R_10,4838.471,-1,0.37400000000070577,BACKFILL_AUTO
2026-06-19 10:54:38,1781866478,R_10,4838.503,1,0.032000000000152795,BACKFILL_AUTO
2026-06-19 10:54:40,1781866480,R_10,4838.492,-1,0.01099999999951251,BACKFILL_AUTO
2026-06-19 10:54:42,1781866482,R_10,4838.486,-1,0.006000000000312866,BACKFILL_AUTO
2026-06-19 10:54:44,1781866484,R_10,4838.286,-1,0.1999999999998181,BACKFILL_AUTO
2026-06-19 10:54:46,1781866486,R_10,4838.32,1,0.033999999999650754,BACKFILL_AUTO
2026-06-19 10:54:48,1781866488,R_10,4838.102,-1,0.2179999999998472,BACKFILL_AUTO
2026-06-19 10:54:50,1781866490,R_10,4838.177,1,0.0749999999998181,BACKFILL_AUTO
2026-06-19 10:54:52,1781866492,R_10,4838.264,1,0.08700000000044383,BACKFILL_AUTO
2026-06-19 10:54:54,1781866494,R_10,4838.232,-1,0.032000000000152795,BACKFILL_AUTO
2026-06-19 10:54:56,1781866496,R_10,4838.293,1,0.06099999999969441,BACKFILL_AUTO
2026-06-19 10:54:58,1781866498,R_10,4838.312,1,0.01900000000023283,BACKFILL_AUTO
2026-06-19 10:55:00,1781866500,R_10,4838.375,1,0.06300000000010186,BACKFILL_AUTO
2026-06-19 10:55:02,1781866502,R_10,4838.131,-1,0.24399999999968713,BACKFILL_AUTO
2026-06-19 10:55:04,1781866504,R_10,4838.218,1,0.08699999999953434,BACKFILL_AUTO
2026-06-19 10:55:06,1781866506,R_10,4838.126,-1,0.09199999999964348,BACKFILL_AUTO
2026-06-19 10:55:08,1781866508,R_10,4838.313,1,0.18699999999989814,BACKFILL_AUTO
2026-06-19 10:55:10,1781866510,R_10,4838.346,1,0.03299999999944703,BACKFILL_AUTO
2026-06-19 10:55:12,1781866512,R_10,4838.454,1,0.10800000000017462,BACKFILL_AUTO
2026-06-19 10:55:14,1781866514,R_10,4838.529,1,0.0750000000007276,BACKFILL_AUTO
2026-06-19 10:55:16,1781866516,R_10,4838.654,1,0.125,BACKFILL_AUTO
2026-06-19 10:55:18,1781866518,R_10,4838.516,-1,0.13800000000082946,BACKFILL_AUTO
2026-06-19 10:55:20,1781866520,R_10,4838.405,-1,0.11099999999987631,BACKFILL_AUTO
2026-06-19 10:55:22,1781866522,R_10,4838.337,-1,0.06799999999930151,BACKFILL_AUTO
2026-06-19 10:55:24,1781866524,R_10,4838.328,-1,0.009000000000014552,BACKFILL_AUTO
2026-06-19 10:55:26,1781866526,R_10,4838.303,-1,0.025000000000545697,BACKFILL_AUTO
2026-06-19 10:55:28,1781866528,R_10,4838.332,1,0.02900000000045111,BACKFILL_AUTO
2026-06-19 10:55:30,1781866530,R_10,4838.431,1,0.09899999999925058,BACKFILL_AUTO
2026-06-19 10:55:32,1781866532,R_10,4838.554,1,0.12300000000050204,BACKFILL_AUTO
2026-06-19 10:55:34,1781866534,R_10,4838.627,1,0.07300000000032014,BACKFILL_AUTO
2026-06-19 10:55:36,1781866536,R_10,4838.749,1,0.12199999999938882,BACKFILL_AUTO
2026-06-19 10:55:38,1781866538,R_10,4838.736,-1,0.012999999999919964,BACKFILL_AUTO
2026-06-19 10:55:40,1781866540,R_10,4838.841,1,0.10500000000047294,BACKFILL_AUTO
2026-06-19 10:55:42,1781866542,R_10,4839.206,1,0.3649999999997817,BACKFILL_AUTO
2026-06-19 10:55:44,1781866544,R_10,4839.322,1,0.11599999999998545,BACKFILL_AUTO
2026-06-19 10:55:46,1781866546,R_10,4839.296,-1,0.02599999999983993,BACKFILL_AUTO
2026-06-19 10:55:48,1781866548,R_10,4839.156,-1,0.14000000000032742,BACKFILL_AUTO
2026-06-19 10:55:50,1781866550,R_10,4838.954,-1,0.20200000000022555,BACKFILL_AUTO
2026-06-19 10:55:52,1781866552,R_10,4838.961,1,0.007000000000516593,BACKFILL_AUTO
2026-06-19 10:55:54,1781866554,R_10,4838.973,1,0.011999999999716238,BACKFILL_AUTO
2026-06-19 10:55:56,1781866556,R_10,4838.707,-1,0.26599999999962165,BACKFILL_AUTO
2026-06-19 10:55:58,1781866558,R_10,4838.78,1,0.07299999999941065,BACKFILL_AUTO
2026-06-19 10:56:00,1781866560,R_10,4838.665,-1,0.11499999999978172,BACKFILL_AUTO
2026-06-19 10:56:02,1781866562,R_10,4838.625,-1,0.03999999999996362,BACKFILL_AUTO
2026-06-19 10:56:04,1781866564,R_10,4838.617,-1,0.007999999999810825,BACKFILL_AUTO
2026-06-19 10:56:06,1781866566,R_10,4838.458,-1,0.15900000000056025,BACKFILL_AUTO
2026-06-19 10:56:08,1781866568,R_10,4838.294,-1,0.1639999999997599,BACKFILL_AUTO
2026-06-19 10:56:10,1781866570,R_10,4838.268,-1,0.02599999999983993,BACKFILL_AUTO
2026-06-19 10:56:12,1781866572,R_10,4838.304,1,0.03600000000005821,BACKFILL_AUTO
2026-06-19 10:56:14,1781866574,R_10,4838.323,1,0.01900000000023283,BACKFILL_AUTO
2026-06-19 10:56:16,1781866576,R_10,4838.456,1,0.13299999999981083,BACKFILL_AUTO
2026-06-19 10:56:18,1781866578,R_10,4838.505,1,0.04899999999997817,BACKFILL_AUTO
2026-06-19 10:56:20,1781866580,R_10,4838.674,1,0.16899999999986903,BACKFILL_AUTO
2026-06-19 10:56:22,1781866582,R_10,4838.624,-1,0.0500000000001819,BACKFILL_AUTO
2026-06-19 10:56:24,1781866584,R_10,4838.764,1,0.14000000000032742,BACKFILL_AUTO
2026-06-19 10:56:26,1781866586,R_10,4838.635,-1,0.1289999999999054,BACKFILL_AUTO
2026-06-19 10:56:28,1781866588,R_10,4838.732,1,0.09699999999975262,BACKFILL_AUTO
2026-06-19 10:56:30,1781866590,R_10,4838.597,-1,0.13500000000021828,BACKFILL_AUTO
2026-06-19 10:56:32,1781866592,R_10,4838.7,1,0.10300000000006548,BACKFILL_AUTO
2026-06-19 10:56:34,1781866594,R_10,4838.585,-1,0.11499999999978172,BACKFILL_AUTO
2026-06-19 10:56:36,1781866596,R_10,4838.277,-1,0.3079999999999927,BACKFILL_AUTO
2026-06-19 10:56:38,1781866598,R_10,4838.223,-1,0.05400000000008731,BACKFILL_AUTO
2026-06-19 10:56:40,1781866600,R_10,4838.193,-1,0.02999999999974534,BACKFILL_AUTO
2026-06-19 10:56:42,1781866602,R_10,4838.152,-1,0.04100000000016735,BACKFILL_AUTO
2026-06-19 10:56:44,1781866604,R_10,4838.308,1,0.15599999999994907,BACKFILL_AUTO
2026-06-19 10:56:46,1781866606,R_10,4838.424,1,0.11599999999998545,BACKFILL_AUTO
2026-06-19 10:56:48,1781866608,R_10,4838.464,1,0.03999999999996362,BACKFILL_AUTO
2026-06-19 10:56:50,1781866610,R_10,4838.364,-1,0.1000000000003638,BACKFILL_AUTO
2026-06-19 10:56:52,1781866612,R_10,4838.35,-1,0.013999999999214197,BACKFILL_AUTO
2026-06-19 10:56:54,1781866614,R_10,4838.363,1,0.012999999999919964,BACKFILL_AUTO
2026-06-19 10:56:56,1781866616,R_10,4838.264,-1,0.09900000000016007,BACKFILL_AUTO
2026-06-19 10:56:58,1781866618,R_10,4838.421,1,0.1570000000001528,BACKFILL_AUTO
2026-06-19 10:57:00,1781866620,R_10,4838.283,-1,0.13799999999991996,BACKFILL_AUTO
2026-06-19 10:57:02,1781866622,R_10,4838.296,1,0.012999999999919964,BACKFILL_AUTO
2026-06-19 10:57:04,1781866624,R_10,4838.311,1,0.014999999999417923,BACKFILL_AUTO
2026-06-19 10:57:06,1781866626,R_10,4838.201,-1,0.10999999999967258,BACKFILL_AUTO
2026-06-19 10:57:08,1781866628,R_10,4838.222,1,0.02099999999973079,BACKFILL_AUTO
2026-06-19 10:57:10,1781866630,R_10,4838.327,1,0.10500000000047294,BACKFILL_AUTO
2026-06-19 10:57:12,1781866632,R_10,4838.27,-1,0.056999999999789,BACKFILL_AUTO
2026-06-19 10:57:14,1781866634,R_10,4838.383,1,0.11299999999937427,BACKFILL_AUTO
2026-06-19 10:57:16,1781866636,R_10,4838.329,-1,0.05400000000008731,BACKFILL_AUTO
2026-06-19 10:57:18,1781866638,R_10,4838.379,1,0.0500000000001819,BACKFILL_AUTO
2026-06-19 10:57:20,1781866640,R_10,4838.459,1,0.07999999999992724,BACKFILL_AUTO
2026-06-19 10:57:22,1781866642,R_10,4838.399,-1,0.05999999999949068,BACKFILL_AUTO
2026-06-19 10:57:24,1781866644,R_10,4838.475,1,0.07600000000002183,BACKFILL_AUTO
2026-06-19 10:57:26,1781866646,R_10,4838.449,-1,0.026000000000749424,BACKFILL_AUTO
2026-06-19 10:57:28,1781866648,R_10,4838.552,1,0.10300000000006548,BACKFILL_AUTO
2026-06-19 10:57:30,1781866650,R_10,4838.641,1,0.08899999999994179,BACKFILL_AUTO
2026-06-19 10:57:32,1781866652,R_10,4838.709,1,0.068000000000211,BACKFILL_AUTO
2026-06-19 10:57:34,1781866654,R_10,4838.721,1,0.011999999999716238,BACKFILL_AUTO
2026-06-19 10:57:36,1781866656,R_10,4838.635,-1,0.08599999999933061,BACKFILL_AUTO
2026-06-19 10:57:38,1781866658,R_10,4838.791,1,0.15599999999994907,BACKFILL_AUTO
2026-06-19 10:57:40,1781866660,R_10,4838.879,1,0.08799999999973807,BACKFILL_AUTO
2026-06-19 10:57:42,1781866662,R_10,4838.683,-1,0.1959999999999127,BACKFILL_AUTO
2026-06-19 10:57:44,1781866664,R_10,4838.696,1,0.012999999999919964,BACKFILL_AUTO
2026-06-19 10:57:46,1781866666,R_10,4838.974,1,0.2780000000002474,BACKFILL_AUTO
2026-06-19 10:57:48,1781866668,R_10,4838.976,1,0.001999999999497959,BACKFILL_AUTO
2026-06-19 10:57:50,1781866670,R_10,4838.712,-1,0.2639999999992142,BACKFILL_AUTO
2026-06-19 10:57:52,1781866672,R_10,4838.64,-1,0.07200000000011642,BACKFILL_AUTO
2026-06-19 10:57:54,1781866674,R_10,4838.44,-1,0.2000000000007276,BACKFILL_AUTO
2026-06-19 10:57:56,1781866676,R_10,4838.398,-1,0.04199999999946158,BACKFILL_AUTO
2026-06-19 10:57:58,1781866678,R_10,4838.108,-1,0.2899999999999636,BACKFILL_AUTO
2026-06-19 10:58:00,1781866680,R_10,4838.091,-1,0.016999999999825377,BACKFILL_AUTO
2026-06-19 10:58:02,1781866682,R_10,4838.153,1,0.06199999999989814,BACKFILL_AUTO
2026-06-19 10:58:04,1781866684,R_10,4838.223,1,0.06999999999970896,BACKFILL_AUTO
2026-06-19 10:58:06,1781866686,R_10,4838.349,1,0.12600000000020373,BACKFILL_AUTO
2026-06-19 10:58:08,1781866688,R_10,4838.295,-1,0.05400000000008731,BACKFILL_AUTO
2026-06-19 10:58:10,1781866690,R_10,4838.361,1,0.06599999999980355,BACKFILL_AUTO
2026-06-19 10:58:12,1781866692,R_10,4838.3,-1,0.06099999999969441,BACKFILL_AUTO
2026-06-19 10:58:14,1781866694,R_10,4838.346,1,0.04599999999936699,BACKFILL_AUTO
2026-06-19 10:58:16,1781866696,R_10,4838.292,-1,0.05399999999917782,BACKFILL_AUTO
2026-06-19 10:58:18,1781866698,R_10,4838.259,-1,0.03300000000035652,BACKFILL_AUTO
2026-06-19 10:58:20,1781866700,R_10,4838.275,1,0.01599999999962165,BACKFILL_AUTO
2026-06-19 10:58:22,1781866702,R_10,4838.22,-1,0.054999999999381544,BACKFILL_AUTO
2026-06-19 10:58:24,1781866704,R_10,4838.208,-1,0.012000000000625732,BACKFILL_AUTO
2026-06-19 10:58:26,1781866706,R_10,4838.056,-1,0.15200000000004366,BACKFILL_AUTO
2026-06-19 10:58:28,1781866708,R_10,4838.089,1,0.03300000000035652,BACKFILL_AUTO
2026-06-19 10:58:30,1781866710,R_10,4838.029,-1,0.05999999999949068,BACKFILL_AUTO
2026-06-19 10:58:32,1781866712,R_10,4837.716,-1,0.31300000000010186,BACKFILL_AUTO
2026-06-19 10:58:34,1781866714,R_10,4837.637,-1,0.07900000000063301,BACKFILL_AUTO
2026-06-19 10:58:36,1781866716,R_10,4837.643,1,0.006000000000312866,BACKFILL_AUTO
2026-06-19 10:58:38,1781866718,R_10,4837.81,1,0.16700000000037107,BACKFILL_AUTO
2026-06-19 10:58:40,1781866720,R_10,4837.566,-1,0.24400000000059663,BACKFILL_AUTO
2026-06-19 10:58:42,1781866722,R_10,4837.604,1,0.03800000000046566,BACKFILL_AUTO
2026-06-19 10:58:44,1781866724,R_10,4837.699,1,0.09499999999934516,BACKFILL_AUTO
2026-06-19 10:58:46,1781866726,R_10,4837.882,1,0.18299999999999272,BACKFILL_AUTO
2026-06-19 10:58:48,1781866728,R_10,4837.604,-1,0.2779999999993379,BACKFILL_AUTO
2026-06-19 10:58:50,1781866730,R_10,4837.465,-1,0.1390000000001237,BACKFILL_AUTO
2026-06-19 10:58:52,1781866732,R_10,4837.633,1,0.1679999999996653,BACKFILL_AUTO
2026-06-19 10:58:54,1781866734,R_10,4837.591,-1,0.04199999999946158,BACKFILL_AUTO
2026-06-19 10:58:56,1781866736,R_10,4837.473,-1,0.1180000000003929,BACKFILL_AUTO
2026-06-19 10:58:58,1781866738,R_10,4837.499,1,0.02599999999983993,BACKFILL_AUTO
2026-06-19 10:59:00,1781866740,R_10,4837.529,1,0.030000000000654836,BACKFILL_AUTO
2026-06-19 10:59:02,1781866742,R_10,4837.636,1,0.1069999999999709,BACKFILL_AUTO
2026-06-19 10:59:04,1781866744,R_10,4837.558,-1,0.07800000000042928,BACKFILL_AUTO
2026-06-19 10:59:06,1781866746,R_10,4837.523,-1,0.03499999999985448,BACKFILL_AUTO
2026-06-19 10:59:08,1781866748,R_10,4837.472,-1,0.051000000000385626,BACKFILL_AUTO
2026-06-19 10:59:10,1781866750,R_10,4837.393,-1,0.07899999999972351,BACKFILL_AUTO
2026-06-19 10:59:12,1781866752,R_10,4837.551,1,0.15800000000035652,BACKFILL_AUTO
2026-06-19 10:59:14,1781866754,R_10,4837.468,-1,0.08300000000053842,BACKFILL_AUTO
2026-06-19 10:59:16,1781866756,R_10,4837.339,-1,0.1289999999999054,BACKFILL_AUTO
2026-06-19 10:59:18,1781866758,R_10,4837.323,-1,0.01599999999962165,BACKFILL_AUTO
2026-06-19 10:59:20,1781866760,R_10,4837.217,-1,0.10600000000067666,BACKFILL_AUTO
2026-06-19 10:59:22,1781866762,R_10,4837.0,-1,0.21699999999964348,BACKFILL_AUTO
2026-06-19 10:59:24,1781866764,R_10,4836.931,-1,0.06900000000041473,BACKFILL_AUTO
2026-06-19 10:59:26,1781866766,R_10,4836.993,1,0.06200000000080763,BACKFILL_AUTO
2026-06-19 10:59:28,1781866768,R_10,4837.062,1,0.06899999999950523,BACKFILL_AUTO
2026-06-19 10:59:30,1781866770,R_10,4837.001,-1,0.06099999999969441,BACKFILL_AUTO
2026-06-19 10:59:32,1781866772,R_10,4836.98,-1,0.021000000000640284,BACKFILL_AUTO
2026-06-19 10:59:34,1781866774,R_10,4837.057,1,0.07700000000022555,BACKFILL_AUTO
2026-06-19 10:59:36,1781866776,R_10,4837.184,1,0.12700000000040745,BACKFILL_AUTO
2026-06-19 10:59:38,1781866778,R_10,4837.269,1,0.08500000000003638,BACKFILL_AUTO
2026-06-19 10:59:40,1781866780,R_10,4837.226,-1,0.0430000000005748,BACKFILL_AUTO
2026-06-19 10:59:42,1781866782,R_10,4837.168,-1,0.057999999999992724,BACKFILL_AUTO
2026-06-19 10:59:44,1781866784,R_10,4837.077,-1,0.09099999999943975,BACKFILL_AUTO
2026-06-19 10:59:46,1781866786,R_10,4837.218,1,0.14099999999962165,BACKFILL_AUTO
2026-06-19 10:59:48,1781866788,R_10,4837.137,-1,0.08100000000013097,BACKFILL_AUTO
2026-06-19 10:59:50,1781866790,R_10,4837.287,1,0.1500000000005457,BACKFILL_AUTO
2026-06-19 10:59:52,1781866792,R_10,4837.35,1,0.06300000000010186,BACKFILL_AUTO
2026-06-19 10:59:54,1781866794,R_10,4837.51,1,0.15999999999985448,BACKFILL_AUTO
2026-06-19 10:59:56,1781866796,R_10,4837.566,1,0.05599999999958527,BACKFILL_AUTO
2026-06-19 10:59:58,1781866798,R_10,4837.693,1,0.12700000000040745,BACKFILL_AUTO
2026-06-19 11:00:00,1781866800,R_10,4837.65,-1,0.0430000000005748,BACKFILL_AUTO
2026-06-19 11:00:02,1781866802,R_10,4837.72,1,0.07000000000061846,BACKFILL_AUTO
2026-06-19 11:00:04,1781866804,R_10,4837.76,1,0.03999999999996362,BACKFILL_AUTO
2026-06-19 11:00:06,1781866806,R_10,4837.835,1,0.0749999999998181,BACKFILL_AUTO
2026-06-19 11:00:08,1781866808,R_10,4837.831,-1,0.0039999999999054126,BACKFILL_AUTO
2026-06-19 11:00:10,1781866810,R_10,4837.841,1,0.010000000000218279,BACKFILL_AUTO
2026-06-19 11:00:12,1781866812,R_10,4837.908,1,0.06700000000000728,BACKFILL_AUTO
2026-06-19 11:00:14,1781866814,R_10,4838.273,1,0.3649999999997817,BACKFILL_AUTO
2026-06-19 11:00:16,1781866816,R_10,4838.172,-1,0.10100000000056752,BACKFILL_AUTO
2026-06-19 11:00:18,1781866818,R_10,4838.38,1,0.20800000000053842,BACKFILL_AUTO
2026-06-19 11:00:20,1781866820,R_10,4838.541,1,0.1610000000000582,BACKFILL_AUTO
2026-06-19 11:00:22,1781866822,R_10,4838.622,1,0.08100000000013097,BACKFILL_AUTO
2026-06-19 11:00:24,1781866824,R_10,4838.465,-1,0.1570000000001528,BACKFILL_AUTO
2026-06-19 11:00:26,1781866826,R_10,4838.38,-1,0.08500000000003638,BACKFILL_AUTO
2026-06-19 11:00:28,1781866828,R_10,4838.249,-1,0.13100000000031287,BACKFILL_AUTO
2026-06-19 11:00:30,1781866830,R_10,4838.305,1,0.056000000000494765,BACKFILL_AUTO
2026-06-19 11:00:32,1781866832,R_10,4838.22,-1,0.08500000000003638,BACKFILL_AUTO
2026-06-19 11:00:34,1781866834,R_10,4838.166,-1,0.05400000000008731,BACKFILL_AUTO
2026-06-19 11:00:36,1781866836,R_10,4838.299,1,0.13299999999981083,BACKFILL_AUTO
2026-06-19 11:00:38,1781866838,R_10,4838.285,-1,0.014000000000123691,BACKFILL_AUTO
2026-06-19 11:00:40,1781866840,R_10,4838.332,1,0.04700000000048021,BACKFILL_AUTO
2026-06-19 11:00:42,1781866842,R_10,4838.227,-1,0.10500000000047294,BACKFILL_AUTO
2026-06-19 11:00:44,1781866844,R_10,4838.15,-1,0.07700000000022555,BACKFILL_AUTO
2026-06-19 11:00:46,1781866846,R_10,4838.121,-1,0.028999999999541615,BACKFILL_AUTO
2026-06-19 11:00:48,1781866848,R_10,4837.999,-1,0.12200000000029831,BACKFILL_AUTO
2026-06-19 11:00:50,1781866850,R_10,4838.187,1,0.18800000000010186,BACKFILL_AUTO
2026-06-19 11:00:52,1781866852,R_10,4838.098,-1,0.08899999999994179,BACKFILL_AUTO
2026-06-19 11:00:54,1781866854,R_10,4838.005,-1,0.0929999999998472,BACKFILL_AUTO
2026-06-19 11:00:56,1781866856,R_10,4838.081,1,0.07600000000002183,BACKFILL_AUTO
2026-06-19 11:00:58,1781866858,R_10,4838.031,-1,0.0500000000001819,BACKFILL_AUTO
2026-06-19 11:01:00,1781866860,R_10,4838.076,1,0.04500000000007276,BACKFILL_AUTO
2026-06-19 11:01:02,1781866862,R_10,4837.915,-1,0.1610000000000582,BACKFILL_AUTO
2026-06-19 11:01:04,1781866864,R_10,4837.776,-1,0.1390000000001237,BACKFILL_AUTO
2026-06-19 11:01:06,1781866866,R_10,4837.659,-1,0.11700000000018917,BACKFILL_AUTO
2026-06-19 11:01:08,1781866868,R_10,4837.829,1,0.17000000000007276,BACKFILL_AUTO
2026-06-19 11:01:10,1781866870,R_10,4837.775,-1,0.05400000000008731,BACKFILL_AUTO
2026-06-19 11:01:12,1781866872,R_10,4837.932,1,0.1570000000001528,BACKFILL_AUTO
2026-06-19 11:01:14,1781866874,R_10,4837.802,-1,0.13000000000010914,BACKFILL_AUTO
2026-06-19 11:01:16,1781866876,R_10,4837.687,-1,0.11499999999978172,BACKFILL_AUTO
2026-06-19 11:01:18,1781866878,R_10,4837.701,1,0.014000000000123691,BACKFILL_AUTO
2026-06-19 11:01:20,1781866880,R_10,4837.606,-1,0.09500000000025466,BACKFILL_AUTO
2026-06-19 11:01:22,1781866882,R_10,4837.542,-1,0.0639999999993961,BACKFILL_AUTO
2026-06-19 11:01:24,1781866884,R_10,4837.565,1,0.02299999999922875,BACKFILL_AUTO
2026-06-19 11:01:26,1781866886,R_10,4837.916,1,0.3510000000005675,BACKFILL_AUTO
2026-06-19 11:01:28,1781866888,R_10,4837.891,-1,0.025000000000545697,BACKFILL_AUTO
2026-06-19 11:01:30,1781866890,R_10,4837.823,-1,0.06799999999930151,BACKFILL_AUTO
2026-06-19 11:01:32,1781866892,R_10,4837.731,-1,0.09200000000055297,BACKFILL_AUTO
2026-06-19 11:01:34,1781866894,R_10,4837.695,-1,0.03600000000005821,BACKFILL_AUTO
2026-06-19 11:01:36,1781866896,R_10,4837.816,1,0.12100000000009459,BACKFILL_AUTO
2026-06-19 11:01:38,1781866898,R_10,4837.726,-1,0.09000000000014552,BACKFILL_AUTO
2026-06-19 11:01:40,1781866900,R_10,4837.583,-1,0.1430000000000291,BACKFILL_AUTO
2026-06-19 11:01:42,1781866902,R_10,4837.492,-1,0.09099999999943975,BACKFILL_AUTO
2026-06-19 11:01:44,1781866904,R_10,4837.436,-1,0.056000000000494765,BACKFILL_AUTO
2026-06-19 11:01:46,1781866906,R_10,4837.624,1,0.18800000000010186,BACKFILL_AUTO
2026-06-19 11:01:48,1781866908,R_10,4837.751,1,0.12700000000040745,BACKFILL_AUTO
2026-06-19 11:01:50,1781866910,R_10,4837.729,-1,0.021999999999934516,BACKFILL_AUTO
2026-06-19 11:01:52,1781866912,R_10,4837.854,1,0.125,BACKFILL_AUTO
2026-06-19 11:01:54,1781866914,R_10,4837.912,1,0.057999999999992724,BACKFILL_AUTO
2026-06-19 11:01:56,1781866916,R_10,4837.975,1,0.06300000000010186,BACKFILL_AUTO
2026-06-19 11:01:58,1781866918,R_10,4838.069,1,0.09400000000005093,BACKFILL_AUTO
2026-06-19 11:02:00,1781866920,R_10,4838.004,-1,0.06500000000050932,BACKFILL_AUTO
2026-06-19 11:02:02,1781866922,R_10,4838.032,1,0.028000000000247383,BACKFILL_AUTO
2026-06-19 11:02:04,1781866924,R_10,4838.148,1,0.11599999999998545,BACKFILL_AUTO
2026-06-19 11:02:06,1781866926,R_10,4838.239,1,0.09099999999943975,BACKFILL_AUTO
2026-06-19 11:02:08,1781866928,R_10,4838.044,-1,0.19499999999970896,BACKFILL_AUTO
2026-06-19 11:02:10,1781866930,R_10,4838.346,1,0.30199999999967986,BACKFILL_AUTO
2026-06-19 11:02:12,1781866932,R_10,4838.228,-1,0.11799999999948341,BACKFILL_AUTO
2026-06-19 11:02:14,1781866934,R_10,4838.172,-1,0.056000000000494765,BACKFILL_AUTO
2026-06-19 11:02:16,1781866936,R_10,4838.121,-1,0.05099999999947613,BACKFILL_AUTO
2026-06-19 11:02:18,1781866938,R_10,4838.142,1,0.02099999999973079,BACKFILL_AUTO
2026-06-19 11:02:20,1781866940,R_10,4838.371,1,0.2290000000002692,BACKFILL_AUTO
2026-06-19 11:02:22,1781866942,R_10,4838.381,1,0.010000000000218279,BACKFILL_AUTO
2026-06-19 11:02:24,1781866944,R_10,4838.558,1,0.17699999999967986,BACKFILL_AUTO
2026-06-19 11:02:26,1781866946,R_10,4838.826,1,0.2680000000000291,BACKFILL_AUTO
2026-06-19 11:02:28,1781866948,R_10,4838.817,-1,0.009000000000014552,BACKFILL_AUTO
2026-06-19 11:02:30,1781866950,R_10,4838.676,-1,0.14099999999962165,BACKFILL_AUTO
2026-06-19 11:02:32,1781866952,R_10,4838.454,-1,0.2220000000006621,BACKFILL_AUTO
2026-06-19 11:02:34,1781866954,R_10,4838.619,1,0.16499999999996362,BACKFILL_AUTO
2026-06-19 11:02:36,1781866956,R_10,4838.675,1,0.056000000000494765,BACKFILL_AUTO
2026-06-19 11:02:38,1781866958,R_10,4838.861,1,0.1859999999996944,BACKFILL_AUTO
2026-06-19 11:02:40,1781866960,R_10,4838.833,-1,0.028000000000247383,BACKFILL_AUTO
2026-06-19 11:02:42,1781866962,R_10,4838.805,-1,0.027999999999337888,BACKFILL_AUTO
2026-06-19 11:02:44,1781866964,R_10,4838.861,1,0.05599999999958527,BACKFILL_AUTO
2026-06-19 11:02:46,1781866966,R_10,4838.754,-1,0.1069999999999709,BACKFILL_AUTO
2026-06-19 11:02:48,1781866968,R_10,4838.872,1,0.1180000000003929,BACKFILL_AUTO
2026-06-19 11:02:50,1781866970,R_10,4839.149,1,0.27700000000004366,BACKFILL_AUTO
2026-06-19 11:02:52,1781866972,R_10,4839.229,1,0.07999999999992724,BACKFILL_AUTO
2026-06-19 11:02:54,1781866974,R_10,4839.181,-1,0.04800000000068394,BACKFILL_AUTO
2026-06-19 11:02:56,1781866976,R_10,4839.375,1,0.19400000000041473,BACKFILL_AUTO
2026-06-19 11:02:58,1781866978,R_10,4839.583,1,0.20799999999962893,BACKFILL_AUTO
2026-06-19 11:03:00,1781866980,R_10,4839.527,-1,0.05599999999958527,BACKFILL_AUTO
2026-06-19 11:03:02,1781866982,R_10,4839.446,-1,0.08100000000013097,BACKFILL_AUTO
2026-06-19 11:03:04,1781866984,R_10,4839.59,1,0.14400000000023283,BACKFILL_AUTO
2026-06-19 11:03:06,1781866986,R_10,4839.56,-1,0.02999999999974534,BACKFILL_AUTO
2026-06-19 11:03:08,1781866988,R_10,4839.57,1,0.009999999999308784,BACKFILL_AUTO
2026-06-19 11:03:10,1781866990,R_10,4839.804,1,0.23400000000037835,BACKFILL_AUTO
2026-06-19 11:03:12,1781866992,R_10,4839.76,-1,0.04399999999986903,BACKFILL_AUTO
2026-06-19 11:03:14,1781866994,R_10,4839.779,1,0.01900000000023283,BACKFILL_AUTO
2026-06-19 11:03:16,1781866996,R_10,4839.753,-1,0.026000000000749424,BACKFILL_AUTO
2026-06-19 11:03:18,1781866998,R_10,4839.742,-1,0.01099999999951251,BACKFILL_AUTO
2026-06-19 11:03:20,1781867000,R_10,4839.671,-1,0.07099999999991269,BACKFILL_AUTO
2026-06-19 11:03:22,1781867002,R_10,4839.798,1,0.12699999999949796,BACKFILL_AUTO
2026-06-19 11:03:24,1781867004,R_10,4839.693,-1,0.10499999999956344,BACKFILL_AUTO
2026-06-19 11:03:26,1781867006,R_10,4839.722,1,0.028999999999541615,BACKFILL_AUTO
2026-06-19 11:03:28,1781867008,R_10,4839.891,1,0.16899999999986903,BACKFILL_AUTO
2026-06-19 11:03:30,1781867010,R_10,4839.962,1,0.07100000000082218,BACKFILL_AUTO
2026-06-19 11:03:32,1781867012,R_10,4840.2,1,0.23799999999937427,BACKFILL_AUTO
2026-06-19 11:03:34,1781867014,R_10,4840.193,-1,0.006999999999607098,BACKFILL_AUTO
2026-06-19 11:03:36,1781867016,R_10,4840.254,1,0.06099999999969441,BACKFILL_AUTO
2026-06-19 11:03:38,1781867018,R_10,4840.098,-1,0.15599999999994907,BACKFILL_AUTO
2026-06-19 11:03:40,1781867020,R_10,4840.097,-1,0.0010000000002037268,BACKFILL_AUTO
2026-06-19 11:03:42,1781867022,R_10,4840.181,1,0.08399999999983265,BACKFILL_AUTO
2026-06-19 11:03:44,1781867024,R_10,4840.138,-1,0.042999999999665306,BACKFILL_AUTO
2026-06-19 11:03:46,1781867026,R_10,4840.077,-1,0.06099999999969441,BACKFILL_AUTO
2026-06-19 11:03:48,1781867028,R_10,4839.963,-1,0.11400000000048749,BACKFILL_AUTO
2026-06-19 11:03:50,1781867030,R_10,4840.18,1,0.21700000000055297,BACKFILL_AUTO
2026-06-19 11:03:52,1781867032,R_10,4840.35,1,0.17000000000007276,BACKFILL_AUTO
2026-06-19 11:03:54,1781867034,R_10,4840.397,1,0.04699999999957072,BACKFILL_AUTO
2026-06-19 11:03:56,1781867036,R_10,4840.636,1,0.2390000000004875,BACKFILL_AUTO
2026-06-19 11:03:58,1781867038,R_10,4840.502,-1,0.13400000000001455,BACKFILL_AUTO
2026-06-19 11:04:00,1781867040,R_10,4840.685,1,0.18299999999999272,BACKFILL_AUTO
2026-06-19 11:04:02,1781867042,R_10,4840.662,-1,0.023000000000138243,BACKFILL_AUTO
2026-06-19 11:04:04,1781867044,R_10,4840.788,1,0.12599999999929423,BACKFILL_AUTO
2026-06-19 11:04:06,1781867046,R_10,4840.685,-1,0.10299999999915599,BACKFILL_AUTO
2026-06-19 11:04:08,1781867048,R_10,4840.686,1,0.0009999999992942321,BACKFILL_AUTO
2026-06-19 11:04:10,1781867050,R_10,4840.714,1,0.028000000000247383,BACKFILL_AUTO
2026-06-19 11:04:12,1781867052,R_10,4840.852,1,0.13799999999991996,BACKFILL_AUTO
2026-06-19 11:04:14,1781867054,R_10,4840.815,-1,0.037000000000261934,BACKFILL_AUTO
2026-06-19 11:04:16,1781867056,R_10,4840.731,-1,0.08399999999983265,BACKFILL_AUTO
2026-06-19 11:04:18,1781867058,R_10,4840.923,1,0.19200000000000728,BACKFILL_AUTO
2026-06-19 11:04:20,1781867060,R_10,4840.958,1,0.03499999999985448,BACKFILL_AUTO
2026-06-19 11:04:22,1781867062,R_10,4840.891,-1,0.06700000000000728,BACKFILL_AUTO
2026-06-19 11:04:24,1781867064,R_10,4840.946,1,0.05500000000029104,BACKFILL_AUTO
2026-06-19 11:04:26,1781867066,R_10,4841.053,1,0.1069999999999709,BACKFILL_AUTO
2026-06-19 11:04:28,1781867068,R_10,4841.076,1,0.023000000000138243,BACKFILL_AUTO
2026-06-19 11:04:30,1781867070,R_10,4840.992,-1,0.08399999999983265,BACKFILL_AUTO
2026-06-19 11:04:32,1781867072,R_10,4840.9,-1,0.09200000000055297,BACKFILL_AUTO
2026-06-19 11:04:34,1781867074,R_10,4841.02,1,0.12000000000080036,BACKFILL_AUTO
2026-06-19 11:04:36,1781867076,R_10,4841.206,1,0.1859999999996944,BACKFILL_AUTO
2026-06-19 11:04:38,1781867078,R_10,4841.416,1,0.21000000000003638,BACKFILL_AUTO
2026-06-19 11:04:40,1781867080,R_10,4841.446,1,0.02999999999974534,BACKFILL_AUTO
2026-06-19 11:04:42,1781867082,R_10,4841.571,1,0.125,BACKFILL_AUTO
2026-06-19 11:04:44,1781867084,R_10,4841.601,1,0.02999999999974534,BACKFILL_AUTO
2026-06-19 11:04:46,1781867086,R_10,4841.699,1,0.09799999999995634,BACKFILL_AUTO
2026-06-19 11:04:48,1781867088,R_10,4841.749,1,0.0500000000001819,BACKFILL_AUTO
2026-06-19 11:04:50,1781867090,R_10,4841.861,1,0.11200000000008004,BACKFILL_AUTO
2026-06-19 11:04:52,1781867092,R_10,4841.782,-1,0.07899999999972351,BACKFILL_AUTO
2026-06-19 11:04:54,1781867094,R_10,4842.147,1,0.3649999999997817,BACKFILL_AUTO
2026-06-19 11:04:56,1781867096,R_10,4842.284,1,0.13699999999971624,BACKFILL_AUTO
2026-06-19 11:04:58,1781867098,R_10,4842.36,1,0.07600000000002183,BACKFILL_AUTO
2026-06-19 11:05:00,1781867100,R_10,4842.215,-1,0.14499999999952706,BACKFILL_AUTO
2026-06-19 11:05:02,1781867102,R_10,4842.316,1,0.10099999999965803,BACKFILL_AUTO
2026-06-19 11:05:04,1781867104,R_10,4842.476,1,0.15999999999985448,BACKFILL_AUTO
2026-06-19 11:05:06,1781867106,R_10,4842.581,1,0.10500000000047294,BACKFILL_AUTO
2026-06-19 11:05:08,1781867108,R_10,4842.705,1,0.12399999999979627,BACKFILL_AUTO
2026-06-19 11:05:10,1781867110,R_10,4842.782,1,0.07700000000022555,BACKFILL_AUTO
2026-06-19 11:05:12,1781867112,R_10,4842.671,-1,0.11099999999987631,BACKFILL_AUTO
2026-06-19 11:05:14,1781867114,R_10,4842.715,1,0.04399999999986903,BACKFILL_AUTO
2026-06-19 11:05:16,1781867116,R_10,4842.654,-1,0.06099999999969441,BACKFILL_AUTO
2026-06-19 11:05:18,1781867118,R_10,4842.615,-1,0.03900000000066939,BACKFILL_AUTO
2026-06-19 11:05:20,1781867120,R_10,4842.52,-1,0.09499999999934516,BACKFILL_AUTO
2026-06-19 11:05:22,1781867122,R_10,4842.613,1,0.0929999999998472,BACKFILL_AUTO
2026-06-19 11:05:24,1781867124,R_10,4842.606,-1,0.007000000000516593,BACKFILL_AUTO
2026-06-19 11:05:26,1781867126,R_10,4842.666,1,0.06000000000040018,BACKFILL_AUTO
2026-06-19 11:05:28,1781867128,R_10,4842.486,-1,0.18000000000029104,BACKFILL_AUTO
2026-06-19 11:05:30,1781867130,R_10,4842.33,-1,0.15599999999994907,BACKFILL_AUTO
2026-06-19 11:05:32,1781867132,R_10,4842.162,-1,0.1679999999996653,BACKFILL_AUTO
2026-06-19 11:05:34,1781867134,R_10,4842.267,1,0.10499999999956344,BACKFILL_AUTO
2026-06-19 11:05:36,1781867136,R_10,4841.978,-1,0.2889999999997599,BACKFILL_AUTO
2026-06-19 11:05:38,1781867138,R_10,4841.849,-1,0.1289999999999054,BACKFILL_AUTO
2026-06-19 11:05:40,1781867140,R_10,4841.813,-1,0.03600000000005821,BACKFILL_AUTO
2026-06-19 11:05:42,1781867142,R_10,4841.806,-1,0.007000000000516593,BACKFILL_AUTO
2026-06-19 11:05:44,1781867144,R_10,4841.862,1,0.056000000000494765,BACKFILL_AUTO
2026-06-19 11:05:46,1781867146,R_10,4841.638,-1,0.22400000000016007,BACKFILL_AUTO
2026-06-19 11:05:48,1781867148,R_10,4841.529,-1,0.10899999999946886,BACKFILL_AUTO
2026-06-19 11:05:50,1781867150,R_10,4841.513,-1,0.016000000000531145,BACKFILL_AUTO
2026-06-19 11:05:52,1781867152,R_10,4841.651,1,0.13799999999991996,BACKFILL_AUTO
2026-06-19 11:05:54,1781867154,R_10,4841.574,-1,0.07700000000022555,BACKFILL_AUTO
2026-06-19 11:05:56,1781867156,R_10,4841.616,1,0.042000000000371074,BACKFILL_AUTO
2026-06-19 11:05:58,1781867158,R_10,4841.346,-1,0.27000000000043656,BACKFILL_AUTO
2026-06-19 11:06:00,1781867160,R_10,4841.246,-1,0.0999999999994543,BACKFILL_AUTO
2026-06-19 11:06:02,1781867162,R_10,4841.122,-1,0.12399999999979627,BACKFILL_AUTO
2026-06-19 11:06:04,1781867164,R_10,4841.153,1,0.03099999999994907,BACKFILL_AUTO
2026-06-19 11:06:06,1781867166,R_10,4840.952,-1,0.20100000000002183,BACKFILL_AUTO
2026-06-19 11:06:08,1781867168,R_10,4840.904,-1,0.047999999999774445,BACKFILL_AUTO
2026-06-19 11:06:10,1781867170,R_10,4840.745,-1,0.15900000000056025,BACKFILL_AUTO
2026-06-19 11:06:12,1781867172,R_10,4840.757,1,0.011999999999716238,BACKFILL_AUTO
2026-06-19 11:06:14,1781867174,R_10,4840.845,1,0.08800000000064756,BACKFILL_AUTO
2026-06-19 11:06:16,1781867176,R_10,4840.902,1,0.056999999999789,BACKFILL_AUTO
2026-06-19 11:06:18,1781867178,R_10,4840.906,1,0.0039999999999054126,BACKFILL_AUTO
2026-06-19 11:06:20,1781867180,R_10,4840.935,1,0.02900000000045111,BACKFILL_AUTO
2026-06-19 11:06:22,1781867182,R_10,4841.042,1,0.1069999999999709,BACKFILL_AUTO
2026-06-19 11:06:24,1781867184,R_10,4841.078,1,0.03600000000005821,BACKFILL_AUTO
2026-06-19 11:06:26,1781867186,R_10,4841.059,-1,0.01900000000023283,BACKFILL_AUTO
2026-06-19 11:06:28,1781867188,R_10,4840.798,-1,0.261000000000422,BACKFILL_AUTO
2026-06-19 11:06:30,1781867190,R_10,4841.032,1,0.23400000000037835,BACKFILL_AUTO
2026-06-19 11:06:32,1781867192,R_10,4840.954,-1,0.07800000000042928,BACKFILL_AUTO
2026-06-19 11:06:34,1781867194,R_10,4840.815,-1,0.1390000000001237,BACKFILL_AUTO
2026-06-19 11:06:36,1781867196,R_10,4840.816,1,0.0010000000002037268,BACKFILL_AUTO
2026-06-19 11:06:38,1781867198,R_10,4840.86,1,0.04399999999986903,BACKFILL_AUTO
2026-06-19 11:06:40,1781867200,R_10,4840.893,1,0.03300000000035652,BACKFILL_AUTO
2026-06-19 11:06:42,1781867202,R_10,4840.845,-1,0.047999999999774445,BACKFILL_AUTO
2026-06-19 11:06:44,1781867204,R_10,4840.925,1,0.07999999999992724,BACKFILL_AUTO
2026-06-19 11:06:46,1781867206,R_10,4840.885,-1,0.03999999999996362,BACKFILL_AUTO
2026-06-19 11:06:48,1781867208,R_10,4841.034,1,0.14899999999943248,BACKFILL_AUTO
2026-06-19 11:06:50,1781867210,R_10,4841.065,1,0.03099999999994907,BACKFILL_AUTO
2026-06-19 11:06:52,1781867212,R_10,4841.198,1,0.13300000000072032,BACKFILL_AUTO
2026-06-19 11:06:54,1781867214,R_10,4841.256,1,0.057999999999992724,BACKFILL_AUTO
2026-06-19 11:06:56,1781867216,R_10,4841.25,-1,0.006000000000312866,BACKFILL_AUTO
2026-06-19 11:06:58,1781867218,R_10,4841.253,1,0.0029999999997016857,BACKFILL_AUTO
2026-06-19 11:07:00,1781867220,R_10,4841.257,1,0.0039999999999054126,BACKFILL_AUTO
2026-06-19 11:07:02,1781867222,R_10,4841.238,-1,0.018999999999323336,BACKFILL_AUTO
2026-06-19 11:07:04,1781867224,R_10,4841.28,1,0.04199999999946158,BACKFILL_AUTO
2026-06-19 11:07:06,1781867226,R_10,4841.3,1,0.020000000000436557,BACKFILL_AUTO
2026-06-19 11:07:08,1781867228,R_10,4841.182,-1,0.1180000000003929,BACKFILL_AUTO
2026-06-19 11:07:10,1781867230,R_10,4841.319,1,0.13700000000062573,BACKFILL_AUTO
2026-06-19 11:07:12,1781867232,R_10,4841.499,1,0.17999999999938154,BACKFILL_AUTO
2026-06-19 11:07:14,1781867234,R_10,4841.281,-1,0.2179999999998472,BACKFILL_AUTO
2026-06-19 11:07:16,1781867236,R_10,4841.32,1,0.03899999999975989,BACKFILL_AUTO
2026-06-19 11:07:18,1781867238,R_10,4841.22,-1,0.0999999999994543,BACKFILL_AUTO
2026-06-19 11:07:20,1781867240,R_10,4840.787,-1,0.4329999999999927,BACKFILL_AUTO
2026-06-19 11:07:22,1781867242,R_10,4840.705,-1,0.0820000000003347,BACKFILL_AUTO
2026-06-19 11:07:24,1781867244,R_10,4840.612,-1,0.0929999999998472,BACKFILL_AUTO
2026-06-19 11:07:26,1781867246,R_10,4840.572,-1,0.03999999999996362,BACKFILL_AUTO
2026-06-19 11:07:28,1781867248,R_10,4840.649,1,0.07700000000022555,BACKFILL_AUTO
2026-06-19 11:07:30,1781867250,R_10,4840.534,-1,0.11500000000069122,BACKFILL_AUTO
2026-06-19 11:07:32,1781867252,R_10,4840.462,-1,0.07199999999920692,BACKFILL_AUTO
2026-06-19 11:07:34,1781867254,R_10,4840.301,-1,0.1610000000000582,BACKFILL_AUTO
2026-06-19 11:07:36,1781867256,R_10,4840.288,-1,0.01300000000082946,BACKFILL_AUTO
2026-06-19 11:07:38,1781867258,R_10,4840.276,-1,0.011999999999716238,BACKFILL_AUTO
2026-06-19 11:07:40,1781867260,R_10,4840.438,1,0.16200000000026193,BACKFILL_AUTO
2026-06-19 11:07:42,1781867262,R_10,4840.643,1,0.20499999999992724,BACKFILL_AUTO
2026-06-19 11:07:44,1781867264,R_10,4840.607,-1,0.03600000000005821,BACKFILL_AUTO
2026-06-19 11:07:46,1781867266,R_10,4840.629,1,0.021999999999934516,BACKFILL_AUTO
2026-06-19 11:07:48,1781867268,R_10,4840.504,-1,0.125,BACKFILL_AUTO
2026-06-19 11:07:50,1781867270,R_10,4840.345,-1,0.15899999999965075,BACKFILL_AUTO
2026-06-19 11:07:52,1781867272,R_10,4840.305,-1,0.03999999999996362,BACKFILL_AUTO
2026-06-19 11:07:54,1781867274,R_10,4840.419,1,0.113999999999578,BACKFILL_AUTO
2026-06-19 11:07:56,1781867276,R_10,4840.481,1,0.06199999999989814,BACKFILL_AUTO
2026-06-19 11:07:58,1781867278,R_10,4840.443,-1,0.03799999999955617,BACKFILL_AUTO
2026-06-19 11:08:00,1781867280,R_10,4840.458,1,0.014999999999417923,BACKFILL_AUTO
2026-06-19 11:08:02,1781867282,R_10,4840.547,1,0.08899999999994179,BACKFILL_AUTO
2026-06-19 11:08:04,1781867284,R_10,4840.765,1,0.2180000000007567,BACKFILL_AUTO
2026-06-19 11:08:06,1781867286,R_10,4840.807,1,0.04199999999946158,BACKFILL_AUTO
2026-06-19 11:08:08,1781867288,R_10,4840.878,1,0.07099999999991269,BACKFILL_AUTO
2026-06-19 11:08:10,1781867290,R_10,4840.833,-1,0.04500000000007276,BACKFILL_AUTO
2026-06-19 11:08:12,1781867292,R_10,4840.621,-1,0.21199999999953434,BACKFILL_AUTO
2026-06-19 11:08:14,1781867294,R_10,4840.508,-1,0.11300000000028376,BACKFILL_AUTO
2026-06-19 11:08:16,1781867296,R_10,4840.626,1,0.1180000000003929,BACKFILL_AUTO
2026-06-19 11:08:18,1781867298,R_10,4840.539,-1,0.08700000000044383,BACKFILL_AUTO
2026-06-19 11:08:20,1781867300,R_10,4840.609,1,0.07000000000061846,BACKFILL_AUTO
2026-06-19 11:08:22,1781867302,R_10,4840.574,-1,0.035000000000763976,BACKFILL_AUTO
2026-06-19 11:08:24,1781867304,R_10,4840.736,1,0.16200000000026193,BACKFILL_AUTO
2026-06-19 11:08:26,1781867306,R_10,4840.837,1,0.10100000000056752,BACKFILL_AUTO
2026-06-19 11:08:28,1781867308,R_10,4840.81,-1,0.027000000000043656,BACKFILL_AUTO
2026-06-19 11:08:30,1781867310,R_10,4840.851,1,0.04099999999925785,BACKFILL_AUTO
2026-06-19 11:08:32,1781867312,R_10,4840.812,-1,0.03899999999975989,BACKFILL_AUTO
2026-06-19 11:08:34,1781867314,R_10,4840.772,-1,0.03999999999996362,BACKFILL_AUTO
2026-06-19 11:08:36,1781867316,R_10,4840.806,1,0.033999999999650754,BACKFILL_AUTO
2026-06-19 11:08:38,1781867318,R_10,4840.585,-1,0.2209999999995489,BACKFILL_AUTO
2026-06-19 11:08:40,1781867320,R_10,4840.635,1,0.0500000000001819,BACKFILL_AUTO
2026-06-19 11:08:42,1781867322,R_10,4840.598,-1,0.037000000000261934,BACKFILL_AUTO
2026-06-19 11:08:44,1781867324,R_10,4840.572,-1,0.02599999999983993,BACKFILL_AUTO
2026-06-19 11:08:46,1781867326,R_10,4840.457,-1,0.11499999999978172,BACKFILL_AUTO
2026-06-19 11:08:48,1781867328,R_10,4840.432,-1,0.025000000000545697,BACKFILL_AUTO
2026-06-19 11:08:50,1781867330,R_10,4840.547,1,0.11499999999978172,BACKFILL_AUTO
2026-06-19 11:08:52,1781867332,R_10,4840.468,-1,0.07899999999972351,BACKFILL_AUTO
2026-06-19 11:08:54,1781867334,R_10,4840.539,1,0.07099999999991269,BACKFILL_AUTO
2026-06-19 11:08:56,1781867336,R_10,4840.603,1,0.06400000000030559,BACKFILL_AUTO
2026-06-19 11:08:58,1781867338,R_10,4840.525,-1,0.07800000000042928,BACKFILL_AUTO
2026-06-19 11:09:00,1781867340,R_10,4840.599,1,0.07400000000052387,BACKFILL_AUTO
2026-06-19 11:09:02,1781867342,R_10,4840.562,-1,0.037000000000261934,BACKFILL_AUTO
2026-06-19 11:09:04,1781867344,R_10,4840.567,1,0.005000000000109139,BACKFILL_AUTO
2026-06-19 11:09:06,1781867346,R_10,4840.581,1,0.014000000000123691,BACKFILL_AUTO
2026-06-19 11:09:08,1781867348,R_10,4840.616,1,0.03499999999985448,BACKFILL_AUTO
2026-06-19 11:09:10,1781867350,R_10,4840.516,-1,0.1000000000003638,BACKFILL_AUTO
2026-06-19 11:09:12,1781867352,R_10,4840.57,1,0.05400000000008731,BACKFILL_AUTO
2026-06-19 11:09:14,1781867354,R_10,4840.666,1,0.09600000000045839,BACKFILL_AUTO
2026-06-19 11:09:16,1781867356,R_10,4840.732,1,0.06599999999980355,BACKFILL_AUTO
2026-06-19 11:09:18,1781867358,R_10,4841.001,1,0.26900000000023283,BACKFILL_AUTO
2026-06-19 11:09:20,1781867360,R_10,4840.992,-1,0.009000000000014552,BACKFILL_AUTO
2026-06-19 11:09:22,1781867362,R_10,4841.203,1,0.2110000000002401,BACKFILL_AUTO
2026-06-19 11:09:24,1781867364,R_10,4841.124,-1,0.07900000000063301,BACKFILL_AUTO
2026-06-19 11:09:26,1781867366,R_10,4841.222,1,0.09799999999995634,BACKFILL_AUTO
2026-06-19 11:09:28,1781867368,R_10,4841.129,-1,0.0929999999998472,BACKFILL_AUTO
2026-06-19 11:09:30,1781867370,R_10,4841.155,1,0.02599999999983993,BACKFILL_AUTO
2026-06-19 11:09:32,1781867372,R_10,4841.236,1,0.08100000000013097,BACKFILL_AUTO
2026-06-19 11:09:34,1781867374,R_10,4841.203,-1,0.03299999999944703,BACKFILL_AUTO
2026-06-19 11:09:36,1781867376,R_10,4841.122,-1,0.08100000000013097,BACKFILL_AUTO
2026-06-19 11:09:38,1781867378,R_10,4841.268,1,0.1459999999997308,BACKFILL_AUTO
2026-06-19 11:09:40,1781867380,R_10,4841.382,1,0.113999999999578,BACKFILL_AUTO
2026-06-19 11:09:42,1781867382,R_10,4841.293,-1,0.08899999999994179,BACKFILL_AUTO
2026-06-19 11:09:44,1781867384,R_10,4841.121,-1,0.17199999999957072,BACKFILL_AUTO
2026-06-19 11:09:46,1781867386,R_10,4841.187,1,0.06599999999980355,BACKFILL_AUTO
2026-06-19 11:09:48,1781867388,R_10,4841.222,1,0.03499999999985448,BACKFILL_AUTO
2026-06-19 11:09:50,1781867390,R_10,4841.32,1,0.09799999999995634,BACKFILL_AUTO
2026-06-19 11:09:52,1781867392,R_10,4841.52,1,0.2000000000007276,BACKFILL_AUTO
2026-06-19 11:09:54,1781867394,R_10,4841.637,1,0.11699999999927968,BACKFILL_AUTO
2026-06-19 11:09:56,1781867396,R_10,4841.521,-1,0.11599999999998545,BACKFILL_AUTO
2026-06-19 11:09:58,1781867398,R_10,4841.608,1,0.08700000000044383,BACKFILL_AUTO
2026-06-19 11:10:00,1781867400,R_10,4841.649,1,0.04100000000016735,BACKFILL_AUTO
2026-06-19 11:10:02,1781867402,R_10,4841.781,1,0.1319999999996071,BACKFILL_AUTO
2026-06-19 11:10:04,1781867404,R_10,4841.84,1,0.05900000000019645,BACKFILL_AUTO
2026-06-19 11:10:06,1781867406,R_10,4841.794,-1,0.046000000000276486,BACKFILL_AUTO
2026-06-19 11:10:08,1781867408,R_10,4841.868,1,0.07400000000052387,BACKFILL_AUTO
2026-06-19 11:10:10,1781867410,R_10,4841.836,-1,0.032000000000152795,BACKFILL_AUTO
2026-06-19 11:10:12,1781867412,R_10,4841.806,-1,0.030000000000654836,BACKFILL_AUTO
2026-06-19 11:10:14,1781867414,R_10,4841.955,1,0.14900000000034197,BACKFILL_AUTO
2026-06-19 11:10:16,1781867416,R_10,4841.81,-1,0.14499999999952706,BACKFILL_AUTO
2026-06-19 11:10:18,1781867418,R_10,4841.831,1,0.02099999999973079,BACKFILL_AUTO
2026-06-19 11:10:20,1781867420,R_10,4841.783,-1,0.047999999999774445,BACKFILL_AUTO
2026-06-19 11:10:22,1781867422,R_10,4841.636,-1,0.14699999999993452,BACKFILL_AUTO
2026-06-19 11:10:24,1781867424,R_10,4841.491,-1,0.14500000000043656,BACKFILL_AUTO
2026-06-19 11:10:26,1781867426,R_10,4841.659,1,0.1679999999996653,BACKFILL_AUTO
2026-06-19 11:10:28,1781867428,R_10,4841.7,1,0.04100000000016735,BACKFILL_AUTO
2026-06-19 11:10:30,1781867430,R_10,4841.737,1,0.037000000000261934,BACKFILL_AUTO
2026-06-19 11:10:32,1781867432,R_10,4841.902,1,0.16499999999996362,BACKFILL_AUTO
2026-06-19 11:10:34,1781867434,R_10,4841.889,-1,0.012999999999919964,BACKFILL_AUTO
2026-06-19 11:10:36,1781867436,R_10,4841.949,1,0.05999999999949068,BACKFILL_AUTO
2026-06-19 11:10:38,1781867438,R_10,4841.799,-1,0.1499999999996362,BACKFILL_AUTO
2026-06-19 11:10:40,1781867440,R_10,4841.918,1,0.11899999999968713,BACKFILL_AUTO
2026-06-19 11:10:42,1781867442,R_10,4842.019,1,0.10100000000056752,BACKFILL_AUTO
2026-06-19 11:10:44,1781867444,R_10,4841.785,-1,0.23400000000037835,BACKFILL_AUTO
2026-06-19 11:10:46,1781867446,R_10,4841.822,1,0.037000000000261934,BACKFILL_AUTO
2026-06-19 11:10:48,1781867448,R_10,4841.817,-1,0.005000000000109139,BACKFILL_AUTO
2026-06-19 11:10:50,1781867450,R_10,4841.961,1,0.14400000000023283,BACKFILL_AUTO
2026-06-19 11:10:52,1781867452,R_10,4842.006,1,0.04500000000007276,BACKFILL_AUTO
2026-06-19 11:10:54,1781867454,R_10,4842.201,1,0.19499999999970896,BACKFILL_AUTO
2026-06-19 11:10:56,1781867456,R_10,4842.264,1,0.06300000000010186,BACKFILL_AUTO
2026-06-19 11:10:58,1781867458,R_10,4842.115,-1,0.14900000000034197,BACKFILL_AUTO
2026-06-19 11:11:00,1781867460,R_10,4842.125,1,0.010000000000218279,BACKFILL_AUTO
2026-06-19 11:11:02,1781867462,R_10,4842.095,-1,0.02999999999974534,BACKFILL_AUTO
2026-06-19 11:11:04,1781867464,R_10,4842.169,1,0.07399999999961437,BACKFILL_AUTO
2026-06-19 11:11:06,1781867466,R_10,4842.189,1,0.020000000000436557,BACKFILL_AUTO
2026-06-19 11:11:08,1781867468,R_10,4842.216,1,0.027000000000043656,BACKFILL_AUTO
2026-06-19 11:11:10,1781867470,R_10,4842.013,-1,0.20300000000042928,BACKFILL_AUTO
2026-06-19 11:11:12,1781867472,R_10,4842.013,0,0.0,BACKFILL_AUTO
2026-06-19 11:11:14,1781867474,R_10,4842.106,1,0.0929999999998472,BACKFILL_AUTO
2026-06-19 11:11:16,1781867476,R_10,4842.387,1,0.28099999999994907,BACKFILL_AUTO
2026-06-19 11:11:18,1781867478,R_10,4842.411,1,0.02400000000034197,BACKFILL_AUTO
2026-06-19 11:11:20,1781867480,R_10,4842.484,1,0.07300000000032014,BACKFILL_AUTO
2026-06-19 11:11:22,1781867482,R_10,4842.596,1,0.11199999999917054,BACKFILL_AUTO
2026-06-19 11:11:24,1781867484,R_10,4842.787,1,0.19100000000071304,BACKFILL_AUTO
2026-06-19 11:11:26,1781867486,R_10,4842.867,1,0.07999999999992724,BACKFILL_AUTO
2026-06-19 11:11:28,1781867488,R_10,4842.726,-1,0.14100000000053114,BACKFILL_AUTO
2026-06-19 11:11:30,1781867490,R_10,4842.641,-1,0.08500000000003638,BACKFILL_AUTO
2026-06-19 11:11:32,1781867492,R_10,4842.544,-1,0.09699999999975262,BACKFILL_AUTO
2026-06-19 11:11:34,1781867494,R_10,4842.418,-1,0.12600000000020373,BACKFILL_AUTO
2026-06-19 11:11:36,1781867496,R_10,4842.414,-1,0.0039999999999054126,BACKFILL_AUTO
2026-06-19 11:11:38,1781867498,R_10,4842.304,-1,0.10999999999967258,BACKFILL_AUTO
2026-06-19 11:11:40,1781867500,R_10,4842.322,1,0.018000000000029104,BACKFILL_AUTO
2026-06-19 11:11:42,1781867502,R_10,4842.198,-1,0.12399999999979627,BACKFILL_AUTO
2026-06-19 11:11:44,1781867504,R_10,4842.026,-1,0.1720000000004802,BACKFILL_AUTO
2026-06-19 11:11:46,1781867506,R_10,4841.984,-1,0.04199999999946158,BACKFILL_AUTO
2026-06-19 11:11:48,1781867508,R_10,4841.909,-1,0.0750000000007276,BACKFILL_AUTO
2026-06-19 11:11:50,1781867510,R_10,4841.846,-1,0.06300000000010186,BACKFILL_AUTO
2026-06-19 11:11:52,1781867512,R_10,4841.911,1,0.06500000000050932,BACKFILL_AUTO
2026-06-19 11:11:54,1781867514,R_10,4842.064,1,0.15300000000024738,BACKFILL_AUTO
2026-06-19 11:11:56,1781867516,R_10,4841.999,-1,0.06500000000050932,BACKFILL_AUTO
2026-06-19 11:11:58,1781867518,R_10,4842.186,1,0.18699999999989814,BACKFILL_AUTO
2026-06-19 11:12:00,1781867520,R_10,4842.26,1,0.07400000000052387,BACKFILL_AUTO
2026-06-19 11:12:02,1781867522,R_10,4842.352,1,0.09199999999964348,BACKFILL_AUTO
2026-06-19 11:12:04,1781867524,R_10,4842.502,1,0.1500000000005457,BACKFILL_AUTO
2026-06-19 11:12:06,1781867526,R_10,4842.692,1,0.18999999999959982,BACKFILL_AUTO
2026-06-19 11:12:08,1781867528,R_10,4842.586,-1,0.10599999999976717,BACKFILL_AUTO
2026-06-19 11:12:10,1781867530,R_10,4842.549,-1,0.037000000000261934,BACKFILL_AUTO
2026-06-19 11:12:12,1781867532,R_10,4842.37,-1,0.1790000000000873,BACKFILL_AUTO
2026-06-19 11:12:14,1781867534,R_10,4842.334,-1,0.03600000000005821,BACKFILL_AUTO
2026-06-19 11:12:16,1781867536,R_10,4842.223,-1,0.11099999999987631,BACKFILL_AUTO
2026-06-19 11:12:18,1781867538,R_10,4842.373,1,0.1499999999996362,BACKFILL_AUTO
2026-06-19 11:12:20,1781867540,R_10,4842.416,1,0.0430000000005748,BACKFILL_AUTO
2026-06-19 11:12:22,1781867542,R_10,4842.238,-1,0.17799999999988358,BACKFILL_AUTO
2026-06-19 11:12:24,1781867544,R_10,4842.188,-1,0.0500000000001819,BACKFILL_AUTO
2026-06-19 11:12:26,1781867546,R_10,4842.181,-1,0.007000000000516593,BACKFILL_AUTO
2026-06-19 11:12:28,1781867548,R_10,4842.255,1,0.07400000000052387,BACKFILL_AUTO
2026-06-19 11:12:30,1781867550,R_10,4842.313,1,0.057999999999992724,BACKFILL_AUTO
2026-06-19 11:12:32,1781867552,R_10,4842.494,1,0.18099999999958527,BACKFILL_AUTO
2026-06-19 11:12:34,1781867554,R_10,4842.421,-1,0.07299999999941065,BACKFILL_AUTO
2026-06-19 11:12:36,1781867556,R_10,4842.407,-1,0.014000000000123691,BACKFILL_AUTO
2026-06-19 11:12:38,1781867558,R_10,4842.216,-1,0.19099999999980355,BACKFILL_AUTO
2026-06-19 11:12:40,1781867560,R_10,4842.37,1,0.15399999999954161,BACKFILL_AUTO
2026-06-19 11:12:42,1781867562,R_10,4842.529,1,0.15900000000056025,BACKFILL_AUTO
2026-06-19 11:12:44,1781867564,R_10,4842.6,1,0.07099999999991269,BACKFILL_AUTO
2026-06-19 11:12:46,1781867566,R_10,4842.762,1,0.16199999999935244,BACKFILL_AUTO
2026-06-19 11:12:48,1781867568,R_10,4842.702,-1,0.05999999999949068,BACKFILL_AUTO
2026-06-19 11:12:50,1781867570,R_10,4842.656,-1,0.046000000000276486,BACKFILL_AUTO
2026-06-19 11:12:52,1781867572,R_10,4842.706,1,0.0500000000001819,BACKFILL_AUTO
2026-06-19 11:12:54,1781867574,R_10,4842.643,-1,0.06300000000010186,BACKFILL_AUTO
2026-06-19 11:12:56,1781867576,R_10,4842.798,1,0.15499999999974534,BACKFILL_AUTO
2026-06-19 11:12:58,1781867578,R_10,4842.963,1,0.16499999999996362,BACKFILL_AUTO
2026-06-19 11:13:00,1781867580,R_10,4842.998,1,0.03499999999985448,BACKFILL_AUTO
2026-06-19 11:13:02,1781867582,R_10,4843.069,1,0.07100000000082218,BACKFILL_AUTO
2026-06-19 11:13:04,1781867584,R_10,4843.12,1,0.05099999999947613,BACKFILL_AUTO
2026-06-19 11:13:06,1781867586,R_10,4843.097,-1,0.023000000000138243,BACKFILL_AUTO
2026-06-19 11:13:08,1781867588,R_10,4842.919,-1,0.17799999999988358,BACKFILL_AUTO
2026-06-19 11:13:10,1781867590,R_10,4842.726,-1,0.193000000000211,BACKFILL_AUTO
2026-06-19 11:13:12,1781867592,R_10,4842.985,1,0.25900000000001455,BACKFILL_AUTO
2026-06-19 11:13:14,1781867594,R_10,4842.87,-1,0.11499999999978172,BACKFILL_AUTO
2026-06-19 11:13:16,1781867596,R_10,4842.896,1,0.02599999999983993,BACKFILL_AUTO
2026-06-19 11:13:18,1781867598,R_10,4842.734,-1,0.16199999999935244,BACKFILL_AUTO
2026-06-19 11:13:20,1781867600,R_10,4842.522,-1,0.21200000000044383,BACKFILL_AUTO
2026-06-19 11:13:22,1781867602,R_10,4842.674,1,0.15200000000004366,BACKFILL_AUTO
2026-06-19 11:13:24,1781867604,R_10,4842.476,-1,0.19800000000032014,BACKFILL_AUTO
2026-06-19 11:13:26,1781867606,R_10,4842.508,1,0.032000000000152795,BACKFILL_AUTO
2026-06-19 11:13:28,1781867608,R_10,4842.361,-1,0.14699999999993452,BACKFILL_AUTO
2026-06-19 11:13:30,1781867610,R_10,4842.37,1,0.009000000000014552,BACKFILL_AUTO
2026-06-19 11:13:32,1781867612,R_10,4842.529,1,0.15900000000056025,BACKFILL_AUTO
2026-06-19 11:13:34,1781867614,R_10,4842.548,1,0.018999999999323336,BACKFILL_AUTO
2026-06-19 11:13:36,1781867616,R_10,4842.637,1,0.08899999999994179,BACKFILL_AUTO
2026-06-19 11:13:38,1781867618,R_10,4842.585,-1,0.05199999999967986,BACKFILL_AUTO
2026-06-19 11:13:40,1781867620,R_10,4842.645,1,0.06000000000040018,BACKFILL_AUTO
2026-06-19 11:13:42,1781867622,R_10,4842.646,1,0.0009999999992942321,BACKFILL_AUTO
2026-06-19 11:13:44,1781867624,R_10,4842.574,-1,0.07200000000011642,BACKFILL_AUTO
2026-06-19 11:13:46,1781867626,R_10,4842.629,1,0.05500000000029104,BACKFILL_AUTO
2026-06-19 11:13:48,1781867628,R_10,4842.754,1,0.125,BACKFILL_AUTO
2026-06-19 11:13:50,1781867630,R_10,4842.806,1,0.05199999999967986,BACKFILL_AUTO
2026-06-19 11:13:52,1781867632,R_10,4842.794,-1,0.011999999999716238,BACKFILL_AUTO
2026-06-19 11:13:54,1781867634,R_10,4842.802,1,0.007999999999810825,BACKFILL_AUTO
2026-06-19 11:13:56,1781867636,R_10,4842.909,1,0.1069999999999709,BACKFILL_AUTO
2026-06-19 11:13:58,1781867638,R_10,4842.922,1,0.012999999999919964,BACKFILL_AUTO
2026-06-19 11:14:00,1781867640,R_10,4842.807,-1,0.11499999999978172,BACKFILL_AUTO
2026-06-19 11:14:02,1781867642,R_10,4842.738,-1,0.06899999999950523,BACKFILL_AUTO
2026-06-19 11:14:04,1781867644,R_10,4842.707,-1,0.03099999999994907,BACKFILL_AUTO
2026-06-19 11:14:06,1781867646,R_10,4842.658,-1,0.04899999999997817,BACKFILL_AUTO
2026-06-19 11:14:08,1781867648,R_10,4842.641,-1,0.01700000000073487,BACKFILL_AUTO
2026-06-19 11:14:10,1781867650,R_10,4842.665,1,0.02400000000034197,BACKFILL_AUTO
2026-06-19 11:14:12,1781867652,R_10,4842.659,-1,0.006000000000312866,BACKFILL_AUTO
2026-06-19 11:14:14,1781867654,R_10,4842.767,1,0.10800000000017462,BACKFILL_AUTO
2026-06-19 11:14:16,1781867656,R_10,4842.939,1,0.1720000000004802,BACKFILL_AUTO
2026-06-19 11:14:18,1781867658,R_10,4842.903,-1,0.03600000000005821,BACKFILL_AUTO
2026-06-19 11:14:20,1781867660,R_10,4842.96,1,0.056999999999789,BACKFILL_AUTO
2026-06-19 11:14:22,1781867662,R_10,4842.852,-1,0.10800000000017462,BACKFILL_AUTO
2026-06-19 11:14:24,1781867664,R_10,4842.932,1,0.07999999999992724,BACKFILL_AUTO
2026-06-19 11:14:26,1781867666,R_10,4842.845,-1,0.08699999999953434,BACKFILL_AUTO
2026-06-19 11:14:28,1781867668,R_10,4843.013,1,0.1679999999996653,BACKFILL_AUTO
2026-06-19 11:14:30,1781867670,R_10,4843.152,1,0.1390000000001237,BACKFILL_AUTO
2026-06-19 11:14:32,1781867672,R_10,4843.206,1,0.05400000000008731,BACKFILL_AUTO
2026-06-19 11:14:34,1781867674,R_10,4843.287,1,0.08100000000013097,BACKFILL_AUTO
2026-06-19 11:14:36,1781867676,R_10,4843.406,1,0.11899999999968713,BACKFILL_AUTO
2026-06-19 11:14:38,1781867678,R_10,4843.4,-1,0.006000000000312866,BACKFILL_AUTO
2026-06-19 11:14:40,1781867680,R_10,4843.24,-1,0.15999999999985448,BACKFILL_AUTO
2026-06-19 11:14:42,1781867682,R_10,4843.271,1,0.03099999999994907,BACKFILL_AUTO
2026-06-19 11:14:44,1781867684,R_10,4843.289,1,0.018000000000029104,BACKFILL_AUTO
2026-06-19 11:14:46,1781867686,R_10,4843.313,1,0.02400000000034197,BACKFILL_AUTO
2026-06-19 11:14:48,1781867688,R_10,4843.453,1,0.14000000000032742,BACKFILL_AUTO
2026-06-19 11:14:50,1781867690,R_10,4843.462,1,0.009000000000014552,BACKFILL_AUTO
2026-06-19 11:14:52,1781867692,R_10,4843.451,-1,0.011000000000422006,BACKFILL_AUTO
2026-06-19 11:14:54,1781867694,R_10,4843.094,-1,0.3569999999999709,BACKFILL_AUTO
2026-06-19 11:14:56,1781867696,R_10,4843.291,1,0.19700000000011642,BACKFILL_AUTO
2026-06-19 11:14:58,1781867698,R_10,4843.273,-1,0.018000000000029104,BACKFILL_AUTO
2026-06-19 11:15:00,1781867700,R_10,4843.241,-1,0.032000000000152795,BACKFILL_AUTO
2026-06-19 11:15:02,1781867702,R_10,4843.29,1,0.04899999999997817,BACKFILL_AUTO
2026-06-19 11:15:04,1781867704,R_10,4843.292,1,0.0020000000004074536,BACKFILL_AUTO
2026-06-19 11:15:06,1781867706,R_10,4843.471,1,0.17899999999917782,BACKFILL_AUTO
2026-06-19 11:15:08,1781867708,R_10,4843.82,1,0.34900000000016007,BACKFILL_AUTO
2026-06-19 11:15:10,1781867710,R_10,4843.786,-1,0.033999999999650754,BACKFILL_AUTO
2026-06-19 11:15:12,1781867712,R_10,4844.136,1,0.3500000000003638,BACKFILL_AUTO
2026-06-19 11:15:14,1781867714,R_10,4844.088,-1,0.04800000000068394,BACKFILL_AUTO
2026-06-19 11:15:16,1781867716,R_10,4843.968,-1,0.11999999999989086,BACKFILL_AUTO
2026-06-19 11:15:18,1781867718,R_10,4844.087,1,0.11900000000059663,BACKFILL_AUTO
2026-06-19 11:15:20,1781867720,R_10,4844.068,-1,0.01900000000023283,BACKFILL_AUTO
2026-06-19 11:15:22,1781867722,R_10,4844.115,1,0.04699999999957072,BACKFILL_AUTO
2026-06-19 11:15:24,1781867724,R_10,4844.265,1,0.1500000000005457,BACKFILL_AUTO
2026-06-19 11:15:26,1781867726,R_10,4844.475,1,0.21000000000003638,BACKFILL_AUTO
2026-06-19 11:15:28,1781867728,R_10,4844.53,1,0.054999999999381544,BACKFILL_AUTO
2026-06-19 11:15:30,1781867730,R_10,4844.333,-1,0.19700000000011642,BACKFILL_AUTO
2026-06-19 11:15:32,1781867732,R_10,4844.291,-1,0.04199999999946158,BACKFILL_AUTO
2026-06-19 11:15:34,1781867734,R_10,4844.397,1,0.10599999999976717,BACKFILL_AUTO
2026-06-19 11:15:36,1781867736,R_10,4844.393,-1,0.0039999999999054126,BACKFILL_AUTO
2026-06-19 11:15:38,1781867738,R_10,4844.366,-1,0.027000000000043656,BACKFILL_AUTO
2026-06-19 11:15:40,1781867740,R_10,4843.985,-1,0.38100000000031287,BACKFILL_AUTO
2026-06-19 11:15:42,1781867742,R_10,4844.045,1,0.06000000000040018,BACKFILL_AUTO
2026-06-19 11:15:44,1781867744,R_10,4844.139,1,0.09400000000005093,BACKFILL_AUTO
2026-06-19 11:15:46,1781867746,R_10,4844.225,1,0.0860000000002401,BACKFILL_AUTO
2026-06-19 11:15:48,1781867748,R_10,4844.387,1,0.16199999999935244,BACKFILL_AUTO
2026-06-19 11:15:50,1781867750,R_10,4844.434,1,0.04700000000048021,BACKFILL_AUTO
2026-06-19 11:15:52,1781867752,R_10,4844.509,1,0.0749999999998181,BACKFILL_AUTO
2026-06-19 11:15:54,1781867754,R_10,4844.576,1,0.06700000000000728,BACKFILL_AUTO
2026-06-19 11:15:56,1781867756,R_10,4844.667,1,0.09100000000034925,BACKFILL_AUTO
2026-06-19 11:15:58,1781867758,R_10,4844.673,1,0.0059999999994033715,BACKFILL_AUTO
2026-06-19 11:16:00,1781867760,R_10,4844.383,-1,0.2899999999999636,BACKFILL_AUTO
2026-06-19 11:16:02,1781867762,R_10,4844.358,-1,0.024999999999636202,BACKFILL_AUTO
2026-06-19 11:16:04,1781867764,R_10,4844.408,1,0.0500000000001819,BACKFILL_AUTO
2026-06-19 11:16:06,1781867766,R_10,4844.283,-1,0.125,BACKFILL_AUTO
2026-06-19 11:16:08,1781867768,R_10,4844.32,1,0.03699999999935244,BACKFILL_AUTO
2026-06-19 11:16:10,1781867770,R_10,4844.381,1,0.061000000000603904,BACKFILL_AUTO
2026-06-19 11:16:12,1781867772,R_10,4844.398,1,0.016999999999825377,BACKFILL_AUTO
2026-06-19 11:16:14,1781867774,R_10,4844.401,1,0.0029999999997016857,BACKFILL_AUTO
2026-06-19 11:16:16,1781867776,R_10,4844.237,-1,0.1639999999997599,BACKFILL_AUTO
2026-06-19 11:16:18,1781867778,R_10,4844.327,1,0.09000000000014552,BACKFILL_AUTO
2026-06-19 11:16:20,1781867780,R_10,4844.324,-1,0.0030000000006111804,BACKFILL_AUTO
2026-06-19 11:16:22,1781867782,R_10,4844.237,-1,0.08699999999953434,BACKFILL_AUTO
2026-06-19 11:16:24,1781867784,R_10,4844.064,-1,0.17299999999977445,BACKFILL_AUTO
2026-06-19 11:16:26,1781867786,R_10,4843.96,-1,0.10400000000026921,BACKFILL_AUTO
2026-06-19 11:16:28,1781867788,R_10,4843.792,-1,0.1679999999996653,BACKFILL_AUTO
2026-06-19 11:16:30,1781867790,R_10,4843.91,1,0.11799999999948341,BACKFILL_AUTO
2026-06-19 11:16:32,1781867792,R_10,4843.812,-1,0.09799999999995634,BACKFILL_AUTO
2026-06-19 11:16:34,1781867794,R_10,4843.82,1,0.007999999999810825,BACKFILL_AUTO
2026-06-19 11:16:36,1781867796,R_10,4843.772,-1,0.047999999999774445,BACKFILL_AUTO
2026-06-19 11:16:38,1781867798,R_10,4843.797,1,0.024999999999636202,BACKFILL_AUTO
2026-06-19 11:16:40,1781867800,R_10,4843.879,1,0.0820000000003347,BACKFILL_AUTO
2026-06-19 11:16:42,1781867802,R_10,4843.703,-1,0.17599999999947613,BACKFILL_AUTO
2026-06-19 11:16:44,1781867804,R_10,4843.71,1,0.006999999999607098,BACKFILL_AUTO
2026-06-19 11:16:46,1781867806,R_10,4843.835,1,0.125,BACKFILL_AUTO
2026-06-19 11:16:48,1781867808,R_10,4843.901,1,0.06599999999980355,BACKFILL_AUTO
2026-06-19 11:16:50,1781867810,R_10,4844.123,1,0.22199999999975262,BACKFILL_AUTO
2026-06-19 11:16:52,1781867812,R_10,4844.182,1,0.05900000000019645,BACKFILL_AUTO
2026-06-19 11:16:54,1781867814,R_10,4844.021,-1,0.1610000000000582,BACKFILL_AUTO
2026-06-19 11:16:56,1781867816,R_10,4843.769,-1,0.25199999999949796,BACKFILL_AUTO
2026-06-19 11:16:58,1781867818,R_10,4843.858,1,0.08899999999994179,BACKFILL_AUTO
2026-06-19 11:17:00,1781867820,R_10,4843.871,1,0.012999999999919964,BACKFILL_AUTO
2026-06-19 11:17:02,1781867822,R_10,4843.949,1,0.07799999999951979,BACKFILL_AUTO
2026-06-19 11:17:04,1781867824,R_10,4844.015,1,0.06600000000071304,BACKFILL_AUTO
2026-06-19 11:17:06,1781867826,R_10,4843.842,-1,0.17300000000068394,BACKFILL_AUTO
2026-06-19 11:17:08,1781867828,R_10,4843.694,-1,0.14799999999922875,BACKFILL_AUTO
2026-06-19 11:17:10,1781867830,R_10,4843.713,1,0.018999999999323336,BACKFILL_AUTO
2026-06-19 11:17:12,1781867832,R_10,4843.57,-1,0.1430000000000291,BACKFILL_AUTO
2026-06-19 11:17:14,1781867834,R_10,4843.538,-1,0.032000000000152795,BACKFILL_AUTO
2026-06-19 11:17:16,1781867836,R_10,4843.412,-1,0.12599999999929423,BACKFILL_AUTO
2026-06-19 11:17:18,1781867838,R_10,4843.356,-1,0.056000000000494765,BACKFILL_AUTO
2026-06-19 11:17:20,1781867840,R_10,4843.252,-1,0.10399999999935972,BACKFILL_AUTO
2026-06-19 11:17:22,1781867842,R_10,4843.266,1,0.013999999999214197,BACKFILL_AUTO
2026-06-19 11:17:24,1781867844,R_10,4843.195,-1,0.07099999999991269,BACKFILL_AUTO
2026-06-19 11:17:26,1781867846,R_10,4843.382,1,0.18699999999989814,BACKFILL_AUTO
2026-06-19 11:17:28,1781867848,R_10,4843.411,1,0.02900000000045111,BACKFILL_AUTO
2026-06-19 11:17:30,1781867850,R_10,4843.677,1,0.26599999999962165,BACKFILL_AUTO
2026-06-19 11:17:32,1781867852,R_10,4843.702,1,0.025000000000545697,BACKFILL_AUTO
2026-06-19 11:17:34,1781867854,R_10,4843.739,1,0.03699999999935244,BACKFILL_AUTO
2026-06-19 11:17:36,1781867856,R_10,4843.75,1,0.011000000000422006,BACKFILL_AUTO
2026-06-19 11:17:38,1781867858,R_10,4843.755,1,0.005000000000109139,BACKFILL_AUTO
2026-06-19 11:17:40,1781867860,R_10,4843.712,-1,0.042999999999665306,BACKFILL_AUTO
2026-06-19 11:17:42,1781867862,R_10,4843.806,1,0.09399999999914144,BACKFILL_AUTO
2026-06-19 11:17:44,1781867864,R_10,4843.735,-1,0.07099999999991269,BACKFILL_AUTO
2026-06-19 11:17:46,1781867866,R_10,4843.847,1,0.11200000000008004,BACKFILL_AUTO
2026-06-19 11:17:48,1781867868,R_10,4843.787,-1,0.05999999999949068,BACKFILL_AUTO
2026-06-19 11:17:50,1781867870,R_10,4843.698,-1,0.08899999999994179,BACKFILL_AUTO
2026-06-19 11:17:52,1781867872,R_10,4843.802,1,0.10399999999935972,BACKFILL_AUTO
2026-06-19 11:17:54,1781867874,R_10,4843.984,1,0.1820000000006985,BACKFILL_AUTO
2026-06-19 11:17:56,1781867876,R_10,4843.957,-1,0.027000000000043656,BACKFILL_AUTO
2026-06-19 11:17:58,1781867878,R_10,4844.163,1,0.20599999999922147,BACKFILL_AUTO
2026-06-19 11:18:00,1781867880,R_10,4844.249,1,0.0860000000002401,BACKFILL_AUTO
2026-06-19 11:18:02,1781867882,R_10,4844.57,1,0.3209999999999127,BACKFILL_AUTO
2026-06-19 11:18:04,1781867884,R_10,4844.741,1,0.1710000000002765,BACKFILL_AUTO
2026-06-19 11:18:06,1781867886,R_10,4844.728,-1,0.012999999999919964,BACKFILL_AUTO
2026-06-19 11:18:08,1781867888,R_10,4844.691,-1,0.037000000000261934,BACKFILL_AUTO
2026-06-19 11:18:10,1781867890,R_10,4844.799,1,0.10800000000017462,BACKFILL_AUTO
2026-06-19 11:18:12,1781867892,R_10,4844.726,-1,0.07300000000032014,BACKFILL_AUTO
2026-06-19 11:18:14,1781867894,R_10,4844.471,-1,0.25500000000010914,BACKFILL_AUTO
2026-06-19 11:18:16,1781867896,R_10,4844.437,-1,0.033999999999650754,BACKFILL_AUTO
2026-06-19 11:18:18,1781867898,R_10,4844.615,1,0.17799999999988358,BACKFILL_AUTO
2026-06-19 11:18:20,1781867900,R_10,4844.739,1,0.12399999999979627,BACKFILL_AUTO
2026-06-19 11:18:22,1781867902,R_10,4844.49,-1,0.24899999999979627,BACKFILL_AUTO
2026-06-19 11:18:24,1781867904,R_10,4844.429,-1,0.06099999999969441,BACKFILL_AUTO
2026-06-19 11:18:26,1781867906,R_10,4844.411,-1,0.018000000000029104,BACKFILL_AUTO
2026-06-19 11:18:28,1781867908,R_10,4844.326,-1,0.08500000000003638,BACKFILL_AUTO
2026-06-19 11:18:30,1781867910,R_10,4844.25,-1,0.07600000000002183,BACKFILL_AUTO
2026-06-19 11:18:32,1781867912,R_10,4844.094,-1,0.15599999999994907,BACKFILL_AUTO
2026-06-19 11:18:34,1781867914,R_10,4844.482,1,0.38799999999991996,BACKFILL_AUTO
2026-06-19 11:18:36,1781867916,R_10,4844.47,-1,0.011999999999716238,BACKFILL_AUTO
2026-06-19 11:18:38,1781867918,R_10,4844.315,-1,0.15500000000065484,BACKFILL_AUTO
2026-06-19 11:18:40,1781867920,R_10,4844.327,1,0.012000000000625732,BACKFILL_AUTO
2026-06-19 11:18:42,1781867922,R_10,4844.311,-1,0.016000000000531145,BACKFILL_AUTO
2026-06-19 11:18:44,1781867924,R_10,4844.318,1,0.007000000000516593,BACKFILL_AUTO
2026-06-19 11:18:46,1781867926,R_10,4844.426,1,0.10800000000017462,BACKFILL_AUTO
2026-06-19 11:18:48,1781867928,R_10,4844.346,-1,0.08000000000083674,BACKFILL_AUTO
2026-06-19 11:18:50,1781867930,R_10,4844.467,1,0.12100000000009459,BACKFILL_AUTO
2026-06-19 11:18:52,1781867932,R_10,4844.298,-1,0.16899999999986903,BACKFILL_AUTO
2026-06-19 11:18:54,1781867934,R_10,4844.162,-1,0.1359999999995125,BACKFILL_AUTO
2026-06-19 11:18:56,1781867936,R_10,4844.165,1,0.0029999999997016857,BACKFILL_AUTO
2026-06-19 11:18:58,1781867938,R_10,4844.107,-1,0.057999999999992724,BACKFILL_AUTO
2026-06-19 11:19:00,1781867940,R_10,4844.282,1,0.1750000000001819,BACKFILL_AUTO
2026-06-19 11:19:02,1781867942,R_10,4844.355,1,0.07299999999941065,BACKFILL_AUTO
2026-06-19 11:19:04,1781867944,R_10,4844.334,-1,0.02099999999973079,BACKFILL_AUTO
2026-06-19 11:19:06,1781867946,R_10,4844.106,-1,0.22800000000006548,BACKFILL_AUTO
2026-06-19 11:19:08,1781867948,R_10,4844.093,-1,0.012999999999919964,BACKFILL_AUTO
2026-06-19 11:19:10,1781867950,R_10,4844.072,-1,0.02099999999973079,BACKFILL_AUTO
2026-06-19 11:19:12,1781867952,R_10,4844.004,-1,0.068000000000211,BACKFILL_AUTO
2026-06-19 11:19:14,1781867954,R_10,4844.034,1,0.02999999999974534,BACKFILL_AUTO
2026-06-19 11:19:16,1781867956,R_10,4844.126,1,0.09200000000055297,BACKFILL_AUTO
2026-06-19 11:19:18,1781867958,R_10,4844.138,1,0.011999999999716238,BACKFILL_AUTO
2026-06-19 11:19:20,1781867960,R_10,4844.528,1,0.3900000000003274,BACKFILL_AUTO
2026-06-19 11:19:22,1781867962,R_10,4844.498,-1,0.030000000000654836,BACKFILL_AUTO
2026-06-19 11:19:24,1781867964,R_10,4844.503,1,0.005000000000109139,BACKFILL_AUTO
2026-06-19 11:19:26,1781867966,R_10,4844.444,-1,0.058999999999286956,BACKFILL_AUTO
2026-06-19 11:19:28,1781867968,R_10,4844.624,1,0.17999999999938154,BACKFILL_AUTO
2026-06-19 11:19:30,1781867970,R_10,4844.455,-1,0.16899999999986903,BACKFILL_AUTO
2026-06-19 11:19:32,1781867972,R_10,4844.442,-1,0.012999999999919964,BACKFILL_AUTO
2026-06-19 11:19:34,1781867974,R_10,4844.459,1,0.016999999999825377,BACKFILL_AUTO
2026-06-19 11:19:36,1781867976,R_10,4844.548,1,0.08899999999994179,BACKFILL_AUTO
2026-06-19 11:19:38,1781867978,R_10,4844.681,1,0.13299999999981083,BACKFILL_AUTO
2026-06-19 11:19:40,1781867980,R_10,4844.541,-1,0.13999999999941792,BACKFILL_AUTO
2026-06-19 11:19:42,1781867982,R_10,4844.443,-1,0.09799999999995634,BACKFILL_AUTO
2026-06-19 11:19:44,1781867984,R_10,4844.499,1,0.05599999999958527,BACKFILL_AUTO
2026-06-19 11:19:46,1781867986,R_10,4844.579,1,0.07999999999992724,BACKFILL_AUTO
2026-06-19 11:19:48,1781867988,R_10,4844.321,-1,0.2579999999998108,BACKFILL_AUTO
2026-06-19 11:19:50,1781867990,R_10,4844.182,-1,0.1390000000001237,BACKFILL_AUTO
2026-06-19 11:19:52,1781867992,R_10,4843.959,-1,0.22299999999995634,BACKFILL_AUTO
2026-06-19 11:19:54,1781867994,R_10,4843.972,1,0.012999999999919964,BACKFILL_AUTO
2026-06-19 11:19:56,1781867996,R_10,4843.981,1,0.009000000000014552,BACKFILL_AUTO
2026-06-19 11:19:58,1781867998,R_10,4843.824,-1,0.1570000000001528,BACKFILL_AUTO
2026-06-19 11:20:00,1781868000,R_10,4843.813,-1,0.01099999999951251,BACKFILL_AUTO
2026-06-19 11:20:02,1781868002,R_10,4843.81,-1,0.0029999999997016857,BACKFILL_AUTO
2026-06-19 11:20:04,1781868004,R_10,4843.677,-1,0.13300000000072032,BACKFILL_AUTO
2026-06-19 11:20:06,1781868006,R_10,4843.6,-1,0.07699999999931606,BACKFILL_AUTO
2026-06-19 11:20:08,1781868008,R_10,4843.644,1,0.04399999999986903,BACKFILL_AUTO
2026-06-19 11:20:10,1781868010,R_10,4843.588,-1,0.056000000000494765,BACKFILL_AUTO
2026-06-19 11:20:12,1781868012,R_10,4843.769,1,0.18100000000049477,BACKFILL_AUTO
2026-06-19 11:20:14,1781868014,R_10,4843.677,-1,0.09200000000055297,BACKFILL_AUTO
2026-06-19 11:20:16,1781868016,R_10,4843.539,-1,0.13799999999991996,BACKFILL_AUTO
2026-06-19 11:20:18,1781868018,R_10,4843.672,1,0.13299999999981083,BACKFILL_AUTO
2026-06-19 11:20:20,1781868020,R_10,4843.594,-1,0.07799999999951979,BACKFILL_AUTO
2026-06-19 11:20:22,1781868022,R_10,4843.729,1,0.13500000000021828,BACKFILL_AUTO
2026-06-19 11:20:24,1781868024,R_10,4843.591,-1,0.13799999999991996,BACKFILL_AUTO
2026-06-19 11:20:26,1781868026,R_10,4843.545,-1,0.046000000000276486,BACKFILL_AUTO
2026-06-19 11:20:28,1781868028,R_10,4843.737,1,0.19200000000000728,BACKFILL_AUTO
2026-06-19 11:20:30,1781868030,R_10,4843.822,1,0.08500000000003638,BACKFILL_AUTO
2026-06-19 11:20:32,1781868032,R_10,4843.832,1,0.010000000000218279,BACKFILL_AUTO
2026-06-19 11:20:34,1781868034,R_10,4843.948,1,0.11599999999998545,BACKFILL_AUTO
2026-06-19 11:20:36,1781868036,R_10,4844.036,1,0.08799999999973807,BACKFILL_AUTO
2026-06-19 11:20:38,1781868038,R_10,4843.97,-1,0.06599999999980355,BACKFILL_AUTO
2026-06-19 11:20:40,1781868040,R_10,4844.17,1,0.1999999999998181,BACKFILL_AUTO
2026-06-19 11:20:42,1781868042,R_10,4844.217,1,0.04699999999957072,BACKFILL_AUTO
2026-06-19 11:20:44,1781868044,R_10,4844.162,-1,0.054999999999381544,BACKFILL_AUTO
2026-06-19 11:20:46,1781868046,R_10,4844.274,1,0.11200000000008004,BACKFILL_AUTO
2026-06-19 11:20:48,1781868048,R_10,4844.169,-1,0.10500000000047294,BACKFILL_AUTO
2026-06-19 11:20:50,1781868050,R_10,4844.241,1,0.07200000000011642,BACKFILL_AUTO
2026-06-19 11:20:52,1781868052,R_10,4844.27,1,0.02900000000045111,BACKFILL_AUTO
2026-06-19 11:20:54,1781868054,R_10,4844.146,-1,0.12400000000070577,BACKFILL_AUTO
2026-06-19 11:20:56,1781868056,R_10,4844.004,-1,0.14199999999982538,BACKFILL_AUTO
2026-06-19 11:20:58,1781868058,R_10,4843.955,-1,0.04899999999997817,BACKFILL_AUTO
2026-06-19 11:21:00,1781868060,R_10,4843.698,-1,0.2569999999996071,BACKFILL_AUTO
2026-06-19 11:21:02,1781868062,R_10,4843.654,-1,0.04399999999986903,BACKFILL_AUTO
2026-06-19 11:21:04,1781868064,R_10,4843.413,-1,0.24100000000089494,BACKFILL_AUTO
2026-06-19 11:21:06,1781868066,R_10,4843.437,1,0.02400000000034197,BACKFILL_AUTO
2026-06-19 11:21:08,1781868068,R_10,4843.247,-1,0.18999999999959982,BACKFILL_AUTO
2026-06-19 11:21:10,1781868070,R_10,4843.49,1,0.2429999999994834,BACKFILL_AUTO
2026-06-19 11:21:12,1781868072,R_10,4843.678,1,0.18800000000010186,BACKFILL_AUTO
2026-06-19 11:21:14,1781868074,R_10,4843.582,-1,0.09599999999954889,BACKFILL_AUTO
2026-06-19 11:21:16,1781868076,R_10,4843.649,1,0.06700000000000728,BACKFILL_AUTO
2026-06-19 11:21:18,1781868078,R_10,4843.438,-1,0.2110000000002401,BACKFILL_AUTO
2026-06-19 11:21:20,1781868080,R_10,4843.345,-1,0.0929999999998472,BACKFILL_AUTO
2026-06-19 11:21:22,1781868082,R_10,4843.315,-1,0.030000000000654836,BACKFILL_AUTO
2026-06-19 11:21:24,1781868084,R_10,4843.405,1,0.09000000000014552,BACKFILL_AUTO
2026-06-19 11:21:26,1781868086,R_10,4843.479,1,0.07400000000052387,BACKFILL_AUTO
2026-06-19 11:21:28,1781868088,R_10,4843.659,1,0.17999999999938154,BACKFILL_AUTO
2026-06-19 11:21:30,1781868090,R_10,4843.762,1,0.10300000000006548,BACKFILL_AUTO
2026-06-19 11:21:32,1781868092,R_10,4843.78,1,0.018000000000029104,BACKFILL_AUTO
2026-06-19 11:21:34,1781868094,R_10,4843.631,-1,0.14899999999943248,BACKFILL_AUTO
2026-06-19 11:21:36,1781868096,R_10,4843.431,-1,0.2000000000007276,BACKFILL_AUTO
2026-06-19 11:21:38,1781868098,R_10,4843.367,-1,0.0639999999993961,BACKFILL_AUTO
2026-06-19 11:21:40,1781868100,R_10,4843.455,1,0.08799999999973807,BACKFILL_AUTO
2026-06-19 11:21:42,1781868102,R_10,4843.472,1,0.016999999999825377,BACKFILL_AUTO
2026-06-19 11:21:44,1781868104,R_10,4843.462,-1,0.009999999999308784,BACKFILL_AUTO
2026-06-19 11:21:46,1781868106,R_10,4843.515,1,0.052999999999883585,BACKFILL_AUTO
2026-06-19 11:21:48,1781868108,R_10,4843.595,1,0.07999999999992724,BACKFILL_AUTO
2026-06-19 11:21:50,1781868110,R_10,4843.631,1,0.03600000000005821,BACKFILL_AUTO
2026-06-19 11:21:52,1781868112,R_10,4843.71,1,0.07899999999972351,BACKFILL_AUTO
2026-06-19 11:21:54,1781868114,R_10,4843.677,-1,0.03300000000035652,BACKFILL_AUTO
2026-06-19 11:21:56,1781868116,R_10,4843.649,-1,0.027999999999337888,BACKFILL_AUTO
2026-06-19 11:21:58,1781868118,R_10,4843.79,1,0.14099999999962165,BACKFILL_AUTO
2026-06-19 11:22:00,1781868120,R_10,4843.757,-1,0.03300000000035652,BACKFILL_AUTO
2026-06-19 11:22:02,1781868122,R_10,4843.638,-1,0.11899999999968713,BACKFILL_AUTO
2026-06-19 11:22:04,1781868124,R_10,4843.693,1,0.05500000000029104,BACKFILL_AUTO
2026-06-19 11:22:06,1781868126,R_10,4843.534,-1,0.15900000000056025,BACKFILL_AUTO
2026-06-19 11:22:08,1781868128,R_10,4843.529,-1,0.004999999999199645,BACKFILL_AUTO
2026-06-19 11:22:10,1781868130,R_10,4843.51,-1,0.01900000000023283,BACKFILL_AUTO
2026-06-19 11:22:12,1781868132,R_10,4843.403,-1,0.1069999999999709,BACKFILL_AUTO
2026-06-19 11:22:14,1781868134,R_10,4843.338,-1,0.06500000000050932,BACKFILL_AUTO
2026-06-19 11:22:16,1781868136,R_10,4843.306,-1,0.032000000000152795,BACKFILL_AUTO
2026-06-19 11:22:18,1781868138,R_10,4843.474,1,0.1680000000005748,BACKFILL_AUTO
2026-06-19 11:22:20,1781868140,R_10,4843.532,1,0.057999999999992724,BACKFILL_AUTO
2026-06-19 11:22:22,1781868142,R_10,4843.514,-1,0.018000000000029104,BACKFILL_AUTO
2026-06-19 11:22:24,1781868144,R_10,4843.417,-1,0.09699999999975262,BACKFILL_AUTO
2026-06-19 11:22:26,1781868146,R_10,4843.454,1,0.03699999999935244,BACKFILL_AUTO
2026-06-19 11:22:28,1781868148,R_10,4843.577,1,0.12300000000050204,BACKFILL_AUTO
2026-06-19 11:22:30,1781868150,R_10,4843.618,1,0.04100000000016735,BACKFILL_AUTO
2026-06-19 11:22:32,1781868152,R_10,4843.753,1,0.13499999999930878,BACKFILL_AUTO
2026-06-19 11:22:34,1781868154,R_10,4843.825,1,0.07200000000011642,BACKFILL_AUTO
2026-06-19 11:22:36,1781868156,R_10,4843.83,1,0.005000000000109139,BACKFILL_AUTO
2026-06-19 11:22:38,1781868158,R_10,4843.808,-1,0.021999999999934516,BACKFILL_AUTO
2026-06-19 11:22:40,1781868160,R_10,4843.919,1,0.11099999999987631,BACKFILL_AUTO
2026-06-19 11:22:42,1781868162,R_10,4843.974,1,0.05500000000029104,BACKFILL_AUTO
2026-06-19 11:22:44,1781868164,R_10,4843.793,-1,0.18100000000049477,BACKFILL_AUTO
2026-06-19 11:22:46,1781868166,R_10,4843.445,-1,0.34799999999995634,BACKFILL_AUTO
2026-06-19 11:22:48,1781868168,R_10,4843.59,1,0.14500000000043656,BACKFILL_AUTO
2026-06-19 11:22:50,1781868170,R_10,4843.614,1,0.023999999999432475,BACKFILL_AUTO
2026-06-19 11:22:52,1781868172,R_10,4843.705,1,0.09100000000034925,BACKFILL_AUTO
2026-06-19 11:22:54,1781868174,R_10,4843.688,-1,0.016999999999825377,BACKFILL_AUTO
2026-06-19 11:22:56,1781868176,R_10,4843.621,-1,0.06700000000000728,BACKFILL_AUTO
2026-06-19 11:22:58,1781868178,R_10,4843.701,1,0.07999999999992724,BACKFILL_AUTO
2026-06-19 11:23:00,1781868180,R_10,4843.694,-1,0.006999999999607098,BACKFILL_AUTO
2026-06-19 11:23:02,1781868182,R_10,4843.635,-1,0.05900000000019645,BACKFILL_AUTO
2026-06-19 11:23:04,1781868184,R_10,4843.708,1,0.07299999999941065,BACKFILL_AUTO
2026-06-19 11:23:06,1781868186,R_10,4843.794,1,0.0860000000002401,BACKFILL_AUTO
2026-06-19 11:23:08,1781868188,R_10,4843.627,-1,0.16699999999946158,BACKFILL_AUTO
2026-06-19 11:23:10,1781868190,R_10,4843.481,-1,0.14600000000064028,BACKFILL_AUTO
2026-06-19 11:23:12,1781868192,R_10,4843.438,-1,0.042999999999665306,BACKFILL_AUTO
2026-06-19 11:23:14,1781868194,R_10,4843.601,1,0.16299999999955617,BACKFILL_AUTO
2026-06-19 11:23:16,1781868196,R_10,4843.709,1,0.10800000000017462,BACKFILL_AUTO
2026-06-19 11:23:18,1781868198,R_10,4843.56,-1,0.14899999999943248,BACKFILL_AUTO
2026-06-19 11:23:20,1781868200,R_10,4843.818,1,0.2579999999998108,BACKFILL_AUTO
2026-06-19 11:23:22,1781868202,R_10,4843.786,-1,0.032000000000152795,BACKFILL_AUTO
2026-06-19 11:23:24,1781868204,R_10,4843.811,1,0.024999999999636202,BACKFILL_AUTO
2026-06-19 11:23:26,1781868206,R_10,4843.792,-1,0.018999999999323336,BACKFILL_AUTO
2026-06-19 11:23:28,1781868208,R_10,4843.675,-1,0.11700000000018917,BACKFILL_AUTO
2026-06-19 11:23:30,1781868210,R_10,4843.663,-1,0.012000000000625732,BACKFILL_AUTO
2026-06-19 11:23:32,1781868212,R_10,4843.655,-1,0.007999999999810825,BACKFILL_AUTO
2026-06-19 11:23:34,1781868214,R_10,4843.484,-1,0.170999999999367,BACKFILL_AUTO
2026-06-19 11:23:36,1781868216,R_10,4843.45,-1,0.03400000000056025,BACKFILL_AUTO
2026-06-19 11:23:38,1781868218,R_10,4843.529,1,0.07900000000063301,BACKFILL_AUTO
2026-06-19 11:23:40,1781868220,R_10,4843.385,-1,0.14400000000023283,BACKFILL_AUTO
2026-06-19 11:23:42,1781868222,R_10,4843.356,-1,0.02900000000045111,BACKFILL_AUTO
2026-06-19 11:23:44,1781868224,R_10,4843.351,-1,0.005000000000109139,BACKFILL_AUTO
2026-06-19 11:23:46,1781868226,R_10,4843.18,-1,0.170999999999367,BACKFILL_AUTO
2026-06-19 11:23:48,1781868228,R_10,4843.428,1,0.24799999999959255,BACKFILL_AUTO
2026-06-19 11:23:50,1781868230,R_10,4843.327,-1,0.10099999999965803,BACKFILL_AUTO
2026-06-19 11:23:52,1781868232,R_10,4843.449,1,0.12199999999938882,BACKFILL_AUTO
2026-06-19 11:23:54,1781868234,R_10,4843.498,1,0.04899999999997817,BACKFILL_AUTO
2026-06-19 11:23:56,1781868236,R_10,4843.39,-1,0.10799999999926513,BACKFILL_AUTO
2026-06-19 11:23:58,1781868238,R_10,4843.487,1,0.09699999999975262,BACKFILL_AUTO
2026-06-19 11:24:00,1781868240,R_10,4843.857,1,0.36999999999989086,BACKFILL_AUTO
2026-06-19 11:24:02,1781868242,R_10,4843.994,1,0.13699999999971624,BACKFILL_AUTO
2026-06-19 11:24:04,1781868244,R_10,4843.908,-1,0.08599999999933061,BACKFILL_AUTO
2026-06-19 11:24:06,1781868246,R_10,4843.92,1,0.011999999999716238,BACKFILL_AUTO
2026-06-19 11:24:08,1781868248,R_10,4843.869,-1,0.051000000000385626,BACKFILL_AUTO
2026-06-19 11:24:10,1781868250,R_10,4843.756,-1,0.11299999999937427,BACKFILL_AUTO
2026-06-19 11:24:12,1781868252,R_10,4843.521,-1,0.23500000000058208,BACKFILL_AUTO
2026-06-19 11:24:14,1781868254,R_10,4843.527,1,0.006000000000312866,BACKFILL_AUTO
2026-06-19 11:24:16,1781868256,R_10,4843.539,1,0.011999999999716238,BACKFILL_AUTO
2026-06-19 11:24:18,1781868258,R_10,4843.44,-1,0.09900000000016007,BACKFILL_AUTO
2026-06-19 11:24:20,1781868260,R_10,4843.485,1,0.04500000000007276,BACKFILL_AUTO
2026-06-19 11:24:22,1781868262,R_10,4843.543,1,0.057999999999992724,BACKFILL_AUTO
2026-06-19 11:24:24,1781868264,R_10,4843.653,1,0.11000000000058208,BACKFILL_AUTO
2026-06-19 11:24:26,1781868266,R_10,4843.722,1,0.06899999999950523,BACKFILL_AUTO
2026-06-19 11:24:28,1781868268,R_10,4843.708,-1,0.014000000000123691,BACKFILL_AUTO
2026-06-19 11:24:30,1781868270,R_10,4843.45,-1,0.2579999999998108,BACKFILL_AUTO
2026-06-19 11:24:32,1781868272,R_10,4843.309,-1,0.14099999999962165,BACKFILL_AUTO
2026-06-19 11:24:34,1781868274,R_10,4843.339,1,0.02999999999974534,BACKFILL_AUTO
2026-06-19 11:24:36,1781868276,R_10,4843.192,-1,0.14699999999993452,BACKFILL_AUTO
2026-06-19 11:24:38,1781868278,R_10,4843.292,1,0.1000000000003638,BACKFILL_AUTO
2026-06-19 11:24:40,1781868280,R_10,4843.354,1,0.06199999999989814,BACKFILL_AUTO
2026-06-19 11:24:42,1781868282,R_10,4843.261,-1,0.0929999999998472,BACKFILL_AUTO
2026-06-19 11:24:44,1781868284,R_10,4843.168,-1,0.0930000000007567,BACKFILL_AUTO
2026-06-19 11:24:46,1781868286,R_10,4843.182,1,0.014000000000123691,BACKFILL_AUTO
2026-06-19 11:24:48,1781868288,R_10,4842.997,-1,0.18499999999949068,BACKFILL_AUTO
2026-06-19 11:24:50,1781868290,R_10,4842.905,-1,0.09200000000055297,BACKFILL_AUTO
2026-06-19 11:24:52,1781868292,R_10,4842.854,-1,0.05099999999947613,BACKFILL_AUTO
2026-06-19 11:24:54,1781868294,R_10,4842.637,-1,0.21700000000055297,BACKFILL_AUTO
2026-06-19 11:24:56,1781868296,R_10,4842.88,1,0.2430000000003929,BACKFILL_AUTO
2026-06-19 11:24:58,1781868298,R_10,4842.894,1,0.014000000000123691,BACKFILL_AUTO
2026-06-19 11:25:00,1781868300,R_10,4842.954,1,0.05999999999949068,BACKFILL_AUTO
2026-06-19 11:25:02,1781868302,R_10,4842.92,-1,0.033999999999650754,BACKFILL_AUTO
2026-06-19 11:25:04,1781868304,R_10,4843.029,1,0.10900000000037835,BACKFILL_AUTO
2026-06-19 11:25:06,1781868306,R_10,4843.384,1,0.35499999999956344,BACKFILL_AUTO
2026-06-19 11:25:08,1781868308,R_10,4843.279,-1,0.10499999999956344,BACKFILL_AUTO
2026-06-19 11:25:10,1781868310,R_10,4843.372,1,0.0929999999998472,BACKFILL_AUTO
2026-06-19 11:25:12,1781868312,R_10,4843.422,1,0.049999999999272404,BACKFILL_AUTO
2026-06-19 11:25:14,1781868314,R_10,4843.658,1,0.2360000000007858,BACKFILL_AUTO
2026-06-19 11:25:16,1781868316,R_10,4843.573,-1,0.08500000000003638,BACKFILL_AUTO
2026-06-19 11:25:18,1781868318,R_10,4843.692,1,0.11899999999968713,BACKFILL_AUTO
2026-06-19 11:25:20,1781868320,R_10,4843.588,-1,0.10400000000026921,BACKFILL_AUTO
2026-06-19 11:25:22,1781868322,R_10,4843.439,-1,0.14899999999943248,BACKFILL_AUTO
2026-06-19 11:25:24,1781868324,R_10,4843.492,1,0.052999999999883585,BACKFILL_AUTO
2026-06-19 11:25:26,1781868326,R_10,4843.62,1,0.12799999999970169,BACKFILL_AUTO
2026-06-19 11:25:28,1781868328,R_10,4843.839,1,0.21900000000005093,BACKFILL_AUTO
2026-06-19 11:25:30,1781868330,R_10,4843.823,-1,0.01599999999962165,BACKFILL_AUTO
2026-06-19 11:25:32,1781868332,R_10,4843.824,1,0.0009999999992942321,BACKFILL_AUTO
2026-06-19 11:25:34,1781868334,R_10,4843.751,-1,0.07299999999941065,BACKFILL_AUTO
2026-06-19 11:25:36,1781868336,R_10,4843.77,1,0.01900000000023283,BACKFILL_AUTO
2026-06-19 11:25:38,1781868338,R_10,4843.782,1,0.011999999999716238,BACKFILL_AUTO
2026-06-19 11:25:40,1781868340,R_10,4843.588,-1,0.19400000000041473,BACKFILL_AUTO
2026-06-19 11:25:42,1781868342,R_10,4843.824,1,0.2359999999998763,BACKFILL_AUTO
2026-06-19 11:25:44,1781868344,R_10,4843.723,-1,0.10099999999965803,BACKFILL_AUTO
2026-06-19 11:25:46,1781868346,R_10,4843.965,1,0.24200000000018917,BACKFILL_AUTO
2026-06-19 11:25:48,1781868348,R_10,4843.827,-1,0.13799999999991996,BACKFILL_AUTO
2026-06-19 11:25:50,1781868350,R_10,4843.997,1,0.17000000000007276,BACKFILL_AUTO
2026-06-19 11:25:52,1781868352,R_10,4844.058,1,0.06099999999969441,BACKFILL_AUTO
2026-06-19 11:25:54,1781868354,R_10,4844.06,1,0.0020000000004074536,BACKFILL_AUTO
2026-06-19 11:25:56,1781868356,R_10,4843.953,-1,0.1069999999999709,BACKFILL_AUTO
2026-06-19 11:25:58,1781868358,R_10,4843.94,-1,0.01300000000082946,BACKFILL_AUTO
2026-06-19 11:26:00,1781868360,R_10,4844.062,1,0.12200000000029831,BACKFILL_AUTO
2026-06-19 11:26:02,1781868362,R_10,4844.011,-1,0.05099999999947613,BACKFILL_AUTO
2026-06-19 11:26:04,1781868364,R_10,4844.011,0,0.0,BACKFILL_AUTO
2026-06-19 11:26:06,1781868366,R_10,4844.062,1,0.05099999999947613,BACKFILL_AUTO
2026-06-19 11:26:08,1781868368,R_10,4843.97,-1,0.09199999999964348,BACKFILL_AUTO
2026-06-19 11:26:10,1781868370,R_10,4844.262,1,0.2919999999994616,BACKFILL_AUTO
2026-06-19 11:26:12,1781868372,R_10,4844.187,-1,0.0749999999998181,BACKFILL_AUTO
2026-06-19 11:26:14,1781868374,R_10,4844.145,-1,0.04199999999946158,BACKFILL_AUTO
2026-06-19 11:26:16,1781868376,R_10,4844.036,-1,0.10900000000037835,BACKFILL_AUTO
2026-06-19 11:26:18,1781868378,R_10,4843.835,-1,0.20100000000002183,BACKFILL_AUTO
2026-06-19 11:26:20,1781868380,R_10,4843.734,-1,0.10099999999965803,BACKFILL_AUTO
2026-06-19 11:26:22,1781868382,R_10,4843.696,-1,0.03800000000046566,BACKFILL_AUTO
2026-06-19 11:26:24,1781868384,R_10,4843.753,1,0.056999999999789,BACKFILL_AUTO
2026-06-19 11:26:26,1781868386,R_10,4843.742,-1,0.01099999999951251,BACKFILL_AUTO
2026-06-19 11:26:28,1781868388,R_10,4843.695,-1,0.04700000000048021,BACKFILL_AUTO
2026-06-19 11:26:30,1781868390,R_10,4843.686,-1,0.009000000000014552,BACKFILL_AUTO
2026-06-19 11:26:32,1781868392,R_10,4843.516,-1,0.17000000000007276,BACKFILL_AUTO
2026-06-19 11:26:34,1781868394,R_10,4843.66,1,0.14400000000023283,BACKFILL_AUTO
2026-06-19 11:26:36,1781868396,R_10,4843.586,-1,0.07399999999961437,BACKFILL_AUTO
2026-06-19 11:26:38,1781868398,R_10,4843.396,-1,0.19000000000050932,BACKFILL_AUTO
2026-06-19 11:26:40,1781868400,R_10,4843.532,1,0.136000000000422,BACKFILL_AUTO
2026-06-19 11:26:42,1781868402,R_10,4843.496,-1,0.03600000000005821,BACKFILL_AUTO
2026-06-19 11:26:44,1781868404,R_10,4843.577,1,0.08100000000013097,BACKFILL_AUTO
2026-06-19 11:26:46,1781868406,R_10,4843.688,1,0.11099999999987631,BACKFILL_AUTO
2026-06-19 11:26:48,1781868408,R_10,4843.892,1,0.2039999999997235,BACKFILL_AUTO
2026-06-19 11:26:50,1781868410,R_10,4843.782,-1,0.10999999999967258,BACKFILL_AUTO
2026-06-19 11:26:52,1781868412,R_10,4843.704,-1,0.07800000000042928,BACKFILL_AUTO
2026-06-19 11:26:54,1781868414,R_10,4843.626,-1,0.07799999999951979,BACKFILL_AUTO
2026-06-19 11:26:56,1781868416,R_10,4843.51,-1,0.11599999999998545,BACKFILL_AUTO
2026-06-19 11:26:58,1781868418,R_10,4843.376,-1,0.13400000000001455,BACKFILL_AUTO
2026-06-19 11:27:00,1781868420,R_10,4843.389,1,0.012999999999919964,BACKFILL_AUTO
2026-06-19 11:27:02,1781868422,R_10,4843.326,-1,0.06300000000010186,BACKFILL_AUTO
2026-06-19 11:27:04,1781868424,R_10,4843.46,1,0.13400000000001455,BACKFILL_AUTO
2026-06-19 11:27:06,1781868426,R_10,4843.386,-1,0.07399999999961437,BACKFILL_AUTO
2026-06-19 11:27:08,1781868428,R_10,4843.343,-1,0.0430000000005748,BACKFILL_AUTO
2026-06-19 11:27:10,1781868430,R_10,4843.537,1,0.19400000000041473,BACKFILL_AUTO
2026-06-19 11:27:12,1781868432,R_10,4843.676,1,0.1390000000001237,BACKFILL_AUTO
2026-06-19 11:27:14,1781868434,R_10,4843.682,1,0.0059999999994033715,BACKFILL_AUTO
2026-06-19 11:27:16,1781868436,R_10,4843.839,1,0.1570000000001528,BACKFILL_AUTO
2026-06-19 11:27:18,1781868438,R_10,4843.914,1,0.0749999999998181,BACKFILL_AUTO
2026-06-19 11:27:20,1781868440,R_10,4843.826,-1,0.08799999999973807,BACKFILL_AUTO
2026-06-19 11:27:22,1781868442,R_10,4843.738,-1,0.08799999999973807,BACKFILL_AUTO
2026-06-19 11:27:24,1781868444,R_10,4843.876,1,0.13799999999991996,BACKFILL_AUTO
2026-06-19 11:27:26,1781868446,R_10,4843.871,-1,0.005000000000109139,BACKFILL_AUTO
2026-06-19 11:27:28,1781868448,R_10,4843.94,1,0.06899999999950523,BACKFILL_AUTO
2026-06-19 11:27:30,1781868450,R_10,4843.882,-1,0.057999999999992724,BACKFILL_AUTO
2026-06-19 11:27:32,1781868452,R_10,4843.955,1,0.07300000000032014,BACKFILL_AUTO
2026-06-19 11:27:34,1781868454,R_10,4843.991,1,0.03600000000005821,BACKFILL_AUTO
2026-06-19 11:27:36,1781868456,R_10,4844.31,1,0.31900000000041473,BACKFILL_AUTO
2026-06-19 11:27:38,1781868458,R_10,4844.193,-1,0.11700000000018917,BACKFILL_AUTO
2026-06-19 11:27:40,1781868460,R_10,4844.21,1,0.016999999999825377,BACKFILL_AUTO
2026-06-19 11:27:42,1781868462,R_10,4844.158,-1,0.05199999999967986,BACKFILL_AUTO
2026-06-19 11:27:44,1781868464,R_10,4843.937,-1,0.22100000000045839,BACKFILL_AUTO
2026-06-19 11:27:46,1781868466,R_10,4844.072,1,0.13500000000021828,BACKFILL_AUTO
2026-06-19 11:27:48,1781868468,R_10,4844.093,1,0.02099999999973079,BACKFILL_AUTO
2026-06-19 11:27:50,1781868470,R_10,4843.891,-1,0.20200000000022555,BACKFILL_AUTO
2026-06-19 11:27:52,1781868472,R_10,4844.002,1,0.1110000000007858,BACKFILL_AUTO
2026-06-19 11:27:54,1781868474,R_10,4844.173,1,0.170999999999367,BACKFILL_AUTO
2026-06-19 11:27:56,1781868476,R_10,4844.322,1,0.14900000000034197,BACKFILL_AUTO
2026-06-19 11:27:58,1781868478,R_10,4844.405,1,0.08299999999962893,BACKFILL_AUTO
2026-06-19 11:28:00,1781868480,R_10,4844.435,1,0.030000000000654836,BACKFILL_AUTO
2026-06-19 11:28:02,1781868482,R_10,4844.395,-1,0.03999999999996362,BACKFILL_AUTO
2026-06-19 11:28:04,1781868484,R_10,4844.337,-1,0.057999999999992724,BACKFILL_AUTO
2026-06-19 11:28:06,1781868486,R_10,4844.41,1,0.07299999999941065,BACKFILL_AUTO
2026-06-19 11:28:08,1781868488,R_10,4844.519,1,0.10900000000037835,BACKFILL_AUTO
2026-06-19 11:28:10,1781868490,R_10,4844.635,1,0.11599999999998545,BACKFILL_AUTO
2026-06-19 11:28:12,1781868492,R_10,4844.677,1,0.04199999999946158,BACKFILL_AUTO
2026-06-19 11:28:14,1781868494,R_10,4844.665,-1,0.011999999999716238,BACKFILL_AUTO
2026-06-19 11:28:16,1781868496,R_10,4844.825,1,0.15999999999985448,BACKFILL_AUTO
2026-06-19 11:28:18,1781868498,R_10,4844.641,-1,0.18400000000019645,BACKFILL_AUTO
2026-06-19 11:28:20,1781868500,R_10,4844.63,-1,0.01099999999951251,BACKFILL_AUTO
2026-06-19 11:28:22,1781868502,R_10,4844.599,-1,0.03099999999994907,BACKFILL_AUTO
2026-06-19 11:28:24,1781868504,R_10,4844.632,1,0.03299999999944703,BACKFILL_AUTO
2026-06-19 11:28:26,1781868506,R_10,4844.613,-1,0.018999999999323336,BACKFILL_AUTO
2026-06-19 11:28:28,1781868508,R_10,4844.546,-1,0.06700000000000728,BACKFILL_AUTO
2026-06-19 11:28:30,1781868510,R_10,4844.419,-1,0.12700000000040745,BACKFILL_AUTO
2026-06-19 11:28:32,1781868512,R_10,4844.202,-1,0.21699999999964348,BACKFILL_AUTO
2026-06-19 11:28:34,1781868514,R_10,4844.096,-1,0.10600000000067666,BACKFILL_AUTO
2026-06-19 11:28:36,1781868516,R_10,4844.057,-1,0.03899999999975989,BACKFILL_AUTO
2026-06-19 11:28:38,1781868518,R_10,4844.064,1,0.007000000000516593,BACKFILL_AUTO
2026-06-19 11:28:40,1781868520,R_10,4844.101,1,0.03699999999935244,BACKFILL_AUTO
2026-06-19 11:28:42,1781868522,R_10,4844.125,1,0.02400000000034197,BACKFILL_AUTO
2026-06-19 11:28:44,1781868524,R_10,4844.012,-1,0.11300000000028376,BACKFILL_AUTO
2026-06-19 11:28:46,1781868526,R_10,4843.879,-1,0.13299999999981083,BACKFILL_AUTO
2026-06-19 11:28:48,1781868528,R_10,4843.825,-1,0.05400000000008731,BACKFILL_AUTO
2026-06-19 11:28:50,1781868530,R_10,4843.842,1,0.016999999999825377,BACKFILL_AUTO
2026-06-19 11:28:52,1781868532,R_10,4843.836,-1,0.0059999999994033715,BACKFILL_AUTO
2026-06-19 11:28:54,1781868534,R_10,4843.839,1,0.0029999999997016857,BACKFILL_AUTO
2026-06-19 11:28:56,1781868536,R_10,4843.864,1,0.024999999999636202,BACKFILL_AUTO
2026-06-19 11:28:58,1781868538,R_10,4843.696,-1,0.1679999999996653,BACKFILL_AUTO
2026-06-19 11:29:00,1781868540,R_10,4843.921,1,0.2250000000003638,BACKFILL_AUTO
2026-06-19 11:29:02,1781868542,R_10,4843.907,-1,0.014000000000123691,BACKFILL_AUTO
2026-06-19 11:29:04,1781868544,R_10,4843.981,1,0.07399999999961437,BACKFILL_AUTO
2026-06-19 11:29:06,1781868546,R_10,4844.01,1,0.02900000000045111,BACKFILL_AUTO
2026-06-19 11:29:08,1781868548,R_10,4843.888,-1,0.12200000000029831,BACKFILL_AUTO
2026-06-19 11:29:10,1781868550,R_10,4843.798,-1,0.09000000000014552,BACKFILL_AUTO
2026-06-19 11:29:12,1781868552,R_10,4843.862,1,0.06400000000030559,BACKFILL_AUTO
2026-06-19 11:29:14,1781868554,R_10,4843.683,-1,0.1790000000000873,BACKFILL_AUTO
2026-06-19 11:29:16,1781868556,R_10,4843.656,-1,0.027000000000043656,BACKFILL_AUTO
2026-06-19 11:29:18,1781868558,R_10,4843.737,1,0.08100000000013097,BACKFILL_AUTO
2026-06-19 11:29:20,1781868560,R_10,4843.718,-1,0.01900000000023283,BACKFILL_AUTO
2026-06-19 11:29:22,1781868562,R_10,4843.671,-1,0.04699999999957072,BACKFILL_AUTO
2026-06-19 11:29:24,1781868564,R_10,4843.727,1,0.05599999999958527,BACKFILL_AUTO
2026-06-19 11:29:26,1781868566,R_10,4843.805,1,0.07800000000042928,BACKFILL_AUTO
2026-06-19 11:29:28,1781868568,R_10,4843.714,-1,0.09100000000034925,BACKFILL_AUTO
2026-06-19 11:29:30,1781868570,R_10,4843.657,-1,0.056999999999789,BACKFILL_AUTO
2026-06-19 11:29:32,1781868572,R_10,4843.587,-1,0.06999999999970896,BACKFILL_AUTO
2026-06-19 11:29:34,1781868574,R_10,4843.753,1,0.16599999999925785,BACKFILL_AUTO
2026-06-19 11:29:36,1781868576,R_10,4843.524,-1,0.22899999999935972,BACKFILL_AUTO
2026-06-19 11:29:38,1781868578,R_10,4843.543,1,0.018999999999323336,BACKFILL_AUTO
2026-06-19 11:29:40,1781868580,R_10,4843.561,1,0.018000000000029104,BACKFILL_AUTO
2026-06-19 11:29:42,1781868582,R_10,4843.561,0,0.0,BACKFILL_AUTO
2026-06-19 11:29:44,1781868584,R_10,4843.635,1,0.07400000000052387,BACKFILL_AUTO
2026-06-19 11:29:46,1781868586,R_10,4843.605,-1,0.030000000000654836,BACKFILL_AUTO
2026-06-19 11:29:48,1781868588,R_10,4843.637,1,0.032000000000152795,BACKFILL_AUTO
2026-06-19 11:29:50,1781868590,R_10,4843.681,1,0.04399999999986903,BACKFILL_AUTO
2026-06-19 11:29:52,1781868592,R_10,4843.69,1,0.009000000000014552,BACKFILL_AUTO
2026-06-19 11:29:54,1781868594,R_10,4843.471,-1,0.21900000000005093,BACKFILL_AUTO
2026-06-19 11:29:56,1781868596,R_10,4843.355,-1,0.11599999999998545,BACKFILL_AUTO
2026-06-19 11:29:58,1781868598,R_10,4843.478,1,0.12300000000050204,BACKFILL_AUTO
2026-06-19 11:30:00,1781868600,R_10,4843.432,-1,0.046000000000276486,BACKFILL_AUTO
2026-06-19 11:30:02,1781868602,R_10,4843.446,1,0.014000000000123691,BACKFILL_AUTO
2026-06-19 11:30:04,1781868604,R_10,4843.434,-1,0.011999999999716238,BACKFILL_AUTO
2026-06-19 11:30:06,1781868606,R_10,4843.301,-1,0.13299999999981083,BACKFILL_AUTO
2026-06-19 11:30:08,1781868608,R_10,4843.381,1,0.07999999999992724,BACKFILL_AUTO
2026-06-19 11:30:10,1781868610,R_10,4843.637,1,0.25599999999940337,BACKFILL_AUTO
2026-06-19 11:30:12,1781868612,R_10,4843.707,1,0.07000000000061846,BACKFILL_AUTO
2026-06-19 11:30:14,1781868614,R_10,4843.682,-1,0.025000000000545697,BACKFILL_AUTO
2026-06-19 11:30:16,1781868616,R_10,4843.605,-1,0.07700000000022555,BACKFILL_AUTO
2026-06-19 11:30:18,1781868618,R_10,4843.676,1,0.07100000000082218,BACKFILL_AUTO
2026-06-19 11:30:20,1781868620,R_10,4843.689,1,0.012999999999919964,BACKFILL_AUTO
2026-06-19 11:30:22,1781868622,R_10,4843.785,1,0.09599999999954889,BACKFILL_AUTO
2026-06-19 11:30:24,1781868624,R_10,4843.571,-1,0.2139999999999418,BACKFILL_AUTO
2026-06-19 11:30:26,1781868626,R_10,4843.364,-1,0.2070000000003347,BACKFILL_AUTO
2026-06-19 11:30:28,1781868628,R_10,4843.244,-1,0.11999999999989086,BACKFILL_AUTO
2026-06-19 11:30:30,1781868630,R_10,4843.253,1,0.009000000000014552,BACKFILL_AUTO
2026-06-19 11:30:32,1781868632,R_10,4843.099,-1,0.15399999999954161,BACKFILL_AUTO
2026-06-19 11:30:34,1781868634,R_10,4843.119,1,0.019999999999527063,BACKFILL_AUTO
2026-06-19 11:30:36,1781868636,R_10,4842.998,-1,0.12100000000009459,BACKFILL_AUTO
2026-06-19 11:30:38,1781868638,R_10,4843.113,1,0.11500000000069122,BACKFILL_AUTO
2026-06-19 11:30:40,1781868640,R_10,4843.146,1,0.03299999999944703,BACKFILL_AUTO
2026-06-19 11:30:42,1781868642,R_10,4843.363,1,0.21700000000055297,BACKFILL_AUTO
2026-06-19 11:30:44,1781868644,R_10,4843.35,-1,0.012999999999919964,BACKFILL_AUTO
2026-06-19 11:30:46,1781868646,R_10,4843.467,1,0.11699999999927968,BACKFILL_AUTO
2026-06-19 11:30:48,1781868648,R_10,4843.386,-1,0.08099999999922147,BACKFILL_AUTO
2026-06-19 11:30:50,1781868650,R_10,4843.672,1,0.2859999999991487,BACKFILL_AUTO
2026-06-19 11:30:52,1781868652,R_10,4843.622,-1,0.049999999999272404,BACKFILL_AUTO
2026-06-19 11:30:54,1781868654,R_10,4843.553,-1,0.06900000000041473,BACKFILL_AUTO
2026-06-19 11:30:56,1781868656,R_10,4843.575,1,0.021999999999934516,BACKFILL_AUTO
2026-06-19 11:30:58,1781868658,R_10,4843.722,1,0.14699999999993452,BACKFILL_AUTO
2026-06-19 11:31:00,1781868660,R_10,4843.7,-1,0.021999999999934516,BACKFILL_AUTO
2026-06-19 11:31:02,1781868662,R_10,4843.675,-1,0.024999999999636202,BACKFILL_AUTO
2026-06-19 11:31:04,1781868664,R_10,4843.781,1,0.10599999999976717,BACKFILL_AUTO
2026-06-19 11:31:06,1781868666,R_10,4843.645,-1,0.1359999999995125,BACKFILL_AUTO
2026-06-19 11:31:08,1781868668,R_10,4843.683,1,0.03799999999955617,BACKFILL_AUTO
2026-06-19 11:31:10,1781868670,R_10,4843.444,-1,0.238999999999578,BACKFILL_AUTO
2026-06-19 11:31:12,1781868672,R_10,4843.476,1,0.0319999999992433,BACKFILL_AUTO
2026-06-19 11:31:14,1781868674,R_10,4843.59,1,0.11400000000048749,BACKFILL_AUTO
2026-06-19 11:31:16,1781868676,R_10,4843.939,1,0.34900000000016007,BACKFILL_AUTO
2026-06-19 11:31:18,1781868678,R_10,4844.096,1,0.1569999999992433,BACKFILL_AUTO
2026-06-19 11:31:20,1781868680,R_10,4844.058,-1,0.03799999999955617,BACKFILL_AUTO
2026-06-19 11:31:22,1781868682,R_10,4844.108,1,0.0500000000001819,BACKFILL_AUTO
2026-06-19 11:31:24,1781868684,R_10,4843.989,-1,0.11900000000059663,BACKFILL_AUTO
2026-06-19 11:31:26,1781868686,R_10,4843.866,-1,0.12299999999959255,BACKFILL_AUTO
2026-06-19 11:31:28,1781868688,R_10,4843.853,-1,0.012999999999919964,BACKFILL_AUTO
2026-06-19 11:31:30,1781868690,R_10,4843.957,1,0.10400000000026921,BACKFILL_AUTO
2026-06-19 11:31:32,1781868692,R_10,4843.889,-1,0.068000000000211,BACKFILL_AUTO
2026-06-19 11:31:34,1781868694,R_10,4843.904,1,0.015000000000327418,BACKFILL_AUTO
2026-06-19 11:31:36,1781868696,R_10,4843.944,1,0.03999999999996362,BACKFILL_AUTO
2026-06-19 11:31:38,1781868698,R_10,4843.877,-1,0.06700000000000728,BACKFILL_AUTO
2026-06-19 11:31:40,1781868700,R_10,4843.975,1,0.09799999999995634,BACKFILL_AUTO
2026-06-19 11:31:42,1781868702,R_10,4844.017,1,0.04199999999946158,BACKFILL_AUTO
2026-06-19 11:31:44,1781868704,R_10,4844.05,1,0.03300000000035652,BACKFILL_AUTO
2026-06-19 11:31:46,1781868706,R_10,4844.022,-1,0.028000000000247383,BACKFILL_AUTO
2026-06-19 11:31:48,1781868708,R_10,4843.842,-1,0.18000000000029104,BACKFILL_AUTO
2026-06-19 11:31:50,1781868710,R_10,4843.869,1,0.027000000000043656,BACKFILL_AUTO
2026-06-19 11:31:52,1781868712,R_10,4843.85,-1,0.018999999999323336,BACKFILL_AUTO
2026-06-19 11:31:54,1781868714,R_10,4843.942,1,0.09199999999964348,BACKFILL_AUTO
2026-06-19 11:31:56,1781868716,R_10,4843.851,-1,0.09100000000034925,BACKFILL_AUTO
2026-06-19 11:31:58,1781868718,R_10,4844.013,1,0.16200000000026193,BACKFILL_AUTO
2026-06-19 11:32:00,1781868720,R_10,4844.15,1,0.13699999999971624,BACKFILL_AUTO
2026-06-19 11:32:02,1781868722,R_10,4844.17,1,0.020000000000436557,BACKFILL_AUTO
2026-06-19 11:32:04,1781868724,R_10,4843.989,-1,0.18100000000049477,BACKFILL_AUTO
2026-06-19 11:32:06,1781868726,R_10,4843.993,1,0.004000000000814907,BACKFILL_AUTO
2026-06-19 11:32:08,1781868728,R_10,4844.125,1,0.1319999999996071,BACKFILL_AUTO
2026-06-19 11:32:10,1781868730,R_10,4844.386,1,0.261000000000422,BACKFILL_AUTO
2026-06-19 11:32:12,1781868732,R_10,4844.493,1,0.1069999999999709,BACKFILL_AUTO
2026-06-19 11:32:14,1781868734,R_10,4844.73,1,0.23699999999917054,BACKFILL_AUTO
2026-06-19 11:32:16,1781868736,R_10,4844.631,-1,0.09899999999925058,BACKFILL_AUTO
2026-06-19 11:32:18,1781868738,R_10,4844.565,-1,0.06600000000071304,BACKFILL_AUTO
2026-06-19 11:32:20,1781868740,R_10,4844.704,1,0.1390000000001237,BACKFILL_AUTO
2026-06-19 11:32:22,1781868742,R_10,4844.644,-1,0.05999999999949068,BACKFILL_AUTO
2026-06-19 11:32:24,1781868744,R_10,4844.739,1,0.09499999999934516,BACKFILL_AUTO
2026-06-19 11:32:26,1781868746,R_10,4844.62,-1,0.11899999999968713,BACKFILL_AUTO
2026-06-19 11:32:28,1781868748,R_10,4844.598,-1,0.021999999999934516,BACKFILL_AUTO
2026-06-19 11:32:30,1781868750,R_10,4844.516,-1,0.0820000000003347,BACKFILL_AUTO
2026-06-19 11:32:32,1781868752,R_10,4844.374,-1,0.14199999999982538,BACKFILL_AUTO
2026-06-19 11:32:34,1781868754,R_10,4844.266,-1,0.10800000000017462,BACKFILL_AUTO
2026-06-19 11:32:36,1781868756,R_10,4844.179,-1,0.08699999999953434,BACKFILL_AUTO
2026-06-19 11:32:38,1781868758,R_10,4844.054,-1,0.125,BACKFILL_AUTO
2026-06-19 11:32:40,1781868760,R_10,4844.206,1,0.15200000000004366,BACKFILL_AUTO
2026-06-19 11:32:42,1781868762,R_10,4844.313,1,0.1069999999999709,BACKFILL_AUTO
2026-06-19 11:32:44,1781868764,R_10,4844.215,-1,0.09799999999995634,BACKFILL_AUTO
2026-06-19 11:32:46,1781868766,R_10,4844.318,1,0.10300000000006548,BACKFILL_AUTO
2026-06-19 11:32:48,1781868768,R_10,4844.304,-1,0.014000000000123691,BACKFILL_AUTO
2026-06-19 11:32:50,1781868770,R_10,4844.458,1,0.15399999999954161,BACKFILL_AUTO
2026-06-19 11:32:52,1781868772,R_10,4844.424,-1,0.033999999999650754,BACKFILL_AUTO
2026-06-19 11:32:54,1781868774,R_10,4844.324,-1,0.1000000000003638,BACKFILL_AUTO
2026-06-19 11:32:56,1781868776,R_10,4844.597,1,0.27300000000013824,BACKFILL_AUTO
2026-06-19 11:32:58,1781868778,R_10,4844.555,-1,0.04199999999946158,BACKFILL_AUTO
2026-06-19 11:33:00,1781868780,R_10,4844.57,1,0.014999999999417923,BACKFILL_AUTO
2026-06-19 11:33:02,1781868782,R_10,4844.645,1,0.0750000000007276,BACKFILL_AUTO
2026-06-19 11:33:04,1781868784,R_10,4844.717,1,0.07199999999920692,BACKFILL_AUTO
2026-06-19 11:33:06,1781868786,R_10,4845.024,1,0.3070000000006985,BACKFILL_AUTO
2026-06-19 11:33:08,1781868788,R_10,4845.073,1,0.04899999999997817,BACKFILL_AUTO
2026-06-19 11:33:10,1781868790,R_10,4845.063,-1,0.010000000000218279,BACKFILL_AUTO
2026-06-19 11:33:12,1781868792,R_10,4844.958,-1,0.10500000000047294,BACKFILL_AUTO
2026-06-19 11:33:14,1781868794,R_10,4844.935,-1,0.02299999999922875,BACKFILL_AUTO
2026-06-19 11:33:16,1781868796,R_10,4844.936,1,0.0009999999992942321,BACKFILL_AUTO
2026-06-19 11:33:18,1781868798,R_10,4844.866,-1,0.06999999999970896,BACKFILL_AUTO
2026-06-19 11:33:20,1781868800,R_10,4844.787,-1,0.07899999999972351,BACKFILL_AUTO
2026-06-19 11:33:22,1781868802,R_10,4844.59,-1,0.19700000000011642,BACKFILL_AUTO
2026-06-19 11:33:24,1781868804,R_10,4844.468,-1,0.12200000000029831,BACKFILL_AUTO
2026-06-19 11:33:26,1781868806,R_10,4844.495,1,0.027000000000043656,BACKFILL_AUTO
2026-06-19 11:33:28,1781868808,R_10,4844.783,1,0.28800000000046566,BACKFILL_AUTO
2026-06-19 11:33:30,1781868810,R_10,4844.673,-1,0.11000000000058208,BACKFILL_AUTO
2026-06-19 11:33:32,1781868812,R_10,4844.541,-1,0.1319999999996071,BACKFILL_AUTO
2026-06-19 11:33:34,1781868814,R_10,4844.361,-1,0.18000000000029104,BACKFILL_AUTO
2026-06-19 11:33:36,1781868816,R_10,4844.464,1,0.10300000000006548,BACKFILL_AUTO
2026-06-19 11:33:38,1781868818,R_10,4844.395,-1,0.06899999999950523,BACKFILL_AUTO
2026-06-19 11:33:40,1781868820,R_10,4844.355,-1,0.040000000000873115,BACKFILL_AUTO
2026-06-19 11:33:42,1781868822,R_10,4844.586,1,0.23100000000067666,BACKFILL_AUTO
2026-06-19 11:33:44,1781868824,R_10,4844.619,1,0.03299999999944703,BACKFILL_AUTO
2026-06-19 11:33:46,1781868826,R_10,4844.553,-1,0.06599999999980355,BACKFILL_AUTO
2026-06-19 11:33:48,1781868828,R_10,4844.65,1,0.09699999999975262,BACKFILL_AUTO
2026-06-19 11:33:50,1781868830,R_10,4844.882,1,0.2319999999999709,BACKFILL_AUTO
2026-06-19 11:33:52,1781868832,R_10,4844.711,-1,0.170999999999367,BACKFILL_AUTO
2026-06-19 11:33:54,1781868834,R_10,4844.739,1,0.027999999999337888,BACKFILL_AUTO
2026-06-19 11:33:56,1781868836,R_10,4844.839,1,0.1000000000003638,BACKFILL_AUTO
2026-06-19 11:33:58,1781868838,R_10,4844.789,-1,0.0500000000001819,BACKFILL_AUTO
2026-06-19 11:34:00,1781868840,R_10,4844.654,-1,0.13499999999930878,BACKFILL_AUTO
2026-06-19 11:34:02,1781868842,R_10,4844.638,-1,0.016000000000531145,BACKFILL_AUTO
2026-06-19 11:34:04,1781868844,R_10,4844.687,1,0.04899999999997817,BACKFILL_AUTO
2026-06-19 11:34:06,1781868846,R_10,4844.651,-1,0.03600000000005821,BACKFILL_AUTO
2026-06-19 11:34:08,1781868848,R_10,4844.718,1,0.06700000000000728,BACKFILL_AUTO
2026-06-19 11:34:10,1781868850,R_10,4844.787,1,0.06900000000041473,BACKFILL_AUTO
2026-06-19 11:34:12,1781868852,R_10,4844.627,-1,0.15999999999985448,BACKFILL_AUTO
2026-06-19 11:34:14,1781868854,R_10,4844.724,1,0.09699999999975262,BACKFILL_AUTO
2026-06-19 11:34:16,1781868856,R_10,4844.744,1,0.019999999999527063,BACKFILL_AUTO
2026-06-19 11:34:18,1781868858,R_10,4844.776,1,0.032000000000152795,BACKFILL_AUTO
2026-06-19 11:34:20,1781868860,R_10,4845.07,1,0.29399999999986903,BACKFILL_AUTO
2026-06-19 11:34:22,1781868862,R_10,4844.975,-1,0.09499999999934516,BACKFILL_AUTO
2026-06-19 11:34:24,1781868864,R_10,4845.013,1,0.03799999999955617,BACKFILL_AUTO
2026-06-19 11:34:26,1781868866,R_10,4844.979,-1,0.033999999999650754,BACKFILL_AUTO
2026-06-19 11:34:28,1781868868,R_10,4845.069,1,0.09000000000014552,BACKFILL_AUTO
2026-06-19 11:34:30,1781868870,R_10,4844.926,-1,0.1430000000000291,BACKFILL_AUTO
2026-06-19 11:34:32,1781868872,R_10,4844.657,-1,0.26900000000023283,BACKFILL_AUTO
2026-06-19 11:34:34,1781868874,R_10,4844.629,-1,0.028000000000247383,BACKFILL_AUTO
2026-06-19 11:34:36,1781868876,R_10,4844.503,-1,0.12600000000020373,BACKFILL_AUTO
2026-06-19 11:34:38,1781868878,R_10,4844.422,-1,0.08100000000013097,BACKFILL_AUTO
2026-06-19 11:34:40,1781868880,R_10,4844.341,-1,0.08099999999922147,BACKFILL_AUTO
2026-06-19 11:34:42,1781868882,R_10,4844.276,-1,0.06500000000050932,BACKFILL_AUTO
2026-06-19 11:34:44,1781868884,R_10,4844.274,-1,0.001999999999497959,BACKFILL_AUTO
2026-06-19 11:34:46,1781868886,R_10,4844.272,-1,0.0020000000004074536,BACKFILL_AUTO
2026-06-19 11:34:48,1781868888,R_10,4844.255,-1,0.016999999999825377,BACKFILL_AUTO
2026-06-19 11:34:50,1781868890,R_10,4844.016,-1,0.2390000000004875,BACKFILL_AUTO
2026-06-19 11:34:52,1781868892,R_10,4844.003,-1,0.012999999999919964,BACKFILL_AUTO
2026-06-19 11:34:54,1781868894,R_10,4843.921,-1,0.0819999999994252,BACKFILL_AUTO
2026-06-19 11:34:56,1781868896,R_10,4843.974,1,0.052999999999883585,BACKFILL_AUTO
2026-06-19 11:34:58,1781868898,R_10,4843.93,-1,0.04399999999986903,BACKFILL_AUTO
2026-06-19 11:35:00,1781868900,R_10,4844.056,1,0.12599999999929423,BACKFILL_AUTO
2026-06-19 11:35:02,1781868902,R_10,4844.007,-1,0.04899999999997817,BACKFILL_AUTO
2026-06-19 11:35:04,1781868904,R_10,4843.833,-1,0.17399999999997817,BACKFILL_AUTO
2026-06-19 11:35:06,1781868906,R_10,4843.821,-1,0.011999999999716238,BACKFILL_AUTO
2026-06-19 11:35:08,1781868908,R_10,4843.73,-1,0.09100000000034925,BACKFILL_AUTO
2026-06-19 11:35:10,1781868910,R_10,4843.836,1,0.10600000000067666,BACKFILL_AUTO
2026-06-19 11:35:12,1781868912,R_10,4843.872,1,0.03600000000005821,BACKFILL_AUTO
2026-06-19 11:35:14,1781868914,R_10,4843.804,-1,0.068000000000211,BACKFILL_AUTO
2026-06-19 11:35:16,1781868916,R_10,4843.774,-1,0.02999999999974534,BACKFILL_AUTO
2026-06-19 11:35:18,1781868918,R_10,4843.84,1,0.06599999999980355,BACKFILL_AUTO
2026-06-19 11:35:20,1781868920,R_10,4843.713,-1,0.12700000000040745,BACKFILL_AUTO
2026-06-19 11:35:22,1781868922,R_10,4843.64,-1,0.07299999999941065,BACKFILL_AUTO
2026-06-19 11:35:24,1781868924,R_10,4843.613,-1,0.027000000000043656,BACKFILL_AUTO
2026-06-19 11:35:26,1781868926,R_10,4843.784,1,0.170999999999367,BACKFILL_AUTO
2026-06-19 11:35:28,1781868928,R_10,4843.871,1,0.08700000000044383,BACKFILL_AUTO
2026-06-19 11:35:30,1781868930,R_10,4843.732,-1,0.1390000000001237,BACKFILL_AUTO
2026-06-19 11:35:32,1781868932,R_10,4843.705,-1,0.027000000000043656,BACKFILL_AUTO
2026-06-19 11:35:34,1781868934,R_10,4843.787,1,0.0820000000003347,BACKFILL_AUTO
2026-06-19 11:35:36,1781868936,R_10,4843.92,1,0.13299999999981083,BACKFILL_AUTO
2026-06-19 11:35:38,1781868938,R_10,4843.958,1,0.03799999999955617,BACKFILL_AUTO
2026-06-19 11:35:40,1781868940,R_10,4843.982,1,0.02400000000034197,BACKFILL_AUTO
2026-06-19 11:35:42,1781868942,R_10,4844.034,1,0.05199999999967986,BACKFILL_AUTO
2026-06-19 11:35:44,1781868944,R_10,4844.043,1,0.009000000000014552,BACKFILL_AUTO
2026-06-19 11:35:46,1781868946,R_10,4844.325,1,0.2820000000001528,BACKFILL_AUTO
2026-06-19 11:35:48,1781868948,R_10,4844.039,-1,0.2860000000000582,BACKFILL_AUTO
2026-06-19 11:35:50,1781868950,R_10,4844.284,1,0.24499999999989086,BACKFILL_AUTO
2026-06-19 11:35:52,1781868952,R_10,4844.228,-1,0.05599999999958527,BACKFILL_AUTO
2026-06-19 11:35:54,1781868954,R_10,4844.279,1,0.051000000000385626,BACKFILL_AUTO
2026-06-19 11:35:56,1781868956,R_10,4844.261,-1,0.018000000000029104,BACKFILL_AUTO
2026-06-19 11:35:58,1781868958,R_10,4844.211,-1,0.0500000000001819,BACKFILL_AUTO
2026-06-19 11:36:00,1781868960,R_10,4844.193,-1,0.018000000000029104,BACKFILL_AUTO
2026-06-19 11:36:02,1781868962,R_10,4843.987,-1,0.20600000000013097,BACKFILL_AUTO
2026-06-19 11:36:04,1781868964,R_10,4843.996,1,0.009000000000014552,BACKFILL_AUTO
2026-06-19 11:36:06,1781868966,R_10,4844.018,1,0.021999999999934516,BACKFILL_AUTO
2026-06-19 11:36:08,1781868968,R_10,4844.111,1,0.0929999999998472,BACKFILL_AUTO
2026-06-19 11:36:10,1781868970,R_10,4844.25,1,0.1390000000001237,BACKFILL_AUTO
2026-06-19 11:36:12,1781868972,R_10,4844.359,1,0.10900000000037835,BACKFILL_AUTO
2026-06-19 11:36:14,1781868974,R_10,4844.495,1,0.1359999999995125,BACKFILL_AUTO
2026-06-19 11:36:16,1781868976,R_10,4844.345,-1,0.1499999999996362,BACKFILL_AUTO
2026-06-19 11:36:18,1781868978,R_10,4844.323,-1,0.021999999999934516,BACKFILL_AUTO
2026-06-19 11:36:20,1781868980,R_10,4844.448,1,0.125,BACKFILL_AUTO
2026-06-19 11:36:22,1781868982,R_10,4844.713,1,0.2649999999994179,BACKFILL_AUTO
2026-06-19 11:36:24,1781868984,R_10,4844.771,1,0.057999999999992724,BACKFILL_AUTO
2026-06-19 11:36:26,1781868986,R_10,4844.761,-1,0.009999999999308784,BACKFILL_AUTO
2026-06-19 11:36:28,1781868988,R_10,4844.704,-1,0.05700000000069849,BACKFILL_AUTO
2026-06-19 11:36:30,1781868990,R_10,4844.779,1,0.0750000000007276,BACKFILL_AUTO
2026-06-19 11:36:32,1781868992,R_10,4844.7,-1,0.07900000000063301,BACKFILL_AUTO
2026-06-19 11:36:34,1781868994,R_10,4844.789,1,0.08899999999994179,BACKFILL_AUTO
2026-06-19 11:36:36,1781868996,R_10,4844.641,-1,0.14800000000013824,BACKFILL_AUTO
2026-06-19 11:36:38,1781868998,R_10,4844.576,-1,0.06499999999959982,BACKFILL_AUTO
2026-06-19 11:36:40,1781869000,R_10,4844.625,1,0.04899999999997817,BACKFILL_AUTO
2026-06-19 11:36:42,1781869002,R_10,4844.806,1,0.18099999999958527,BACKFILL_AUTO
2026-06-19 11:36:44,1781869004,R_10,4845.003,1,0.19700000000011642,BACKFILL_AUTO
2026-06-19 11:36:46,1781869006,R_10,4845.046,1,0.0430000000005748,BACKFILL_AUTO
2026-06-19 11:36:48,1781869008,R_10,4844.913,-1,0.13300000000072032,BACKFILL_AUTO
2026-06-19 11:36:50,1781869010,R_10,4844.936,1,0.023000000000138243,BACKFILL_AUTO
2026-06-19 11:36:52,1781869012,R_10,4845.004,1,0.068000000000211,BACKFILL_AUTO
2026-06-19 11:36:54,1781869014,R_10,4844.767,-1,0.23700000000008004,BACKFILL_AUTO
2026-06-19 11:36:56,1781869016,R_10,4844.622,-1,0.14499999999952706,BACKFILL_AUTO
2026-06-19 11:36:58,1781869018,R_10,4844.628,1,0.0059999999994033715,BACKFILL_AUTO
2026-06-19 11:37:00,1781869020,R_10,4844.764,1,0.136000000000422,BACKFILL_AUTO
2026-06-19 11:37:02,1781869022,R_10,4844.654,-1,0.10999999999967258,BACKFILL_AUTO
2026-06-19 11:37:04,1781869024,R_10,4844.777,1,0.12299999999959255,BACKFILL_AUTO
2026-06-19 11:37:06,1781869026,R_10,4844.654,-1,0.12299999999959255,BACKFILL_AUTO
2026-06-19 11:37:08,1781869028,R_10,4844.804,1,0.1499999999996362,BACKFILL_AUTO
2026-06-19 11:37:10,1781869030,R_10,4844.838,1,0.033999999999650754,BACKFILL_AUTO
2026-06-19 11:37:12,1781869032,R_10,4844.809,-1,0.028999999999541615,BACKFILL_AUTO
2026-06-19 11:37:14,1781869034,R_10,4844.791,-1,0.018000000000029104,BACKFILL_AUTO
2026-06-19 11:37:16,1781869036,R_10,4844.878,1,0.08699999999953434,BACKFILL_AUTO
2026-06-19 11:37:18,1781869038,R_10,4845.117,1,0.2390000000004875,BACKFILL_AUTO
2026-06-19 11:37:20,1781869040,R_10,4845.248,1,0.13099999999940337,BACKFILL_AUTO
2026-06-19 11:37:22,1781869042,R_10,4845.374,1,0.12600000000020373,BACKFILL_AUTO
2026-06-19 11:37:24,1781869044,R_10,4845.336,-1,0.03799999999955617,BACKFILL_AUTO
2026-06-19 11:37:26,1781869046,R_10,4845.439,1,0.10300000000006548,BACKFILL_AUTO
2026-06-19 11:37:28,1781869048,R_10,4845.463,1,0.023999999999432475,BACKFILL_AUTO
2026-06-19 11:37:30,1781869050,R_10,4845.423,-1,0.03999999999996362,BACKFILL_AUTO
2026-06-19 11:37:32,1781869052,R_10,4845.319,-1,0.10399999999935972,BACKFILL_AUTO
2026-06-19 11:37:34,1781869054,R_10,4845.356,1,0.03699999999935244,BACKFILL_AUTO
2026-06-19 11:37:36,1781869056,R_10,4845.423,1,0.06700000000000728,BACKFILL_AUTO
2026-06-19 11:37:38,1781869058,R_10,4845.434,1,0.011000000000422006,BACKFILL_AUTO
2026-06-19 11:37:40,1781869060,R_10,4845.435,1,0.0010000000002037268,BACKFILL_AUTO
2026-06-19 11:37:42,1781869062,R_10,4845.3,-1,0.13500000000021828,BACKFILL_AUTO
2026-06-19 11:37:44,1781869064,R_10,4845.104,-1,0.1959999999999127,BACKFILL_AUTO
2026-06-19 11:37:46,1781869066,R_10,4845.128,1,0.023999999999432475,BACKFILL_AUTO
2026-06-19 11:37:48,1781869068,R_10,4845.318,1,0.19000000000050932,BACKFILL_AUTO
2026-06-19 11:37:50,1781869070,R_10,4845.561,1,0.2429999999994834,BACKFILL_AUTO
2026-06-19 11:37:52,1781869072,R_10,4845.46,-1,0.10099999999965803,BACKFILL_AUTO
2026-06-19 11:37:54,1781869074,R_10,4845.301,-1,0.15899999999965075,BACKFILL_AUTO
2026-06-19 11:37:56,1781869076,R_10,4845.431,1,0.12999999999919964,BACKFILL_AUTO
2026-06-19 11:37:58,1781869078,R_10,4845.294,-1,0.13699999999971624,BACKFILL_AUTO
2026-06-19 11:38:00,1781869080,R_10,4845.447,1,0.15300000000024738,BACKFILL_AUTO
2026-06-19 11:38:02,1781869082,R_10,4845.403,-1,0.04399999999986903,BACKFILL_AUTO
2026-06-19 11:38:04,1781869084,R_10,4845.265,-1,0.13799999999991996,BACKFILL_AUTO
2026-06-19 11:38:06,1781869086,R_10,4845.135,-1,0.13000000000010914,BACKFILL_AUTO
2026-06-19 11:38:08,1781869088,R_10,4845.195,1,0.05999999999949068,BACKFILL_AUTO
2026-06-19 11:38:10,1781869090,R_10,4845.258,1,0.06300000000010186,BACKFILL_AUTO
2026-06-19 11:38:12,1781869092,R_10,4845.108,-1,0.1499999999996362,BACKFILL_AUTO
2026-06-19 11:38:14,1781869094,R_10,4845.218,1,0.10999999999967258,BACKFILL_AUTO
2026-06-19 11:38:16,1781869096,R_10,4845.486,1,0.2680000000000291,BACKFILL_AUTO
2026-06-19 11:38:18,1781869098,R_10,4845.588,1,0.10199999999986176,BACKFILL_AUTO
2026-06-19 11:38:20,1781869100,R_10,4845.613,1,0.025000000000545697,BACKFILL_AUTO
2026-06-19 11:38:22,1781869102,R_10,4845.42,-1,0.193000000000211,BACKFILL_AUTO
2026-06-19 11:38:24,1781869104,R_10,4845.498,1,0.07799999999951979,BACKFILL_AUTO
2026-06-19 11:38:26,1781869106,R_10,4845.647,1,0.14900000000034197,BACKFILL_AUTO
2026-06-19 11:38:28,1781869108,R_10,4845.666,1,0.01900000000023283,BACKFILL_AUTO
2026-06-19 11:38:30,1781869110,R_10,4845.498,-1,0.1680000000005748,BACKFILL_AUTO
2026-06-19 11:38:32,1781869112,R_10,4845.344,-1,0.15399999999954161,BACKFILL_AUTO
2026-06-19 11:38:34,1781869114,R_10,4845.243,-1,0.10099999999965803,BACKFILL_AUTO
2026-06-19 11:38:36,1781869116,R_10,4845.303,1,0.05999999999949068,BACKFILL_AUTO
2026-06-19 11:38:38,1781869118,R_10,4845.444,1,0.14100000000053114,BACKFILL_AUTO
2026-06-19 11:38:40,1781869120,R_10,4845.281,-1,0.16300000000046566,BACKFILL_AUTO
2026-06-19 11:38:42,1781869122,R_10,4845.255,-1,0.02599999999983993,BACKFILL_AUTO
2026-06-19 11:38:44,1781869124,R_10,4845.275,1,0.019999999999527063,BACKFILL_AUTO
2026-06-19 11:38:46,1781869126,R_10,4845.133,-1,0.14199999999982538,BACKFILL_AUTO
2026-06-19 11:38:48,1781869128,R_10,4845.104,-1,0.028999999999541615,BACKFILL_AUTO
2026-06-19 11:38:50,1781869130,R_10,4845.194,1,0.09000000000014552,BACKFILL_AUTO
2026-06-19 11:38:52,1781869132,R_10,4844.944,-1,0.25,BACKFILL_AUTO
2026-06-19 11:38:54,1781869134,R_10,4844.804,-1,0.14000000000032742,BACKFILL_AUTO
2026-06-19 11:38:56,1781869136,R_10,4844.632,-1,0.1720000000004802,BACKFILL_AUTO
2026-06-19 11:38:58,1781869138,R_10,4844.292,-1,0.339999999999236,BACKFILL_AUTO
2026-06-19 11:39:00,1781869140,R_10,4844.286,-1,0.006000000000312866,BACKFILL_AUTO
2026-06-19 11:39:02,1781869142,R_10,4844.438,1,0.15200000000004366,BACKFILL_AUTO
2026-06-19 11:39:04,1781869144,R_10,4844.514,1,0.07600000000002183,BACKFILL_AUTO
2026-06-19 11:39:06,1781869146,R_10,4844.501,-1,0.012999999999919964,BACKFILL_AUTO
2026-06-19 11:39:08,1781869148,R_10,4844.698,1,0.19700000000011642,BACKFILL_AUTO
2026-06-19 11:39:10,1781869150,R_10,4844.636,-1,0.06199999999989814,BACKFILL_AUTO
2026-06-19 11:39:12,1781869152,R_10,4844.663,1,0.02699999999913416,BACKFILL_AUTO
2026-06-19 11:39:14,1781869154,R_10,4844.821,1,0.15800000000035652,BACKFILL_AUTO
2026-06-19 11:39:16,1781869156,R_10,4844.752,-1,0.06899999999950523,BACKFILL_AUTO
2026-06-19 11:39:18,1781869158,R_10,4844.719,-1,0.03300000000035652,BACKFILL_AUTO
2026-06-19 11:39:20,1781869160,R_10,4844.622,-1,0.09699999999975262,BACKFILL_AUTO
2026-06-19 11:39:22,1781869162,R_10,4844.609,-1,0.012999999999919964,BACKFILL_AUTO
2026-06-19 11:39:24,1781869164,R_10,4844.699,1,0.08999999999923602,BACKFILL_AUTO
2026-06-19 11:39:26,1781869166,R_10,4844.867,1,0.1680000000005748,BACKFILL_AUTO
2026-06-19 11:39:28,1781869168,R_10,4844.841,-1,0.02599999999983993,BACKFILL_AUTO
2026-06-19 11:39:30,1781869170,R_10,4844.788,-1,0.05300000000079308,BACKFILL_AUTO
2026-06-19 11:39:32,1781869172,R_10,4844.608,-1,0.17999999999938154,BACKFILL_AUTO
2026-06-19 11:39:34,1781869174,R_10,4844.679,1,0.07099999999991269,BACKFILL_AUTO
2026-06-19 11:39:36,1781869176,R_10,4844.652,-1,0.027000000000043656,BACKFILL_AUTO
2026-06-19 11:39:38,1781869178,R_10,4844.377,-1,0.2749999999996362,BACKFILL_AUTO
2026-06-19 11:39:40,1781869180,R_10,4844.275,-1,0.10200000000077125,BACKFILL_AUTO
2026-06-19 11:39:42,1781869182,R_10,4844.209,-1,0.06599999999980355,BACKFILL_AUTO
2026-06-19 11:39:44,1781869184,R_10,4844.136,-1,0.07299999999941065,BACKFILL_AUTO
2026-06-19 11:39:46,1781869186,R_10,4844.131,-1,0.005000000000109139,BACKFILL_AUTO
2026-06-19 11:39:48,1781869188,R_10,4844.119,-1,0.012000000000625732,BACKFILL_AUTO
2026-06-19 11:39:50,1781869190,R_10,4844.191,1,0.07200000000011642,BACKFILL_AUTO
2026-06-19 11:39:52,1781869192,R_10,4844.369,1,0.17799999999988358,BACKFILL_AUTO
2026-06-19 11:39:54,1781869194,R_10,4844.17,-1,0.19899999999961437,BACKFILL_AUTO
2026-06-19 11:39:56,1781869196,R_10,4844.521,1,0.35099999999965803,BACKFILL_AUTO
2026-06-19 11:39:58,1781869198,R_10,4844.466,-1,0.054999999999381544,BACKFILL_AUTO
2026-06-19 11:40:00,1781869200,R_10,4844.391,-1,0.0750000000007276,BACKFILL_AUTO
2026-06-19 11:40:02,1781869202,R_10,4844.245,-1,0.1459999999997308,BACKFILL_AUTO
2026-06-19 11:40:04,1781869204,R_10,4844.523,1,0.2780000000002474,BACKFILL_AUTO
2026-06-19 11:40:06,1781869206,R_10,4844.369,-1,0.1540000000004511,BACKFILL_AUTO
2026-06-19 11:40:08,1781869208,R_10,4844.421,1,0.05200000000058935,BACKFILL_AUTO
2026-06-19 11:40:10,1781869210,R_10,4844.446,1,0.024999999999636202,BACKFILL_AUTO
2026-06-19 11:40:12,1781869212,R_10,4844.383,-1,0.06300000000010186,BACKFILL_AUTO
2026-06-19 11:40:14,1781869214,R_10,4844.395,1,0.012000000000625732,BACKFILL_AUTO
2026-06-19 11:40:16,1781869216,R_10,4844.392,-1,0.0030000000006111804,BACKFILL_AUTO
2026-06-19 11:40:18,1781869218,R_10,4844.31,-1,0.0819999999994252,BACKFILL_AUTO
2026-06-19 11:40:20,1781869220,R_10,4844.223,-1,0.08700000000044383,BACKFILL_AUTO
2026-06-19 11:40:22,1781869222,R_10,4844.269,1,0.046000000000276486,BACKFILL_AUTO
2026-06-19 11:40:24,1781869224,R_10,4844.37,1,0.10099999999965803,BACKFILL_AUTO
2026-06-19 11:40:26,1781869226,R_10,4844.617,1,0.24700000000029831,BACKFILL_AUTO
2026-06-19 11:40:28,1781869228,R_10,4844.451,-1,0.16600000000016735,BACKFILL_AUTO
2026-06-19 11:40:30,1781869230,R_10,4844.456,1,0.005000000000109139,BACKFILL_AUTO
2026-06-19 11:40:32,1781869232,R_10,4844.258,-1,0.19800000000032014,BACKFILL_AUTO
2026-06-19 11:40:34,1781869234,R_10,4844.206,-1,0.05199999999967986,BACKFILL_AUTO
2026-06-19 11:40:36,1781869236,R_10,4844.32,1,0.113999999999578,BACKFILL_AUTO
2026-06-19 11:40:38,1781869238,R_10,4844.284,-1,0.03600000000005821,BACKFILL_AUTO
2026-06-19 11:40:40,1781869240,R_10,4844.423,1,0.1390000000001237,BACKFILL_AUTO
2026-06-19 11:40:42,1781869242,R_10,4844.655,1,0.2319999999999709,BACKFILL_AUTO
2026-06-19 11:40:44,1781869244,R_10,4844.794,1,0.1390000000001237,BACKFILL_AUTO
2026-06-19 11:40:46,1781869246,R_10,4844.795,1,0.0010000000002037268,BACKFILL_AUTO
2026-06-19 11:40:48,1781869248,R_10,4844.906,1,0.11099999999987631,BACKFILL_AUTO
2026-06-19 11:40:50,1781869250,R_10,4844.833,-1,0.07300000000032014,BACKFILL_AUTO
2026-06-19 11:40:52,1781869252,R_10,4844.886,1,0.05300000000079308,BACKFILL_AUTO
2026-06-19 11:40:54,1781869254,R_10,4844.852,-1,0.03400000000056025,BACKFILL_AUTO
2026-06-19 11:40:56,1781869256,R_10,4844.891,1,0.03899999999975989,BACKFILL_AUTO
2026-06-19 11:40:58,1781869258,R_10,4844.843,-1,0.047999999999774445,BACKFILL_AUTO
2026-06-19 11:41:00,1781869260,R_10,4844.914,1,0.07099999999991269,BACKFILL_AUTO
2026-06-19 11:41:02,1781869262,R_10,4844.974,1,0.06000000000040018,BACKFILL_AUTO
2026-06-19 11:41:04,1781869264,R_10,4844.808,-1,0.16600000000016735,BACKFILL_AUTO
2026-06-19 11:41:06,1781869266,R_10,4844.75,-1,0.057999999999992724,BACKFILL_AUTO
2026-06-19 11:41:08,1781869268,R_10,4844.968,1,0.2179999999998472,BACKFILL_AUTO
2026-06-19 11:41:10,1781869270,R_10,4844.906,-1,0.06199999999989814,BACKFILL_AUTO
2026-06-19 11:41:12,1781869272,R_10,4844.96,1,0.05400000000008731,BACKFILL_AUTO
2026-06-19 11:41:14,1781869274,R_10,4845.056,1,0.09599999999954889,BACKFILL_AUTO
2026-06-19 11:41:16,1781869276,R_10,4844.99,-1,0.06599999999980355,BACKFILL_AUTO
2026-06-19 11:41:18,1781869278,R_10,4845.052,1,0.06199999999989814,BACKFILL_AUTO
2026-06-19 11:41:20,1781869280,R_10,4844.977,-1,0.0749999999998181,BACKFILL_AUTO
2026-06-19 11:41:22,1781869282,R_10,4845.062,1,0.08500000000003638,BACKFILL_AUTO
2026-06-19 11:41:24,1781869284,R_10,4845.08,1,0.018000000000029104,BACKFILL_AUTO
2026-06-19 11:41:26,1781869286,R_10,4845.231,1,0.15099999999983993,BACKFILL_AUTO
2026-06-19 11:41:28,1781869288,R_10,4845.292,1,0.061000000000603904,BACKFILL_AUTO
2026-06-19 11:41:30,1781869290,R_10,4845.289,-1,0.0030000000006111804,BACKFILL_AUTO
2026-06-19 11:41:32,1781869292,R_10,4845.169,-1,0.11999999999989086,BACKFILL_AUTO
2026-06-19 11:41:34,1781869294,R_10,4845.132,-1,0.037000000000261934,BACKFILL_AUTO
2026-06-19 11:41:36,1781869296,R_10,4845.241,1,0.10900000000037835,BACKFILL_AUTO
2026-06-19 11:41:38,1781869298,R_10,4845.444,1,0.20300000000042928,BACKFILL_AUTO
2026-06-19 11:41:40,1781869300,R_10,4845.463,1,0.018999999999323336,BACKFILL_AUTO
2026-06-19 11:41:42,1781869302,R_10,4845.634,1,0.1710000000002765,BACKFILL_AUTO
2026-06-19 11:41:44,1781869304,R_10,4845.728,1,0.09400000000005093,BACKFILL_AUTO
2026-06-19 11:41:46,1781869306,R_10,4845.683,-1,0.04500000000007276,BACKFILL_AUTO
2026-06-19 11:41:48,1781869308,R_10,4845.623,-1,0.06000000000040018,BACKFILL_AUTO
2026-06-19 11:41:50,1781869310,R_10,4845.751,1,0.12800000000061118,BACKFILL_AUTO
2026-06-19 11:41:52,1781869312,R_10,4845.752,1,0.0010000000002037268,BACKFILL_AUTO
2026-06-19 11:41:54,1781869314,R_10,4845.612,-1,0.14000000000032742,BACKFILL_AUTO
2026-06-19 11:41:56,1781869316,R_10,4845.543,-1,0.06900000000041473,BACKFILL_AUTO
2026-06-19 11:41:58,1781869318,R_10,4845.42,-1,0.12299999999959255,BACKFILL_AUTO
2026-06-19 11:42:00,1781869320,R_10,4845.543,1,0.12299999999959255,BACKFILL_AUTO
2026-06-19 11:42:02,1781869322,R_10,4845.449,-1,0.09400000000005093,BACKFILL_AUTO
2026-06-19 11:42:04,1781869324,R_10,4845.643,1,0.19400000000041473,BACKFILL_AUTO
2026-06-19 11:42:06,1781869326,R_10,4845.81,1,0.16700000000037107,BACKFILL_AUTO
2026-06-19 11:42:08,1781869328,R_10,4845.823,1,0.012999999999919964,BACKFILL_AUTO
2026-06-19 11:42:10,1781869330,R_10,4845.926,1,0.10300000000006548,BACKFILL_AUTO
2026-06-19 11:42:12,1781869332,R_10,4845.971,1,0.044999999999163265,BACKFILL_AUTO
2026-06-19 11:42:14,1781869334,R_10,4846.082,1,0.1110000000007858,BACKFILL_AUTO
2026-06-19 11:42:16,1781869336,R_10,4846.068,-1,0.014000000000123691,BACKFILL_AUTO
2026-06-19 11:42:18,1781869338,R_10,4846.137,1,0.06899999999950523,BACKFILL_AUTO
2026-06-19 11:42:20,1781869340,R_10,4846.183,1,0.046000000000276486,BACKFILL_AUTO
2026-06-19 11:42:22,1781869342,R_10,4846.562,1,0.3789999999999054,BACKFILL_AUTO
2026-06-19 11:42:24,1781869344,R_10,4846.474,-1,0.08799999999973807,BACKFILL_AUTO
2026-06-19 11:42:26,1781869346,R_10,4846.594,1,0.11999999999989086,BACKFILL_AUTO
2026-06-19 11:42:28,1781869348,R_10,4846.58,-1,0.014000000000123691,BACKFILL_AUTO
2026-06-19 11:42:30,1781869350,R_10,4846.316,-1,0.2640000000001237,BACKFILL_AUTO
2026-06-19 11:42:32,1781869352,R_10,4846.376,1,0.06000000000040018,BACKFILL_AUTO
2026-06-19 11:42:34,1781869354,R_10,4846.486,1,0.10999999999967258,BACKFILL_AUTO
2026-06-19 11:42:36,1781869356,R_10,4846.556,1,0.06999999999970896,BACKFILL_AUTO
2026-06-19 11:42:38,1781869358,R_10,4846.581,1,0.025000000000545697,BACKFILL_AUTO
2026-06-19 11:42:40,1781869360,R_10,4846.537,-1,0.04399999999986903,BACKFILL_AUTO
2026-06-19 11:42:42,1781869362,R_10,4846.633,1,0.09599999999954889,BACKFILL_AUTO
2026-06-19 11:42:44,1781869364,R_10,4846.578,-1,0.054999999999381544,BACKFILL_AUTO
2026-06-19 11:42:46,1781869366,R_10,4846.521,-1,0.05700000000069849,BACKFILL_AUTO
2026-06-19 11:42:48,1781869368,R_10,4846.633,1,0.11200000000008004,BACKFILL_AUTO
2026-06-19 11:42:50,1781869370,R_10,4846.607,-1,0.02599999999983993,BACKFILL_AUTO
2026-06-19 11:42:52,1781869372,R_10,4846.489,-1,0.1180000000003929,BACKFILL_AUTO
2026-06-19 11:42:54,1781869374,R_10,4846.297,-1,0.19200000000000728,BACKFILL_AUTO
2026-06-19 11:42:56,1781869376,R_10,4846.234,-1,0.06299999999919237,BACKFILL_AUTO
2026-06-19 11:42:58,1781869378,R_10,4846.219,-1,0.015000000000327418,BACKFILL_AUTO
2026-06-19 11:43:00,1781869380,R_10,4846.181,-1,0.03800000000046566,BACKFILL_AUTO
2026-06-19 11:43:02,1781869382,R_10,4845.979,-1,0.20199999999931606,BACKFILL_AUTO
2026-06-19 11:43:04,1781869384,R_10,4846.081,1,0.10199999999986176,BACKFILL_AUTO
2026-06-19 11:43:06,1781869386,R_10,4846.001,-1,0.07999999999992724,BACKFILL_AUTO
2026-06-19 11:43:08,1781869388,R_10,4845.996,-1,0.005000000000109139,BACKFILL_AUTO
2026-06-19 11:43:10,1781869390,R_10,4846.024,1,0.028000000000247383,BACKFILL_AUTO
2026-06-19 11:43:12,1781869392,R_10,4845.975,-1,0.04899999999997817,BACKFILL_AUTO
2026-06-19 11:43:14,1781869394,R_10,4845.973,-1,0.0020000000004074536,BACKFILL_AUTO
2026-06-19 11:43:16,1781869396,R_10,4845.915,-1,0.057999999999992724,BACKFILL_AUTO
2026-06-19 11:43:18,1781869398,R_10,4846.025,1,0.10999999999967258,BACKFILL_AUTO
2026-06-19 11:43:20,1781869400,R_10,4845.97,-1,0.054999999999381544,BACKFILL_AUTO
2026-06-19 11:43:22,1781869402,R_10,4845.873,-1,0.09700000000066211,BACKFILL_AUTO
2026-06-19 11:43:24,1781869404,R_10,4845.782,-1,0.09099999999943975,BACKFILL_AUTO
2026-06-19 11:43:26,1781869406,R_10,4845.887,1,0.10499999999956344,BACKFILL_AUTO
2026-06-19 11:43:28,1781869408,R_10,4845.837,-1,0.049999999999272404,BACKFILL_AUTO
2026-06-19 11:43:30,1781869410,R_10,4846.008,1,0.170999999999367,BACKFILL_AUTO
2026-06-19 11:43:32,1781869412,R_10,4846.007,-1,0.0010000000002037268,BACKFILL_AUTO
2026-06-19 11:43:34,1781869414,R_10,4846.0,-1,0.006999999999607098,BACKFILL_AUTO
2026-06-19 11:43:36,1781869416,R_10,4845.866,-1,0.13400000000001455,BACKFILL_AUTO
2026-06-19 11:43:38,1781869418,R_10,4846.01,1,0.14400000000023283,BACKFILL_AUTO
2026-06-19 11:43:40,1781869420,R_10,4846.16,1,0.1499999999996362,BACKFILL_AUTO
2026-06-19 11:43:42,1781869422,R_10,4846.057,-1,0.10300000000006548,BACKFILL_AUTO
2026-06-19 11:43:44,1781869424,R_10,4845.815,-1,0.24200000000018917,BACKFILL_AUTO
2026-06-19 11:43:46,1781869426,R_10,4845.572,-1,0.2429999999994834,BACKFILL_AUTO
2026-06-19 11:43:48,1781869428,R_10,4845.485,-1,0.08700000000044383,BACKFILL_AUTO
2026-06-19 11:43:50,1781869430,R_10,4845.611,1,0.12600000000020373,BACKFILL_AUTO
2026-06-19 11:43:52,1781869432,R_10,4845.701,1,0.09000000000014552,BACKFILL_AUTO
2026-06-19 11:43:54,1781869434,R_10,4845.65,-1,0.051000000000385626,BACKFILL_AUTO
2026-06-19 11:43:56,1781869436,R_10,4845.59,-1,0.05999999999949068,BACKFILL_AUTO
2026-06-19 11:43:58,1781869438,R_10,4845.467,-1,0.12300000000050204,BACKFILL_AUTO
2026-06-19 11:44:00,1781869440,R_10,4845.393,-1,0.07399999999961437,BACKFILL_AUTO
2026-06-19 11:44:02,1781869442,R_10,4845.399,1,0.006000000000312866,BACKFILL_AUTO
2026-06-19 11:44:04,1781869444,R_10,4845.273,-1,0.12600000000020373,BACKFILL_AUTO
2026-06-19 11:44:06,1781869446,R_10,4845.241,-1,0.032000000000152795,BACKFILL_AUTO
2026-06-19 11:44:08,1781869448,R_10,4845.19,-1,0.051000000000385626,BACKFILL_AUTO
2026-06-19 11:44:10,1781869450,R_10,4845.2,1,0.010000000000218279,BACKFILL_AUTO
2026-06-19 11:44:12,1781869452,R_10,4845.279,1,0.07900000000063301,BACKFILL_AUTO
2026-06-19 11:44:14,1781869454,R_10,4845.359,1,0.07999999999992724,BACKFILL_AUTO
2026-06-19 11:44:16,1781869456,R_10,4845.449,1,0.08999999999923602,BACKFILL_AUTO
2026-06-19 11:44:18,1781869458,R_10,4845.477,1,0.028000000000247383,BACKFILL_AUTO
2026-06-19 11:44:20,1781869460,R_10,4845.434,-1,0.042999999999665306,BACKFILL_AUTO
2026-06-19 11:44:22,1781869462,R_10,4845.463,1,0.028999999999541615,BACKFILL_AUTO
2026-06-19 11:44:24,1781869464,R_10,4845.607,1,0.14400000000023283,BACKFILL_AUTO
2026-06-19 11:44:26,1781869466,R_10,4845.434,-1,0.17299999999977445,BACKFILL_AUTO
2026-06-19 11:44:28,1781869468,R_10,4845.304,-1,0.13000000000010914,BACKFILL_AUTO
2026-06-19 11:44:30,1781869470,R_10,4845.3,-1,0.0039999999999054126,BACKFILL_AUTO
2026-06-19 11:44:32,1781869472,R_10,4845.256,-1,0.04399999999986903,BACKFILL_AUTO
2026-06-19 11:44:34,1781869474,R_10,4845.659,1,0.4029999999993379,BACKFILL_AUTO
2026-06-19 11:44:36,1781869476,R_10,4845.601,-1,0.057999999999992724,BACKFILL_AUTO
2026-06-19 11:44:38,1781869478,R_10,4845.549,-1,0.05199999999967986,BACKFILL_AUTO
2026-06-19 11:44:40,1781869480,R_10,4845.645,1,0.09600000000045839,BACKFILL_AUTO
2026-06-19 11:44:42,1781869482,R_10,4845.704,1,0.058999999999286956,BACKFILL_AUTO
2026-06-19 11:44:44,1781869484,R_10,4845.745,1,0.04100000000016735,BACKFILL_AUTO
2026-06-19 11:44:46,1781869486,R_10,4845.961,1,0.21600000000034925,BACKFILL_AUTO
2026-06-19 11:44:48,1781869488,R_10,4846.063,1,0.10199999999986176,BACKFILL_AUTO
2026-06-19 11:44:50,1781869490,R_10,4846.067,1,0.0039999999999054126,BACKFILL_AUTO
2026-06-19 11:44:52,1781869492,R_10,4846.206,1,0.1390000000001237,BACKFILL_AUTO
2026-06-19 11:44:54,1781869494,R_10,4846.171,-1,0.03499999999985448,BACKFILL_AUTO
2026-06-19 11:44:56,1781869496,R_10,4846.278,1,0.1069999999999709,BACKFILL_AUTO
2026-06-19 11:44:58,1781869498,R_10,4846.387,1,0.10899999999946886,BACKFILL_AUTO
2026-06-19 11:45:00,1781869500,R_10,4846.299,-1,0.08799999999973807,BACKFILL_AUTO
2026-06-19 11:45:02,1781869502,R_10,4846.301,1,0.0020000000004074536,BACKFILL_AUTO
2026-06-19 11:45:04,1781869504,R_10,4846.37,1,0.06899999999950523,BACKFILL_AUTO
2026-06-19 11:45:06,1781869506,R_10,4846.443,1,0.07300000000032014,BACKFILL_AUTO
2026-06-19 11:45:08,1781869508,R_10,4846.416,-1,0.027000000000043656,BACKFILL_AUTO
2026-06-19 11:45:10,1781869510,R_10,4846.206,-1,0.21000000000003638,BACKFILL_AUTO
2026-06-19 11:45:12,1781869512,R_10,4846.112,-1,0.09400000000005093,BACKFILL_AUTO
2026-06-19 11:45:14,1781869514,R_10,4845.965,-1,0.14699999999993452,BACKFILL_AUTO
2026-06-19 11:45:16,1781869516,R_10,4845.873,-1,0.09200000000055297,BACKFILL_AUTO
2026-06-19 11:45:18,1781869518,R_10,4845.921,1,0.04800000000068394,BACKFILL_AUTO
2026-06-19 11:45:20,1781869520,R_10,4845.826,-1,0.09500000000025466,BACKFILL_AUTO
2026-06-19 11:45:22,1781869522,R_10,4846.077,1,0.2510000000002037,BACKFILL_AUTO
2026-06-19 11:45:24,1781869524,R_10,4846.062,-1,0.015000000000327418,BACKFILL_AUTO
2026-06-19 11:45:26,1781869526,R_10,4846.072,1,0.010000000000218279,BACKFILL_AUTO
2026-06-19 11:45:28,1781869528,R_10,4846.091,1,0.01900000000023283,BACKFILL_AUTO
2026-06-19 11:45:30,1781869530,R_10,4846.175,1,0.08399999999983265,BACKFILL_AUTO
2026-06-19 11:45:32,1781869532,R_10,4846.078,-1,0.09699999999975262,BACKFILL_AUTO
2026-06-19 11:45:34,1781869534,R_10,4846.174,1,0.09599999999954889,BACKFILL_AUTO
2026-06-19 11:45:36,1781869536,R_10,4846.282,1,0.10800000000017462,BACKFILL_AUTO
2026-06-19 11:45:38,1781869538,R_10,4846.163,-1,0.11900000000059663,BACKFILL_AUTO
2026-06-19 11:45:40,1781869540,R_10,4846.24,1,0.07700000000022555,BACKFILL_AUTO
2026-06-19 11:45:42,1781869542,R_10,4846.001,-1,0.238999999999578,BACKFILL_AUTO
2026-06-19 11:45:44,1781869544,R_10,4846.057,1,0.05599999999958527,BACKFILL_AUTO
2026-06-19 11:45:46,1781869546,R_10,4846.151,1,0.09400000000005093,BACKFILL_AUTO
2026-06-19 11:45:48,1781869548,R_10,4846.138,-1,0.012999999999919964,BACKFILL_AUTO
2026-06-19 11:45:50,1781869550,R_10,4846.137,-1,0.0010000000002037268,BACKFILL_AUTO
2026-06-19 11:45:52,1781869552,R_10,4846.147,1,0.010000000000218279,BACKFILL_AUTO
2026-06-19 11:45:54,1781869554,R_10,4845.977,-1,0.17000000000007276,BACKFILL_AUTO
2026-06-19 11:45:56,1781869556,R_10,4845.969,-1,0.007999999999810825,BACKFILL_AUTO
2026-06-19 11:45:58,1781869558,R_10,4846.159,1,0.18999999999959982,BACKFILL_AUTO
2026-06-19 11:46:00,1781869560,R_10,4845.99,-1,0.16899999999986903,BACKFILL_AUTO
2026-06-19 11:46:02,1781869562,R_10,4846.137,1,0.14699999999993452,BACKFILL_AUTO
2026-06-19 11:46:04,1781869564,R_10,4846.28,1,0.1430000000000291,BACKFILL_AUTO
2026-06-19 11:46:06,1781869566,R_10,4846.206,-1,0.07399999999961437,BACKFILL_AUTO
2026-06-19 11:46:08,1781869568,R_10,4846.212,1,0.006000000000312866,BACKFILL_AUTO
2026-06-19 11:46:10,1781869570,R_10,4845.88,-1,0.3320000000003347,BACKFILL_AUTO
2026-06-19 11:46:12,1781869572,R_10,4845.914,1,0.033999999999650754,BACKFILL_AUTO
2026-06-19 11:46:14,1781869574,R_10,4845.877,-1,0.03699999999935244,BACKFILL_AUTO
2026-06-19 11:46:16,1781869576,R_10,4845.807,-1,0.07000000000061846,BACKFILL_AUTO
2026-06-19 11:46:18,1781869578,R_10,4845.811,1,0.0039999999999054126,BACKFILL_AUTO
2026-06-19 11:46:20,1781869580,R_10,4845.694,-1,0.11699999999927968,BACKFILL_AUTO
2026-06-19 11:46:22,1781869582,R_10,4845.865,1,0.170999999999367,BACKFILL_AUTO
2026-06-19 11:46:24,1781869584,R_10,4845.913,1,0.047999999999774445,BACKFILL_AUTO
2026-06-19 11:46:26,1781869586,R_10,4845.905,-1,0.007999999999810825,BACKFILL_AUTO
2026-06-19 11:46:28,1781869588,R_10,4845.986,1,0.08100000000013097,BACKFILL_AUTO
2026-06-19 11:46:30,1781869590,R_10,4846.256,1,0.27000000000043656,BACKFILL_AUTO
2026-06-19 11:46:32,1781869592,R_10,4846.271,1,0.014999999999417923,BACKFILL_AUTO
2026-06-19 11:46:34,1781869594,R_10,4846.097,-1,0.17399999999997817,BACKFILL_AUTO
2026-06-19 11:46:36,1781869596,R_10,4845.865,-1,0.2319999999999709,BACKFILL_AUTO
2026-06-19 11:46:38,1781869598,R_10,4845.936,1,0.07099999999991269,BACKFILL_AUTO
2026-06-19 11:46:40,1781869600,R_10,4845.832,-1,0.10399999999935972,BACKFILL_AUTO
2026-06-19 11:46:42,1781869602,R_10,4845.931,1,0.09899999999925058,BACKFILL_AUTO
2026-06-19 11:46:44,1781869604,R_10,4846.098,1,0.16700000000037107,BACKFILL_AUTO
2026-06-19 11:46:46,1781869606,R_10,4845.903,-1,0.19499999999970896,BACKFILL_AUTO
2026-06-19 11:46:48,1781869608,R_10,4845.677,-1,0.22600000000056752,BACKFILL_AUTO
2026-06-19 11:46:50,1781869610,R_10,4845.576,-1,0.10099999999965803,BACKFILL_AUTO
2026-06-19 11:46:52,1781869612,R_10,4845.417,-1,0.15899999999965075,BACKFILL_AUTO
2026-06-19 11:46:54,1781869614,R_10,4845.447,1,0.02999999999974534,BACKFILL_AUTO
2026-06-19 11:46:56,1781869616,R_10,4845.534,1,0.08699999999953434,BACKFILL_AUTO
2026-06-19 11:46:58,1781869618,R_10,4845.499,-1,0.03499999999985448,BACKFILL_AUTO
2026-06-19 11:47:00,1781869620,R_10,4845.351,-1,0.14800000000013824,BACKFILL_AUTO
2026-06-19 11:47:02,1781869622,R_10,4845.209,-1,0.14199999999982538,BACKFILL_AUTO
2026-06-19 11:47:04,1781869624,R_10,4845.285,1,0.07600000000002183,BACKFILL_AUTO
2026-06-19 11:47:06,1781869626,R_10,4845.231,-1,0.05400000000008731,BACKFILL_AUTO
2026-06-19 11:47:08,1781869628,R_10,4845.116,-1,0.11499999999978172,BACKFILL_AUTO
2026-06-19 11:47:10,1781869630,R_10,4845.299,1,0.18299999999999272,BACKFILL_AUTO
2026-06-19 11:47:12,1781869632,R_10,4845.295,-1,0.0039999999999054126,BACKFILL_AUTO
2026-06-19 11:47:14,1781869634,R_10,4845.2,-1,0.09500000000025466,BACKFILL_AUTO
2026-06-19 11:47:16,1781869636,R_10,4845.185,-1,0.014999999999417923,BACKFILL_AUTO
2026-06-19 11:47:18,1781869638,R_10,4845.175,-1,0.010000000000218279,BACKFILL_AUTO
2026-06-19 11:47:20,1781869640,R_10,4845.211,1,0.03600000000005821,BACKFILL_AUTO
2026-06-19 11:47:22,1781869642,R_10,4845.228,1,0.016999999999825377,BACKFILL_AUTO
2026-06-19 11:47:24,1781869644,R_10,4845.244,1,0.01599999999962165,BACKFILL_AUTO
2026-06-19 11:47:26,1781869646,R_10,4845.166,-1,0.07799999999951979,BACKFILL_AUTO
2026-06-19 11:47:28,1781869648,R_10,4845.252,1,0.0860000000002401,BACKFILL_AUTO
2026-06-19 11:47:30,1781869650,R_10,4845.217,-1,0.035000000000763976,BACKFILL_AUTO
2026-06-19 11:47:32,1781869652,R_10,4845.274,1,0.05700000000069849,BACKFILL_AUTO
2026-06-19 11:47:34,1781869654,R_10,4845.225,-1,0.04899999999997817,BACKFILL_AUTO
2026-06-19 11:47:36,1781869656,R_10,4845.38,1,0.15499999999974534,BACKFILL_AUTO
2026-06-19 11:47:38,1781869658,R_10,4845.187,-1,0.193000000000211,BACKFILL_AUTO
2026-06-19 11:47:40,1781869660,R_10,4845.138,-1,0.04899999999997817,BACKFILL_AUTO
2026-06-19 11:47:42,1781869662,R_10,4845.221,1,0.08299999999962893,BACKFILL_AUTO
2026-06-19 11:47:44,1781869664,R_10,4845.123,-1,0.09799999999995634,BACKFILL_AUTO
2026-06-19 11:47:46,1781869666,R_10,4845.176,1,0.05300000000079308,BACKFILL_AUTO
2026-06-19 11:47:48,1781869668,R_10,4845.093,-1,0.08300000000053842,BACKFILL_AUTO
2026-06-19 11:47:50,1781869670,R_10,4845.033,-1,0.05999999999949068,BACKFILL_AUTO
2026-06-19 11:47:52,1781869672,R_10,4844.984,-1,0.04899999999997817,BACKFILL_AUTO
2026-06-19 11:47:54,1781869674,R_10,4844.743,-1,0.24099999999998545,BACKFILL_AUTO
2026-06-19 11:47:56,1781869676,R_10,4844.876,1,0.13299999999981083,BACKFILL_AUTO
2026-06-19 11:47:58,1781869678,R_10,4844.732,-1,0.14400000000023283,BACKFILL_AUTO
2026-06-19 11:48:00,1781869680,R_10,4844.651,-1,0.08100000000013097,BACKFILL_AUTO
2026-06-19 11:48:02,1781869682,R_10,4844.843,1,0.19200000000000728,BACKFILL_AUTO
2026-06-19 11:48:04,1781869684,R_10,4844.98,1,0.13699999999971624,BACKFILL_AUTO
2026-06-19 11:48:06,1781869686,R_10,4844.997,1,0.01700000000073487,BACKFILL_AUTO
2026-06-19 11:48:08,1781869688,R_10,4845.148,1,0.15099999999983993,BACKFILL_AUTO
2026-06-19 11:48:10,1781869690,R_10,4845.141,-1,0.007000000000516593,BACKFILL_AUTO
2026-06-19 11:48:12,1781869692,R_10,4845.346,1,0.20499999999992724,BACKFILL_AUTO
2026-06-19 11:48:14,1781869694,R_10,4845.179,-1,0.16699999999946158,BACKFILL_AUTO
2026-06-19 11:48:16,1781869696,R_10,4845.129,-1,0.0500000000001819,BACKFILL_AUTO
2026-06-19 11:48:18,1781869698,R_10,4845.397,1,0.2680000000000291,BACKFILL_AUTO
2026-06-19 11:48:20,1781869700,R_10,4845.301,-1,0.09599999999954889,BACKFILL_AUTO
2026-06-19 11:48:22,1781869702,R_10,4845.336,1,0.03499999999985448,BACKFILL_AUTO
2026-06-19 11:48:24,1781869704,R_10,4845.32,-1,0.016000000000531145,BACKFILL_AUTO
2026-06-19 11:48:26,1781869706,R_10,4845.411,1,0.09100000000034925,BACKFILL_AUTO
2026-06-19 11:48:28,1781869708,R_10,4845.225,-1,0.1859999999996944,BACKFILL_AUTO
2026-06-19 11:48:30,1781869710,R_10,4845.208,-1,0.01700000000073487,BACKFILL_AUTO
2026-06-19 11:48:32,1781869712,R_10,4845.32,1,0.11200000000008004,BACKFILL_AUTO
2026-06-19 11:48:34,1781869714,R_10,4845.314,-1,0.0059999999994033715,BACKFILL_AUTO
2026-06-19 11:48:36,1781869716,R_10,4845.505,1,0.19099999999980355,BACKFILL_AUTO
2026-06-19 11:48:38,1781869718,R_10,4845.623,1,0.11799999999948341,BACKFILL_AUTO
2026-06-19 11:48:40,1781869720,R_10,4845.727,1,0.10400000000026921,BACKFILL_AUTO
2026-06-19 11:48:42,1781869722,R_10,4845.592,-1,0.13500000000021828,BACKFILL_AUTO
2026-06-19 11:48:44,1781869724,R_10,4845.543,-1,0.04899999999997817,BACKFILL_AUTO
2026-06-19 11:48:46,1781869726,R_10,4845.438,-1,0.10499999999956344,BACKFILL_AUTO
2026-06-19 11:48:48,1781869728,R_10,4845.574,1,0.1359999999995125,BACKFILL_AUTO
2026-06-19 11:48:50,1781869730,R_10,4845.47,-1,0.10399999999935972,BACKFILL_AUTO
2026-06-19 11:48:52,1781869732,R_10,4845.651,1,0.18099999999958527,BACKFILL_AUTO
2026-06-19 11:48:54,1781869734,R_10,4845.607,-1,0.04399999999986903,BACKFILL_AUTO
2026-06-19 11:48:56,1781869736,R_10,4845.461,-1,0.1459999999997308,BACKFILL_AUTO
2026-06-19 11:48:58,1781869738,R_10,4845.444,-1,0.016999999999825377,BACKFILL_AUTO
2026-06-19 11:49:00,1781869740,R_10,4845.546,1,0.10199999999986176,BACKFILL_AUTO
2026-06-19 11:49:02,1781869742,R_10,4845.629,1,0.08299999999962893,BACKFILL_AUTO
2026-06-19 11:49:04,1781869744,R_10,4845.654,1,0.025000000000545697,BACKFILL_AUTO
2026-06-19 11:49:06,1781869746,R_10,4845.683,1,0.028999999999541615,BACKFILL_AUTO
2026-06-19 11:49:08,1781869748,R_10,4845.592,-1,0.09100000000034925,BACKFILL_AUTO
2026-06-19 11:49:10,1781869750,R_10,4845.592,0,0.0,BACKFILL_AUTO
2026-06-19 11:49:12,1781869752,R_10,4845.618,1,0.026000000000749424,BACKFILL_AUTO
2026-06-19 11:49:14,1781869754,R_10,4845.691,1,0.07299999999941065,BACKFILL_AUTO
2026-06-19 11:49:16,1781869756,R_10,4845.668,-1,0.023000000000138243,BACKFILL_AUTO
2026-06-19 11:49:18,1781869758,R_10,4845.629,-1,0.03899999999975989,BACKFILL_AUTO
2026-06-19 11:49:20,1781869760,R_10,4845.706,1,0.07700000000022555,BACKFILL_AUTO
2026-06-19 11:49:22,1781869762,R_10,4845.723,1,0.016999999999825377,BACKFILL_AUTO
2026-06-19 11:49:24,1781869764,R_10,4845.742,1,0.01900000000023283,BACKFILL_AUTO
2026-06-19 11:49:26,1781869766,R_10,4845.716,-1,0.02599999999983993,BACKFILL_AUTO
2026-06-19 11:49:28,1781869768,R_10,4845.856,1,0.13999999999941792,BACKFILL_AUTO
2026-06-19 11:49:30,1781869770,R_10,4845.727,-1,0.1289999999999054,BACKFILL_AUTO
2026-06-19 11:49:32,1781869772,R_10,4845.706,-1,0.02099999999973079,BACKFILL_AUTO
2026-06-19 11:49:34,1781869774,R_10,4845.792,1,0.0860000000002401,BACKFILL_AUTO
2026-06-19 11:49:36,1781869776,R_10,4845.859,1,0.06700000000000728,BACKFILL_AUTO
2026-06-19 11:49:38,1781869778,R_10,4845.704,-1,0.15500000000065484,BACKFILL_AUTO
2026-06-19 11:49:40,1781869780,R_10,4845.982,1,0.2780000000002474,BACKFILL_AUTO
2026-06-19 11:49:42,1781869782,R_10,4846.004,1,0.021999999999934516,BACKFILL_AUTO
2026-06-19 11:49:44,1781869784,R_10,4845.857,-1,0.14699999999993452,BACKFILL_AUTO
2026-06-19 11:49:46,1781869786,R_10,4845.985,1,0.12799999999970169,BACKFILL_AUTO
2026-06-19 11:49:48,1781869788,R_10,4845.92,-1,0.06499999999959982,BACKFILL_AUTO
2026-06-19 11:49:50,1781869790,R_10,4845.88,-1,0.03999999999996362,BACKFILL_AUTO
2026-06-19 11:49:52,1781869792,R_10,4845.745,-1,0.13500000000021828,BACKFILL_AUTO
2026-06-19 11:49:54,1781869794,R_10,4845.644,-1,0.10099999999965803,BACKFILL_AUTO
2026-06-19 11:49:56,1781869796,R_10,4845.726,1,0.0819999999994252,BACKFILL_AUTO
2026-06-19 11:49:58,1781869798,R_10,4845.68,-1,0.04599999999936699,BACKFILL_AUTO
2026-06-19 11:50:00,1781869800,R_10,4845.662,-1,0.018000000000029104,BACKFILL_AUTO
2026-06-19 11:50:02,1781869802,R_10,4845.54,-1,0.12200000000029831,BACKFILL_AUTO
2026-06-19 11:50:04,1781869804,R_10,4845.483,-1,0.056999999999789,BACKFILL_AUTO
2026-06-19 11:50:06,1781869806,R_10,4845.455,-1,0.028000000000247383,BACKFILL_AUTO
2026-06-19 11:50:08,1781869808,R_10,4845.464,1,0.009000000000014552,BACKFILL_AUTO
2026-06-19 11:50:10,1781869810,R_10,4845.348,-1,0.11599999999998545,BACKFILL_AUTO
2026-06-19 11:50:12,1781869812,R_10,4845.324,-1,0.02400000000034197,BACKFILL_AUTO
2026-06-19 11:50:14,1781869814,R_10,4845.242,-1,0.0819999999994252,BACKFILL_AUTO
2026-06-19 11:50:16,1781869816,R_10,4845.336,1,0.09400000000005093,BACKFILL_AUTO
2026-06-19 11:50:18,1781869818,R_10,4845.229,-1,0.1069999999999709,BACKFILL_AUTO
2026-06-19 11:50:20,1781869820,R_10,4845.406,1,0.17699999999967986,BACKFILL_AUTO
2026-06-19 11:50:22,1781869822,R_10,4845.418,1,0.011999999999716238,BACKFILL_AUTO
2026-06-19 11:50:24,1781869824,R_10,4845.425,1,0.007000000000516593,BACKFILL_AUTO
2026-06-19 11:50:26,1781869826,R_10,4845.389,-1,0.03600000000005821,BACKFILL_AUTO
2026-06-19 11:50:28,1781869828,R_10,4845.226,-1,0.16300000000046566,BACKFILL_AUTO
2026-06-19 11:50:30,1781869830,R_10,4845.19,-1,0.03600000000005821,BACKFILL_AUTO
2026-06-19 11:50:32,1781869832,R_10,4845.088,-1,0.10199999999986176,BACKFILL_AUTO
2026-06-19 11:50:34,1781869834,R_10,4845.036,-1,0.05199999999967986,BACKFILL_AUTO
2026-06-19 11:50:36,1781869836,R_10,4844.995,-1,0.04100000000016735,BACKFILL_AUTO
2026-06-19 11:50:38,1781869838,R_10,4844.841,-1,0.15399999999954161,BACKFILL_AUTO
2026-06-19 11:50:40,1781869840,R_10,4845.057,1,0.21599999999943975,BACKFILL_AUTO
2026-06-19 11:50:42,1781869842,R_10,4845.023,-1,0.033999999999650754,BACKFILL_AUTO
2026-06-19 11:50:44,1781869844,R_10,4845.082,1,0.05900000000019645,BACKFILL_AUTO
2026-06-19 11:50:46,1781869846,R_10,4845.115,1,0.03299999999944703,BACKFILL_AUTO
2026-06-19 11:50:48,1781869848,R_10,4845.011,-1,0.10399999999935972,BACKFILL_AUTO
2026-06-19 11:50:50,1781869850,R_10,4845.268,1,0.2569999999996071,BACKFILL_AUTO
2026-06-19 11:50:52,1781869852,R_10,4845.143,-1,0.125,BACKFILL_AUTO
2026-06-19 11:50:54,1781869854,R_10,4845.222,1,0.07899999999972351,BACKFILL_AUTO
2026-06-19 11:50:56,1781869856,R_10,4845.237,1,0.015000000000327418,BACKFILL_AUTO
2026-06-19 11:50:58,1781869858,R_10,4845.334,1,0.09699999999975262,BACKFILL_AUTO
2026-06-19 11:51:00,1781869860,R_10,4845.28,-1,0.05400000000008731,BACKFILL_AUTO
2026-06-19 11:51:02,1781869862,R_10,4845.377,1,0.09700000000066211,BACKFILL_AUTO
2026-06-19 11:51:04,1781869864,R_10,4845.377,0,0.0,BACKFILL_AUTO
2026-06-19 11:51:06,1781869866,R_10,4845.464,1,0.08699999999953434,BACKFILL_AUTO
2026-06-19 11:51:08,1781869868,R_10,4845.134,-1,0.32999999999992724,BACKFILL_AUTO
2026-06-19 11:51:10,1781869870,R_10,4845.232,1,0.09799999999995634,BACKFILL_AUTO
2026-06-19 11:51:12,1781869872,R_10,4845.191,-1,0.04100000000016735,BACKFILL_AUTO
2026-06-19 11:51:14,1781869874,R_10,4845.143,-1,0.047999999999774445,BACKFILL_AUTO
2026-06-19 11:51:16,1781869876,R_10,4845.172,1,0.028999999999541615,BACKFILL_AUTO
2026-06-19 11:51:18,1781869878,R_10,4845.027,-1,0.14499999999952706,BACKFILL_AUTO
2026-06-19 11:51:20,1781869880,R_10,4845.054,1,0.027000000000043656,BACKFILL_AUTO
2026-06-19 11:51:22,1781869882,R_10,4845.062,1,0.007999999999810825,BACKFILL_AUTO
2026-06-19 11:51:24,1781869884,R_10,4845.265,1,0.20300000000042928,BACKFILL_AUTO
2026-06-19 11:51:26,1781869886,R_10,4845.121,-1,0.14400000000023283,BACKFILL_AUTO
2026-06-19 11:51:28,1781869888,R_10,4844.862,-1,0.25900000000001455,BACKFILL_AUTO
2026-06-19 11:51:30,1781869890,R_10,4844.743,-1,0.11899999999968713,BACKFILL_AUTO
2026-06-19 11:51:32,1781869892,R_10,4844.837,1,0.09400000000005093,BACKFILL_AUTO
2026-06-19 11:51:34,1781869894,R_10,4845.01,1,0.17299999999977445,BACKFILL_AUTO
2026-06-19 11:51:36,1781869896,R_10,4845.025,1,0.014999999999417923,BACKFILL_AUTO
2026-06-19 11:51:38,1781869898,R_10,4845.053,1,0.028000000000247383,BACKFILL_AUTO
2026-06-19 11:51:40,1781869900,R_10,4844.935,-1,0.11799999999948341,BACKFILL_AUTO
2026-06-19 11:51:42,1781869902,R_10,4844.781,-1,0.1540000000004511,BACKFILL_AUTO
2026-06-19 11:51:44,1781869904,R_10,4844.725,-1,0.05599999999958527,BACKFILL_AUTO
2026-06-19 11:51:46,1781869906,R_10,4844.697,-1,0.028000000000247383,BACKFILL_AUTO
2026-06-19 11:51:48,1781869908,R_10,4844.826,1,0.1289999999999054,BACKFILL_AUTO
2026-06-19 11:51:50,1781869910,R_10,4844.812,-1,0.014000000000123691,BACKFILL_AUTO
2026-06-19 11:51:52,1781869912,R_10,4844.745,-1,0.06700000000000728,BACKFILL_AUTO
2026-06-19 11:51:54,1781869914,R_10,4844.612,-1,0.13299999999981083,BACKFILL_AUTO
2026-06-19 11:51:56,1781869916,R_10,4844.699,1,0.08699999999953434,BACKFILL_AUTO
2026-06-19 11:51:58,1781869918,R_10,4844.713,1,0.014000000000123691,BACKFILL_AUTO
2026-06-19 11:52:00,1781869920,R_10,4844.488,-1,0.2249999999994543,BACKFILL_AUTO
2026-06-19 11:52:02,1781869922,R_10,4844.403,-1,0.08500000000003638,BACKFILL_AUTO
2026-06-19 11:52:04,1781869924,R_10,4844.437,1,0.033999999999650754,BACKFILL_AUTO
2026-06-19 11:52:06,1781869926,R_10,4844.619,1,0.181999999999789,BACKFILL_AUTO
2026-06-19 11:52:08,1781869928,R_10,4844.646,1,0.027000000000043656,BACKFILL_AUTO
2026-06-19 11:52:10,1781869930,R_10,4845.024,1,0.3780000000006112,BACKFILL_AUTO
2026-06-19 11:52:12,1781869932,R_10,4845.134,1,0.10999999999967258,BACKFILL_AUTO
2026-06-19 11:52:14,1781869934,R_10,4844.946,-1,0.18800000000010186,BACKFILL_AUTO
2026-06-19 11:52:16,1781869936,R_10,4845.281,1,0.3350000000000364,BACKFILL_AUTO
2026-06-19 11:52:18,1781869938,R_10,4845.225,-1,0.05599999999958527,BACKFILL_AUTO
2026-06-19 11:52:20,1781869940,R_10,4845.218,-1,0.007000000000516593,BACKFILL_AUTO
2026-06-19 11:52:22,1781869942,R_10,4845.162,-1,0.05599999999958527,BACKFILL_AUTO
2026-06-19 11:52:24,1781869944,R_10,4845.08,-1,0.0820000000003347,BACKFILL_AUTO
2026-06-19 11:52:26,1781869946,R_10,4845.094,1,0.014000000000123691,BACKFILL_AUTO
2026-06-19 11:52:28,1781869948,R_10,4845.167,1,0.07300000000032014,BACKFILL_AUTO
2026-06-19 11:52:30,1781869950,R_10,4845.385,1,0.2179999999998472,BACKFILL_AUTO
2026-06-19 11:52:32,1781869952,R_10,4845.427,1,0.04199999999946158,BACKFILL_AUTO
2026-06-19 11:52:34,1781869954,R_10,4845.303,-1,0.12399999999979627,BACKFILL_AUTO
2026-06-19 11:52:36,1781869956,R_10,4845.365,1,0.06199999999989814,BACKFILL_AUTO
2026-06-19 11:52:38,1781869958,R_10,4845.464,1,0.09900000000016007,BACKFILL_AUTO
2026-06-19 11:52:40,1781869960,R_10,4845.529,1,0.06500000000050932,BACKFILL_AUTO
2026-06-19 11:52:42,1781869962,R_10,4845.441,-1,0.08800000000064756,BACKFILL_AUTO
2026-06-19 11:52:44,1781869964,R_10,4845.468,1,0.027000000000043656,BACKFILL_AUTO
2026-06-19 11:52:46,1781869966,R_10,4845.67,1,0.20200000000022555,BACKFILL_AUTO
2026-06-19 11:52:48,1781869968,R_10,4845.637,-1,0.03300000000035652,BACKFILL_AUTO
2026-06-19 11:52:50,1781869970,R_10,4845.847,1,0.21000000000003638,BACKFILL_AUTO
2026-06-19 11:52:52,1781869972,R_10,4845.93,1,0.08300000000053842,BACKFILL_AUTO
2026-06-19 11:52:54,1781869974,R_10,4845.849,-1,0.08100000000013097,BACKFILL_AUTO
2026-06-19 11:52:56,1781869976,R_10,4846.057,1,0.20799999999962893,BACKFILL_AUTO
2026-06-19 11:52:58,1781869978,R_10,4846.166,1,0.10900000000037835,BACKFILL_AUTO
2026-06-19 11:53:00,1781869980,R_10,4846.224,1,0.057999999999992724,BACKFILL_AUTO
2026-06-19 11:53:02,1781869982,R_10,4846.379,1,0.15499999999974534,BACKFILL_AUTO
2026-06-19 11:53:04,1781869984,R_10,4846.426,1,0.04700000000048021,BACKFILL_AUTO
2026-06-19 11:53:06,1781869986,R_10,4846.539,1,0.11299999999937427,BACKFILL_AUTO
2026-06-19 11:53:08,1781869988,R_10,4846.554,1,0.015000000000327418,BACKFILL_AUTO
2026-06-19 11:53:10,1781869990,R_10,4846.783,1,0.2290000000002692,BACKFILL_AUTO
2026-06-19 11:53:12,1781869992,R_10,4846.897,1,0.113999999999578,BACKFILL_AUTO
2026-06-19 11:53:14,1781869994,R_10,4847.007,1,0.10999999999967258,BACKFILL_AUTO
2026-06-19 11:53:16,1781869996,R_10,4846.979,-1,0.027999999999337888,BACKFILL_AUTO
2026-06-19 11:53:18,1781869998,R_10,4847.024,1,0.04500000000007276,BACKFILL_AUTO
2026-06-19 11:53:20,1781870000,R_10,4846.842,-1,0.1820000000006985,BACKFILL_AUTO
2026-06-19 11:53:22,1781870002,R_10,4847.028,1,0.1860000000006039,BACKFILL_AUTO
2026-06-19 11:53:24,1781870004,R_10,4847.02,-1,0.007999999999810825,BACKFILL_AUTO
2026-06-19 11:53:26,1781870006,R_10,4847.27,1,0.25,BACKFILL_AUTO
2026-06-19 11:53:28,1781870008,R_10,4847.206,-1,0.06400000000030559,BACKFILL_AUTO
2026-06-19 11:53:30,1781870010,R_10,4847.432,1,0.22599999999965803,BACKFILL_AUTO
2026-06-19 11:53:32,1781870012,R_10,4847.343,-1,0.08899999999994179,BACKFILL_AUTO
2026-06-19 11:53:34,1781870014,R_10,4847.246,-1,0.09699999999975262,BACKFILL_AUTO
2026-06-19 11:53:36,1781870016,R_10,4847.228,-1,0.018000000000029104,BACKFILL_AUTO
2026-06-19 11:53:38,1781870018,R_10,4847.228,0,0.0,BACKFILL_AUTO
2026-06-19 11:53:40,1781870020,R_10,4847.192,-1,0.03600000000005821,BACKFILL_AUTO
2026-06-19 11:53:42,1781870022,R_10,4846.865,-1,0.32700000000022555,BACKFILL_AUTO
2026-06-19 11:53:44,1781870024,R_10,4846.805,-1,0.05999999999949068,BACKFILL_AUTO
2026-06-19 11:53:46,1781870026,R_10,4846.885,1,0.07999999999992724,BACKFILL_AUTO
2026-06-19 11:53:48,1781870028,R_10,4846.95,1,0.06499999999959982,BACKFILL_AUTO
2026-06-19 11:53:50,1781870030,R_10,4846.964,1,0.014000000000123691,BACKFILL_AUTO
2026-06-19 11:53:52,1781870032,R_10,4846.881,-1,0.08299999999962893,BACKFILL_AUTO
2026-06-19 11:53:54,1781870034,R_10,4846.767,-1,0.11400000000048749,BACKFILL_AUTO
2026-06-19 11:53:56,1781870036,R_10,4846.801,1,0.03400000000056025,BACKFILL_AUTO
2026-06-19 11:53:58,1781870038,R_10,4846.623,-1,0.17800000000079308,BACKFILL_AUTO
2026-06-19 11:54:00,1781870040,R_10,4846.516,-1,0.1069999999999709,BACKFILL_AUTO
2026-06-19 11:54:02,1781870042,R_10,4846.369,-1,0.14699999999993452,BACKFILL_AUTO
2026-06-19 11:54:04,1781870044,R_10,4846.448,1,0.07900000000063301,BACKFILL_AUTO
2026-06-19 11:54:06,1781870046,R_10,4846.693,1,0.24499999999989086,BACKFILL_AUTO
2026-06-19 11:54:08,1781870048,R_10,4846.607,-1,0.0860000000002401,BACKFILL_AUTO
2026-06-19 11:54:10,1781870050,R_10,4846.654,1,0.04700000000048021,BACKFILL_AUTO
2026-06-19 11:54:12,1781870052,R_10,4846.615,-1,0.03900000000066939,BACKFILL_AUTO
2026-06-19 11:54:14,1781870054,R_10,4846.688,1,0.07300000000032014,BACKFILL_AUTO
2026-06-19 11:54:16,1781870056,R_10,4846.719,1,0.03099999999994907,BACKFILL_AUTO
2026-06-19 11:54:18,1781870058,R_10,4846.76,1,0.04100000000016735,BACKFILL_AUTO
2026-06-19 11:54:20,1781870060,R_10,4846.908,1,0.14800000000013824,BACKFILL_AUTO
2026-06-19 11:54:22,1781870062,R_10,4846.935,1,0.027000000000043656,BACKFILL_AUTO
2026-06-19 11:54:24,1781870064,R_10,4846.946,1,0.01099999999951251,BACKFILL_AUTO
2026-06-19 11:54:26,1781870066,R_10,4846.749,-1,0.19700000000011642,BACKFILL_AUTO
2026-06-19 11:54:28,1781870068,R_10,4846.563,-1,0.1859999999996944,BACKFILL_AUTO
2026-06-19 11:54:30,1781870070,R_10,4846.46,-1,0.10300000000006548,BACKFILL_AUTO
2026-06-19 11:54:32,1781870072,R_10,4846.28,-1,0.18000000000029104,BACKFILL_AUTO
2026-06-19 11:54:34,1781870074,R_10,4846.165,-1,0.11499999999978172,BACKFILL_AUTO
2026-06-19 11:54:36,1781870076,R_10,4846.027,-1,0.13799999999991996,BACKFILL_AUTO
2026-06-19 11:54:38,1781870078,R_10,4846.198,1,0.1710000000002765,BACKFILL_AUTO
2026-06-19 11:54:40,1781870080,R_10,4846.224,1,0.02599999999983993,BACKFILL_AUTO
2026-06-19 11:54:42,1781870082,R_10,4846.273,1,0.04899999999997817,BACKFILL_AUTO
2026-06-19 11:54:44,1781870084,R_10,4846.254,-1,0.01900000000023283,BACKFILL_AUTO
2026-06-19 11:54:46,1781870086,R_10,4846.223,-1,0.03099999999994907,BACKFILL_AUTO
2026-06-19 11:54:48,1781870088,R_10,4846.339,1,0.11599999999998545,BACKFILL_AUTO
2026-06-19 11:54:50,1781870090,R_10,4846.374,1,0.03499999999985448,BACKFILL_AUTO
2026-06-19 11:54:52,1781870092,R_10,4846.292,-1,0.0819999999994252,BACKFILL_AUTO
2026-06-19 11:54:54,1781870094,R_10,4846.259,-1,0.03300000000035652,BACKFILL_AUTO
2026-06-19 11:54:56,1781870096,R_10,4846.086,-1,0.17299999999977445,BACKFILL_AUTO
2026-06-19 11:54:58,1781870098,R_10,4846.096,1,0.009999999999308784,BACKFILL_AUTO
2026-06-19 11:55:00,1781870100,R_10,4846.237,1,0.14100000000053114,BACKFILL_AUTO
2026-06-19 11:55:02,1781870102,R_10,4846.502,1,0.2650000000003274,BACKFILL_AUTO
2026-06-19 11:55:04,1781870104,R_10,4846.491,-1,0.011000000000422006,BACKFILL_AUTO
2026-06-19 11:55:06,1781870106,R_10,4846.649,1,0.15800000000035652,BACKFILL_AUTO
2026-06-19 11:55:08,1781870108,R_10,4846.701,1,0.05199999999967986,BACKFILL_AUTO
2026-06-19 11:55:10,1781870110,R_10,4846.652,-1,0.04899999999997817,BACKFILL_AUTO
2026-06-19 11:55:12,1781870112,R_10,4846.538,-1,0.11400000000048749,BACKFILL_AUTO
2026-06-19 11:55:14,1781870114,R_10,4846.392,-1,0.1459999999997308,BACKFILL_AUTO
2026-06-19 11:55:16,1781870116,R_10,4846.501,1,0.10900000000037835,BACKFILL_AUTO
2026-06-19 11:55:18,1781870118,R_10,4846.381,-1,0.11999999999989086,BACKFILL_AUTO
2026-06-19 11:55:20,1781870120,R_10,4846.337,-1,0.04399999999986903,BACKFILL_AUTO
2026-06-19 11:55:22,1781870122,R_10,4846.41,1,0.07299999999941065,BACKFILL_AUTO
2026-06-19 11:55:24,1781870124,R_10,4846.553,1,0.1430000000000291,BACKFILL_AUTO
2026-06-19 11:55:26,1781870126,R_10,4846.531,-1,0.021999999999934516,BACKFILL_AUTO
2026-06-19 11:55:28,1781870128,R_10,4846.362,-1,0.16899999999986903,BACKFILL_AUTO
2026-06-19 11:55:30,1781870130,R_10,4846.326,-1,0.03600000000005821,BACKFILL_AUTO
2026-06-19 11:55:32,1781870132,R_10,4846.488,1,0.16200000000026193,BACKFILL_AUTO
2026-06-19 11:55:34,1781870134,R_10,4846.544,1,0.05599999999958527,BACKFILL_AUTO
2026-06-19 11:55:36,1781870136,R_10,4846.608,1,0.06400000000030559,BACKFILL_AUTO
2026-06-19 11:55:38,1781870138,R_10,4846.684,1,0.07600000000002183,BACKFILL_AUTO
2026-06-19 11:55:40,1781870140,R_10,4846.796,1,0.11200000000008004,BACKFILL_AUTO
2026-06-19 11:55:42,1781870142,R_10,4846.81,1,0.014000000000123691,BACKFILL_AUTO
2026-06-19 11:55:44,1781870144,R_10,4846.819,1,0.009000000000014552,BACKFILL_AUTO
2026-06-19 11:55:46,1781870146,R_10,4846.573,-1,0.2460000000000946,BACKFILL_AUTO
2026-06-19 11:55:48,1781870148,R_10,4846.455,-1,0.1180000000003929,BACKFILL_AUTO
2026-06-19 11:55:50,1781870150,R_10,4846.335,-1,0.11999999999989086,BACKFILL_AUTO
2026-06-19 11:55:52,1781870152,R_10,4846.174,-1,0.1610000000000582,BACKFILL_AUTO
2026-06-19 11:55:54,1781870154,R_10,4846.409,1,0.23499999999967258,BACKFILL_AUTO
2026-06-19 11:55:56,1781870156,R_10,4846.514,1,0.10500000000047294,BACKFILL_AUTO
2026-06-19 11:55:58,1781870158,R_10,4846.706,1,0.19200000000000728,BACKFILL_AUTO
2026-06-19 11:56:00,1781870160,R_10,4846.732,1,0.02599999999983993,BACKFILL_AUTO
2026-06-19 11:56:02,1781870162,R_10,4846.596,-1,0.136000000000422,BACKFILL_AUTO
2026-06-19 11:56:04,1781870164,R_10,4846.377,-1,0.21899999999914144,BACKFILL_AUTO
2026-06-19 11:56:06,1781870166,R_10,4846.449,1,0.07199999999920692,BACKFILL_AUTO
2026-06-19 11:56:08,1781870168,R_10,4846.403,-1,0.04599999999936699,BACKFILL_AUTO
2026-06-19 11:56:10,1781870170,R_10,4846.403,0,0.0,BACKFILL_AUTO
2026-06-19 11:56:12,1781870172,R_10,4846.321,-1,0.0820000000003347,BACKFILL_AUTO
2026-06-19 11:56:14,1781870174,R_10,4846.294,-1,0.027000000000043656,BACKFILL_AUTO
2026-06-19 11:56:16,1781870176,R_10,4846.151,-1,0.1430000000000291,BACKFILL_AUTO
2026-06-19 11:56:18,1781870178,R_10,4846.146,-1,0.005000000000109139,BACKFILL_AUTO
2026-06-19 11:56:20,1781870180,R_10,4846.294,1,0.14800000000013824,BACKFILL_AUTO
2026-06-19 11:56:22,1781870182,R_10,4846.036,-1,0.2579999999998108,BACKFILL_AUTO
2026-06-19 11:56:24,1781870184,R_10,4846.027,-1,0.009000000000014552,BACKFILL_AUTO
2026-06-19 11:56:26,1781870186,R_10,4845.959,-1,0.068000000000211,BACKFILL_AUTO
2026-06-19 11:56:28,1781870188,R_10,4845.896,-1,0.06300000000010186,BACKFILL_AUTO
2026-06-19 11:56:30,1781870190,R_10,4845.88,-1,0.01599999999962165,BACKFILL_AUTO
2026-06-19 11:56:32,1781870192,R_10,4845.717,-1,0.16300000000046566,BACKFILL_AUTO
2026-06-19 11:56:34,1781870194,R_10,4845.748,1,0.03099999999994907,BACKFILL_AUTO
2026-06-19 11:56:36,1781870196,R_10,4845.865,1,0.11700000000018917,BACKFILL_AUTO
2026-06-19 11:56:38,1781870198,R_10,4845.883,1,0.018000000000029104,BACKFILL_AUTO
2026-06-19 11:56:40,1781870200,R_10,4845.927,1,0.04399999999986903,BACKFILL_AUTO
2026-06-19 11:56:42,1781870202,R_10,4845.583,-1,0.34400000000005093,BACKFILL_AUTO
2026-06-19 11:56:44,1781870204,R_10,4845.665,1,0.0820000000003347,BACKFILL_AUTO
2026-06-19 11:56:46,1781870206,R_10,4845.676,1,0.011000000000422006,BACKFILL_AUTO
2026-06-19 11:56:48,1781870208,R_10,4845.714,1,0.03799999999955617,BACKFILL_AUTO
2026-06-19 11:56:50,1781870210,R_10,4845.427,-1,0.28700000000026193,BACKFILL_AUTO
2026-06-19 11:56:52,1781870212,R_10,4845.546,1,0.11900000000059663,BACKFILL_AUTO
2026-06-19 11:56:54,1781870214,R_10,4845.336,-1,0.21000000000003638,BACKFILL_AUTO
2026-06-19 11:56:56,1781870216,R_10,4845.296,-1,0.03999999999996362,BACKFILL_AUTO
2026-06-19 11:56:58,1781870218,R_10,4845.124,-1,0.1720000000004802,BACKFILL_AUTO
2026-06-19 11:57:00,1781870220,R_10,4845.08,-1,0.04399999999986903,BACKFILL_AUTO
2026-06-19 11:57:02,1781870222,R_10,4845.005,-1,0.0749999999998181,BACKFILL_AUTO
2026-06-19 11:57:04,1781870224,R_10,4845.087,1,0.0820000000003347,BACKFILL_AUTO
2026-06-19 11:57:06,1781870226,R_10,4845.032,-1,0.05500000000029104,BACKFILL_AUTO
2026-06-19 11:57:08,1781870228,R_10,4845.019,-1,0.012999999999919964,BACKFILL_AUTO
2026-06-19 11:57:10,1781870230,R_10,4845.185,1,0.16600000000016735,BACKFILL_AUTO
2026-06-19 11:57:12,1781870232,R_10,4845.347,1,0.16199999999935244,BACKFILL_AUTO
2026-06-19 11:57:14,1781870234,R_10,4845.524,1,0.17700000000058935,BACKFILL_AUTO
2026-06-19 11:57:16,1781870236,R_10,4845.539,1,0.014999999999417923,BACKFILL_AUTO
2026-06-19 11:57:18,1781870238,R_10,4845.437,-1,0.10199999999986176,BACKFILL_AUTO
2026-06-19 11:57:20,1781870240,R_10,4845.367,-1,0.06999999999970896,BACKFILL_AUTO
2026-06-19 11:57:22,1781870242,R_10,4845.272,-1,0.09500000000025466,BACKFILL_AUTO
2026-06-19 11:57:24,1781870244,R_10,4845.285,1,0.012999999999919964,BACKFILL_AUTO
2026-06-19 11:57:26,1781870246,R_10,4845.11,-1,0.1750000000001819,BACKFILL_AUTO
2026-06-19 11:57:28,1781870248,R_10,4844.909,-1,0.20100000000002183,BACKFILL_AUTO
2026-06-19 11:57:30,1781870250,R_10,4844.987,1,0.07800000000042928,BACKFILL_AUTO
2026-06-19 11:57:32,1781870252,R_10,4845.072,1,0.08500000000003638,BACKFILL_AUTO
2026-06-19 11:57:34,1781870254,R_10,4845.076,1,0.0039999999999054126,BACKFILL_AUTO
2026-06-19 11:57:36,1781870256,R_10,4845.039,-1,0.037000000000261934,BACKFILL_AUTO
2026-06-19 11:57:38,1781870258,R_10,4844.963,-1,0.07600000000002183,BACKFILL_AUTO
2026-06-19 11:57:40,1781870260,R_10,4844.857,-1,0.10599999999976717,BACKFILL_AUTO
2026-06-19 11:57:42,1781870262,R_10,4844.992,1,0.13500000000021828,BACKFILL_AUTO
2026-06-19 11:57:44,1781870264,R_10,4844.873,-1,0.11900000000059663,BACKFILL_AUTO
2026-06-19 11:57:46,1781870266,R_10,4844.982,1,0.10900000000037835,BACKFILL_AUTO
2026-06-19 11:57:48,1781870268,R_10,4844.98,-1,0.0020000000004074536,BACKFILL_AUTO
2026-06-19 11:57:50,1781870270,R_10,4845.0,1,0.020000000000436557,BACKFILL_AUTO
2026-06-19 11:57:52,1781870272,R_10,4844.761,-1,0.238999999999578,BACKFILL_AUTO
2026-06-19 11:57:54,1781870274,R_10,4844.764,1,0.0029999999997016857,BACKFILL_AUTO
2026-06-19 11:57:56,1781870276,R_10,4844.724,-1,0.03999999999996362,BACKFILL_AUTO
2026-06-19 11:57:58,1781870278,R_10,4844.808,1,0.08399999999983265,BACKFILL_AUTO
2026-06-19 11:58:00,1781870280,R_10,4844.77,-1,0.03799999999955617,BACKFILL_AUTO
2026-06-19 11:58:02,1781870282,R_10,4844.536,-1,0.23400000000037835,BACKFILL_AUTO
2026-06-19 11:58:04,1781870284,R_10,4844.7,1,0.1639999999997599,BACKFILL_AUTO
2026-06-19 11:58:06,1781870286,R_10,4844.937,1,0.23700000000008004,BACKFILL_AUTO
2026-06-19 11:58:08,1781870288,R_10,4844.912,-1,0.024999999999636202,BACKFILL_AUTO
2026-06-19 11:58:10,1781870290,R_10,4844.822,-1,0.09000000000014552,BACKFILL_AUTO
2026-06-19 11:58:12,1781870292,R_10,4844.808,-1,0.014000000000123691,BACKFILL_AUTO
2026-06-19 11:58:14,1781870294,R_10,4844.895,1,0.08700000000044383,BACKFILL_AUTO
2026-06-19 11:58:16,1781870296,R_10,4844.974,1,0.07899999999972351,BACKFILL_AUTO
2026-06-19 11:58:18,1781870298,R_10,4845.187,1,0.21299999999973807,BACKFILL_AUTO
2026-06-19 11:58:20,1781870300,R_10,4845.438,1,0.2510000000002037,BACKFILL_AUTO
2026-06-19 11:58:22,1781870302,R_10,4845.407,-1,0.03099999999994907,BACKFILL_AUTO
2026-06-19 11:58:24,1781870304,R_10,4845.354,-1,0.052999999999883585,BACKFILL_AUTO
2026-06-19 11:58:26,1781870306,R_10,4845.281,-1,0.07300000000032014,BACKFILL_AUTO
2026-06-19 11:58:28,1781870308,R_10,4845.296,1,0.015000000000327418,BACKFILL_AUTO
2026-06-19 11:58:30,1781870310,R_10,4845.315,1,0.018999999999323336,BACKFILL_AUTO
2026-06-19 11:58:32,1781870312,R_10,4845.21,-1,0.10499999999956344,BACKFILL_AUTO
2026-06-19 11:58:34,1781870314,R_10,4845.195,-1,0.015000000000327418,BACKFILL_AUTO
2026-06-19 11:58:36,1781870316,R_10,4844.965,-1,0.22999999999956344,BACKFILL_AUTO
2026-06-19 11:58:38,1781870318,R_10,4844.986,1,0.02099999999973079,BACKFILL_AUTO
2026-06-19 11:58:40,1781870320,R_10,4844.869,-1,0.11700000000018917,BACKFILL_AUTO
2026-06-19 11:58:42,1781870322,R_10,4844.938,1,0.06900000000041473,BACKFILL_AUTO
2026-06-19 11:58:44,1781870324,R_10,4844.957,1,0.01900000000023283,BACKFILL_AUTO
2026-06-19 11:58:46,1781870326,R_10,4844.937,-1,0.020000000000436557,BACKFILL_AUTO
2026-06-19 11:58:48,1781870328,R_10,4845.116,1,0.1790000000000873,BACKFILL_AUTO
2026-06-19 11:58:50,1781870330,R_10,4845.169,1,0.052999999999883585,BACKFILL_AUTO
2026-06-19 11:58:52,1781870332,R_10,4844.985,-1,0.18400000000019645,BACKFILL_AUTO
2026-06-19 11:58:54,1781870334,R_10,4844.848,-1,0.13699999999971624,BACKFILL_AUTO
2026-06-19 11:58:56,1781870336,R_10,4845.027,1,0.1790000000000873,BACKFILL_AUTO
2026-06-19 11:58:58,1781870338,R_10,4844.953,-1,0.07399999999961437,BACKFILL_AUTO
2026-06-19 11:59:00,1781870340,R_10,4844.894,-1,0.05900000000019645,BACKFILL_AUTO
2026-06-19 11:59:02,1781870342,R_10,4844.82,-1,0.07400000000052387,BACKFILL_AUTO
2026-06-19 11:59:04,1781870344,R_10,4845.174,1,0.3540000000002692,BACKFILL_AUTO
2026-06-19 11:59:06,1781870346,R_10,4845.187,1,0.012999999999919964,BACKFILL_AUTO
2026-06-19 11:59:08,1781870348,R_10,4845.221,1,0.033999999999650754,BACKFILL_AUTO
2026-06-19 11:59:10,1781870350,R_10,4845.176,-1,0.044999999999163265,BACKFILL_AUTO
2026-06-19 11:59:12,1781870352,R_10,4845.257,1,0.08099999999922147,BACKFILL_AUTO
2026-06-19 11:59:14,1781870354,R_10,4845.53,1,0.27300000000013824,BACKFILL_AUTO
2026-06-19 11:59:16,1781870356,R_10,4845.434,-1,0.09599999999954889,BACKFILL_AUTO
2026-06-19 11:59:18,1781870358,R_10,4845.559,1,0.125,BACKFILL_AUTO
2026-06-19 11:59:20,1781870360,R_10,4845.759,1,0.1999999999998181,BACKFILL_AUTO
2026-06-19 11:59:22,1781870362,R_10,4845.854,1,0.09500000000025466,BACKFILL_AUTO
2026-06-19 11:59:24,1781870364,R_10,4845.932,1,0.07799999999951979,BACKFILL_AUTO
2026-06-19 11:59:26,1781870366,R_10,4846.113,1,0.18100000000049477,BACKFILL_AUTO
2026-06-19 11:59:28,1781870368,R_10,4846.284,1,0.170999999999367,BACKFILL_AUTO
2026-06-19 11:59:30,1781870370,R_10,4846.042,-1,0.24199999999927968,BACKFILL_AUTO
2026-06-19 11:59:32,1781870372,R_10,4846.096,1,0.05399999999917782,BACKFILL_AUTO
2026-06-19 11:59:34,1781870374,R_10,4846.094,-1,0.001999999999497959,BACKFILL_AUTO
2026-06-19 11:59:36,1781870376,R_10,4846.105,1,0.01099999999951251,BACKFILL_AUTO
2026-06-19 11:59:38,1781870378,R_10,4846.171,1,0.06600000000071304,BACKFILL_AUTO
2026-06-19 11:59:40,1781870380,R_10,4846.144,-1,0.027000000000043656,BACKFILL_AUTO
2026-06-19 11:59:42,1781870382,R_10,4846.386,1,0.24200000000018917,BACKFILL_AUTO
2026-06-19 11:59:44,1781870384,R_10,4846.271,-1,0.11500000000069122,BACKFILL_AUTO
2026-06-19 11:59:46,1781870386,R_10,4846.145,-1,0.12599999999929423,BACKFILL_AUTO
2026-06-19 11:59:48,1781870388,R_10,4846.361,1,0.21599999999943975,BACKFILL_AUTO
2026-06-19 11:59:50,1781870390,R_10,4846.096,-1,0.2650000000003274,BACKFILL_AUTO
2026-06-19 11:59:52,1781870392,R_10,4846.12,1,0.02400000000034197,BACKFILL_AUTO
2026-06-19 11:59:54,1781870394,R_10,4846.103,-1,0.016999999999825377,BACKFILL_AUTO
2026-06-19 11:59:56,1781870396,R_10,4846.079,-1,0.02400000000034197,BACKFILL_AUTO
2026-06-19 11:59:58,1781870398,R_10,4846.291,1,0.21200000000044383,BACKFILL_AUTO
2026-06-19 12:00:00,1781870400,R_10,4846.261,-1,0.02999999999974534,BACKFILL_AUTO
2026-06-19 12:00:02,1781870402,R_10,4846.332,1,0.07099999999991269,BACKFILL_AUTO
2026-06-19 12:00:04,1781870404,R_10,4846.348,1,0.01599999999962165,BACKFILL_AUTO
2026-06-19 12:00:06,1781870406,R_10,4846.16,-1,0.18800000000010186,BACKFILL_AUTO
2026-06-19 12:00:08,1781870408,R_10,4846.219,1,0.05900000000019645,BACKFILL_AUTO
2026-06-19 12:00:10,1781870410,R_10,4846.028,-1,0.19099999999980355,BACKFILL_AUTO
2026-06-19 12:00:12,1781870412,R_10,4846.054,1,0.02599999999983993,BACKFILL_AUTO
2026-06-19 12:00:14,1781870414,R_10,4845.945,-1,0.10900000000037835,BACKFILL_AUTO
2026-06-19 12:00:16,1781870416,R_10,4845.977,1,0.032000000000152795,BACKFILL_AUTO
2026-06-19 12:00:18,1781870418,R_10,4845.784,-1,0.193000000000211,BACKFILL_AUTO
2026-06-19 12:00:20,1781870420,R_10,4845.695,-1,0.08899999999994179,BACKFILL_AUTO
2026-06-19 12:00:22,1781870422,R_10,4845.724,1,0.02900000000045111,BACKFILL_AUTO
2026-06-19 12:00:24,1781870424,R_10,4845.786,1,0.06199999999989814,BACKFILL_AUTO
2026-06-19 12:00:26,1781870426,R_10,4845.81,1,0.02400000000034197,BACKFILL_AUTO
2026-06-19 12:00:28,1781870428,R_10,4845.707,-1,0.10300000000006548,BACKFILL_AUTO
2026-06-19 12:00:30,1781870430,R_10,4845.555,-1,0.15200000000004366,BACKFILL_AUTO
2026-06-19 12:00:32,1781870432,R_10,4845.458,-1,0.09700000000066211,BACKFILL_AUTO
2026-06-19 12:00:34,1781870434,R_10,4845.613,1,0.15500000000065484,BACKFILL_AUTO
2026-06-19 12:00:36,1781870436,R_10,4845.417,-1,0.1959999999999127,BACKFILL_AUTO
2026-06-19 12:00:38,1781870438,R_10,4845.241,-1,0.17600000000038563,BACKFILL_AUTO
2026-06-19 12:00:40,1781870440,R_10,4845.133,-1,0.10800000000017462,BACKFILL_AUTO
2026-06-19 12:00:42,1781870442,R_10,4844.889,-1,0.24399999999968713,BACKFILL_AUTO
2026-06-19 12:00:44,1781870444,R_10,4844.931,1,0.04199999999946158,BACKFILL_AUTO
2026-06-19 12:00:46,1781870446,R_10,4845.084,1,0.15300000000024738,BACKFILL_AUTO
2026-06-19 12:00:48,1781870448,R_10,4845.017,-1,0.06700000000000728,BACKFILL_AUTO
2026-06-19 12:00:50,1781870450,R_10,4844.96,-1,0.056999999999789,BACKFILL_AUTO
2026-06-19 12:00:52,1781870452,R_10,4845.078,1,0.1180000000003929,BACKFILL_AUTO
2026-06-19 12:00:54,1781870454,R_10,4845.174,1,0.09599999999954889,BACKFILL_AUTO
2026-06-19 12:00:56,1781870456,R_10,4845.205,1,0.03099999999994907,BACKFILL_AUTO
2026-06-19 12:00:58,1781870458,R_10,4845.208,1,0.0029999999997016857,BACKFILL_AUTO
2026-06-19 12:01:00,1781870460,R_10,4845.261,1,0.05300000000079308,BACKFILL_AUTO
2026-06-19 12:01:02,1781870462,R_10,4845.325,1,0.0639999999993961,BACKFILL_AUTO
2026-06-19 12:01:04,1781870464,R_10,4845.48,1,0.15499999999974534,BACKFILL_AUTO
2026-06-19 12:01:06,1781870466,R_10,4845.508,1,0.028000000000247383,BACKFILL_AUTO
2026-06-19 12:01:08,1781870468,R_10,4845.652,1,0.14400000000023283,BACKFILL_AUTO
2026-06-19 12:01:10,1781870470,R_10,4845.631,-1,0.02099999999973079,BACKFILL_AUTO
2026-06-19 12:01:12,1781870472,R_10,4845.661,1,0.02999999999974534,BACKFILL_AUTO
2026-06-19 12:01:14,1781870474,R_10,4845.716,1,0.05500000000029104,BACKFILL_AUTO
2026-06-19 12:01:16,1781870476,R_10,4845.576,-1,0.14000000000032742,BACKFILL_AUTO
2026-06-19 12:01:18,1781870478,R_10,4845.422,-1,0.1540000000004511,BACKFILL_AUTO
2026-06-19 12:01:20,1781870480,R_10,4845.199,-1,0.22299999999995634,BACKFILL_AUTO
2026-06-19 12:01:22,1781870482,R_10,4845.078,-1,0.12099999999918509,BACKFILL_AUTO
2026-06-19 12:01:24,1781870484,R_10,4844.928,-1,0.1500000000005457,BACKFILL_AUTO
2026-06-19 12:01:26,1781870486,R_10,4844.871,-1,0.056999999999789,BACKFILL_AUTO
2026-06-19 12:01:28,1781870488,R_10,4845.012,1,0.14099999999962165,BACKFILL_AUTO
2026-06-19 12:01:30,1781870490,R_10,4845.091,1,0.07900000000063301,BACKFILL_AUTO
2026-06-19 12:01:32,1781870492,R_10,4844.899,-1,0.19200000000000728,BACKFILL_AUTO
2026-06-19 12:01:34,1781870494,R_10,4844.841,-1,0.057999999999992724,BACKFILL_AUTO
2026-06-19 12:01:36,1781870496,R_10,4844.769,-1,0.07200000000011642,BACKFILL_AUTO
2026-06-19 12:01:38,1781870498,R_10,4844.529,-1,0.23999999999978172,BACKFILL_AUTO
2026-06-19 12:01:40,1781870500,R_10,4844.482,-1,0.04700000000048021,BACKFILL_AUTO
2026-06-19 12:01:42,1781870502,R_10,4844.485,1,0.0029999999997016857,BACKFILL_AUTO
2026-06-19 12:01:44,1781870504,R_10,4844.427,-1,0.057999999999992724,BACKFILL_AUTO
2026-06-19 12:01:46,1781870506,R_10,4844.431,1,0.0039999999999054126,BACKFILL_AUTO
2026-06-19 12:01:48,1781870508,R_10,4844.482,1,0.051000000000385626,BACKFILL_AUTO
2026-06-19 12:01:50,1781870510,R_10,4844.588,1,0.10599999999976717,BACKFILL_AUTO
2026-06-19 12:01:52,1781870512,R_10,4844.755,1,0.16700000000037107,BACKFILL_AUTO
2026-06-19 12:01:54,1781870514,R_10,4844.664,-1,0.09100000000034925,BACKFILL_AUTO
2026-06-19 12:01:56,1781870516,R_10,4844.84,1,0.17600000000038563,BACKFILL_AUTO
2026-06-19 12:01:58,1781870518,R_10,4844.979,1,0.1390000000001237,BACKFILL_AUTO
2026-06-19 12:02:00,1781870520,R_10,4844.875,-1,0.10400000000026921,BACKFILL_AUTO
2026-06-19 12:02:02,1781870522,R_10,4844.911,1,0.03600000000005821,BACKFILL_AUTO
2026-06-19 12:02:04,1781870524,R_10,4844.904,-1,0.006999999999607098,BACKFILL_AUTO
2026-06-19 12:02:06,1781870526,R_10,4845.124,1,0.21999999999934516,BACKFILL_AUTO
2026-06-19 12:02:08,1781870528,R_10,4844.958,-1,0.16600000000016735,BACKFILL_AUTO
2026-06-19 12:02:10,1781870530,R_10,4844.894,-1,0.0639999999993961,BACKFILL_AUTO
2026-06-19 12:02:12,1781870532,R_10,4844.933,1,0.03899999999975989,BACKFILL_AUTO
2026-06-19 12:02:14,1781870534,R_10,4845.089,1,0.15599999999994907,BACKFILL_AUTO
2026-06-19 12:02:16,1781870536,R_10,4844.859,-1,0.22999999999956344,BACKFILL_AUTO
2026-06-19 12:02:18,1781870538,R_10,4844.863,1,0.0039999999999054126,BACKFILL_AUTO
2026-06-19 12:02:20,1781870540,R_10,4844.863,0,0.0,BACKFILL_AUTO
2026-06-19 12:02:22,1781870542,R_10,4844.854,-1,0.009000000000014552,BACKFILL_AUTO
2026-06-19 12:02:24,1781870544,R_10,4844.679,-1,0.1750000000001819,BACKFILL_AUTO
2026-06-19 12:02:26,1781870546,R_10,4844.668,-1,0.011000000000422006,BACKFILL_AUTO
2026-06-19 12:02:28,1781870548,R_10,4844.599,-1,0.06899999999950523,BACKFILL_AUTO
2026-06-19 12:02:30,1781870550,R_10,4844.566,-1,0.03300000000035652,BACKFILL_AUTO
2026-06-19 12:02:32,1781870552,R_10,4844.702,1,0.136000000000422,BACKFILL_AUTO
2026-06-19 12:02:34,1781870554,R_10,4844.757,1,0.054999999999381544,BACKFILL_AUTO
2026-06-19 12:02:36,1781870556,R_10,4844.685,-1,0.07199999999920692,BACKFILL_AUTO
2026-06-19 12:02:38,1781870558,R_10,4844.772,1,0.08699999999953434,BACKFILL_AUTO
2026-06-19 12:02:40,1781870560,R_10,4844.638,-1,0.13400000000001455,BACKFILL_AUTO
2026-06-19 12:02:42,1781870562,R_10,4844.901,1,0.26299999999991996,BACKFILL_AUTO
2026-06-19 12:02:44,1781870564,R_10,4844.75,-1,0.15099999999983993,BACKFILL_AUTO
2026-06-19 12:02:46,1781870566,R_10,4844.971,1,0.2209999999995489,BACKFILL_AUTO
2026-06-19 12:02:48,1781870568,R_10,4844.81,-1,0.1609999999991487,BACKFILL_AUTO
2026-06-19 12:02:50,1781870570,R_10,4844.914,1,0.10399999999935972,BACKFILL_AUTO
2026-06-19 12:02:52,1781870572,R_10,4844.684,-1,0.22999999999956344,BACKFILL_AUTO
2026-06-19 12:02:54,1781870574,R_10,4844.558,-1,0.12600000000020373,BACKFILL_AUTO
2026-06-19 12:02:56,1781870576,R_10,4844.579,1,0.02099999999973079,BACKFILL_AUTO
2026-06-19 12:02:58,1781870578,R_10,4844.277,-1,0.30199999999967986,BACKFILL_AUTO
2026-06-19 12:03:00,1781870580,R_10,4844.351,1,0.07399999999961437,BACKFILL_AUTO
2026-06-19 12:03:02,1781870582,R_10,4844.376,1,0.025000000000545697,BACKFILL_AUTO
2026-06-19 12:03:04,1781870584,R_10,4844.356,-1,0.020000000000436557,BACKFILL_AUTO
2026-06-19 12:03:06,1781870586,R_10,4844.289,-1,0.06700000000000728,BACKFILL_AUTO
2026-06-19 12:03:08,1781870588,R_10,4844.315,1,0.02599999999983993,BACKFILL_AUTO
2026-06-19 12:03:10,1781870590,R_10,4844.281,-1,0.033999999999650754,BACKFILL_AUTO
2026-06-19 12:03:12,1781870592,R_10,4844.435,1,0.1540000000004511,BACKFILL_AUTO
2026-06-19 12:03:14,1781870594,R_10,4844.426,-1,0.009000000000014552,BACKFILL_AUTO
2026-06-19 12:03:16,1781870596,R_10,4844.183,-1,0.2430000000003929,BACKFILL_AUTO
2026-06-19 12:03:18,1781870598,R_10,4844.063,-1,0.11999999999989086,BACKFILL_AUTO
2026-06-19 12:03:20,1781870600,R_10,4844.314,1,0.2510000000002037,BACKFILL_AUTO
2026-06-19 12:03:22,1781870602,R_10,4844.35,1,0.03600000000005821,BACKFILL_AUTO
2026-06-19 12:03:24,1781870604,R_10,4844.162,-1,0.18800000000010186,BACKFILL_AUTO
2026-06-19 12:03:26,1781870606,R_10,4844.362,1,0.1999999999998181,BACKFILL_AUTO
2026-06-19 12:03:28,1781870608,R_10,4844.486,1,0.12399999999979627,BACKFILL_AUTO
2026-06-19 12:03:30,1781870610,R_10,4844.66,1,0.17399999999997817,BACKFILL_AUTO
2026-06-19 12:03:32,1781870612,R_10,4844.688,1,0.028000000000247383,BACKFILL_AUTO
2026-06-19 12:03:34,1781870614,R_10,4844.811,1,0.12299999999959255,BACKFILL_AUTO
2026-06-19 12:03:36,1781870616,R_10,4845.274,1,0.46300000000064756,BACKFILL_AUTO
2026-06-19 12:03:38,1781870618,R_10,4845.304,1,0.02999999999974534,BACKFILL_AUTO
2026-06-19 12:03:40,1781870620,R_10,4845.094,-1,0.21000000000003638,BACKFILL_AUTO
2026-06-19 12:03:42,1781870622,R_10,4845.331,1,0.23700000000008004,BACKFILL_AUTO
2026-06-19 12:03:44,1781870624,R_10,4845.168,-1,0.16300000000046566,BACKFILL_AUTO
2026-06-19 12:03:46,1781870626,R_10,4845.111,-1,0.056999999999789,BACKFILL_AUTO
2026-06-19 12:03:48,1781870628,R_10,4845.233,1,0.12200000000029831,BACKFILL_AUTO
2026-06-19 12:03:50,1781870630,R_10,4845.235,1,0.001999999999497959,BACKFILL_AUTO
2026-06-19 12:03:52,1781870632,R_10,4845.278,1,0.0430000000005748,BACKFILL_AUTO
2026-06-19 12:03:54,1781870634,R_10,4845.485,1,0.2069999999994252,BACKFILL_AUTO
2026-06-19 12:03:56,1781870636,R_10,4845.531,1,0.046000000000276486,BACKFILL_AUTO
2026-06-19 12:03:58,1781870638,R_10,4845.559,1,0.028000000000247383,BACKFILL_AUTO
2026-06-19 12:04:00,1781870640,R_10,4845.557,-1,0.0020000000004074536,BACKFILL_AUTO
2026-06-19 12:04:02,1781870642,R_10,4845.502,-1,0.054999999999381544,BACKFILL_AUTO
2026-06-19 12:04:04,1781870644,R_10,4845.479,-1,0.023000000000138243,BACKFILL_AUTO
2026-06-19 12:04:06,1781870646,R_10,4845.596,1,0.11699999999927968,BACKFILL_AUTO
2026-06-19 12:04:08,1781870648,R_10,4845.469,-1,0.12699999999949796,BACKFILL_AUTO
2026-06-19 12:04:10,1781870650,R_10,4845.402,-1,0.06700000000000728,BACKFILL_AUTO
2026-06-19 12:04:12,1781870652,R_10,4845.263,-1,0.1390000000001237,BACKFILL_AUTO
2026-06-19 12:04:14,1781870654,R_10,4845.254,-1,0.009000000000014552,BACKFILL_AUTO
2026-06-19 12:04:16,1781870656,R_10,4845.147,-1,0.1069999999999709,BACKFILL_AUTO
2026-06-19 12:04:18,1781870658,R_10,4845.052,-1,0.09500000000025466,BACKFILL_AUTO
2026-06-19 12:04:20,1781870660,R_10,4844.883,-1,0.16899999999986903,BACKFILL_AUTO
2026-06-19 12:04:22,1781870662,R_10,4844.929,1,0.046000000000276486,BACKFILL_AUTO
2026-06-19 12:04:24,1781870664,R_10,4844.73,-1,0.19900000000052387,BACKFILL_AUTO
2026-06-19 12:04:26,1781870666,R_10,4844.809,1,0.07900000000063301,BACKFILL_AUTO
2026-06-19 12:04:28,1781870668,R_10,4844.664,-1,0.14500000000043656,BACKFILL_AUTO
2026-06-19 12:04:30,1781870670,R_10,4844.684,1,0.020000000000436557,BACKFILL_AUTO
2026-06-19 12:04:32,1781870672,R_10,4844.599,-1,0.08500000000003638,BACKFILL_AUTO
2026-06-19 12:04:34,1781870674,R_10,4844.551,-1,0.047999999999774445,BACKFILL_AUTO
2026-06-19 12:04:36,1781870676,R_10,4844.614,1,0.06299999999919237,BACKFILL_AUTO
2026-06-19 12:04:38,1781870678,R_10,4844.586,-1,0.027999999999337888,BACKFILL_AUTO
2026-06-19 12:04:40,1781870680,R_10,4844.72,1,0.13400000000001455,BACKFILL_AUTO
2026-06-19 12:04:42,1781870682,R_10,4844.68,-1,0.03999999999996362,BACKFILL_AUTO
2026-06-19 12:04:44,1781870684,R_10,4844.615,-1,0.06500000000050932,BACKFILL_AUTO
2026-06-19 12:04:46,1781870686,R_10,4844.621,1,0.006000000000312866,BACKFILL_AUTO
2026-06-19 12:04:48,1781870688,R_10,4844.577,-1,0.04399999999986903,BACKFILL_AUTO
2026-06-19 12:04:50,1781870690,R_10,4844.607,1,0.02999999999974534,BACKFILL_AUTO
2026-06-19 12:04:52,1781870692,R_10,4844.661,1,0.05400000000008731,BACKFILL_AUTO
2026-06-19 12:04:54,1781870694,R_10,4844.711,1,0.0500000000001819,BACKFILL_AUTO
2026-06-19 12:04:56,1781870696,R_10,4844.772,1,0.06099999999969441,BACKFILL_AUTO
2026-06-19 12:04:58,1781870698,R_10,4844.739,-1,0.03300000000035652,BACKFILL_AUTO
2026-06-19 12:05:00,1781870700,R_10,4844.799,1,0.06000000000040018,BACKFILL_AUTO
2026-06-19 12:05:02,1781870702,R_10,4844.842,1,0.042999999999665306,BACKFILL_AUTO
2026-06-19 12:05:04,1781870704,R_10,4844.928,1,0.0860000000002401,BACKFILL_AUTO
2026-06-19 12:05:06,1781870706,R_10,4844.937,1,0.009000000000014552,BACKFILL_AUTO
2026-06-19 12:05:08,1781870708,R_10,4844.987,1,0.0500000000001819,BACKFILL_AUTO
2026-06-19 12:05:10,1781870710,R_10,4845.058,1,0.07099999999991269,BACKFILL_AUTO
2026-06-19 12:05:12,1781870712,R_10,4845.086,1,0.028000000000247383,BACKFILL_AUTO
2026-06-19 12:05:14,1781870714,R_10,4845.317,1,0.23099999999976717,BACKFILL_AUTO
2026-06-19 12:05:16,1781870716,R_10,4845.334,1,0.016999999999825377,BACKFILL_AUTO
2026-06-19 12:05:18,1781870718,R_10,4845.284,-1,0.0500000000001819,BACKFILL_AUTO
2026-06-19 12:05:20,1781870720,R_10,4845.354,1,0.07000000000061846,BACKFILL_AUTO
2026-06-19 12:05:22,1781870722,R_10,4845.276,-1,0.07800000000042928,BACKFILL_AUTO
2026-06-19 12:05:24,1781870724,R_10,4844.954,-1,0.3220000000001164,BACKFILL_AUTO
2026-06-19 12:05:26,1781870726,R_10,4844.876,-1,0.07799999999951979,BACKFILL_AUTO
2026-06-19 12:05:28,1781870728,R_10,4844.748,-1,0.12800000000061118,BACKFILL_AUTO
2026-06-19 12:05:30,1781870730,R_10,4844.771,1,0.023000000000138243,BACKFILL_AUTO
2026-06-19 12:05:32,1781870732,R_10,4844.861,1,0.09000000000014552,BACKFILL_AUTO
2026-06-19 12:05:34,1781870734,R_10,4844.692,-1,0.16899999999986903,BACKFILL_AUTO
2026-06-19 12:05:36,1781870736,R_10,4844.539,-1,0.15300000000024738,BACKFILL_AUTO
2026-06-19 12:05:38,1781870738,R_10,4844.517,-1,0.021999999999934516,BACKFILL_AUTO
2026-06-19 12:05:40,1781870740,R_10,4844.371,-1,0.1459999999997308,BACKFILL_AUTO
2026-06-19 12:05:42,1781870742,R_10,4844.291,-1,0.07999999999992724,BACKFILL_AUTO
2026-06-19 12:05:44,1781870744,R_10,4844.141,-1,0.1500000000005457,BACKFILL_AUTO
2026-06-19 12:05:46,1781870746,R_10,4844.132,-1,0.009000000000014552,BACKFILL_AUTO
2026-06-19 12:05:48,1781870748,R_10,4844.23,1,0.09799999999995634,BACKFILL_AUTO
2026-06-19 12:05:50,1781870750,R_10,4844.266,1,0.03600000000005821,BACKFILL_AUTO
2026-06-19 12:05:52,1781870752,R_10,4844.201,-1,0.06499999999959982,BACKFILL_AUTO
2026-06-19 12:05:54,1781870754,R_10,4844.221,1,0.019999999999527063,BACKFILL_AUTO
2026-06-19 12:05:56,1781870756,R_10,4844.01,-1,0.2109999999993306,BACKFILL_AUTO
2026-06-19 12:05:58,1781870758,R_10,4844.051,1,0.04100000000016735,BACKFILL_AUTO
2026-06-19 12:06:00,1781870760,R_10,4843.999,-1,0.05200000000058935,BACKFILL_AUTO
2026-06-19 12:06:02,1781870762,R_10,4844.203,1,0.204000000000633,BACKFILL_AUTO
2026-06-19 12:06:04,1781870764,R_10,4844.377,1,0.17399999999997817,BACKFILL_AUTO
2026-06-19 12:06:06,1781870766,R_10,4844.372,-1,0.005000000000109139,BACKFILL_AUTO
2026-06-19 12:06:08,1781870768,R_10,4844.616,1,0.24399999999968713,BACKFILL_AUTO
2026-06-19 12:06:10,1781870770,R_10,4844.562,-1,0.05400000000008731,BACKFILL_AUTO
2026-06-19 12:06:12,1781870772,R_10,4844.558,-1,0.0039999999999054126,BACKFILL_AUTO
2026-06-19 12:06:14,1781870774,R_10,4844.665,1,0.1069999999999709,BACKFILL_AUTO
2026-06-19 12:06:16,1781870776,R_10,4844.746,1,0.08100000000013097,BACKFILL_AUTO
2026-06-19 12:06:18,1781870778,R_10,4844.663,-1,0.08300000000053842,BACKFILL_AUTO
2026-06-19 12:06:20,1781870780,R_10,4844.618,-1,0.044999999999163265,BACKFILL_AUTO
2026-06-19 12:06:22,1781870782,R_10,4844.566,-1,0.05200000000058935,BACKFILL_AUTO
2026-06-19 12:06:24,1781870784,R_10,4844.666,1,0.1000000000003638,BACKFILL_AUTO
2026-06-19 12:06:26,1781870786,R_10,4844.619,-1,0.04700000000048021,BACKFILL_AUTO
2026-06-19 12:06:28,1781870788,R_10,4844.493,-1,0.12599999999929423,BACKFILL_AUTO
2026-06-19 12:06:30,1781870790,R_10,4844.544,1,0.05099999999947613,BACKFILL_AUTO
2026-06-19 12:06:32,1781870792,R_10,4844.36,-1,0.18400000000019645,BACKFILL_AUTO
2026-06-19 12:06:34,1781870794,R_10,4844.47,1,0.11000000000058208,BACKFILL_AUTO
2026-06-19 12:06:36,1781870796,R_10,4844.561,1,0.09099999999943975,BACKFILL_AUTO
2026-06-19 12:06:38,1781870798,R_10,4844.595,1,0.03400000000056025,BACKFILL_AUTO
2026-06-19 12:06:40,1781870800,R_10,4844.381,-1,0.2139999999999418,BACKFILL_AUTO
2026-06-19 12:06:42,1781870802,R_10,4844.224,-1,0.1570000000001528,BACKFILL_AUTO
2026-06-19 12:06:44,1781870804,R_10,4844.18,-1,0.04399999999986903,BACKFILL_AUTO
2026-06-19 12:06:46,1781870806,R_10,4844.058,-1,0.12200000000029831,BACKFILL_AUTO
2026-06-19 12:06:48,1781870808,R_10,4843.753,-1,0.30500000000029104,BACKFILL_AUTO
2026-06-19 12:06:50,1781870810,R_10,4843.678,-1,0.0749999999998181,BACKFILL_AUTO
2026-06-19 12:06:52,1781870812,R_10,4843.623,-1,0.05500000000029104,BACKFILL_AUTO
2026-06-19 12:06:54,1781870814,R_10,4843.634,1,0.011000000000422006,BACKFILL_AUTO
2026-06-19 12:06:56,1781870816,R_10,4843.762,1,0.12799999999970169,BACKFILL_AUTO
2026-06-19 12:06:58,1781870818,R_10,4843.684,-1,0.07799999999951979,BACKFILL_AUTO
2026-06-19 12:07:00,1781870820,R_10,4843.601,-1,0.08300000000053842,BACKFILL_AUTO
2026-06-19 12:07:02,1781870822,R_10,4843.842,1,0.24099999999998545,BACKFILL_AUTO
2026-06-19 12:07:04,1781870824,R_10,4843.841,-1,0.0009999999992942321,BACKFILL_AUTO
2026-06-19 12:07:06,1781870826,R_10,4843.846,1,0.004999999999199645,BACKFILL_AUTO
2026-06-19 12:07:08,1781870828,R_10,4843.816,-1,0.02999999999974534,BACKFILL_AUTO
2026-06-19 12:07:10,1781870830,R_10,4843.928,1,0.11200000000008004,BACKFILL_AUTO
2026-06-19 12:07:12,1781870832,R_10,4843.774,-1,0.15399999999954161,BACKFILL_AUTO
2026-06-19 12:07:14,1781870834,R_10,4843.707,-1,0.06700000000000728,BACKFILL_AUTO
2026-06-19 12:07:16,1781870836,R_10,4843.718,1,0.01099999999951251,BACKFILL_AUTO
2026-06-19 12:07:18,1781870838,R_10,4843.536,-1,0.181999999999789,BACKFILL_AUTO
2026-06-19 12:07:20,1781870840,R_10,4843.413,-1,0.12300000000050204,BACKFILL_AUTO
2026-06-19 12:07:22,1781870842,R_10,4843.294,-1,0.11899999999968713,BACKFILL_AUTO
2026-06-19 12:07:24,1781870844,R_10,4843.179,-1,0.11499999999978172,BACKFILL_AUTO
2026-06-19 12:07:26,1781870846,R_10,4843.375,1,0.1959999999999127,BACKFILL_AUTO
2026-06-19 12:07:28,1781870848,R_10,4843.23,-1,0.14500000000043656,BACKFILL_AUTO
2026-06-19 12:07:30,1781870850,R_10,4843.071,-1,0.15899999999965075,BACKFILL_AUTO
2026-06-19 12:07:32,1781870852,R_10,4843.202,1,0.13100000000031287,BACKFILL_AUTO
2026-06-19 12:07:34,1781870854,R_10,4843.39,1,0.18800000000010186,BACKFILL_AUTO
2026-06-19 12:07:36,1781870856,R_10,4843.446,1,0.05599999999958527,BACKFILL_AUTO
2026-06-19 12:07:38,1781870858,R_10,4843.683,1,0.23700000000008004,BACKFILL_AUTO
2026-06-19 12:07:40,1781870860,R_10,4843.771,1,0.08799999999973807,BACKFILL_AUTO
2026-06-19 12:07:42,1781870862,R_10,4843.637,-1,0.13400000000001455,BACKFILL_AUTO
2026-06-19 12:07:44,1781870864,R_10,4843.739,1,0.10199999999986176,BACKFILL_AUTO
2026-06-19 12:07:46,1781870866,R_10,4843.708,-1,0.03099999999994907,BACKFILL_AUTO
2026-06-19 12:07:48,1781870868,R_10,4843.784,1,0.07600000000002183,BACKFILL_AUTO
2026-06-19 12:07:50,1781870870,R_10,4843.719,-1,0.06499999999959982,BACKFILL_AUTO
2026-06-19 12:07:52,1781870872,R_10,4843.719,0,0.0,BACKFILL_AUTO
2026-06-19 12:07:54,1781870874,R_10,4843.626,-1,0.0929999999998472,BACKFILL_AUTO
2026-06-19 12:07:56,1781870876,R_10,4843.63,1,0.0039999999999054126,BACKFILL_AUTO
2026-06-19 12:07:58,1781870878,R_10,4843.747,1,0.11700000000018917,BACKFILL_AUTO
2026-06-19 12:08:00,1781870880,R_10,4843.698,-1,0.04899999999997817,BACKFILL_AUTO
2026-06-19 12:08:02,1781870882,R_10,4843.8,1,0.10199999999986176,BACKFILL_AUTO
2026-06-19 12:08:04,1781870884,R_10,4843.826,1,0.02599999999983993,BACKFILL_AUTO
2026-06-19 12:08:06,1781870886,R_10,4843.833,1,0.006999999999607098,BACKFILL_AUTO
2026-06-19 12:08:08,1781870888,R_10,4843.559,-1,0.2739999999994325,BACKFILL_AUTO
2026-06-19 12:08:10,1781870890,R_10,4843.649,1,0.09000000000014552,BACKFILL_AUTO
2026-06-19 12:08:12,1781870892,R_10,4843.643,-1,0.006000000000312866,BACKFILL_AUTO
2026-06-19 12:08:14,1781870894,R_10,4843.559,-1,0.08399999999983265,BACKFILL_AUTO
2026-06-19 12:08:16,1781870896,R_10,4843.683,1,0.12399999999979627,BACKFILL_AUTO
2026-06-19 12:08:18,1781870898,R_10,4843.529,-1,0.15399999999954161,BACKFILL_AUTO
2026-06-19 12:08:20,1781870900,R_10,4843.423,-1,0.10600000000067666,BACKFILL_AUTO
2026-06-19 12:08:22,1781870902,R_10,4843.332,-1,0.09099999999943975,BACKFILL_AUTO
2026-06-19 12:08:24,1781870904,R_10,4843.199,-1,0.13300000000072032,BACKFILL_AUTO
2026-06-19 12:08:26,1781870906,R_10,4843.145,-1,0.05399999999917782,BACKFILL_AUTO
2026-06-19 12:08:28,1781870908,R_10,4843.196,1,0.05099999999947613,BACKFILL_AUTO
2026-06-19 12:08:30,1781870910,R_10,4843.186,-1,0.010000000000218279,BACKFILL_AUTO
2026-06-19 12:08:32,1781870912,R_10,4843.222,1,0.03600000000005821,BACKFILL_AUTO
2026-06-19 12:08:34,1781870914,R_10,4843.343,1,0.12100000000009459,BACKFILL_AUTO
2026-06-19 12:08:36,1781870916,R_10,4843.258,-1,0.08500000000003638,BACKFILL_AUTO
2026-06-19 12:08:38,1781870918,R_10,4843.372,1,0.11400000000048749,BACKFILL_AUTO
2026-06-19 12:08:40,1781870920,R_10,4843.325,-1,0.04700000000048021,BACKFILL_AUTO
2026-06-19 12:08:42,1781870922,R_10,4843.249,-1,0.07600000000002183,BACKFILL_AUTO
2026-06-19 12:08:44,1781870924,R_10,4843.244,-1,0.005000000000109139,BACKFILL_AUTO
2026-06-19 12:08:46,1781870926,R_10,4843.237,-1,0.006999999999607098,BACKFILL_AUTO
2026-06-19 12:08:48,1781870928,R_10,4843.279,1,0.042000000000371074,BACKFILL_AUTO
2026-06-19 12:08:50,1781870930,R_10,4843.166,-1,0.11300000000028376,BACKFILL_AUTO
2026-06-19 12:08:52,1781870932,R_10,4842.997,-1,0.16899999999986903,BACKFILL_AUTO
2026-06-19 12:08:54,1781870934,R_10,4842.89,-1,0.1069999999999709,BACKFILL_AUTO
2026-06-19 12:08:56,1781870936,R_10,4842.944,1,0.05400000000008731,BACKFILL_AUTO
2026-06-19 12:08:58,1781870938,R_10,4843.026,1,0.0819999999994252,BACKFILL_AUTO
2026-06-19 12:09:00,1781870940,R_10,4842.985,-1,0.04100000000016735,BACKFILL_AUTO
2026-06-19 12:09:02,1781870942,R_10,4843.325,1,0.3400000000001455,BACKFILL_AUTO
2026-06-19 12:09:04,1781870944,R_10,4843.164,-1,0.1610000000000582,BACKFILL_AUTO
2026-06-19 12:09:06,1781870946,R_10,4843.206,1,0.042000000000371074,BACKFILL_AUTO
2026-06-19 12:09:08,1781870948,R_10,4843.34,1,0.13400000000001455,BACKFILL_AUTO
2026-06-19 12:09:10,1781870950,R_10,4843.287,-1,0.052999999999883585,BACKFILL_AUTO
2026-06-19 12:09:12,1781870952,R_10,4843.239,-1,0.04800000000068394,BACKFILL_AUTO
2026-06-19 12:09:14,1781870954,R_10,4843.109,-1,0.12999999999919964,BACKFILL_AUTO
2026-06-19 12:09:16,1781870956,R_10,4843.053,-1,0.056000000000494765,BACKFILL_AUTO
2026-06-19 12:09:18,1781870958,R_10,4842.935,-1,0.11799999999948341,BACKFILL_AUTO
2026-06-19 12:09:20,1781870960,R_10,4843.107,1,0.17199999999957072,BACKFILL_AUTO
2026-06-19 12:09:22,1781870962,R_10,4843.133,1,0.02599999999983993,BACKFILL_AUTO
2026-06-19 12:09:24,1781870964,R_10,4842.979,-1,0.15399999999954161,BACKFILL_AUTO
2026-06-19 12:09:26,1781870966,R_10,4843.36,1,0.38099999999940337,BACKFILL_AUTO
2026-06-19 12:09:28,1781870968,R_10,4843.284,-1,0.07600000000002183,BACKFILL_AUTO
2026-06-19 12:09:30,1781870970,R_10,4843.428,1,0.14400000000023283,BACKFILL_AUTO
2026-06-19 12:09:32,1781870972,R_10,4843.345,-1,0.08299999999962893,BACKFILL_AUTO
2026-06-19 12:09:34,1781870974,R_10,4843.412,1,0.06700000000000728,BACKFILL_AUTO
2026-06-19 12:09:36,1781870976,R_10,4843.383,-1,0.02900000000045111,BACKFILL_AUTO
2026-06-19 12:09:38,1781870978,R_10,4843.395,1,0.012000000000625732,BACKFILL_AUTO
2026-06-19 12:09:40,1781870980,R_10,4843.585,1,0.18999999999959982,BACKFILL_AUTO
2026-06-19 12:09:42,1781870982,R_10,4843.601,1,0.01599999999962165,BACKFILL_AUTO
2026-06-19 12:09:44,1781870984,R_10,4843.827,1,0.22600000000056752,BACKFILL_AUTO
2026-06-19 12:09:46,1781870986,R_10,4843.988,1,0.1610000000000582,BACKFILL_AUTO
2026-06-19 12:09:48,1781870988,R_10,4843.842,-1,0.14600000000064028,BACKFILL_AUTO
2026-06-19 12:09:50,1781870990,R_10,4843.932,1,0.09000000000014552,BACKFILL_AUTO
2026-06-19 12:09:52,1781870992,R_10,4844.036,1,0.10400000000026921,BACKFILL_AUTO
2026-06-19 12:09:54,1781870994,R_10,4844.022,-1,0.014000000000123691,BACKFILL_AUTO
2026-06-19 12:09:56,1781870996,R_10,4843.939,-1,0.08299999999962893,BACKFILL_AUTO
2026-06-19 12:09:58,1781870998,R_10,4843.682,-1,0.2570000000005166,BACKFILL_AUTO
2026-06-19 12:10:00,1781871000,R_10,4843.627,-1,0.054999999999381544,BACKFILL_AUTO
2026-06-19 12:10:02,1781871002,R_10,4843.713,1,0.08599999999933061,BACKFILL_AUTO
2026-06-19 12:10:04,1781871004,R_10,4843.647,-1,0.06599999999980355,BACKFILL_AUTO
2026-06-19 12:10:06,1781871006,R_10,4843.747,1,0.1000000000003638,BACKFILL_AUTO
2026-06-19 12:10:08,1781871008,R_10,4843.741,-1,0.006000000000312866,BACKFILL_AUTO
2026-06-19 12:10:10,1781871010,R_10,4843.67,-1,0.07099999999991269,BACKFILL_AUTO
2026-06-19 12:10:12,1781871012,R_10,4843.755,1,0.08500000000003638,BACKFILL_AUTO
2026-06-19 12:10:14,1781871014,R_10,4843.918,1,0.16299999999955617,BACKFILL_AUTO
2026-06-19 12:10:16,1781871016,R_10,4843.922,1,0.0039999999999054126,BACKFILL_AUTO
2026-06-19 12:10:18,1781871018,R_10,4843.722,-1,0.1999999999998181,BACKFILL_AUTO
2026-06-19 12:10:20,1781871020,R_10,4843.81,1,0.08800000000064756,BACKFILL_AUTO
2026-06-19 12:10:22,1781871022,R_10,4843.795,-1,0.015000000000327418,BACKFILL_AUTO
2026-06-19 12:10:24,1781871024,R_10,4843.725,-1,0.06999999999970896,BACKFILL_AUTO
2026-06-19 12:10:26,1781871026,R_10,4843.748,1,0.02299999999922875,BACKFILL_AUTO
2026-06-19 12:10:28,1781871028,R_10,4843.912,1,0.1640000000006694,BACKFILL_AUTO
2026-06-19 12:10:30,1781871030,R_10,4843.964,1,0.05199999999967986,BACKFILL_AUTO
2026-06-19 12:10:32,1781871032,R_10,4843.749,-1,0.21500000000014552,BACKFILL_AUTO
2026-06-19 12:10:34,1781871034,R_10,4843.52,-1,0.22899999999935972,BACKFILL_AUTO
2026-06-19 12:10:36,1781871036,R_10,4843.536,1,0.01599999999962165,BACKFILL_AUTO
2026-06-19 12:10:38,1781871038,R_10,4843.459,-1,0.07700000000022555,BACKFILL_AUTO
2026-06-19 12:10:40,1781871040,R_10,4843.368,-1,0.09099999999943975,BACKFILL_AUTO
2026-06-19 12:10:42,1781871042,R_10,4843.238,-1,0.13000000000010914,BACKFILL_AUTO
2026-06-19 12:10:44,1781871044,R_10,4843.213,-1,0.025000000000545697,BACKFILL_AUTO
2026-06-19 12:10:46,1781871046,R_10,4843.07,-1,0.1430000000000291,BACKFILL_AUTO
2026-06-19 12:10:48,1781871048,R_10,4842.972,-1,0.09799999999995634,BACKFILL_AUTO
2026-06-19 12:10:50,1781871050,R_10,4842.956,-1,0.01599999999962165,BACKFILL_AUTO
2026-06-19 12:10:52,1781871052,R_10,4842.713,-1,0.2430000000003929,BACKFILL_AUTO
2026-06-19 12:10:54,1781871054,R_10,4842.566,-1,0.14699999999993452,BACKFILL_AUTO
2026-06-19 12:10:56,1781871056,R_10,4842.714,1,0.14800000000013824,BACKFILL_AUTO
2026-06-19 12:10:58,1781871058,R_10,4842.484,-1,0.22999999999956344,BACKFILL_AUTO
2026-06-19 12:11:00,1781871060,R_10,4842.494,1,0.009999999999308784,BACKFILL_AUTO
2026-06-19 12:11:02,1781871062,R_10,4842.485,-1,0.009000000000014552,BACKFILL_AUTO
2026-06-19 12:11:04,1781871064,R_10,4842.664,1,0.1790000000000873,BACKFILL_AUTO
2026-06-19 12:11:06,1781871066,R_10,4842.659,-1,0.005000000000109139,BACKFILL_AUTO
2026-06-19 12:11:08,1781871068,R_10,4842.744,1,0.08500000000003638,BACKFILL_AUTO
2026-06-19 12:11:10,1781871070,R_10,4842.589,-1,0.15499999999974534,BACKFILL_AUTO
2026-06-19 12:11:12,1781871072,R_10,4842.479,-1,0.10999999999967258,BACKFILL_AUTO
2026-06-19 12:11:14,1781871074,R_10,4842.433,-1,0.046000000000276486,BACKFILL_AUTO
2026-06-19 12:11:16,1781871076,R_10,4842.605,1,0.17199999999957072,BACKFILL_AUTO
2026-06-19 12:11:18,1781871078,R_10,4842.619,1,0.014000000000123691,BACKFILL_AUTO
2026-06-19 12:11:20,1781871080,R_10,4842.534,-1,0.08500000000003638,BACKFILL_AUTO
2026-06-19 12:11:22,1781871082,R_10,4842.324,-1,0.21000000000003638,BACKFILL_AUTO
2026-06-19 12:11:24,1781871084,R_10,4842.398,1,0.07400000000052387,BACKFILL_AUTO
2026-06-19 12:11:26,1781871086,R_10,4842.145,-1,0.2529999999997017,BACKFILL_AUTO
2026-06-19 12:11:28,1781871088,R_10,4842.117,-1,0.028000000000247383,BACKFILL_AUTO
2026-06-19 12:11:30,1781871090,R_10,4842.029,-1,0.08799999999973807,BACKFILL_AUTO
2026-06-19 12:11:32,1781871092,R_10,4841.974,-1,0.05500000000029104,BACKFILL_AUTO
2026-06-19 12:11:34,1781871094,R_10,4841.924,-1,0.0500000000001819,BACKFILL_AUTO
2026-06-19 12:11:36,1781871096,R_10,4842.05,1,0.12600000000020373,BACKFILL_AUTO
2026-06-19 12:11:38,1781871098,R_10,4842.072,1,0.021999999999934516,BACKFILL_AUTO
2026-06-19 12:11:40,1781871100,R_10,4842.041,-1,0.03099999999994907,BACKFILL_AUTO
2026-06-19 12:11:42,1781871102,R_10,4841.908,-1,0.13299999999981083,BACKFILL_AUTO
2026-06-19 12:11:44,1781871104,R_10,4841.913,1,0.004999999999199645,BACKFILL_AUTO
2026-06-19 12:11:46,1781871106,R_10,4841.682,-1,0.23099999999976717,BACKFILL_AUTO
2026-06-19 12:11:48,1781871108,R_10,4841.643,-1,0.03899999999975989,BACKFILL_AUTO
2026-06-19 12:11:50,1781871110,R_10,4841.715,1,0.07200000000011642,BACKFILL_AUTO
2026-06-19 12:11:52,1781871112,R_10,4841.738,1,0.023000000000138243,BACKFILL_AUTO
2026-06-19 12:11:54,1781871114,R_10,4841.737,-1,0.0010000000002037268,BACKFILL_AUTO
2026-06-19 12:11:56,1781871116,R_10,4841.775,1,0.03799999999955617,BACKFILL_AUTO
2026-06-19 12:11:58,1781871118,R_10,4841.842,1,0.06700000000000728,BACKFILL_AUTO
2026-06-19 12:12:00,1781871120,R_10,4841.943,1,0.10100000000056752,BACKFILL_AUTO
2026-06-19 12:12:02,1781871122,R_10,4841.971,1,0.027999999999337888,BACKFILL_AUTO
2026-06-19 12:12:04,1781871124,R_10,4842.201,1,0.23000000000047294,BACKFILL_AUTO
2026-06-19 12:12:06,1781871126,R_10,4842.36,1,0.15899999999965075,BACKFILL_AUTO
2026-06-19 12:12:08,1781871128,R_10,4842.287,-1,0.07299999999941065,BACKFILL_AUTO
2026-06-19 12:12:10,1781871130,R_10,4842.157,-1,0.13000000000010914,BACKFILL_AUTO
2026-06-19 12:12:12,1781871132,R_10,4842.128,-1,0.02900000000045111,BACKFILL_AUTO
2026-06-19 12:12:14,1781871134,R_10,4842.136,1,0.00800000000072032,BACKFILL_AUTO
2026-06-19 12:12:16,1781871136,R_10,4842.101,-1,0.035000000000763976,BACKFILL_AUTO
2026-06-19 12:12:18,1781871138,R_10,4842.253,1,0.15200000000004366,BACKFILL_AUTO
2026-06-19 12:12:20,1781871140,R_10,4842.275,1,0.021999999999934516,BACKFILL_AUTO
2026-06-19 12:12:22,1781871142,R_10,4842.362,1,0.08700000000044383,BACKFILL_AUTO
2026-06-19 12:12:24,1781871144,R_10,4842.565,1,0.2029999999995198,BACKFILL_AUTO
2026-06-19 12:12:26,1781871146,R_10,4842.608,1,0.0430000000005748,BACKFILL_AUTO
2026-06-19 12:12:28,1781871148,R_10,4842.525,-1,0.08300000000053842,BACKFILL_AUTO
2026-06-19 12:12:30,1781871150,R_10,4842.44,-1,0.08500000000003638,BACKFILL_AUTO
2026-06-19 12:12:32,1781871152,R_10,4842.615,1,0.1750000000001819,BACKFILL_AUTO
2026-06-19 12:12:34,1781871154,R_10,4842.371,-1,0.24399999999968713,BACKFILL_AUTO
2026-06-19 12:12:36,1781871156,R_10,4842.243,-1,0.12799999999970169,BACKFILL_AUTO
2026-06-19 12:12:38,1781871158,R_10,4842.42,1,0.17699999999967986,BACKFILL_AUTO
2026-06-19 12:12:40,1781871160,R_10,4842.417,-1,0.0029999999997016857,BACKFILL_AUTO
2026-06-19 12:12:42,1781871162,R_10,4842.384,-1,0.03300000000035652,BACKFILL_AUTO
2026-06-19 12:12:44,1781871164,R_10,4842.447,1,0.06300000000010186,BACKFILL_AUTO
2026-06-19 12:12:46,1781871166,R_10,4842.424,-1,0.023000000000138243,BACKFILL_AUTO
2026-06-19 12:12:48,1781871168,R_10,4842.389,-1,0.03499999999985448,BACKFILL_AUTO
2026-06-19 12:12:50,1781871170,R_10,4842.36,-1,0.02900000000045111,BACKFILL_AUTO
2026-06-19 12:12:52,1781871172,R_10,4842.442,1,0.0820000000003347,BACKFILL_AUTO
2026-06-19 12:12:54,1781871174,R_10,4842.46,1,0.018000000000029104,BACKFILL_AUTO
2026-06-19 12:12:56,1781871176,R_10,4842.479,1,0.01900000000023283,BACKFILL_AUTO
2026-06-19 12:12:58,1781871178,R_10,4842.578,1,0.09900000000016007,BACKFILL_AUTO
2026-06-19 12:13:00,1781871180,R_10,4842.52,-1,0.057999999999992724,BACKFILL_AUTO
2026-06-19 12:13:02,1781871182,R_10,4842.341,-1,0.1790000000000873,BACKFILL_AUTO
2026-06-19 12:13:04,1781871184,R_10,4842.457,1,0.11599999999998545,BACKFILL_AUTO
2026-06-19 12:13:06,1781871186,R_10,4842.375,-1,0.0820000000003347,BACKFILL_AUTO
2026-06-19 12:13:08,1781871188,R_10,4842.283,-1,0.09199999999964348,BACKFILL_AUTO
2026-06-19 12:13:10,1781871190,R_10,4842.253,-1,0.030000000000654836,BACKFILL_AUTO
2026-06-19 12:13:12,1781871192,R_10,4842.277,1,0.02400000000034197,BACKFILL_AUTO
2026-06-19 12:13:14,1781871194,R_10,4842.306,1,0.028999999999541615,BACKFILL_AUTO
2026-06-19 12:13:16,1781871196,R_10,4842.198,-1,0.10799999999926513,BACKFILL_AUTO
2026-06-19 12:13:18,1781871198,R_10,4842.226,1,0.027999999999337888,BACKFILL_AUTO
2026-06-19 12:13:20,1781871200,R_10,4842.058,-1,0.1679999999996653,BACKFILL_AUTO
2026-06-19 12:13:22,1781871202,R_10,4841.884,-1,0.17399999999997817,BACKFILL_AUTO
2026-06-19 12:13:24,1781871204,R_10,4841.794,-1,0.09000000000014552,BACKFILL_AUTO
2026-06-19 12:13:26,1781871206,R_10,4841.868,1,0.07400000000052387,BACKFILL_AUTO
2026-06-19 12:13:28,1781871208,R_10,4841.853,-1,0.015000000000327418,BACKFILL_AUTO
2026-06-19 12:13:30,1781871210,R_10,4842.003,1,0.1499999999996362,BACKFILL_AUTO
2026-06-19 12:13:32,1781871212,R_10,4842.023,1,0.020000000000436557,BACKFILL_AUTO
2026-06-19 12:13:34,1781871214,R_10,4841.935,-1,0.08799999999973807,BACKFILL_AUTO
2026-06-19 12:13:36,1781871216,R_10,4841.912,-1,0.023000000000138243,BACKFILL_AUTO
2026-06-19 12:13:38,1781871218,R_10,4842.0,1,0.08799999999973807,BACKFILL_AUTO
2026-06-19 12:13:40,1781871220,R_10,4842.135,1,0.13500000000021828,BACKFILL_AUTO
2026-06-19 12:13:42,1781871222,R_10,4841.985,-1,0.1500000000005457,BACKFILL_AUTO
2026-06-19 12:13:44,1781871224,R_10,4841.856,-1,0.1289999999999054,BACKFILL_AUTO
2026-06-19 12:13:46,1781871226,R_10,4842.025,1,0.16899999999986903,BACKFILL_AUTO
2026-06-19 12:13:48,1781871228,R_10,4842.199,1,0.17399999999997817,BACKFILL_AUTO
2026-06-19 12:13:50,1781871230,R_10,4842.07,-1,0.1289999999999054,BACKFILL_AUTO
2026-06-19 12:13:52,1781871232,R_10,4842.43,1,0.3600000000005821,BACKFILL_AUTO
2026-06-19 12:13:54,1781871234,R_10,4842.626,1,0.1959999999999127,BACKFILL_AUTO
2026-06-19 12:13:56,1781871236,R_10,4842.957,1,0.33100000000013097,BACKFILL_AUTO
2026-06-19 12:13:58,1781871238,R_10,4843.088,1,0.13099999999940337,BACKFILL_AUTO
2026-06-19 12:14:00,1781871240,R_10,4843.23,1,0.14199999999982538,BACKFILL_AUTO
2026-06-19 12:14:02,1781871242,R_10,4843.325,1,0.09500000000025466,BACKFILL_AUTO
2026-06-19 12:14:04,1781871244,R_10,4843.205,-1,0.11999999999989086,BACKFILL_AUTO
2026-06-19 12:14:06,1781871246,R_10,4843.233,1,0.028000000000247383,BACKFILL_AUTO
2026-06-19 12:14:08,1781871248,R_10,4843.21,-1,0.023000000000138243,BACKFILL_AUTO
2026-06-19 12:14:10,1781871250,R_10,4843.291,1,0.08100000000013097,BACKFILL_AUTO
2026-06-19 12:14:12,1781871252,R_10,4843.157,-1,0.13400000000001455,BACKFILL_AUTO
2026-06-19 12:14:14,1781871254,R_10,4843.376,1,0.21900000000005093,BACKFILL_AUTO
2026-06-19 12:14:16,1781871256,R_10,4843.566,1,0.18999999999959982,BACKFILL_AUTO
2026-06-19 12:14:18,1781871258,R_10,4843.671,1,0.10500000000047294,BACKFILL_AUTO
2026-06-19 12:14:20,1781871260,R_10,4843.677,1,0.0059999999994033715,BACKFILL_AUTO
2026-06-19 12:14:22,1781871262,R_10,4843.822,1,0.14500000000043656,BACKFILL_AUTO
2026-06-19 12:14:24,1781871264,R_10,4843.794,-1,0.028000000000247383,BACKFILL_AUTO
2026-06-19 12:14:26,1781871266,R_10,4843.766,-1,0.028000000000247383,BACKFILL_AUTO
2026-06-19 12:14:28,1781871268,R_10,4843.913,1,0.14699999999993452,BACKFILL_AUTO
2026-06-19 12:14:30,1781871270,R_10,4844.028,1,0.11500000000069122,BACKFILL_AUTO
2026-06-19 12:14:32,1781871272,R_10,4843.957,-1,0.07099999999991269,BACKFILL_AUTO
2026-06-19 12:14:34,1781871274,R_10,4844.052,1,0.09499999999934516,BACKFILL_AUTO
2026-06-19 12:14:36,1781871276,R_10,4844.163,1,0.11099999999987631,BACKFILL_AUTO
2026-06-19 12:14:38,1781871278,R_10,4844.202,1,0.03900000000066939,BACKFILL_AUTO
2026-06-19 12:14:40,1781871280,R_10,4843.993,-1,0.20899999999983265,BACKFILL_AUTO
2026-06-19 12:14:42,1781871282,R_10,4843.927,-1,0.06600000000071304,BACKFILL_AUTO
2026-06-19 12:14:44,1781871284,R_10,4843.802,-1,0.125,BACKFILL_AUTO
2026-06-19 12:14:46,1781871286,R_10,4843.612,-1,0.18999999999959982,BACKFILL_AUTO
2026-06-19 12:14:48,1781871288,R_10,4843.72,1,0.10800000000017462,BACKFILL_AUTO
2026-06-19 12:14:50,1781871290,R_10,4843.741,1,0.02099999999973079,BACKFILL_AUTO
2026-06-19 12:14:52,1781871292,R_10,4843.579,-1,0.16200000000026193,BACKFILL_AUTO
2026-06-19 12:14:54,1781871294,R_10,4843.358,-1,0.2209999999995489,BACKFILL_AUTO
2026-06-19 12:14:56,1781871296,R_10,4843.542,1,0.18400000000019645,BACKFILL_AUTO
2026-06-19 12:14:58,1781871298,R_10,4843.528,-1,0.014000000000123691,BACKFILL_AUTO
2026-06-19 12:15:00,1781871300,R_10,4843.567,1,0.03899999999975989,BACKFILL_AUTO
2026-06-19 12:15:02,1781871302,R_10,4843.355,-1,0.21200000000044383,BACKFILL_AUTO
2026-06-19 12:15:04,1781871304,R_10,4843.393,1,0.03800000000046566,BACKFILL_AUTO
2026-06-19 12:15:06,1781871306,R_10,4843.526,1,0.13299999999981083,BACKFILL_AUTO
2026-06-19 12:15:08,1781871308,R_10,4843.669,1,0.1430000000000291,BACKFILL_AUTO
2026-06-19 12:15:10,1781871310,R_10,4843.712,1,0.0430000000005748,BACKFILL_AUTO
2026-06-19 12:15:12,1781871312,R_10,4843.768,1,0.05599999999958527,BACKFILL_AUTO
2026-06-19 12:15:14,1781871314,R_10,4843.806,1,0.03799999999955617,BACKFILL_AUTO
2026-06-19 12:15:16,1781871316,R_10,4843.834,1,0.028000000000247383,BACKFILL_AUTO
2026-06-19 12:15:18,1781871318,R_10,4843.831,-1,0.0029999999997016857,BACKFILL_AUTO
2026-06-19 12:15:20,1781871320,R_10,4843.881,1,0.0500000000001819,BACKFILL_AUTO
2026-06-19 12:15:22,1781871322,R_10,4843.938,1,0.056999999999789,BACKFILL_AUTO
2026-06-19 12:15:24,1781871324,R_10,4843.789,-1,0.14900000000034197,BACKFILL_AUTO
2026-06-19 12:15:26,1781871326,R_10,4843.774,-1,0.014999999999417923,BACKFILL_AUTO
2026-06-19 12:15:28,1781871328,R_10,4843.844,1,0.06999999999970896,BACKFILL_AUTO
2026-06-19 12:15:30,1781871330,R_10,4843.721,-1,0.12300000000050204,BACKFILL_AUTO
2026-06-19 12:15:32,1781871332,R_10,4843.789,1,0.068000000000211,BACKFILL_AUTO
2026-06-19 12:15:34,1781871334,R_10,4843.835,1,0.046000000000276486,BACKFILL_AUTO
2026-06-19 12:15:36,1781871336,R_10,4844.002,1,0.16700000000037107,BACKFILL_AUTO
2026-06-19 12:15:38,1781871338,R_10,4843.827,-1,0.1750000000001819,BACKFILL_AUTO
2026-06-19 12:15:40,1781871340,R_10,4843.844,1,0.016999999999825377,BACKFILL_AUTO
2026-06-19 12:15:42,1781871342,R_10,4843.771,-1,0.07300000000032014,BACKFILL_AUTO
2026-06-19 12:15:44,1781871344,R_10,4843.839,1,0.068000000000211,BACKFILL_AUTO
2026-06-19 12:15:46,1781871346,R_10,4843.835,-1,0.0039999999999054126,BACKFILL_AUTO
2026-06-19 12:15:48,1781871348,R_10,4843.858,1,0.023000000000138243,BACKFILL_AUTO
2026-06-19 12:15:50,1781871350,R_10,4843.923,1,0.06499999999959982,BACKFILL_AUTO
2026-06-19 12:15:52,1781871352,R_10,4844.028,1,0.10500000000047294,BACKFILL_AUTO
2026-06-19 12:15:54,1781871354,R_10,4843.946,-1,0.0820000000003347,BACKFILL_AUTO
2026-06-19 12:15:56,1781871356,R_10,4843.669,-1,0.27700000000004366,BACKFILL_AUTO
2026-06-19 12:15:58,1781871358,R_10,4843.755,1,0.0860000000002401,BACKFILL_AUTO
2026-06-19 12:16:00,1781871360,R_10,4843.79,1,0.03499999999985448,BACKFILL_AUTO
2026-06-19 12:16:02,1781871362,R_10,4843.973,1,0.18299999999999272,BACKFILL_AUTO
2026-06-19 12:16:04,1781871364,R_10,4843.866,-1,0.1069999999999709,BACKFILL_AUTO
2026-06-19 12:16:06,1781871366,R_10,4843.923,1,0.056999999999789,BACKFILL_AUTO
2026-06-19 12:16:08,1781871368,R_10,4844.018,1,0.09500000000025466,BACKFILL_AUTO
2026-06-19 12:16:10,1781871370,R_10,4843.953,-1,0.06499999999959982,BACKFILL_AUTO
2026-06-19 12:16:12,1781871372,R_10,4844.028,1,0.0749999999998181,BACKFILL_AUTO
2026-06-19 12:16:14,1781871374,R_10,4844.271,1,0.2429999999994834,BACKFILL_AUTO
2026-06-19 12:16:16,1781871376,R_10,4844.196,-1,0.0749999999998181,BACKFILL_AUTO
2026-06-19 12:16:18,1781871378,R_10,4844.289,1,0.0929999999998472,BACKFILL_AUTO
2026-06-19 12:16:20,1781871380,R_10,4844.161,-1,0.12799999999970169,BACKFILL_AUTO
2026-06-19 12:16:22,1781871382,R_10,4844.194,1,0.03300000000035652,BACKFILL_AUTO
2026-06-19 12:16:24,1781871384,R_10,4844.249,1,0.054999999999381544,BACKFILL_AUTO
2026-06-19 12:16:26,1781871386,R_10,4844.278,1,0.02900000000045111,BACKFILL_AUTO
2026-06-19 12:16:28,1781871388,R_10,4844.251,-1,0.027000000000043656,BACKFILL_AUTO
2026-06-19 12:16:30,1781871390,R_10,4844.323,1,0.07200000000011642,BACKFILL_AUTO
2026-06-19 12:16:32,1781871392,R_10,4844.274,-1,0.04899999999997817,BACKFILL_AUTO
2026-06-19 12:16:34,1781871394,R_10,4844.33,1,0.05599999999958527,BACKFILL_AUTO
2026-06-19 12:16:36,1781871396,R_10,4844.247,-1,0.08299999999962893,BACKFILL_AUTO
2026-06-19 12:16:38,1781871398,R_10,4844.171,-1,0.07600000000002183,BACKFILL_AUTO
2026-06-19 12:16:40,1781871400,R_10,4844.143,-1,0.028000000000247383,BACKFILL_AUTO
2026-06-19 12:16:42,1781871402,R_10,4843.979,-1,0.1639999999997599,BACKFILL_AUTO
2026-06-19 12:16:44,1781871404,R_10,4843.731,-1,0.24800000000050204,BACKFILL_AUTO
2026-06-19 12:16:46,1781871406,R_10,4843.888,1,0.1570000000001528,BACKFILL_AUTO
2026-06-19 12:16:48,1781871408,R_10,4843.904,1,0.016000000000531145,BACKFILL_AUTO
2026-06-19 12:16:50,1781871410,R_10,4844.119,1,0.21499999999923602,BACKFILL_AUTO
2026-06-19 12:16:52,1781871412,R_10,4844.059,-1,0.05999999999949068,BACKFILL_AUTO
2026-06-19 12:16:54,1781871414,R_10,4843.684,-1,0.375,BACKFILL_AUTO
2026-06-19 12:16:56,1781871416,R_10,4843.352,-1,0.3320000000003347,BACKFILL_AUTO
2026-06-19 12:16:58,1781871418,R_10,4843.414,1,0.06199999999989814,BACKFILL_AUTO
2026-06-19 12:17:00,1781871420,R_10,4843.386,-1,0.027999999999337888,BACKFILL_AUTO
2026-06-19 12:17:02,1781871422,R_10,4843.482,1,0.09599999999954889,BACKFILL_AUTO
2026-06-19 12:17:04,1781871424,R_10,4843.341,-1,0.14099999999962165,BACKFILL_AUTO
2026-06-19 12:17:06,1781871426,R_10,4843.145,-1,0.1959999999999127,BACKFILL_AUTO
2026-06-19 12:17:08,1781871428,R_10,4843.284,1,0.1389999999992142,BACKFILL_AUTO
2026-06-19 12:17:10,1781871430,R_10,4843.075,-1,0.20899999999983265,BACKFILL_AUTO
2026-06-19 12:17:12,1781871432,R_10,4842.971,-1,0.10400000000026921,BACKFILL_AUTO
2026-06-19 12:17:14,1781871434,R_10,4842.961,-1,0.009999999999308784,BACKFILL_AUTO
2026-06-19 12:17:16,1781871436,R_10,4843.145,1,0.18400000000019645,BACKFILL_AUTO
2026-06-19 12:17:18,1781871438,R_10,4843.219,1,0.07399999999961437,BACKFILL_AUTO
2026-06-19 12:17:20,1781871440,R_10,4843.152,-1,0.06700000000000728,BACKFILL_AUTO
2026-06-19 12:17:22,1781871442,R_10,4843.24,1,0.08799999999973807,BACKFILL_AUTO
2026-06-19 12:17:24,1781871444,R_10,4843.259,1,0.01900000000023283,BACKFILL_AUTO
2026-06-19 12:17:26,1781871446,R_10,4843.53,1,0.2709999999997308,BACKFILL_AUTO
2026-06-19 12:17:28,1781871448,R_10,4843.588,1,0.057999999999992724,BACKFILL_AUTO
2026-06-19 12:17:30,1781871450,R_10,4843.597,1,0.009000000000014552,BACKFILL_AUTO
2026-06-19 12:17:32,1781871452,R_10,4843.664,1,0.06700000000000728,BACKFILL_AUTO
2026-06-19 12:17:34,1781871454,R_10,4843.535,-1,0.1289999999999054,BACKFILL_AUTO
2026-06-19 12:17:36,1781871456,R_10,4843.489,-1,0.046000000000276486,BACKFILL_AUTO
2026-06-19 12:17:38,1781871458,R_10,4843.559,1,0.07000000000061846,BACKFILL_AUTO
2026-06-19 12:17:40,1781871460,R_10,4843.596,1,0.03699999999935244,BACKFILL_AUTO
2026-06-19 12:17:42,1781871462,R_10,4843.687,1,0.09100000000034925,BACKFILL_AUTO
2026-06-19 12:17:44,1781871464,R_10,4843.773,1,0.0860000000002401,BACKFILL_AUTO
2026-06-19 12:17:46,1781871466,R_10,4843.984,1,0.2110000000002401,BACKFILL_AUTO
2026-06-19 12:17:48,1781871468,R_10,4843.991,1,0.006999999999607098,BACKFILL_AUTO
2026-06-19 12:17:50,1781871470,R_10,4844.215,1,0.22400000000016007,BACKFILL_AUTO
2026-06-19 12:17:52,1781871472,R_10,4844.076,-1,0.1390000000001237,BACKFILL_AUTO
2026-06-19 12:17:54,1781871474,R_10,4844.256,1,0.18000000000029104,BACKFILL_AUTO
2026-06-19 12:17:56,1781871476,R_10,4844.455,1,0.19899999999961437,BACKFILL_AUTO
2026-06-19 12:17:58,1781871478,R_10,4844.47,1,0.015000000000327418,BACKFILL_AUTO
2026-06-19 12:18:00,1781871480,R_10,4844.514,1,0.04399999999986903,BACKFILL_AUTO
2026-06-19 12:18:02,1781871482,R_10,4844.448,-1,0.06599999999980355,BACKFILL_AUTO
2026-06-19 12:18:04,1781871484,R_10,4844.374,-1,0.07400000000052387,BACKFILL_AUTO
2026-06-19 12:18:06,1781871486,R_10,4844.149,-1,0.2249999999994543,BACKFILL_AUTO
2026-06-19 12:18:08,1781871488,R_10,4844.019,-1,0.13000000000010914,BACKFILL_AUTO
2026-06-19 12:18:10,1781871490,R_10,4843.816,-1,0.20300000000042928,BACKFILL_AUTO
2026-06-19 12:18:12,1781871492,R_10,4843.767,-1,0.04899999999997817,BACKFILL_AUTO
2026-06-19 12:18:14,1781871494,R_10,4843.692,-1,0.0749999999998181,BACKFILL_AUTO
2026-06-19 12:18:16,1781871496,R_10,4843.609,-1,0.08299999999962893,BACKFILL_AUTO
2026-06-19 12:18:18,1781871498,R_10,4843.562,-1,0.04700000000048021,BACKFILL_AUTO
2026-06-19 12:18:20,1781871500,R_10,4843.626,1,0.06400000000030559,BACKFILL_AUTO
2026-06-19 12:18:22,1781871502,R_10,4843.58,-1,0.046000000000276486,BACKFILL_AUTO
2026-06-19 12:18:24,1781871504,R_10,4843.419,-1,0.1610000000000582,BACKFILL_AUTO
2026-06-19 12:18:26,1781871506,R_10,4843.508,1,0.08899999999994179,BACKFILL_AUTO
2026-06-19 12:18:28,1781871508,R_10,4843.557,1,0.04899999999997817,BACKFILL_AUTO
2026-06-19 12:18:30,1781871510,R_10,4843.612,1,0.05500000000029104,BACKFILL_AUTO
2026-06-19 12:18:32,1781871512,R_10,4843.67,1,0.057999999999992724,BACKFILL_AUTO
2026-06-19 12:18:34,1781871514,R_10,4843.601,-1,0.06900000000041473,BACKFILL_AUTO
2026-06-19 12:18:36,1781871516,R_10,4843.706,1,0.10500000000047294,BACKFILL_AUTO
2026-06-19 12:18:38,1781871518,R_10,4843.715,1,0.009000000000014552,BACKFILL_AUTO
2026-06-19 12:18:40,1781871520,R_10,4843.682,-1,0.03300000000035652,BACKFILL_AUTO
2026-06-19 12:18:42,1781871522,R_10,4843.78,1,0.09799999999995634,BACKFILL_AUTO
2026-06-19 12:18:44,1781871524,R_10,4843.646,-1,0.13400000000001455,BACKFILL_AUTO
2026-06-19 12:18:46,1781871526,R_10,4843.69,1,0.04399999999986903,BACKFILL_AUTO
2026-06-19 12:18:48,1781871528,R_10,4843.802,1,0.11200000000008004,BACKFILL_AUTO
2026-06-19 12:18:50,1781871530,R_10,4843.689,-1,0.11299999999937427,BACKFILL_AUTO
2026-06-19 12:18:52,1781871532,R_10,4843.761,1,0.07200000000011642,BACKFILL_AUTO
2026-06-19 12:18:54,1781871534,R_10,4843.819,1,0.057999999999992724,BACKFILL_AUTO
2026-06-19 12:18:56,1781871536,R_10,4843.692,-1,0.12700000000040745,BACKFILL_AUTO
2026-06-19 12:18:58,1781871538,R_10,4843.603,-1,0.08899999999994179,BACKFILL_AUTO
2026-06-19 12:19:00,1781871540,R_10,4843.682,1,0.07899999999972351,BACKFILL_AUTO
2026-06-19 12:19:02,1781871542,R_10,4843.604,-1,0.07799999999951979,BACKFILL_AUTO
2026-06-19 12:19:04,1781871544,R_10,4843.739,1,0.13499999999930878,BACKFILL_AUTO
2026-06-19 12:19:06,1781871546,R_10,4843.773,1,0.03400000000056025,BACKFILL_AUTO
2026-06-19 12:19:08,1781871548,R_10,4843.832,1,0.05900000000019645,BACKFILL_AUTO
2026-06-19 12:19:10,1781871550,R_10,4843.647,-1,0.18500000000040018,BACKFILL_AUTO
2026-06-19 12:19:12,1781871552,R_10,4843.829,1,0.181999999999789,BACKFILL_AUTO
2026-06-19 12:19:14,1781871554,R_10,4843.887,1,0.057999999999992724,BACKFILL_AUTO
2026-06-19 12:19:16,1781871556,R_10,4843.847,-1,0.03999999999996362,BACKFILL_AUTO
2026-06-19 12:19:18,1781871558,R_10,4843.969,1,0.12200000000029831,BACKFILL_AUTO
2026-06-19 12:19:20,1781871560,R_10,4843.79,-1,0.1790000000000873,BACKFILL_AUTO
2026-06-19 12:19:22,1781871562,R_10,4843.931,1,0.14099999999962165,BACKFILL_AUTO
2026-06-19 12:19:24,1781871564,R_10,4843.889,-1,0.04199999999946158,BACKFILL_AUTO
2026-06-19 12:19:26,1781871566,R_10,4844.035,1,0.1459999999997308,BACKFILL_AUTO
2026-06-19 12:19:28,1781871568,R_10,4843.782,-1,0.2529999999997017,BACKFILL_AUTO
2026-06-19 12:19:30,1781871570,R_10,4843.972,1,0.18999999999959982,BACKFILL_AUTO
2026-06-19 12:19:32,1781871572,R_10,4843.811,-1,0.1610000000000582,BACKFILL_AUTO
2026-06-19 12:19:34,1781871574,R_10,4843.61,-1,0.20100000000002183,BACKFILL_AUTO
2026-06-19 12:19:36,1781871576,R_10,4843.958,1,0.34799999999995634,BACKFILL_AUTO
2026-06-19 12:19:38,1781871578,R_10,4844.026,1,0.068000000000211,BACKFILL_AUTO
2026-06-19 12:19:40,1781871580,R_10,4843.858,-1,0.1679999999996653,BACKFILL_AUTO
2026-06-19 12:19:42,1781871582,R_10,4843.781,-1,0.07700000000022555,BACKFILL_AUTO
2026-06-19 12:19:44,1781871584,R_10,4843.593,-1,0.18800000000010186,BACKFILL_AUTO
2026-06-19 12:19:46,1781871586,R_10,4843.5,-1,0.0929999999998472,BACKFILL_AUTO
2026-06-19 12:19:48,1781871588,R_10,4843.533,1,0.03300000000035652,BACKFILL_AUTO
2026-06-19 12:19:50,1781871590,R_10,4843.482,-1,0.051000000000385626,BACKFILL_AUTO
2026-06-19 12:19:52,1781871592,R_10,4843.5,1,0.018000000000029104,BACKFILL_AUTO
2026-06-19 12:19:54,1781871594,R_10,4843.339,-1,0.1610000000000582,BACKFILL_AUTO
2026-06-19 12:19:56,1781871596,R_10,4843.452,1,0.11300000000028376,BACKFILL_AUTO
2026-06-19 12:19:58,1781871598,R_10,4843.58,1,0.12799999999970169,BACKFILL_AUTO
2026-06-19 12:20:00,1781871600,R_10,4843.534,-1,0.046000000000276486,BACKFILL_AUTO
2026-06-19 12:20:02,1781871602,R_10,4843.592,1,0.057999999999992724,BACKFILL_AUTO
2026-06-19 12:20:04,1781871604,R_10,4843.525,-1,0.06700000000000728,BACKFILL_AUTO
2026-06-19 12:20:06,1781871606,R_10,4843.579,1,0.05400000000008731,BACKFILL_AUTO
2026-06-19 12:20:08,1781871608,R_10,4843.651,1,0.07200000000011642,BACKFILL_AUTO
2026-06-19 12:20:10,1781871610,R_10,4843.579,-1,0.07200000000011642,BACKFILL_AUTO
2026-06-19 12:20:12,1781871612,R_10,4843.538,-1,0.04100000000016735,BACKFILL_AUTO
2026-06-19 12:20:14,1781871614,R_10,4843.591,1,0.05300000000079308,BACKFILL_AUTO
2026-06-19 12:20:16,1781871616,R_10,4843.724,1,0.13299999999981083,BACKFILL_AUTO
2026-06-19 12:20:18,1781871618,R_10,4843.745,1,0.02099999999973079,BACKFILL_AUTO
2026-06-19 12:20:20,1781871620,R_10,4843.865,1,0.11999999999989086,BACKFILL_AUTO
2026-06-19 12:20:22,1781871622,R_10,4843.957,1,0.09200000000055297,BACKFILL_AUTO
2026-06-19 12:20:24,1781871624,R_10,4844.103,1,0.1459999999997308,BACKFILL_AUTO
2026-06-19 12:20:26,1781871626,R_10,4844.225,1,0.12200000000029831,BACKFILL_AUTO
2026-06-19 12:20:28,1781871628,R_10,4844.345,1,0.11999999999989086,BACKFILL_AUTO
2026-06-19 12:20:30,1781871630,R_10,4844.329,-1,0.016000000000531145,BACKFILL_AUTO
2026-06-19 12:20:32,1781871632,R_10,4844.54,1,0.2110000000002401,BACKFILL_AUTO
2026-06-19 12:20:34,1781871634,R_10,4844.456,-1,0.08399999999983265,BACKFILL_AUTO
2026-06-19 12:20:36,1781871636,R_10,4844.541,1,0.08500000000003638,BACKFILL_AUTO
2026-06-19 12:20:38,1781871638,R_10,4844.419,-1,0.12200000000029831,BACKFILL_AUTO
2026-06-19 12:20:40,1781871640,R_10,4844.359,-1,0.05999999999949068,BACKFILL_AUTO
2026-06-19 12:20:42,1781871642,R_10,4844.348,-1,0.011000000000422006,BACKFILL_AUTO
2026-06-19 12:20:44,1781871644,R_10,4844.345,-1,0.0029999999997016857,BACKFILL_AUTO
2026-06-19 12:20:46,1781871646,R_10,4844.236,-1,0.10900000000037835,BACKFILL_AUTO
2026-06-19 12:20:48,1781871648,R_10,4844.314,1,0.07800000000042928,BACKFILL_AUTO
2026-06-19 12:20:50,1781871650,R_10,4844.435,1,0.12100000000009459,BACKFILL_AUTO
2026-06-19 12:20:52,1781871652,R_10,4844.657,1,0.22199999999975262,BACKFILL_AUTO
2026-06-19 12:20:54,1781871654,R_10,4844.649,-1,0.007999999999810825,BACKFILL_AUTO
2026-06-19 12:20:56,1781871656,R_10,4844.526,-1,0.12300000000050204,BACKFILL_AUTO
2026-06-19 12:20:58,1781871658,R_10,4844.677,1,0.15099999999983993,BACKFILL_AUTO
2026-06-19 12:21:00,1781871660,R_10,4844.669,-1,0.007999999999810825,BACKFILL_AUTO
2026-06-19 12:21:02,1781871662,R_10,4844.615,-1,0.05400000000008731,BACKFILL_AUTO
2026-06-19 12:21:04,1781871664,R_10,4844.737,1,0.12200000000029831,BACKFILL_AUTO
2026-06-19 12:21:06,1781871666,R_10,4844.535,-1,0.20200000000022555,BACKFILL_AUTO
2026-06-19 12:21:08,1781871668,R_10,4844.577,1,0.042000000000371074,BACKFILL_AUTO
2026-06-19 12:21:10,1781871670,R_10,4844.491,-1,0.0860000000002401,BACKFILL_AUTO
2026-06-19 12:21:12,1781871672,R_10,4844.538,1,0.04699999999957072,BACKFILL_AUTO
2026-06-19 12:21:14,1781871674,R_10,4844.485,-1,0.052999999999883585,BACKFILL_AUTO
2026-06-19 12:21:16,1781871676,R_10,4844.574,1,0.08899999999994179,BACKFILL_AUTO
2026-06-19 12:21:18,1781871678,R_10,4844.566,-1,0.007999999999810825,BACKFILL_AUTO
2026-06-19 12:21:20,1781871680,R_10,4844.611,1,0.04500000000007276,BACKFILL_AUTO
2026-06-19 12:21:22,1781871682,R_10,4844.567,-1,0.04399999999986903,BACKFILL_AUTO
2026-06-19 12:21:24,1781871684,R_10,4844.609,1,0.042000000000371074,BACKFILL_AUTO
2026-06-19 12:21:26,1781871686,R_10,4844.441,-1,0.1680000000005748,BACKFILL_AUTO
2026-06-19 12:21:28,1781871688,R_10,4844.373,-1,0.068000000000211,BACKFILL_AUTO
2026-06-19 12:21:30,1781871690,R_10,4844.654,1,0.28100000000085856,BACKFILL_AUTO
2026-06-19 12:21:32,1781871692,R_10,4844.533,-1,0.12100000000009459,BACKFILL_AUTO
2026-06-19 12:21:34,1781871694,R_10,4844.507,-1,0.026000000000749424,BACKFILL_AUTO
2026-06-19 12:21:36,1781871696,R_10,4844.486,-1,0.02099999999973079,BACKFILL_AUTO
2026-06-19 12:21:38,1781871698,R_10,4844.409,-1,0.07700000000022555,BACKFILL_AUTO
2026-06-19 12:21:40,1781871700,R_10,4844.394,-1,0.014999999999417923,BACKFILL_AUTO
2026-06-19 12:21:42,1781871702,R_10,4844.337,-1,0.056999999999789,BACKFILL_AUTO
2026-06-19 12:21:44,1781871704,R_10,4844.223,-1,0.11400000000048749,BACKFILL_AUTO
2026-06-19 12:21:46,1781871706,R_10,4844.129,-1,0.09400000000005093,BACKFILL_AUTO
2026-06-19 12:21:48,1781871708,R_10,4843.999,-1,0.13000000000010914,BACKFILL_AUTO
2026-06-19 12:21:50,1781871710,R_10,4844.088,1,0.08899999999994179,BACKFILL_AUTO
2026-06-19 12:21:52,1781871712,R_10,4844.127,1,0.03900000000066939,BACKFILL_AUTO
2026-06-19 12:21:54,1781871714,R_10,4844.07,-1,0.05700000000069849,BACKFILL_AUTO
2026-06-19 12:21:56,1781871716,R_10,4843.88,-1,0.18999999999959982,BACKFILL_AUTO
2026-06-19 12:21:58,1781871718,R_10,4843.816,-1,0.06400000000030559,BACKFILL_AUTO
2026-06-19 12:22:00,1781871720,R_10,4843.694,-1,0.12199999999938882,BACKFILL_AUTO
2026-06-19 12:22:02,1781871722,R_10,4843.694,0,0.0,BACKFILL_AUTO
2026-06-19 12:22:04,1781871724,R_10,4843.703,1,0.009000000000014552,BACKFILL_AUTO
2026-06-19 12:22:06,1781871726,R_10,4843.72,1,0.016999999999825377,BACKFILL_AUTO
2026-06-19 12:22:08,1781871728,R_10,4843.57,-1,0.1500000000005457,BACKFILL_AUTO
2026-06-19 12:22:10,1781871730,R_10,4843.548,-1,0.021999999999934516,BACKFILL_AUTO
2026-06-19 12:22:12,1781871732,R_10,4843.715,1,0.16700000000037107,BACKFILL_AUTO
2026-06-19 12:22:14,1781871734,R_10,4843.799,1,0.08399999999983265,BACKFILL_AUTO
2026-06-19 12:22:16,1781871736,R_10,4843.944,1,0.14500000000043656,BACKFILL_AUTO
2026-06-19 12:22:18,1781871738,R_10,4843.86,-1,0.08400000000074215,BACKFILL_AUTO
2026-06-19 12:22:20,1781871740,R_10,4843.807,-1,0.052999999999883585,BACKFILL_AUTO
2026-06-19 12:22:22,1781871742,R_10,4843.607,-1,0.1999999999998181,BACKFILL_AUTO
2026-06-19 12:22:24,1781871744,R_10,4843.59,-1,0.016999999999825377,BACKFILL_AUTO
2026-06-19 12:22:26,1781871746,R_10,4843.552,-1,0.03800000000046566,BACKFILL_AUTO
2026-06-19 12:22:28,1781871748,R_10,4843.58,1,0.028000000000247383,BACKFILL_AUTO
2026-06-19 12:22:30,1781871750,R_10,4843.695,1,0.11499999999978172,BACKFILL_AUTO
2026-06-19 12:22:32,1781871752,R_10,4843.889,1,0.19400000000041473,BACKFILL_AUTO
2026-06-19 12:22:34,1781871754,R_10,4843.602,-1,0.28700000000026193,BACKFILL_AUTO
2026-06-19 12:22:36,1781871756,R_10,4843.655,1,0.052999999999883585,BACKFILL_AUTO
2026-06-19 12:22:38,1781871758,R_10,4843.583,-1,0.07200000000011642,BACKFILL_AUTO
2026-06-19 12:22:40,1781871760,R_10,4843.562,-1,0.02099999999973079,BACKFILL_AUTO
2026-06-19 12:22:42,1781871762,R_10,4843.705,1,0.1430000000000291,BACKFILL_AUTO
2026-06-19 12:22:44,1781871764,R_10,4843.644,-1,0.06099999999969441,BACKFILL_AUTO
2026-06-19 12:22:46,1781871766,R_10,4843.487,-1,0.1570000000001528,BACKFILL_AUTO
2026-06-19 12:22:48,1781871768,R_10,4843.694,1,0.2070000000003347,BACKFILL_AUTO
2026-06-19 12:22:50,1781871770,R_10,4843.833,1,0.1389999999992142,BACKFILL_AUTO
2026-06-19 12:22:52,1781871772,R_10,4843.746,-1,0.08699999999953434,BACKFILL_AUTO
2026-06-19 12:22:54,1781871774,R_10,4843.712,-1,0.033999999999650754,BACKFILL_AUTO
2026-06-19 12:22:56,1781871776,R_10,4843.646,-1,0.06600000000071304,BACKFILL_AUTO
2026-06-19 12:22:58,1781871778,R_10,4843.646,0,0.0,BACKFILL_AUTO
2026-06-19 12:23:00,1781871780,R_10,4843.537,-1,0.10899999999946886,BACKFILL_AUTO
2026-06-19 12:23:02,1781871782,R_10,4843.592,1,0.054999999999381544,BACKFILL_AUTO
2026-06-19 12:23:04,1781871784,R_10,4843.707,1,0.11500000000069122,BACKFILL_AUTO
2026-06-19 12:23:06,1781871786,R_10,4843.724,1,0.016999999999825377,BACKFILL_AUTO
2026-06-19 12:23:08,1781871788,R_10,4843.719,-1,0.005000000000109139,BACKFILL_AUTO
2026-06-19 12:23:10,1781871790,R_10,4843.513,-1,0.20600000000013097,BACKFILL_AUTO
2026-06-19 12:23:12,1781871792,R_10,4843.46,-1,0.052999999999883585,BACKFILL_AUTO
2026-06-19 12:23:14,1781871794,R_10,4843.717,1,0.2569999999996071,BACKFILL_AUTO
2026-06-19 12:23:16,1781871796,R_10,4843.745,1,0.028000000000247383,BACKFILL_AUTO
2026-06-19 12:23:18,1781871798,R_10,4843.618,-1,0.12699999999949796,BACKFILL_AUTO
2026-06-19 12:23:20,1781871800,R_10,4843.446,-1,0.1720000000004802,BACKFILL_AUTO
2026-06-19 12:23:22,1781871802,R_10,4843.401,-1,0.04500000000007276,BACKFILL_AUTO
2026-06-19 12:23:24,1781871804,R_10,4843.454,1,0.052999999999883585,BACKFILL_AUTO
2026-06-19 12:23:26,1781871806,R_10,4843.574,1,0.11999999999989086,BACKFILL_AUTO
2026-06-19 12:23:28,1781871808,R_10,4843.515,-1,0.058999999999286956,BACKFILL_AUTO
2026-06-19 12:23:30,1781871810,R_10,4843.538,1,0.02299999999922875,BACKFILL_AUTO
2026-06-19 12:23:32,1781871812,R_10,4843.551,1,0.01300000000082946,BACKFILL_AUTO
2026-06-19 12:23:34,1781871814,R_10,4843.555,1,0.0039999999999054126,BACKFILL_AUTO
2026-06-19 12:23:36,1781871816,R_10,4843.475,-1,0.07999999999992724,BACKFILL_AUTO
2026-06-19 12:23:38,1781871818,R_10,4843.493,1,0.018000000000029104,BACKFILL_AUTO
2026-06-19 12:23:40,1781871820,R_10,4843.707,1,0.2139999999999418,BACKFILL_AUTO
2026-06-19 12:23:42,1781871822,R_10,4843.715,1,0.007999999999810825,BACKFILL_AUTO
2026-06-19 12:23:44,1781871824,R_10,4843.594,-1,0.12100000000009459,BACKFILL_AUTO
2026-06-19 12:23:46,1781871826,R_10,4843.594,0,0.0,BACKFILL_AUTO
2026-06-19 12:23:48,1781871828,R_10,4843.44,-1,0.1540000000004511,BACKFILL_AUTO
2026-06-19 12:23:50,1781871830,R_10,4843.565,1,0.125,BACKFILL_AUTO
2026-06-19 12:23:52,1781871832,R_10,4843.566,1,0.0010000000002037268,BACKFILL_AUTO
2026-06-19 12:23:54,1781871834,R_10,4843.706,1,0.14000000000032742,BACKFILL_AUTO
2026-06-19 12:23:56,1781871836,R_10,4843.789,1,0.08299999999962893,BACKFILL_AUTO
2026-06-19 12:23:58,1781871838,R_10,4843.625,-1,0.1639999999997599,BACKFILL_AUTO
2026-06-19 12:24:00,1781871840,R_10,4843.7,1,0.0749999999998181,BACKFILL_AUTO
2026-06-19 12:24:02,1781871842,R_10,4843.573,-1,0.12699999999949796,BACKFILL_AUTO
2026-06-19 12:24:04,1781871844,R_10,4843.62,1,0.04699999999957072,BACKFILL_AUTO
2026-06-19 12:24:06,1781871846,R_10,4843.74,1,0.11999999999989086,BACKFILL_AUTO
2026-06-19 12:24:08,1781871848,R_10,4843.885,1,0.14500000000043656,BACKFILL_AUTO
2026-06-19 12:24:10,1781871850,R_10,4843.806,-1,0.07900000000063301,BACKFILL_AUTO
2026-06-19 12:24:12,1781871852,R_10,4843.871,1,0.06500000000050932,BACKFILL_AUTO
2026-06-19 12:24:14,1781871854,R_10,4843.939,1,0.068000000000211,BACKFILL_AUTO
2026-06-19 12:24:16,1781871856,R_10,4843.997,1,0.057999999999992724,BACKFILL_AUTO
2026-06-19 12:24:18,1781871858,R_10,4844.097,1,0.0999999999994543,BACKFILL_AUTO
2026-06-19 12:24:20,1781871860,R_10,4844.117,1,0.020000000000436557,BACKFILL_AUTO
2026-06-19 12:24:22,1781871862,R_10,4844.315,1,0.19799999999941065,BACKFILL_AUTO
2026-06-19 12:24:24,1781871864,R_10,4844.381,1,0.06600000000071304,BACKFILL_AUTO
2026-06-19 12:24:26,1781871866,R_10,4844.431,1,0.049999999999272404,BACKFILL_AUTO
2026-06-19 12:24:28,1781871868,R_10,4844.472,1,0.04100000000016735,BACKFILL_AUTO
2026-06-19 12:24:30,1781871870,R_10,4844.472,0,0.0,BACKFILL_AUTO
2026-06-19 12:24:32,1781871872,R_10,4844.326,-1,0.1459999999997308,BACKFILL_AUTO
2026-06-19 12:24:34,1781871874,R_10,4844.188,-1,0.13799999999991996,BACKFILL_AUTO
2026-06-19 12:24:36,1781871876,R_10,4843.906,-1,0.2820000000001528,BACKFILL_AUTO
2026-06-19 12:24:38,1781871878,R_10,4844.041,1,0.13500000000021828,BACKFILL_AUTO
2026-06-19 12:24:40,1781871880,R_10,4844.059,1,0.018000000000029104,BACKFILL_AUTO
2026-06-19 12:24:42,1781871882,R_10,4843.875,-1,0.18400000000019645,BACKFILL_AUTO
2026-06-19 12:24:44,1781871884,R_10,4843.928,1,0.052999999999883585,BACKFILL_AUTO
2026-06-19 12:24:46,1781871886,R_10,4844.282,1,0.3540000000002692,BACKFILL_AUTO
2026-06-19 12:24:48,1781871888,R_10,4844.144,-1,0.13799999999991996,BACKFILL_AUTO
2026-06-19 12:24:50,1781871890,R_10,4844.359,1,0.21500000000014552,BACKFILL_AUTO
2026-06-19 12:24:52,1781871892,R_10,4844.21,-1,0.14900000000034197,BACKFILL_AUTO
2026-06-19 12:24:54,1781871894,R_10,4844.244,1,0.033999999999650754,BACKFILL_AUTO
2026-06-19 12:24:56,1781871896,R_10,4844.404,1,0.16000000000076398,BACKFILL_AUTO
2026-06-19 12:24:58,1781871898,R_10,4844.388,-1,0.016000000000531145,BACKFILL_AUTO
2026-06-19 12:25:00,1781871900,R_10,4844.494,1,0.10599999999976717,BACKFILL_AUTO
2026-06-19 12:25:02,1781871902,R_10,4844.354,-1,0.13999999999941792,BACKFILL_AUTO
2026-06-19 12:25:04,1781871904,R_10,4844.609,1,0.25500000000010914,BACKFILL_AUTO
2026-06-19 12:25:06,1781871906,R_10,4844.657,1,0.047999999999774445,BACKFILL_AUTO
2026-06-19 12:25:08,1781871908,R_10,4844.605,-1,0.05200000000058935,BACKFILL_AUTO
2026-06-19 12:25:10,1781871910,R_10,4844.607,1,0.0020000000004074536,BACKFILL_AUTO
2026-06-19 12:25:12,1781871912,R_10,4844.609,1,0.0020000000004074536,BACKFILL_AUTO
2026-06-19 12:25:14,1781871914,R_10,4844.5,-1,0.10900000000037835,BACKFILL_AUTO
2026-06-19 12:25:16,1781871916,R_10,4844.447,-1,0.052999999999883585,BACKFILL_AUTO
2026-06-19 12:25:18,1781871918,R_10,4844.308,-1,0.1390000000001237,BACKFILL_AUTO
2026-06-19 12:25:20,1781871920,R_10,4844.243,-1,0.06499999999959982,BACKFILL_AUTO
2026-06-19 12:25:22,1781871922,R_10,4844.266,1,0.02299999999922875,BACKFILL_AUTO
2026-06-19 12:25:24,1781871924,R_10,4844.355,1,0.08899999999994179,BACKFILL_AUTO
2026-06-19 12:25:26,1781871926,R_10,4844.497,1,0.14200000000073487,BACKFILL_AUTO
2026-06-19 12:25:28,1781871928,R_10,4844.742,1,0.24499999999989086,BACKFILL_AUTO
2026-06-19 12:25:30,1781871930,R_10,4844.672,-1,0.07000000000061846,BACKFILL_AUTO
2026-06-19 12:25:32,1781871932,R_10,4844.76,1,0.08800000000064756,BACKFILL_AUTO
2026-06-19 12:25:34,1781871934,R_10,4844.653,-1,0.1069999999999709,BACKFILL_AUTO
2026-06-19 12:25:36,1781871936,R_10,4844.585,-1,0.068000000000211,BACKFILL_AUTO
2026-06-19 12:25:38,1781871938,R_10,4844.538,-1,0.04700000000048021,BACKFILL_AUTO
2026-06-19 12:25:40,1781871940,R_10,4844.485,-1,0.052999999999883585,BACKFILL_AUTO
2026-06-19 12:25:42,1781871942,R_10,4844.588,1,0.10300000000006548,BACKFILL_AUTO
2026-06-19 12:25:44,1781871944,R_10,4844.615,1,0.027000000000043656,BACKFILL_AUTO
2026-06-19 12:25:46,1781871946,R_10,4844.56,-1,0.054999999999381544,BACKFILL_AUTO
2026-06-19 12:25:48,1781871948,R_10,4844.72,1,0.15999999999985448,BACKFILL_AUTO
2026-06-19 12:25:50,1781871950,R_10,4844.686,-1,0.03400000000056025,BACKFILL_AUTO
2026-06-19 12:25:52,1781871952,R_10,4844.543,-1,0.1430000000000291,BACKFILL_AUTO
2026-06-19 12:25:54,1781871954,R_10,4844.558,1,0.015000000000327418,BACKFILL_AUTO
2026-06-19 12:25:56,1781871956,R_10,4844.582,1,0.02400000000034197,BACKFILL_AUTO
2026-06-19 12:25:58,1781871958,R_10,4844.727,1,0.14499999999952706,BACKFILL_AUTO
2026-06-19 12:26:00,1781871960,R_10,4844.797,1,0.06999999999970896,BACKFILL_AUTO
2026-06-19 12:26:02,1781871962,R_10,4844.608,-1,0.1889999999993961,BACKFILL_AUTO
2026-06-19 12:26:04,1781871964,R_10,4844.573,-1,0.03499999999985448,BACKFILL_AUTO
2026-06-19 12:26:06,1781871966,R_10,4844.478,-1,0.09500000000025466,BACKFILL_AUTO
2026-06-19 12:26:08,1781871968,R_10,4844.487,1,0.009000000000014552,BACKFILL_AUTO
2026-06-19 12:26:10,1781871970,R_10,4844.642,1,0.15499999999974534,BACKFILL_AUTO
2026-06-19 12:26:12,1781871972,R_10,4844.373,-1,0.26900000000023283,BACKFILL_AUTO
2026-06-19 12:26:14,1781871974,R_10,4844.247,-1,0.12599999999929423,BACKFILL_AUTO
2026-06-19 12:26:16,1781871976,R_10,4844.209,-1,0.03800000000046566,BACKFILL_AUTO
2026-06-19 12:26:18,1781871978,R_10,4844.161,-1,0.047999999999774445,BACKFILL_AUTO
2026-06-19 12:26:20,1781871980,R_10,4844.047,-1,0.11400000000048749,BACKFILL_AUTO
2026-06-19 12:26:22,1781871982,R_10,4844.107,1,0.06000000000040018,BACKFILL_AUTO
2026-06-19 12:26:24,1781871984,R_10,4844.023,-1,0.08399999999983265,BACKFILL_AUTO
2026-06-19 12:26:26,1781871986,R_10,4844.271,1,0.24799999999959255,BACKFILL_AUTO
2026-06-19 12:26:28,1781871988,R_10,4844.149,-1,0.12199999999938882,BACKFILL_AUTO
2026-06-19 12:26:30,1781871990,R_10,4844.051,-1,0.09799999999995634,BACKFILL_AUTO
2026-06-19 12:26:32,1781871992,R_10,4844.176,1,0.125,BACKFILL_AUTO
2026-06-19 12:26:34,1781871994,R_10,4844.032,-1,0.14400000000023283,BACKFILL_AUTO
2026-06-19 12:26:36,1781871996,R_10,4843.957,-1,0.0749999999998181,BACKFILL_AUTO
2026-06-19 12:26:38,1781871998,R_10,4843.954,-1,0.0030000000006111804,BACKFILL_AUTO
2026-06-19 12:26:40,1781872000,R_10,4844.055,1,0.10100000000056752,BACKFILL_AUTO
2026-06-19 12:26:42,1781872002,R_10,4844.185,1,0.13000000000010914,BACKFILL_AUTO
2026-06-19 12:26:44,1781872004,R_10,4844.095,-1,0.09000000000014552,BACKFILL_AUTO
2026-06-19 12:26:46,1781872006,R_10,4843.875,-1,0.22000000000025466,BACKFILL_AUTO
2026-06-19 12:26:48,1781872008,R_10,4843.754,-1,0.12100000000009459,BACKFILL_AUTO
2026-06-19 12:26:50,1781872010,R_10,4843.742,-1,0.011999999999716238,BACKFILL_AUTO
2026-06-19 12:26:52,1781872012,R_10,4843.689,-1,0.052999999999883585,BACKFILL_AUTO
2026-06-19 12:26:54,1781872014,R_10,4843.851,1,0.16199999999935244,BACKFILL_AUTO
2026-06-19 12:26:56,1781872016,R_10,4843.877,1,0.026000000000749424,BACKFILL_AUTO
2026-06-19 12:26:58,1781872018,R_10,4843.802,-1,0.0750000000007276,BACKFILL_AUTO
2026-06-19 12:27:00,1781872020,R_10,4843.957,1,0.15500000000065484,BACKFILL_AUTO
2026-06-19 12:27:02,1781872022,R_10,4844.044,1,0.08699999999953434,BACKFILL_AUTO
2026-06-19 12:27:04,1781872024,R_10,4843.901,-1,0.1430000000000291,BACKFILL_AUTO
2026-06-19 12:27:06,1781872026,R_10,4843.807,-1,0.09400000000005093,BACKFILL_AUTO
2026-06-19 12:27:08,1781872028,R_10,4843.638,-1,0.16899999999986903,BACKFILL_AUTO
2026-06-19 12:27:10,1781872030,R_10,4843.859,1,0.22100000000045839,BACKFILL_AUTO
2026-06-19 12:27:12,1781872032,R_10,4843.841,-1,0.018000000000029104,BACKFILL_AUTO
2026-06-19 12:27:14,1781872034,R_10,4843.685,-1,0.15599999999994907,BACKFILL_AUTO
2026-06-19 12:27:16,1781872036,R_10,4843.705,1,0.019999999999527063,BACKFILL_AUTO
2026-06-19 12:27:18,1781872038,R_10,4843.816,1,0.11099999999987631,BACKFILL_AUTO
2026-06-19 12:27:20,1781872040,R_10,4843.903,1,0.08700000000044383,BACKFILL_AUTO
2026-06-19 12:27:22,1781872042,R_10,4843.932,1,0.028999999999541615,BACKFILL_AUTO
2026-06-19 12:27:24,1781872044,R_10,4843.972,1,0.03999999999996362,BACKFILL_AUTO
2026-06-19 12:27:26,1781872046,R_10,4843.989,1,0.016999999999825377,BACKFILL_AUTO
2026-06-19 12:27:28,1781872048,R_10,4844.137,1,0.14800000000013824,BACKFILL_AUTO
2026-06-19 12:27:30,1781872050,R_10,4844.145,1,0.00800000000072032,BACKFILL_AUTO
2026-06-19 12:27:32,1781872052,R_10,4844.162,1,0.016999999999825377,BACKFILL_AUTO
2026-06-19 12:27:34,1781872054,R_10,4844.111,-1,0.051000000000385626,BACKFILL_AUTO
2026-06-19 12:27:36,1781872056,R_10,4844.094,-1,0.016999999999825377,BACKFILL_AUTO
2026-06-19 12:27:38,1781872058,R_10,4844.241,1,0.14699999999993452,BACKFILL_AUTO
2026-06-19 12:27:40,1781872060,R_10,4844.105,-1,0.136000000000422,BACKFILL_AUTO
2026-06-19 12:27:42,1781872062,R_10,4844.035,-1,0.06999999999970896,BACKFILL_AUTO
2026-06-19 12:27:44,1781872064,R_10,4843.945,-1,0.09000000000014552,BACKFILL_AUTO
2026-06-19 12:27:46,1781872066,R_10,4844.03,1,0.08500000000003638,BACKFILL_AUTO
2026-06-19 12:27:48,1781872068,R_10,4844.267,1,0.23700000000008004,BACKFILL_AUTO
2026-06-19 12:27:50,1781872070,R_10,4844.455,1,0.18800000000010186,BACKFILL_AUTO
2026-06-19 12:27:52,1781872072,R_10,4844.373,-1,0.0820000000003347,BACKFILL_AUTO
2026-06-19 12:27:54,1781872074,R_10,4844.394,1,0.021000000000640284,BACKFILL_AUTO
2026-06-19 12:27:56,1781872076,R_10,4844.344,-1,0.0500000000001819,BACKFILL_AUTO
2026-06-19 12:27:58,1781872078,R_10,4844.373,1,0.028999999999541615,BACKFILL_AUTO
2026-06-19 12:28:00,1781872080,R_10,4844.464,1,0.09100000000034925,BACKFILL_AUTO
2026-06-19 12:28:02,1781872082,R_10,4844.295,-1,0.16899999999986903,BACKFILL_AUTO
2026-06-19 12:28:04,1781872084,R_10,4844.249,-1,0.046000000000276486,BACKFILL_AUTO
2026-06-19 12:28:06,1781872086,R_10,4844.268,1,0.01900000000023283,BACKFILL_AUTO
2026-06-19 12:28:08,1781872088,R_10,4844.183,-1,0.08500000000003638,BACKFILL_AUTO
2026-06-19 12:28:10,1781872090,R_10,4844.025,-1,0.15800000000035652,BACKFILL_AUTO
2026-06-19 12:28:12,1781872092,R_10,4843.769,-1,0.25599999999940337,BACKFILL_AUTO
2026-06-19 12:28:14,1781872094,R_10,4843.873,1,0.10399999999935972,BACKFILL_AUTO
2026-06-19 12:28:16,1781872096,R_10,4843.956,1,0.08300000000053842,BACKFILL_AUTO
2026-06-19 12:28:18,1781872098,R_10,4843.984,1,0.028000000000247383,BACKFILL_AUTO
2026-06-19 12:28:20,1781872100,R_10,4844.111,1,0.12699999999949796,BACKFILL_AUTO
2026-06-19 12:28:22,1781872102,R_10,4844.106,-1,0.005000000000109139,BACKFILL_AUTO
2026-06-19 12:28:24,1781872104,R_10,4844.164,1,0.057999999999992724,BACKFILL_AUTO
2026-06-19 12:28:26,1781872106,R_10,4844.389,1,0.2250000000003638,BACKFILL_AUTO
2026-06-19 12:28:28,1781872108,R_10,4844.306,-1,0.08300000000053842,BACKFILL_AUTO
2026-06-19 12:28:30,1781872110,R_10,4844.497,1,0.19100000000071304,BACKFILL_AUTO
2026-06-19 12:28:32,1781872112,R_10,4844.579,1,0.0819999999994252,BACKFILL_AUTO
2026-06-19 12:28:34,1781872114,R_10,4844.61,1,0.03099999999994907,BACKFILL_AUTO
2026-06-19 12:28:36,1781872116,R_10,4844.876,1,0.26600000000053114,BACKFILL_AUTO
2026-06-19 12:28:38,1781872118,R_10,4844.782,-1,0.09400000000005093,BACKFILL_AUTO
2026-06-19 12:28:40,1781872120,R_10,4844.69,-1,0.09200000000055297,BACKFILL_AUTO
2026-06-19 12:28:42,1781872122,R_10,4844.783,1,0.0930000000007567,BACKFILL_AUTO
2026-06-19 12:28:44,1781872124,R_10,4844.757,-1,0.026000000000749424,BACKFILL_AUTO
2026-06-19 12:28:46,1781872126,R_10,4844.834,1,0.07700000000022555,BACKFILL_AUTO
2026-06-19 12:28:48,1781872128,R_10,4844.816,-1,0.018000000000029104,BACKFILL_AUTO
2026-06-19 12:28:50,1781872130,R_10,4844.607,-1,0.20899999999983265,BACKFILL_AUTO
2026-06-19 12:28:52,1781872132,R_10,4844.622,1,0.015000000000327418,BACKFILL_AUTO
2026-06-19 12:28:54,1781872134,R_10,4844.654,1,0.032000000000152795,BACKFILL_AUTO
2026-06-19 12:28:56,1781872136,R_10,4844.604,-1,0.0500000000001819,BACKFILL_AUTO
2026-06-19 12:28:58,1781872138,R_10,4844.518,-1,0.0860000000002401,BACKFILL_AUTO
2026-06-19 12:29:00,1781872140,R_10,4844.604,1,0.0860000000002401,BACKFILL_AUTO
2026-06-19 12:29:02,1781872142,R_10,4844.429,-1,0.1750000000001819,BACKFILL_AUTO
2026-06-19 12:29:04,1781872144,R_10,4844.547,1,0.11799999999948341,BACKFILL_AUTO
2026-06-19 12:29:06,1781872146,R_10,4844.584,1,0.037000000000261934,BACKFILL_AUTO
2026-06-19 12:29:08,1781872148,R_10,4844.502,-1,0.0819999999994252,BACKFILL_AUTO
2026-06-19 12:29:10,1781872150,R_10,4844.424,-1,0.07800000000042928,BACKFILL_AUTO
2026-06-19 12:29:12,1781872152,R_10,4844.314,-1,0.10999999999967258,BACKFILL_AUTO
2026-06-19 12:29:14,1781872154,R_10,4844.329,1,0.014999999999417923,BACKFILL_AUTO
2026-06-19 12:29:16,1781872156,R_10,4844.486,1,0.1570000000001528,BACKFILL_AUTO
2026-06-19 12:29:18,1781872158,R_10,4844.237,-1,0.24899999999979627,BACKFILL_AUTO
2026-06-19 12:29:20,1781872160,R_10,4844.238,1,0.0010000000002037268,BACKFILL_AUTO
2026-06-19 12:29:22,1781872162,R_10,4844.365,1,0.12699999999949796,BACKFILL_AUTO
2026-06-19 12:29:24,1781872164,R_10,4844.502,1,0.13700000000062573,BACKFILL_AUTO
2026-06-19 12:29:26,1781872166,R_10,4844.469,-1,0.03300000000035652,BACKFILL_AUTO
2026-06-19 12:29:28,1781872168,R_10,4844.393,-1,0.07600000000002183,BACKFILL_AUTO
2026-06-19 12:29:30,1781872170,R_10,4844.442,1,0.04899999999997817,BACKFILL_AUTO
2026-06-19 12:29:32,1781872172,R_10,4844.525,1,0.08299999999962893,BACKFILL_AUTO
2026-06-19 12:29:34,1781872174,R_10,4844.493,-1,0.0319999999992433,BACKFILL_AUTO
2026-06-19 12:29:36,1781872176,R_10,4844.291,-1,0.20200000000022555,BACKFILL_AUTO
2026-06-19 12:29:38,1781872178,R_10,4844.177,-1,0.11400000000048749,BACKFILL_AUTO
2026-06-19 12:29:40,1781872180,R_10,4844.105,-1,0.07200000000011642,BACKFILL_AUTO
2026-06-19 12:29:42,1781872182,R_10,4844.325,1,0.22000000000025466,BACKFILL_AUTO
2026-06-19 12:29:44,1781872184,R_10,4844.431,1,0.10599999999976717,BACKFILL_AUTO
2026-06-19 12:29:46,1781872186,R_10,4844.532,1,0.10100000000056752,BACKFILL_AUTO
2026-06-19 12:29:48,1781872188,R_10,4844.525,-1,0.007000000000516593,BACKFILL_AUTO
2026-06-19 12:29:50,1781872190,R_10,4844.434,-1,0.09099999999943975,BACKFILL_AUTO
2026-06-19 12:29:52,1781872192,R_10,4844.257,-1,0.17700000000058935,BACKFILL_AUTO
2026-06-19 12:29:54,1781872194,R_10,4844.153,-1,0.10399999999935972,BACKFILL_AUTO
2026-06-19 12:29:56,1781872196,R_10,4843.961,-1,0.19200000000000728,BACKFILL_AUTO
2026-06-19 12:29:58,1781872198,R_10,4843.931,-1,0.030000000000654836,BACKFILL_AUTO
2026-06-19 12:30:00,1781872200,R_10,4843.801,-1,0.12999999999919964,BACKFILL_AUTO
2026-06-19 12:30:02,1781872202,R_10,4843.726,-1,0.0750000000007276,BACKFILL_AUTO
2026-06-19 12:30:04,1781872204,R_10,4843.847,1,0.12100000000009459,BACKFILL_AUTO
2026-06-19 12:30:06,1781872206,R_10,4844.082,1,0.23500000000058208,BACKFILL_AUTO
2026-06-19 12:30:08,1781872208,R_10,4844.152,1,0.06999999999970896,BACKFILL_AUTO
2026-06-19 12:30:10,1781872210,R_10,4844.097,-1,0.05500000000029104,BACKFILL_AUTO
2026-06-19 12:30:12,1781872212,R_10,4844.22,1,0.12300000000050204,BACKFILL_AUTO
2026-06-19 12:30:14,1781872214,R_10,4844.363,1,0.1430000000000291,BACKFILL_AUTO
2026-06-19 12:30:16,1781872216,R_10,4844.27,-1,0.0929999999998472,BACKFILL_AUTO
2026-06-19 12:30:18,1781872218,R_10,4844.131,-1,0.1390000000001237,BACKFILL_AUTO
2026-06-19 12:30:20,1781872220,R_10,4844.188,1,0.056999999999789,BACKFILL_AUTO
2026-06-19 12:30:22,1781872222,R_10,4844.279,1,0.09100000000034925,BACKFILL_AUTO
2026-06-19 12:30:24,1781872224,R_10,4844.493,1,0.2139999999999418,BACKFILL_AUTO
2026-06-19 12:30:26,1781872226,R_10,4844.648,1,0.15499999999974534,BACKFILL_AUTO
2026-06-19 12:30:28,1781872228,R_10,4844.789,1,0.14099999999962165,BACKFILL_AUTO
2026-06-19 12:30:30,1781872230,R_10,4844.807,1,0.018000000000029104,BACKFILL_AUTO
2026-06-19 12:30:32,1781872232,R_10,4844.892,1,0.08500000000003638,BACKFILL_AUTO
2026-06-19 12:30:34,1781872234,R_10,4844.853,-1,0.03899999999975989,BACKFILL_AUTO
2026-06-19 12:30:36,1781872236,R_10,4844.878,1,0.024999999999636202,BACKFILL_AUTO
2026-06-19 12:30:38,1781872238,R_10,4844.809,-1,0.06899999999950523,BACKFILL_AUTO
2026-06-19 12:30:40,1781872240,R_10,4844.893,1,0.08399999999983265,BACKFILL_AUTO
2026-06-19 12:30:42,1781872242,R_10,4844.815,-1,0.07800000000042928,BACKFILL_AUTO
2026-06-19 12:30:44,1781872244,R_10,4844.772,-1,0.042999999999665306,BACKFILL_AUTO
2026-06-19 12:30:46,1781872246,R_10,4844.869,1,0.09699999999975262,BACKFILL_AUTO
2026-06-19 12:30:48,1781872248,R_10,4844.951,1,0.0820000000003347,BACKFILL_AUTO
2026-06-19 12:30:50,1781872250,R_10,4844.955,1,0.0039999999999054126,BACKFILL_AUTO
2026-06-19 12:30:52,1781872252,R_10,4845.018,1,0.06300000000010186,BACKFILL_AUTO
2026-06-19 12:30:54,1781872254,R_10,4845.094,1,0.07600000000002183,BACKFILL_AUTO
2026-06-19 12:30:56,1781872256,R_10,4845.366,1,0.2719999999999345,BACKFILL_AUTO
2026-06-19 12:30:58,1781872258,R_10,4845.311,-1,0.05500000000029104,BACKFILL_AUTO
2026-06-19 12:31:00,1781872260,R_10,4845.637,1,0.32600000000002183,BACKFILL_AUTO
2026-06-19 12:31:02,1781872262,R_10,4845.417,-1,0.21999999999934516,BACKFILL_AUTO
2026-06-19 12:31:04,1781872264,R_10,4845.345,-1,0.07200000000011642,BACKFILL_AUTO
2026-06-19 12:31:06,1781872266,R_10,4845.341,-1,0.0039999999999054126,BACKFILL_AUTO
2026-06-19 12:31:08,1781872268,R_10,4845.196,-1,0.14500000000043656,BACKFILL_AUTO
2026-06-19 12:31:10,1781872270,R_10,4845.245,1,0.04899999999997817,BACKFILL_AUTO
2026-06-19 12:31:12,1781872272,R_10,4845.301,1,0.056000000000494765,BACKFILL_AUTO
2026-06-19 12:31:14,1781872274,R_10,4845.312,1,0.01099999999951251,BACKFILL_AUTO
2026-06-19 12:31:16,1781872276,R_10,4845.167,-1,0.14499999999952706,BACKFILL_AUTO
2026-06-19 12:31:18,1781872278,R_10,4845.224,1,0.056999999999789,BACKFILL_AUTO
2026-06-19 12:31:20,1781872280,R_10,4845.326,1,0.10199999999986176,BACKFILL_AUTO
2026-06-19 12:31:22,1781872282,R_10,4845.43,1,0.10400000000026921,BACKFILL_AUTO
2026-06-19 12:31:24,1781872284,R_10,4845.412,-1,0.018000000000029104,BACKFILL_AUTO
2026-06-19 12:31:26,1781872286,R_10,4845.445,1,0.03299999999944703,BACKFILL_AUTO
2026-06-19 12:31:28,1781872288,R_10,4845.434,-1,0.01099999999951251,BACKFILL_AUTO
2026-06-19 12:31:30,1781872290,R_10,4845.247,-1,0.18699999999989814,BACKFILL_AUTO
2026-06-19 12:31:32,1781872292,R_10,4845.401,1,0.15399999999954161,BACKFILL_AUTO
2026-06-19 12:31:34,1781872294,R_10,4845.457,1,0.056000000000494765,BACKFILL_AUTO
2026-06-19 12:31:36,1781872296,R_10,4845.569,1,0.11200000000008004,BACKFILL_AUTO
2026-06-19 12:31:38,1781872298,R_10,4845.669,1,0.0999999999994543,BACKFILL_AUTO
2026-06-19 12:31:40,1781872300,R_10,4845.718,1,0.04899999999997817,BACKFILL_AUTO
2026-06-19 12:31:42,1781872302,R_10,4845.736,1,0.018000000000029104,BACKFILL_AUTO
2026-06-19 12:31:44,1781872304,R_10,4845.526,-1,0.21000000000003638,BACKFILL_AUTO
2026-06-19 12:31:46,1781872306,R_10,4845.704,1,0.17799999999988358,BACKFILL_AUTO
2026-06-19 12:31:48,1781872308,R_10,4845.754,1,0.0500000000001819,BACKFILL_AUTO
2026-06-19 12:31:50,1781872310,R_10,4845.7,-1,0.05400000000008731,BACKFILL_AUTO
2026-06-19 12:31:52,1781872312,R_10,4845.714,1,0.014000000000123691,BACKFILL_AUTO
2026-06-19 12:31:54,1781872314,R_10,4845.644,-1,0.06999999999970896,BACKFILL_AUTO
2026-06-19 12:31:56,1781872316,R_10,4845.581,-1,0.06300000000010186,BACKFILL_AUTO
2026-06-19 12:31:58,1781872318,R_10,4845.532,-1,0.04899999999997817,BACKFILL_AUTO
2026-06-19 12:32:00,1781872320,R_10,4845.483,-1,0.04899999999997817,BACKFILL_AUTO
2026-06-19 12:32:02,1781872322,R_10,4845.364,-1,0.11900000000059663,BACKFILL_AUTO
2026-06-19 12:32:04,1781872324,R_10,4845.33,-1,0.033999999999650754,BACKFILL_AUTO
2026-06-19 12:32:06,1781872326,R_10,4845.253,-1,0.07700000000022555,BACKFILL_AUTO
2026-06-19 12:32:08,1781872328,R_10,4845.128,-1,0.125,BACKFILL_AUTO
2026-06-19 12:32:10,1781872330,R_10,4845.039,-1,0.08899999999994179,BACKFILL_AUTO
2026-06-19 12:32:12,1781872332,R_10,4845.317,1,0.2780000000002474,BACKFILL_AUTO
2026-06-19 12:32:14,1781872334,R_10,4845.389,1,0.07200000000011642,BACKFILL_AUTO
2026-06-19 12:32:16,1781872336,R_10,4845.324,-1,0.06500000000050932,BACKFILL_AUTO
2026-06-19 12:32:18,1781872338,R_10,4845.127,-1,0.19699999999920692,BACKFILL_AUTO
2026-06-19 12:32:20,1781872340,R_10,4845.243,1,0.11599999999998545,BACKFILL_AUTO
2026-06-19 12:32:22,1781872342,R_10,4845.308,1,0.06499999999959982,BACKFILL_AUTO
2026-06-19 12:32:24,1781872344,R_10,4845.513,1,0.20499999999992724,BACKFILL_AUTO
2026-06-19 12:32:26,1781872346,R_10,4845.643,1,0.13000000000010914,BACKFILL_AUTO
2026-06-19 12:32:28,1781872348,R_10,4845.628,-1,0.015000000000327418,BACKFILL_AUTO
2026-06-19 12:32:30,1781872350,R_10,4845.74,1,0.11200000000008004,BACKFILL_AUTO
2026-06-19 12:32:32,1781872352,R_10,4845.726,-1,0.014000000000123691,BACKFILL_AUTO
2026-06-19 12:32:34,1781872354,R_10,4845.807,1,0.08100000000013097,BACKFILL_AUTO
2026-06-19 12:32:36,1781872356,R_10,4845.64,-1,0.16699999999946158,BACKFILL_AUTO
2026-06-19 12:32:38,1781872358,R_10,4845.888,1,0.24799999999959255,BACKFILL_AUTO
2026-06-19 12:32:40,1781872360,R_10,4845.909,1,0.02099999999973079,BACKFILL_AUTO
2026-06-19 12:32:42,1781872362,R_10,4845.91,1,0.0010000000002037268,BACKFILL_AUTO
2026-06-19 12:32:44,1781872364,R_10,4845.884,-1,0.02599999999983993,BACKFILL_AUTO
2026-06-19 12:32:46,1781872366,R_10,4845.814,-1,0.06999999999970896,BACKFILL_AUTO
2026-06-19 12:32:48,1781872368,R_10,4845.621,-1,0.193000000000211,BACKFILL_AUTO
2026-06-19 12:32:50,1781872370,R_10,4845.631,1,0.010000000000218279,BACKFILL_AUTO
2026-06-19 12:32:52,1781872372,R_10,4845.54,-1,0.09100000000034925,BACKFILL_AUTO
2026-06-19 12:32:54,1781872374,R_10,4845.31,-1,0.22999999999956344,BACKFILL_AUTO
2026-06-19 12:32:56,1781872376,R_10,4845.459,1,0.14899999999943248,BACKFILL_AUTO
2026-06-19 12:32:58,1781872378,R_10,4845.308,-1,0.15099999999983993,BACKFILL_AUTO
2026-06-19 12:33:00,1781872380,R_10,4845.184,-1,0.12399999999979627,BACKFILL_AUTO
2026-06-19 12:33:02,1781872382,R_10,4845.072,-1,0.11200000000008004,BACKFILL_AUTO
2026-06-19 12:33:04,1781872384,R_10,4844.982,-1,0.09000000000014552,BACKFILL_AUTO
2026-06-19 12:33:06,1781872386,R_10,4844.852,-1,0.13000000000010914,BACKFILL_AUTO
2026-06-19 12:33:08,1781872388,R_10,4844.83,-1,0.021999999999934516,BACKFILL_AUTO
2026-06-19 12:33:10,1781872390,R_10,4844.653,-1,0.17699999999967986,BACKFILL_AUTO
2026-06-19 12:33:12,1781872392,R_10,4844.643,-1,0.010000000000218279,BACKFILL_AUTO
2026-06-19 12:33:14,1781872394,R_10,4844.642,-1,0.0010000000002037268,BACKFILL_AUTO
2026-06-19 12:33:16,1781872396,R_10,4844.569,-1,0.07299999999941065,BACKFILL_AUTO
2026-06-19 12:33:18,1781872398,R_10,4844.481,-1,0.08800000000064756,BACKFILL_AUTO
2026-06-19 12:33:20,1781872400,R_10,4844.445,-1,0.03600000000005821,BACKFILL_AUTO
2026-06-19 12:33:22,1781872402,R_10,4844.513,1,0.068000000000211,BACKFILL_AUTO
2026-06-19 12:33:24,1781872404,R_10,4844.492,-1,0.02099999999973079,BACKFILL_AUTO
2026-06-19 12:33:26,1781872406,R_10,4844.299,-1,0.193000000000211,BACKFILL_AUTO
2026-06-19 12:33:28,1781872408,R_10,4844.173,-1,0.12600000000020373,BACKFILL_AUTO
2026-06-19 12:33:30,1781872410,R_10,4844.122,-1,0.05099999999947613,BACKFILL_AUTO
2026-06-19 12:33:32,1781872412,R_10,4844.096,-1,0.026000000000749424,BACKFILL_AUTO
2026-06-19 12:33:34,1781872414,R_10,4844.341,1,0.24500000000080036,BACKFILL_AUTO
2026-06-19 12:33:36,1781872416,R_10,4844.137,-1,0.204000000000633,BACKFILL_AUTO
2026-06-19 12:33:38,1781872418,R_10,4844.2,1,0.06300000000010186,BACKFILL_AUTO
2026-06-19 12:33:40,1781872420,R_10,4844.298,1,0.09799999999995634,BACKFILL_AUTO
2026-06-19 12:33:42,1781872422,R_10,4844.341,1,0.0430000000005748,BACKFILL_AUTO
2026-06-19 12:33:44,1781872424,R_10,4844.36,1,0.018999999999323336,BACKFILL_AUTO
2026-06-19 12:33:46,1781872426,R_10,4844.299,-1,0.06099999999969441,BACKFILL_AUTO
2026-06-19 12:33:48,1781872428,R_10,4844.279,-1,0.019999999999527063,BACKFILL_AUTO
2026-06-19 12:33:50,1781872430,R_10,4844.288,1,0.008999999999105057,BACKFILL_AUTO
2026-06-19 12:33:52,1781872432,R_10,4844.206,-1,0.0819999999994252,BACKFILL_AUTO
2026-06-19 12:33:54,1781872434,R_10,4844.206,0,0.0,BACKFILL_AUTO
2026-06-19 12:33:56,1781872436,R_10,4844.109,-1,0.09699999999975262,BACKFILL_AUTO
2026-06-19 12:33:58,1781872438,R_10,4844.077,-1,0.032000000000152795,BACKFILL_AUTO
2026-06-19 12:34:00,1781872440,R_10,4844.315,1,0.23799999999937427,BACKFILL_AUTO
2026-06-19 12:34:02,1781872442,R_10,4844.323,1,0.00800000000072032,BACKFILL_AUTO
2026-06-19 12:34:04,1781872444,R_10,4844.329,1,0.0059999999994033715,BACKFILL_AUTO
2026-06-19 12:34:06,1781872446,R_10,4844.128,-1,0.20100000000002183,BACKFILL_AUTO
2026-06-19 12:34:08,1781872448,R_10,4844.064,-1,0.0639999999993961,BACKFILL_AUTO
2026-06-19 12:34:10,1781872450,R_10,4844.023,-1,0.04100000000016735,BACKFILL_AUTO
2026-06-19 12:34:12,1781872452,R_10,4843.897,-1,0.12600000000020373,BACKFILL_AUTO
2026-06-19 12:34:14,1781872454,R_10,4843.595,-1,0.30199999999967986,BACKFILL_AUTO
2026-06-19 12:34:16,1781872456,R_10,4843.761,1,0.16600000000016735,BACKFILL_AUTO
2026-06-19 12:34:18,1781872458,R_10,4843.835,1,0.07399999999961437,BACKFILL_AUTO
2026-06-19 12:34:20,1781872460,R_10,4843.862,1,0.027000000000043656,BACKFILL_AUTO
2026-06-19 12:34:22,1781872462,R_10,4843.911,1,0.04899999999997817,BACKFILL_AUTO
2026-06-19 12:34:24,1781872464,R_10,4843.817,-1,0.09400000000005093,BACKFILL_AUTO
2026-06-19 12:34:26,1781872466,R_10,4844.003,1,0.1859999999996944,BACKFILL_AUTO
2026-06-19 12:34:28,1781872468,R_10,4843.957,-1,0.04599999999936699,BACKFILL_AUTO
2026-06-19 12:34:30,1781872470,R_10,4843.873,-1,0.08400000000074215,BACKFILL_AUTO
2026-06-19 12:34:32,1781872472,R_10,4843.836,-1,0.03699999999935244,BACKFILL_AUTO
2026-06-19 12:34:34,1781872474,R_10,4843.626,-1,0.21000000000003638,BACKFILL_AUTO
2026-06-19 12:34:36,1781872476,R_10,4843.675,1,0.04899999999997817,BACKFILL_AUTO
2026-06-19 12:34:38,1781872478,R_10,4843.562,-1,0.11300000000028376,BACKFILL_AUTO
2026-06-19 12:34:40,1781872480,R_10,4843.445,-1,0.11700000000018917,BACKFILL_AUTO
2026-06-19 12:34:42,1781872482,R_10,4843.325,-1,0.11999999999989086,BACKFILL_AUTO
2026-06-19 12:34:44,1781872484,R_10,4843.438,1,0.11300000000028376,BACKFILL_AUTO
2026-06-19 12:34:46,1781872486,R_10,4843.578,1,0.14000000000032742,BACKFILL_AUTO
2026-06-19 12:34:48,1781872488,R_10,4843.514,-1,0.06400000000030559,BACKFILL_AUTO
2026-06-19 12:34:50,1781872490,R_10,4843.504,-1,0.010000000000218279,BACKFILL_AUTO
2026-06-19 12:34:52,1781872492,R_10,4843.494,-1,0.010000000000218279,BACKFILL_AUTO
2026-06-19 12:34:54,1781872494,R_10,4843.526,1,0.032000000000152795,BACKFILL_AUTO
2026-06-19 12:34:56,1781872496,R_10,4843.647,1,0.12100000000009459,BACKFILL_AUTO
2026-06-19 12:34:58,1781872498,R_10,4843.774,1,0.12700000000040745,BACKFILL_AUTO
2026-06-19 12:35:00,1781872500,R_10,4843.61,-1,0.1640000000006694,BACKFILL_AUTO
2026-06-19 12:35:02,1781872502,R_10,4843.829,1,0.21900000000005093,BACKFILL_AUTO
2026-06-19 12:35:04,1781872504,R_10,4843.78,-1,0.04899999999997817,BACKFILL_AUTO
2026-06-19 12:35:06,1781872506,R_10,4843.695,-1,0.08500000000003638,BACKFILL_AUTO
2026-06-19 12:35:08,1781872508,R_10,4843.678,-1,0.016999999999825377,BACKFILL_AUTO
2026-06-19 12:35:10,1781872510,R_10,4843.552,-1,0.12600000000020373,BACKFILL_AUTO
2026-06-19 12:35:12,1781872512,R_10,4843.534,-1,0.018000000000029104,BACKFILL_AUTO
2026-06-19 12:35:14,1781872514,R_10,4843.504,-1,0.02999999999974534,BACKFILL_AUTO
2026-06-19 12:35:16,1781872516,R_10,4843.52,1,0.016000000000531145,BACKFILL_AUTO
2026-06-19 12:35:18,1781872518,R_10,4843.297,-1,0.22300000000086584,BACKFILL_AUTO
2026-06-19 12:35:20,1781872520,R_10,4843.238,-1,0.058999999999286956,BACKFILL_AUTO
2026-06-19 12:35:22,1781872522,R_10,4843.146,-1,0.09200000000055297,BACKFILL_AUTO
2026-06-19 12:35:24,1781872524,R_10,4843.385,1,0.2390000000004875,BACKFILL_AUTO
2026-06-19 12:35:26,1781872526,R_10,4843.204,-1,0.18100000000049477,BACKFILL_AUTO
2026-06-19 12:35:28,1781872528,R_10,4843.251,1,0.04700000000048021,BACKFILL_AUTO
2026-06-19 12:35:30,1781872530,R_10,4843.038,-1,0.21300000000064756,BACKFILL_AUTO
2026-06-19 12:35:32,1781872532,R_10,4842.891,-1,0.14699999999993452,BACKFILL_AUTO
2026-06-19 12:35:34,1781872534,R_10,4842.979,1,0.08800000000064756,BACKFILL_AUTO
2026-06-19 12:35:36,1781872536,R_10,4842.861,-1,0.1180000000003929,BACKFILL_AUTO
2026-06-19 12:35:38,1781872538,R_10,4843.053,1,0.19200000000000728,BACKFILL_AUTO
2026-06-19 12:35:40,1781872540,R_10,4842.879,-1,0.17399999999997817,BACKFILL_AUTO
2026-06-19 12:35:42,1781872542,R_10,4842.879,0,0.0,BACKFILL_AUTO
2026-06-19 12:35:44,1781872544,R_10,4842.823,-1,0.05599999999958527,BACKFILL_AUTO
2026-06-19 12:35:46,1781872546,R_10,4842.734,-1,0.08899999999994179,BACKFILL_AUTO
2026-06-19 12:35:48,1781872548,R_10,4842.874,1,0.13999999999941792,BACKFILL_AUTO
2026-06-19 12:35:50,1781872550,R_10,4842.833,-1,0.04100000000016735,BACKFILL_AUTO
2026-06-19 12:35:52,1781872552,R_10,4842.939,1,0.10600000000067666,BACKFILL_AUTO
2026-06-19 12:35:54,1781872554,R_10,4842.903,-1,0.03600000000005821,BACKFILL_AUTO
2026-06-19 12:35:56,1781872556,R_10,4842.824,-1,0.07900000000063301,BACKFILL_AUTO
2026-06-19 12:35:58,1781872558,R_10,4842.793,-1,0.03099999999994907,BACKFILL_AUTO
2026-06-19 12:36:00,1781872560,R_10,4842.819,1,0.026000000000749424,BACKFILL_AUTO
2026-06-19 12:36:02,1781872562,R_10,4842.813,-1,0.006000000000312866,BACKFILL_AUTO
2026-06-19 12:36:04,1781872564,R_10,4842.84,1,0.027000000000043656,BACKFILL_AUTO
2026-06-19 12:36:06,1781872566,R_10,4842.851,1,0.01099999999951251,BACKFILL_AUTO
2026-06-19 12:36:08,1781872568,R_10,4842.825,-1,0.02599999999983993,BACKFILL_AUTO
2026-06-19 12:36:10,1781872570,R_10,4842.86,1,0.03499999999985448,BACKFILL_AUTO
2026-06-19 12:36:12,1781872572,R_10,4842.745,-1,0.11499999999978172,BACKFILL_AUTO
2026-06-19 12:36:14,1781872574,R_10,4842.848,1,0.10300000000006548,BACKFILL_AUTO
2026-06-19 12:36:16,1781872576,R_10,4842.901,1,0.052999999999883585,BACKFILL_AUTO
2026-06-19 12:36:18,1781872578,R_10,4842.996,1,0.09500000000025466,BACKFILL_AUTO
2026-06-19 12:36:20,1781872580,R_10,4843.25,1,0.2539999999999054,BACKFILL_AUTO
2026-06-19 12:36:22,1781872582,R_10,4843.391,1,0.14099999999962165,BACKFILL_AUTO
2026-06-19 12:36:24,1781872584,R_10,4843.58,1,0.1890000000003056,BACKFILL_AUTO
2026-06-19 12:36:26,1781872586,R_10,4843.64,1,0.06000000000040018,BACKFILL_AUTO
2026-06-19 12:36:28,1781872588,R_10,4843.571,-1,0.06900000000041473,BACKFILL_AUTO
2026-06-19 12:36:30,1781872590,R_10,4843.454,-1,0.11700000000018917,BACKFILL_AUTO
2026-06-19 12:36:32,1781872592,R_10,4843.625,1,0.1710000000002765,BACKFILL_AUTO
2026-06-19 12:36:34,1781872594,R_10,4843.71,1,0.08500000000003638,BACKFILL_AUTO
2026-06-19 12:36:36,1781872596,R_10,4843.884,1,0.17399999999997817,BACKFILL_AUTO
2026-06-19 12:36:38,1781872598,R_10,4843.785,-1,0.09900000000016007,BACKFILL_AUTO
2026-06-19 12:36:40,1781872600,R_10,4843.918,1,0.13299999999981083,BACKFILL_AUTO
2026-06-19 12:36:42,1781872602,R_10,4843.83,-1,0.08799999999973807,BACKFILL_AUTO
2026-06-19 12:36:44,1781872604,R_10,4843.794,-1,0.03600000000005821,BACKFILL_AUTO
2026-06-19 12:36:46,1781872606,R_10,4843.819,1,0.025000000000545697,BACKFILL_AUTO
2026-06-19 12:36:48,1781872608,R_10,4843.905,1,0.08599999999933061,BACKFILL_AUTO
2026-06-19 12:36:50,1781872610,R_10,4843.584,-1,0.3209999999999127,BACKFILL_AUTO
2026-06-19 12:36:52,1781872612,R_10,4843.485,-1,0.09900000000016007,BACKFILL_AUTO
2026-06-19 12:36:54,1781872614,R_10,4843.609,1,0.12400000000070577,BACKFILL_AUTO
2026-06-19 12:36:56,1781872616,R_10,4843.521,-1,0.08800000000064756,BACKFILL_AUTO
2026-06-19 12:36:58,1781872618,R_10,4843.319,-1,0.20199999999931606,BACKFILL_AUTO
2026-06-19 12:37:00,1781872620,R_10,4843.059,-1,0.2600000000002183,BACKFILL_AUTO
2026-06-19 12:37:02,1781872622,R_10,4843.084,1,0.024999999999636202,BACKFILL_AUTO
2026-06-19 12:37:04,1781872624,R_10,4843.055,-1,0.028999999999541615,BACKFILL_AUTO
2026-06-19 12:37:06,1781872626,R_10,4842.995,-1,0.06000000000040018,BACKFILL_AUTO
2026-06-19 12:37:08,1781872628,R_10,4843.123,1,0.12799999999970169,BACKFILL_AUTO
2026-06-19 12:37:10,1781872630,R_10,4842.94,-1,0.18299999999999272,BACKFILL_AUTO
2026-06-19 12:37:12,1781872632,R_10,4843.036,1,0.09600000000045839,BACKFILL_AUTO
2026-06-19 12:37:14,1781872634,R_10,4843.159,1,0.12299999999959255,BACKFILL_AUTO
2026-06-19 12:37:16,1781872636,R_10,4843.238,1,0.07900000000063301,BACKFILL_AUTO
2026-06-19 12:37:18,1781872638,R_10,4843.301,1,0.06300000000010186,BACKFILL_AUTO
2026-06-19 12:37:20,1781872640,R_10,4843.127,-1,0.17399999999997817,BACKFILL_AUTO
2026-06-19 12:37:22,1781872642,R_10,4843.178,1,0.05099999999947613,BACKFILL_AUTO
2026-06-19 12:37:24,1781872644,R_10,4843.15,-1,0.028000000000247383,BACKFILL_AUTO
2026-06-19 12:37:26,1781872646,R_10,4843.333,1,0.18299999999999272,BACKFILL_AUTO
2026-06-19 12:37:28,1781872648,R_10,4843.303,-1,0.02999999999974534,BACKFILL_AUTO
2026-06-19 12:37:30,1781872650,R_10,4843.423,1,0.11999999999989086,BACKFILL_AUTO
2026-06-19 12:37:32,1781872652,R_10,4843.543,1,0.11999999999989086,BACKFILL_AUTO
2026-06-19 12:37:34,1781872654,R_10,4843.406,-1,0.13699999999971624,BACKFILL_AUTO
2026-06-19 12:37:36,1781872656,R_10,4843.602,1,0.1959999999999127,BACKFILL_AUTO
2026-06-19 12:37:38,1781872658,R_10,4843.518,-1,0.08399999999983265,BACKFILL_AUTO
2026-06-19 12:37:40,1781872660,R_10,4843.532,1,0.014000000000123691,BACKFILL_AUTO
2026-06-19 12:37:42,1781872662,R_10,4843.522,-1,0.010000000000218279,BACKFILL_AUTO
2026-06-19 12:37:44,1781872664,R_10,4843.442,-1,0.07999999999992724,BACKFILL_AUTO
2026-06-19 12:37:46,1781872666,R_10,4843.607,1,0.16499999999996362,BACKFILL_AUTO
2026-06-19 12:37:48,1781872668,R_10,4843.581,-1,0.02599999999983993,BACKFILL_AUTO
2026-06-19 12:37:50,1781872670,R_10,4843.831,1,0.25,BACKFILL_AUTO
2026-06-19 12:37:52,1781872672,R_10,4843.806,-1,0.025000000000545697,BACKFILL_AUTO
2026-06-19 12:37:54,1781872674,R_10,4843.699,-1,0.1069999999999709,BACKFILL_AUTO
2026-06-19 12:37:56,1781872676,R_10,4843.784,1,0.08500000000003638,BACKFILL_AUTO
2026-06-19 12:37:58,1781872678,R_10,4843.892,1,0.10800000000017462,BACKFILL_AUTO
2026-06-19 12:38:00,1781872680,R_10,4843.886,-1,0.0059999999994033715,BACKFILL_AUTO
2026-06-19 12:38:02,1781872682,R_10,4843.786,-1,0.1000000000003638,BACKFILL_AUTO
2026-06-19 12:38:04,1781872684,R_10,4843.846,1,0.05999999999949068,BACKFILL_AUTO
2026-06-19 12:38:06,1781872686,R_10,4843.676,-1,0.16999999999916326,BACKFILL_AUTO
2026-06-19 12:38:08,1781872688,R_10,4843.808,1,0.1319999999996071,BACKFILL_AUTO
2026-06-19 12:38:10,1781872690,R_10,4843.768,-1,0.03999999999996362,BACKFILL_AUTO
2026-06-19 12:38:12,1781872692,R_10,4843.623,-1,0.14500000000043656,BACKFILL_AUTO
2026-06-19 12:38:14,1781872694,R_10,4843.513,-1,0.10999999999967258,BACKFILL_AUTO
2026-06-19 12:38:16,1781872696,R_10,4843.443,-1,0.06999999999970896,BACKFILL_AUTO
2026-06-19 12:38:18,1781872698,R_10,4843.582,1,0.1390000000001237,BACKFILL_AUTO
2026-06-19 12:38:20,1781872700,R_10,4843.88,1,0.29799999999977445,BACKFILL_AUTO
2026-06-19 12:38:22,1781872702,R_10,4843.835,-1,0.04500000000007276,BACKFILL_AUTO
2026-06-19 12:38:24,1781872704,R_10,4843.708,-1,0.12700000000040745,BACKFILL_AUTO
2026-06-19 12:38:26,1781872706,R_10,4843.966,1,0.2580000000007203,BACKFILL_AUTO
2026-06-19 12:38:28,1781872708,R_10,4843.99,1,0.023999999999432475,BACKFILL_AUTO
2026-06-19 12:38:30,1781872710,R_10,4844.093,1,0.10300000000006548,BACKFILL_AUTO
2026-06-19 12:38:32,1781872712,R_10,4844.093,0,0.0,BACKFILL_AUTO
2026-06-19 12:38:34,1781872714,R_10,4844.124,1,0.03099999999994907,BACKFILL_AUTO
2026-06-19 12:38:36,1781872716,R_10,4844.06,-1,0.0639999999993961,BACKFILL_AUTO
2026-06-19 12:38:38,1781872718,R_10,4844.11,1,0.049999999999272404,BACKFILL_AUTO
2026-06-19 12:38:40,1781872720,R_10,4844.138,1,0.028000000000247383,BACKFILL_AUTO
2026-06-19 12:38:42,1781872722,R_10,4844.112,-1,0.02599999999983993,BACKFILL_AUTO
2026-06-19 12:38:44,1781872724,R_10,4844.263,1,0.15099999999983993,BACKFILL_AUTO
2026-06-19 12:38:46,1781872726,R_10,4844.333,1,0.06999999999970896,BACKFILL_AUTO
2026-06-19 12:38:48,1781872728,R_10,4844.244,-1,0.08899999999994179,BACKFILL_AUTO
2026-06-19 12:38:50,1781872730,R_10,4844.014,-1,0.22999999999956344,BACKFILL_AUTO
2026-06-19 12:38:52,1781872732,R_10,4844.036,1,0.021999999999934516,BACKFILL_AUTO
2026-06-19 12:38:54,1781872734,R_10,4843.682,-1,0.3540000000002692,BACKFILL_AUTO
2026-06-19 12:38:56,1781872736,R_10,4843.504,-1,0.17799999999988358,BACKFILL_AUTO
2026-06-19 12:38:58,1781872738,R_10,4843.232,-1,0.2719999999999345,BACKFILL_AUTO
2026-06-19 12:39:00,1781872740,R_10,4843.216,-1,0.01599999999962165,BACKFILL_AUTO
2026-06-19 12:39:02,1781872742,R_10,4843.212,-1,0.0039999999999054126,BACKFILL_AUTO
2026-06-19 12:39:04,1781872744,R_10,4843.377,1,0.16499999999996362,BACKFILL_AUTO
2026-06-19 12:39:06,1781872746,R_10,4843.371,-1,0.006000000000312866,BACKFILL_AUTO
2026-06-19 12:39:08,1781872748,R_10,4843.507,1,0.1359999999995125,BACKFILL_AUTO
2026-06-19 12:39:10,1781872750,R_10,4843.53,1,0.023000000000138243,BACKFILL_AUTO
2026-06-19 12:39:12,1781872752,R_10,4843.555,1,0.025000000000545697,BACKFILL_AUTO
2026-06-19 12:39:14,1781872754,R_10,4843.649,1,0.09400000000005093,BACKFILL_AUTO
2026-06-19 12:39:16,1781872756,R_10,4843.566,-1,0.08300000000053842,BACKFILL_AUTO
2026-06-19 12:39:18,1781872758,R_10,4843.556,-1,0.010000000000218279,BACKFILL_AUTO
2026-06-19 12:39:20,1781872760,R_10,4843.378,-1,0.17799999999988358,BACKFILL_AUTO
2026-06-19 12:39:22,1781872762,R_10,4843.386,1,0.00800000000072032,BACKFILL_AUTO
2026-06-19 12:39:24,1781872764,R_10,4843.52,1,0.13400000000001455,BACKFILL_AUTO
2026-06-19 12:39:26,1781872766,R_10,4843.439,-1,0.08100000000013097,BACKFILL_AUTO
2026-06-19 12:39:28,1781872768,R_10,4843.542,1,0.10300000000006548,BACKFILL_AUTO
2026-06-19 12:39:30,1781872770,R_10,4843.751,1,0.20899999999983265,BACKFILL_AUTO
2026-06-19 12:39:32,1781872772,R_10,4843.816,1,0.06499999999959982,BACKFILL_AUTO
2026-06-19 12:39:34,1781872774,R_10,4843.849,1,0.03300000000035652,BACKFILL_AUTO
2026-06-19 12:39:36,1781872776,R_10,4843.869,1,0.019999999999527063,BACKFILL_AUTO
2026-06-19 12:39:38,1781872778,R_10,4843.807,-1,0.06199999999989814,BACKFILL_AUTO
2026-06-19 12:39:40,1781872780,R_10,4843.861,1,0.05400000000008731,BACKFILL_AUTO
2026-06-19 12:39:42,1781872782,R_10,4843.85,-1,0.01099999999951251,BACKFILL_AUTO
2026-06-19 12:39:44,1781872784,R_10,4844.055,1,0.20499999999992724,BACKFILL_AUTO
2026-06-19 12:39:46,1781872786,R_10,4844.108,1,0.052999999999883585,BACKFILL_AUTO
2026-06-19 12:39:48,1781872788,R_10,4844.087,-1,0.02099999999973079,BACKFILL_AUTO
2026-06-19 12:39:50,1781872790,R_10,4844.087,0,0.0,BACKFILL_AUTO
2026-06-19 12:39:52,1781872792,R_10,4843.996,-1,0.09100000000034925,BACKFILL_AUTO
2026-06-19 12:39:54,1781872794,R_10,4843.985,-1,0.011000000000422006,BACKFILL_AUTO
2026-06-19 12:39:56,1781872796,R_10,4843.897,-1,0.08799999999973807,BACKFILL_AUTO
2026-06-19 12:39:58,1781872798,R_10,4844.033,1,0.136000000000422,BACKFILL_AUTO
2026-06-19 12:40:00,1781872800,R_10,4844.071,1,0.03799999999955617,BACKFILL_AUTO
2026-06-19 12:40:02,1781872802,R_10,4844.244,1,0.17299999999977445,BACKFILL_AUTO
2026-06-19 12:40:04,1781872804,R_10,4844.311,1,0.06700000000000728,BACKFILL_AUTO
2026-06-19 12:40:06,1781872806,R_10,4844.389,1,0.07800000000042928,BACKFILL_AUTO
2026-06-19 12:40:08,1781872808,R_10,4844.577,1,0.18800000000010186,BACKFILL_AUTO
2026-06-19 12:40:10,1781872810,R_10,4844.656,1,0.07899999999972351,BACKFILL_AUTO
2026-06-19 12:40:12,1781872812,R_10,4844.571,-1,0.08500000000003638,BACKFILL_AUTO
2026-06-19 12:40:14,1781872814,R_10,4844.309,-1,0.26199999999971624,BACKFILL_AUTO
2026-06-19 12:40:16,1781872816,R_10,4844.38,1,0.07099999999991269,BACKFILL_AUTO
2026-06-19 12:40:18,1781872818,R_10,4844.316,-1,0.06400000000030559,BACKFILL_AUTO
2026-06-19 12:40:20,1781872820,R_10,4844.326,1,0.010000000000218279,BACKFILL_AUTO
2026-06-19 12:40:22,1781872822,R_10,4844.003,-1,0.32300000000032014,BACKFILL_AUTO
2026-06-19 12:40:24,1781872824,R_10,4843.729,-1,0.2739999999994325,BACKFILL_AUTO
2026-06-19 12:40:26,1781872826,R_10,4843.707,-1,0.021999999999934516,BACKFILL_AUTO
2026-06-19 12:40:28,1781872828,R_10,4843.841,1,0.13400000000001455,BACKFILL_AUTO
2026-06-19 12:40:30,1781872830,R_10,4843.777,-1,0.06400000000030559,BACKFILL_AUTO
2026-06-19 12:40:32,1781872832,R_10,4843.87,1,0.0929999999998472,BACKFILL_AUTO
2026-06-19 12:40:34,1781872834,R_10,4843.777,-1,0.0929999999998472,BACKFILL_AUTO
2026-06-19 12:40:36,1781872836,R_10,4843.869,1,0.09199999999964348,BACKFILL_AUTO
2026-06-19 12:40:38,1781872838,R_10,4843.863,-1,0.0059999999994033715,BACKFILL_AUTO
2026-06-19 12:40:40,1781872840,R_10,4843.778,-1,0.08500000000003638,BACKFILL_AUTO
2026-06-19 12:40:42,1781872842,R_10,4843.686,-1,0.09200000000055297,BACKFILL_AUTO
2026-06-19 12:40:44,1781872844,R_10,4843.882,1,0.1959999999999127,BACKFILL_AUTO
2026-06-19 12:40:46,1781872846,R_10,4844.13,1,0.24800000000050204,BACKFILL_AUTO
2026-06-19 12:40:48,1781872848,R_10,4844.224,1,0.09400000000005093,BACKFILL_AUTO
2026-06-19 12:40:50,1781872850,R_10,4844.308,1,0.08399999999983265,BACKFILL_AUTO
2026-06-19 12:40:52,1781872852,R_10,4844.321,1,0.012999999999919964,BACKFILL_AUTO
2026-06-19 12:40:54,1781872854,R_10,4844.302,-1,0.01900000000023283,BACKFILL_AUTO
2026-06-19 12:40:56,1781872856,R_10,4844.22,-1,0.0819999999994252,BACKFILL_AUTO
2026-06-19 12:40:58,1781872858,R_10,4844.07,-1,0.1500000000005457,BACKFILL_AUTO
2026-06-19 12:41:00,1781872860,R_10,4844.109,1,0.03900000000066939,BACKFILL_AUTO
2026-06-19 12:41:02,1781872862,R_10,4844.256,1,0.14699999999993452,BACKFILL_AUTO
2026-06-19 12:41:04,1781872864,R_10,4844.441,1,0.18499999999949068,BACKFILL_AUTO
2026-06-19 12:41:06,1781872866,R_10,4844.493,1,0.05200000000058935,BACKFILL_AUTO
2026-06-19 12:41:08,1781872868,R_10,4844.603,1,0.10999999999967258,BACKFILL_AUTO
2026-06-19 12:41:10,1781872870,R_10,4844.738,1,0.13500000000021828,BACKFILL_AUTO
2026-06-19 12:41:12,1781872872,R_10,4844.666,-1,0.07200000000011642,BACKFILL_AUTO
2026-06-19 12:41:14,1781872874,R_10,4844.702,1,0.03600000000005821,BACKFILL_AUTO
2026-06-19 12:41:16,1781872876,R_10,4844.866,1,0.1639999999997599,BACKFILL_AUTO
2026-06-19 12:41:18,1781872878,R_10,4844.83,-1,0.03600000000005821,BACKFILL_AUTO
2026-06-19 12:41:20,1781872880,R_10,4844.827,-1,0.0029999999997016857,BACKFILL_AUTO
2026-06-19 12:41:22,1781872882,R_10,4844.516,-1,0.3110000000006039,BACKFILL_AUTO
2026-06-19 12:41:24,1781872884,R_10,4844.544,1,0.028000000000247383,BACKFILL_AUTO
2026-06-19 12:41:26,1781872886,R_10,4844.545,1,0.0010000000002037268,BACKFILL_AUTO
2026-06-19 12:41:28,1781872888,R_10,4844.516,-1,0.02900000000045111,BACKFILL_AUTO
2026-06-19 12:41:30,1781872890,R_10,4844.69,1,0.17399999999997817,BACKFILL_AUTO
2026-06-19 12:41:32,1781872892,R_10,4844.694,1,0.004000000000814907,BACKFILL_AUTO
2026-06-19 12:41:34,1781872894,R_10,4844.71,1,0.01599999999962165,BACKFILL_AUTO
2026-06-19 12:41:36,1781872896,R_10,4844.647,-1,0.06300000000010186,BACKFILL_AUTO
2026-06-19 12:41:38,1781872898,R_10,4844.745,1,0.09799999999995634,BACKFILL_AUTO
2026-06-19 12:41:40,1781872900,R_10,4844.65,-1,0.09500000000025466,BACKFILL_AUTO
2026-06-19 12:41:42,1781872902,R_10,4844.562,-1,0.08799999999973807,BACKFILL_AUTO
2026-06-19 12:41:44,1781872904,R_10,4844.548,-1,0.014000000000123691,BACKFILL_AUTO
2026-06-19 12:41:46,1781872906,R_10,4844.494,-1,0.05400000000008731,BACKFILL_AUTO
2026-06-19 12:41:48,1781872908,R_10,4844.218,-1,0.27599999999983993,BACKFILL_AUTO
2026-06-19 12:41:50,1781872910,R_10,4844.195,-1,0.023000000000138243,BACKFILL_AUTO
2026-06-19 12:41:52,1781872912,R_10,4844.088,-1,0.1069999999999709,BACKFILL_AUTO
2026-06-19 12:41:54,1781872914,R_10,4844.115,1,0.027000000000043656,BACKFILL_AUTO
2026-06-19 12:41:56,1781872916,R_10,4844.322,1,0.2070000000003347,BACKFILL_AUTO
2026-06-19 12:41:58,1781872918,R_10,4844.365,1,0.042999999999665306,BACKFILL_AUTO
2026-06-19 12:42:00,1781872920,R_10,4844.374,1,0.009000000000014552,BACKFILL_AUTO
2026-06-19 12:42:02,1781872922,R_10,4844.334,-1,0.03999999999996362,BACKFILL_AUTO
2026-06-19 12:42:04,1781872924,R_10,4844.37,1,0.03600000000005821,BACKFILL_AUTO
2026-06-19 12:42:06,1781872926,R_10,4844.437,1,0.06700000000000728,BACKFILL_AUTO
2026-06-19 12:42:08,1781872928,R_10,4844.193,-1,0.24399999999968713,BACKFILL_AUTO
2026-06-19 12:42:10,1781872930,R_10,4844.14,-1,0.052999999999883585,BACKFILL_AUTO
2026-06-19 12:42:12,1781872932,R_10,4844.072,-1,0.068000000000211,BACKFILL_AUTO
2026-06-19 12:42:14,1781872934,R_10,4843.888,-1,0.18400000000019645,BACKFILL_AUTO
2026-06-19 12:42:16,1781872936,R_10,4843.911,1,0.023000000000138243,BACKFILL_AUTO
2026-06-19 12:42:18,1781872938,R_10,4843.821,-1,0.09000000000014552,BACKFILL_AUTO
2026-06-19 12:42:20,1781872940,R_10,4843.731,-1,0.09000000000014552,BACKFILL_AUTO
2026-06-19 12:42:22,1781872942,R_10,4843.777,1,0.046000000000276486,BACKFILL_AUTO
2026-06-19 12:42:24,1781872944,R_10,4843.784,1,0.006999999999607098,BACKFILL_AUTO
2026-06-19 12:42:26,1781872946,R_10,4843.679,-1,0.10499999999956344,BACKFILL_AUTO
2026-06-19 12:42:28,1781872948,R_10,4843.797,1,0.11799999999948341,BACKFILL_AUTO
2026-06-19 12:42:30,1781872950,R_10,4843.737,-1,0.05999999999949068,BACKFILL_AUTO
2026-06-19 12:42:32,1781872952,R_10,4843.723,-1,0.014000000000123691,BACKFILL_AUTO
2026-06-19 12:42:34,1781872954,R_10,4843.969,1,0.2460000000000946,BACKFILL_AUTO
2026-06-19 12:42:36,1781872956,R_10,4844.086,1,0.11700000000018917,BACKFILL_AUTO
2026-06-19 12:42:38,1781872958,R_10,4843.909,-1,0.17700000000058935,BACKFILL_AUTO
2026-06-19 12:42:40,1781872960,R_10,4843.859,-1,0.049999999999272404,BACKFILL_AUTO
2026-06-19 12:42:42,1781872962,R_10,4843.807,-1,0.05200000000058935,BACKFILL_AUTO
2026-06-19 12:42:44,1781872964,R_10,4843.609,-1,0.19799999999941065,BACKFILL_AUTO
2026-06-19 12:42:46,1781872966,R_10,4843.596,-1,0.01300000000082946,BACKFILL_AUTO
2026-06-19 12:42:48,1781872968,R_10,4843.64,1,0.04400000000077853,BACKFILL_AUTO
2026-06-19 12:42:50,1781872970,R_10,4843.707,1,0.06700000000000728,BACKFILL_AUTO
2026-06-19 12:42:52,1781872972,R_10,4843.617,-1,0.09000000000014552,BACKFILL_AUTO
2026-06-19 12:42:54,1781872974,R_10,4843.805,1,0.18800000000010186,BACKFILL_AUTO
2026-06-19 12:42:56,1781872976,R_10,4843.909,1,0.10399999999935972,BACKFILL_AUTO
2026-06-19 12:42:58,1781872978,R_10,4843.95,1,0.04100000000016735,BACKFILL_AUTO
2026-06-19 12:43:00,1781872980,R_10,4843.825,-1,0.125,BACKFILL_AUTO
2026-06-19 12:43:02,1781872982,R_10,4843.836,1,0.011000000000422006,BACKFILL_AUTO
2026-06-19 12:43:04,1781872984,R_10,4843.741,-1,0.09500000000025466,BACKFILL_AUTO
2026-06-19 12:43:06,1781872986,R_10,4843.606,-1,0.13500000000021828,BACKFILL_AUTO
2026-06-19 12:43:08,1781872988,R_10,4843.636,1,0.030000000000654836,BACKFILL_AUTO
2026-06-19 12:43:10,1781872990,R_10,4843.509,-1,0.12700000000040745,BACKFILL_AUTO
2026-06-19 12:43:12,1781872992,R_10,4843.552,1,0.042999999999665306,BACKFILL_AUTO
2026-06-19 12:43:14,1781872994,R_10,4843.443,-1,0.10899999999946886,BACKFILL_AUTO
2026-06-19 12:43:16,1781872996,R_10,4843.361,-1,0.0820000000003347,BACKFILL_AUTO
2026-06-19 12:43:18,1781872998,R_10,4843.287,-1,0.07399999999961437,BACKFILL_AUTO
2026-06-19 12:43:20,1781873000,R_10,4843.386,1,0.09900000000016007,BACKFILL_AUTO
2026-06-19 12:43:22,1781873002,R_10,4843.275,-1,0.1110000000007858,BACKFILL_AUTO
2026-06-19 12:43:24,1781873004,R_10,4843.377,1,0.10200000000077125,BACKFILL_AUTO
2026-06-19 12:43:26,1781873006,R_10,4843.381,1,0.0039999999999054126,BACKFILL_AUTO
2026-06-19 12:43:28,1781873008,R_10,4843.562,1,0.18099999999958527,BACKFILL_AUTO
2026-06-19 12:43:30,1781873010,R_10,4843.628,1,0.06599999999980355,BACKFILL_AUTO
2026-06-19 12:43:32,1781873012,R_10,4843.583,-1,0.04500000000007276,BACKFILL_AUTO
2026-06-19 12:43:34,1781873014,R_10,4843.642,1,0.05900000000019645,BACKFILL_AUTO
2026-06-19 12:43:36,1781873016,R_10,4843.482,-1,0.15999999999985448,BACKFILL_AUTO
2026-06-19 12:43:38,1781873018,R_10,4843.442,-1,0.03999999999996362,BACKFILL_AUTO
2026-06-19 12:43:40,1781873020,R_10,4843.475,1,0.03300000000035652,BACKFILL_AUTO
2026-06-19 12:43:42,1781873022,R_10,4843.525,1,0.049999999999272404,BACKFILL_AUTO
2026-06-19 12:43:44,1781873024,R_10,4843.394,-1,0.13099999999940337,BACKFILL_AUTO
2026-06-19 12:43:46,1781873026,R_10,4843.367,-1,0.027000000000043656,BACKFILL_AUTO
2026-06-19 12:43:48,1781873028,R_10,4843.548,1,0.18099999999958527,BACKFILL_AUTO
2026-06-19 12:43:50,1781873030,R_10,4843.725,1,0.17700000000058935,BACKFILL_AUTO
2026-06-19 12:43:52,1781873032,R_10,4843.539,-1,0.1860000000006039,BACKFILL_AUTO
2026-06-19 12:43:54,1781873034,R_10,4843.257,-1,0.2820000000001528,BACKFILL_AUTO
2026-06-19 12:43:56,1781873036,R_10,4843.424,1,0.16700000000037107,BACKFILL_AUTO
2026-06-19 12:43:58,1781873038,R_10,4843.35,-1,0.07399999999961437,BACKFILL_AUTO
2026-06-19 12:44:00,1781873040,R_10,4843.477,1,0.12699999999949796,BACKFILL_AUTO
2026-06-19 12:44:02,1781873042,R_10,4843.499,1,0.021999999999934516,BACKFILL_AUTO
2026-06-19 12:44:04,1781873044,R_10,4843.346,-1,0.15300000000024738,BACKFILL_AUTO
2026-06-19 12:44:06,1781873046,R_10,4843.495,1,0.14900000000034197,BACKFILL_AUTO
2026-06-19 12:44:08,1781873048,R_10,4843.536,1,0.04100000000016735,BACKFILL_AUTO
2026-06-19 12:44:10,1781873050,R_10,4843.612,1,0.07600000000002183,BACKFILL_AUTO
2026-06-19 12:44:12,1781873052,R_10,4843.586,-1,0.02599999999983993,BACKFILL_AUTO
2026-06-19 12:44:14,1781873054,R_10,4843.488,-1,0.09799999999995634,BACKFILL_AUTO
2026-06-19 12:44:16,1781873056,R_10,4843.5,1,0.011999999999716238,BACKFILL_AUTO
2026-06-19 12:44:18,1781873058,R_10,4843.498,-1,0.0020000000004074536,BACKFILL_AUTO
2026-06-19 12:44:20,1781873060,R_10,4843.655,1,0.1570000000001528,BACKFILL_AUTO
2026-06-19 12:44:22,1781873062,R_10,4843.561,-1,0.09400000000005093,BACKFILL_AUTO
2026-06-19 12:44:24,1781873064,R_10,4843.551,-1,0.009999999999308784,BACKFILL_AUTO
2026-06-19 12:44:26,1781873066,R_10,4843.46,-1,0.09100000000034925,BACKFILL_AUTO
2026-06-19 12:44:28,1781873068,R_10,4843.545,1,0.08500000000003638,BACKFILL_AUTO
2026-06-19 12:44:30,1781873070,R_10,4843.596,1,0.05099999999947613,BACKFILL_AUTO
2026-06-19 12:44:32,1781873072,R_10,4843.651,1,0.05500000000029104,BACKFILL_AUTO
2026-06-19 12:44:34,1781873074,R_10,4843.858,1,0.2070000000003347,BACKFILL_AUTO
2026-06-19 12:44:36,1781873076,R_10,4843.821,-1,0.037000000000261934,BACKFILL_AUTO
2026-06-19 12:44:38,1781873078,R_10,4843.91,1,0.08899999999994179,BACKFILL_AUTO
2026-06-19 12:44:40,1781873080,R_10,4843.598,-1,0.31199999999989814,BACKFILL_AUTO
2026-06-19 12:44:42,1781873082,R_10,4843.431,-1,0.16700000000037107,BACKFILL_AUTO
2026-06-19 12:44:44,1781873084,R_10,4843.55,1,0.11900000000059663,BACKFILL_AUTO
2026-06-19 12:44:46,1781873086,R_10,4843.671,1,0.12100000000009459,BACKFILL_AUTO
2026-06-19 12:44:48,1781873088,R_10,4843.524,-1,0.14699999999993452,BACKFILL_AUTO
2026-06-19 12:44:50,1781873090,R_10,4843.519,-1,0.005000000000109139,BACKFILL_AUTO
2026-06-19 12:44:52,1781873092,R_10,4843.63,1,0.11099999999987631,BACKFILL_AUTO
2026-06-19 12:44:54,1781873094,R_10,4843.385,-1,0.24499999999989086,BACKFILL_AUTO
2026-06-19 12:44:56,1781873096,R_10,4843.277,-1,0.10800000000017462,BACKFILL_AUTO
2026-06-19 12:44:58,1781873098,R_10,4843.446,1,0.16899999999986903,BACKFILL_AUTO
2026-06-19 12:45:00,1781873100,R_10,4843.411,-1,0.03499999999985448,BACKFILL_AUTO
2026-06-19 12:45:02,1781873102,R_10,4843.649,1,0.23800000000028376,BACKFILL_AUTO
2026-06-19 12:45:04,1781873104,R_10,4843.522,-1,0.12700000000040745,BACKFILL_AUTO
2026-06-19 12:45:06,1781873106,R_10,4843.51,-1,0.011999999999716238,BACKFILL_AUTO
2026-06-19 12:45:08,1781873108,R_10,4843.516,1,0.0059999999994033715,BACKFILL_AUTO
2026-06-19 12:45:10,1781873110,R_10,4843.534,1,0.018000000000029104,BACKFILL_AUTO
2026-06-19 12:45:12,1781873112,R_10,4843.653,1,0.11900000000059663,BACKFILL_AUTO
2026-06-19 12:45:14,1781873114,R_10,4843.703,1,0.0500000000001819,BACKFILL_AUTO
2026-06-19 12:45:16,1781873116,R_10,4843.728,1,0.024999999999636202,BACKFILL_AUTO
2026-06-19 12:45:18,1781873118,R_10,4843.855,1,0.12699999999949796,BACKFILL_AUTO
2026-06-19 12:45:20,1781873120,R_10,4843.916,1,0.061000000000603904,BACKFILL_AUTO
2026-06-19 12:45:22,1781873122,R_10,4844.007,1,0.09099999999943975,BACKFILL_AUTO
2026-06-19 12:45:24,1781873124,R_10,4844.047,1,0.03999999999996362,BACKFILL_AUTO
2026-06-19 12:45:26,1781873126,R_10,4844.282,1,0.23500000000058208,BACKFILL_AUTO
2026-06-19 12:45:28,1781873128,R_10,4844.409,1,0.12699999999949796,BACKFILL_AUTO
2026-06-19 12:45:30,1781873130,R_10,4844.302,-1,0.1069999999999709,BACKFILL_AUTO
2026-06-19 12:45:32,1781873132,R_10,4844.508,1,0.20600000000013097,BACKFILL_AUTO
2026-06-19 12:45:34,1781873134,R_10,4844.358,-1,0.1499999999996362,BACKFILL_AUTO
2026-06-19 12:45:36,1781873136,R_10,4844.38,1,0.021999999999934516,BACKFILL_AUTO
2026-06-19 12:45:38,1781873138,R_10,4844.423,1,0.042999999999665306,BACKFILL_AUTO
2026-06-19 12:45:40,1781873140,R_10,4844.365,-1,0.057999999999992724,BACKFILL_AUTO
2026-06-19 12:45:42,1781873142,R_10,4844.27,-1,0.09499999999934516,BACKFILL_AUTO
2026-06-19 12:45:44,1781873144,R_10,4844.114,-1,0.15600000000085856,BACKFILL_AUTO
2026-06-19 12:45:46,1781873146,R_10,4843.911,-1,0.2029999999995198,BACKFILL_AUTO
2026-06-19 12:45:48,1781873148,R_10,4844.047,1,0.1359999999995125,BACKFILL_AUTO
2026-06-19 12:45:50,1781873150,R_10,4843.894,-1,0.1529999999993379,BACKFILL_AUTO
2026-06-19 12:45:52,1781873152,R_10,4843.703,-1,0.19099999999980355,BACKFILL_AUTO
2026-06-19 12:45:54,1781873154,R_10,4843.776,1,0.07299999999941065,BACKFILL_AUTO
2026-06-19 12:45:56,1781873156,R_10,4843.76,-1,0.01599999999962165,BACKFILL_AUTO
2026-06-19 12:45:58,1781873158,R_10,4843.501,-1,0.25900000000001455,BACKFILL_AUTO
2026-06-19 12:46:00,1781873160,R_10,4843.652,1,0.15099999999983993,BACKFILL_AUTO
2026-06-19 12:46:02,1781873162,R_10,4843.584,-1,0.068000000000211,BACKFILL_AUTO
2026-06-19 12:46:04,1781873164,R_10,4843.485,-1,0.09900000000016007,BACKFILL_AUTO
2026-06-19 12:46:06,1781873166,R_10,4843.339,-1,0.1459999999997308,BACKFILL_AUTO
2026-06-19 12:46:08,1781873168,R_10,4843.355,1,0.01599999999962165,BACKFILL_AUTO
2026-06-19 12:46:10,1781873170,R_10,4843.472,1,0.11700000000018917,BACKFILL_AUTO
2026-06-19 12:46:12,1781873172,R_10,4843.433,-1,0.03899999999975989,BACKFILL_AUTO
2026-06-19 12:46:14,1781873174,R_10,4843.294,-1,0.1390000000001237,BACKFILL_AUTO
2026-06-19 12:46:16,1781873176,R_10,4843.197,-1,0.09699999999975262,BACKFILL_AUTO
2026-06-19 12:46:18,1781873178,R_10,4843.385,1,0.18800000000010186,BACKFILL_AUTO
2026-06-19 12:46:20,1781873180,R_10,4843.28,-1,0.10500000000047294,BACKFILL_AUTO
2026-06-19 12:46:22,1781873182,R_10,4843.179,-1,0.10099999999965803,BACKFILL_AUTO
2026-06-19 12:46:24,1781873184,R_10,4843.087,-1,0.09199999999964348,BACKFILL_AUTO
2026-06-19 12:46:26,1781873186,R_10,4842.983,-1,0.10400000000026921,BACKFILL_AUTO
2026-06-19 12:46:28,1781873188,R_10,4843.101,1,0.11799999999948341,BACKFILL_AUTO
2026-06-19 12:46:30,1781873190,R_10,4843.022,-1,0.07899999999972351,BACKFILL_AUTO
2026-06-19 12:46:32,1781873192,R_10,4843.06,1,0.03800000000046566,BACKFILL_AUTO
2026-06-19 12:46:34,1781873194,R_10,4842.994,-1,0.06600000000071304,BACKFILL_AUTO
2026-06-19 12:46:36,1781873196,R_10,4843.131,1,0.13700000000062573,BACKFILL_AUTO
2026-06-19 12:46:38,1781873198,R_10,4842.938,-1,0.193000000000211,BACKFILL_AUTO
2026-06-19 12:46:40,1781873200,R_10,4843.127,1,0.1890000000003056,BACKFILL_AUTO
2026-06-19 12:46:42,1781873202,R_10,4843.198,1,0.07099999999991269,BACKFILL_AUTO
2026-06-19 12:46:44,1781873204,R_10,4843.292,1,0.09400000000005093,BACKFILL_AUTO
2026-06-19 12:46:46,1781873206,R_10,4843.264,-1,0.028000000000247383,BACKFILL_AUTO
2026-06-19 12:46:48,1781873208,R_10,4843.376,1,0.11200000000008004,BACKFILL_AUTO
2026-06-19 12:46:50,1781873210,R_10,4843.513,1,0.13699999999971624,BACKFILL_AUTO
2026-06-19 12:46:52,1781873212,R_10,4843.393,-1,0.11999999999989086,BACKFILL_AUTO
2026-06-19 12:46:54,1781873214,R_10,4843.433,1,0.03999999999996362,BACKFILL_AUTO
2026-06-19 12:46:56,1781873216,R_10,4843.338,-1,0.09500000000025466,BACKFILL_AUTO
2026-06-19 12:46:58,1781873218,R_10,4843.249,-1,0.08899999999994179,BACKFILL_AUTO
2026-06-19 12:47:00,1781873220,R_10,4842.979,-1,0.26999999999952706,BACKFILL_AUTO
2026-06-19 12:47:02,1781873222,R_10,4843.188,1,0.20899999999983265,BACKFILL_AUTO
2026-06-19 12:47:04,1781873224,R_10,4843.174,-1,0.014000000000123691,BACKFILL_AUTO
2026-06-19 12:47:06,1781873226,R_10,4843.3,1,0.12600000000020373,BACKFILL_AUTO
2026-06-19 12:47:08,1781873228,R_10,4843.244,-1,0.056000000000494765,BACKFILL_AUTO
2026-06-19 12:47:10,1781873230,R_10,4843.298,1,0.05400000000008731,BACKFILL_AUTO
2026-06-19 12:47:12,1781873232,R_10,4843.403,1,0.10500000000047294,BACKFILL_AUTO
2026-06-19 12:47:14,1781873234,R_10,4843.372,-1,0.03099999999994907,BACKFILL_AUTO
2026-06-19 12:47:16,1781873236,R_10,4843.465,1,0.0929999999998472,BACKFILL_AUTO
2026-06-19 12:47:18,1781873238,R_10,4843.474,1,0.009000000000014552,BACKFILL_AUTO
2026-06-19 12:47:20,1781873240,R_10,4843.499,1,0.024999999999636202,BACKFILL_AUTO
2026-06-19 12:47:22,1781873242,R_10,4843.333,-1,0.16600000000016735,BACKFILL_AUTO
2026-06-19 12:47:24,1781873244,R_10,4843.245,-1,0.08799999999973807,BACKFILL_AUTO
2026-06-19 12:47:26,1781873246,R_10,4843.105,-1,0.14000000000032742,BACKFILL_AUTO
2026-06-19 12:47:28,1781873248,R_10,4842.985,-1,0.11999999999989086,BACKFILL_AUTO
2026-06-19 12:47:30,1781873250,R_10,4843.078,1,0.0930000000007567,BACKFILL_AUTO
2026-06-19 12:47:32,1781873252,R_10,4843.045,-1,0.03300000000035652,BACKFILL_AUTO
2026-06-19 12:47:34,1781873254,R_10,4843.193,1,0.14800000000013824,BACKFILL_AUTO
2026-06-19 12:47:36,1781873256,R_10,4842.985,-1,0.20800000000053842,BACKFILL_AUTO
2026-06-19 12:47:38,1781873258,R_10,4842.935,-1,0.049999999999272404,BACKFILL_AUTO
2026-06-19 12:47:40,1781873260,R_10,4843.169,1,0.23399999999946886,BACKFILL_AUTO
2026-06-19 12:47:42,1781873262,R_10,4843.245,1,0.07600000000002183,BACKFILL_AUTO
2026-06-19 12:47:44,1781873264,R_10,4843.086,-1,0.15899999999965075,BACKFILL_AUTO
2026-06-19 12:47:46,1781873266,R_10,4843.218,1,0.1319999999996071,BACKFILL_AUTO
2026-06-19 12:47:48,1781873268,R_10,4843.276,1,0.057999999999992724,BACKFILL_AUTO
2026-06-19 12:47:50,1781873270,R_10,4843.255,-1,0.02099999999973079,BACKFILL_AUTO
2026-06-19 12:47:52,1781873272,R_10,4843.081,-1,0.17399999999997817,BACKFILL_AUTO
2026-06-19 12:47:54,1781873274,R_10,4843.264,1,0.18299999999999272,BACKFILL_AUTO
2026-06-19 12:47:56,1781873276,R_10,4843.096,-1,0.1680000000005748,BACKFILL_AUTO
2026-06-19 12:47:58,1781873278,R_10,4843.027,-1,0.06899999999950523,BACKFILL_AUTO
2026-06-19 12:48:00,1781873280,R_10,4842.879,-1,0.14800000000013824,BACKFILL_AUTO
2026-06-19 12:48:02,1781873282,R_10,4843.029,1,0.1500000000005457,BACKFILL_AUTO
2026-06-19 12:48:04,1781873284,R_10,4843.064,1,0.03499999999985448,BACKFILL_AUTO
2026-06-19 12:48:06,1781873286,R_10,4843.135,1,0.07099999999991269,BACKFILL_AUTO
2026-06-19 12:48:08,1781873288,R_10,4843.234,1,0.09900000000016007,BACKFILL_AUTO
2026-06-19 12:48:10,1781873290,R_10,4843.381,1,0.14699999999993452,BACKFILL_AUTO
2026-06-19 12:48:12,1781873292,R_10,4843.391,1,0.009999999999308784,BACKFILL_AUTO
2026-06-19 12:48:14,1781873294,R_10,4843.56,1,0.16900000000077853,BACKFILL_AUTO
2026-06-19 12:48:16,1781873296,R_10,4843.498,-1,0.06200000000080763,BACKFILL_AUTO
2026-06-19 12:48:18,1781873298,R_10,4843.394,-1,0.10399999999935972,BACKFILL_AUTO
2026-06-19 12:48:20,1781873300,R_10,4843.383,-1,0.011000000000422006,BACKFILL_AUTO
2026-06-19 12:48:22,1781873302,R_10,4843.423,1,0.03999999999996362,BACKFILL_AUTO
2026-06-19 12:48:24,1781873304,R_10,4843.279,-1,0.14399999999932334,BACKFILL_AUTO
2026-06-19 12:48:26,1781873306,R_10,4843.349,1,0.06999999999970896,BACKFILL_AUTO
2026-06-19 12:48:28,1781873308,R_10,4843.313,-1,0.03600000000005821,BACKFILL_AUTO
2026-06-19 12:48:30,1781873310,R_10,4843.227,-1,0.0860000000002401,BACKFILL_AUTO
2026-06-19 12:48:32,1781873312,R_10,4843.131,-1,0.09599999999954889,BACKFILL_AUTO
2026-06-19 12:48:34,1781873314,R_10,4843.285,1,0.15399999999954161,BACKFILL_AUTO
2026-06-19 12:48:36,1781873316,R_10,4843.316,1,0.03099999999994907,BACKFILL_AUTO
2026-06-19 12:48:38,1781873318,R_10,4843.283,-1,0.03299999999944703,BACKFILL_AUTO
2026-06-19 12:48:40,1781873320,R_10,4843.214,-1,0.06900000000041473,BACKFILL_AUTO
2026-06-19 12:48:42,1781873322,R_10,4843.209,-1,0.005000000000109139,BACKFILL_AUTO
2026-06-19 12:48:44,1781873324,R_10,4843.292,1,0.08300000000053842,BACKFILL_AUTO
2026-06-19 12:48:46,1781873326,R_10,4843.322,1,0.02999999999974534,BACKFILL_AUTO
2026-06-19 12:48:48,1781873328,R_10,4843.407,1,0.08500000000003638,BACKFILL_AUTO
2026-06-19 12:48:50,1781873330,R_10,4843.249,-1,0.15800000000035652,BACKFILL_AUTO
2026-06-19 12:48:52,1781873332,R_10,4843.242,-1,0.006999999999607098,BACKFILL_AUTO
2026-06-19 12:48:54,1781873334,R_10,4843.209,-1,0.03300000000035652,BACKFILL_AUTO
2026-06-19 12:48:56,1781873336,R_10,4843.279,1,0.07000000000061846,BACKFILL_AUTO
2026-06-19 12:48:58,1781873338,R_10,4843.188,-1,0.09100000000034925,BACKFILL_AUTO
2026-06-19 12:49:00,1781873340,R_10,4842.929,-1,0.25900000000001455,BACKFILL_AUTO
2026-06-19 12:49:02,1781873342,R_10,4842.873,-1,0.056000000000494765,BACKFILL_AUTO
2026-06-19 12:49:04,1781873344,R_10,4843.129,1,0.25600000000031287,BACKFILL_AUTO
2026-06-19 12:49:06,1781873346,R_10,4843.116,-1,0.012999999999919964,BACKFILL_AUTO
2026-06-19 12:49:08,1781873348,R_10,4843.166,1,0.0500000000001819,BACKFILL_AUTO
2026-06-19 12:49:10,1781873350,R_10,4843.094,-1,0.07200000000011642,BACKFILL_AUTO
2026-06-19 12:49:12,1781873352,R_10,4843.077,-1,0.016999999999825377,BACKFILL_AUTO
2026-06-19 12:49:14,1781873354,R_10,4843.162,1,0.08500000000003638,BACKFILL_AUTO
2026-06-19 12:49:16,1781873356,R_10,4843.18,1,0.018000000000029104,BACKFILL_AUTO
2026-06-19 12:49:18,1781873358,R_10,4843.601,1,0.420999999999367,BACKFILL_AUTO
2026-06-19 12:49:20,1781873360,R_10,4843.514,-1,0.08699999999953434,BACKFILL_AUTO
2026-06-19 12:49:22,1781873362,R_10,4843.403,-1,0.11099999999987631,BACKFILL_AUTO
2026-06-19 12:49:24,1781873364,R_10,4843.255,-1,0.14800000000013824,BACKFILL_AUTO
2026-06-19 12:49:26,1781873366,R_10,4843.089,-1,0.16600000000016735,BACKFILL_AUTO
2026-06-19 12:49:28,1781873368,R_10,4843.142,1,0.052999999999883585,BACKFILL_AUTO
2026-06-19 12:49:30,1781873370,R_10,4843.351,1,0.20899999999983265,BACKFILL_AUTO
2026-06-19 12:49:32,1781873372,R_10,4843.486,1,0.13500000000021828,BACKFILL_AUTO
2026-06-19 12:49:34,1781873374,R_10,4843.611,1,0.125,BACKFILL_AUTO
2026-06-19 12:49:36,1781873376,R_10,4843.774,1,0.16300000000046566,BACKFILL_AUTO
2026-06-19 12:49:38,1781873378,R_10,4843.759,-1,0.015000000000327418,BACKFILL_AUTO
2026-06-19 12:49:40,1781873380,R_10,4843.901,1,0.14199999999982538,BACKFILL_AUTO
2026-06-19 12:49:42,1781873382,R_10,4843.924,1,0.023000000000138243,BACKFILL_AUTO
2026-06-19 12:49:44,1781873384,R_10,4843.935,1,0.011000000000422006,BACKFILL_AUTO
2026-06-19 12:49:46,1781873386,R_10,4843.944,1,0.009000000000014552,BACKFILL_AUTO
2026-06-19 12:49:48,1781873388,R_10,4843.81,-1,0.13400000000001455,BACKFILL_AUTO
2026-06-19 12:49:50,1781873390,R_10,4843.589,-1,0.22100000000045839,BACKFILL_AUTO
2026-06-19 12:49:52,1781873392,R_10,4843.489,-1,0.1000000000003638,BACKFILL_AUTO
2026-06-19 12:49:54,1781873394,R_10,4843.229,-1,0.2599999999993088,BACKFILL_AUTO
2026-06-19 12:49:56,1781873396,R_10,4843.31,1,0.08100000000013097,BACKFILL_AUTO
2026-06-19 12:49:58,1781873398,R_10,4843.299,-1,0.011000000000422006,BACKFILL_AUTO
2026-06-19 12:50:00,1781873400,R_10,4843.228,-1,0.07099999999991269,BACKFILL_AUTO
2026-06-19 12:50:02,1781873402,R_10,4843.247,1,0.01900000000023283,BACKFILL_AUTO
2026-06-19 12:50:04,1781873404,R_10,4843.271,1,0.023999999999432475,BACKFILL_AUTO
2026-06-19 12:50:06,1781873406,R_10,4843.205,-1,0.06599999999980355,BACKFILL_AUTO
2026-06-19 12:50:08,1781873408,R_10,4843.297,1,0.09199999999964348,BACKFILL_AUTO
2026-06-19 12:50:10,1781873410,R_10,4843.355,1,0.057999999999992724,BACKFILL_AUTO
2026-06-19 12:50:12,1781873412,R_10,4843.544,1,0.1890000000003056,BACKFILL_AUTO
2026-06-19 12:50:14,1781873414,R_10,4843.419,-1,0.125,BACKFILL_AUTO
2026-06-19 12:50:16,1781873416,R_10,4843.45,1,0.03099999999994907,BACKFILL_AUTO
2026-06-19 12:50:18,1781873418,R_10,4843.365,-1,0.08500000000003638,BACKFILL_AUTO
2026-06-19 12:50:20,1781873420,R_10,4843.308,-1,0.056999999999789,BACKFILL_AUTO
2026-06-19 12:50:22,1781873422,R_10,4843.591,1,0.2830000000003565,BACKFILL_AUTO
2026-06-19 12:50:24,1781873424,R_10,4843.536,-1,0.05500000000029104,BACKFILL_AUTO
2026-06-19 12:50:26,1781873426,R_10,4843.477,-1,0.05900000000019645,BACKFILL_AUTO
2026-06-19 12:50:28,1781873428,R_10,4843.5,1,0.023000000000138243,BACKFILL_AUTO
2026-06-19 12:50:30,1781873430,R_10,4843.402,-1,0.09799999999995634,BACKFILL_AUTO
2026-06-19 12:50:32,1781873432,R_10,4843.383,-1,0.01900000000023283,BACKFILL_AUTO
2026-06-19 12:50:34,1781873434,R_10,4843.241,-1,0.14199999999982538,BACKFILL_AUTO
2026-06-19 12:50:36,1781873436,R_10,4843.157,-1,0.08399999999983265,BACKFILL_AUTO
2026-06-19 12:50:38,1781873438,R_10,4843.252,1,0.09500000000025466,BACKFILL_AUTO
2026-06-19 12:50:40,1781873440,R_10,4843.338,1,0.08599999999933061,BACKFILL_AUTO
2026-06-19 12:50:42,1781873442,R_10,4843.457,1,0.11900000000059663,BACKFILL_AUTO
2026-06-19 12:50:44,1781873444,R_10,4843.463,1,0.0059999999994033715,BACKFILL_AUTO
2026-06-19 12:50:46,1781873446,R_10,4843.365,-1,0.09799999999995634,BACKFILL_AUTO
2026-06-19 12:50:48,1781873448,R_10,4843.527,1,0.16200000000026193,BACKFILL_AUTO
2026-06-19 12:50:50,1781873450,R_10,4843.512,-1,0.015000000000327418,BACKFILL_AUTO
2026-06-19 12:50:52,1781873452,R_10,4843.487,-1,0.024999999999636202,BACKFILL_AUTO
2026-06-19 12:50:54,1781873454,R_10,4843.598,1,0.11099999999987631,BACKFILL_AUTO
2026-06-19 12:50:56,1781873456,R_10,4843.473,-1,0.125,BACKFILL_AUTO
2026-06-19 12:50:58,1781873458,R_10,4843.482,1,0.009000000000014552,BACKFILL_AUTO
2026-06-19 12:51:00,1781873460,R_10,4843.425,-1,0.056999999999789,BACKFILL_AUTO
2026-06-19 12:51:02,1781873462,R_10,4843.267,-1,0.15800000000035652,BACKFILL_AUTO
2026-06-19 12:51:04,1781873464,R_10,4843.191,-1,0.07600000000002183,BACKFILL_AUTO
2026-06-19 12:51:06,1781873466,R_10,4843.204,1,0.012999999999919964,BACKFILL_AUTO
2026-06-19 12:51:08,1781873468,R_10,4843.077,-1,0.12699999999949796,BACKFILL_AUTO
2026-06-19 12:51:10,1781873470,R_10,4843.014,-1,0.06300000000010186,BACKFILL_AUTO
2026-06-19 12:51:12,1781873472,R_10,4842.932,-1,0.0820000000003347,BACKFILL_AUTO
2026-06-19 12:51:14,1781873474,R_10,4842.955,1,0.023000000000138243,BACKFILL_AUTO
2026-06-19 12:51:16,1781873476,R_10,4843.087,1,0.1320000000005166,BACKFILL_AUTO
2026-06-19 12:51:18,1781873478,R_10,4843.115,1,0.027999999999337888,BACKFILL_AUTO
2026-06-19 12:51:20,1781873480,R_10,4843.08,-1,0.03499999999985448,BACKFILL_AUTO
2026-06-19 12:51:22,1781873482,R_10,4842.946,-1,0.13400000000001455,BACKFILL_AUTO
2026-06-19 12:51:24,1781873484,R_10,4843.067,1,0.12100000000009459,BACKFILL_AUTO
2026-06-19 12:51:26,1781873486,R_10,4843.17,1,0.10300000000006548,BACKFILL_AUTO
2026-06-19 12:51:28,1781873488,R_10,4843.112,-1,0.057999999999992724,BACKFILL_AUTO
2026-06-19 12:51:30,1781873490,R_10,4843.067,-1,0.04500000000007276,BACKFILL_AUTO
2026-06-19 12:51:32,1781873492,R_10,4843.171,1,0.10400000000026921,BACKFILL_AUTO
2026-06-19 12:51:34,1781873494,R_10,4843.085,-1,0.0860000000002401,BACKFILL_AUTO
2026-06-19 12:51:36,1781873496,R_10,4843.212,1,0.12700000000040745,BACKFILL_AUTO
2026-06-19 12:51:38,1781873498,R_10,4843.331,1,0.11899999999968713,BACKFILL_AUTO
2026-06-19 12:51:40,1781873500,R_10,4843.315,-1,0.016000000000531145,BACKFILL_AUTO
2026-06-19 12:51:42,1781873502,R_10,4843.03,-1,0.2849999999998545,BACKFILL_AUTO
2026-06-19 12:51:44,1781873504,R_10,4843.149,1,0.11900000000059663,BACKFILL_AUTO
2026-06-19 12:51:46,1781873506,R_10,4842.877,-1,0.2719999999999345,BACKFILL_AUTO
2026-06-19 12:51:48,1781873508,R_10,4843.125,1,0.24799999999959255,BACKFILL_AUTO
2026-06-19 12:51:50,1781873510,R_10,4843.095,-1,0.02999999999974534,BACKFILL_AUTO
2026-06-19 12:51:52,1781873512,R_10,4843.224,1,0.1289999999999054,BACKFILL_AUTO
2026-06-19 12:51:54,1781873514,R_10,4842.983,-1,0.24099999999998545,BACKFILL_AUTO
2026-06-19 12:51:56,1781873516,R_10,4842.853,-1,0.13000000000010914,BACKFILL_AUTO
2026-06-19 12:51:58,1781873518,R_10,4842.796,-1,0.056999999999789,BACKFILL_AUTO
2026-06-19 12:52:00,1781873520,R_10,4842.751,-1,0.04500000000007276,BACKFILL_AUTO
2026-06-19 12:52:02,1781873522,R_10,4842.721,-1,0.030000000000654836,BACKFILL_AUTO
2026-06-19 12:52:04,1781873524,R_10,4842.64,-1,0.08099999999922147,BACKFILL_AUTO
2026-06-19 12:52:06,1781873526,R_10,4842.515,-1,0.125,BACKFILL_AUTO
2026-06-19 12:52:08,1781873528,R_10,4842.429,-1,0.0860000000002401,BACKFILL_AUTO
2026-06-19 12:52:10,1781873530,R_10,4842.447,1,0.018000000000029104,BACKFILL_AUTO
2026-06-19 12:52:12,1781873532,R_10,4842.384,-1,0.06300000000010186,BACKFILL_AUTO
2026-06-19 12:52:14,1781873534,R_10,4842.382,-1,0.0020000000004074536,BACKFILL_AUTO
2026-06-19 12:52:16,1781873536,R_10,4842.301,-1,0.08099999999922147,BACKFILL_AUTO
2026-06-19 12:52:18,1781873538,R_10,4842.331,1,0.02999999999974534,BACKFILL_AUTO
2026-06-19 12:52:20,1781873540,R_10,4842.215,-1,0.11599999999998545,BACKFILL_AUTO
2026-06-19 12:52:22,1781873542,R_10,4841.932,-1,0.2830000000003565,BACKFILL_AUTO
2026-06-19 12:52:24,1781873544,R_10,4841.99,1,0.057999999999992724,BACKFILL_AUTO
2026-06-19 12:52:26,1781873546,R_10,4841.832,-1,0.15799999999944703,BACKFILL_AUTO
2026-06-19 12:52:28,1781873548,R_10,4841.992,1,0.15999999999985448,BACKFILL_AUTO
2026-06-19 12:52:30,1781873550,R_10,4841.957,-1,0.03499999999985448,BACKFILL_AUTO
2026-06-19 12:52:32,1781873552,R_10,4842.003,1,0.04599999999936699,BACKFILL_AUTO
2026-06-19 12:52:34,1781873554,R_10,4842.033,1,0.030000000000654836,BACKFILL_AUTO
2026-06-19 12:52:36,1781873556,R_10,4841.8,-1,0.23300000000017462,BACKFILL_AUTO
2026-06-19 12:52:38,1781873558,R_10,4841.727,-1,0.07300000000032014,BACKFILL_AUTO
2026-06-19 12:52:40,1781873560,R_10,4841.751,1,0.02400000000034197,BACKFILL_AUTO
2026-06-19 12:52:42,1781873562,R_10,4841.644,-1,0.1069999999999709,BACKFILL_AUTO
2026-06-19 12:52:44,1781873564,R_10,4841.669,1,0.024999999999636202,BACKFILL_AUTO
2026-06-19 12:52:46,1781873566,R_10,4841.796,1,0.12700000000040745,BACKFILL_AUTO
2026-06-19 12:52:48,1781873568,R_10,4841.888,1,0.09199999999964348,BACKFILL_AUTO
2026-06-19 12:52:50,1781873570,R_10,4841.761,-1,0.12699999999949796,BACKFILL_AUTO
2026-06-19 12:52:52,1781873572,R_10,4841.688,-1,0.07300000000032014,BACKFILL_AUTO
2026-06-19 12:52:54,1781873574,R_10,4841.602,-1,0.0860000000002401,BACKFILL_AUTO
2026-06-19 12:52:56,1781873576,R_10,4841.706,1,0.10400000000026921,BACKFILL_AUTO
2026-06-19 12:52:58,1781873578,R_10,4841.628,-1,0.07800000000042928,BACKFILL_AUTO
2026-06-19 12:53:00,1781873580,R_10,4841.771,1,0.1430000000000291,BACKFILL_AUTO
2026-06-19 12:53:02,1781873582,R_10,4841.765,-1,0.0059999999994033715,BACKFILL_AUTO
2026-06-19 12:53:04,1781873584,R_10,4841.796,1,0.03099999999994907,BACKFILL_AUTO
2026-06-19 12:53:06,1781873586,R_10,4841.778,-1,0.018000000000029104,BACKFILL_AUTO
2026-06-19 12:53:08,1781873588,R_10,4841.904,1,0.12600000000020373,BACKFILL_AUTO
2026-06-19 12:53:10,1781873590,R_10,4841.995,1,0.09099999999943975,BACKFILL_AUTO
2026-06-19 12:53:12,1781873592,R_10,4841.939,-1,0.05599999999958527,BACKFILL_AUTO
2026-06-19 12:53:14,1781873594,R_10,4842.046,1,0.1069999999999709,BACKFILL_AUTO
2026-06-19 12:53:16,1781873596,R_10,4841.961,-1,0.08500000000003638,BACKFILL_AUTO
2026-06-19 12:53:18,1781873598,R_10,4841.883,-1,0.07800000000042928,BACKFILL_AUTO
2026-06-19 12:53:20,1781873600,R_10,4841.885,1,0.0020000000004074536,BACKFILL_AUTO
2026-06-19 12:53:22,1781873602,R_10,4841.883,-1,0.0020000000004074536,BACKFILL_AUTO
2026-06-19 12:53:24,1781873604,R_10,4842.026,1,0.1430000000000291,BACKFILL_AUTO
2026-06-19 12:53:26,1781873606,R_10,4842.146,1,0.11999999999989086,BACKFILL_AUTO
2026-06-19 12:53:28,1781873608,R_10,4841.958,-1,0.18800000000010186,BACKFILL_AUTO
2026-06-19 12:53:30,1781873610,R_10,4841.888,-1,0.06999999999970896,BACKFILL_AUTO
2026-06-19 12:53:32,1781873612,R_10,4841.818,-1,0.06999999999970896,BACKFILL_AUTO
2026-06-19 12:53:34,1781873614,R_10,4841.803,-1,0.015000000000327418,BACKFILL_AUTO
2026-06-19 12:53:36,1781873616,R_10,4842.041,1,0.23800000000028376,BACKFILL_AUTO
2026-06-19 12:53:38,1781873618,R_10,4841.881,-1,0.15999999999985448,BACKFILL_AUTO
2026-06-19 12:53:40,1781873620,R_10,4841.952,1,0.07099999999991269,BACKFILL_AUTO
2026-06-19 12:53:42,1781873622,R_10,4841.964,1,0.011999999999716238,BACKFILL_AUTO
2026-06-19 12:53:44,1781873624,R_10,4841.911,-1,0.052999999999883585,BACKFILL_AUTO
2026-06-19 12:53:46,1781873626,R_10,4841.847,-1,0.06400000000030559,BACKFILL_AUTO
2026-06-19 12:53:48,1781873628,R_10,4841.915,1,0.068000000000211,BACKFILL_AUTO
2026-06-19 12:53:50,1781873630,R_10,4841.574,-1,0.34100000000034925,BACKFILL_AUTO
2026-06-19 12:53:52,1781873632,R_10,4841.716,1,0.14200000000073487,BACKFILL_AUTO
2026-06-19 12:53:54,1781873634,R_10,4841.657,-1,0.05900000000019645,BACKFILL_AUTO
2026-06-19 12:53:56,1781873636,R_10,4841.975,1,0.318000000000211,BACKFILL_AUTO
2026-06-19 12:53:58,1781873638,R_10,4841.805,-1,0.17000000000007276,BACKFILL_AUTO
2026-06-19 12:54:00,1781873640,R_10,4841.688,-1,0.11700000000018917,BACKFILL_AUTO
2026-06-19 12:54:02,1781873642,R_10,4841.588,-1,0.1000000000003638,BACKFILL_AUTO
2026-06-19 12:54:04,1781873644,R_10,4841.442,-1,0.1459999999997308,BACKFILL_AUTO
2026-06-19 12:54:06,1781873646,R_10,4841.316,-1,0.12600000000020373,BACKFILL_AUTO
2026-06-19 12:54:08,1781873648,R_10,4841.392,1,0.07600000000002183,BACKFILL_AUTO
2026-06-19 12:54:10,1781873650,R_10,4841.481,1,0.08899999999994179,BACKFILL_AUTO
2026-06-19 12:54:12,1781873652,R_10,4841.57,1,0.08899999999994179,BACKFILL_AUTO
2026-06-19 12:54:14,1781873654,R_10,4841.676,1,0.10600000000067666,BACKFILL_AUTO
2026-06-19 12:54:16,1781873656,R_10,4841.735,1,0.058999999999286956,BACKFILL_AUTO
2026-06-19 12:54:18,1781873658,R_10,4841.734,-1,0.0009999999992942321,BACKFILL_AUTO
2026-06-19 12:54:20,1781873660,R_10,4841.726,-1,0.00800000000072032,BACKFILL_AUTO
2026-06-19 12:54:22,1781873662,R_10,4841.746,1,0.020000000000436557,BACKFILL_AUTO
2026-06-19 12:54:24,1781873664,R_10,4841.669,-1,0.07700000000022555,BACKFILL_AUTO
2026-06-19 12:54:26,1781873666,R_10,4841.699,1,0.02999999999974534,BACKFILL_AUTO
2026-06-19 12:54:28,1781873668,R_10,4841.727,1,0.028000000000247383,BACKFILL_AUTO
2026-06-19 12:54:30,1781873670,R_10,4841.669,-1,0.057999999999992724,BACKFILL_AUTO
2026-06-19 12:54:32,1781873672,R_10,4841.856,1,0.18699999999989814,BACKFILL_AUTO
2026-06-19 12:54:34,1781873674,R_10,4841.791,-1,0.06499999999959982,BACKFILL_AUTO
2026-06-19 12:54:36,1781873676,R_10,4841.815,1,0.023999999999432475,BACKFILL_AUTO
2026-06-19 12:54:38,1781873678,R_10,4841.698,-1,0.11699999999927968,BACKFILL_AUTO
2026-06-19 12:54:40,1781873680,R_10,4841.754,1,0.05599999999958527,BACKFILL_AUTO
2026-06-19 12:54:42,1781873682,R_10,4841.645,-1,0.10899999999946886,BACKFILL_AUTO
2026-06-19 12:54:44,1781873684,R_10,4841.52,-1,0.125,BACKFILL_AUTO
2026-06-19 12:54:46,1781873686,R_10,4841.337,-1,0.18299999999999272,BACKFILL_AUTO
2026-06-19 12:54:48,1781873688,R_10,4841.45,1,0.11299999999937427,BACKFILL_AUTO
2026-06-19 12:54:50,1781873690,R_10,4841.347,-1,0.10300000000006548,BACKFILL_AUTO
2026-06-19 12:54:52,1781873692,R_10,4841.49,1,0.1430000000000291,BACKFILL_AUTO
2026-06-19 12:54:54,1781873694,R_10,4841.483,-1,0.006999999999607098,BACKFILL_AUTO
2026-06-19 12:54:56,1781873696,R_10,4841.504,1,0.02099999999973079,BACKFILL_AUTO
2026-06-19 12:54:58,1781873698,R_10,4841.807,1,0.3029999999998836,BACKFILL_AUTO
2026-06-19 12:55:00,1781873700,R_10,4841.806,-1,0.0010000000002037268,BACKFILL_AUTO
2026-06-19 12:55:02,1781873702,R_10,4841.771,-1,0.03499999999985448,BACKFILL_AUTO
2026-06-19 12:55:04,1781873704,R_10,4841.819,1,0.04800000000068394,BACKFILL_AUTO
2026-06-19 12:55:06,1781873706,R_10,4841.929,1,0.10999999999967258,BACKFILL_AUTO
2026-06-19 12:55:08,1781873708,R_10,4842.014,1,0.08500000000003638,BACKFILL_AUTO
2026-06-19 12:55:10,1781873710,R_10,4841.966,-1,0.047999999999774445,BACKFILL_AUTO
2026-06-19 12:55:12,1781873712,R_10,4841.929,-1,0.037000000000261934,BACKFILL_AUTO
2026-06-19 12:55:14,1781873714,R_10,4841.921,-1,0.007999999999810825,BACKFILL_AUTO
2026-06-19 12:55:16,1781873716,R_10,4841.819,-1,0.10199999999986176,BACKFILL_AUTO
2026-06-19 12:55:18,1781873718,R_10,4841.914,1,0.09499999999934516,BACKFILL_AUTO
2026-06-19 12:55:20,1781873720,R_10,4841.904,-1,0.009999999999308784,BACKFILL_AUTO
2026-06-19 12:55:22,1781873722,R_10,4841.966,1,0.06199999999989814,BACKFILL_AUTO
2026-06-19 12:55:24,1781873724,R_10,4841.992,1,0.02599999999983993,BACKFILL_AUTO
2026-06-19 12:55:26,1781873726,R_10,4841.955,-1,0.037000000000261934,BACKFILL_AUTO
2026-06-19 12:55:28,1781873728,R_10,4841.843,-1,0.11200000000008004,BACKFILL_AUTO
2026-06-19 12:55:30,1781873730,R_10,4841.866,1,0.023000000000138243,BACKFILL_AUTO
2026-06-19 12:55:32,1781873732,R_10,4841.54,-1,0.32600000000002183,BACKFILL_AUTO
2026-06-19 12:55:34,1781873734,R_10,4841.301,-1,0.238999999999578,BACKFILL_AUTO
2026-06-19 12:55:36,1781873736,R_10,4841.179,-1,0.12200000000029831,BACKFILL_AUTO
2026-06-19 12:55:38,1781873738,R_10,4840.921,-1,0.2579999999998108,BACKFILL_AUTO
2026-06-19 12:55:40,1781873740,R_10,4841.059,1,0.13799999999991996,BACKFILL_AUTO
2026-06-19 12:55:42,1781873742,R_10,4841.162,1,0.10300000000006548,BACKFILL_AUTO
2026-06-19 12:55:44,1781873744,R_10,4841.057,-1,0.10500000000047294,BACKFILL_AUTO
2026-06-19 12:55:46,1781873746,R_10,4841.017,-1,0.03999999999996362,BACKFILL_AUTO
2026-06-19 12:55:48,1781873748,R_10,4840.791,-1,0.22599999999965803,BACKFILL_AUTO
2026-06-19 12:55:50,1781873750,R_10,4840.842,1,0.05099999999947613,BACKFILL_AUTO
2026-06-19 12:55:52,1781873752,R_10,4840.719,-1,0.12299999999959255,BACKFILL_AUTO
2026-06-19 12:55:54,1781873754,R_10,4840.666,-1,0.052999999999883585,BACKFILL_AUTO
2026-06-19 12:55:56,1781873756,R_10,4840.561,-1,0.10500000000047294,BACKFILL_AUTO
2026-06-19 12:55:58,1781873758,R_10,4840.438,-1,0.12299999999959255,BACKFILL_AUTO
2026-06-19 12:56:00,1781873760,R_10,4840.44,1,0.001999999999497959,BACKFILL_AUTO
2026-06-19 12:56:02,1781873762,R_10,4840.337,-1,0.10299999999915599,BACKFILL_AUTO
2026-06-19 12:56:04,1781873764,R_10,4840.489,1,0.15199999999913416,BACKFILL_AUTO
2026-06-19 12:56:06,1781873766,R_10,4840.417,-1,0.07199999999920692,BACKFILL_AUTO
2026-06-19 12:56:08,1781873768,R_10,4840.427,1,0.009999999999308784,BACKFILL_AUTO
2026-06-19 12:56:10,1781873770,R_10,4840.61,1,0.18299999999999272,BACKFILL_AUTO
2026-06-19 12:56:12,1781873772,R_10,4840.643,1,0.03300000000035652,BACKFILL_AUTO
2026-06-19 12:56:14,1781873774,R_10,4840.656,1,0.012999999999919964,BACKFILL_AUTO
2026-06-19 12:56:16,1781873776,R_10,4840.666,1,0.010000000000218279,BACKFILL_AUTO
2026-06-19 12:56:18,1781873778,R_10,4840.543,-1,0.12300000000050204,BACKFILL_AUTO
2026-06-19 12:56:20,1781873780,R_10,4840.492,-1,0.05099999999947613,BACKFILL_AUTO
2026-06-19 12:56:22,1781873782,R_10,4840.654,1,0.16200000000026193,BACKFILL_AUTO
2026-06-19 12:56:24,1781873784,R_10,4840.69,1,0.03599999999914871,BACKFILL_AUTO
2026-06-19 12:56:26,1781873786,R_10,4840.882,1,0.19200000000000728,BACKFILL_AUTO
2026-06-19 12:56:28,1781873788,R_10,4840.917,1,0.035000000000763976,BACKFILL_AUTO
2026-06-19 12:56:30,1781873790,R_10,4840.719,-1,0.19800000000032014,BACKFILL_AUTO
2026-06-19 12:56:32,1781873792,R_10,4840.673,-1,0.046000000000276486,BACKFILL_AUTO
2026-06-19 12:56:34,1781873794,R_10,4840.793,1,0.11999999999989086,BACKFILL_AUTO
2026-06-19 12:56:36,1781873796,R_10,4840.775,-1,0.018000000000029104,BACKFILL_AUTO
2026-06-19 12:56:38,1781873798,R_10,4840.763,-1,0.011999999999716238,BACKFILL_AUTO
2026-06-19 12:56:40,1781873800,R_10,4840.914,1,0.15099999999983993,BACKFILL_AUTO
2026-06-19 12:56:42,1781873802,R_10,4840.739,-1,0.1750000000001819,BACKFILL_AUTO
2026-06-19 12:56:44,1781873804,R_10,4840.627,-1,0.11199999999917054,BACKFILL_AUTO
2026-06-19 12:56:46,1781873806,R_10,4840.605,-1,0.02200000000084401,BACKFILL_AUTO
2026-06-19 12:56:48,1781873808,R_10,4840.583,-1,0.021999999999934516,BACKFILL_AUTO
2026-06-19 12:56:50,1781873810,R_10,4840.549,-1,0.033999999999650754,BACKFILL_AUTO
2026-06-19 12:56:52,1781873812,R_10,4840.571,1,0.021999999999934516,BACKFILL_AUTO
2026-06-19 12:56:54,1781873814,R_10,4840.578,1,0.007000000000516593,BACKFILL_AUTO
2026-06-19 12:56:56,1781873816,R_10,4840.578,0,0.0,BACKFILL_AUTO
2026-06-19 12:56:58,1781873818,R_10,4840.503,-1,0.0750000000007276,BACKFILL_AUTO
2026-06-19 12:57:00,1781873820,R_10,4840.646,1,0.1430000000000291,BACKFILL_AUTO
2026-06-19 12:57:02,1781873822,R_10,4840.706,1,0.06000000000040018,BACKFILL_AUTO
2026-06-19 12:57:04,1781873824,R_10,4840.665,-1,0.04100000000016735,BACKFILL_AUTO
2026-06-19 12:57:06,1781873826,R_10,4840.5,-1,0.16499999999996362,BACKFILL_AUTO
2026-06-19 12:57:08,1781873828,R_10,4840.694,1,0.19400000000041473,BACKFILL_AUTO
2026-06-19 12:57:10,1781873830,R_10,4840.78,1,0.08599999999933061,BACKFILL_AUTO
2026-06-19 12:57:12,1781873832,R_10,4840.734,-1,0.04599999999936699,BACKFILL_AUTO
2026-06-19 12:57:14,1781873834,R_10,4840.667,-1,0.06700000000000728,BACKFILL_AUTO
2026-06-19 12:57:16,1781873836,R_10,4840.674,1,0.006999999999607098,BACKFILL_AUTO
2026-06-19 12:57:18,1781873838,R_10,4840.705,1,0.03099999999994907,BACKFILL_AUTO
2026-06-19 12:57:20,1781873840,R_10,4840.862,1,0.1570000000001528,BACKFILL_AUTO
2026-06-19 12:57:22,1781873842,R_10,4840.866,1,0.0039999999999054126,BACKFILL_AUTO
2026-06-19 12:57:24,1781873844,R_10,4841.024,1,0.15800000000035652,BACKFILL_AUTO
2026-06-19 12:57:26,1781873846,R_10,4841.215,1,0.19099999999980355,BACKFILL_AUTO
2026-06-19 12:57:28,1781873848,R_10,4841.197,-1,0.018000000000029104,BACKFILL_AUTO
2026-06-19 12:57:30,1781873850,R_10,4841.362,1,0.16499999999996362,BACKFILL_AUTO
2026-06-19 12:57:32,1781873852,R_10,4841.276,-1,0.0860000000002401,BACKFILL_AUTO
2026-06-19 12:57:34,1781873854,R_10,4841.264,-1,0.011999999999716238,BACKFILL_AUTO
2026-06-19 12:57:36,1781873856,R_10,4841.0,-1,0.2640000000001237,BACKFILL_AUTO
2026-06-19 12:57:38,1781873858,R_10,4840.735,-1,0.2650000000003274,BACKFILL_AUTO
2026-06-19 12:57:40,1781873860,R_10,4840.629,-1,0.10599999999976717,BACKFILL_AUTO
2026-06-19 12:57:42,1781873862,R_10,4840.5,-1,0.1289999999999054,BACKFILL_AUTO
2026-06-19 12:57:44,1781873864,R_10,4840.382,-1,0.1180000000003929,BACKFILL_AUTO
2026-06-19 12:57:46,1781873866,R_10,4840.31,-1,0.07199999999920692,BACKFILL_AUTO
2026-06-19 12:57:48,1781873868,R_10,4840.203,-1,0.1069999999999709,BACKFILL_AUTO
2026-06-19 12:57:50,1781873870,R_10,4840.144,-1,0.05900000000019645,BACKFILL_AUTO
2026-06-19 12:57:52,1781873872,R_10,4840.167,1,0.023000000000138243,BACKFILL_AUTO
2026-06-19 12:57:54,1781873874,R_10,4840.21,1,0.042999999999665306,BACKFILL_AUTO
2026-06-19 12:57:56,1781873876,R_10,4840.376,1,0.16600000000016735,BACKFILL_AUTO
2026-06-19 12:57:58,1781873878,R_10,4840.458,1,0.0819999999994252,BACKFILL_AUTO
2026-06-19 12:58:00,1781873880,R_10,4840.355,-1,0.10300000000006548,BACKFILL_AUTO
2026-06-19 12:58:02,1781873882,R_10,4840.408,1,0.05300000000079308,BACKFILL_AUTO
2026-06-19 12:58:04,1781873884,R_10,4840.295,-1,0.11300000000028376,BACKFILL_AUTO
2026-06-19 12:58:06,1781873886,R_10,4840.301,1,0.006000000000312866,BACKFILL_AUTO
2026-06-19 12:58:08,1781873888,R_10,4840.528,1,0.22699999999986176,BACKFILL_AUTO
2026-06-19 12:58:10,1781873890,R_10,4840.4,-1,0.12800000000061118,BACKFILL_AUTO
2026-06-19 12:58:12,1781873892,R_10,4840.386,-1,0.013999999999214197,BACKFILL_AUTO
2026-06-19 12:58:14,1781873894,R_10,4840.398,1,0.011999999999716238,BACKFILL_AUTO
2026-06-19 12:58:16,1781873896,R_10,4840.544,1,0.1459999999997308,BACKFILL_AUTO
2026-06-19 12:58:18,1781873898,R_10,4840.662,1,0.1180000000003929,BACKFILL_AUTO
2026-06-19 12:58:20,1781873900,R_10,4840.531,-1,0.13100000000031287,BACKFILL_AUTO
2026-06-19 12:58:22,1781873902,R_10,4840.368,-1,0.16299999999955617,BACKFILL_AUTO
2026-06-19 12:58:24,1781873904,R_10,4840.452,1,0.08399999999983265,BACKFILL_AUTO
2026-06-19 12:58:26,1781873906,R_10,4840.231,-1,0.22100000000045839,BACKFILL_AUTO
2026-06-19 12:58:28,1781873908,R_10,4840.379,1,0.14800000000013824,BACKFILL_AUTO
2026-06-19 12:58:30,1781873910,R_10,4840.393,1,0.014000000000123691,BACKFILL_AUTO
2026-06-19 12:58:32,1781873912,R_10,4840.16,-1,0.23300000000017462,BACKFILL_AUTO
2026-06-19 12:58:34,1781873914,R_10,4839.996,-1,0.1639999999997599,BACKFILL_AUTO
2026-06-19 12:58:36,1781873916,R_10,4840.173,1,0.17699999999967986,BACKFILL_AUTO
2026-06-19 12:58:38,1781873918,R_10,4840.309,1,0.136000000000422,BACKFILL_AUTO
2026-06-19 12:58:40,1781873920,R_10,4840.428,1,0.11899999999968713,BACKFILL_AUTO
2026-06-19 12:58:42,1781873922,R_10,4840.572,1,0.14400000000023283,BACKFILL_AUTO
2026-06-19 12:58:44,1781873924,R_10,4840.465,-1,0.1069999999999709,BACKFILL_AUTO
2026-06-19 12:58:46,1781873926,R_10,4840.526,1,0.06099999999969441,BACKFILL_AUTO
2026-06-19 12:58:48,1781873928,R_10,4840.547,1,0.02099999999973079,BACKFILL_AUTO
2026-06-19 12:58:50,1781873930,R_10,4840.57,1,0.023000000000138243,BACKFILL_AUTO
2026-06-19 12:58:52,1781873932,R_10,4840.402,-1,0.1679999999996653,BACKFILL_AUTO
2026-06-19 12:58:54,1781873934,R_10,4840.3,-1,0.10199999999986176,BACKFILL_AUTO
2026-06-19 12:58:56,1781873936,R_10,4840.383,1,0.08299999999962893,BACKFILL_AUTO
2026-06-19 12:58:58,1781873938,R_10,4840.424,1,0.04100000000016735,BACKFILL_AUTO
2026-06-19 12:59:00,1781873940,R_10,4840.521,1,0.09699999999975262,BACKFILL_AUTO
2026-06-19 12:59:02,1781873942,R_10,4840.479,-1,0.04199999999946158,BACKFILL_AUTO
2026-06-19 12:59:04,1781873944,R_10,4840.671,1,0.19200000000000728,BACKFILL_AUTO
2026-06-19 12:59:06,1781873946,R_10,4840.726,1,0.054999999999381544,BACKFILL_AUTO
2026-06-19 12:59:08,1781873948,R_10,4840.822,1,0.09600000000045839,BACKFILL_AUTO
2026-06-19 12:59:10,1781873950,R_10,4840.688,-1,0.13400000000001455,BACKFILL_AUTO
2026-06-19 12:59:12,1781873952,R_10,4840.778,1,0.09000000000014552,BACKFILL_AUTO
2026-06-19 12:59:14,1781873954,R_10,4840.747,-1,0.03099999999994907,BACKFILL_AUTO
2026-06-19 12:59:16,1781873956,R_10,4840.883,1,0.1359999999995125,BACKFILL_AUTO
2026-06-19 12:59:18,1781873958,R_10,4840.927,1,0.04399999999986903,BACKFILL_AUTO
2026-06-19 12:59:20,1781873960,R_10,4840.891,-1,0.03600000000005821,BACKFILL_AUTO
2026-06-19 12:59:22,1781873962,R_10,4840.701,-1,0.18999999999959982,BACKFILL_AUTO
2026-06-19 12:59:24,1781873964,R_10,4840.828,1,0.12700000000040745,BACKFILL_AUTO
2026-06-19 12:59:26,1781873966,R_10,4840.824,-1,0.004000000000814907,BACKFILL_AUTO
2026-06-19 12:59:28,1781873968,R_10,4840.673,-1,0.15099999999983993,BACKFILL_AUTO
2026-06-19 12:59:30,1781873970,R_10,4840.504,-1,0.16899999999986903,BACKFILL_AUTO
2026-06-19 12:59:32,1781873972,R_10,4840.467,-1,0.037000000000261934,BACKFILL_AUTO
2026-06-19 12:59:34,1781873974,R_10,4840.49,1,0.023000000000138243,BACKFILL_AUTO
2026-06-19 12:59:36,1781873976,R_10,4840.347,-1,0.1430000000000291,BACKFILL_AUTO
2026-06-19 12:59:38,1781873978,R_10,4840.431,1,0.08399999999983265,BACKFILL_AUTO
2026-06-19 12:59:40,1781873980,R_10,4840.431,0,0.0,BACKFILL_AUTO
2026-06-19 12:59:42,1781873982,R_10,4840.392,-1,0.03899999999975989,BACKFILL_AUTO
2026-06-19 12:59:44,1781873984,R_10,4840.417,1,0.025000000000545697,BACKFILL_AUTO
2026-06-19 12:59:46,1781873986,R_10,4840.413,-1,0.004000000000814907,BACKFILL_AUTO
2026-06-19 12:59:48,1781873988,R_10,4840.266,-1,0.14699999999993452,BACKFILL_AUTO
2026-06-19 12:59:50,1781873990,R_10,4840.392,1,0.12600000000020373,BACKFILL_AUTO
2026-06-19 12:59:52,1781873992,R_10,4840.644,1,0.25200000000040745,BACKFILL_AUTO
2026-06-19 12:59:54,1781873994,R_10,4840.773,1,0.1289999999999054,BACKFILL_AUTO
2026-06-19 12:59:56,1781873996,R_10,4840.761,-1,0.011999999999716238,BACKFILL_AUTO
2026-06-19 12:59:58,1781873998,R_10,4840.7,-1,0.061000000000603904,BACKFILL_AUTO
2026-06-19 13:00:00,1781874000,R_10,4840.763,1,0.06300000000010186,BACKFILL_AUTO
2026-06-19 13:00:02,1781874002,R_10,4840.919,1,0.15599999999994907,BACKFILL_AUTO
2026-06-19 13:00:04,1781874004,R_10,4841.017,1,0.09799999999995634,BACKFILL_AUTO
2026-06-19 13:00:06,1781874006,R_10,4841.133,1,0.11599999999998545,BACKFILL_AUTO
2026-06-19 13:00:08,1781874008,R_10,4841.34,1,0.2070000000003347,BACKFILL_AUTO
2026-06-19 13:00:10,1781874010,R_10,4841.147,-1,0.193000000000211,BACKFILL_AUTO
2026-06-19 13:00:12,1781874012,R_10,4841.432,1,0.2849999999998545,BACKFILL_AUTO
2026-06-19 13:00:14,1781874014,R_10,4841.401,-1,0.03099999999994907,BACKFILL_AUTO
2026-06-19 13:00:16,1781874016,R_10,4841.5,1,0.09900000000016007,BACKFILL_AUTO
2026-06-19 13:00:18,1781874018,R_10,4841.654,1,0.1540000000004511,BACKFILL_AUTO
2026-06-19 13:00:20,1781874020,R_10,4841.814,1,0.15999999999985448,BACKFILL_AUTO
2026-06-19 13:00:22,1781874022,R_10,4841.848,1,0.033999999999650754,BACKFILL_AUTO
2026-06-19 13:00:24,1781874024,R_10,4841.745,-1,0.10300000000006548,BACKFILL_AUTO
2026-06-19 13:00:26,1781874026,R_10,4841.777,1,0.032000000000152795,BACKFILL_AUTO
2026-06-19 13:00:28,1781874028,R_10,4841.936,1,0.15899999999965075,BACKFILL_AUTO
2026-06-19 13:00:30,1781874030,R_10,4842.164,1,0.22800000000006548,BACKFILL_AUTO
2026-06-19 13:00:32,1781874032,R_10,4842.24,1,0.07600000000002183,BACKFILL_AUTO
2026-06-19 13:00:34,1781874034,R_10,4842.123,-1,0.11700000000018917,BACKFILL_AUTO
2026-06-19 13:00:36,1781874036,R_10,4842.209,1,0.0860000000002401,BACKFILL_AUTO
2026-06-19 13:00:38,1781874038,R_10,4842.297,1,0.08799999999973807,BACKFILL_AUTO
2026-06-19 13:00:40,1781874040,R_10,4842.341,1,0.04400000000077853,BACKFILL_AUTO
2026-06-19 13:00:42,1781874042,R_10,4842.248,-1,0.0930000000007567,BACKFILL_AUTO
2026-06-19 13:00:44,1781874044,R_10,4842.433,1,0.18500000000040018,BACKFILL_AUTO
2026-06-19 13:00:46,1781874046,R_10,4842.161,-1,0.2719999999999345,BACKFILL_AUTO
2026-06-19 13:00:48,1781874048,R_10,4842.167,1,0.006000000000312866,BACKFILL_AUTO
2026-06-19 13:00:50,1781874050,R_10,4842.257,1,0.08999999999923602,BACKFILL_AUTO
2026-06-19 13:00:52,1781874052,R_10,4842.407,1,0.1500000000005457,BACKFILL_AUTO
2026-06-19 13:00:54,1781874054,R_10,4842.551,1,0.14400000000023283,BACKFILL_AUTO
2026-06-19 13:00:56,1781874056,R_10,4842.433,-1,0.1180000000003929,BACKFILL_AUTO
2026-06-19 13:00:58,1781874058,R_10,4842.381,-1,0.05199999999967986,BACKFILL_AUTO
2026-06-19 13:01:00,1781874060,R_10,4842.285,-1,0.09600000000045839,BACKFILL_AUTO
2026-06-19 13:01:02,1781874062,R_10,4842.003,-1,0.2820000000001528,BACKFILL_AUTO
2026-06-19 13:01:04,1781874064,R_10,4842.083,1,0.07999999999992724,BACKFILL_AUTO
2026-06-19 13:01:06,1781874066,R_10,4842.112,1,0.02900000000045111,BACKFILL_AUTO
2026-06-19 13:01:08,1781874068,R_10,4841.99,-1,0.12200000000029831,BACKFILL_AUTO
2026-06-19 13:01:10,1781874070,R_10,4842.007,1,0.016999999999825377,BACKFILL_AUTO
2026-06-19 13:01:12,1781874072,R_10,4842.056,1,0.04899999999997817,BACKFILL_AUTO
2026-06-19 13:01:14,1781874074,R_10,4842.089,1,0.03300000000035652,BACKFILL_AUTO
2026-06-19 13:01:16,1781874076,R_10,4841.832,-1,0.2569999999996071,BACKFILL_AUTO
2026-06-19 13:01:18,1781874078,R_10,4841.831,-1,0.0010000000002037268,BACKFILL_AUTO
2026-06-19 13:01:20,1781874080,R_10,4841.721,-1,0.11000000000058208,BACKFILL_AUTO
2026-06-19 13:01:22,1781874082,R_10,4841.895,1,0.17400000000088767,BACKFILL_AUTO
2026-06-19 13:01:24,1781874084,R_10,4841.917,1,0.021999999999934516,BACKFILL_AUTO
2026-06-19 13:01:26,1781874086,R_10,4841.936,1,0.018999999999323336,BACKFILL_AUTO
2026-06-19 13:01:28,1781874088,R_10,4841.943,1,0.007000000000516593,BACKFILL_AUTO
2026-06-19 13:01:30,1781874090,R_10,4841.921,-1,0.021999999999934516,BACKFILL_AUTO
2026-06-19 13:01:32,1781874092,R_10,4841.988,1,0.06700000000000728,BACKFILL_AUTO
2026-06-19 13:01:34,1781874094,R_10,4842.09,1,0.10199999999986176,BACKFILL_AUTO
2026-06-19 13:01:36,1781874096,R_10,4842.16,1,0.06999999999970896,BACKFILL_AUTO
2026-06-19 13:01:38,1781874098,R_10,4842.051,-1,0.10899999999946886,BACKFILL_AUTO
2026-06-19 13:01:40,1781874100,R_10,4841.907,-1,0.14400000000023283,BACKFILL_AUTO
2026-06-19 13:01:42,1781874102,R_10,4841.613,-1,0.29399999999986903,BACKFILL_AUTO
2026-06-19 13:01:44,1781874104,R_10,4841.535,-1,0.07800000000042928,BACKFILL_AUTO
2026-06-19 13:01:46,1781874106,R_10,4841.845,1,0.3100000000004002,BACKFILL_AUTO
2026-06-19 13:01:48,1781874108,R_10,4841.748,-1,0.09700000000066211,BACKFILL_AUTO
2026-06-19 13:01:50,1781874110,R_10,4841.672,-1,0.07600000000002183,BACKFILL_AUTO
2026-06-19 13:01:52,1781874112,R_10,4841.753,1,0.08100000000013097,BACKFILL_AUTO
2026-06-19 13:01:54,1781874114,R_10,4841.767,1,0.014000000000123691,BACKFILL_AUTO
2026-06-19 13:01:56,1781874116,R_10,4841.814,1,0.04700000000048021,BACKFILL_AUTO
2026-06-19 13:01:58,1781874118,R_10,4841.765,-1,0.04899999999997817,BACKFILL_AUTO
2026-06-19 13:02:00,1781874120,R_10,4841.733,-1,0.032000000000152795,BACKFILL_AUTO
2026-06-19 13:02:02,1781874122,R_10,4841.84,1,0.1069999999999709,BACKFILL_AUTO
2026-06-19 13:02:04,1781874124,R_10,4841.854,1,0.014000000000123691,BACKFILL_AUTO
2026-06-19 13:02:06,1781874126,R_10,4841.988,1,0.13400000000001455,BACKFILL_AUTO
2026-06-19 13:02:08,1781874128,R_10,4842.018,1,0.02999999999974534,BACKFILL_AUTO
2026-06-19 13:02:10,1781874130,R_10,4842.063,1,0.04500000000007276,BACKFILL_AUTO
2026-06-19 13:02:12,1781874132,R_10,4842.195,1,0.1319999999996071,BACKFILL_AUTO
2026-06-19 13:02:14,1781874134,R_10,4842.17,-1,0.024999999999636202,BACKFILL_AUTO
2026-06-19 13:02:16,1781874136,R_10,4842.1,-1,0.06999999999970896,BACKFILL_AUTO
2026-06-19 13:02:18,1781874138,R_10,4841.871,-1,0.2290000000002692,BACKFILL_AUTO
2026-06-19 13:02:20,1781874140,R_10,4841.793,-1,0.07800000000042928,BACKFILL_AUTO
2026-06-19 13:02:22,1781874142,R_10,4842.007,1,0.2139999999999418,BACKFILL_AUTO
2026-06-19 13:02:24,1781874144,R_10,4842.111,1,0.10400000000026921,BACKFILL_AUTO
2026-06-19 13:02:26,1781874146,R_10,4842.124,1,0.012999999999919964,BACKFILL_AUTO
2026-06-19 13:02:28,1781874148,R_10,4841.823,-1,0.30099999999947613,BACKFILL_AUTO
2026-06-19 13:02:30,1781874150,R_10,4841.679,-1,0.14400000000023283,BACKFILL_AUTO
2026-06-19 13:02:32,1781874152,R_10,4841.561,-1,0.1180000000003929,BACKFILL_AUTO
2026-06-19 13:02:34,1781874154,R_10,4841.568,1,0.007000000000516593,BACKFILL_AUTO
2026-06-19 13:02:36,1781874156,R_10,4841.67,1,0.10199999999986176,BACKFILL_AUTO
2026-06-19 13:02:38,1781874158,R_10,4841.561,-1,0.10900000000037835,BACKFILL_AUTO
2026-06-19 13:02:40,1781874160,R_10,4841.288,-1,0.27300000000013824,BACKFILL_AUTO
2026-06-19 13:02:42,1781874162,R_10,4841.423,1,0.13500000000021828,BACKFILL_AUTO
2026-06-19 13:02:44,1781874164,R_10,4841.205,-1,0.2179999999998472,BACKFILL_AUTO
2026-06-19 13:02:46,1781874166,R_10,4841.334,1,0.1289999999999054,BACKFILL_AUTO
2026-06-19 13:02:48,1781874168,R_10,4841.386,1,0.05200000000058935,BACKFILL_AUTO
2026-06-19 13:02:50,1781874170,R_10,4841.477,1,0.09099999999943975,BACKFILL_AUTO
2026-06-19 13:02:52,1781874172,R_10,4841.587,1,0.11000000000058208,BACKFILL_AUTO
2026-06-19 13:02:54,1781874174,R_10,4841.639,1,0.05199999999967986,BACKFILL_AUTO
2026-06-19 13:02:56,1781874176,R_10,4841.608,-1,0.03099999999994907,BACKFILL_AUTO
2026-06-19 13:02:58,1781874178,R_10,4841.68,1,0.07200000000011642,BACKFILL_AUTO
2026-06-19 13:03:00,1781874180,R_10,4841.706,1,0.02599999999983993,BACKFILL_AUTO
2026-06-19 13:03:02,1781874182,R_10,4841.702,-1,0.0039999999999054126,BACKFILL_AUTO
2026-06-19 13:03:04,1781874184,R_10,4841.908,1,0.20600000000013097,BACKFILL_AUTO
2026-06-19 13:03:06,1781874186,R_10,4842.014,1,0.10599999999976717,BACKFILL_AUTO
2026-06-19 13:03:08,1781874188,R_10,4842.104,1,0.09000000000014552,BACKFILL_AUTO
2026-06-19 13:03:10,1781874190,R_10,4842.161,1,0.056999999999789,BACKFILL_AUTO
2026-06-19 13:03:12,1781874192,R_10,4842.363,1,0.20200000000022555,BACKFILL_AUTO
2026-06-19 13:03:14,1781874194,R_10,4842.474,1,0.11099999999987631,BACKFILL_AUTO
2026-06-19 13:03:16,1781874196,R_10,4842.329,-1,0.14500000000043656,BACKFILL_AUTO
2026-06-19 13:03:18,1781874198,R_10,4842.576,1,0.24700000000029831,BACKFILL_AUTO
2026-06-19 13:03:20,1781874200,R_10,4842.671,1,0.09500000000025466,BACKFILL_AUTO
2026-06-19 13:03:22,1781874202,R_10,4842.577,-1,0.09400000000005093,BACKFILL_AUTO
2026-06-19 13:03:24,1781874204,R_10,4842.615,1,0.03799999999955617,BACKFILL_AUTO
2026-06-19 13:03:26,1781874206,R_10,4842.58,-1,0.03499999999985448,BACKFILL_AUTO
2026-06-19 13:03:28,1781874208,R_10,4842.839,1,0.25900000000001455,BACKFILL_AUTO
2026-06-19 13:03:30,1781874210,R_10,4842.745,-1,0.09400000000005093,BACKFILL_AUTO
2026-06-19 13:03:32,1781874212,R_10,4842.738,-1,0.006999999999607098,BACKFILL_AUTO
2026-06-19 13:03:34,1781874214,R_10,4842.714,-1,0.02400000000034197,BACKFILL_AUTO
2026-06-19 13:03:36,1781874216,R_10,4842.712,-1,0.001999999999497959,BACKFILL_AUTO
2026-06-19 13:03:38,1781874218,R_10,4842.77,1,0.057999999999992724,BACKFILL_AUTO
2026-06-19 13:03:40,1781874220,R_10,4842.754,-1,0.016000000000531145,BACKFILL_AUTO
2026-06-19 13:03:42,1781874222,R_10,4842.728,-1,0.02599999999983993,BACKFILL_AUTO
2026-06-19 13:03:44,1781874224,R_10,4842.675,-1,0.052999999999883585,BACKFILL_AUTO
2026-06-19 13:03:46,1781874226,R_10,4842.629,-1,0.046000000000276486,BACKFILL_AUTO
2026-06-19 13:03:48,1781874228,R_10,4842.716,1,0.08700000000044383,BACKFILL_AUTO
2026-06-19 13:03:50,1781874230,R_10,4842.803,1,0.08699999999953434,BACKFILL_AUTO
2026-06-19 13:03:52,1781874232,R_10,4842.834,1,0.03099999999994907,BACKFILL_AUTO
2026-06-19 13:03:54,1781874234,R_10,4842.728,-1,0.10599999999976717,BACKFILL_AUTO
2026-06-19 13:03:56,1781874236,R_10,4842.823,1,0.09500000000025466,BACKFILL_AUTO
2026-06-19 13:03:58,1781874238,R_10,4842.945,1,0.12199999999938882,BACKFILL_AUTO
2026-06-19 13:04:00,1781874240,R_10,4842.771,-1,0.17399999999997817,BACKFILL_AUTO
2026-06-19 13:04:02,1781874242,R_10,4842.719,-1,0.05199999999967986,BACKFILL_AUTO
2026-06-19 13:04:04,1781874244,R_10,4842.637,-1,0.0820000000003347,BACKFILL_AUTO
2026-06-19 13:04:06,1781874246,R_10,4842.578,-1,0.058999999999286956,BACKFILL_AUTO
2026-06-19 13:04:08,1781874248,R_10,4842.728,1,0.1499999999996362,BACKFILL_AUTO
2026-06-19 13:04:10,1781874250,R_10,4842.73,1,0.001999999999497959,BACKFILL_AUTO
2026-06-19 13:04:12,1781874252,R_10,4842.773,1,0.0430000000005748,BACKFILL_AUTO
2026-06-19 13:04:14,1781874254,R_10,4842.751,-1,0.021999999999934516,BACKFILL_AUTO
2026-06-19 13:04:16,1781874256,R_10,4842.677,-1,0.07400000000052387,BACKFILL_AUTO
2026-06-19 13:04:18,1781874258,R_10,4842.682,1,0.005000000000109139,BACKFILL_AUTO
2026-06-19 13:04:20,1781874260,R_10,4842.758,1,0.07600000000002183,BACKFILL_AUTO
2026-06-19 13:04:22,1781874262,R_10,4842.85,1,0.09200000000055297,BACKFILL_AUTO
2026-06-19 13:04:24,1781874264,R_10,4842.722,-1,0.12800000000061118,BACKFILL_AUTO
2026-06-19 13:04:26,1781874266,R_10,4842.654,-1,0.06799999999930151,BACKFILL_AUTO
2026-06-19 13:04:28,1781874268,R_10,4842.819,1,0.16499999999996362,BACKFILL_AUTO
2026-06-19 13:04:30,1781874270,R_10,4842.819,0,0.0,BACKFILL_AUTO
2026-06-19 13:04:32,1781874272,R_10,4842.899,1,0.07999999999992724,BACKFILL_AUTO
2026-06-19 13:04:34,1781874274,R_10,4842.734,-1,0.16499999999996362,BACKFILL_AUTO
2026-06-19 13:04:36,1781874276,R_10,4842.532,-1,0.20200000000022555,BACKFILL_AUTO
2026-06-19 13:04:38,1781874278,R_10,4842.596,1,0.0639999999993961,BACKFILL_AUTO
2026-06-19 13:04:40,1781874280,R_10,4842.43,-1,0.16599999999925785,BACKFILL_AUTO
2026-06-19 13:04:42,1781874282,R_10,4842.358,-1,0.07200000000011642,BACKFILL_AUTO
2026-06-19 13:04:44,1781874284,R_10,4842.543,1,0.18499999999949068,BACKFILL_AUTO
2026-06-19 13:04:46,1781874286,R_10,4842.602,1,0.05900000000019645,BACKFILL_AUTO
2026-06-19 13:04:48,1781874288,R_10,4842.395,-1,0.2069999999994252,BACKFILL_AUTO
2026-06-19 13:04:50,1781874290,R_10,4842.286,-1,0.10900000000037835,BACKFILL_AUTO
2026-06-19 13:04:52,1781874292,R_10,4842.213,-1,0.07300000000032014,BACKFILL_AUTO
2026-06-19 13:04:54,1781874294,R_10,4842.313,1,0.1000000000003638,BACKFILL_AUTO
2026-06-19 13:04:56,1781874296,R_10,4842.271,-1,0.042000000000371074,BACKFILL_AUTO
2026-06-19 13:04:58,1781874298,R_10,4842.246,-1,0.024999999999636202,BACKFILL_AUTO
2026-06-19 13:05:00,1781874300,R_10,4842.199,-1,0.04700000000048021,BACKFILL_AUTO
2026-06-19 13:05:02,1781874302,R_10,4842.074,-1,0.125,BACKFILL_AUTO
2026-06-19 13:05:04,1781874304,R_10,4842.031,-1,0.042999999999665306,BACKFILL_AUTO
2026-06-19 13:05:06,1781874306,R_10,4842.029,-1,0.001999999999497959,BACKFILL_AUTO
2026-06-19 13:05:08,1781874308,R_10,4841.934,-1,0.09500000000025466,BACKFILL_AUTO
2026-06-19 13:05:10,1781874310,R_10,4842.049,1,0.11499999999978172,BACKFILL_AUTO
2026-06-19 13:05:12,1781874312,R_10,4842.178,1,0.1289999999999054,BACKFILL_AUTO
2026-06-19 13:05:14,1781874314,R_10,4842.251,1,0.07300000000032014,BACKFILL_AUTO
2026-06-19 13:05:16,1781874316,R_10,4842.309,1,0.057999999999992724,BACKFILL_AUTO
2026-06-19 13:05:18,1781874318,R_10,4842.309,0,0.0,BACKFILL_AUTO
2026-06-19 13:05:20,1781874320,R_10,4842.355,1,0.04599999999936699,BACKFILL_AUTO
2026-06-19 13:05:22,1781874322,R_10,4842.257,-1,0.09799999999995634,BACKFILL_AUTO
2026-06-19 13:05:24,1781874324,R_10,4842.336,1,0.07900000000063301,BACKFILL_AUTO
2026-06-19 13:05:26,1781874326,R_10,4842.248,-1,0.08800000000064756,BACKFILL_AUTO
2026-06-19 13:05:28,1781874328,R_10,4842.063,-1,0.18499999999949068,BACKFILL_AUTO
2026-06-19 13:05:30,1781874330,R_10,4841.954,-1,0.10900000000037835,BACKFILL_AUTO
2026-06-19 13:05:32,1781874332,R_10,4841.995,1,0.04100000000016735,BACKFILL_AUTO
2026-06-19 13:05:34,1781874334,R_10,4842.186,1,0.19099999999980355,BACKFILL_AUTO
2026-06-19 13:05:36,1781874336,R_10,4842.454,1,0.2680000000000291,BACKFILL_AUTO
2026-06-19 13:05:38,1781874338,R_10,4842.485,1,0.03099999999994907,BACKFILL_AUTO
2026-06-19 13:05:40,1781874340,R_10,4842.425,-1,0.05999999999949068,BACKFILL_AUTO
2026-06-19 13:05:42,1781874342,R_10,4842.421,-1,0.0039999999999054126,BACKFILL_AUTO
2026-06-19 13:05:44,1781874344,R_10,4842.296,-1,0.125,BACKFILL_AUTO
2026-06-19 13:05:46,1781874346,R_10,4842.246,-1,0.0500000000001819,BACKFILL_AUTO
2026-06-19 13:05:48,1781874348,R_10,4842.244,-1,0.0020000000004074536,BACKFILL_AUTO
2026-06-19 13:05:50,1781874350,R_10,4842.194,-1,0.049999999999272404,BACKFILL_AUTO
2026-06-19 13:05:52,1781874352,R_10,4842.074,-1,0.12000000000080036,BACKFILL_AUTO
2026-06-19 13:05:54,1781874354,R_10,4842.144,1,0.07000000000061846,BACKFILL_AUTO
2026-06-19 13:05:56,1781874356,R_10,4841.946,-1,0.19800000000032014,BACKFILL_AUTO
2026-06-19 13:05:58,1781874358,R_10,4842.105,1,0.15899999999965075,BACKFILL_AUTO
2026-06-19 13:06:00,1781874360,R_10,4842.084,-1,0.02099999999973079,BACKFILL_AUTO
2026-06-19 13:06:02,1781874362,R_10,4842.151,1,0.06700000000000728,BACKFILL_AUTO
2026-06-19 13:06:04,1781874364,R_10,4842.113,-1,0.03799999999955617,BACKFILL_AUTO
2026-06-19 13:06:06,1781874366,R_10,4841.93,-1,0.18299999999999272,BACKFILL_AUTO
2026-06-19 13:06:08,1781874368,R_10,4841.98,1,0.049999999999272404,BACKFILL_AUTO
2026-06-19 13:06:10,1781874370,R_10,4841.994,1,0.014000000000123691,BACKFILL_AUTO
2026-06-19 13:06:12,1781874372,R_10,4841.833,-1,0.1610000000000582,BACKFILL_AUTO
2026-06-19 13:06:14,1781874374,R_10,4841.858,1,0.025000000000545697,BACKFILL_AUTO
2026-06-19 13:06:16,1781874376,R_10,4841.799,-1,0.05900000000019645,BACKFILL_AUTO
2026-06-19 13:06:18,1781874378,R_10,4841.847,1,0.047999999999774445,BACKFILL_AUTO
2026-06-19 13:06:20,1781874380,R_10,4842.022,1,0.1750000000001819,BACKFILL_AUTO
2026-06-19 13:06:22,1781874382,R_10,4842.222,1,0.1999999999998181,BACKFILL_AUTO
2026-06-19 13:06:24,1781874384,R_10,4842.311,1,0.08899999999994179,BACKFILL_AUTO
2026-06-19 13:06:26,1781874386,R_10,4842.221,-1,0.09000000000014552,BACKFILL_AUTO
2026-06-19 13:06:28,1781874388,R_10,4842.268,1,0.04700000000048021,BACKFILL_AUTO
2026-06-19 13:06:30,1781874390,R_10,4842.141,-1,0.12700000000040745,BACKFILL_AUTO
2026-06-19 13:06:32,1781874392,R_10,4842.024,-1,0.11699999999927968,BACKFILL_AUTO
2026-06-19 13:06:34,1781874394,R_10,4841.872,-1,0.15200000000004366,BACKFILL_AUTO
2026-06-19 13:06:36,1781874396,R_10,4841.926,1,0.05400000000008731,BACKFILL_AUTO
2026-06-19 13:06:38,1781874398,R_10,4841.941,1,0.014999999999417923,BACKFILL_AUTO
2026-06-19 13:06:40,1781874400,R_10,4842.064,1,0.12300000000050204,BACKFILL_AUTO
2026-06-19 13:06:42,1781874402,R_10,4842.242,1,0.17799999999988358,BACKFILL_AUTO
2026-06-19 13:06:44,1781874404,R_10,4842.08,-1,0.16200000000026193,BACKFILL_AUTO
2026-06-19 13:06:46,1781874406,R_10,4842.121,1,0.04100000000016735,BACKFILL_AUTO
2026-06-19 13:06:48,1781874408,R_10,4842.144,1,0.023000000000138243,BACKFILL_AUTO
2026-06-19 13:06:50,1781874410,R_10,4842.449,1,0.30499999999938154,BACKFILL_AUTO
2026-06-19 13:06:52,1781874412,R_10,4842.493,1,0.04400000000077853,BACKFILL_AUTO
2026-06-19 13:06:54,1781874414,R_10,4842.433,-1,0.06000000000040018,BACKFILL_AUTO
2026-06-19 13:06:56,1781874416,R_10,4842.491,1,0.057999999999992724,BACKFILL_AUTO
2026-06-19 13:06:58,1781874418,R_10,4842.448,-1,0.042999999999665306,BACKFILL_AUTO
2026-06-19 13:07:00,1781874420,R_10,4842.445,-1,0.0030000000006111804,BACKFILL_AUTO
2026-06-19 13:07:02,1781874422,R_10,4842.703,1,0.2580000000007203,BACKFILL_AUTO
2026-06-19 13:07:04,1781874424,R_10,4842.637,-1,0.06600000000071304,BACKFILL_AUTO
2026-06-19 13:07:06,1781874426,R_10,4842.706,1,0.06900000000041473,BACKFILL_AUTO
2026-06-19 13:07:08,1781874428,R_10,4842.594,-1,0.11200000000008004,BACKFILL_AUTO
2026-06-19 13:07:10,1781874430,R_10,4842.673,1,0.07899999999972351,BACKFILL_AUTO
2026-06-19 13:07:12,1781874432,R_10,4842.701,1,0.028000000000247383,BACKFILL_AUTO
2026-06-19 13:07:14,1781874434,R_10,4842.7,-1,0.0010000000002037268,BACKFILL_AUTO
2026-06-19 13:07:16,1781874436,R_10,4842.651,-1,0.04899999999997817,BACKFILL_AUTO
2026-06-19 13:07:18,1781874438,R_10,4842.827,1,0.17600000000038563,BACKFILL_AUTO
2026-06-19 13:07:20,1781874440,R_10,4842.787,-1,0.03999999999996362,BACKFILL_AUTO
2026-06-19 13:07:22,1781874442,R_10,4842.859,1,0.07200000000011642,BACKFILL_AUTO
2026-06-19 13:07:24,1781874444,R_10,4842.995,1,0.1359999999995125,BACKFILL_AUTO
2026-06-19 13:07:26,1781874446,R_10,4843.199,1,0.2039999999997235,BACKFILL_AUTO
2026-06-19 13:07:28,1781874448,R_10,4843.311,1,0.11200000000008004,BACKFILL_AUTO
2026-06-19 13:07:30,1781874450,R_10,4843.358,1,0.04700000000048021,BACKFILL_AUTO
2026-06-19 13:07:32,1781874452,R_10,4843.458,1,0.0999999999994543,BACKFILL_AUTO
2026-06-19 13:07:34,1781874454,R_10,4843.495,1,0.037000000000261934,BACKFILL_AUTO
2026-06-19 13:07:36,1781874456,R_10,4843.348,-1,0.14699999999993452,BACKFILL_AUTO
2026-06-19 13:07:38,1781874458,R_10,4843.187,-1,0.1610000000000582,BACKFILL_AUTO
2026-06-19 13:07:40,1781874460,R_10,4843.205,1,0.018000000000029104,BACKFILL_AUTO
2026-06-19 13:07:42,1781874462,R_10,4843.088,-1,0.11700000000018917,BACKFILL_AUTO
2026-06-19 13:07:44,1781874464,R_10,4843.17,1,0.0820000000003347,BACKFILL_AUTO
2026-06-19 13:07:46,1781874466,R_10,4843.079,-1,0.09100000000034925,BACKFILL_AUTO
2026-06-19 13:07:48,1781874468,R_10,4843.084,1,0.005000000000109139,BACKFILL_AUTO
2026-06-19 13:07:50,1781874470,R_10,4842.959,-1,0.125,BACKFILL_AUTO
2026-06-19 13:07:52,1781874472,R_10,4842.908,-1,0.05099999999947613,BACKFILL_AUTO
2026-06-19 13:07:54,1781874474,R_10,4842.92,1,0.011999999999716238,BACKFILL_AUTO
2026-06-19 13:07:56,1781874476,R_10,4842.771,-1,0.14900000000034197,BACKFILL_AUTO
2026-06-19 13:07:58,1781874478,R_10,4842.828,1,0.05700000000069849,BACKFILL_AUTO
2026-06-19 13:08:00,1781874480,R_10,4842.986,1,0.15799999999944703,BACKFILL_AUTO
2026-06-19 13:08:02,1781874482,R_10,4842.958,-1,0.028000000000247383,BACKFILL_AUTO
2026-06-19 13:08:04,1781874484,R_10,4843.059,1,0.10100000000056752,BACKFILL_AUTO
2026-06-19 13:08:06,1781874486,R_10,4843.027,-1,0.032000000000152795,BACKFILL_AUTO
2026-06-19 13:08:08,1781874488,R_10,4843.199,1,0.17199999999957072,BACKFILL_AUTO
2026-06-19 13:08:10,1781874490,R_10,4843.153,-1,0.04599999999936699,BACKFILL_AUTO
2026-06-19 13:08:12,1781874492,R_10,4843.265,1,0.11200000000008004,BACKFILL_AUTO
2026-06-19 13:08:14,1781874494,R_10,4843.282,1,0.016999999999825377,BACKFILL_AUTO
2026-06-19 13:08:16,1781874496,R_10,4843.301,1,0.01900000000023283,BACKFILL_AUTO
2026-06-19 13:08:18,1781874498,R_10,4843.382,1,0.08099999999922147,BACKFILL_AUTO
2026-06-19 13:08:20,1781874500,R_10,4843.43,1,0.04800000000068394,BACKFILL_AUTO
2026-06-19 13:08:22,1781874502,R_10,4843.296,-1,0.13400000000001455,BACKFILL_AUTO
2026-06-19 13:08:24,1781874504,R_10,4843.03,-1,0.26600000000053114,BACKFILL_AUTO
2026-06-19 13:08:26,1781874506,R_10,4843.007,-1,0.023000000000138243,BACKFILL_AUTO
2026-06-19 13:08:28,1781874508,R_10,4843.106,1,0.09900000000016007,BACKFILL_AUTO
2026-06-19 13:08:30,1781874510,R_10,4843.291,1,0.18500000000040018,BACKFILL_AUTO
2026-06-19 13:08:32,1781874512,R_10,4843.269,-1,0.021999999999934516,BACKFILL_AUTO
2026-06-19 13:08:34,1781874514,R_10,4843.093,-1,0.17600000000038563,BACKFILL_AUTO
2026-06-19 13:08:36,1781874516,R_10,4843.11,1,0.016999999999825377,BACKFILL_AUTO
2026-06-19 13:08:38,1781874518,R_10,4843.336,1,0.22600000000056752,BACKFILL_AUTO
2026-06-19 13:08:40,1781874520,R_10,4843.299,-1,0.037000000000261934,BACKFILL_AUTO
2026-06-19 13:08:42,1781874522,R_10,4843.16,-1,0.1390000000001237,BACKFILL_AUTO
2026-06-19 13:08:44,1781874524,R_10,4843.386,1,0.22600000000056752,BACKFILL_AUTO
2026-06-19 13:08:46,1781874526,R_10,4843.251,-1,0.13500000000021828,BACKFILL_AUTO
2026-06-19 13:08:48,1781874528,R_10,4843.486,1,0.23499999999967258,BACKFILL_AUTO
2026-06-19 13:08:50,1781874530,R_10,4843.574,1,0.08799999999973807,BACKFILL_AUTO
2026-06-19 13:08:52,1781874532,R_10,4843.814,1,0.24000000000069122,BACKFILL_AUTO
2026-06-19 13:08:54,1781874534,R_10,4843.848,1,0.033999999999650754,BACKFILL_AUTO
2026-06-19 13:08:56,1781874536,R_10,4843.984,1,0.136000000000422,BACKFILL_AUTO
2026-06-19 13:08:58,1781874538,R_10,4844.013,1,0.028999999999541615,BACKFILL_AUTO
2026-06-19 13:09:00,1781874540,R_10,4844.086,1,0.07300000000032014,BACKFILL_AUTO
2026-06-19 13:09:02,1781874542,R_10,4844.132,1,0.04599999999936699,BACKFILL_AUTO
2026-06-19 13:09:04,1781874544,R_10,4843.911,-1,0.2209999999995489,BACKFILL_AUTO
2026-06-19 13:09:06,1781874546,R_10,4843.918,1,0.006999999999607098,BACKFILL_AUTO
2026-06-19 13:09:08,1781874548,R_10,4844.049,1,0.13100000000031287,BACKFILL_AUTO
2026-06-19 13:09:10,1781874550,R_10,4844.221,1,0.17199999999957072,BACKFILL_AUTO
2026-06-19 13:09:12,1781874552,R_10,4844.225,1,0.004000000000814907,BACKFILL_AUTO
2026-06-19 13:09:14,1781874554,R_10,4844.144,-1,0.08100000000013097,BACKFILL_AUTO
2026-06-19 13:09:16,1781874556,R_10,4844.397,1,0.2529999999997017,BACKFILL_AUTO
2026-06-19 13:09:18,1781874558,R_10,4844.258,-1,0.1390000000001237,BACKFILL_AUTO
2026-06-19 13:09:20,1781874560,R_10,4844.091,-1,0.16699999999946158,BACKFILL_AUTO
2026-06-19 13:09:22,1781874562,R_10,4844.138,1,0.04699999999957072,BACKFILL_AUTO
2026-06-19 13:09:24,1781874564,R_10,4844.112,-1,0.02599999999983993,BACKFILL_AUTO
2026-06-19 13:09:26,1781874566,R_10,4844.157,1,0.04500000000007276,BACKFILL_AUTO
2026-06-19 13:09:28,1781874568,R_10,4843.951,-1,0.20600000000013097,BACKFILL_AUTO
2026-06-19 13:09:30,1781874570,R_10,4843.905,-1,0.046000000000276486,BACKFILL_AUTO
2026-06-19 13:09:32,1781874572,R_10,4843.845,-1,0.05999999999949068,BACKFILL_AUTO
2026-06-19 13:09:34,1781874574,R_10,4843.866,1,0.02099999999973079,BACKFILL_AUTO
2026-06-19 13:09:36,1781874576,R_10,4843.943,1,0.07700000000022555,BACKFILL_AUTO
2026-06-19 13:09:38,1781874578,R_10,4843.726,-1,0.21700000000055297,BACKFILL_AUTO
2026-06-19 13:09:40,1781874580,R_10,4843.753,1,0.027000000000043656,BACKFILL_AUTO
2026-06-19 13:09:42,1781874582,R_10,4843.884,1,0.13100000000031287,BACKFILL_AUTO
2026-06-19 13:09:44,1781874584,R_10,4843.73,-1,0.1540000000004511,BACKFILL_AUTO
2026-06-19 13:09:46,1781874586,R_10,4843.733,1,0.0030000000006111804,BACKFILL_AUTO
2026-06-19 13:09:48,1781874588,R_10,4843.719,-1,0.014000000000123691,BACKFILL_AUTO
2026-06-19 13:09:50,1781874590,R_10,4843.98,1,0.2609999999995125,BACKFILL_AUTO
2026-06-19 13:09:52,1781874592,R_10,4843.699,-1,0.28099999999994907,BACKFILL_AUTO
2026-06-19 13:09:54,1781874594,R_10,4843.485,-1,0.2139999999999418,BACKFILL_AUTO
2026-06-19 13:09:56,1781874596,R_10,4843.32,-1,0.16499999999996362,BACKFILL_AUTO
2026-06-19 13:09:58,1781874598,R_10,4843.37,1,0.0500000000001819,BACKFILL_AUTO
2026-06-19 13:10:00,1781874600,R_10,4843.574,1,0.2039999999997235,BACKFILL_AUTO
2026-06-19 13:10:02,1781874602,R_10,4843.473,-1,0.10099999999965803,BACKFILL_AUTO
2026-06-19 13:10:04,1781874604,R_10,4843.609,1,0.136000000000422,BACKFILL_AUTO
2026-06-19 13:10:06,1781874606,R_10,4843.378,-1,0.23100000000067666,BACKFILL_AUTO
2026-06-19 13:10:08,1781874608,R_10,4843.426,1,0.04800000000068394,BACKFILL_AUTO
2026-06-19 13:10:10,1781874610,R_10,4843.326,-1,0.1000000000003638,BACKFILL_AUTO
2026-06-19 13:10:12,1781874612,R_10,4843.272,-1,0.05400000000008731,BACKFILL_AUTO
2026-06-19 13:10:14,1781874614,R_10,4843.31,1,0.03800000000046566,BACKFILL_AUTO
2026-06-19 13:10:16,1781874616,R_10,4843.278,-1,0.032000000000152795,BACKFILL_AUTO
2026-06-19 13:10:18,1781874618,R_10,4843.311,1,0.03299999999944703,BACKFILL_AUTO
2026-06-19 13:10:20,1781874620,R_10,4843.437,1,0.12600000000020373,BACKFILL_AUTO
2026-06-19 13:10:22,1781874622,R_10,4843.449,1,0.011999999999716238,BACKFILL_AUTO
2026-06-19 13:10:24,1781874624,R_10,4843.411,-1,0.03799999999955617,BACKFILL_AUTO
2026-06-19 13:10:26,1781874626,R_10,4843.36,-1,0.051000000000385626,BACKFILL_AUTO
2026-06-19 13:10:28,1781874628,R_10,4843.418,1,0.057999999999992724,BACKFILL_AUTO
2026-06-19 13:10:30,1781874630,R_10,4843.158,-1,0.2599999999993088,BACKFILL_AUTO
2026-06-19 13:10:32,1781874632,R_10,4842.942,-1,0.21600000000034925,BACKFILL_AUTO
2026-06-19 13:10:34,1781874634,R_10,4842.943,1,0.0010000000002037268,BACKFILL_AUTO
2026-06-19 13:10:36,1781874636,R_10,4843.097,1,0.15399999999954161,BACKFILL_AUTO
2026-06-19 13:10:38,1781874638,R_10,4843.071,-1,0.02599999999983993,BACKFILL_AUTO
2026-06-19 13:10:40,1781874640,R_10,4843.005,-1,0.06599999999980355,BACKFILL_AUTO
2026-06-19 13:10:42,1781874642,R_10,4842.913,-1,0.09200000000055297,BACKFILL_AUTO
2026-06-19 13:10:44,1781874644,R_10,4842.931,1,0.018000000000029104,BACKFILL_AUTO
2026-06-19 13:10:46,1781874646,R_10,4842.852,-1,0.07899999999972351,BACKFILL_AUTO
2026-06-19 13:10:48,1781874648,R_10,4842.758,-1,0.09400000000005093,BACKFILL_AUTO
2026-06-19 13:10:50,1781874650,R_10,4842.833,1,0.0749999999998181,BACKFILL_AUTO
2026-06-19 13:10:52,1781874652,R_10,4842.719,-1,0.113999999999578,BACKFILL_AUTO
2026-06-19 13:10:54,1781874654,R_10,4842.57,-1,0.14900000000034197,BACKFILL_AUTO
2026-06-19 13:10:56,1781874656,R_10,4842.669,1,0.09900000000016007,BACKFILL_AUTO
2026-06-19 13:10:58,1781874658,R_10,4842.583,-1,0.0860000000002401,BACKFILL_AUTO
2026-06-19 13:11:00,1781874660,R_10,4842.343,-1,0.23999999999978172,BACKFILL_AUTO
2026-06-19 13:11:02,1781874662,R_10,4842.356,1,0.012999999999919964,BACKFILL_AUTO
2026-06-19 13:11:04,1781874664,R_10,4842.163,-1,0.193000000000211,BACKFILL_AUTO
2026-06-19 13:11:06,1781874666,R_10,4842.324,1,0.1610000000000582,BACKFILL_AUTO
2026-06-19 13:11:08,1781874668,R_10,4842.173,-1,0.15099999999983993,BACKFILL_AUTO
2026-06-19 13:11:10,1781874670,R_10,4841.936,-1,0.23700000000008004,BACKFILL_AUTO
2026-06-19 13:11:12,1781874672,R_10,4841.797,-1,0.1390000000001237,BACKFILL_AUTO
2026-06-19 13:11:14,1781874674,R_10,4841.693,-1,0.10399999999935972,BACKFILL_AUTO
2026-06-19 13:11:16,1781874676,R_10,4841.78,1,0.08699999999953434,BACKFILL_AUTO
2026-06-19 13:11:18,1781874678,R_10,4841.637,-1,0.1430000000000291,BACKFILL_AUTO
2026-06-19 13:11:20,1781874680,R_10,4841.734,1,0.09700000000066211,BACKFILL_AUTO
2026-06-19 13:11:22,1781874682,R_10,4841.677,-1,0.05700000000069849,BACKFILL_AUTO
2026-06-19 13:11:24,1781874684,R_10,4841.462,-1,0.21499999999923602,BACKFILL_AUTO
2026-06-19 13:11:26,1781874686,R_10,4841.393,-1,0.06900000000041473,BACKFILL_AUTO
2026-06-19 13:11:28,1781874688,R_10,4841.437,1,0.04399999999986903,BACKFILL_AUTO
2026-06-19 13:11:30,1781874690,R_10,4841.53,1,0.0929999999998472,BACKFILL_AUTO
2026-06-19 13:11:32,1781874692,R_10,4841.731,1,0.20100000000002183,BACKFILL_AUTO
2026-06-19 13:11:34,1781874694,R_10,4841.642,-1,0.08899999999994179,BACKFILL_AUTO
2026-06-19 13:11:36,1781874696,R_10,4841.638,-1,0.0039999999999054126,BACKFILL_AUTO
2026-06-19 13:11:38,1781874698,R_10,4841.536,-1,0.10199999999986176,BACKFILL_AUTO
2026-06-19 13:11:40,1781874700,R_10,4841.753,1,0.21699999999964348,BACKFILL_AUTO
2026-06-19 13:11:42,1781874702,R_10,4841.823,1,0.07000000000061846,BACKFILL_AUTO
2026-06-19 13:11:44,1781874704,R_10,4841.709,-1,0.11400000000048749,BACKFILL_AUTO
2026-06-19 13:11:46,1781874706,R_10,4841.773,1,0.06400000000030559,BACKFILL_AUTO
2026-06-19 13:11:48,1781874708,R_10,4841.859,1,0.0860000000002401,BACKFILL_AUTO
2026-06-19 13:11:50,1781874710,R_10,4841.975,1,0.11599999999998545,BACKFILL_AUTO
2026-06-19 13:11:52,1781874712,R_10,4841.994,1,0.018999999999323336,BACKFILL_AUTO
2026-06-19 13:11:54,1781874714,R_10,4841.925,-1,0.06899999999950523,BACKFILL_AUTO
2026-06-19 13:11:56,1781874716,R_10,4841.953,1,0.028000000000247383,BACKFILL_AUTO
2026-06-19 13:11:58,1781874718,R_10,4841.991,1,0.03799999999955617,BACKFILL_AUTO
2026-06-19 13:12:00,1781874720,R_10,4842.048,1,0.056999999999789,BACKFILL_AUTO
2026-06-19 13:12:02,1781874722,R_10,4842.159,1,0.11099999999987631,BACKFILL_AUTO
2026-06-19 13:12:04,1781874724,R_10,4842.241,1,0.0820000000003347,BACKFILL_AUTO
2026-06-19 13:12:06,1781874726,R_10,4842.564,1,0.32300000000032014,BACKFILL_AUTO
2026-06-19 13:12:08,1781874728,R_10,4842.571,1,0.006999999999607098,BACKFILL_AUTO
2026-06-19 13:12:10,1781874730,R_10,4842.439,-1,0.1319999999996071,BACKFILL_AUTO
2026-06-19 13:12:12,1781874732,R_10,4842.355,-1,0.08400000000074215,BACKFILL_AUTO
2026-06-19 13:12:14,1781874734,R_10,4842.407,1,0.05200000000058935,BACKFILL_AUTO
2026-06-19 13:12:16,1781874736,R_10,4842.486,1,0.07899999999972351,BACKFILL_AUTO
2026-06-19 13:12:18,1781874738,R_10,4842.521,1,0.03499999999985448,BACKFILL_AUTO
2026-06-19 13:12:20,1781874740,R_10,4842.336,-1,0.18499999999949068,BACKFILL_AUTO
2026-06-19 13:12:22,1781874742,R_10,4842.502,1,0.16600000000016735,BACKFILL_AUTO
2026-06-19 13:12:24,1781874744,R_10,4842.466,-1,0.03600000000005821,BACKFILL_AUTO
2026-06-19 13:12:26,1781874746,R_10,4842.457,-1,0.009000000000014552,BACKFILL_AUTO
2026-06-19 13:12:28,1781874748,R_10,4842.354,-1,0.10300000000006548,BACKFILL_AUTO
2026-06-19 13:12:30,1781874750,R_10,4842.326,-1,0.028000000000247383,BACKFILL_AUTO
2026-06-19 13:12:32,1781874752,R_10,4842.204,-1,0.12200000000029831,BACKFILL_AUTO
2026-06-19 13:12:34,1781874754,R_10,4842.132,-1,0.07200000000011642,BACKFILL_AUTO
2026-06-19 13:12:36,1781874756,R_10,4842.037,-1,0.09499999999934516,BACKFILL_AUTO
2026-06-19 13:12:38,1781874758,R_10,4842.023,-1,0.014000000000123691,BACKFILL_AUTO
2026-06-19 13:12:40,1781874760,R_10,4842.07,1,0.04699999999957072,BACKFILL_AUTO
2026-06-19 13:12:42,1781874762,R_10,4842.171,1,0.10100000000056752,BACKFILL_AUTO
2026-06-19 13:12:44,1781874764,R_10,4842.173,1,0.001999999999497959,BACKFILL_AUTO
2026-06-19 13:12:46,1781874766,R_10,4842.104,-1,0.06899999999950523,BACKFILL_AUTO
2026-06-19 13:12:48,1781874768,R_10,4842.089,-1,0.015000000000327418,BACKFILL_AUTO
2026-06-19 13:12:50,1781874770,R_10,4841.955,-1,0.13400000000001455,BACKFILL_AUTO
2026-06-19 13:12:52,1781874772,R_10,4841.785,-1,0.17000000000007276,BACKFILL_AUTO
2026-06-19 13:12:54,1781874774,R_10,4841.714,-1,0.07099999999991269,BACKFILL_AUTO
2026-06-19 13:12:56,1781874776,R_10,4841.742,1,0.028000000000247383,BACKFILL_AUTO
2026-06-19 13:12:58,1781874778,R_10,4841.658,-1,0.08399999999983265,BACKFILL_AUTO
2026-06-19 13:13:00,1781874780,R_10,4841.577,-1,0.08100000000013097,BACKFILL_AUTO
2026-06-19 13:13:02,1781874782,R_10,4841.652,1,0.0749999999998181,BACKFILL_AUTO
2026-06-19 13:13:04,1781874784,R_10,4841.691,1,0.03899999999975989,BACKFILL_AUTO
2026-06-19 13:13:06,1781874786,R_10,4841.779,1,0.08800000000064756,BACKFILL_AUTO
2026-06-19 13:13:08,1781874788,R_10,4841.687,-1,0.09200000000055297,BACKFILL_AUTO
2026-06-19 13:13:10,1781874790,R_10,4841.639,-1,0.047999999999774445,BACKFILL_AUTO
2026-06-19 13:13:12,1781874792,R_10,4841.559,-1,0.07999999999992724,BACKFILL_AUTO
2026-06-19 13:13:14,1781874794,R_10,4841.51,-1,0.04899999999997817,BACKFILL_AUTO
2026-06-19 13:13:16,1781874796,R_10,4841.292,-1,0.2179999999998472,BACKFILL_AUTO
2026-06-19 13:13:18,1781874798,R_10,4841.505,1,0.21299999999973807,BACKFILL_AUTO
2026-06-19 13:13:20,1781874800,R_10,4841.431,-1,0.07400000000052387,BACKFILL_AUTO
2026-06-19 13:13:22,1781874802,R_10,4841.453,1,0.02200000000084401,BACKFILL_AUTO
2026-06-19 13:13:24,1781874804,R_10,4841.341,-1,0.11200000000008004,BACKFILL_AUTO
2026-06-19 13:13:26,1781874806,R_10,4841.33,-1,0.011000000000422006,BACKFILL_AUTO
2026-06-19 13:13:28,1781874808,R_10,4841.369,1,0.03899999999975989,BACKFILL_AUTO
2026-06-19 13:13:30,1781874810,R_10,4841.53,1,0.1610000000000582,BACKFILL_AUTO
2026-06-19 13:13:32,1781874812,R_10,4841.43,-1,0.0999999999994543,BACKFILL_AUTO
2026-06-19 13:13:34,1781874814,R_10,4841.173,-1,0.2570000000005166,BACKFILL_AUTO
2026-06-19 13:13:36,1781874816,R_10,4841.193,1,0.020000000000436557,BACKFILL_AUTO
2026-06-19 13:13:38,1781874818,R_10,4841.213,1,0.019999999999527063,BACKFILL_AUTO
2026-06-19 13:13:40,1781874820,R_10,4841.251,1,0.03800000000046566,BACKFILL_AUTO
2026-06-19 13:13:42,1781874822,R_10,4841.312,1,0.06099999999969441,BACKFILL_AUTO
2026-06-19 13:13:44,1781874824,R_10,4841.413,1,0.10099999999965803,BACKFILL_AUTO
2026-06-19 13:13:46,1781874826,R_10,4841.603,1,0.19000000000050932,BACKFILL_AUTO
2026-06-19 13:13:48,1781874828,R_10,4841.571,-1,0.032000000000152795,BACKFILL_AUTO
2026-06-19 13:13:50,1781874830,R_10,4841.676,1,0.10500000000047294,BACKFILL_AUTO
2026-06-19 13:13:52,1781874832,R_10,4841.713,1,0.03699999999935244,BACKFILL_AUTO
2026-06-19 13:13:54,1781874834,R_10,4841.71,-1,0.0029999999997016857,BACKFILL_AUTO
2026-06-19 13:13:56,1781874836,R_10,4841.556,-1,0.1540000000004511,BACKFILL_AUTO
2026-06-19 13:13:58,1781874838,R_10,4841.531,-1,0.024999999999636202,BACKFILL_AUTO
2026-06-19 13:14:00,1781874840,R_10,4841.45,-1,0.08100000000013097,BACKFILL_AUTO
2026-06-19 13:14:02,1781874842,R_10,4841.704,1,0.2539999999999054,BACKFILL_AUTO
2026-06-19 13:14:04,1781874844,R_10,4841.517,-1,0.18699999999989814,BACKFILL_AUTO
2026-06-19 13:14:06,1781874846,R_10,4841.366,-1,0.15099999999983993,BACKFILL_AUTO
2026-06-19 13:14:08,1781874848,R_10,4841.267,-1,0.09900000000016007,BACKFILL_AUTO
2026-06-19 13:14:10,1781874850,R_10,4841.228,-1,0.03899999999975989,BACKFILL_AUTO
2026-06-19 13:14:12,1781874852,R_10,4841.237,1,0.009000000000014552,BACKFILL_AUTO
2026-06-19 13:14:14,1781874854,R_10,4841.164,-1,0.07300000000032014,BACKFILL_AUTO
2026-06-19 13:14:16,1781874856,R_10,4841.097,-1,0.06700000000000728,BACKFILL_AUTO
2026-06-19 13:14:18,1781874858,R_10,4840.989,-1,0.10800000000017462,BACKFILL_AUTO
2026-06-19 13:14:20,1781874860,R_10,4841.058,1,0.06900000000041473,BACKFILL_AUTO
2026-06-19 13:14:22,1781874862,R_10,4841.045,-1,0.012999999999919964,BACKFILL_AUTO
2026-06-19 13:14:24,1781874864,R_10,4840.942,-1,0.10300000000006548,BACKFILL_AUTO
2026-06-19 13:14:26,1781874866,R_10,4841.058,1,0.11599999999998545,BACKFILL_AUTO
2026-06-19 13:14:28,1781874868,R_10,4840.932,-1,0.12600000000020373,BACKFILL_AUTO
2026-06-19 13:14:30,1781874870,R_10,4840.948,1,0.016000000000531145,BACKFILL_AUTO
2026-06-19 13:14:32,1781874872,R_10,4840.986,1,0.03799999999955617,BACKFILL_AUTO
2026-06-19 13:14:34,1781874874,R_10,4841.017,1,0.03099999999994907,BACKFILL_AUTO
2026-06-19 13:14:36,1781874876,R_10,4840.985,-1,0.032000000000152795,BACKFILL_AUTO
2026-06-19 13:14:38,1781874878,R_10,4840.959,-1,0.02599999999983993,BACKFILL_AUTO
2026-06-19 13:14:40,1781874880,R_10,4841.054,1,0.09500000000025466,BACKFILL_AUTO
2026-06-19 13:14:42,1781874882,R_10,4840.841,-1,0.21299999999973807,BACKFILL_AUTO
2026-06-19 13:14:44,1781874884,R_10,4840.912,1,0.07099999999991269,BACKFILL_AUTO
2026-06-19 13:14:46,1781874886,R_10,4840.939,1,0.027000000000043656,BACKFILL_AUTO
2026-06-19 13:14:48,1781874888,R_10,4840.787,-1,0.15200000000004366,BACKFILL_AUTO
2026-06-19 13:14:50,1781874890,R_10,4841.004,1,0.21699999999964348,BACKFILL_AUTO
2026-06-19 13:14:52,1781874892,R_10,4840.922,-1,0.0820000000003347,BACKFILL_AUTO
2026-06-19 13:14:54,1781874894,R_10,4840.62,-1,0.30199999999967986,BACKFILL_AUTO
2026-06-19 13:14:56,1781874896,R_10,4840.934,1,0.3140000000003056,BACKFILL_AUTO
2026-06-19 13:14:58,1781874898,R_10,4840.809,-1,0.125,BACKFILL_AUTO
2026-06-19 13:15:00,1781874900,R_10,4840.669,-1,0.14000000000032742,BACKFILL_AUTO
2026-06-19 13:15:02,1781874902,R_10,4840.675,1,0.006000000000312866,BACKFILL_AUTO
2026-06-19 13:15:04,1781874904,R_10,4840.779,1,0.10400000000026921,BACKFILL_AUTO
2026-06-19 13:15:06,1781874906,R_10,4840.751,-1,0.028000000000247383,BACKFILL_AUTO
2026-06-19 13:15:08,1781874908,R_10,4840.812,1,0.06099999999969441,BACKFILL_AUTO
2026-06-19 13:15:10,1781874910,R_10,4840.777,-1,0.03499999999985448,BACKFILL_AUTO
2026-06-19 13:15:12,1781874912,R_10,4840.649,-1,0.12799999999970169,BACKFILL_AUTO
2026-06-19 13:15:14,1781874914,R_10,4840.535,-1,0.11400000000048749,BACKFILL_AUTO
2026-06-19 13:15:16,1781874916,R_10,4840.594,1,0.05900000000019645,BACKFILL_AUTO
2026-06-19 13:15:18,1781874918,R_10,4840.525,-1,0.06900000000041473,BACKFILL_AUTO
2026-06-19 13:15:20,1781874920,R_10,4840.612,1,0.08700000000044383,BACKFILL_AUTO
2026-06-19 13:15:22,1781874922,R_10,4840.11,-1,0.5020000000004075,BACKFILL_AUTO
2026-06-19 13:15:24,1781874924,R_10,4840.176,1,0.06600000000071304,BACKFILL_AUTO
2026-06-19 13:15:26,1781874926,R_10,4839.918,-1,0.2580000000007203,BACKFILL_AUTO
2026-06-19 13:15:28,1781874928,R_10,4839.898,-1,0.019999999999527063,BACKFILL_AUTO
2026-06-19 13:15:30,1781874930,R_10,4839.893,-1,0.005000000000109139,BACKFILL_AUTO
2026-06-19 13:15:32,1781874932,R_10,4839.94,1,0.04699999999957072,BACKFILL_AUTO
2026-06-19 13:15:34,1781874934,R_10,4840.037,1,0.09700000000066211,BACKFILL_AUTO
2026-06-19 13:15:36,1781874936,R_10,4840.075,1,0.03799999999955617,BACKFILL_AUTO
2026-06-19 13:15:38,1781874938,R_10,4840.185,1,0.11000000000058208,BACKFILL_AUTO
2026-06-19 13:15:40,1781874940,R_10,4840.352,1,0.16699999999946158,BACKFILL_AUTO
2026-06-19 13:15:42,1781874942,R_10,4840.325,-1,0.027000000000043656,BACKFILL_AUTO
2026-06-19 13:15:44,1781874944,R_10,4840.439,1,0.11400000000048749,BACKFILL_AUTO
2026-06-19 13:15:46,1781874946,R_10,4840.432,-1,0.007000000000516593,BACKFILL_AUTO
2026-06-19 13:15:48,1781874948,R_10,4840.568,1,0.136000000000422,BACKFILL_AUTO
2026-06-19 13:15:50,1781874950,R_10,4840.265,-1,0.3029999999998836,BACKFILL_AUTO
2026-06-19 13:15:52,1781874952,R_10,4840.226,-1,0.03900000000066939,BACKFILL_AUTO
2026-06-19 13:15:54,1781874954,R_10,4840.233,1,0.007000000000516593,BACKFILL_AUTO
2026-06-19 13:15:56,1781874956,R_10,4840.324,1,0.09099999999943975,BACKFILL_AUTO
2026-06-19 13:15:58,1781874958,R_10,4840.401,1,0.07700000000022555,BACKFILL_AUTO
2026-06-19 13:16:00,1781874960,R_10,4840.526,1,0.125,BACKFILL_AUTO
2026-06-19 13:16:02,1781874962,R_10,4840.585,1,0.05900000000019645,BACKFILL_AUTO
2026-06-19 13:16:04,1781874964,R_10,4840.472,-1,0.11300000000028376,BACKFILL_AUTO
2026-06-19 13:16:06,1781874966,R_10,4840.633,1,0.1610000000000582,BACKFILL_AUTO
2026-06-19 13:16:08,1781874968,R_10,4840.683,1,0.0500000000001819,BACKFILL_AUTO
2026-06-19 13:16:10,1781874970,R_10,4840.639,-1,0.04399999999986903,BACKFILL_AUTO
2026-06-19 13:16:12,1781874972,R_10,4840.684,1,0.04500000000007276,BACKFILL_AUTO
2026-06-19 13:16:14,1781874974,R_10,4840.743,1,0.05900000000019645,BACKFILL_AUTO
2026-06-19 13:16:16,1781874976,R_10,4840.818,1,0.0749999999998181,BACKFILL_AUTO
2026-06-19 13:16:18,1781874978,R_10,4840.749,-1,0.06900000000041473,BACKFILL_AUTO
2026-06-19 13:16:20,1781874980,R_10,4840.8,1,0.051000000000385626,BACKFILL_AUTO
2026-06-19 13:16:22,1781874982,R_10,4841.01,1,0.21000000000003638,BACKFILL_AUTO
2026-06-19 13:16:24,1781874984,R_10,4840.957,-1,0.052999999999883585,BACKFILL_AUTO
2026-06-19 13:16:26,1781874986,R_10,4841.043,1,0.08599999999933061,BACKFILL_AUTO
2026-06-19 13:16:28,1781874988,R_10,4841.096,1,0.052999999999883585,BACKFILL_AUTO
2026-06-19 13:16:30,1781874990,R_10,4841.218,1,0.12200000000029831,BACKFILL_AUTO
2026-06-19 13:16:32,1781874992,R_10,4841.214,-1,0.0039999999999054126,BACKFILL_AUTO
2026-06-19 13:16:34,1781874994,R_10,4841.206,-1,0.007999999999810825,BACKFILL_AUTO
2026-06-19 13:16:36,1781874996,R_10,4841.095,-1,0.11099999999987631,BACKFILL_AUTO
2026-06-19 13:16:38,1781874998,R_10,4841.136,1,0.04100000000016735,BACKFILL_AUTO
2026-06-19 13:16:40,1781875000,R_10,4841.119,-1,0.01700000000073487,BACKFILL_AUTO
2026-06-19 13:16:42,1781875002,R_10,4840.973,-1,0.1459999999997308,BACKFILL_AUTO
2026-06-19 13:16:44,1781875004,R_10,4840.93,-1,0.042999999999665306,BACKFILL_AUTO
2026-06-19 13:16:46,1781875006,R_10,4841.022,1,0.09199999999964348,BACKFILL_AUTO
2026-06-19 13:16:48,1781875008,R_10,4841.067,1,0.04500000000007276,BACKFILL_AUTO
2026-06-19 13:16:50,1781875010,R_10,4841.09,1,0.023000000000138243,BACKFILL_AUTO
2026-06-19 13:16:52,1781875012,R_10,4841.137,1,0.04699999999957072,BACKFILL_AUTO
2026-06-19 13:16:54,1781875014,R_10,4841.134,-1,0.0029999999997016857,BACKFILL_AUTO
2026-06-19 13:16:56,1781875016,R_10,4841.127,-1,0.006999999999607098,BACKFILL_AUTO
2026-06-19 13:16:58,1781875018,R_10,4841.101,-1,0.026000000000749424,BACKFILL_AUTO
2026-06-19 13:17:00,1781875020,R_10,4841.112,1,0.011000000000422006,BACKFILL_AUTO
2026-06-19 13:17:02,1781875022,R_10,4841.183,1,0.07099999999991269,BACKFILL_AUTO
2026-06-19 13:17:04,1781875024,R_10,4841.374,1,0.19099999999980355,BACKFILL_AUTO
2026-06-19 13:17:06,1781875026,R_10,4841.481,1,0.1069999999999709,BACKFILL_AUTO
2026-06-19 13:17:08,1781875028,R_10,4841.395,-1,0.08599999999933061,BACKFILL_AUTO
2026-06-19 13:17:10,1781875030,R_10,4841.558,1,0.16299999999955617,BACKFILL_AUTO
2026-06-19 13:17:12,1781875032,R_10,4841.635,1,0.07700000000022555,BACKFILL_AUTO
2026-06-19 13:17:14,1781875034,R_10,4841.727,1,0.09199999999964348,BACKFILL_AUTO
2026-06-19 13:17:16,1781875036,R_10,4841.607,-1,0.11999999999989086,BACKFILL_AUTO
2026-06-19 13:17:18,1781875038,R_10,4841.593,-1,0.014000000000123691,BACKFILL_AUTO
2026-06-19 13:17:20,1781875040,R_10,4841.561,-1,0.032000000000152795,BACKFILL_AUTO
2026-06-19 13:17:22,1781875042,R_10,4841.49,-1,0.07099999999991269,BACKFILL_AUTO
2026-06-19 13:17:24,1781875044,R_10,4841.545,1,0.05500000000029104,BACKFILL_AUTO
2026-06-19 13:17:26,1781875046,R_10,4841.588,1,0.042999999999665306,BACKFILL_AUTO
2026-06-19 13:17:28,1781875048,R_10,4841.6,1,0.012000000000625732,BACKFILL_AUTO
2026-06-19 13:17:30,1781875050,R_10,4841.515,-1,0.08500000000003638,BACKFILL_AUTO
2026-06-19 13:17:32,1781875052,R_10,4841.6,1,0.08500000000003638,BACKFILL_AUTO
2026-06-19 13:17:34,1781875054,R_10,4841.727,1,0.12699999999949796,BACKFILL_AUTO
2026-06-19 13:17:36,1781875056,R_10,4841.584,-1,0.1430000000000291,BACKFILL_AUTO
2026-06-19 13:17:38,1781875058,R_10,4841.638,1,0.05400000000008731,BACKFILL_AUTO
2026-06-19 13:17:40,1781875060,R_10,4841.404,-1,0.23399999999946886,BACKFILL_AUTO
2026-06-19 13:17:42,1781875062,R_10,4841.478,1,0.07399999999961437,BACKFILL_AUTO
2026-06-19 13:17:44,1781875064,R_10,4841.684,1,0.20600000000013097,BACKFILL_AUTO
2026-06-19 13:17:46,1781875066,R_10,4841.426,-1,0.2579999999998108,BACKFILL_AUTO
2026-06-19 13:17:48,1781875068,R_10,4841.434,1,0.007999999999810825,BACKFILL_AUTO
2026-06-19 13:17:50,1781875070,R_10,4841.406,-1,0.028000000000247383,BACKFILL_AUTO
2026-06-19 13:17:52,1781875072,R_10,4841.449,1,0.042999999999665306,BACKFILL_AUTO
2026-06-19 13:17:54,1781875074,R_10,4841.484,1,0.035000000000763976,BACKFILL_AUTO
2026-06-19 13:17:56,1781875076,R_10,4841.609,1,0.125,BACKFILL_AUTO
2026-06-19 13:17:58,1781875078,R_10,4841.496,-1,0.11300000000028376,BACKFILL_AUTO
2026-06-19 13:18:00,1781875080,R_10,4841.44,-1,0.056000000000494765,BACKFILL_AUTO
2026-06-19 13:18:02,1781875082,R_10,4841.584,1,0.14400000000023283,BACKFILL_AUTO
2026-06-19 13:18:04,1781875084,R_10,4841.718,1,0.13400000000001455,BACKFILL_AUTO
2026-06-19 13:18:06,1781875086,R_10,4841.604,-1,0.113999999999578,BACKFILL_AUTO
2026-06-19 13:18:08,1781875088,R_10,4841.756,1,0.15200000000004366,BACKFILL_AUTO
2026-06-19 13:18:10,1781875090,R_10,4841.556,-1,0.2000000000007276,BACKFILL_AUTO
2026-06-19 13:18:12,1781875092,R_10,4841.559,1,0.0030000000006111804,BACKFILL_AUTO
2026-06-19 13:18:14,1781875094,R_10,4841.661,1,0.10199999999986176,BACKFILL_AUTO
2026-06-19 13:18:16,1781875096,R_10,4841.808,1,0.14699999999993452,BACKFILL_AUTO
2026-06-19 13:18:18,1781875098,R_10,4841.657,-1,0.15099999999983993,BACKFILL_AUTO
2026-06-19 13:18:20,1781875100,R_10,4841.779,1,0.12200000000029831,BACKFILL_AUTO
2026-06-19 13:18:22,1781875102,R_10,4841.711,-1,0.068000000000211,BACKFILL_AUTO
2026-06-19 13:18:24,1781875104,R_10,4841.74,1,0.028999999999541615,BACKFILL_AUTO
2026-06-19 13:18:26,1781875106,R_10,4841.639,-1,0.10099999999965803,BACKFILL_AUTO
2026-06-19 13:18:28,1781875108,R_10,4841.906,1,0.2669999999998254,BACKFILL_AUTO
2026-06-19 13:18:30,1781875110,R_10,4841.876,-1,0.02999999999974534,BACKFILL_AUTO
2026-06-19 13:18:32,1781875112,R_10,4841.845,-1,0.03099999999994907,BACKFILL_AUTO
2026-06-19 13:18:34,1781875114,R_10,4841.904,1,0.05900000000019645,BACKFILL_AUTO
2026-06-19 13:18:36,1781875116,R_10,4842.033,1,0.1289999999999054,BACKFILL_AUTO
2026-06-19 13:18:38,1781875118,R_10,4841.959,-1,0.07400000000052387,BACKFILL_AUTO
2026-06-19 13:18:40,1781875120,R_10,4841.883,-1,0.07600000000002183,BACKFILL_AUTO
2026-06-19 13:18:42,1781875122,R_10,4841.829,-1,0.05400000000008731,BACKFILL_AUTO
2026-06-19 13:18:44,1781875124,R_10,4841.955,1,0.12600000000020373,BACKFILL_AUTO
2026-06-19 13:18:46,1781875126,R_10,4841.913,-1,0.042000000000371074,BACKFILL_AUTO
2026-06-19 13:18:48,1781875128,R_10,4841.978,1,0.06500000000050932,BACKFILL_AUTO
2026-06-19 13:18:50,1781875130,R_10,4841.943,-1,0.03499999999985448,BACKFILL_AUTO
2026-06-19 13:18:52,1781875132,R_10,4842.055,1,0.11200000000008004,BACKFILL_AUTO
2026-06-19 13:18:54,1781875134,R_10,4842.185,1,0.13000000000010914,BACKFILL_AUTO
2026-06-19 13:18:56,1781875136,R_10,4842.346,1,0.1609999999991487,BACKFILL_AUTO
2026-06-19 13:18:58,1781875138,R_10,4842.296,-1,0.049999999999272404,BACKFILL_AUTO
2026-06-19 13:19:00,1781875140,R_10,4842.273,-1,0.023000000000138243,BACKFILL_AUTO
2026-06-19 13:19:02,1781875142,R_10,4842.179,-1,0.09400000000005093,BACKFILL_AUTO
2026-06-19 13:19:04,1781875144,R_10,4842.144,-1,0.03499999999985448,BACKFILL_AUTO
2026-06-19 13:19:06,1781875146,R_10,4842.377,1,0.23300000000017462,BACKFILL_AUTO
2026-06-19 13:19:08,1781875148,R_10,4842.384,1,0.006999999999607098,BACKFILL_AUTO
2026-06-19 13:19:10,1781875150,R_10,4842.284,-1,0.1000000000003638,BACKFILL_AUTO
2026-06-19 13:19:12,1781875152,R_10,4842.306,1,0.021999999999934516,BACKFILL_AUTO
2026-06-19 13:19:14,1781875154,R_10,4842.056,-1,0.25,BACKFILL_AUTO
2026-06-19 13:19:16,1781875156,R_10,4841.934,-1,0.12199999999938882,BACKFILL_AUTO
2026-06-19 13:19:18,1781875158,R_10,4842.045,1,0.11099999999987631,BACKFILL_AUTO
2026-06-19 13:19:20,1781875160,R_10,4842.023,-1,0.021999999999934516,BACKFILL_AUTO
2026-06-19 13:19:22,1781875162,R_10,4842.047,1,0.023999999999432475,BACKFILL_AUTO
2026-06-19 13:19:24,1781875164,R_10,4842.041,-1,0.0059999999994033715,BACKFILL_AUTO
2026-06-19 13:19:26,1781875166,R_10,4842.01,-1,0.03099999999994907,BACKFILL_AUTO
2026-06-19 13:19:28,1781875168,R_10,4841.956,-1,0.05400000000008731,BACKFILL_AUTO
2026-06-19 13:19:30,1781875170,R_10,4841.867,-1,0.08899999999994179,BACKFILL_AUTO
2026-06-19 13:19:32,1781875172,R_10,4842.021,1,0.15399999999954161,BACKFILL_AUTO
2026-06-19 13:19:34,1781875174,R_10,4842.114,1,0.0929999999998472,BACKFILL_AUTO
2026-06-19 13:19:36,1781875176,R_10,4842.202,1,0.08800000000064756,BACKFILL_AUTO
2026-06-19 13:19:38,1781875178,R_10,4842.069,-1,0.13299999999981083,BACKFILL_AUTO
2026-06-19 13:19:40,1781875180,R_10,4842.022,-1,0.04700000000048021,BACKFILL_AUTO
2026-06-19 13:19:42,1781875182,R_10,4841.98,-1,0.042000000000371074,BACKFILL_AUTO
2026-06-19 13:19:44,1781875184,R_10,4841.921,-1,0.058999999999286956,BACKFILL_AUTO
2026-06-19 13:19:46,1781875186,R_10,4841.9,-1,0.021000000000640284,BACKFILL_AUTO
2026-06-19 13:19:48,1781875188,R_10,4841.933,1,0.03300000000035652,BACKFILL_AUTO
2026-06-19 13:19:50,1781875190,R_10,4841.925,-1,0.007999999999810825,BACKFILL_AUTO
2026-06-19 13:19:52,1781875192,R_10,4841.855,-1,0.07000000000061846,BACKFILL_AUTO
2026-06-19 13:19:54,1781875194,R_10,4841.904,1,0.04900000000088767,BACKFILL_AUTO
2026-06-19 13:19:56,1781875196,R_10,4841.827,-1,0.07700000000022555,BACKFILL_AUTO
2026-06-19 13:19:58,1781875198,R_10,4841.777,-1,0.0500000000001819,BACKFILL_AUTO
2026-06-19 13:20:00,1781875200,R_10,4841.772,-1,0.005000000000109139,BACKFILL_AUTO
2026-06-19 13:20:02,1781875202,R_10,4841.829,1,0.056999999999789,BACKFILL_AUTO
2026-06-19 13:20:04,1781875204,R_10,4841.68,-1,0.14899999999943248,BACKFILL_AUTO
2026-06-19 13:20:06,1781875206,R_10,4841.713,1,0.03299999999944703,BACKFILL_AUTO
2026-06-19 13:20:08,1781875208,R_10,4841.777,1,0.06400000000030559,BACKFILL_AUTO
2026-06-19 13:20:10,1781875210,R_10,4841.589,-1,0.18800000000010186,BACKFILL_AUTO
2026-06-19 13:20:12,1781875212,R_10,4841.713,1,0.12399999999979627,BACKFILL_AUTO
2026-06-19 13:20:14,1781875214,R_10,4841.767,1,0.05400000000008731,BACKFILL_AUTO
2026-06-19 13:20:16,1781875216,R_10,4841.716,-1,0.05099999999947613,BACKFILL_AUTO
2026-06-19 13:20:18,1781875218,R_10,4841.702,-1,0.014000000000123691,BACKFILL_AUTO
2026-06-19 13:20:20,1781875220,R_10,4841.708,1,0.0059999999994033715,BACKFILL_AUTO
2026-06-19 13:20:22,1781875222,R_10,4841.656,-1,0.05199999999967986,BACKFILL_AUTO
2026-06-19 13:20:24,1781875224,R_10,4841.769,1,0.11300000000028376,BACKFILL_AUTO
2026-06-19 13:20:26,1781875226,R_10,4841.735,-1,0.03400000000056025,BACKFILL_AUTO
2026-06-19 13:20:28,1781875228,R_10,4841.71,-1,0.024999999999636202,BACKFILL_AUTO
2026-06-19 13:20:30,1781875230,R_10,4841.646,-1,0.06400000000030559,BACKFILL_AUTO
2026-06-19 13:20:32,1781875232,R_10,4841.615,-1,0.03099999999994907,BACKFILL_AUTO
2026-06-19 13:20:34,1781875234,R_10,4841.723,1,0.10800000000017462,BACKFILL_AUTO
2026-06-19 13:20:36,1781875236,R_10,4841.805,1,0.0820000000003347,BACKFILL_AUTO
2026-06-19 13:20:38,1781875238,R_10,4841.891,1,0.08599999999933061,BACKFILL_AUTO
2026-06-19 13:20:40,1781875240,R_10,4841.639,-1,0.25199999999949796,BACKFILL_AUTO
2026-06-19 13:20:42,1781875242,R_10,4841.615,-1,0.02400000000034197,BACKFILL_AUTO
2026-06-19 13:20:44,1781875244,R_10,4841.791,1,0.17600000000038563,BACKFILL_AUTO
2026-06-19 13:20:46,1781875246,R_10,4841.571,-1,0.22000000000025466,BACKFILL_AUTO
2026-06-19 13:20:48,1781875248,R_10,4841.545,-1,0.02599999999983993,BACKFILL_AUTO
2026-06-19 13:20:50,1781875250,R_10,4841.489,-1,0.056000000000494765,BACKFILL_AUTO
2026-06-19 13:20:52,1781875252,R_10,4841.569,1,0.08000000000083674,BACKFILL_AUTO
2026-06-19 13:20:54,1781875254,R_10,4841.44,-1,0.1290000000008149,BACKFILL_AUTO
2026-06-19 13:20:56,1781875256,R_10,4841.311,-1,0.1289999999999054,BACKFILL_AUTO
2026-06-19 13:20:58,1781875258,R_10,4841.228,-1,0.08299999999962893,BACKFILL_AUTO
2026-06-19 13:21:00,1781875260,R_10,4841.232,1,0.0039999999999054126,BACKFILL_AUTO
2026-06-19 13:21:02,1781875262,R_10,4841.279,1,0.04700000000048021,BACKFILL_AUTO
2026-06-19 13:21:04,1781875264,R_10,4841.255,-1,0.02400000000034197,BACKFILL_AUTO
2026-06-19 13:21:06,1781875266,R_10,4841.136,-1,0.11899999999968713,BACKFILL_AUTO
2026-06-19 13:21:08,1781875268,R_10,4841.252,1,0.11599999999998545,BACKFILL_AUTO
2026-06-19 13:21:10,1781875270,R_10,4841.366,1,0.113999999999578,BACKFILL_AUTO
2026-06-19 13:21:12,1781875272,R_10,4841.315,-1,0.051000000000385626,BACKFILL_AUTO
2026-06-19 13:21:14,1781875274,R_10,4841.441,1,0.12600000000020373,BACKFILL_AUTO
2026-06-19 13:21:16,1781875276,R_10,4841.476,1,0.03499999999985448,BACKFILL_AUTO
2026-06-19 13:21:18,1781875278,R_10,4841.543,1,0.06700000000000728,BACKFILL_AUTO
2026-06-19 13:21:20,1781875280,R_10,4841.413,-1,0.13000000000010914,BACKFILL_AUTO
2026-06-19 13:21:22,1781875282,R_10,4841.378,-1,0.03499999999985448,BACKFILL_AUTO
2026-06-19 13:21:24,1781875284,R_10,4841.256,-1,0.12199999999938882,BACKFILL_AUTO
2026-06-19 13:21:26,1781875286,R_10,4841.12,-1,0.136000000000422,BACKFILL_AUTO
2026-06-19 13:21:28,1781875288,R_10,4841.069,-1,0.05099999999947613,BACKFILL_AUTO
2026-06-19 13:21:30,1781875290,R_10,4840.839,-1,0.23000000000047294,BACKFILL_AUTO
2026-06-19 13:21:32,1781875292,R_10,4840.872,1,0.03300000000035652,BACKFILL_AUTO
2026-06-19 13:21:34,1781875294,R_10,4840.951,1,0.07899999999972351,BACKFILL_AUTO
2026-06-19 13:21:36,1781875296,R_10,4840.846,-1,0.10500000000047294,BACKFILL_AUTO
2026-06-19 13:21:38,1781875298,R_10,4840.96,1,0.11400000000048749,BACKFILL_AUTO
2026-06-19 13:21:40,1781875300,R_10,4840.829,-1,0.13100000000031287,BACKFILL_AUTO
2026-06-19 13:21:42,1781875302,R_10,4840.915,1,0.0860000000002401,BACKFILL_AUTO
2026-06-19 13:21:44,1781875304,R_10,4841.053,1,0.13799999999991996,BACKFILL_AUTO
2026-06-19 13:21:46,1781875306,R_10,4840.937,-1,0.11599999999998545,BACKFILL_AUTO
2026-06-19 13:21:48,1781875308,R_10,4840.731,-1,0.20600000000013097,BACKFILL_AUTO
2026-06-19 13:21:50,1781875310,R_10,4840.836,1,0.10500000000047294,BACKFILL_AUTO
2026-06-19 13:21:52,1781875312,R_10,4840.723,-1,0.11300000000028376,BACKFILL_AUTO
2026-06-19 13:21:54,1781875314,R_10,4840.581,-1,0.14199999999982538,BACKFILL_AUTO
2026-06-19 13:21:56,1781875316,R_10,4840.484,-1,0.09699999999975262,BACKFILL_AUTO
2026-06-19 13:21:58,1781875318,R_10,4840.536,1,0.05199999999967986,BACKFILL_AUTO
2026-06-19 13:22:00,1781875320,R_10,4840.695,1,0.15899999999965075,BACKFILL_AUTO
2026-06-19 13:22:02,1781875322,R_10,4840.781,1,0.0860000000002401,BACKFILL_AUTO
2026-06-19 13:22:04,1781875324,R_10,4840.905,1,0.12399999999979627,BACKFILL_AUTO
2026-06-19 13:22:06,1781875326,R_10,4840.636,-1,0.26899999999932334,BACKFILL_AUTO
2026-06-19 13:22:08,1781875328,R_10,4840.872,1,0.2359999999998763,BACKFILL_AUTO
2026-06-19 13:22:10,1781875330,R_10,4840.983,1,0.11099999999987631,BACKFILL_AUTO
2026-06-19 13:22:12,1781875332,R_10,4840.799,-1,0.18400000000019645,BACKFILL_AUTO
2026-06-19 13:22:14,1781875334,R_10,4840.85,1,0.051000000000385626,BACKFILL_AUTO
2026-06-19 13:22:16,1781875336,R_10,4840.964,1,0.113999999999578,BACKFILL_AUTO
2026-06-19 13:22:18,1781875338,R_10,4840.883,-1,0.08100000000013097,BACKFILL_AUTO
2026-06-19 13:22:20,1781875340,R_10,4840.992,1,0.10900000000037835,BACKFILL_AUTO
2026-06-19 13:22:22,1781875342,R_10,4841.049,1,0.056999999999789,BACKFILL_AUTO
2026-06-19 13:22:24,1781875344,R_10,4841.279,1,0.23000000000047294,BACKFILL_AUTO
2026-06-19 13:22:26,1781875346,R_10,4841.295,1,0.01599999999962165,BACKFILL_AUTO
2026-06-19 13:22:28,1781875348,R_10,4841.095,-1,0.1999999999998181,BACKFILL_AUTO
2026-06-19 13:22:30,1781875350,R_10,4841.218,1,0.12299999999959255,BACKFILL_AUTO
2026-06-19 13:22:32,1781875352,R_10,4841.354,1,0.136000000000422,BACKFILL_AUTO
2026-06-19 13:22:34,1781875354,R_10,4841.283,-1,0.07099999999991269,BACKFILL_AUTO
2026-06-19 13:22:36,1781875356,R_10,4841.538,1,0.25499999999919964,BACKFILL_AUTO
2026-06-19 13:22:38,1781875358,R_10,4841.543,1,0.005000000000109139,BACKFILL_AUTO
2026-06-19 13:22:40,1781875360,R_10,4841.617,1,0.07400000000052387,BACKFILL_AUTO
2026-06-19 13:22:42,1781875362,R_10,4841.614,-1,0.0030000000006111804,BACKFILL_AUTO
2026-06-19 13:22:44,1781875364,R_10,4841.822,1,0.20800000000053842,BACKFILL_AUTO
2026-06-19 13:22:46,1781875366,R_10,4841.801,-1,0.02099999999973079,BACKFILL_AUTO
2026-06-19 13:22:48,1781875368,R_10,4841.941,1,0.13999999999941792,BACKFILL_AUTO
2026-06-19 13:22:50,1781875370,R_10,4841.519,-1,0.4219999999995707,BACKFILL_AUTO
2026-06-19 13:22:52,1781875372,R_10,4841.741,1,0.22199999999975262,BACKFILL_AUTO
2026-06-19 13:22:54,1781875374,R_10,4841.947,1,0.20600000000013097,BACKFILL_AUTO
2026-06-19 13:22:56,1781875376,R_10,4842.071,1,0.12399999999979627,BACKFILL_AUTO
2026-06-19 13:22:58,1781875378,R_10,4842.253,1,0.181999999999789,BACKFILL_AUTO
2026-06-19 13:23:00,1781875380,R_10,4842.109,-1,0.14399999999932334,BACKFILL_AUTO
2026-06-19 13:23:02,1781875382,R_10,4842.328,1,0.21900000000005093,BACKFILL_AUTO
2026-06-19 13:23:04,1781875384,R_10,4842.126,-1,0.20200000000022555,BACKFILL_AUTO
2026-06-19 13:23:06,1781875386,R_10,4841.993,-1,0.13299999999981083,BACKFILL_AUTO
2026-06-19 13:23:08,1781875388,R_10,4841.985,-1,0.00800000000072032,BACKFILL_AUTO
2026-06-19 13:23:10,1781875390,R_10,4841.916,-1,0.06899999999950523,BACKFILL_AUTO
2026-06-19 13:23:12,1781875392,R_10,4841.822,-1,0.09400000000005093,BACKFILL_AUTO
2026-06-19 13:23:14,1781875394,R_10,4841.753,-1,0.06900000000041473,BACKFILL_AUTO
2026-06-19 13:23:16,1781875396,R_10,4841.572,-1,0.18099999999958527,BACKFILL_AUTO
2026-06-19 13:23:18,1781875398,R_10,4841.726,1,0.15399999999954161,BACKFILL_AUTO
2026-06-19 13:23:20,1781875400,R_10,4841.762,1,0.03600000000005821,BACKFILL_AUTO
2026-06-19 13:23:22,1781875402,R_10,4841.744,-1,0.018000000000029104,BACKFILL_AUTO
2026-06-19 13:23:24,1781875404,R_10,4841.495,-1,0.24899999999979627,BACKFILL_AUTO
2026-06-19 13:23:26,1781875406,R_10,4841.468,-1,0.027000000000043656,BACKFILL_AUTO
2026-06-19 13:23:28,1781875408,R_10,4841.488,1,0.020000000000436557,BACKFILL_AUTO
2026-06-19 13:23:30,1781875410,R_10,4841.425,-1,0.06300000000010186,BACKFILL_AUTO
2026-06-19 13:23:32,1781875412,R_10,4841.419,-1,0.006000000000312866,BACKFILL_AUTO
2026-06-19 13:23:34,1781875414,R_10,4841.418,-1,0.0010000000002037268,BACKFILL_AUTO
2026-06-19 13:23:36,1781875416,R_10,4841.278,-1,0.13999999999941792,BACKFILL_AUTO
2026-06-19 13:23:38,1781875418,R_10,4840.974,-1,0.3040000000000873,BACKFILL_AUTO
2026-06-19 13:23:40,1781875420,R_10,4841.108,1,0.13400000000001455,BACKFILL_AUTO
2026-06-19 13:23:42,1781875422,R_10,4841.186,1,0.07799999999951979,BACKFILL_AUTO
2026-06-19 13:23:44,1781875424,R_10,4841.207,1,0.021000000000640284,BACKFILL_AUTO
2026-06-19 13:23:46,1781875426,R_10,4841.268,1,0.06099999999969441,BACKFILL_AUTO
2026-06-19 13:23:48,1781875428,R_10,4841.052,-1,0.21600000000034925,BACKFILL_AUTO
2026-06-19 13:23:50,1781875430,R_10,4841.144,1,0.09200000000055297,BACKFILL_AUTO
2026-06-19 13:23:52,1781875432,R_10,4841.195,1,0.05099999999947613,BACKFILL_AUTO
2026-06-19 13:23:54,1781875434,R_10,4841.132,-1,0.06300000000010186,BACKFILL_AUTO
2026-06-19 13:23:56,1781875436,R_10,4841.144,1,0.012000000000625732,BACKFILL_AUTO
2026-06-19 13:23:58,1781875438,R_10,4841.07,-1,0.07400000000052387,BACKFILL_AUTO
2026-06-19 13:24:00,1781875440,R_10,4840.914,-1,0.15599999999994907,BACKFILL_AUTO
2026-06-19 13:24:02,1781875442,R_10,4841.025,1,0.11099999999987631,BACKFILL_AUTO
2026-06-19 13:24:04,1781875444,R_10,4840.913,-1,0.11200000000008004,BACKFILL_AUTO
2026-06-19 13:24:06,1781875446,R_10,4840.85,-1,0.06299999999919237,BACKFILL_AUTO
2026-06-19 13:24:08,1781875448,R_10,4840.748,-1,0.10200000000077125,BACKFILL_AUTO
2026-06-19 13:24:10,1781875450,R_10,4840.616,-1,0.1319999999996071,BACKFILL_AUTO
2026-06-19 13:24:12,1781875452,R_10,4840.679,1,0.06300000000010186,BACKFILL_AUTO
2026-06-19 13:24:14,1781875454,R_10,4840.816,1,0.13699999999971624,BACKFILL_AUTO
2026-06-19 13:24:16,1781875456,R_10,4840.756,-1,0.05999999999949068,BACKFILL_AUTO
2026-06-19 13:24:18,1781875458,R_10,4840.538,-1,0.2180000000007567,BACKFILL_AUTO
2026-06-19 13:24:20,1781875460,R_10,4840.565,1,0.027000000000043656,BACKFILL_AUTO
2026-06-19 13:24:22,1781875462,R_10,4840.6,1,0.035000000000763976,BACKFILL_AUTO
2026-06-19 13:24:24,1781875464,R_10,4840.524,-1,0.07600000000002183,BACKFILL_AUTO
2026-06-19 13:24:26,1781875466,R_10,4840.807,1,0.282999999999447,BACKFILL_AUTO
2026-06-19 13:24:28,1781875468,R_10,4840.887,1,0.07999999999992724,BACKFILL_AUTO
2026-06-19 13:24:30,1781875470,R_10,4840.944,1,0.05700000000069849,BACKFILL_AUTO
2026-06-19 13:24:32,1781875472,R_10,4841.011,1,0.06700000000000728,BACKFILL_AUTO
2026-06-19 13:24:34,1781875474,R_10,4840.846,-1,0.16500000000087311,BACKFILL_AUTO
2026-06-19 13:24:36,1781875476,R_10,4840.53,-1,0.31599999999980355,BACKFILL_AUTO
2026-06-19 13:24:38,1781875478,R_10,4840.305,-1,0.2249999999994543,BACKFILL_AUTO
2026-06-19 13:24:40,1781875480,R_10,4840.173,-1,0.1320000000005166,BACKFILL_AUTO
2026-06-19 13:24:42,1781875482,R_10,4840.123,-1,0.0500000000001819,BACKFILL_AUTO
2026-06-19 13:24:44,1781875484,R_10,4840.023,-1,0.0999999999994543,BACKFILL_AUTO
2026-06-19 13:24:46,1781875486,R_10,4839.755,-1,0.2680000000000291,BACKFILL_AUTO
2026-06-19 13:24:48,1781875488,R_10,4839.838,1,0.08299999999962893,BACKFILL_AUTO
2026-06-19 13:24:50,1781875490,R_10,4839.884,1,0.046000000000276486,BACKFILL_AUTO
2026-06-19 13:24:52,1781875492,R_10,4839.882,-1,0.0020000000004074536,BACKFILL_AUTO
2026-06-19 13:24:54,1781875494,R_10,4839.783,-1,0.09899999999925058,BACKFILL_AUTO
2026-06-19 13:24:56,1781875496,R_10,4839.458,-1,0.3250000000007276,BACKFILL_AUTO
2026-06-19 13:24:58,1781875498,R_10,4839.689,1,0.23100000000067666,BACKFILL_AUTO
2026-06-19 13:25:00,1781875500,R_10,4839.679,-1,0.010000000000218279,BACKFILL_AUTO
2026-06-19 13:25:02,1781875502,R_10,4839.816,1,0.13699999999971624,BACKFILL_AUTO
2026-06-19 13:25:04,1781875504,R_10,4839.825,1,0.009000000000014552,BACKFILL_AUTO
2026-06-19 13:25:06,1781875506,R_10,4840.069,1,0.24400000000059663,BACKFILL_AUTO
2026-06-19 13:25:08,1781875508,R_10,4840.051,-1,0.018000000000029104,BACKFILL_AUTO
2026-06-19 13:25:10,1781875510,R_10,4840.098,1,0.04699999999957072,BACKFILL_AUTO
2026-06-19 13:25:12,1781875512,R_10,4840.121,1,0.023000000000138243,BACKFILL_AUTO
2026-06-19 13:25:14,1781875514,R_10,4840.36,1,0.238999999999578,BACKFILL_AUTO
2026-06-19 13:25:16,1781875516,R_10,4840.387,1,0.027000000000043656,BACKFILL_AUTO
2026-06-19 13:25:18,1781875518,R_10,4840.455,1,0.068000000000211,BACKFILL_AUTO
2026-06-19 13:25:20,1781875520,R_10,4840.407,-1,0.047999999999774445,BACKFILL_AUTO
2026-06-19 13:25:22,1781875522,R_10,4840.426,1,0.01900000000023283,BACKFILL_AUTO
2026-06-19 13:25:24,1781875524,R_10,4840.251,-1,0.1750000000001819,BACKFILL_AUTO
2026-06-19 13:25:26,1781875526,R_10,4840.147,-1,0.10400000000026921,BACKFILL_AUTO
2026-06-19 13:25:28,1781875528,R_10,4839.928,-1,0.21900000000005093,BACKFILL_AUTO
2026-06-19 13:25:30,1781875530,R_10,4839.772,-1,0.15599999999994907,BACKFILL_AUTO
2026-06-19 13:25:32,1781875532,R_10,4839.762,-1,0.010000000000218279,BACKFILL_AUTO
2026-06-19 13:25:34,1781875534,R_10,4839.737,-1,0.024999999999636202,BACKFILL_AUTO
2026-06-19 13:25:36,1781875536,R_10,4839.801,1,0.06400000000030559,BACKFILL_AUTO
2026-06-19 13:25:38,1781875538,R_10,4839.802,1,0.0009999999992942321,BACKFILL_AUTO
2026-06-19 13:25:40,1781875540,R_10,4839.956,1,0.1540000000004511,BACKFILL_AUTO
2026-06-19 13:25:42,1781875542,R_10,4839.951,-1,0.005000000000109139,BACKFILL_AUTO
2026-06-19 13:25:44,1781875544,R_10,4839.966,1,0.015000000000327418,BACKFILL_AUTO
2026-06-19 13:25:46,1781875546,R_10,4839.943,-1,0.023000000000138243,BACKFILL_AUTO
2026-06-19 13:25:48,1781875548,R_10,4839.911,-1,0.032000000000152795,BACKFILL_AUTO
2026-06-19 13:25:50,1781875550,R_10,4840.077,1,0.16600000000016735,BACKFILL_AUTO
2026-06-19 13:25:52,1781875552,R_10,4840.12,1,0.042999999999665306,BACKFILL_AUTO
2026-06-19 13:25:54,1781875554,R_10,4840.273,1,0.15300000000024738,BACKFILL_AUTO
2026-06-19 13:25:56,1781875556,R_10,4840.005,-1,0.2680000000000291,BACKFILL_AUTO
2026-06-19 13:25:58,1781875558,R_10,4840.135,1,0.13000000000010914,BACKFILL_AUTO
2026-06-19 13:26:00,1781875560,R_10,4840.183,1,0.047999999999774445,BACKFILL_AUTO
2026-06-19 13:26:02,1781875562,R_10,4840.224,1,0.04100000000016735,BACKFILL_AUTO
2026-06-19 13:26:04,1781875564,R_10,4840.284,1,0.05999999999949068,BACKFILL_AUTO
2026-06-19 13:26:06,1781875566,R_10,4840.073,-1,0.2109999999993306,BACKFILL_AUTO
2026-06-19 13:26:08,1781875568,R_10,4840.116,1,0.042999999999665306,BACKFILL_AUTO
2026-06-19 13:26:10,1781875570,R_10,4840.093,-1,0.023000000000138243,BACKFILL_AUTO
2026-06-19 13:26:12,1781875572,R_10,4840.134,1,0.04100000000016735,BACKFILL_AUTO
2026-06-19 13:26:14,1781875574,R_10,4840.374,1,0.23999999999978172,BACKFILL_AUTO
2026-06-19 13:26:16,1781875576,R_10,4840.384,1,0.010000000000218279,BACKFILL_AUTO
2026-06-19 13:26:18,1781875578,R_10,4840.073,-1,0.3109999999996944,BACKFILL_AUTO
2026-06-19 13:26:20,1781875580,R_10,4839.923,-1,0.1500000000005457,BACKFILL_AUTO
2026-06-19 13:26:22,1781875582,R_10,4840.007,1,0.08399999999983265,BACKFILL_AUTO
2026-06-19 13:26:24,1781875584,R_10,4840.013,1,0.006000000000312866,BACKFILL_AUTO
2026-06-19 13:26:26,1781875586,R_10,4839.995,-1,0.018000000000029104,BACKFILL_AUTO
2026-06-19 13:26:28,1781875588,R_10,4840.102,1,0.1069999999999709,BACKFILL_AUTO
2026-06-19 13:26:30,1781875590,R_10,4840.352,1,0.25,BACKFILL_AUTO
2026-06-19 13:26:32,1781875592,R_10,4840.383,1,0.03099999999994907,BACKFILL_AUTO
2026-06-19 13:26:34,1781875594,R_10,4840.313,-1,0.06999999999970896,BACKFILL_AUTO
2026-06-19 13:26:36,1781875596,R_10,4840.278,-1,0.03499999999985448,BACKFILL_AUTO
2026-06-19 13:26:38,1781875598,R_10,4840.317,1,0.03899999999975989,BACKFILL_AUTO
2026-06-19 13:26:40,1781875600,R_10,4840.342,1,0.024999999999636202,BACKFILL_AUTO
2026-06-19 13:26:42,1781875602,R_10,4840.385,1,0.0430000000005748,BACKFILL_AUTO
2026-06-19 13:26:44,1781875604,R_10,4840.448,1,0.06300000000010186,BACKFILL_AUTO
2026-06-19 13:26:46,1781875606,R_10,4840.414,-1,0.03400000000056025,BACKFILL_AUTO
2026-06-19 13:26:48,1781875608,R_10,4840.369,-1,0.04500000000007276,BACKFILL_AUTO
2026-06-19 13:26:50,1781875610,R_10,4840.197,-1,0.17199999999957072,BACKFILL_AUTO
2026-06-19 13:26:52,1781875612,R_10,4840.263,1,0.06599999999980355,BACKFILL_AUTO
2026-06-19 13:26:54,1781875614,R_10,4840.266,1,0.0029999999997016857,BACKFILL_AUTO
2026-06-19 13:26:56,1781875616,R_10,4840.073,-1,0.1929999999993015,BACKFILL_AUTO
2026-06-19 13:26:58,1781875618,R_10,4840.041,-1,0.032000000000152795,BACKFILL_AUTO
2026-06-19 13:27:00,1781875620,R_10,4840.055,1,0.014000000000123691,BACKFILL_AUTO
2026-06-19 13:27:02,1781875622,R_10,4839.985,-1,0.07000000000061846,BACKFILL_AUTO
2026-06-19 13:27:04,1781875624,R_10,4840.205,1,0.22000000000025466,BACKFILL_AUTO
2026-06-19 13:27:06,1781875626,R_10,4840.203,-1,0.001999999999497959,BACKFILL_AUTO
2026-06-19 13:27:08,1781875628,R_10,4840.059,-1,0.14400000000023283,BACKFILL_AUTO
2026-06-19 13:27:10,1781875630,R_10,4839.958,-1,0.10100000000056752,BACKFILL_AUTO
2026-06-19 13:27:12,1781875632,R_10,4839.793,-1,0.16499999999996362,BACKFILL_AUTO
2026-06-19 13:27:14,1781875634,R_10,4839.807,1,0.014000000000123691,BACKFILL_AUTO
2026-06-19 13:27:16,1781875636,R_10,4839.723,-1,0.08399999999983265,BACKFILL_AUTO
2026-06-19 13:27:18,1781875638,R_10,4839.904,1,0.18100000000049477,BACKFILL_AUTO
2026-06-19 13:27:20,1781875640,R_10,4839.968,1,0.0639999999993961,BACKFILL_AUTO
2026-06-19 13:27:22,1781875642,R_10,4840.097,1,0.1289999999999054,BACKFILL_AUTO
2026-06-19 13:27:24,1781875644,R_10,4839.918,-1,0.1790000000000873,BACKFILL_AUTO
2026-06-19 13:27:26,1781875646,R_10,4839.878,-1,0.03999999999996362,BACKFILL_AUTO
2026-06-19 13:27:28,1781875648,R_10,4840.244,1,0.36599999999998545,BACKFILL_AUTO
2026-06-19 13:27:30,1781875650,R_10,4840.089,-1,0.15499999999974534,BACKFILL_AUTO
2026-06-19 13:27:32,1781875652,R_10,4840.009,-1,0.07999999999992724,BACKFILL_AUTO
2026-06-19 13:27:34,1781875654,R_10,4840.055,1,0.046000000000276486,BACKFILL_AUTO
2026-06-19 13:27:36,1781875656,R_10,4839.959,-1,0.09600000000045839,BACKFILL_AUTO
2026-06-19 13:27:38,1781875658,R_10,4840.022,1,0.06300000000010186,BACKFILL_AUTO
2026-06-19 13:27:40,1781875660,R_10,4839.924,-1,0.09799999999995634,BACKFILL_AUTO
2026-06-19 13:27:42,1781875662,R_10,4840.061,1,0.13699999999971624,BACKFILL_AUTO
2026-06-19 13:27:44,1781875664,R_10,4840.191,1,0.13000000000010914,BACKFILL_AUTO
2026-06-19 13:27:46,1781875666,R_10,4840.084,-1,0.1069999999999709,BACKFILL_AUTO
2026-06-19 13:27:48,1781875668,R_10,4840.105,1,0.02099999999973079,BACKFILL_AUTO
2026-06-19 13:27:50,1781875670,R_10,4840.067,-1,0.03799999999955617,BACKFILL_AUTO
2026-06-19 13:27:52,1781875672,R_10,4839.981,-1,0.0860000000002401,BACKFILL_AUTO
2026-06-19 13:27:54,1781875674,R_10,4840.039,1,0.057999999999992724,BACKFILL_AUTO
2026-06-19 13:27:56,1781875676,R_10,4840.011,-1,0.027999999999337888,BACKFILL_AUTO
2026-06-19 13:27:58,1781875678,R_10,4840.247,1,0.2359999999998763,BACKFILL_AUTO
2026-06-19 13:28:00,1781875680,R_10,4840.142,-1,0.10500000000047294,BACKFILL_AUTO
2026-06-19 13:28:02,1781875682,R_10,4840.225,1,0.08300000000053842,BACKFILL_AUTO
2026-06-19 13:28:04,1781875684,R_10,4840.35,1,0.125,BACKFILL_AUTO
2026-06-19 13:28:06,1781875686,R_10,4840.712,1,0.36200000000008004,BACKFILL_AUTO
2026-06-19 13:28:08,1781875688,R_10,4840.663,-1,0.04900000000088767,BACKFILL_AUTO
2026-06-19 13:28:10,1781875690,R_10,4840.533,-1,0.12999999999919964,BACKFILL_AUTO
2026-06-19 13:28:12,1781875692,R_10,4840.292,-1,0.24099999999998545,BACKFILL_AUTO
2026-06-19 13:28:14,1781875694,R_10,4840.442,1,0.1499999999996362,BACKFILL_AUTO
2026-06-19 13:28:16,1781875696,R_10,4840.447,1,0.005000000000109139,BACKFILL_AUTO
2026-06-19 13:28:18,1781875698,R_10,4840.514,1,0.06700000000000728,BACKFILL_AUTO
2026-06-19 13:28:20,1781875700,R_10,4840.665,1,0.15099999999983993,BACKFILL_AUTO
2026-06-19 13:28:22,1781875702,R_10,4840.715,1,0.0500000000001819,BACKFILL_AUTO
2026-06-19 13:28:24,1781875704,R_10,4840.7,-1,0.015000000000327418,BACKFILL_AUTO
2026-06-19 13:28:26,1781875706,R_10,4840.774,1,0.07400000000052387,BACKFILL_AUTO
2026-06-19 13:28:28,1781875708,R_10,4840.996,1,0.22199999999975262,BACKFILL_AUTO
2026-06-19 13:28:30,1781875710,R_10,4840.831,-1,0.16499999999996362,BACKFILL_AUTO
2026-06-19 13:28:32,1781875712,R_10,4840.889,1,0.057999999999992724,BACKFILL_AUTO
2026-06-19 13:28:34,1781875714,R_10,4840.926,1,0.037000000000261934,BACKFILL_AUTO
2026-06-19 13:28:36,1781875716,R_10,4840.993,1,0.06700000000000728,BACKFILL_AUTO
2026-06-19 13:28:38,1781875718,R_10,4841.093,1,0.0999999999994543,BACKFILL_AUTO
2026-06-19 13:28:40,1781875720,R_10,4841.2,1,0.1069999999999709,BACKFILL_AUTO
2026-06-19 13:28:42,1781875722,R_10,4841.315,1,0.11499999999978172,BACKFILL_AUTO
2026-06-19 13:28:44,1781875724,R_10,4841.337,1,0.02200000000084401,BACKFILL_AUTO
2026-06-19 13:28:46,1781875726,R_10,4841.401,1,0.0639999999993961,BACKFILL_AUTO
2026-06-19 13:28:48,1781875728,R_10,4841.351,-1,0.0500000000001819,BACKFILL_AUTO
2026-06-19 13:28:50,1781875730,R_10,4841.322,-1,0.028999999999541615,BACKFILL_AUTO
2026-06-19 13:28:52,1781875732,R_10,4841.195,-1,0.12700000000040745,BACKFILL_AUTO
2026-06-19 13:28:54,1781875734,R_10,4841.075,-1,0.11999999999989086,BACKFILL_AUTO
2026-06-19 13:28:56,1781875736,R_10,4840.85,-1,0.2249999999994543,BACKFILL_AUTO
2026-06-19 13:28:58,1781875738,R_10,4840.864,1,0.013999999999214197,BACKFILL_AUTO
2026-06-19 13:29:00,1781875740,R_10,4840.937,1,0.07300000000032014,BACKFILL_AUTO
2026-06-19 13:29:02,1781875742,R_10,4840.988,1,0.051000000000385626,BACKFILL_AUTO
2026-06-19 13:29:04,1781875744,R_10,4841.024,1,0.03600000000005821,BACKFILL_AUTO
2026-06-19 13:29:06,1781875746,R_10,4841.013,-1,0.011000000000422006,BACKFILL_AUTO
2026-06-19 13:29:08,1781875748,R_10,4841.097,1,0.08399999999983265,BACKFILL_AUTO
2026-06-19 13:29:10,1781875750,R_10,4841.2,1,0.10300000000006548,BACKFILL_AUTO
2026-06-19 13:29:12,1781875752,R_10,4841.234,1,0.03400000000056025,BACKFILL_AUTO
2026-06-19 13:29:14,1781875754,R_10,4841.406,1,0.17199999999957072,BACKFILL_AUTO
2026-06-19 13:29:16,1781875756,R_10,4841.4,-1,0.006000000000312866,BACKFILL_AUTO
2026-06-19 13:29:18,1781875758,R_10,4841.353,-1,0.04699999999957072,BACKFILL_AUTO
2026-06-19 13:29:20,1781875760,R_10,4841.287,-1,0.06599999999980355,BACKFILL_AUTO
2026-06-19 13:29:22,1781875762,R_10,4841.284,-1,0.0030000000006111804,BACKFILL_AUTO
2026-06-19 13:29:24,1781875764,R_10,4841.496,1,0.21200000000044383,BACKFILL_AUTO
2026-06-19 13:29:26,1781875766,R_10,4841.207,-1,0.2889999999997599,BACKFILL_AUTO
2026-06-19 13:29:28,1781875768,R_10,4841.253,1,0.04599999999936699,BACKFILL_AUTO
2026-06-19 13:29:30,1781875770,R_10,4841.108,-1,0.14499999999952706,BACKFILL_AUTO
2026-06-19 13:29:32,1781875772,R_10,4841.223,1,0.11499999999978172,BACKFILL_AUTO
2026-06-19 13:29:34,1781875774,R_10,4841.234,1,0.011000000000422006,BACKFILL_AUTO
2026-06-19 13:29:36,1781875776,R_10,4841.117,-1,0.11700000000018917,BACKFILL_AUTO
2026-06-19 13:29:38,1781875778,R_10,4841.088,-1,0.02900000000045111,BACKFILL_AUTO
2026-06-19 13:29:40,1781875780,R_10,4841.059,-1,0.028999999999541615,BACKFILL_AUTO
2026-06-19 13:29:42,1781875782,R_10,4841.049,-1,0.010000000000218279,BACKFILL_AUTO
2026-06-19 13:29:44,1781875784,R_10,4841.142,1,0.0929999999998472,BACKFILL_AUTO
2026-06-19 13:29:46,1781875786,R_10,4841.092,-1,0.0500000000001819,BACKFILL_AUTO
2026-06-19 13:29:48,1781875788,R_10,4841.204,1,0.11200000000008004,BACKFILL_AUTO
2026-06-19 13:29:50,1781875790,R_10,4841.08,-1,0.12399999999979627,BACKFILL_AUTO
2026-06-19 13:29:52,1781875792,R_10,4840.95,-1,0.13000000000010914,BACKFILL_AUTO
2026-06-19 13:29:54,1781875794,R_10,4840.972,1,0.021999999999934516,BACKFILL_AUTO
2026-06-19 13:29:56,1781875796,R_10,4840.942,-1,0.02999999999974534,BACKFILL_AUTO
2026-06-19 13:29:58,1781875798,R_10,4840.45,-1,0.4920000000001892,BACKFILL_AUTO
2026-06-19 13:30:00,1781875800,R_10,4840.493,1,0.0430000000005748,BACKFILL_AUTO
2026-06-19 13:30:02,1781875802,R_10,4840.339,-1,0.1540000000004511,BACKFILL_AUTO
2026-06-19 13:30:04,1781875804,R_10,4840.323,-1,0.01599999999962165,BACKFILL_AUTO
2026-06-19 13:30:06,1781875806,R_10,4840.337,1,0.014000000000123691,BACKFILL_AUTO
2026-06-19 13:30:08,1781875808,R_10,4840.411,1,0.07399999999961437,BACKFILL_AUTO
2026-06-19 13:30:10,1781875810,R_10,4840.366,-1,0.04500000000007276,BACKFILL_AUTO
2026-06-19 13:30:12,1781875812,R_10,4840.352,-1,0.014000000000123691,BACKFILL_AUTO
2026-06-19 13:30:14,1781875814,R_10,4840.586,1,0.23400000000037835,BACKFILL_AUTO
2026-06-19 13:30:16,1781875816,R_10,4840.772,1,0.1859999999996944,BACKFILL_AUTO
2026-06-19 13:30:18,1781875818,R_10,4840.785,1,0.012999999999919964,BACKFILL_AUTO
2026-06-19 13:30:20,1781875820,R_10,4840.76,-1,0.024999999999636202,BACKFILL_AUTO
2026-06-19 13:30:22,1781875822,R_10,4840.571,-1,0.1890000000003056,BACKFILL_AUTO
2026-06-19 13:30:24,1781875824,R_10,4840.524,-1,0.04699999999957072,BACKFILL_AUTO
2026-06-19 13:30:26,1781875826,R_10,4840.5,-1,0.02400000000034197,BACKFILL_AUTO
2026-06-19 13:30:28,1781875828,R_10,4840.372,-1,0.12799999999970169,BACKFILL_AUTO
2026-06-19 13:30:30,1781875830,R_10,4840.237,-1,0.13500000000021828,BACKFILL_AUTO
2026-06-19 13:30:32,1781875832,R_10,4840.335,1,0.09799999999995634,BACKFILL_AUTO
2026-06-19 13:30:34,1781875834,R_10,4840.391,1,0.05599999999958527,BACKFILL_AUTO
2026-06-19 13:30:36,1781875836,R_10,4840.336,-1,0.054999999999381544,BACKFILL_AUTO
2026-06-19 13:30:38,1781875838,R_10,4840.246,-1,0.09000000000014552,BACKFILL_AUTO
2026-06-19 13:30:40,1781875840,R_10,4840.14,-1,0.10599999999976717,BACKFILL_AUTO
2026-06-19 13:30:42,1781875842,R_10,4840.178,1,0.03799999999955617,BACKFILL_AUTO
2026-06-19 13:30:44,1781875844,R_10,4839.877,-1,0.30099999999947613,BACKFILL_AUTO
2026-06-19 13:30:46,1781875846,R_10,4839.981,1,0.10399999999935972,BACKFILL_AUTO
2026-06-19 13:30:48,1781875848,R_10,4840.014,1,0.03300000000035652,BACKFILL_AUTO
2026-06-19 13:30:50,1781875850,R_10,4839.901,-1,0.11300000000028376,BACKFILL_AUTO
2026-06-19 13:30:52,1781875852,R_10,4840.046,1,0.14500000000043656,BACKFILL_AUTO
2026-06-19 13:30:54,1781875854,R_10,4839.984,-1,0.06199999999989814,BACKFILL_AUTO
2026-06-19 13:30:56,1781875856,R_10,4839.691,-1,0.2930000000005748,BACKFILL_AUTO
2026-06-19 13:30:58,1781875858,R_10,4839.592,-1,0.09900000000016007,BACKFILL_AUTO
2026-06-19 13:31:00,1781875860,R_10,4839.512,-1,0.07999999999992724,BACKFILL_AUTO
2026-06-19 13:31:02,1781875862,R_10,4839.681,1,0.16899999999986903,BACKFILL_AUTO
2026-06-19 13:31:04,1781875864,R_10,4839.605,-1,0.07600000000002183,BACKFILL_AUTO
2026-06-19 13:31:06,1781875866,R_10,4839.501,-1,0.10399999999935972,BACKFILL_AUTO
2026-06-19 13:31:08,1781875868,R_10,4839.382,-1,0.11900000000059663,BACKFILL_AUTO
2026-06-19 13:31:10,1781875870,R_10,4839.367,-1,0.014999999999417923,BACKFILL_AUTO
2026-06-19 13:31:12,1781875872,R_10,4839.37,1,0.0029999999997016857,BACKFILL_AUTO
2026-06-19 13:31:14,1781875874,R_10,4839.69,1,0.31999999999970896,BACKFILL_AUTO
2026-06-19 13:31:16,1781875876,R_10,4839.678,-1,0.011999999999716238,BACKFILL_AUTO
2026-06-19 13:31:18,1781875878,R_10,4839.689,1,0.011000000000422006,BACKFILL_AUTO
2026-06-19 13:31:20,1781875880,R_10,4839.87,1,0.18099999999958527,BACKFILL_AUTO
2026-06-19 13:31:22,1781875882,R_10,4839.731,-1,0.1390000000001237,BACKFILL_AUTO
2026-06-19 13:31:24,1781875884,R_10,4840.099,1,0.3680000000003929,BACKFILL_AUTO
2026-06-19 13:31:26,1781875886,R_10,4839.992,-1,0.1069999999999709,BACKFILL_AUTO
2026-06-19 13:31:28,1781875888,R_10,4840.009,1,0.016999999999825377,BACKFILL_AUTO
2026-06-19 13:31:30,1781875890,R_10,4840.127,1,0.1180000000003929,BACKFILL_AUTO
2026-06-19 13:31:32,1781875892,R_10,4839.96,-1,0.16700000000037107,BACKFILL_AUTO
2026-06-19 13:31:34,1781875894,R_10,4840.258,1,0.29799999999977445,BACKFILL_AUTO
2026-06-19 13:31:36,1781875896,R_10,4840.417,1,0.15900000000056025,BACKFILL_AUTO
2026-06-19 13:31:38,1781875898,R_10,4840.548,1,0.13099999999940337,BACKFILL_AUTO
2026-06-19 13:31:40,1781875900,R_10,4840.532,-1,0.01599999999962165,BACKFILL_AUTO
2026-06-19 13:31:42,1781875902,R_10,4840.584,1,0.05199999999967986,BACKFILL_AUTO
2026-06-19 13:31:44,1781875904,R_10,4840.611,1,0.027000000000043656,BACKFILL_AUTO
2026-06-19 13:31:46,1781875906,R_10,4840.59,-1,0.02099999999973079,BACKFILL_AUTO
2026-06-19 13:31:48,1781875908,R_10,4840.512,-1,0.07800000000042928,BACKFILL_AUTO
2026-06-19 13:31:50,1781875910,R_10,4840.622,1,0.11000000000058208,BACKFILL_AUTO
2026-06-19 13:31:52,1781875912,R_10,4840.476,-1,0.14600000000064028,BACKFILL_AUTO
2026-06-19 13:31:54,1781875914,R_10,4840.484,1,0.00800000000072032,BACKFILL_AUTO
2026-06-19 13:31:56,1781875916,R_10,4840.509,1,0.024999999999636202,BACKFILL_AUTO
2026-06-19 13:31:58,1781875918,R_10,4840.313,-1,0.1959999999999127,BACKFILL_AUTO
2026-06-19 13:32:00,1781875920,R_10,4840.459,1,0.1459999999997308,BACKFILL_AUTO
2026-06-19 13:32:02,1781875922,R_10,4840.526,1,0.06700000000000728,BACKFILL_AUTO
2026-06-19 13:32:04,1781875924,R_10,4840.281,-1,0.24499999999989086,BACKFILL_AUTO
2026-06-19 13:32:06,1781875926,R_10,4840.251,-1,0.02999999999974534,BACKFILL_AUTO
2026-06-19 13:32:08,1781875928,R_10,4840.315,1,0.0639999999993961,BACKFILL_AUTO
2026-06-19 13:32:10,1781875930,R_10,4840.401,1,0.0860000000002401,BACKFILL_AUTO
2026-06-19 13:32:12,1781875932,R_10,4840.342,-1,0.05900000000019645,BACKFILL_AUTO
2026-06-19 13:32:14,1781875934,R_10,4840.373,1,0.03099999999994907,BACKFILL_AUTO
2026-06-19 13:32:16,1781875936,R_10,4840.446,1,0.07300000000032014,BACKFILL_AUTO
2026-06-19 13:32:18,1781875938,R_10,4840.514,1,0.068000000000211,BACKFILL_AUTO
2026-06-19 13:32:20,1781875940,R_10,4840.522,1,0.007999999999810825,BACKFILL_AUTO
2026-06-19 13:32:22,1781875942,R_10,4840.392,-1,0.13000000000010914,BACKFILL_AUTO
2026-06-19 13:32:24,1781875944,R_10,4840.445,1,0.052999999999883585,BACKFILL_AUTO
2026-06-19 13:32:26,1781875946,R_10,4840.568,1,0.12300000000050204,BACKFILL_AUTO
2026-06-19 13:32:28,1781875948,R_10,4840.655,1,0.08699999999953434,BACKFILL_AUTO
2026-06-19 13:32:30,1781875950,R_10,4840.894,1,0.2390000000004875,BACKFILL_AUTO
2026-06-19 13:32:32,1781875952,R_10,4841.087,1,0.193000000000211,BACKFILL_AUTO
2026-06-19 13:32:34,1781875954,R_10,4841.11,1,0.02299999999922875,BACKFILL_AUTO
2026-06-19 13:32:36,1781875956,R_10,4841.224,1,0.11400000000048749,BACKFILL_AUTO
2026-06-19 13:32:38,1781875958,R_10,4841.332,1,0.10800000000017462,BACKFILL_AUTO
2026-06-19 13:32:40,1781875960,R_10,4840.96,-1,0.3720000000002983,BACKFILL_AUTO
2026-06-19 13:32:42,1781875962,R_10,4840.85,-1,0.10999999999967258,BACKFILL_AUTO
2026-06-19 13:32:44,1781875964,R_10,4840.737,-1,0.11300000000028376,BACKFILL_AUTO
2026-06-19 13:32:46,1781875966,R_10,4840.55,-1,0.18699999999989814,BACKFILL_AUTO
2026-06-19 13:32:48,1781875968,R_10,4840.572,1,0.021999999999934516,BACKFILL_AUTO
2026-06-19 13:32:50,1781875970,R_10,4840.437,-1,0.13500000000021828,BACKFILL_AUTO
2026-06-19 13:32:52,1781875972,R_10,4840.528,1,0.09100000000034925,BACKFILL_AUTO
2026-06-19 13:32:54,1781875974,R_10,4840.461,-1,0.06700000000000728,BACKFILL_AUTO
2026-06-19 13:32:56,1781875976,R_10,4840.196,-1,0.2650000000003274,BACKFILL_AUTO
2026-06-19 13:32:58,1781875978,R_10,4840.032,-1,0.1639999999997599,BACKFILL_AUTO
2026-06-19 13:33:00,1781875980,R_10,4839.97,-1,0.06199999999989814,BACKFILL_AUTO
2026-06-19 13:33:02,1781875982,R_10,4839.973,1,0.0029999999997016857,BACKFILL_AUTO
2026-06-19 13:33:04,1781875984,R_10,4839.956,-1,0.016999999999825377,BACKFILL_AUTO
2026-06-19 13:33:06,1781875986,R_10,4839.965,1,0.009000000000014552,BACKFILL_AUTO
2026-06-19 13:33:08,1781875988,R_10,4839.902,-1,0.06300000000010186,BACKFILL_AUTO
2026-06-19 13:33:10,1781875990,R_10,4839.927,1,0.024999999999636202,BACKFILL_AUTO
2026-06-19 13:33:12,1781875992,R_10,4840.039,1,0.11200000000008004,BACKFILL_AUTO
2026-06-19 13:33:14,1781875994,R_10,4840.044,1,0.005000000000109139,BACKFILL_AUTO
2026-06-19 13:33:16,1781875996,R_10,4839.875,-1,0.16899999999986903,BACKFILL_AUTO
2026-06-19 13:33:18,1781875998,R_10,4840.043,1,0.1679999999996653,BACKFILL_AUTO
2026-06-19 13:33:20,1781876000,R_10,4840.116,1,0.07300000000032014,BACKFILL_AUTO
2026-06-19 13:33:22,1781876002,R_10,4840.308,1,0.19200000000000728,BACKFILL_AUTO
2026-06-19 13:33:24,1781876004,R_10,4840.31,1,0.0020000000004074536,BACKFILL_AUTO
2026-06-19 13:33:26,1781876006,R_10,4840.374,1,0.0639999999993961,BACKFILL_AUTO
2026-06-19 13:33:28,1781876008,R_10,4840.303,-1,0.07099999999991269,BACKFILL_AUTO
2026-06-19 13:33:30,1781876010,R_10,4840.019,-1,0.28399999999965075,BACKFILL_AUTO
2026-06-19 13:33:32,1781876012,R_10,4840.074,1,0.054999999999381544,BACKFILL_AUTO
2026-06-19 13:33:34,1781876014,R_10,4839.957,-1,0.11699999999927968,BACKFILL_AUTO
2026-06-19 13:33:36,1781876016,R_10,4839.956,-1,0.0010000000002037268,BACKFILL_AUTO
2026-06-19 13:33:38,1781876018,R_10,4840.157,1,0.20100000000002183,BACKFILL_AUTO
2026-06-19 13:33:40,1781876020,R_10,4840.171,1,0.014000000000123691,BACKFILL_AUTO
2026-06-19 13:33:42,1781876022,R_10,4840.071,-1,0.1000000000003638,BACKFILL_AUTO
2026-06-19 13:33:44,1781876024,R_10,4839.987,-1,0.08399999999983265,BACKFILL_AUTO
2026-06-19 13:33:46,1781876026,R_10,4840.097,1,0.10999999999967258,BACKFILL_AUTO
2026-06-19 13:33:48,1781876028,R_10,4840.129,1,0.032000000000152795,BACKFILL_AUTO
2026-06-19 13:33:50,1781876030,R_10,4840.006,-1,0.12299999999959255,BACKFILL_AUTO
2026-06-19 13:33:52,1781876032,R_10,4840.018,1,0.011999999999716238,BACKFILL_AUTO
2026-06-19 13:33:54,1781876034,R_10,4840.063,1,0.04500000000007276,BACKFILL_AUTO
2026-06-19 13:33:56,1781876036,R_10,4840.133,1,0.06999999999970896,BACKFILL_AUTO
2026-06-19 13:33:58,1781876038,R_10,4840.136,1,0.0030000000006111804,BACKFILL_AUTO
2026-06-19 13:34:00,1781876040,R_10,4840.172,1,0.03599999999914871,BACKFILL_AUTO
2026-06-19 13:34:02,1781876042,R_10,4840.278,1,0.10600000000067666,BACKFILL_AUTO
2026-06-19 13:34:04,1781876044,R_10,4840.322,1,0.04399999999986903,BACKFILL_AUTO
2026-06-19 13:34:06,1781876046,R_10,4840.431,1,0.10899999999946886,BACKFILL_AUTO
2026-06-19 13:34:08,1781876048,R_10,4840.422,-1,0.009000000000014552,BACKFILL_AUTO
2026-06-19 13:34:10,1781876050,R_10,4840.397,-1,0.024999999999636202,BACKFILL_AUTO
2026-06-19 13:34:12,1781876052,R_10,4840.333,-1,0.06400000000030559,BACKFILL_AUTO
2026-06-19 13:34:14,1781876054,R_10,4840.556,1,0.22299999999995634,BACKFILL_AUTO
2026-06-19 13:34:16,1781876056,R_10,4840.732,1,0.17600000000038563,BACKFILL_AUTO
2026-06-19 13:34:18,1781876058,R_10,4840.797,1,0.06499999999959982,BACKFILL_AUTO
2026-06-19 13:34:20,1781876060,R_10,4840.667,-1,0.12999999999919964,BACKFILL_AUTO
2026-06-19 13:34:22,1781876062,R_10,4840.56,-1,0.1069999999999709,BACKFILL_AUTO
2026-06-19 13:34:24,1781876064,R_10,4840.82,1,0.2599999999993088,BACKFILL_AUTO
2026-06-19 13:34:26,1781876066,R_10,4840.743,-1,0.07699999999931606,BACKFILL_AUTO
2026-06-19 13:34:28,1781876068,R_10,4840.781,1,0.03799999999955617,BACKFILL_AUTO
2026-06-19 13:34:30,1781876070,R_10,4840.905,1,0.12399999999979627,BACKFILL_AUTO
2026-06-19 13:34:32,1781876072,R_10,4840.983,1,0.07800000000042928,BACKFILL_AUTO
2026-06-19 13:34:34,1781876074,R_10,4840.771,-1,0.21200000000044383,BACKFILL_AUTO
2026-06-19 13:34:36,1781876076,R_10,4840.96,1,0.1890000000003056,BACKFILL_AUTO
2026-06-19 13:34:38,1781876078,R_10,4841.126,1,0.16600000000016735,BACKFILL_AUTO
2026-06-19 13:34:40,1781876080,R_10,4841.027,-1,0.09900000000016007,BACKFILL_AUTO
2026-06-19 13:34:42,1781876082,R_10,4840.961,-1,0.06599999999980355,BACKFILL_AUTO
2026-06-19 13:34:44,1781876084,R_10,4841.032,1,0.07099999999991269,BACKFILL_AUTO
2026-06-19 13:34:46,1781876086,R_10,4841.002,-1,0.02999999999974534,BACKFILL_AUTO
2026-06-19 13:34:48,1781876088,R_10,4841.046,1,0.04399999999986903,BACKFILL_AUTO
2026-06-19 13:34:50,1781876090,R_10,4841.073,1,0.027000000000043656,BACKFILL_AUTO
2026-06-19 13:34:52,1781876092,R_10,4840.862,-1,0.2110000000002401,BACKFILL_AUTO
2026-06-19 13:34:54,1781876094,R_10,4841.208,1,0.3459999999995489,BACKFILL_AUTO
2026-06-19 13:34:56,1781876096,R_10,4841.09,-1,0.11799999999948341,BACKFILL_AUTO
2026-06-19 13:34:58,1781876098,R_10,4840.873,-1,0.21700000000055297,BACKFILL_AUTO
2026-06-19 13:35:00,1781876100,R_10,4840.974,1,0.10100000000056752,BACKFILL_AUTO
2026-06-19 13:35:02,1781876102,R_10,4840.865,-1,0.10900000000037835,BACKFILL_AUTO
2026-06-19 13:35:04,1781876104,R_10,4840.728,-1,0.13699999999971624,BACKFILL_AUTO
2026-06-19 13:35:06,1781876106,R_10,4840.591,-1,0.13699999999971624,BACKFILL_AUTO
2026-06-19 13:35:08,1781876108,R_10,4840.584,-1,0.007000000000516593,BACKFILL_AUTO
2026-06-19 13:35:10,1781876110,R_10,4840.693,1,0.10900000000037835,BACKFILL_AUTO
2026-06-19 13:35:12,1781876112,R_10,4840.682,-1,0.011000000000422006,BACKFILL_AUTO
2026-06-19 13:35:14,1781876114,R_10,4840.744,1,0.06199999999989814,BACKFILL_AUTO
2026-06-19 13:35:16,1781876116,R_10,4840.516,-1,0.22800000000006548,BACKFILL_AUTO
2026-06-19 13:35:18,1781876118,R_10,4840.45,-1,0.06599999999980355,BACKFILL_AUTO
2026-06-19 13:35:20,1781876120,R_10,4840.377,-1,0.07299999999941065,BACKFILL_AUTO
2026-06-19 13:35:22,1781876122,R_10,4840.297,-1,0.08000000000083674,BACKFILL_AUTO
2026-06-19 13:35:24,1781876124,R_10,4840.433,1,0.136000000000422,BACKFILL_AUTO
2026-06-19 13:35:26,1781876126,R_10,4840.288,-1,0.14500000000043656,BACKFILL_AUTO
2026-06-19 13:35:28,1781876128,R_10,4840.218,-1,0.06999999999970896,BACKFILL_AUTO
2026-06-19 13:35:30,1781876130,R_10,4839.974,-1,0.24399999999968713,BACKFILL_AUTO
2026-06-19 13:35:32,1781876132,R_10,4840.094,1,0.11999999999989086,BACKFILL_AUTO
2026-06-19 13:35:34,1781876134,R_10,4840.199,1,0.10499999999956344,BACKFILL_AUTO
2026-06-19 13:35:36,1781876136,R_10,4840.111,-1,0.08799999999973807,BACKFILL_AUTO
2026-06-19 13:35:38,1781876138,R_10,4840.355,1,0.24399999999968713,BACKFILL_AUTO
2026-06-19 13:35:40,1781876140,R_10,4840.35,-1,0.004999999999199645,BACKFILL_AUTO
2026-06-19 13:35:42,1781876142,R_10,4840.41,1,0.05999999999949068,BACKFILL_AUTO
2026-06-19 13:35:44,1781876144,R_10,4840.29,-1,0.11999999999989086,BACKFILL_AUTO
2026-06-19 13:35:46,1781876146,R_10,4840.003,-1,0.28700000000026193,BACKFILL_AUTO
2026-06-19 13:35:48,1781876148,R_10,4840.033,1,0.030000000000654836,BACKFILL_AUTO
2026-06-19 13:35:50,1781876150,R_10,4840.021,-1,0.012000000000625732,BACKFILL_AUTO
2026-06-19 13:35:52,1781876152,R_10,4839.922,-1,0.09900000000016007,BACKFILL_AUTO
2026-06-19 13:35:54,1781876154,R_10,4839.909,-1,0.012999999999919964,BACKFILL_AUTO
2026-06-19 13:35:56,1781876156,R_10,4839.535,-1,0.3739999999997963,BACKFILL_AUTO
2026-06-19 13:35:58,1781876158,R_10,4839.746,1,0.2110000000002401,BACKFILL_AUTO
2026-06-19 13:36:00,1781876160,R_10,4839.592,-1,0.1540000000004511,BACKFILL_AUTO
2026-06-19 13:36:02,1781876162,R_10,4839.453,-1,0.1389999999992142,BACKFILL_AUTO
2026-06-19 13:36:04,1781876164,R_10,4839.508,1,0.054999999999381544,BACKFILL_AUTO
2026-06-19 13:36:06,1781876166,R_10,4839.358,-1,0.1499999999996362,BACKFILL_AUTO
2026-06-19 13:36:08,1781876168,R_10,4839.091,-1,0.2669999999998254,BACKFILL_AUTO
2026-06-19 13:36:10,1781876170,R_10,4838.992,-1,0.09900000000016007,BACKFILL_AUTO
2026-06-19 13:36:12,1781876172,R_10,4839.071,1,0.07899999999972351,BACKFILL_AUTO
2026-06-19 13:36:14,1781876174,R_10,4839.162,1,0.09100000000034925,BACKFILL_AUTO
2026-06-19 13:36:16,1781876176,R_10,4839.355,1,0.1929999999993015,BACKFILL_AUTO
2026-06-19 13:36:18,1781876178,R_10,4839.348,-1,0.006999999999607098,BACKFILL_AUTO
2026-06-19 13:36:20,1781876180,R_10,4839.239,-1,0.10900000000037835,BACKFILL_AUTO
2026-06-19 13:36:22,1781876182,R_10,4839.253,1,0.014000000000123691,BACKFILL_AUTO
2026-06-19 13:36:24,1781876184,R_10,4839.271,1,0.018000000000029104,BACKFILL_AUTO
2026-06-19 13:36:26,1781876186,R_10,4839.305,1,0.03400000000056025,BACKFILL_AUTO
2026-06-19 13:36:28,1781876188,R_10,4839.466,1,0.1610000000000582,BACKFILL_AUTO
2026-06-19 13:36:30,1781876190,R_10,4839.672,1,0.20599999999922147,BACKFILL_AUTO
2026-06-19 13:36:32,1781876192,R_10,4839.53,-1,0.14199999999982538,BACKFILL_AUTO
2026-06-19 13:36:34,1781876194,R_10,4839.378,-1,0.15200000000004366,BACKFILL_AUTO
2026-06-19 13:36:36,1781876196,R_10,4839.384,1,0.006000000000312866,BACKFILL_AUTO
2026-06-19 13:36:38,1781876198,R_10,4839.305,-1,0.07899999999972351,BACKFILL_AUTO
2026-06-19 13:36:40,1781876200,R_10,4839.391,1,0.08599999999933061,BACKFILL_AUTO
2026-06-19 13:36:42,1781876202,R_10,4839.346,-1,0.04500000000007276,BACKFILL_AUTO
2026-06-19 13:36:44,1781876204,R_10,4839.402,1,0.056000000000494765,BACKFILL_AUTO
2026-06-19 13:36:46,1781876206,R_10,4839.419,1,0.016999999999825377,BACKFILL_AUTO
2026-06-19 13:36:48,1781876208,R_10,4839.671,1,0.25200000000040745,BACKFILL_AUTO
2026-06-19 13:36:50,1781876210,R_10,4839.572,-1,0.09900000000016007,BACKFILL_AUTO
2026-06-19 13:36:52,1781876212,R_10,4839.465,-1,0.1069999999999709,BACKFILL_AUTO
2026-06-19 13:36:54,1781876214,R_10,4839.482,1,0.016999999999825377,BACKFILL_AUTO
2026-06-19 13:36:56,1781876216,R_10,4839.461,-1,0.02099999999973079,BACKFILL_AUTO
2026-06-19 13:36:58,1781876218,R_10,4839.352,-1,0.10900000000037835,BACKFILL_AUTO
2026-06-19 13:37:00,1781876220,R_10,4839.432,1,0.07999999999992724,BACKFILL_AUTO
2026-06-19 13:37:02,1781876222,R_10,4839.345,-1,0.08699999999953434,BACKFILL_AUTO
2026-06-19 13:37:04,1781876224,R_10,4839.444,1,0.09900000000016007,BACKFILL_AUTO
2026-06-19 13:37:06,1781876226,R_10,4839.323,-1,0.12100000000009459,BACKFILL_AUTO
2026-06-19 13:37:08,1781876228,R_10,4839.491,1,0.1679999999996653,BACKFILL_AUTO
2026-06-19 13:37:10,1781876230,R_10,4839.615,1,0.12399999999979627,BACKFILL_AUTO
2026-06-19 13:37:12,1781876232,R_10,4839.545,-1,0.06999999999970896,BACKFILL_AUTO
2026-06-19 13:37:14,1781876234,R_10,4839.389,-1,0.15599999999994907,BACKFILL_AUTO
2026-06-19 13:37:16,1781876236,R_10,4839.236,-1,0.15300000000024738,BACKFILL_AUTO
2026-06-19 13:37:18,1781876238,R_10,4839.04,-1,0.1959999999999127,BACKFILL_AUTO
2026-06-19 13:37:20,1781876240,R_10,4839.14,1,0.1000000000003638,BACKFILL_AUTO
2026-06-19 13:37:22,1781876242,R_10,4839.29,1,0.1499999999996362,BACKFILL_AUTO
2026-06-19 13:37:24,1781876244,R_10,4839.279,-1,0.01099999999951251,BACKFILL_AUTO
2026-06-19 13:37:26,1781876246,R_10,4839.339,1,0.05999999999949068,BACKFILL_AUTO
2026-06-19 13:37:28,1781876248,R_10,4839.282,-1,0.056999999999789,BACKFILL_AUTO
2026-06-19 13:37:30,1781876250,R_10,4839.253,-1,0.02900000000045111,BACKFILL_AUTO
2026-06-19 13:37:32,1781876252,R_10,4839.075,-1,0.17799999999988358,BACKFILL_AUTO
2026-06-19 13:37:34,1781876254,R_10,4839.088,1,0.012999999999919964,BACKFILL_AUTO
2026-06-19 13:37:36,1781876256,R_10,4839.006,-1,0.0819999999994252,BACKFILL_AUTO
2026-06-19 13:37:38,1781876258,R_10,4838.972,-1,0.03400000000056025,BACKFILL_AUTO
2026-06-19 13:37:40,1781876260,R_10,4838.749,-1,0.22299999999995634,BACKFILL_AUTO
2026-06-19 13:37:42,1781876262,R_10,4838.649,-1,0.0999999999994543,BACKFILL_AUTO
2026-06-19 13:37:44,1781876264,R_10,4838.516,-1,0.13300000000072032,BACKFILL_AUTO
2026-06-19 13:37:46,1781876266,R_10,4838.63,1,0.11400000000048749,BACKFILL_AUTO
2026-06-19 13:37:48,1781876268,R_10,4838.756,1,0.12600000000020373,BACKFILL_AUTO
2026-06-19 13:37:50,1781876270,R_10,4839.012,1,0.25599999999940337,BACKFILL_AUTO
2026-06-19 13:37:52,1781876272,R_10,4838.949,-1,0.06300000000010186,BACKFILL_AUTO
2026-06-19 13:37:54,1781876274,R_10,4838.924,-1,0.024999999999636202,BACKFILL_AUTO
2026-06-19 13:37:56,1781876276,R_10,4838.818,-1,0.10599999999976717,BACKFILL_AUTO
2026-06-19 13:37:58,1781876278,R_10,4838.842,1,0.023999999999432475,BACKFILL_AUTO
2026-06-19 13:38:00,1781876280,R_10,4839.058,1,0.21600000000034925,BACKFILL_AUTO
2026-06-19 13:38:02,1781876282,R_10,4839.168,1,0.10999999999967258,BACKFILL_AUTO
2026-06-19 13:38:04,1781876284,R_10,4839.201,1,0.03300000000035652,BACKFILL_AUTO
2026-06-19 13:38:06,1781876286,R_10,4839.205,1,0.0039999999999054126,BACKFILL_AUTO
2026-06-19 13:38:08,1781876288,R_10,4839.321,1,0.11599999999998545,BACKFILL_AUTO
2026-06-19 13:38:10,1781876290,R_10,4839.433,1,0.11200000000008004,BACKFILL_AUTO
2026-06-19 13:38:12,1781876292,R_10,4839.327,-1,0.10599999999976717,BACKFILL_AUTO
2026-06-19 13:38:14,1781876294,R_10,4839.317,-1,0.010000000000218279,BACKFILL_AUTO
2026-06-19 13:38:16,1781876296,R_10,4839.23,-1,0.08700000000044383,BACKFILL_AUTO
2026-06-19 13:38:18,1781876298,R_10,4839.417,1,0.18700000000080763,BACKFILL_AUTO
2026-06-19 13:38:20,1781876300,R_10,4839.172,-1,0.24500000000080036,BACKFILL_AUTO
2026-06-19 13:38:22,1781876302,R_10,4839.206,1,0.03400000000056025,BACKFILL_AUTO
2026-06-19 13:38:24,1781876304,R_10,4839.452,1,0.2460000000000946,BACKFILL_AUTO
2026-06-19 13:38:26,1781876306,R_10,4839.578,1,0.12600000000020373,BACKFILL_AUTO
2026-06-19 13:38:28,1781876308,R_10,4839.503,-1,0.0750000000007276,BACKFILL_AUTO
2026-06-19 13:38:30,1781876310,R_10,4839.217,-1,0.2860000000000582,BACKFILL_AUTO
2026-06-19 13:38:32,1781876312,R_10,4839.133,-1,0.08399999999983265,BACKFILL_AUTO
2026-06-19 13:38:34,1781876314,R_10,4839.118,-1,0.014999999999417923,BACKFILL_AUTO
2026-06-19 13:38:36,1781876316,R_10,4839.073,-1,0.04500000000007276,BACKFILL_AUTO
2026-06-19 13:38:38,1781876318,R_10,4838.947,-1,0.12600000000020373,BACKFILL_AUTO
2026-06-19 13:38:40,1781876320,R_10,4838.84,-1,0.1069999999999709,BACKFILL_AUTO
2026-06-19 13:38:42,1781876322,R_10,4838.735,-1,0.10500000000047294,BACKFILL_AUTO
2026-06-19 13:38:44,1781876324,R_10,4838.66,-1,0.0749999999998181,BACKFILL_AUTO
2026-06-19 13:38:46,1781876326,R_10,4838.591,-1,0.06899999999950523,BACKFILL_AUTO
2026-06-19 13:38:48,1781876328,R_10,4838.489,-1,0.10200000000077125,BACKFILL_AUTO
2026-06-19 13:38:50,1781876330,R_10,4838.482,-1,0.006999999999607098,BACKFILL_AUTO
2026-06-19 13:38:52,1781876332,R_10,4838.569,1,0.08700000000044383,BACKFILL_AUTO
2026-06-19 13:38:54,1781876334,R_10,4838.355,-1,0.2140000000008513,BACKFILL_AUTO
2026-06-19 13:38:56,1781876336,R_10,4838.537,1,0.1820000000006985,BACKFILL_AUTO
2026-06-19 13:38:58,1781876338,R_10,4838.718,1,0.18099999999958527,BACKFILL_AUTO
2026-06-19 13:39:00,1781876340,R_10,4838.756,1,0.03800000000046566,BACKFILL_AUTO
2026-06-19 13:39:02,1781876342,R_10,4838.908,1,0.15200000000004366,BACKFILL_AUTO
2026-06-19 13:39:04,1781876344,R_10,4838.986,1,0.07799999999951979,BACKFILL_AUTO
2026-06-19 13:39:06,1781876346,R_10,4839.05,1,0.06400000000030559,BACKFILL_AUTO
2026-06-19 13:39:08,1781876348,R_10,4839.149,1,0.09900000000016007,BACKFILL_AUTO
2026-06-19 13:39:10,1781876350,R_10,4839.168,1,0.018999999999323336,BACKFILL_AUTO
2026-06-19 13:39:12,1781876352,R_10,4839.161,-1,0.006999999999607098,BACKFILL_AUTO
2026-06-19 13:39:14,1781876354,R_10,4839.081,-1,0.07999999999992724,BACKFILL_AUTO
2026-06-19 13:39:16,1781876356,R_10,4838.981,-1,0.1000000000003638,BACKFILL_AUTO
2026-06-19 13:39:18,1781876358,R_10,4839.027,1,0.046000000000276486,BACKFILL_AUTO
2026-06-19 13:39:20,1781876360,R_10,4839.062,1,0.03499999999985448,BACKFILL_AUTO
2026-06-19 13:39:22,1781876362,R_10,4838.877,-1,0.18499999999949068,BACKFILL_AUTO
2026-06-19 13:39:24,1781876364,R_10,4839.023,1,0.1459999999997308,BACKFILL_AUTO
2026-06-19 13:39:26,1781876366,R_10,4838.981,-1,0.042000000000371074,BACKFILL_AUTO
2026-06-19 13:39:28,1781876368,R_10,4838.908,-1,0.07299999999941065,BACKFILL_AUTO
2026-06-19 13:39:30,1781876370,R_10,4838.843,-1,0.06500000000050932,BACKFILL_AUTO
2026-06-19 13:39:32,1781876372,R_10,4838.797,-1,0.046000000000276486,BACKFILL_AUTO
2026-06-19 13:39:34,1781876374,R_10,4838.616,-1,0.18099999999958527,BACKFILL_AUTO
2026-06-19 13:39:36,1781876376,R_10,4838.624,1,0.007999999999810825,BACKFILL_AUTO
2026-06-19 13:39:38,1781876378,R_10,4838.655,1,0.03099999999994907,BACKFILL_AUTO
2026-06-19 13:39:40,1781876380,R_10,4838.553,-1,0.10199999999986176,BACKFILL_AUTO
2026-06-19 13:39:42,1781876382,R_10,4838.645,1,0.09200000000055297,BACKFILL_AUTO
2026-06-19 13:39:44,1781876384,R_10,4838.58,-1,0.06500000000050932,BACKFILL_AUTO
2026-06-19 13:39:46,1781876386,R_10,4838.642,1,0.06199999999989814,BACKFILL_AUTO
2026-06-19 13:39:48,1781876388,R_10,4838.886,1,0.24400000000059663,BACKFILL_AUTO
2026-06-19 13:39:50,1781876390,R_10,4838.987,1,0.10099999999965803,BACKFILL_AUTO
2026-06-19 13:39:52,1781876392,R_10,4839.082,1,0.09500000000025466,BACKFILL_AUTO
2026-06-19 13:39:54,1781876394,R_10,4839.134,1,0.05199999999967986,BACKFILL_AUTO
2026-06-19 13:39:56,1781876396,R_10,4839.032,-1,0.10199999999986176,BACKFILL_AUTO
2026-06-19 13:39:58,1781876398,R_10,4838.905,-1,0.12700000000040745,BACKFILL_AUTO
2026-06-19 13:40:00,1781876400,R_10,4838.889,-1,0.01599999999962165,BACKFILL_AUTO
2026-06-19 13:40:02,1781876402,R_10,4838.877,-1,0.011999999999716238,BACKFILL_AUTO
2026-06-19 13:40:04,1781876404,R_10,4838.83,-1,0.04700000000048021,BACKFILL_AUTO
2026-06-19 13:40:06,1781876406,R_10,4839.105,1,0.2749999999996362,BACKFILL_AUTO
2026-06-19 13:40:08,1781876408,R_10,4839.222,1,0.11700000000018917,BACKFILL_AUTO
2026-06-19 13:40:10,1781876410,R_10,4839.241,1,0.01900000000023283,BACKFILL_AUTO
2026-06-19 13:40:12,1781876412,R_10,4839.167,-1,0.07399999999961437,BACKFILL_AUTO
2026-06-19 13:40:14,1781876414,R_10,4838.991,-1,0.17600000000038563,BACKFILL_AUTO
2026-06-19 13:40:16,1781876416,R_10,4838.88,-1,0.11099999999987631,BACKFILL_AUTO
2026-06-19 13:40:18,1781876418,R_10,4839.124,1,0.24399999999968713,BACKFILL_AUTO
2026-06-19 13:40:20,1781876420,R_10,4838.98,-1,0.14400000000023283,BACKFILL_AUTO
2026-06-19 13:40:22,1781876422,R_10,4838.897,-1,0.08299999999962893,BACKFILL_AUTO
2026-06-19 13:40:24,1781876424,R_10,4838.803,-1,0.09400000000005093,BACKFILL_AUTO
2026-06-19 13:40:26,1781876426,R_10,4838.794,-1,0.009000000000014552,BACKFILL_AUTO
2026-06-19 13:40:28,1781876428,R_10,4838.901,1,0.1069999999999709,BACKFILL_AUTO
2026-06-19 13:40:30,1781876430,R_10,4838.791,-1,0.10999999999967258,BACKFILL_AUTO
2026-06-19 13:40:32,1781876432,R_10,4838.645,-1,0.1459999999997308,BACKFILL_AUTO
2026-06-19 13:40:34,1781876434,R_10,4838.614,-1,0.031000000000858563,BACKFILL_AUTO
2026-06-19 13:40:36,1781876436,R_10,4838.721,1,0.1069999999999709,BACKFILL_AUTO
2026-06-19 13:40:38,1781876438,R_10,4838.66,-1,0.06099999999969441,BACKFILL_AUTO
2026-06-19 13:40:40,1781876440,R_10,4838.633,-1,0.027000000000043656,BACKFILL_AUTO
2026-06-19 13:40:42,1781876442,R_10,4838.679,1,0.046000000000276486,BACKFILL_AUTO
2026-06-19 13:40:44,1781876444,R_10,4838.662,-1,0.016999999999825377,BACKFILL_AUTO
2026-06-19 13:40:46,1781876446,R_10,4838.738,1,0.07600000000002183,BACKFILL_AUTO
2026-06-19 13:40:48,1781876448,R_10,4838.634,-1,0.10400000000026921,BACKFILL_AUTO
2026-06-19 13:40:50,1781876450,R_10,4838.542,-1,0.09199999999964348,BACKFILL_AUTO
2026-06-19 13:40:52,1781876452,R_10,4838.697,1,0.15499999999974534,BACKFILL_AUTO
2026-06-19 13:40:54,1781876454,R_10,4838.842,1,0.14499999999952706,BACKFILL_AUTO
2026-06-19 13:40:56,1781876456,R_10,4838.551,-1,0.29099999999925785,BACKFILL_AUTO
2026-06-19 13:40:58,1781876458,R_10,4838.418,-1,0.13300000000072032,BACKFILL_AUTO
2026-06-19 13:41:00,1781876460,R_10,4838.526,1,0.10800000000017462,BACKFILL_AUTO
2026-06-19 13:41:02,1781876462,R_10,4838.443,-1,0.08299999999962893,BACKFILL_AUTO
2026-06-19 13:41:04,1781876464,R_10,4838.672,1,0.22899999999935972,BACKFILL_AUTO
2026-06-19 13:41:06,1781876466,R_10,4838.718,1,0.046000000000276486,BACKFILL_AUTO
2026-06-19 13:41:08,1781876468,R_10,4838.68,-1,0.03799999999955617,BACKFILL_AUTO
2026-06-19 13:41:10,1781876470,R_10,4838.729,1,0.04899999999997817,BACKFILL_AUTO
2026-06-19 13:41:12,1781876472,R_10,4838.737,1,0.007999999999810825,BACKFILL_AUTO
2026-06-19 13:41:14,1781876474,R_10,4838.777,1,0.03999999999996362,BACKFILL_AUTO
2026-06-19 13:41:16,1781876476,R_10,4838.857,1,0.07999999999992724,BACKFILL_AUTO
2026-06-19 13:41:18,1781876478,R_10,4838.838,-1,0.01900000000023283,BACKFILL_AUTO
2026-06-19 13:41:20,1781876480,R_10,4838.788,-1,0.0500000000001819,BACKFILL_AUTO
2026-06-19 13:41:22,1781876482,R_10,4839.087,1,0.29900000000088767,BACKFILL_AUTO
2026-06-19 13:41:24,1781876484,R_10,4839.232,1,0.14499999999952706,BACKFILL_AUTO
2026-06-19 13:41:26,1781876486,R_10,4839.145,-1,0.08699999999953434,BACKFILL_AUTO
2026-06-19 13:41:28,1781876488,R_10,4838.945,-1,0.2000000000007276,BACKFILL_AUTO
2026-06-19 13:41:30,1781876490,R_10,4838.851,-1,0.09400000000005093,BACKFILL_AUTO
2026-06-19 13:41:32,1781876492,R_10,4838.731,-1,0.11999999999989086,BACKFILL_AUTO
2026-06-19 13:41:34,1781876494,R_10,4838.652,-1,0.07899999999972351,BACKFILL_AUTO
2026-06-19 13:41:36,1781876496,R_10,4838.796,1,0.14400000000023283,BACKFILL_AUTO
2026-06-19 13:41:38,1781876498,R_10,4838.651,-1,0.14500000000043656,BACKFILL_AUTO
2026-06-19 13:41:40,1781876500,R_10,4838.544,-1,0.1069999999999709,BACKFILL_AUTO
2026-06-19 13:41:42,1781876502,R_10,4838.61,1,0.06599999999980355,BACKFILL_AUTO
2026-06-19 13:41:44,1781876504,R_10,4838.868,1,0.2580000000007203,BACKFILL_AUTO
2026-06-19 13:41:46,1781876506,R_10,4838.837,-1,0.03099999999994907,BACKFILL_AUTO
2026-06-19 13:41:48,1781876508,R_10,4838.764,-1,0.07300000000032014,BACKFILL_AUTO
2026-06-19 13:41:50,1781876510,R_10,4838.578,-1,0.1859999999996944,BACKFILL_AUTO
2026-06-19 13:41:52,1781876512,R_10,4838.681,1,0.10299999999915599,BACKFILL_AUTO
2026-06-19 13:41:54,1781876514,R_10,4838.716,1,0.035000000000763976,BACKFILL_AUTO
2026-06-19 13:41:56,1781876516,R_10,4838.827,1,0.11099999999987631,BACKFILL_AUTO
2026-06-19 13:41:58,1781876518,R_10,4839.089,1,0.26199999999971624,BACKFILL_AUTO
2026-06-19 13:42:00,1781876520,R_10,4839.092,1,0.0029999999997016857,BACKFILL_AUTO
2026-06-19 13:42:02,1781876522,R_10,4839.097,1,0.005000000000109139,BACKFILL_AUTO
2026-06-19 13:42:04,1781876524,R_10,4839.194,1,0.09700000000066211,BACKFILL_AUTO
2026-06-19 13:42:06,1781876526,R_10,4838.997,-1,0.19700000000011642,BACKFILL_AUTO
2026-06-19 13:42:08,1781876528,R_10,4839.063,1,0.06599999999980355,BACKFILL_AUTO
2026-06-19 13:42:10,1781876530,R_10,4838.82,-1,0.2430000000003929,BACKFILL_AUTO
2026-06-19 13:42:12,1781876532,R_10,4838.836,1,0.016000000000531145,BACKFILL_AUTO
